5.679600 -8.584607 0.715708 -11.521299 -12.099862 1.833579 -1.158178 7.040422 -1.170542 3.892868 1.700160 -1.610355 4.917859 1.133915 -2.781851 0
8.027960 4.118513 2.785026 2.583075 3.840233 5.557028 5.652765 0.382220 2.075410 5.516263 -1.589000 3.219471 5.208643 2.102824 -4.385204 1
4.099287 2.631506 -0.257014 4.890511 4.532307 2.684364 1.506538 5.921247 1.297084 -0.294179 1.995524 -0.886981 -0.618951 -0.382931 -4.663143 0
7.613237 5.271244 5.836916 4.045229 3.665663 3.882131 6.622991 1.275277 -0.820475 -2.818016 -1.011105 7.966194 8.763319 7.575414 8.915266 1
9.735355 8.780901 -0.552527 3.289141 3.074142 6.009620 6.074837 7.003799 1.579728 -1.816396 -0.920905 14.890832 16.395449 3.252804 4.879582 0
6.628626 7.620657 5.717830 5.082913 3.887256 6.229272 6.805146 3.085252 4.551869 3.612675 15.104872 25.574376 -2.518504 6.690074 0.815517 1
9.484496 5.282686 5.441478 3.710788 3.806059 6.913084 5.415999 1.304957 0.980272 -1.454976 1.166557 8.064095 6.581999 4.857950 8.790406 0
1.366201 2.371499 5.263538 2.278580 -8.937046 -2.872816 -2.037050 8.157531 2.379603 3.133959 3.092957 5.175479 -6.909462 4.165090 0.961283 1
3.628862 2.934387 0.748994 3.784396 -1.404001 -4.443377 34.544806 8.122577 1.716520 5.548322 1.703479 -7.100697 -0.111288 9.873183 7.475153 0
7.779973 8.062556 5.420941 4.302809 3.524618 6.582393 4.094238 -1.451157 2.171730 -1.818880 0.129428 3.420116 6.900813 5.917982 7.079558 1
-0.166864 6.020059 0.220812 1.281571 -8.950645 -8.789606 1.072494 4.266244 0.657169 -0.732452 3.572157 3.611581 5.836975 3.274108 -3.057867 0
5.559413 4.517742 4.847978 3.538016 2.549792 5.527770 4.634581 -1.682630 0.777952 2.019423 0.350044 5.669844 9.079249 5.852046 5.177993 1
5.150139 5.640557 0.282936 5.378690 10.791580 -6.646855 -4.329219 6.144619 -1.331076 -1.397117 3.741884 0.744159 3.276211 -0.790774 11.112296 0
7.685345 6.320128 6.385501 3.804823 6.120244 5.119052 6.018799 2.192999 10.640282 0.353936 0.959893 8.042344 8.557801 12.055830 8.694665 1
2.496865 2.066127 -2.937466 -15.884766 -0.460592 -6.475166 3.441887 4.508592 1.088566 -1.669902 -0.238286 5.024872 -22.642730 19.829751 16.654269 0
6.642431 6.414775 5.520366 2.990382 3.684064 5.460062 4.075633 1.085025 2.454737 -15.846526 4.295573 8.977569 4.589175 7.984426 1.970277 1
3.958948 1.031298 -5.267212 -1.849951 -2.307258 -3.897886 3.479535 6.845903 -1.195061 1.961930 -3.277221 4.519833 -3.733128 -0.879230 8.174439 0
8.222774 5.928340 7.183440 4.156929 3.652994 4.765660 5.442415 3.728476 -0.773290 -3.061329 3.062290 5.094016 12.290972 0.222768 14.604606 1
3.637717 0.569984 -6.753571 0.376501 -1.557931 4.247357 7.963929 3.918670 -0.894640 1.115387 0.951916 2.028264 -7.270704 -1.862338 -4.411896 0
8.723075 5.863691 7.162415 3.428469 3.102475 5.273283 4.546967 -0.027066 -0.702861 -3.034690 1.695623 6.135054 13.899034 6.104706 6.153477 1
6.971692 5.192157 -0.892441 -3.072822 -2.979262 7.872092 0.524480 6.139449 0.683107 4.984968 4.989170 1.823517 5.975467 3.236843 2.648698 0
8.625260 4.823167 6.414865 4.140697 3.365359 3.504865 5.502902 3.550614 -2.245313 -2.295544 -0.013301 4.510387 13.246887 6.926794 16.218477 1
5.794290 -1.942065 -1.796921 -2.250561 16.515943 0.021107 1.670016 6.334232 0.806269 5.059904 2.305183 3.531215 0.675932 -0.330230 -5.287438 0
8.265788 9.313256 5.768679 4.847162 3.103586 4.504742 6.074975 1.940000 2.253075 -2.357491 -0.504931 8.234925 9.856053 5.611759 8.179591 1
4.403148 6.054793 2.162246 10.192129 -10.987521 18.959993 0.883361 6.426673 -1.003536 2.710909 2.887138 4.955891 9.286678 6.392001 -0.555944 0
7.626507 8.164187 6.682426 4.865149 4.194327 4.609185 5.169697 1.855175 -0.215228 -1.081002 3.629257 8.638126 -2.076124 8.902340 12.121320 1
5.009986 1.996612 -2.065618 -3.845183 -8.180966 -0.259864 9.065615 7.658320 1.048094 0.827280 7.456784 -4.414530 -0.149465 4.445691 5.228652 0
8.355255 6.406010 7.613091 4.086349 3.615165 4.498811 6.442368 3.201457 -0.755963 -1.793603 1.943826 6.082992 10.691136 9.678617 16.589114 1
1.791503 -2.810461 -3.386357 1.738460 5.214710 -2.500321 3.525905 8.604267 -3.630905 1.591859 2.564515 2.616368 -2.745709 -11.858939 9.686293 0
5.243592 3.283263 1.219654 1.574573 1.644450 2.566995 3.841633 -1.258443 -5.465837 -4.917504 1.381129 2.562342 3.701668 3.464514 2.559760 1
-0.041476 -3.843075 -5.886496 -11.051808 6.340880 0.282412 6.979525 5.699261 -3.730030 0.152152 3.544351 -0.865745 -14.037671 1.163843 -0.438269 0
5.309510 3.113407 0.926925 2.072028 2.034574 6.280114 4.538764 -1.019515 -3.482739 -2.328774 -1.455317 4.144486 -0.026212 3.845996 16.521501 1
2.958227 -3.156643 -3.278891 -9.968566 7.459068 -1.812578 -0.084711 6.464175 -1.869053 1.503250 1.000317 -6.974359 7.207400 -3.974288 -3.525100 0
5.275916 3.483067 1.831949 1.126324 2.146701 1.632739 3.053187 -0.386362 -5.918881 -3.968710 0.095982 3.822879 3.861872 0.406401 3.686531 1
0.883150 -4.310887 -0.558333 2.799738 1.104468 -3.247114 1.531475 6.945381 -2.186712 0.673274 1.578131 2.996120 3.417039 -4.783588 -5.564367 0
5.402587 3.908241 2.103818 3.101059 2.364254 2.422302 3.693925 0.353486 -4.040009 -2.643223 -2.723487 0.179002 4.572322 5.044473 4.891238 1
-0.108631 -3.126200 -3.242430 15.086915 3.289432 0.375778 2.652513 -3.322397 -2.768868 0.933781 3.345935 3.434581 1.942608 0.536184 -2.182869 0
5.400233 4.725666 -0.089398 1.922550 2.034943 2.483967 4.787280 -0.855085 -5.427844 -0.517894 -1.414466 2.259996 3.184444 8.608459 3.678187 1
1.404012 -2.519768 -4.245230 13.119786 -0.861604 2.261465 6.064589 -9.691580 -1.916607 0.600372 2.859358 2.776477 1.616595 -3.315049 -4.559705 0
6.601620 3.348522 1.094892 2.595332 2.414520 2.574063 4.505574 2.394622 -5.359468 -3.638893 -0.118532 2.995308 4.001525 -1.199208 3.475376 1
-0.397478 -1.980574 -5.295193 -2.196955 -2.364245 -1.385738 8.102782 3.403010 -3.858060 1.808822 3.552054 4.841848 -1.581959 1.033570 2.911327 0
5.822792 3.400652 2.364565 2.480361 2.338159 2.125104 4.642507 -0.265755 -3.774553 -4.381254 2.256136 3.999880 5.968206 6.482899 10.361463 1
-1.684951 -0.298966 -3.080062 -5.441307 0.736502 -1.250236 14.691756 4.070035 -1.907406 0.468293 7.458893 3.064599 0.363411 9.069691 7.455746 0
5.469858 1.072403 1.784346 2.598573 2.120425 1.816168 4.905173 0.006512 -5.442116 -1.437792 0.459958 -2.456080 11.835037 6.016966 0.792267 1
2.906347 0.189844 -2.286211 -0.277372 1.574819 -1.160457 1.067480 5.073661 -2.606426 0.181817 4.306612 2.134271 -4.027378 8.278520 -3.910576 0
5.280040 2.555494 2.061339 1.880826 1.174369 2.166610 6.516069 -1.162874 -4.613025 -2.100258 0.919885 7.922524 1.217642 4.338771 -0.981240 1
-0.542118 -2.626331 2.617240 6.287988 1.652262 25.119912 -1.355544 4.226875 -2.506323 -0.356582 5.343637 3.173744 19.220925 -11.377016 9.471830 0
6.459876 7.658157 0.069609 1.502497 2.013982 3.361131 5.231177 -0.556213 -4.135560 -3.260052 0.756441 5.547281 4.833812 6.294992 10.594370 1
0.935536 -1.930801 7.992982 0.127869 -1.723440 -6.446253 -0.292754 -5.412495 0.432644 -1.773967 0.085504 -2.826371 -0.072941 -1.042221 0.096611 0
4.420884 4.303875 1.085083 2.128134 1.657011 4.943134 5.046060 -0.892129 -4.058277 -2.643612 -2.887102 4.641136 7.216425 6.247456 4.814193 1
2.425882 -1.780516 -0.862551 -0.012232 5.460274 16.001581 0.707016 6.189850 -1.581238 3.593246 1.245261 10.425634 -10.261176 1.327345 9.998140 0
6.837738 3.630942 1.712112 2.234678 2.320726 3.971379 1.168201 -1.133971 -6.650094 -5.927617 -1.576317 3.491254 7.417310 7.466280 5.479760 1
0.179812 -0.907317 -0.159281 5.422591 7.535543 3.503650 0.891618 7.558317 -1.126975 1.434637 2.696991 3.441218 1.347075 -0.386348 7.954129 0
5.078115 3.244854 1.901576 2.294916 1.209037 5.138096 4.810605 -1.242794 -3.775811 -0.601530 -1.679879 2.161776 3.182642 0.942078 1.327640 1
2.341693 -3.919130 -1.986801 -10.380177 8.635082 -6.855245 2.848411 25.953882 -1.773827 0.808137 2.090396 1.545205 -3.714224 2.210051 1.523916 0
7.210437 3.095128 1.631175 1.835755 2.049909 1.251465 1.970401 0.985933 -5.647089 -4.778688 1.605087 1.244856 6.266108 6.645531 0.968134 1
-1.100883 -4.787911 -1.143123 -5.918977 -1.879780 4.483628 -2.606793 5.951905 -1.755093 0.759033 5.724144 12.054929 0.744716 -17.884577 0.992159 0
6.230036 3.001959 3.064426 -1.939836 2.699063 2.115809 0.897807 -0.910559 -5.998439 -6.914229 -0.645805 2.706975 5.900469 5.169035 -7.786402 1
0.715083 -4.376628 -6.038168 -0.729973 0.630195 4.619006 5.501682 4.664457 -0.829643 -0.024841 2.501505 4.685936 0.451323 4.124467 16.051962 0
5.994258 4.919375 1.775643 2.304238 1.879760 3.284788 3.730384 -0.216818 -5.005291 -1.819747 0.984880 3.200857 3.233365 -0.442871 1.263143 1
-1.623954 -5.003483 -5.664747 -1.545218 0.019632 -6.701516 3.526571 3.850154 0.066968 -1.475435 -7.787360 -0.227830 -18.059058 11.665875 -5.104537 0
6.544072 2.776671 1.412258 -1.028961 1.787944 1.825885 1.566163 -1.991772 -5.280945 -5.250770 1.422466 4.081699 1.887628 9.500776 1.544187 1
-0.921892 -14.328800 1.672259 -8.935112 -0.419673 0.936374 2.681897 7.284486 -0.201409 0.395964 0.052853 3.838598 4.047010 5.238777 4.255622 0
5.474536 4.323100 2.227456 -2.152366 3.046464 3.138257 2.836336 0.110625 -5.179533 -4.177941 -0.661647 1.600056 6.076802 5.129359 4.523380 1
5.335205 5.062584 2.823157 4.113439 2.821350 2.591288 2.733554 -0.186801 -4.850384 -2.036910 -4.815383 2.499807 2.019153 5.128619 -8.146192 0
1.330268 -10.121616 -6.034615 -3.824280 -1.988909 19.019564 1.594882 -0.779290 3.160057 1.543968 9.909002 -4.326668 0.897488 2.669030 -5.088767 1
-0.592508 -4.503188 -2.785985 -1.375763 2.070499 4.999790 8.975572 4.550169 -0.088413 -2.451051 -1.150074 0.555283 -5.328477 -0.134018 4.271323 0
6.604483 2.801818 2.149229 0.096158 1.461702 2.699678 2.039541 -0.313345 -5.942728 -3.783103 2.758716 2.110945 4.801782 2.142299 2.704135 1
-0.126825 -1.181955 -3.944256 -0.146156 2.090431 -7.074668 -2.195050 5.626349 -2.295597 1.496511 3.826519 -7.312361 -3.902286 -8.523207 3.762074 0
6.648392 4.367865 2.384143 2.665061 2.966650 1.634033 2.933708 1.935008 -5.269564 -1.871952 0.161529 -2.953638 3.246042 0.190714 6.741533 1
-0.670623 -3.487853 -0.897415 -1.388193 0.483805 -0.778641 0.218357 6.345585 -0.794542 -3.780528 1.043878 -1.833639 -3.967683 -5.816456 -2.283934 0
6.740907 3.573795 2.327709 2.400734 2.542776 3.559861 1.857502 -0.269087 -5.737221 -6.597195 -0.403007 4.093826 5.095676 2.315922 12.635579 1
-2.221071 -2.947766 -5.949988 6.160705 -1.024022 1.794704 -27.667862 7.401681 3.762439 2.084267 1.755262 6.031530 2.951503 -0.049624 2.216182 0
4.726227 4.106352 2.855963 6.377144 3.211606 3.298736 1.161074 0.667987 -5.450655 -1.638355 4.984698 6.182170 2.777009 -0.935443 -2.097209 1
5.200624 3.885225 1.720263 4.797844 -15.367519 3.614554 2.691718 6.354409 2.272333 6.729872 2.551733 11.829181 5.010350 -1.135968 6.848582 0
6.293719 5.943443 4.218734 3.976657 4.495327 5.191503 5.785596 1.697045 0.232999 0.383638 1.688226 5.347991 6.535442 7.952468 8.320725 1
7.272300 6.002351 3.730512 15.963240 -8.523867 8.392390 1.505110 9.360349 4.497927 8.059189 5.618268 -0.590539 -3.007761 4.472718 2.441396 0
6.867013 5.291251 4.945336 4.286651 4.231550 6.018707 5.832296 1.411139 0.881257 -1.370380 -0.154643 8.023661 10.220925 11.202174 7.057503 1
6.059123 5.267627 3.915215 10.942747 -5.323953 -0.747744 1.195553 7.862994 5.031013 4.930837 9.414516 4.006683 2.715548 5.008647 8.852105 0
6.580908 7.087031 5.915135 4.159755 4.646641 7.242165 8.116287 2.584338 2.159255 2.018977 1.207869 5.815687 7.159888 5.346460 5.079489 1
7.494804 6.696954 3.611000 6.154306 -7.652117 -2.301470 2.253216 6.725548 3.010203 6.726353 5.731323 6.689023 2.481978 5.275508 -0.149948 0
7.486432 6.362235 4.870658 4.393515 6.390074 5.841330 6.374463 4.551705 1.982051 -1.443177 1.523414 7.992639 6.098056 9.673656 7.175312 1
7.566129 8.646418 1.833153 -1.579967 -11.501542 1.174065 6.865614 6.038577 6.500662 5.487996 3.209659 7.426131 -7.694829 3.274361 10.192991 0
8.156726 5.731660 3.966180 4.957362 5.990996 5.965908 4.084779 0.707809 0.602043 -0.766199 -1.637050 6.719014 5.759379 4.253865 4.782342 1
6.132346 5.486162 4.807973 5.977377 -18.723249 -1.102499 2.665377 6.514139 4.418544 5.846874 5.419668 3.756885 0.999170 3.763583 5.278010 0
6.592053 6.105597 4.276452 4.446297 6.085073 6.115808 5.204576 3.810873 -0.473625 -0.245741 -0.623196 6.422774 5.685794 10.340936 8.812329 1
6.302215 7.327325 1.020052 13.516333 -4.280945 1.499332 1.777650 8.643685 1.715165 5.202117 7.491532 7.540251 -0.686366 2.365419 -4.976776 0
5.828510 5.852576 4.499063 3.885408 6.132426 6.323078 4.176185 3.197307 -0.929589 -1.716889 4.757952 4.992146 5.266720 9.170973 11.292944 1
8.279852 6.187478 3.050741 14.087773 -24.063639 -3.188348 3.266193 0.812678 2.850032 9.662944 4.225173 5.480311 3.915876 11.476341 11.779469 0
8.787861 5.678831 4.201742 3.941689 4.880783 7.508745 8.327748 8.425919 4.117609 -0.974672 0.905582 5.419779 6.432307 5.127082 1.358301 1
7.982809 7.523838 7.535288 8.771529 -6.688456 1.518060 0.485621 8.638556 3.683021 7.408858 6.363942 6.650584 2.970459 5.891663 5.696096 0
7.324718 5.946593 4.819022 4.907161 5.714980 5.412110 4.932025 3.788378 0.961735 -2.407327 2.039998 6.638998 6.606771 5.989942 8.642129 1
8.198346 6.535248 2.179669 11.231819 -3.331419 0.436589 2.302020 7.754815 3.111060 5.308121 6.139372 4.139565 1.431576 3.244164 6.649294 0
7.318562 5.241715 5.182038 3.770876 3.953649 5.531330 11.359186 5.340641 3.714400 -2.047777 3.538117 20.402004 11.559690 7.912605 4.137741 1
6.343503 7.233631 7.139585 17.604680 -8.764031 -10.675625 4.474722 2.349495 5.105523 8.175468 4.143593 10.205232 2.470365 4.534188 18.230695 0
6.678798 7.789328 5.928938 3.536195 4.086060 6.886527 12.966471 3.994137 2.282958 -4.811278 2.761077 8.370707 13.335756 8.859115 7.779324 1
8.647158 4.869468 3.091875 7.264294 5.656089 -2.020068 7.834054 9.417727 3.068633 9.289575 6.143608 8.925318 -1.735514 5.300918 -7.282831 0
7.382126 13.175381 5.600424 5.113788 4.549488 6.524590 10.744889 3.199526 1.236049 -1.478615 4.018303 4.350912 6.419558 2.445926 -0.179668 1
8.669287 8.382837 14.340970 5.146980 2.912870 0.089491 -0.959728 7.582809 5.718615 6.052234 1.426355 8.400610 16.954709 8.959095 -2.966436 0
2.638646 4.660162 3.510706 4.975020 4.233406 4.974160 2.576876 1.510000 0.685641 -0.877607 4.407386 1.975445 16.594807 4.167624 -1.949419 1
5.727308 7.289951 6.242898 14.394318 -10.768848 2.440046 4.158781 7.790591 4.184170 7.756393 8.255084 5.326211 0.756815 2.169864 4.453065 0
6.827893 8.248880 4.281732 3.633190 4.722328 3.669161 5.365125 3.467924 1.471667 -4.159159 2.141544 7.367976 8.643192 2.762893 7.013494 1
6.288183 -4.163107 -8.188940 2.979692 1.849540 14.759838 0.129984 7.238562 8.117704 0.968830 0.335028 4.573333 4.524496 2.540136 0.559430 0
5.087870 3.693921 4.168474 5.318532 3.482630 0.949990 -1.771019 -2.708167 5.265331 5.797254 5.120154 4.739328 -2.613207 2.857118 9.449009 1
3.327062 5.388724 3.556309 14.579540 -5.057278 -5.083867 10.353642 14.995767 6.263369 8.653272 5.884765 4.073905 -0.148038 11.407527 5.669296 0
7.428433 -6.412361 4.659852 4.707927 4.166437 2.041669 7.404038 2.551678 -5.106887 0.466443 5.740877 18.907662 5.420413 10.040675 30.514017 1
6.816394 1.512961 3.549049 8.796179 17.984513 -7.886908 -0.696643 7.776478 -1.859581 10.364492 1.905229 3.636343 7.543342 13.050866 -2.244569 0
7.451945 8.914545 9.624810 -2.309177 4.135732 7.233725 12.747315 3.253097 4.969753 -2.126317 0.822309 14.970144 11.145939 9.649317 0.116200 1
6.639981 2.773405 5.624154 -2.777632 7.922999 -12.349596 5.503946 12.055268 -4.232922 6.118357 2.270873 -1.860124 4.712996 0.853687 -4.086409 0
4.584332 4.422479 5.938348 4.275398 4.139773 5.414835 8.939265 3.343211 0.111352 -4.907224 -0.723808 0.917808 -12.637991 -7.054962 -8.880976 1
11.348547 5.678058 9.343566 10.931107 -2.371457 4.748536 4.807764 9.571835 5.518157 4.613670 4.219953 -6.702007 13.980060 11.605987 -8.477723 0
8.974057 4.767024 1.530581 6.939968 4.100273 7.060461 8.953662 4.031359 -0.914451 4.326192 -4.014492 1.155442 0.942869 3.284492 -2.522246 1
-3.623464 13.264936 0.434701 -1.785515 -0.482660 -1.087589 5.360477 1.446768 19.670030 5.900801 3.775498 -1.591897 3.145151 5.968879 -2.099953 0
11.630432 9.623345 7.564219 5.333200 4.796740 11.840266 5.956642 10.072112 5.562407 6.835802 5.413412 -4.534680 5.640617 1.097356 1.143416 1
5.788318 7.775938 3.893063 0.485135 -6.443807 7.238582 7.522100 5.958465 2.938349 4.251424 11.168164 -7.354088 13.374390 1.169626 10.375947 0
6.746179 5.777562 5.716912 4.012194 4.610434 7.250387 11.908852 4.562241 1.810790 0.340890 2.771351 3.968549 6.668167 1.926410 2.916370 1
8.066560 8.943463 5.423450 10.217208 -7.360521 9.060804 1.848382 6.167315 -11.401338 8.998119 11.224467 -7.831339 -3.727143 -0.659785 -4.837684 0
7.853161 6.629984 4.950888 17.286042 4.923180 7.002422 9.677769 6.888143 6.340252 -2.710944 1.645729 8.499819 2.200446 -2.988904 1.597255 1
