0 -0.002459 
1 -0.002016 
2 -0.000907 
3 0.000129 
4 0.001005 
5 0.001780 
6 0.002335 
7 0.002289 
8 0.001426 
9 -0.000010 
10 -0.001329 
11 -0.002008 
12 -0.001844 
13 -0.000940 
14 0.000271 
15 0.001106 
16 0.001512 
17 0.001716 
18 0.001418 
19 0.000414 
20 -0.000575 
21 -0.000917 
22 -0.000794 
23 -0.000545 
24 -0.000099 
25 0.000465 
26 0.000825 
27 0.000976 
28 0.000885 
29 0.000347 
30 -0.000180 
31 -0.000222 
32 -0.000018 
33 0.000126 
34 0.000295 
35 0.000442 
36 0.000431 
37 0.000256 
38 -0.000060 
39 -0.000254 
40 -0.000167 
41 0.000059 
42 0.000370 
43 0.000748 
44 0.000778 
45 0.000441 
46 0.000336 
47 0.000649 
48 0.000608 
49 -0.000045 
50 -0.000618 
51 -0.000593 
52 -0.000153 
53 0.000107 
54 0.000154 
55 0.000357 
56 0.000670 
57 0.000908 
58 0.001199 
59 0.001746 
60 0.001834 
61 0.000858 
62 -0.000443 
63 -0.000882 
64 -0.000856 
65 -0.001184 
66 -0.001165 
67 -0.000022 
68 0.001318 
69 0.001960 
70 0.002195 
71 0.002070 
72 0.001199 
73 0.000017 
74 -0.000655 
75 -0.000566 
76 0.000012 
77 0.000451 
78 0.000380 
79 0.000213 
80 0.000412 
81 0.000951 
82 0.001278 
83 0.000832 
84 0.000112 
85 -0.000044 
86 0.000095 
87 0.000249 
88 0.000687 
89 0.001175 
90 0.001314 
91 0.001111 
92 0.000532 
93 -0.000004 
94 0.000270 
95 0.000631 
96 0.000237 
97 -0.000049 
98 0.000082 
99 -0.000291 
100 -0.000465 
101 0.000833 
102 0.002378 
103 0.002449 
104 0.001288 
105 -0.000047 
106 -0.000736 
107 -0.000626 
108 -0.000603 
109 -0.000686 
110 0.000073 
111 0.001458 
112 0.002179 
113 0.002040 
114 0.001979 
115 0.001849 
116 0.000710 
117 -0.001432 
118 -0.003171 
119 -0.003529 
120 -0.002440 
121 -0.000014 
122 0.003001 
123 0.005148 
124 0.005567 
125 0.004277 
126 0.001631 
127 -0.001267 
128 -0.003116 
129 -0.003978 
130 -0.004228 
131 -0.003051 
132 -0.000413 
133 0.002665 
134 0.004952 
135 0.005572 
136 0.004016 
137 0.001158 
138 -0.001513 
139 -0.003407 
140 -0.004187 
141 -0.003192 
142 -0.000333 
143 0.002733 
144 0.003762 
145 0.002891 
146 0.001847 
147 0.000580 
148 -0.001699 
149 -0.003586 
150 -0.003335 
151 -0.001359 
152 0.001156 
153 0.002905 
154 0.003320 
155 0.002820 
156 0.001800 
157 -0.000195 
158 -0.002408 
159 -0.003706 
160 -0.004101 
161 -0.003619 
162 -0.002323 
163 -0.000560 
164 0.002039 
165 0.004954 
166 0.005905 
167 0.004130 
168 0.001296 
169 -0.001641 
170 -0.005027 
171 -0.007798 
172 -0.007943 
173 -0.005316 
174 -0.001451 
175 0.002203 
176 0.005177 
177 0.007012 
178 0.006242 
179 0.002150 
180 -0.002551 
181 -0.005312 
182 -0.006407 
183 -0.006865 
184 -0.005865 
185 -0.002023 
186 0.003095 
187 0.005925 
188 0.005395 
189 0.003066 
190 -0.000788 
191 -0.005558 
192 -0.008451 
193 -0.007077 
194 -0.003157 
195 0.000074 
196 0.001533 
197 0.002471 
198 0.003956 
199 0.003831 
200 0.000644 
201 -0.003263 
202 -0.005439 
203 -0.006582 
204 -0.006192 
205 -0.002604 
206 0.002231 
207 0.003918 
208 0.001362 
209 -0.002383 
210 -0.004064 
211 -0.003856 
212 -0.003905 
213 -0.003066 
214 0.000417 
215 0.003277 
216 0.002808 
217 0.000922 
218 -0.000515 
219 -0.002911 
220 -0.006503 
221 -0.008693 
222 -0.007193 
223 -0.002317 
224 0.001363 
225 0.001874 
226 0.003414 
227 0.005980 
228 0.003902 
229 -0.002490 
230 -0.006583 
231 -0.006967 
232 -0.006406 
233 -0.005644 
234 -0.003674 
235 -0.000295 
236 0.003339 
237 0.004538 
238 0.003687 
239 0.003280 
240 0.002355 
241 -0.002712 
242 -0.009210 
243 -0.011087 
244 -0.007649 
245 -0.003083 
246 0.000336 
247 0.003092 
248 0.005163 
249 0.004551 
250 0.001251 
251 -0.001409 
252 -0.002976 
253 -0.004943 
254 -0.006999 
255 -0.006517 
256 -0.003354 
257 0.001089 
258 0.005288 
259 0.006487 
260 0.002994 
261 -0.001490 
262 -0.003725 
263 -0.005468 
264 -0.006540 
265 -0.004299 
266 -0.000637 
267 0.000713 
268 0.000453 
269 0.000461 
270 0.000159 
271 -0.000394 
272 0.000461 
273 0.002788 
274 0.004614 
275 0.003331 
276 -0.001198 
277 -0.004950 
278 -0.005292 
279 -0.004546 
280 -0.005187 
281 -0.004648 
282 0.000105 
283 0.005683 
284 0.007624 
285 0.007169 
286 0.005750 
287 0.000167 
288 -0.006883 
289 -0.008076 
290 -0.004309 
291 -0.001096 
292 0.002306 
293 0.006237 
294 0.007089 
295 0.003862 
296 -0.001421 
297 -0.004667 
298 -0.002753 
299 -0.001032 
300 -0.003726 
301 -0.002338 
302 0.005493 
303 0.008275 
304 0.003956 
305 0.003007 
306 0.004582 
307 0.001363 
308 -0.004444 
309 -0.006753 
310 -0.005501 
311 -0.001987 
312 0.002446 
313 0.005477 
314 0.006515 
315 0.004524 
316 0.000275 
317 -0.000895 
318 0.002130 
319 0.002226 
320 -0.001093 
321 -0.000301 
322 0.003420 
323 0.002873 
324 -0.000656 
325 -0.001854 
326 -0.001704 
327 -0.002047 
328 -0.001537 
329 0.001053 
330 0.004553 
331 0.006445 
332 0.005488 
333 0.003404 
334 0.001024 
335 -0.002639 
336 -0.004322 
337 0.000100 
338 0.004607 
339 0.003062 
340 -0.000708 
341 -0.001692 
342 -0.001711 
343 -0.002670 
344 -0.003462 
345 -0.001772 
346 0.002450 
347 0.006066 
348 0.007041 
349 0.007345 
350 0.007355 
351 0.003244 
352 -0.004923 
353 -0.011240 
354 -0.011870 
355 -0.007061 
356 0.000162 
357 0.004280 
358 0.005092 
359 0.007795 
360 0.011190 
361 0.008755 
362 0.000931 
363 -0.005125 
364 -0.006756 
365 -0.006089 
366 -0.005967 
367 -0.005971 
368 -0.002783 
369 0.003434 
370 0.006679 
371 0.005440 
372 0.003470 
373 0.003075 
374 0.002704 
375 0.000126 
376 -0.003279 
377 -0.004336 
378 -0.002756 
379 -0.002003 
380 -0.000360 
381 0.004090 
382 0.004800 
383 -0.001931 
384 -0.006550 
385 -0.002596 
386 0.002846 
387 0.003818 
388 0.003019 
389 0.003998 
390 0.005408 
391 0.003658 
392 -0.001834 
393 -0.006217 
394 -0.005478 
395 -0.002745 
396 -0.002101 
397 -0.001417 
398 0.003195 
399 0.008384 
400 0.009521 
401 0.006537 
402 0.001127 
403 -0.005237 
404 -0.008661 
405 -0.008421 
406 -0.006662 
407 -0.001779 
408 0.005218 
409 0.007437 
410 0.006490 
411 0.008547 
412 0.009937 
413 0.003688 
414 -0.005336 
415 -0.010043 
416 -0.009282 
417 -0.005706 
418 -0.001863 
419 0.003063 
420 0.009764 
421 0.013401 
422 0.009403 
423 0.002294 
424 -0.003172 
425 -0.008405 
426 -0.012105 
427 -0.008738 
428 -0.001228 
429 0.003051 
430 0.005422 
431 0.008596 
432 0.011071 
433 0.010155 
434 0.006004 
435 -0.000115 
436 -0.005454 
437 -0.009433 
438 -0.011109 
439 -0.008657 
440 -0.001654 
441 0.006782 
442 0.012549 
443 0.014387 
444 0.012084 
445 0.006774 
446 -0.001547 
447 -0.013454 
448 -0.020850 
449 -0.015071 
450 -0.003155 
451 0.004977 
452 0.013399 
453 0.023661 
454 0.027545 
455 0.020570 
456 0.005996 
457 -0.010124 
458 -0.022585 
459 -0.028178 
460 -0.023978 
461 -0.008576 
462 0.009154 
463 0.018398 
464 0.021308 
465 0.023251 
466 0.021001 
467 0.010589 
468 -0.002349 
469 -0.010134 
470 -0.012775 
471 -0.013249 
472 -0.008752 
473 0.002219 
474 0.011369 
475 0.012703 
476 0.011821 
477 0.010948 
478 0.004753 
479 -0.002468 
480 -0.002318 
481 0.002043 
482 0.003907 
483 0.004056 
484 0.005666 
485 0.008408 
486 0.007629 
487 0.001658 
488 -0.002672 
489 -0.000032 
490 0.002544 
491 -0.001378 
492 -0.003246 
493 0.004614 
494 0.015833 
495 0.020668 
496 0.017307 
497 0.008652 
498 -0.001616 
499 -0.009801 
500 -0.013198 
501 -0.011370 
502 -0.005749 
503 0.000031 
504 0.004280 
505 0.011441 
506 0.022828 
507 0.030262 
508 0.026598 
509 0.014382 
510 -0.002572 
511 -0.020509 
512 -0.029828 
513 -0.024297 
514 -0.010462 
515 0.002470 
516 0.013351 
517 0.022988 
518 0.029851 
519 0.029220 
520 0.018461 
521 0.000666 
522 -0.015610 
523 -0.023945 
524 -0.021889 
525 -0.010775 
526 0.004027 
527 0.014154 
528 0.018988 
529 0.021374 
530 0.017716 
531 0.005613 
532 -0.006219 
533 -0.010280 
534 -0.008799 
535 -0.005794 
536 -0.000524 
537 0.006004 
538 0.010135 
539 0.011805 
540 0.010697 
541 0.004493 
542 -0.001494 
543 -0.001969 
544 0.000305 
545 0.001895 
546 0.003726 
547 0.005298 
548 0.005147 
549 0.003173 
550 -0.000231 
551 -0.002270 
552 -0.001344 
553 0.001030 
554 0.004216 
555 0.008036 
556 0.008243 
557 0.004757 
558 0.003671 
559 0.006726 
560 0.006245 
561 -0.000159 
562 -0.005700 
563 -0.005406 
564 -0.001181 
565 0.001262 
566 0.001705 
567 0.003544 
568 0.006353 
569 0.008424 
570 0.010927 
571 0.015609 
572 0.016228 
573 0.007595 
574 -0.003596 
575 -0.007289 
576 -0.006982 
577 -0.009658 
578 -0.009405 
579 -0.000027 
580 0.010725 
581 0.015728 
582 0.017394 
583 0.016236 
584 0.009371 
585 0.000283 
586 -0.004785 
587 -0.004090 
588 0.000207 
589 0.003389 
590 0.002822 
591 0.001575 
592 0.002957 
593 0.006645 
594 0.008819 
595 0.005675 
596 0.000756 
597 -0.000281 
598 0.000636 
599 0.001621 
600 0.004405 
601 0.007415 
602 0.008236 
603 0.006871 
604 0.003236 
605 -0.000042 
606 0.001588 
607 0.003682 
608 0.001309 
609 -0.000386 
610 0.000349 
611 -0.001780 
612 -0.002736 
613 0.004449 
614 0.012829 
615 0.013034 
616 0.006704 
617 -0.000401 
618 -0.003964 
619 -0.003368 
620 -0.003220 
621 -0.003617 
622 0.000180 
623 0.006964 
624 0.010396 
625 0.009609 
626 0.009216 
627 0.008512 
628 0.003120 
629 -0.006699 
630 -0.014480 
631 -0.015897 
632 -0.010894 
633 -0.000178 
634 0.012836 
635 0.021865 
636 0.023399 
637 0.017771 
638 0.006713 
639 -0.005142 
640 -0.012516 
641 -0.015801 
642 -0.016593 
643 -0.011840 
644 -0.001564 
645 0.010164 
646 0.018630 
647 0.020724 
648 0.014792 
649 0.004302 
650 -0.005302 
651 -0.011927 
652 -0.014497 
653 -0.010886 
654 -0.000959 
655 0.009429 
656 0.012753 
657 0.009731 
658 0.006233 
659 0.002084 
660 -0.005190 
661 -0.011061 
662 -0.010104 
663 -0.003881 
664 0.003865 
665 0.009117 
666 0.010259 
667 0.008677 
668 0.005613 
669 -0.000187 
670 -0.006471 
671 -0.010046 
672 -0.011042 
673 -0.009586 
674 -0.005955 
675 -0.001119 
676 0.005854 
677 0.013510 
678 0.015881 
679 0.011167 
680 0.003832 
681 -0.003607 
682 -0.012006 
683 -0.018712 
684 -0.018846 
685 -0.012304 
686 -0.002943 
687 0.005716 
688 0.012604 
689 0.016701 
690 0.014775 
691 0.005384 
692 -0.005155 
693 -0.011168 
694 -0.013420 
695 -0.014238 
696 -0.011946 
697 -0.003684 
698 0.007037 
699 0.012812 
700 0.011595 
701 0.006769 
702 -0.000993 
703 -0.010414 
704 -0.015954 
705 -0.013107 
706 -0.005432 
707 0.000758 
708 0.003511 
709 0.005235 
710 0.007911 
711 0.007610 
712 0.001799 
713 -0.005178 
714 -0.008924 
715 -0.010801 
716 -0.009998 
717 -0.003753 
718 0.004452 
719 0.007219 
720 0.002940 
721 -0.003200 
722 -0.005871 
723 -0.005461 
724 -0.005466 
725 -0.004080 
726 0.001362 
727 0.005733 
728 0.004968 
729 0.002085 
730 -0.000077 
731 -0.003590 
732 -0.008779 
733 -0.011825 
734 -0.009568 
735 -0.002593 
736 0.002575 
737 0.003241 
738 0.005304 
739 0.008718 
740 0.005847 
741 -0.002667 
742 -0.008006 
743 -0.008415 
744 -0.007599 
745 -0.006566 
746 -0.004023 
747 0.000211 
748 0.004659 
749 0.006062 
750 0.004989 
751 0.004434 
752 0.003280 
753 -0.002658 
754 -0.010118 
755 -0.012152 
756 -0.008151 
757 -0.002967 
758 0.000846 
759 0.003847 
760 0.006038 
761 0.005328 
762 0.001770 
763 -0.001058 
764 -0.002683 
765 -0.004671 
766 -0.006722 
767 -0.006179 
768 -0.002983 
769 0.001400 
770 0.005466 
771 0.006547 
772 0.003137 
773 -0.001118 
774 -0.003200 
775 -0.004776 
776 -0.005713 
777 -0.003638 
778 -0.000341 
779 0.000847 
780 0.000597 
781 0.000588 
782 0.000304 
783 -0.000174 
784 0.000538 
785 0.002459 
786 0.003924 
787 0.002835 
788 -0.000854 
789 -0.003864 
790 -0.004105 
791 -0.003503 
792 -0.003969 
793 -0.003541 
794 0.000092 
795 0.004269 
796 0.005655 
797 0.005259 
798 0.004166 
799 0.000112 
800 -0.004904 
801 -0.005687 
802 -0.003006 
803 -0.000756 
804 0.001572 
805 0.004198 
806 0.004715 
807 0.002533 
808 -0.000949 
809 -0.003043 
810 -0.001794 
811 -0.000691 
812 -0.002379 
813 -0.001504 
814 0.003306 
815 0.004963 
816 0.002324 
817 0.001733 
818 0.002645 
819 0.000749 
820 -0.002599 
821 -0.003890 
822 -0.003144 
823 -0.001157 
824 0.001293 
825 0.002924 
826 0.003445 
827 0.002360 
828 0.000093 
829 -0.000518 
830 0.001038 
831 0.001073 
832 -0.000605 
833 -0.000219 
834 0.001632 
835 0.001343 
836 -0.000368 
837 -0.000939 
838 -0.000858 
839 -0.001017 
840 -0.000775 
841 0.000414 
842 0.001993 
843 0.002823 
844 0.002374 
845 0.001444 
846 0.000394 
847 -0.001182 
848 -0.001877 
849 -0.000002 
850 0.001868 
851 0.001209 
852 -0.000335 
853 -0.000726 
854 -0.000715 
855 -0.001086 
856 -0.001390 
857 -0.000729 
858 0.000889 
859 0.002233 
860 0.002563 
861 0.002649 
862 0.002627 
863 0.001125 
864 -0.001780 
865 -0.003977 
866 -0.004147 
867 -0.002442 
868 0.000036 
869 0.001416 
870 0.001665 
871 0.002533 
872 0.003605 
873 0.002782 
874 0.000272 
875 -0.001620 
876 -0.002104 
877 -0.001878 
878 -0.001809 
879 -0.001795 
880 -0.000820 
881 0.001009 
882 0.001939 
883 0.001567 
884 0.001003 
885 0.000884 
886 0.000764 
887 0.000054 
888 -0.000865 
889 -0.001138 
890 -0.000711 
891 -0.000505 
892 -0.000072 
893 0.001069 
894 0.001247 
895 -0.000436 
896 -0.001561 
897 -0.000580 
898 0.000739 
899 0.000962 
900 0.000762 
901 0.000975 
902 0.001279 
903 0.000867 
904 -0.000373 
905 -0.001341 
906 -0.001163 
907 -0.000549 
908 -0.000392 
909 -0.000244 
910 0.000729 
911 0.001791 
912 0.002003 
913 0.001375 
914 0.000277 
915 -0.000983 
916 -0.001638 
917 -0.001573 
918 -0.001220 
919 -0.000288 
920 0.001017 
921 0.001412 
922 0.001225 
923 0.001592 
924 0.001816 
925 0.000698 
926 -0.000882 
927 -0.001676 
928 -0.001531 
929 -0.000919 
930 -0.000276 
931 0.000530 
932 0.001601 
933 0.002162 
934 0.001509 
935 0.000381 
936 -0.000466 
937 -0.001259 
938 -0.001807 
939 -0.001286 
940 -0.000168 
941 0.000451 
942 0.000782 
943 0.001222 
944 0.001555 
945 0.001406 
946 0.000823 
947 -0.000019 
948 -0.000744 
949 -0.001263 
950 -0.001475 
951 -0.001146 
952 -0.000233 
953 0.000843 
954 0.001560 
955 0.001769 
956 0.001471 
957 0.000802 
958 -0.000215 
959 -0.001638 
960 -0.002498 
961 -0.001799 
962 -0.000407 
963 0.000522 
964 0.001467 
965 0.002599 
966 0.003004 
967 0.002209 
968 0.000603 
969 -0.001138 
970 -0.002462 
971 -0.003033 
972 -0.002567 
973 -0.000948 
974 0.000878 
975 0.001812 
976 0.002087 
977 0.002268 
978 0.002027 
979 0.000988 
980 -0.000288 
981 -0.001043 
982 -0.001294 
983 -0.001329 
984 -0.000895 
985 0.000142 
986 0.000992 
987 0.001105 
988 0.001017 
989 0.000929 
990 0.000358 
991 -0.000296 
992 -0.000283 
993 0.000107 
994 0.000275 
995 0.000290 
996 0.000427 
997 0.000661 
998 0.000591 
999 0.000073 
1000 -0.000298 
1001 -0.000074 
1002 0.000145 
1003 -0.000184 
1004 -0.000341 
1005 0.000313 
1006 0.001242 
1007 0.001634 
1008 0.001351 
1009 0.000635 
1010 -0.000205 
1011 -0.000873 
1012 -0.001145 
1013 -0.000995 
1014 -0.000540 
1015 -0.000073 
1016 0.000270 
1017 0.000842 
1018 0.001752 
1019 0.002348 
1020 0.002050 
1021 0.001067 
1022 -0.000288 
1023 -0.001725 
