0 -0.000213 
1 -0.000197 
2 -0.000184 
3 -0.000185 
4 -0.000216 
5 -0.000261 
6 -0.000296 
7 -0.000312 
8 -0.000313 
9 -0.000308 
10 -0.000291 
11 -0.000273 
12 -0.000256 
13 -0.000248 
14 -0.000257 
15 -0.000281 
16 -0.000296 
17 -0.000306 
18 -0.000294 
19 -0.000270 
20 -0.000254 
21 -0.000249 
22 -0.000239 
23 -0.000235 
24 -0.000228 
25 -0.000214 
26 -0.000199 
27 -0.000186 
28 -0.000192 
29 -0.000199 
30 -0.000187 
31 -0.000161 
32 -0.000133 
33 -0.000118 
34 -0.000118 
35 -0.000123 
36 -0.000122 
37 -0.000115 
38 -0.000104 
39 -0.000089 
40 -0.000072 
41 -0.000071 
42 -0.000094 
43 -0.000123 
44 -0.000152 
45 -0.000167 
46 -0.000161 
47 -0.000140 
48 -0.000115 
49 -0.000119 
50 -0.000139 
51 -0.000165 
52 -0.000192 
53 -0.000230 
54 -0.000258 
55 -0.000261 
56 -0.000247 
57 -0.000231 
58 -0.000220 
59 -0.000224 
60 -0.000235 
61 -0.000250 
62 -0.000270 
63 -0.000285 
64 -0.000301 
65 -0.000303 
66 -0.000302 
67 -0.000310 
68 -0.000323 
69 -0.000329 
70 -0.000323 
71 -0.000316 
72 -0.000307 
73 -0.000291 
74 -0.000292 
75 -0.000295 
76 -0.000302 
77 -0.000285 
78 -0.000260 
79 -0.000227 
80 -0.000181 
81 -0.000135 
82 -0.000102 
83 -0.000095 
84 -0.000094 
85 -0.000090 
86 -0.000086 
87 -0.000074 
88 -0.000043 
89 -0.000001 
90 0.000052 
91 0.000096 
92 0.000128 
93 0.000145 
94 0.000150 
95 0.000160 
96 0.000177 
97 0.000222 
98 0.000279 
99 0.000353 
100 0.000434 
101 0.000492 
102 0.000492 
103 0.000456 
104 0.000416 
105 0.000389 
106 0.000384 
107 0.000438 
108 0.000539 
109 0.000660 
110 0.000751 
111 0.000799 
112 0.000794 
113 0.000765 
114 0.000769 
115 0.000788 
116 0.000834 
117 0.000871 
118 0.000898 
119 0.000920 
120 0.000956 
121 0.001003 
122 0.001036 
123 0.001062 
124 0.001056 
125 0.001046 
126 0.001032 
127 0.001011 
128 0.000979 
129 0.000937 
130 0.000947 
131 0.000981 
132 0.000993 
133 0.000979 
134 0.000962 
135 0.000908 
136 0.000852 
137 0.000806 
138 0.000778 
139 0.000797 
140 0.000821 
141 0.000825 
142 0.000817 
143 0.000768 
144 0.000679 
145 0.000557 
146 0.000478 
147 0.000425 
148 0.000395 
149 0.000411 
150 0.000452 
151 0.000507 
152 0.000515 
153 0.000468 
154 0.000406 
155 0.000337 
156 0.000263 
157 0.000226 
158 0.000223 
159 0.000245 
160 0.000246 
161 0.000244 
162 0.000251 
163 0.000272 
164 0.000280 
165 0.000281 
166 0.000281 
167 0.000252 
168 0.000249 
169 0.000269 
170 0.000339 
171 0.000434 
172 0.000489 
173 0.000507 
174 0.000452 
175 0.000380 
176 0.000321 
177 0.000319 
178 0.000366 
179 0.000439 
180 0.000493 
181 0.000509 
182 0.000488 
183 0.000437 
184 0.000455 
185 0.000508 
186 0.000528 
187 0.000470 
188 0.000400 
189 0.000351 
190 0.000367 
191 0.000367 
192 0.000349 
193 0.000358 
194 0.000328 
195 0.000307 
196 0.000319 
197 0.000319 
198 0.000296 
199 0.000209 
200 0.000141 
201 0.000055 
202 -0.000051 
203 -0.000148 
204 -0.000193 
205 -0.000174 
206 -0.000138 
207 -0.000142 
208 -0.000169 
209 -0.000264 
210 -0.000425 
211 -0.000550 
212 -0.000605 
213 -0.000585 
214 -0.000590 
215 -0.000602 
216 -0.000628 
217 -0.000698 
218 -0.000798 
219 -0.000869 
220 -0.000926 
221 -0.001013 
222 -0.001209 
223 -0.001317 
224 -0.001264 
225 -0.001123 
226 -0.001036 
227 -0.000997 
228 -0.001054 
229 -0.001272 
230 -0.001526 
231 -0.001669 
232 -0.001653 
233 -0.001618 
234 -0.001596 
235 -0.001527 
236 -0.001455 
237 -0.001481 
238 -0.001617 
239 -0.001663 
240 -0.001651 
241 -0.001686 
242 -0.001726 
243 -0.001681 
244 -0.001587 
245 -0.001500 
246 -0.001386 
247 -0.001193 
248 -0.001065 
249 -0.001118 
250 -0.001210 
251 -0.001178 
252 -0.001120 
253 -0.001070 
254 -0.000954 
255 -0.000754 
256 -0.000616 
257 -0.000550 
258 -0.000531 
259 -0.000486 
260 -0.000430 
261 -0.000469 
262 -0.000461 
263 -0.000348 
264 -0.000269 
265 -0.000239 
266 -0.000172 
267 -0.000042 
268 0.000041 
269 0.000006 
270 -0.000033 
271 -0.000001 
272 0.000024 
273 0.000074 
274 0.000154 
275 0.000220 
276 0.000178 
277 -0.000060 
278 -0.000326 
279 -0.000552 
280 -0.000703 
281 -0.000672 
282 -0.000541 
283 -0.000340 
284 -0.000213 
285 -0.000147 
286 -0.000127 
287 -0.000177 
288 -0.000270 
289 -0.000350 
290 -0.000291 
291 -0.000259 
292 -0.000316 
293 -0.000428 
294 -0.000521 
295 -0.000548 
296 -0.000499 
297 -0.000391 
298 -0.000239 
299 -0.000244 
300 -0.000297 
301 -0.000277 
302 -0.000124 
303 0.000012 
304 0.000043 
305 -0.000032 
306 -0.000093 
307 -0.000054 
308 -0.000016 
309 0.000142 
310 0.000310 
311 0.000325 
312 0.000186 
313 0.000069 
314 0.000132 
315 0.000287 
316 0.000492 
317 0.000733 
318 0.000916 
319 0.000927 
320 0.000779 
321 0.000587 
322 0.000549 
323 0.000572 
324 0.000601 
325 0.000719 
326 0.000870 
327 0.000945 
328 0.001019 
329 0.001175 
330 0.001195 
331 0.001057 
332 0.000807 
333 0.000554 
334 0.000470 
335 0.000526 
336 0.000686 
337 0.000928 
338 0.001070 
339 0.001091 
340 0.000950 
341 0.000827 
342 0.000688 
343 0.000533 
344 0.000438 
345 0.000409 
346 0.000463 
347 0.000430 
348 0.000435 
349 0.000542 
350 0.000640 
351 0.000611 
352 0.000428 
353 0.000186 
354 -0.000025 
355 -0.000091 
356 -0.000055 
357 0.000167 
358 0.000414 
359 0.000601 
360 0.000693 
361 0.000700 
362 0.000497 
363 0.000208 
364 0.000037 
365 -0.000071 
366 -0.000082 
367 -0.000043 
368 0.000045 
369 0.000153 
370 0.000188 
371 0.000244 
372 0.000249 
373 0.000022 
374 -0.000321 
375 -0.000526 
376 -0.000418 
377 -0.000150 
378 0.000042 
379 0.000076 
380 0.000026 
381 -0.000077 
382 -0.000233 
383 -0.000294 
384 -0.000180 
385 -0.000055 
386 -0.000095 
387 -0.000104 
388 -0.000064 
389 0.000048 
390 0.000215 
391 0.000368 
392 0.000495 
393 0.000461 
394 0.000336 
395 0.000322 
396 0.000431 
397 0.000561 
398 0.000687 
399 0.000759 
400 0.000753 
401 0.000647 
402 0.000521 
403 0.000522 
404 0.000632 
405 0.000756 
406 0.000774 
407 0.000756 
408 0.000720 
409 0.000676 
410 0.000601 
411 0.000683 
412 0.000818 
413 0.000929 
414 0.001007 
415 0.000973 
416 0.000877 
417 0.000683 
418 0.000404 
419 0.000345 
420 0.000465 
421 0.000621 
422 0.000744 
423 0.000900 
424 0.000918 
425 0.000814 
426 0.000449 
427 0.000149 
428 0.000037 
429 0.000088 
430 0.000213 
431 0.000275 
432 0.000309 
433 0.000113 
434 -0.000169 
435 -0.000365 
436 -0.000319 
437 -0.000169 
438 -0.000037 
439 0.000076 
440 0.000190 
441 0.000224 
442 0.000208 
443 0.000328 
444 0.000508 
445 0.000574 
446 0.000510 
447 0.000429 
448 0.000395 
449 0.000502 
450 0.000687 
451 0.000888 
452 0.000946 
453 0.000917 
454 0.000967 
455 0.001098 
456 0.001116 
457 0.001073 
458 0.001018 
459 0.001090 
460 0.001272 
461 0.001555 
462 0.001801 
463 0.001858 
464 0.001870 
465 0.001647 
466 0.001445 
467 0.001264 
468 0.001276 
469 0.001483 
470 0.001749 
471 0.001917 
472 0.001852 
473 0.001730 
474 0.001660 
475 0.001642 
476 0.001683 
477 0.001697 
478 0.001570 
479 0.001386 
480 0.001213 
481 0.001117 
482 0.001173 
483 0.001383 
484 0.001635 
485 0.001690 
486 0.001377 
487 0.000944 
488 0.000495 
489 0.000205 
490 0.000083 
491 0.000264 
492 0.000588 
493 0.000809 
494 0.000757 
495 0.000491 
496 0.000127 
497 -0.000305 
498 -0.000644 
499 -0.000814 
500 -0.000870 
501 -0.000844 
502 -0.000702 
503 -0.000635 
504 -0.000781 
505 -0.001126 
506 -0.001591 
507 -0.001892 
508 -0.002087 
509 -0.002283 
510 -0.002503 
511 -0.002674 
512 -0.002623 
513 -0.002431 
514 -0.002260 
515 -0.002279 
516 -0.002666 
517 -0.003222 
518 -0.003655 
519 -0.003850 
520 -0.003850 
521 -0.003788 
522 -0.003584 
523 -0.003360 
524 -0.003141 
525 -0.003047 
526 -0.003152 
527 -0.003430 
528 -0.003606 
529 -0.003718 
530 -0.003557 
531 -0.003251 
532 -0.003052 
533 -0.002976 
534 -0.002849 
535 -0.002781 
536 -0.002699 
537 -0.002526 
538 -0.002336 
539 -0.002190 
540 -0.002240 
541 -0.002310 
542 -0.002162 
543 -0.001867 
544 -0.001547 
545 -0.001368 
546 -0.001364 
547 -0.001411 
548 -0.001390 
549 -0.001304 
550 -0.001187 
551 -0.001032 
552 -0.000846 
553 -0.000845 
554 -0.001071 
555 -0.001365 
556 -0.001648 
557 -0.001781 
558 -0.001704 
559 -0.001495 
560 -0.001238 
561 -0.001274 
562 -0.001453 
563 -0.001689 
564 -0.001941 
565 -0.002273 
566 -0.002517 
567 -0.002529 
568 -0.002383 
569 -0.002221 
570 -0.002099 
571 -0.002112 
572 -0.002189 
573 -0.002296 
574 -0.002446 
575 -0.002552 
576 -0.002656 
577 -0.002655 
578 -0.002624 
579 -0.002658 
580 -0.002736 
581 -0.002756 
582 -0.002675 
583 -0.002592 
584 -0.002496 
585 -0.002350 
586 -0.002332 
587 -0.002325 
588 -0.002357 
589 -0.002204 
590 -0.001999 
591 -0.001732 
592 -0.001389 
593 -0.001049 
594 -0.000813 
595 -0.000759 
596 -0.000746 
597 -0.000712 
598 -0.000680 
599 -0.000591 
600 -0.000383 
601 -0.000109 
602 0.000233 
603 0.000512 
604 0.000707 
605 0.000805 
606 0.000825 
607 0.000880 
608 0.000973 
609 0.001222 
610 0.001539 
611 0.001947 
612 0.002378 
613 0.002674 
614 0.002640 
615 0.002420 
616 0.002182 
617 0.002017 
618 0.001971 
619 0.002228 
620 0.002720 
621 0.003304 
622 0.003720 
623 0.003911 
624 0.003842 
625 0.003660 
626 0.003635 
627 0.003681 
628 0.003849 
629 0.003977 
630 0.004056 
631 0.004112 
632 0.004224 
633 0.004386 
634 0.004480 
635 0.004540 
636 0.004463 
637 0.004372 
638 0.004262 
639 0.004129 
640 0.003952 
641 0.003742 
642 0.003744 
643 0.003837 
644 0.003842 
645 0.003750 
646 0.003643 
647 0.003402 
648 0.003161 
649 0.002963 
650 0.002831 
651 0.002868 
652 0.002919 
653 0.002896 
654 0.002838 
655 0.002645 
656 0.002323 
657 0.001901 
658 0.001623 
659 0.001437 
660 0.001324 
661 0.001363 
662 0.001478 
663 0.001630 
664 0.001636 
665 0.001476 
666 0.001276 
667 0.001060 
668 0.000835 
669 0.000722 
670 0.000704 
671 0.000760 
672 0.000755 
673 0.000740 
674 0.000751 
675 0.000795 
676 0.000808 
677 0.000799 
678 0.000791 
679 0.000706 
680 0.000693 
681 0.000738 
682 0.000907 
683 0.001132 
684 0.001256 
685 0.001283 
686 0.001139 
687 0.000956 
688 0.000807 
689 0.000791 
690 0.000885 
691 0.001040 
692 0.001148 
693 0.001172 
694 0.001114 
695 0.000994 
696 0.001024 
697 0.001125 
698 0.001156 
699 0.001023 
700 0.000871 
701 0.000761 
702 0.000783 
703 0.000772 
704 0.000726 
705 0.000737 
706 0.000673 
707 0.000627 
708 0.000645 
709 0.000637 
710 0.000587 
711 0.000422 
712 0.000293 
713 0.000138 
714 -0.000052 
715 -0.000220 
716 -0.000299 
717 -0.000269 
718 -0.000207 
719 -0.000213 
720 -0.000258 
721 -0.000411 
722 -0.000672 
723 -0.000867 
724 -0.000946 
725 -0.000903 
726 -0.000900 
727 -0.000907 
728 -0.000936 
729 -0.001034 
730 -0.001175 
731 -0.001272 
732 -0.001348 
733 -0.001462 
734 -0.001729 
735 -0.001863 
736 -0.001772 
737 -0.001556 
738 -0.001420 
739 -0.001352 
740 -0.001413 
741 -0.001688 
742 -0.002003 
743 -0.002168 
744 -0.002126 
745 -0.002061 
746 -0.002012 
747 -0.001907 
748 -0.001801 
749 -0.001817 
750 -0.001963 
751 -0.001996 
752 -0.001960 
753 -0.001978 
754 -0.002001 
755 -0.001927 
756 -0.001801 
757 -0.001683 
758 -0.001540 
759 -0.001314 
760 -0.001165 
761 -0.001212 
762 -0.001297 
763 -0.001250 
764 -0.001177 
765 -0.001112 
766 -0.000981 
767 -0.000767 
768 -0.000619 
769 -0.000548 
770 -0.000527 
771 -0.000481 
772 -0.000426 
773 -0.000459 
774 -0.000447 
775 -0.000337 
776 -0.000261 
777 -0.000230 
778 -0.000167 
779 -0.000050 
780 0.000022 
781 -0.000010 
782 -0.000044 
783 -0.000016 
784 0.000005 
785 0.000046 
786 0.000112 
787 0.000164 
788 0.000128 
789 -0.000064 
790 -0.000271 
791 -0.000444 
792 -0.000556 
793 -0.000528 
794 -0.000424 
795 -0.000272 
796 -0.000176 
797 -0.000126 
798 -0.000110 
799 -0.000146 
800 -0.000211 
801 -0.000263 
802 -0.000221 
803 -0.000195 
804 -0.000231 
805 -0.000302 
806 -0.000360 
807 -0.000376 
808 -0.000340 
809 -0.000268 
810 -0.000170 
811 -0.000172 
812 -0.000203 
813 -0.000186 
814 -0.000089 
815 -0.000006 
816 0.000013 
817 -0.000030 
818 -0.000065 
819 -0.000043 
820 -0.000022 
821 0.000068 
822 0.000161 
823 0.000168 
824 0.000090 
825 0.000026 
826 0.000060 
827 0.000142 
828 0.000247 
829 0.000369 
830 0.000459 
831 0.000457 
832 0.000375 
833 0.000274 
834 0.000252 
835 0.000263 
836 0.000277 
837 0.000333 
838 0.000401 
839 0.000431 
840 0.000458 
841 0.000523 
842 0.000525 
843 0.000457 
844 0.000341 
845 0.000227 
846 0.000189 
847 0.000213 
848 0.000280 
849 0.000380 
850 0.000435 
851 0.000437 
852 0.000375 
853 0.000322 
854 0.000263 
855 0.000200 
856 0.000161 
857 0.000148 
858 0.000166 
859 0.000152 
860 0.000153 
861 0.000192 
862 0.000226 
863 0.000214 
864 0.000148 
865 0.000062 
866 -0.000012 
867 -0.000035 
868 -0.000023 
869 0.000052 
870 0.000132 
871 0.000193 
872 0.000220 
873 0.000219 
874 0.000152 
875 0.000060 
876 0.000007 
877 -0.000025 
878 -0.000028 
879 -0.000016 
880 0.000010 
881 0.000041 
882 0.000050 
883 0.000066 
884 0.000067 
885 0.000002 
886 -0.000094 
887 -0.000149 
888 -0.000118 
889 -0.000044 
890 0.000008 
891 0.000017 
892 0.000003 
893 -0.000023 
894 -0.000063 
895 -0.000076 
896 -0.000046 
897 -0.000015 
898 -0.000022 
899 -0.000024 
900 -0.000014 
901 0.000012 
902 0.000049 
903 0.000083 
904 0.000110 
905 0.000102 
906 0.000074 
907 0.000071 
908 0.000095 
909 0.000122 
910 0.000147 
911 0.000159 
912 0.000156 
913 0.000132 
914 0.000104 
915 0.000103 
916 0.000123 
917 0.000146 
918 0.000149 
919 0.000144 
920 0.000137 
921 0.000126 
922 0.000111 
923 0.000124 
924 0.000146 
925 0.000165 
926 0.000178 
927 0.000171 
928 0.000153 
929 0.000118 
930 0.000070 
931 0.000059 
932 0.000077 
933 0.000102 
934 0.000120 
935 0.000143 
936 0.000144 
937 0.000126 
938 0.000070 
939 0.000024 
940 0.000007 
941 0.000015 
942 0.000032 
943 0.000040 
944 0.000044 
945 0.000017 
946 -0.000021 
947 -0.000047 
948 -0.000040 
949 -0.000020 
950 -0.000003 
951 0.000011 
952 0.000025 
953 0.000030 
954 0.000028 
955 0.000044 
956 0.000065 
957 0.000072 
958 0.000063 
959 0.000053 
960 0.000048 
961 0.000059 
962 0.000080 
963 0.000102 
964 0.000109 
965 0.000105 
966 0.000110 
967 0.000123 
968 0.000124 
969 0.000118 
970 0.000110 
971 0.000117 
972 0.000134 
973 0.000162 
974 0.000186 
975 0.000190 
976 0.000190 
977 0.000167 
978 0.000146 
979 0.000127 
980 0.000126 
981 0.000145 
982 0.000169 
983 0.000183 
984 0.000175 
985 0.000163 
986 0.000155 
987 0.000153 
988 0.000156 
989 0.000156 
990 0.000143 
991 0.000125 
992 0.000108 
993 0.000099 
994 0.000103 
995 0.000121 
996 0.000143 
997 0.000147 
998 0.000119 
999 0.000082 
1000 0.000043 
1001 0.000018 
1002 0.000008 
1003 0.000022 
1004 0.000049 
1005 0.000067 
1006 0.000062 
1007 0.000041 
1008 0.000011 
1009 -0.000025 
1010 -0.000052 
1011 -0.000066 
1012 -0.000071 
1013 -0.000069 
1014 -0.000057 
1015 -0.000052 
1016 -0.000063 
1017 -0.000090 
1018 -0.000128 
1019 -0.000152 
1020 -0.000168 
1021 -0.000183 
1022 -0.000200 
1023 -0.000214 
