0 -0.291119 
1 0.288270 
2 1.237173 
3 -0.250120 
4 -0.116530 
5 0.164066 
6 -0.109485 
7 0.269506 
8 -0.114234 
9 0.038829 
10 -0.040928 
11 -0.237360 
12 0.176310 
13 -0.086458 
14 0.118623 
15 0.118750 
16 0.029107 
17 0.003894 
18 -0.091485 
19 -0.050944 
20 -0.118372 
21 -0.028881 
22 0.049961 
23 0.089499 
24 0.061415 
25 0.039169 
26 -0.087392 
27 -0.176152 
28 -0.022984 
29 -0.112907 
30 0.188798 
31 0.039385 
32 0.119938 
33 0.066477 
34 -0.256136 
35 0.100927 
36 -0.252131 
37 0.089540 
38 0.018404 
39 0.046426 
40 -0.043320 
41 0.024692 
42 -0.146537 
43 -0.135112 
44 0.038749 
45 -0.128338 
46 0.030823 
47 0.053763 
48 -0.031418 
49 0.088905 
50 -0.014767 
51 0.032758 
52 0.034159 
53 -0.046107 
54 0.122922 
55 -0.064871 
56 0.163633 
57 0.038373 
58 -0.003022 
59 -0.006452 
60 -0.089141 
61 -0.054671 
62 -0.037264 
63 0.071403 
64 -0.005275 
65 0.117607 
66 0.014965 
67 -0.112480 
68 0.092168 
69 -0.163297 
70 0.071032 
71 0.063705 
72 0.004368 
73 0.044880 
74 0.010803 
75 -0.109650 
76 -0.047444 
77 0.083923 
78 -0.097800 
79 0.120564 
80 0.003285 
81 -0.063538 
82 0.105184 
83 -0.126331 
84 0.151481 
85 0.000087 
86 0.061467 
87 0.012871 
88 0.028470 
89 -0.115264 
90 0.044536 
91 -0.031838 
92 -0.034857 
93 0.102040 
94 -0.033945 
95 -0.070319 
96 -0.004179 
97 -0.065786 
98 -0.012891 
99 -0.008510 
100 0.069910 
101 -0.026363 
102 -0.035833 
103 0.092850 
104 -0.138051 
105 0.084179 
106 -0.017638 
107 -0.035585 
108 0.027990 
109 0.014991 
110 -0.014879 
111 0.017379 
112 0.031991 
113 -0.115221 
114 0.024138 
115 -0.055287 
116 -0.041965 
117 0.139854 
118 -0.061289 
119 0.108268 
120 -0.021304 
121 -0.101438 
122 0.006747 
123 -0.055062 
124 0.056418 
125 0.040729 
126 0.084162 
127 -0.069433 
128 0.036717 
129 -0.082885 
130 -0.045763 
131 0.040813 
132 -0.063942 
133 0.135605 
134 -0.134376 
135 0.120515 
136 -0.074990 
137 -0.012135 
138 0.087758 
139 -0.034403 
140 0.003140 
141 0.016405 
142 -0.084512 
143 0.047535 
144 -0.029060 
145 0.059376 
146 -0.083792 
147 0.006207 
148 -0.117759 
149 -0.017713 
150 -0.101167 
151 0.139505 
152 -0.081862 
153 0.042140 
154 0.014956 
155 -0.061548 
156 -0.029445 
157 0.154329 
158 -0.097251 
159 0.139700 
160 -0.003356 
161 -0.056423 
162 0.016547 
163 0.034544 
164 -0.058647 
165 0.075132 
166 -0.010612 
167 -0.130219 
168 0.113949 
169 -0.199998 
170 0.211105 
171 -0.070396 
172 0.100223 
173 0.060322 
174 -0.195340 
175 0.081407 
176 -0.150460 
177 0.000407 
178 0.200920 
179 -0.101255 
180 0.085150 
181 -0.024287 
182 -0.161808 
183 -0.036864 
184 0.067806 
185 -0.063266 
186 0.147777 
187 0.104358 
188 -0.143493 
189 0.140510 
190 -0.196199 
191 0.048711 
192 0.020078 
193 0.066718 
194 0.154376 
195 -0.061982 
196 0.049384 
197 -0.066495 
198 -0.068833 
199 0.058340 
200 0.005678 
201 -0.005537 
202 0.092869 
203 -0.025445 
204 -0.020747 
205 0.037228 
206 -0.101363 
207 0.050568 
208 -0.024236 
209 -0.032742 
210 0.089121 
211 -0.051433 
212 0.020587 
213 0.028280 
214 -0.117578 
215 0.027084 
216 -0.009189 
217 -0.097107 
218 0.186464 
219 -0.096861 
220 0.043147 
221 -0.004954 
222 -0.104138 
223 -0.010333 
224 0.048375 
225 -0.066766 
226 0.145903 
227 -0.095651 
228 -0.009440 
229 -0.003978 
230 -0.135034 
231 0.078517 
232 0.043586 
233 -0.038284 
234 0.097865 
235 -0.118979 
236 0.001606 
237 -0.054192 
238 0.033699 
239 0.050821 
240 0.047860 
241 -0.075797 
242 0.063205 
243 -0.111720 
244 0.032654 
245 0.102521 
246 -0.006313 
247 0.078862 
248 -0.007129 
249 -0.096723 
250 0.017412 
251 -0.064697 
252 -0.011789 
253 0.023021 
254 -0.037863 
255 -0.011037 
256 -0.012523 
257 -0.015620 
258 -0.031635 
259 0.039378 
260 -0.044582 
261 0.065195 
262 0.058142 
263 -0.056639 
264 0.126809 
265 -0.082598 
266 -0.009191 
267 0.034160 
268 -0.117725 
269 0.069082 
270 -0.020822 
271 -0.005586 
272 0.038694 
273 -0.062307 
274 0.019282 
275 -0.085696 
276 0.073098 
277 0.052366 
278 0.033234 
279 0.096983 
280 -0.077576 
281 0.023382 
282 -0.063937 
283 0.008944 
284 -0.011017 
285 0.123251 
286 -0.072711 
287 0.031210 
288 -0.014513 
289 -0.185951 
290 0.079432 
291 -0.031820 
292 0.030358 
293 0.056371 
294 0.011133 
295 -0.059739 
296 -0.051188 
297 0.023022 
298 -0.013412 
299 0.055770 
300 0.087303 
301 -0.018011 
302 -0.011963 
303 0.010991 
304 -0.043091 
305 -0.015159 
306 0.055337 
307 -0.037403 
308 -0.029669 
309 0.014672 
310 -0.017758 
311 -0.003370 
312 0.024556 
313 -0.004242 
314 -0.042240 
315 0.030720 
316 0.032617 
317 -0.040211 
318 0.103070 
319 -0.013183 
320 -0.049269 
321 0.077065 
322 -0.133079 
323 0.127927 
324 -0.121191 
325 0.157103 
326 -0.076716 
327 -0.004097 
328 -0.035774 
329 -0.084367 
330 -0.038936 
331 0.096481 
332 -0.003088 
333 0.075762 
334 0.027186 
335 -0.047057 
336 -0.020195 
337 0.034612 
338 -0.020375 
339 0.100727 
340 -0.059511 
341 0.012194 
342 -0.045654 
343 -0.078269 
344 0.057880 
345 -0.088123 
346 0.058323 
347 -0.059971 
348 0.001117 
349 -0.016660 
350 0.003835 
351 0.032678 
352 0.028301 
353 0.014575 
354 0.012683 
355 0.005965 
356 -0.048569 
357 0.025223 
358 0.049649 
359 -0.081644 
360 0.118155 
361 -0.088105 
362 -0.043898 
363 0.055615 
364 -0.042249 
365 0.076327 
366 -0.000121 
367 -0.053266 
368 -0.030102 
369 -0.049185 
370 0.003941 
371 0.024264 
372 0.050182 
373 -0.025071 
374 -0.019515 
375 -0.063056 
376 -0.024633 
377 0.037739 
378 -0.011212 
379 0.196985 
380 -0.134831 
381 0.136849 
382 -0.174012 
383 0.026766 
384 -0.013050 
385 0.027842 
386 0.138268 
387 -0.067773 
388 0.056093 
389 -0.103206 
390 -0.036422 
391 0.031897 
392 -0.050801 
393 0.104061 
394 -0.065145 
395 0.069088 
396 -0.097297 
397 0.037617 
398 0.010942 
399 -0.045355 
400 0.142474 
401 -0.105330 
402 0.076736 
403 -0.050590 
404 0.015126 
405 -0.064886 
406 0.054107 
407 -0.041908 
408 -0.007315 
409 0.020877 
410 0.025120 
411 -0.079672 
412 0.066440 
413 -0.100897 
414 0.062437 
415 -0.062617 
416 0.089414 
417 -0.076686 
418 0.043467 
419 -0.001700 
420 -0.021438 
421 -0.042793 
422 0.005180 
423 -0.000664 
424 0.000181 
425 0.095380 
426 -0.025135 
427 -0.028534 
428 -0.037630 
429 -0.044108 
430 -0.018302 
431 0.084960 
432 0.026455 
433 0.030525 
434 -0.041122 
435 0.013280 
436 -0.158542 
437 0.121105 
438 -0.042634 
439 0.129681 
440 0.042672 
441 0.003105 
442 0.008569 
443 -0.168724 
444 0.062387 
445 -0.074600 
446 0.028734 
447 0.090855 
448 -0.076225 
449 0.032755 
450 -0.077043 
451 0.010321 
452 -0.045253 
453 0.110900 
454 -0.058052 
455 0.058950 
456 0.057597 
457 -0.130395 
458 0.194829 
459 -0.177840 
460 0.097633 
461 -0.035201 
462 -0.054485 
463 0.058957 
464 -0.045433 
465 0.043744 
466 0.015410 
467 -0.080462 
468 0.095561 
469 -0.121608 
470 0.089311 
471 0.046318 
472 0.018838 
473 -0.000195 
474 0.083152 
475 -0.156097 
476 0.083945 
477 -0.020645 
478 -0.044705 
479 0.107081 
480 -0.129971 
481 -0.018643 
482 0.009823 
483 -0.125214 
484 0.154751 
485 -0.074744 
486 0.010153 
487 0.051730 
488 -0.210897 
489 0.111036 
490 -0.053144 
491 0.045213 
492 0.086447 
493 0.049026 
494 -0.112632 
495 0.087435 
496 -0.163616 
497 0.079555 
498 0.025463 
499 -0.001178 
500 0.084495 
501 -0.077841 
502 -0.067886 
503 0.044457 
504 -0.120018 
505 0.115256 
506 0.008534 
507 0.069155 
508 0.011572 
509 0.007514 
510 -0.044242 
511 0.023890 
512 0.004598 
513 0.038509 
514 0.144812 
515 -0.117988 
516 0.152886 
517 -0.142752 
518 -0.022563 
519 0.045392 
520 -0.113013 
521 0.027221 
522 0.016153 
523 -0.089197 
524 0.065706 
525 -0.014094 
526 0.010673 
527 -0.042365 
528 0.018199 
529 -0.045024 
530 0.006804 
531 -0.024028 
532 0.053915 
533 -0.050155 
534 -0.027541 
535 0.039677 
536 -0.132261 
537 0.040631 
538 0.049011 
539 -0.058105 
540 0.092786 
541 -0.017766 
542 -0.103664 
543 0.093386 
544 -0.119076 
545 0.166049 
546 -0.045202 
547 0.105932 
548 -0.071937 
549 0.014804 
550 -0.116947 
551 0.104969 
552 -0.100624 
553 0.060124 
554 0.024435 
555 -0.125724 
556 0.101199 
557 -0.083387 
558 0.007455 
559 0.110028 
560 -0.085791 
561 0.069763 
562 0.005692 
563 -0.042310 
564 0.039616 
565 0.009926 
566 -0.061437 
567 0.077223 
568 -0.087450 
569 0.013437 
570 0.035862 
571 -0.011165 
572 0.079588 
573 -0.029562 
574 -0.000165 
575 0.021685 
576 -0.091720 
577 0.076967 
578 0.028326 
579 -0.044555 
580 0.146133 
581 -0.113734 
582 0.032168 
583 -0.014093 
584 -0.019108 
585 0.002910 
586 0.043286 
587 -0.028847 
588 0.017062 
589 -0.048110 
590 0.028751 
591 -0.037274 
592 0.027383 
593 -0.009225 
594 0.026737 
595 -0.030548 
596 0.031417 
597 0.008305 
598 -0.034059 
599 0.066446 
600 -0.076123 
601 0.061749 
602 -0.077821 
603 0.055921 
604 -0.078661 
605 0.001356 
606 -0.002226 
607 -0.044120 
608 -0.015131 
609 -0.074970 
610 0.028824 
611 -0.071102 
612 0.092634 
613 0.040852 
614 -0.026417 
615 0.070892 
616 -0.016440 
617 -0.032698 
618 0.076263 
619 -0.005646 
620 -0.009690 
621 0.070836 
622 -0.057492 
623 0.067284 
624 -0.026743 
625 -0.016777 
626 0.019432 
627 -0.136540 
628 0.030762 
629 -0.026729 
630 -0.033115 
631 0.109248 
632 0.006562 
633 0.005677 
634 0.019081 
635 -0.077366 
636 0.019366 
637 -0.022061 
638 0.050004 
639 0.074405 
640 -0.023704 
641 -0.044926 
642 -0.009633 
643 -0.126087 
644 0.035918 
645 0.027227 
646 0.000137 
647 0.084684 
648 -0.006260 
649 -0.066729 
650 0.046712 
651 -0.088271 
652 0.012235 
653 0.058072 
654 -0.034851 
655 0.086623 
656 -0.070974 
657 0.048571 
658 -0.077438 
659 -0.020839 
660 0.036792 
661 -0.072149 
662 0.103558 
663 -0.022268 
664 0.071167 
665 -0.115729 
666 0.098444 
667 -0.125368 
668 -0.018980 
669 0.118675 
670 -0.154964 
671 0.150160 
672 -0.026263 
673 -0.023102 
674 0.025684 
675 0.002520 
676 -0.048625 
677 0.062807 
678 0.030290 
679 -0.000538 
680 0.012247 
681 -0.021475 
682 -0.080161 
683 0.020507 
684 -0.020914 
685 0.060237 
686 -0.040879 
687 0.014413 
688 0.016584 
689 -0.115743 
690 0.146214 
691 -0.051098 
692 -0.004985 
693 0.071891 
694 -0.093028 
695 0.005260 
696 0.011713 
697 -0.041545 
698 0.060753 
699 0.000143 
700 0.038742 
701 0.001332 
702 -0.036655 
703 -0.006093 
704 0.001655 
705 -0.041481 
706 0.123351 
707 -0.054210 
708 0.030229 
709 -0.000655 
710 -0.135111 
711 0.063539 
712 -0.110126 
713 0.093504 
714 -0.034757 
715 0.062414 
716 -0.027955 
717 -0.012863 
718 -0.063749 
719 -0.017819 
720 0.061666 
721 -0.050367 
722 0.133714 
723 -0.019254 
724 -0.037951 
725 0.052966 
726 -0.129130 
727 0.078642 
728 -0.044420 
729 0.063420 
730 -0.008486 
731 0.017676 
732 0.046777 
733 -0.048048 
734 0.034749 
735 -0.002016 
736 -0.013801 
737 0.020753 
738 0.010944 
739 0.105604 
740 -0.083150 
741 0.141181 
742 -0.186637 
743 0.028551 
744 -0.087102 
745 -0.041230 
746 0.066646 
747 -0.051829 
748 0.091876 
749 -0.072903 
750 -0.002341 
751 0.020048 
752 -0.074827 
753 0.140309 
754 -0.059833 
755 0.046324 
756 0.043900 
757 -0.087949 
758 0.065897 
759 -0.045898 
760 0.046233 
761 -0.087576 
762 0.058262 
763 -0.159188 
764 0.064705 
765 -0.051522 
766 -0.008449 
767 0.088880 
768 -0.149326 
769 0.058328 
770 -0.135458 
771 0.077552 
772 0.021351 
773 0.074956 
774 0.092132 
775 -0.032776 
776 0.066427 
777 -0.094972 
778 0.065386 
779 -0.019629 
780 0.026689 
781 0.072760 
782 -0.027681 
783 0.082288 
784 -0.094731 
785 0.049313 
786 -0.079537 
787 -0.039509 
788 0.066792 
789 -0.004755 
790 0.033821 
791 0.072131 
792 -0.023436 
793 -0.020988 
794 0.020696 
795 -0.071160 
796 0.015675 
797 0.044300 
798 -0.041443 
799 0.025908 
800 0.005822 
801 -0.081139 
802 -0.027826 
803 -0.089368 
804 0.085577 
805 -0.151348 
806 0.131369 
807 0.010520 
808 -0.122227 
809 0.159581 
810 -0.144855 
811 0.011270 
812 -0.004018 
813 -0.033143 
814 0.073089 
815 -0.008951 
816 0.040078 
817 -0.037798 
818 -0.022998 
819 -0.037909 
820 -0.025639 
821 -0.052459 
822 0.066374 
823 -0.059288 
824 0.012722 
825 0.091706 
826 -0.100092 
827 0.130414 
828 -0.071259 
829 -0.125097 
830 0.136670 
831 -0.219723 
832 0.169349 
833 -0.064835 
834 0.064921 
835 0.003138 
836 -0.029497 
837 -0.017209 
838 -0.087272 
839 0.123090 
840 -0.055773 
841 0.171606 
842 -0.113533 
843 0.184735 
844 -0.160767 
845 0.095651 
846 0.051149 
847 -0.074596 
848 0.119110 
849 -0.011972 
850 -0.082789 
851 0.132256 
852 -0.095323 
853 0.024615 
854 0.008476 
855 -0.057190 
856 0.091048 
857 -0.061970 
858 0.121753 
859 -0.009132 
860 0.130626 
861 -0.041192 
862 0.031891 
863 -0.102704 
864 0.046450 
865 -0.032036 
866 0.093640 
867 0.022898 
868 -0.001383 
869 -0.044066 
870 -0.024495 
871 -0.183537 
872 0.095592 
873 -0.119889 
874 -0.053296 
875 0.102828 
876 -0.102220 
877 0.006518 
878 0.001415 
879 -0.094937 
880 -0.013525 
881 0.063957 
882 -0.043524 
883 0.071137 
884 0.084904 
885 -0.080617 
886 0.078453 
887 -0.121925 
888 0.026535 
889 -0.069524 
890 -0.018773 
891 0.108283 
892 0.035829 
893 0.005866 
894 0.112931 
895 -0.145753 
896 -0.040815 
897 0.085046 
898 -0.163226 
899 0.220724 
900 0.022347 
901 0.043337 
902 0.019068 
903 -0.082152 
904 -0.081921 
905 -0.061613 
906 -0.104484 
907 0.121313 
908 -0.099084 
909 -0.015697 
910 -0.020653 
911 -0.087736 
912 -0.046029 
913 0.189785 
914 -0.060330 
915 0.107944 
916 0.072980 
917 -0.069899 
918 0.031616 
919 -0.008653 
920 0.074783 
921 0.001272 
922 0.017046 
923 0.041926 
924 -0.053718 
925 -0.068752 
926 0.183482 
927 -0.135891 
928 -0.005720 
929 0.040125 
930 -0.225369 
931 0.118563 
932 0.035223 
933 -0.049025 
934 -0.054048 
935 0.074314 
936 -0.131188 
937 0.162395 
938 -0.028395 
939 0.032723 
940 -0.064236 
941 -0.131704 
942 0.057902 
943 -0.069063 
944 0.103377 
945 0.089024 
946 -0.088070 
947 0.016050 
948 -0.107147 
949 -0.057884 
950 -0.001343 
951 -0.049026 
952 0.164222 
953 -0.022857 
954 0.057461 
955 0.028233 
956 -0.132129 
957 0.024688 
958 -0.071857 
959 0.096855 
960 -0.054212 
961 0.149488 
962 -0.044700 
963 0.022166 
964 0.048064 
965 -0.105326 
966 0.029851 
967 0.051754 
968 -0.038094 
969 0.137845 
970 0.011428 
971 0.149329 
972 0.026129 
973 0.074720 
974 0.048278 
975 -0.028971 
976 -0.095365 
977 0.128861 
978 -0.060148 
979 0.006588 
980 0.124195 
981 -0.143388 
982 0.086827 
983 -0.147711 
984 -0.032588 
985 -0.114934 
986 -0.042658 
987 -0.038306 
988 0.108277 
989 -0.064919 
990 0.058503 
991 -0.062916 
992 -0.107383 
993 0.063278 
994 -0.018795 
995 0.002504 
996 0.127373 
997 -0.008601 
998 0.009849 
999 -0.041271 
1000 -0.040641 
1001 0.001869 
1002 -0.134408 
1003 -0.047845 
1004 -0.003328 
1005 -0.010953 
1006 0.035533 
1007 0.118919 
1008 -0.114101 
1009 0.043512 
1010 0.063325 
1011 -0.229329 
1012 -0.123738 
1013 0.140854 
1014 -0.085114 
1015 0.084451 
1016 -0.114048 
1017 0.117543 
1018 -0.111430 
1019 -0.187950 
1020 0.445144 
1021 -0.032140 
1022 0.114371 
1023 0.127638 
