0 -0.000573 
1 -0.000649 
2 -0.000592 
3 -0.000373 
4 -0.000079 
5 0.000166 
6 0.000271 
7 0.000267 
8 0.000242 
9 0.000120 
10 -0.000129 
11 -0.000333 
12 -0.000444 
13 -0.000550 
14 -0.000609 
15 -0.000477 
16 -0.000169 
17 0.000106 
18 0.000232 
19 0.000291 
20 0.000309 
21 0.000196 
22 -0.000021 
23 -0.000224 
24 -0.000360 
25 -0.000463 
26 -0.000512 
27 -0.000401 
28 -0.000139 
29 0.000123 
30 0.000312 
31 0.000402 
32 0.000345 
33 0.000180 
34 0.000020 
35 -0.000149 
36 -0.000398 
37 -0.000584 
38 -0.000443 
39 -0.000056 
40 0.000250 
41 0.000416 
42 0.000546 
43 0.000518 
44 0.000225 
45 -0.000103 
46 -0.000243 
47 -0.000296 
48 -0.000408 
49 -0.000443 
50 -0.000169 
51 0.000243 
52 0.000434 
53 0.000420 
54 0.000412 
55 0.000371 
56 0.000172 
57 -0.000032 
58 -0.000105 
59 -0.000186 
60 -0.000342 
61 -0.000332 
62 -0.000028 
63 0.000376 
64 0.000600 
65 0.000621 
66 0.000570 
67 0.000448 
68 0.000149 
69 -0.000180 
70 -0.000258 
71 -0.000106 
72 0.000024 
73 0.000082 
74 0.000172 
75 0.000288 
76 0.000308 
77 0.000245 
78 0.000248 
79 0.000432 
80 0.000628 
81 0.000625 
82 0.000432 
83 0.000225 
84 0.000099 
85 0.000021 
86 0.000029 
87 0.000133 
88 0.000258 
89 0.000396 
90 0.000530 
91 0.000585 
92 0.000530 
93 0.000373 
94 0.000231 
95 0.000191 
96 0.000232 
97 0.000331 
98 0.000450 
99 0.000441 
100 0.000276 
101 0.000187 
102 0.000316 
103 0.000485 
104 0.000521 
105 0.000542 
106 0.000607 
107 0.000537 
108 0.000313 
109 0.000180 
110 0.000251 
111 0.000398 
112 0.000442 
113 0.000411 
114 0.000398 
115 0.000395 
116 0.000415 
117 0.000482 
118 0.000543 
119 0.000533 
120 0.000463 
121 0.000480 
122 0.000516 
123 0.000375 
124 0.000226 
125 0.000244 
126 0.000325 
127 0.000427 
128 0.000570 
129 0.000684 
130 0.000665 
131 0.000511 
132 0.000377 
133 0.000225 
134 -0.000025 
135 -0.000121 
136 0.000139 
137 0.000477 
138 0.000570 
139 0.000686 
140 0.001051 
141 0.001177 
142 0.000755 
143 0.000348 
144 0.000246 
145 -0.000102 
146 -0.000813 
147 -0.001028 
148 -0.000186 
149 0.000872 
150 0.001242 
151 0.001286 
152 0.001403 
153 0.001236 
154 0.000626 
155 -0.000084 
156 -0.000510 
157 -0.000589 
158 -0.000341 
159 0.000163 
160 0.000490 
161 0.000428 
162 0.000405 
163 0.000533 
164 0.000441 
165 0.000108 
166 0.000015 
167 0.000184 
168 0.000004 
169 -0.000450 
170 -0.000530 
171 -0.000132 
172 0.000231 
173 0.000218 
174 0.000297 
175 0.000645 
176 0.000567 
177 -0.000007 
178 -0.000390 
179 -0.000544 
180 -0.000828 
181 -0.000986 
182 -0.000493 
183 0.000183 
184 0.000264 
185 -0.000058 
186 -0.000303 
187 -0.000541 
188 -0.000817 
189 -0.000763 
190 -0.000284 
191 0.000034 
192 -0.000149 
193 -0.000193 
194 -0.000054 
195 -0.000558 
196 -0.001385 
197 -0.001316 
198 -0.000606 
199 -0.000555 
200 -0.000968 
201 -0.000793 
202 -0.000137 
203 0.000018 
204 -0.000298 
205 -0.000271 
206 -0.000007 
207 -0.000185 
208 -0.000443 
209 -0.000669 
210 -0.001268 
211 -0.001799 
212 -0.001737 
213 -0.001236 
214 -0.000630 
215 -0.000032 
216 0.000610 
217 0.000896 
218 0.000409 
219 -0.000540 
220 -0.001301 
221 -0.001699 
222 -0.001909 
223 -0.001871 
224 -0.001439 
225 -0.000966 
226 -0.000760 
227 -0.000272 
228 0.000519 
229 0.000667 
230 0.000105 
231 -0.000518 
232 -0.000991 
233 -0.001675 
234 -0.002534 
235 -0.002876 
236 -0.002337 
237 -0.001207 
238 -0.000240 
239 0.000260 
240 0.000599 
241 0.000679 
242 0.000181 
243 -0.000819 
244 -0.001676 
245 -0.002049 
246 -0.002229 
247 -0.002262 
248 -0.001678 
249 -0.000498 
250 0.000498 
251 0.000708 
252 0.000249 
253 -0.000243 
254 -0.000415 
255 -0.000497 
256 -0.000639 
257 -0.000718 
258 -0.000680 
259 -0.000657 
260 -0.000922 
261 -0.001171 
262 -0.000898 
263 -0.000333 
264 -0.000135 
265 -0.000279 
266 0.000025 
267 0.000706 
268 0.000538 
269 -0.000573 
270 -0.001114 
271 -0.000971 
272 -0.001057 
273 -0.001098 
274 -0.000223 
275 0.001068 
276 0.001191 
277 0.000207 
278 -0.000175 
279 0.000187 
280 -0.000005 
281 -0.000661 
282 -0.000533 
283 0.000302 
284 0.000343 
285 -0.000117 
286 0.000475 
287 0.001329 
288 0.000907 
289 -0.000045 
290 -0.000035 
291 0.000361 
292 -0.000419 
293 -0.001457 
294 -0.000592 
295 0.001243 
296 0.001414 
297 0.000374 
298 0.000509 
299 0.001362 
300 0.000591 
301 -0.000912 
302 -0.000572 
303 0.001142 
304 0.001708 
305 0.001096 
306 0.000966 
307 0.001211 
308 0.000809 
309 0.000200 
310 -0.000080 
311 -0.000300 
312 -0.000017 
313 0.001453 
314 0.002909 
315 0.002579 
316 0.001381 
317 0.001351 
318 0.001846 
319 0.001265 
320 0.000512 
321 0.000761 
322 0.000955 
323 -0.000081 
324 -0.001105 
325 -0.000317 
326 0.001523 
327 0.002485 
328 0.002664 
329 0.003145 
330 0.003323 
331 0.002104 
332 0.000059 
333 -0.001149 
334 -0.001009 
335 -0.000132 
336 0.001134 
337 0.002547 
338 0.003663 
339 0.003960 
340 0.003210 
341 0.001936 
342 0.001019 
343 0.000533 
344 0.000257 
345 0.000606 
346 0.001653 
347 0.002445 
348 0.002473 
349 0.002483 
350 0.002979 
351 0.003397 
352 0.003069 
353 0.002102 
354 0.000749 
355 -0.000387 
356 -0.000662 
357 -0.000355 
358 -0.000104 
359 0.000397 
360 0.001734 
361 0.003675 
362 0.004931 
363 0.004510 
364 0.002789 
365 0.000884 
366 -0.000323 
367 -0.000898 
368 -0.000735 
369 -0.000335 
370 -0.000535 
371 -0.000285 
372 0.001289 
373 0.002845 
374 0.003381 
375 0.003187 
376 0.002830 
377 0.002706 
378 0.002283 
379 0.001055 
380 -0.000253 
381 -0.001043 
382 -0.001780 
383 -0.002486 
384 -0.001938 
385 0.000501 
386 0.003089 
387 0.004346 
388 0.004635 
389 0.004281 
390 0.003104 
391 0.001019 
392 -0.001736 
393 -0.004209 
394 -0.004842 
395 -0.002701 
396 0.000937 
397 0.003536 
398 0.004188 
399 0.003896 
400 0.003429 
401 0.002366 
402 0.000345 
403 -0.001756 
404 -0.002397 
405 -0.001283 
406 -0.000222 
407 -0.000306 
408 -0.000330 
409 0.000262 
410 0.000566 
411 0.000568 
412 0.000829 
413 0.001375 
414 0.001776 
415 0.001578 
416 0.000888 
417 -0.000801 
418 -0.002696 
419 -0.002450 
420 -0.001068 
421 -0.001002 
422 -0.001389 
423 -0.000299 
424 0.001391 
425 0.001338 
426 -0.000551 
427 -0.001911 
428 -0.002215 
429 -0.002685 
430 -0.003097 
431 -0.002786 
432 -0.001852 
433 -0.000540 
434 0.000566 
435 0.000792 
436 0.000240 
437 -0.000017 
438 0.000766 
439 0.000959 
440 -0.000825 
441 -0.002925 
442 -0.003725 
443 -0.003565 
444 -0.003434 
445 -0.003785 
446 -0.003512 
447 -0.001700 
448 0.000227 
449 0.000733 
450 0.000155 
451 -0.000311 
452 -0.000768 
453 -0.002395 
454 -0.004205 
455 -0.004007 
456 -0.003048 
457 -0.003553 
458 -0.004322 
459 -0.003607 
460 -0.001641 
461 -0.000329 
462 -0.001221 
463 -0.002911 
464 -0.003296 
465 -0.002680 
466 -0.002478 
467 -0.002908 
468 -0.003088 
469 -0.002650 
470 -0.002258 
471 -0.001765 
472 -0.001277 
473 -0.002002 
474 -0.003878 
475 -0.005509 
476 -0.005360 
477 -0.003453 
478 -0.001718 
479 -0.001137 
480 -0.000711 
481 -0.000194 
482 -0.000518 
483 -0.002195 
484 -0.004142 
485 -0.004873 
486 -0.004581 
487 -0.004370 
488 -0.004102 
489 -0.002989 
490 -0.001594 
491 -0.001351 
492 -0.002281 
493 -0.002714 
494 -0.001939 
495 -0.000825 
496 -0.000096 
497 -0.000119 
498 -0.001244 
499 -0.003326 
500 -0.005587 
501 -0.006994 
502 -0.007132 
503 -0.005982 
504 -0.003571 
505 -0.000149 
506 0.003235 
507 0.004880 
508 0.003606 
509 0.000408 
510 -0.002605 
511 -0.005193 
512 -0.007233 
513 -0.008187 
514 -0.007469 
515 -0.004736 
516 -0.001068 
517 0.001980 
518 0.003289 
519 0.003226 
520 0.002913 
521 0.001392 
522 -0.001692 
523 -0.004201 
524 -0.005563 
525 -0.006848 
526 -0.007555 
527 -0.005918 
528 -0.002158 
529 0.001169 
530 0.002684 
531 0.003376 
532 0.003579 
533 0.002221 
534 -0.000356 
535 -0.002747 
536 -0.004330 
537 -0.005498 
538 -0.006045 
539 -0.004729 
540 -0.001699 
541 0.001283 
542 0.003416 
543 0.004414 
544 0.003743 
545 0.001897 
546 0.000118 
547 -0.001727 
548 -0.004414 
549 -0.006386 
550 -0.004834 
551 -0.000696 
552 0.002531 
553 0.004247 
554 0.005552 
555 0.005221 
556 0.002191 
557 -0.001133 
558 -0.002522 
559 -0.003019 
560 -0.004098 
561 -0.004397 
562 -0.001714 
563 0.002237 
564 0.004019 
565 0.003849 
566 0.003733 
567 0.003321 
568 0.001479 
569 -0.000369 
570 -0.001009 
571 -0.001705 
572 -0.003052 
573 -0.002928 
574 -0.000295 
575 0.003133 
576 0.004975 
577 0.005094 
578 0.004622 
579 0.003593 
580 0.001160 
581 -0.001461 
582 -0.002051 
583 -0.000853 
584 0.000160 
585 0.000601 
586 0.001276 
587 0.002132 
588 0.002258 
589 0.001778 
590 0.001779 
591 0.003066 
592 0.004409 
593 0.004343 
594 0.002973 
595 0.001540 
596 0.000682 
597 0.000164 
598 0.000219 
599 0.000894 
600 0.001690 
601 0.002547 
602 0.003357 
603 0.003662 
604 0.003287 
605 0.002301 
606 0.001430 
607 0.001180 
608 0.001410 
609 0.001966 
610 0.002625 
611 0.002546 
612 0.001595 
613 0.001091 
614 0.001785 
615 0.002678 
616 0.002849 
617 0.002929 
618 0.003236 
619 0.002839 
620 0.001673 
621 0.000989 
622 0.001334 
623 0.002044 
624 0.002238 
625 0.002064 
626 0.001981 
627 0.001948 
628 0.002019 
629 0.002307 
630 0.002555 
631 0.002482 
632 0.002148 
633 0.002204 
634 0.002338 
635 0.001712 
636 0.001068 
637 0.001133 
638 0.001455 
639 0.001855 
640 0.002408 
641 0.002837 
642 0.002728 
643 0.002098 
644 0.001559 
645 0.000967 
646 0.000018 
647 -0.000340 
648 0.000622 
649 0.001839 
650 0.002152 
651 0.002544 
652 0.003795 
653 0.004189 
654 0.002698 
655 0.001289 
656 0.000930 
657 -0.000237 
658 -0.002558 
659 -0.003224 
660 -0.000497 
661 0.002847 
662 0.003968 
663 0.004060 
664 0.004370 
665 0.003818 
666 0.001953 
667 -0.000168 
668 -0.001412 
669 -0.001625 
670 -0.000900 
671 0.000530 
672 0.001439 
673 0.001255 
674 0.001177 
675 0.001509 
676 0.001241 
677 0.000347 
678 0.000098 
679 0.000530 
680 0.000068 
681 -0.001078 
682 -0.001268 
683 -0.000273 
684 0.000616 
685 0.000577 
686 0.000758 
687 0.001569 
688 0.001367 
689 0.000024 
690 -0.000852 
691 -0.001190 
692 -0.001811 
693 -0.002141 
694 -0.001041 
695 0.000431 
696 0.000598 
697 -0.000092 
698 -0.000608 
699 -0.001098 
700 -0.001654 
701 -0.001527 
702 -0.000552 
703 0.000086 
704 -0.000275 
705 -0.000358 
706 -0.000088 
707 -0.001044 
708 -0.002587 
709 -0.002434 
710 -0.001107 
711 -0.001004 
712 -0.001739 
713 -0.001409 
714 -0.000241 
715 0.000028 
716 -0.000517 
717 -0.000467 
718 -0.000019 
719 -0.000315 
720 -0.000738 
721 -0.001102 
722 -0.002061 
723 -0.002889 
724 -0.002764 
725 -0.001951 
726 -0.000992 
727 -0.000068 
728 0.000904 
729 0.001321 
730 0.000583 
731 -0.000816 
732 -0.001912 
733 -0.002464 
734 -0.002738 
735 -0.002659 
736 -0.002031 
737 -0.001361 
738 -0.001066 
739 -0.000397 
740 0.000664 
741 0.000853 
742 0.000109 
743 -0.000700 
744 -0.001300 
745 -0.002154 
746 -0.003210 
747 -0.003601 
748 -0.002902 
749 -0.001501 
750 -0.000324 
751 0.000276 
752 0.000672 
753 0.000758 
754 0.000179 
755 -0.000962 
756 -0.001918 
757 -0.002313 
758 -0.002486 
759 -0.002496 
760 -0.001838 
761 -0.000557 
762 0.000502 
763 0.000717 
764 0.000233 
765 -0.000273 
766 -0.000444 
767 -0.000519 
768 -0.000652 
769 -0.000722 
770 -0.000677 
771 -0.000646 
772 -0.000891 
773 -0.001117 
774 -0.000852 
775 -0.000324 
776 -0.000142 
777 -0.000271 
778 0.000006 
779 0.000612 
780 0.000461 
781 -0.000506 
782 -0.000965 
783 -0.000830 
784 -0.000892 
785 -0.000915 
786 -0.000182 
787 0.000872 
788 0.000962 
789 0.000166 
790 -0.000139 
791 0.000146 
792 -0.000003 
793 -0.000504 
794 -0.000401 
795 0.000230 
796 0.000259 
797 -0.000078 
798 0.000357 
799 0.000969 
800 0.000661 
801 -0.000015 
802 -0.000008 
803 0.000265 
804 -0.000269 
805 -0.000965 
806 -0.000376 
807 0.000842 
808 0.000946 
809 0.000265 
810 0.000349 
811 0.000888 
812 0.000397 
813 -0.000536 
814 -0.000320 
815 0.000723 
816 0.001057 
817 0.000683 
818 0.000598 
819 0.000734 
820 0.000495 
821 0.000144 
822 -0.000015 
823 -0.000135 
824 0.000023 
825 0.000825 
826 0.001600 
827 0.001407 
828 0.000759 
829 0.000735 
830 0.000982 
831 0.000676 
832 0.000289 
833 0.000411 
834 0.000503 
835 -0.000009 
836 -0.000503 
837 -0.000119 
838 0.000753 
839 0.001195 
840 0.001265 
841 0.001472 
842 0.001537 
843 0.000974 
844 0.000057 
845 -0.000473 
846 -0.000406 
847 -0.000025 
848 0.000512 
849 0.001100 
850 0.001551 
851 0.001656 
852 0.001332 
853 0.000806 
854 0.000432 
855 0.000236 
856 0.000126 
857 0.000259 
858 0.000653 
859 0.000944 
860 0.000944 
861 0.000937 
862 0.001106 
863 0.001243 
864 0.001112 
865 0.000761 
866 0.000283 
867 -0.000110 
868 -0.000204 
869 -0.000101 
870 -0.000018 
871 0.000146 
872 0.000578 
873 0.001194 
874 0.001578 
875 0.001429 
876 0.000879 
877 0.000286 
878 -0.000084 
879 -0.000256 
880 -0.000205 
881 -0.000087 
882 -0.000145 
883 -0.000072 
884 0.000373 
885 0.000803 
886 0.000940 
887 0.000876 
888 0.000770 
889 0.000728 
890 0.000608 
891 0.000280 
892 -0.000061 
893 -0.000262 
894 -0.000447 
895 -0.000619 
896 -0.000478 
897 0.000118 
898 0.000738 
899 0.001027 
900 0.001082 
901 0.000987 
902 0.000706 
903 0.000224 
904 -0.000396 
905 -0.000940 
906 -0.001069 
907 -0.000595 
908 0.000188 
909 0.000735 
910 0.000861 
911 0.000790 
912 0.000684 
913 0.000460 
914 0.000052 
915 -0.000363 
916 -0.000483 
917 -0.000262 
918 -0.000057 
919 -0.000072 
920 -0.000076 
921 0.000034 
922 0.000088 
923 0.000088 
924 0.000133 
925 0.000227 
926 0.000293 
927 0.000255 
928 0.000135 
929 -0.000149 
930 -0.000461 
931 -0.000416 
932 -0.000188 
933 -0.000175 
934 -0.000234 
935 -0.000062 
936 0.000199 
937 0.000188 
938 -0.000100 
939 -0.000302 
940 -0.000344 
941 -0.000409 
942 -0.000464 
943 -0.000414 
944 -0.000278 
945 -0.000091 
946 0.000062 
947 0.000092 
948 0.000017 
949 -0.000018 
950 0.000085 
951 0.000109 
952 -0.000122 
953 -0.000388 
954 -0.000484 
955 -0.000459 
956 -0.000439 
957 -0.000477 
958 -0.000438 
959 -0.000217 
960 0.000013 
961 0.000072 
962 0.000004 
963 -0.000050 
964 -0.000101 
965 -0.000283 
966 -0.000481 
967 -0.000453 
968 -0.000343 
969 -0.000393 
970 -0.000472 
971 -0.000391 
972 -0.000182 
973 -0.000043 
974 -0.000135 
975 -0.000305 
976 -0.000341 
977 -0.000275 
978 -0.000252 
979 -0.000292 
980 -0.000307 
981 -0.000262 
982 -0.000222 
983 -0.000174 
984 -0.000126 
985 -0.000193 
986 -0.000365 
987 -0.000512 
988 -0.000494 
989 -0.000317 
990 -0.000158 
991 -0.000104 
992 -0.000066 
993 -0.000020 
994 -0.000048 
995 -0.000193 
996 -0.000361 
997 -0.000422 
998 -0.000393 
999 -0.000373 
1000 -0.000348 
1001 -0.000252 
1002 -0.000133 
1003 -0.000111 
1004 -0.000188 
1005 -0.000223 
1006 -0.000157 
1007 -0.000065 
1008 -0.000004 
1009 -0.000006 
1010 -0.000098 
1011 -0.000266 
1012 -0.000448 
1013 -0.000561 
1014 -0.000570 
1015 -0.000476 
1016 -0.000281 
1017 -0.000006 
1018 0.000266 
1019 0.000398 
1020 0.000295 
1021 0.000040 
1022 -0.000201 
1023 -0.000408 
