0 -0.000329 
1 -0.000186 
2 0.000020 
3 0.000235 
4 0.000326 
5 0.000239 
6 0.000099 
7 0.000053 
8 0.000028 
9 -0.000060 
10 -0.000135 
11 -0.000150 
12 -0.000189 
13 -0.000241 
14 -0.000160 
15 0.000021 
16 0.000178 
17 0.000305 
18 0.000391 
19 0.000309 
20 0.000101 
21 -0.000037 
22 -0.000094 
23 -0.000261 
24 -0.000442 
25 -0.000310 
26 0.000069 
27 0.000295 
28 0.000318 
29 0.000417 
30 0.000549 
31 0.000412 
32 0.000105 
33 -0.000068 
34 -0.000138 
35 -0.000307 
36 -0.000411 
37 -0.000212 
38 0.000105 
39 0.000246 
40 0.000289 
41 0.000377 
42 0.000454 
43 0.000419 
44 0.000252 
45 0.000012 
46 -0.000192 
47 -0.000210 
48 0.000009 
49 0.000284 
50 0.000417 
51 0.000413 
52 0.000443 
53 0.000531 
54 0.000508 
55 0.000307 
56 0.000133 
57 0.000126 
58 0.000152 
59 0.000132 
60 0.000232 
61 0.000531 
62 0.000788 
63 0.000773 
64 0.000582 
65 0.000435 
66 0.000415 
67 0.000463 
68 0.000530 
69 0.000602 
70 0.000692 
71 0.000781 
72 0.000747 
73 0.000597 
74 0.000490 
75 0.000513 
76 0.000452 
77 0.000259 
78 0.000270 
79 0.000660 
80 0.001018 
81 0.000950 
82 0.000721 
83 0.000707 
84 0.000732 
85 0.000575 
86 0.000495 
87 0.000678 
88 0.000937 
89 0.001039 
90 0.000968 
91 0.000781 
92 0.000590 
93 0.000574 
94 0.000621 
95 0.000486 
96 0.000330 
97 0.000487 
98 0.000825 
99 0.001014 
100 0.001156 
101 0.001431 
102 0.001529 
103 0.001187 
104 0.000798 
105 0.000744 
106 0.000737 
107 0.000492 
108 0.000454 
109 0.001023 
110 0.001621 
111 0.001622 
112 0.001352 
113 0.001336 
114 0.001306 
115 0.000769 
116 0.000215 
117 0.000369 
118 0.001045 
119 0.001491 
120 0.001526 
121 0.001575 
122 0.001571 
123 0.001054 
124 0.000287 
125 0.000011 
126 0.000306 
127 0.000672 
128 0.000982 
129 0.001418 
130 0.001832 
131 0.001869 
132 0.001535 
133 0.000914 
134 0.000114 
135 -0.000571 
136 -0.000776 
137 -0.000538 
138 -0.000083 
139 0.000554 
140 0.001265 
141 0.001768 
142 0.001769 
143 0.001344 
144 0.000726 
145 -0.000089 
146 -0.000873 
147 -0.001135 
148 -0.000666 
149 0.000074 
150 0.000526 
151 0.000774 
152 0.001152 
153 0.001550 
154 0.001408 
155 0.000723 
156 -0.000064 
157 -0.000530 
158 -0.000557 
159 -0.000472 
160 -0.000593 
161 -0.000489 
162 0.000193 
163 0.000776 
164 0.000602 
165 0.000043 
166 -0.000010 
167 0.000072 
168 -0.000493 
169 -0.001350 
170 -0.001580 
171 -0.000993 
172 -0.000443 
173 -0.000391 
174 -0.000311 
175 -0.000053 
176 -0.000245 
177 -0.000851 
178 -0.001084 
179 -0.001091 
180 -0.001626 
181 -0.002430 
182 -0.002296 
183 -0.001396 
184 -0.000911 
185 -0.001064 
186 -0.000948 
187 -0.000338 
188 0.000011 
189 -0.000436 
190 -0.001443 
191 -0.002458 
192 -0.003177 
193 -0.003438 
194 -0.003324 
195 -0.002860 
196 -0.002110 
197 -0.001061 
198 0.000206 
199 0.000770 
200 0.000394 
201 -0.000456 
202 -0.001577 
203 -0.003141 
204 -0.004426 
205 -0.004353 
206 -0.003258 
207 -0.002587 
208 -0.002243 
209 -0.001112 
210 0.000265 
211 0.000336 
212 -0.000720 
213 -0.001261 
214 -0.001318 
215 -0.002330 
216 -0.003596 
217 -0.003482 
218 -0.002444 
219 -0.002295 
220 -0.002793 
221 -0.002332 
222 -0.001410 
223 -0.001540 
224 -0.002295 
225 -0.002123 
226 -0.001253 
227 -0.001398 
228 -0.002216 
229 -0.002093 
230 -0.001384 
231 -0.001690 
232 -0.002756 
233 -0.003144 
234 -0.002804 
235 -0.002850 
236 -0.003120 
237 -0.002338 
238 -0.000795 
239 0.000104 
240 0.000065 
241 -0.000125 
242 -0.000333 
243 -0.001433 
244 -0.002879 
245 -0.003497 
246 -0.003502 
247 -0.003535 
248 -0.002830 
249 -0.001141 
250 0.000229 
251 0.000897 
252 0.001286 
253 0.001147 
254 -0.000091 
255 -0.001604 
256 -0.002641 
257 -0.003305 
258 -0.003463 
259 -0.002535 
260 -0.001096 
261 -0.000398 
262 -0.000275 
263 0.000261 
264 0.000821 
265 -0.000245 
266 -0.002599 
267 -0.003944 
268 -0.003738 
269 -0.003387 
270 -0.002881 
271 -0.001125 
272 0.001346 
273 0.002396 
274 0.002071 
275 0.001696 
276 0.000933 
277 -0.000889 
278 -0.002390 
279 -0.002417 
280 -0.002261 
281 -0.002538 
282 -0.002191 
283 -0.000971 
284 -0.000195 
285 -0.000191 
286 0.000597 
287 0.002130 
288 0.002381 
289 0.001257 
290 0.001138 
291 0.001560 
292 -0.000213 
293 -0.003571 
294 -0.004545 
295 -0.002477 
296 -0.000796 
297 -0.000408 
298 0.001219 
299 0.004198 
300 0.005639 
301 0.004411 
302 0.002369 
303 0.000424 
304 -0.001964 
305 -0.004148 
306 -0.004552 
307 -0.003201 
308 -0.001462 
309 0.000710 
310 0.003442 
311 0.005331 
312 0.005015 
313 0.003248 
314 0.001380 
315 -0.000568 
316 -0.002858 
317 -0.004298 
318 -0.003829 
319 -0.002140 
320 -0.000313 
321 0.001711 
322 0.003688 
323 0.004147 
324 0.002743 
325 0.000812 
326 -0.000121 
327 -0.000343 
328 -0.001193 
329 -0.002324 
330 -0.002181 
331 -0.001039 
332 -0.000171 
333 0.000091 
334 0.000792 
335 0.001968 
336 0.002106 
337 0.001291 
338 0.000852 
339 0.000924 
340 0.000145 
341 -0.001625 
342 -0.002400 
343 -0.000968 
344 0.000660 
345 0.000550 
346 -0.000703 
347 -0.001327 
348 -0.000882 
349 -0.000348 
350 0.000228 
351 0.001213 
352 0.001849 
353 0.001689 
354 0.001212 
355 0.000473 
356 -0.001136 
357 -0.003114 
358 -0.004579 
359 -0.005078 
360 -0.004281 
361 -0.001527 
362 0.001987 
363 0.004126 
364 0.004568 
365 0.004314 
366 0.003166 
367 -0.000107 
368 -0.004461 
369 -0.007080 
370 -0.007198 
371 -0.006209 
372 -0.004028 
373 0.000118 
374 0.004231 
375 0.005670 
376 0.005212 
377 0.004320 
378 0.001915 
379 -0.002514 
380 -0.005988 
381 -0.005763 
382 -0.003884 
383 -0.002886 
384 -0.001531 
385 0.001894 
386 0.004554 
387 0.003287 
388 -0.000266 
389 -0.001478 
390 -0.000148 
391 -0.000338 
392 -0.002896 
393 -0.004420 
394 -0.002860 
395 -0.000480 
396 -0.000264 
397 -0.001425 
398 -0.001465 
399 -0.000267 
400 0.000376 
401 -0.000282 
402 -0.000493 
403 0.000366 
404 0.000795 
405 -0.000331 
406 -0.001886 
407 -0.002199 
408 -0.001494 
409 -0.001132 
410 -0.001247 
411 -0.000216 
412 0.001869 
413 0.002706 
414 0.001548 
415 0.000389 
416 0.000751 
417 0.000746 
418 -0.001448 
419 -0.003638 
420 -0.003229 
421 -0.001435 
422 -0.000886 
423 -0.000809 
424 0.000760 
425 0.002834 
426 0.003018 
427 0.002292 
428 0.002537 
429 0.002054 
430 -0.001146 
431 -0.005131 
432 -0.006499 
433 -0.005475 
434 -0.003493 
435 -0.000541 
436 0.002869 
437 0.005088 
438 0.005873 
439 0.005130 
440 0.002261 
441 -0.001988 
442 -0.005586 
443 -0.006540 
444 -0.005436 
445 -0.003674 
446 -0.001299 
447 0.001766 
448 0.003866 
449 0.003707 
450 0.002251 
451 0.000611 
452 -0.001239 
453 -0.002861 
454 -0.003028 
455 -0.001996 
456 -0.001071 
457 -0.000501 
458 0.000114 
459 0.000796 
460 0.000743 
461 0.000342 
462 0.000515 
463 0.001342 
464 0.001558 
465 0.000746 
466 0.000171 
467 0.000663 
468 0.001230 
469 0.000611 
470 -0.000320 
471 0.000269 
472 0.001667 
473 0.002168 
474 0.001808 
475 0.001391 
476 0.000365 
477 -0.001732 
478 -0.002893 
479 -0.001506 
480 0.001104 
481 0.002929 
482 0.003729 
483 0.003871 
484 0.003327 
485 0.001512 
486 -0.001322 
487 -0.004192 
488 -0.005746 
489 -0.004489 
490 -0.001447 
491 0.000867 
492 0.002211 
493 0.004055 
494 0.005860 
495 0.004918 
496 0.001226 
497 -0.002341 
498 -0.003888 
499 -0.004723 
500 -0.005687 
501 -0.004623 
502 -0.000815 
503 0.003382 
504 0.005262 
505 0.005668 
506 0.005538 
507 0.003889 
508 0.000221 
509 -0.003572 
510 -0.005464 
511 -0.005291 
512 -0.004104 
513 -0.002376 
514 0.000209 
515 0.002970 
516 0.004172 
517 0.003125 
518 0.001386 
519 0.000809 
520 0.000488 
521 -0.000674 
522 -0.001706 
523 -0.001924 
524 -0.002339 
525 -0.002918 
526 -0.001956 
527 0.000262 
528 0.002250 
529 0.003834 
530 0.004795 
531 0.003716 
532 0.001208 
533 -0.000451 
534 -0.001167 
535 -0.003173 
536 -0.005256 
537 -0.003631 
538 0.000850 
539 0.003507 
540 0.003800 
541 0.004913 
542 0.006342 
543 0.004741 
544 0.001259 
545 -0.000751 
546 -0.001604 
547 -0.003438 
548 -0.004420 
549 -0.002100 
550 0.001384 
551 0.002869 
552 0.003232 
553 0.004059 
554 0.004793 
555 0.004377 
556 0.002623 
557 0.000208 
558 -0.001775 
559 -0.001907 
560 0.000280 
561 0.002978 
562 0.004269 
563 0.004182 
564 0.004373 
565 0.005108 
566 0.004849 
567 0.002973 
568 0.001363 
569 0.001289 
570 0.001565 
571 0.001419 
572 0.002317 
573 0.004924 
574 0.007113 
575 0.006874 
576 0.005109 
577 0.003765 
578 0.003543 
579 0.003926 
580 0.004478 
581 0.005052 
582 0.005728 
583 0.006390 
584 0.006122 
585 0.004968 
586 0.004092 
587 0.004144 
588 0.003576 
589 0.002088 
590 0.002132 
591 0.004913 
592 0.007451 
593 0.006936 
594 0.005281 
595 0.005154 
596 0.005360 
597 0.004364 
598 0.003776 
599 0.004835 
600 0.006349 
601 0.006849 
602 0.006284 
603 0.005057 
604 0.003860 
605 0.003745 
606 0.004031 
607 0.003316 
608 0.002522 
609 0.003447 
610 0.005245 
611 0.006150 
612 0.006810 
613 0.008185 
614 0.008576 
615 0.006647 
616 0.004550 
617 0.004249 
618 0.004230 
619 0.003020 
620 0.002856 
621 0.005668 
622 0.008529 
623 0.008422 
624 0.006988 
625 0.006766 
626 0.006518 
627 0.003949 
628 0.001310 
629 0.001947 
630 0.005002 
631 0.007060 
632 0.007220 
633 0.007368 
634 0.007266 
635 0.005004 
636 0.001696 
637 0.000474 
638 0.001635 
639 0.003073 
640 0.004230 
641 0.005878 
642 0.007466 
643 0.007604 
644 0.006295 
645 0.003900 
646 0.000884 
647 -0.001636 
648 -0.002353 
649 -0.001475 
650 0.000142 
651 0.002374 
652 0.004833 
653 0.006529 
654 0.006439 
655 0.004871 
656 0.002701 
657 -0.000041 
658 -0.002586 
659 -0.003347 
660 -0.001716 
661 0.000727 
662 0.002167 
663 0.002886 
664 0.003961 
665 0.005069 
666 0.004524 
667 0.002362 
668 -0.000032 
669 -0.001388 
670 -0.001391 
671 -0.001039 
672 -0.001284 
673 -0.000940 
674 0.000931 
675 0.002484 
676 0.001981 
677 0.000421 
678 0.000178 
679 0.000303 
680 -0.001179 
681 -0.003331 
682 -0.003856 
683 -0.002339 
684 -0.000931 
685 -0.000757 
686 -0.000529 
687 0.000095 
688 -0.000348 
689 -0.001755 
690 -0.002308 
691 -0.002363 
692 -0.003580 
693 -0.005349 
694 -0.005021 
695 -0.003010 
696 -0.001896 
697 -0.002149 
698 -0.001856 
699 -0.000540 
700 0.000208 
701 -0.000712 
702 -0.002768 
703 -0.004809 
704 -0.006211 
705 -0.006700 
706 -0.006439 
707 -0.005465 
708 -0.003942 
709 -0.001908 
710 0.000452 
711 0.001483 
712 0.000807 
713 -0.000709 
714 -0.002683 
715 -0.005395 
716 -0.007587 
717 -0.007424 
718 -0.005513 
719 -0.004340 
720 -0.003731 
721 -0.001854 
722 0.000411 
723 0.000546 
724 -0.001109 
725 -0.001932 
726 -0.001993 
727 -0.003522 
728 -0.005415 
729 -0.005218 
730 -0.003645 
731 -0.003393 
732 -0.004087 
733 -0.003402 
734 -0.002098 
735 -0.002280 
736 -0.003280 
737 -0.002948 
738 -0.001702 
739 -0.001893 
740 -0.002982 
741 -0.002789 
742 -0.001843 
743 -0.002253 
744 -0.003625 
745 -0.004074 
746 -0.003593 
747 -0.003622 
748 -0.003923 
749 -0.002900 
750 -0.000981 
751 0.000091 
752 0.000025 
753 -0.000180 
754 -0.000376 
755 -0.001614 
756 -0.003260 
757 -0.003956 
758 -0.003946 
759 -0.003967 
760 -0.003187 
761 -0.001327 
762 0.000188 
763 0.000936 
764 0.001360 
765 0.001211 
766 -0.000063 
767 -0.001596 
768 -0.002650 
769 -0.003335 
770 -0.003500 
771 -0.002562 
772 -0.001139 
773 -0.000456 
774 -0.000324 
775 0.000212 
776 0.000769 
777 -0.000190 
778 -0.002323 
779 -0.003512 
780 -0.003307 
781 -0.002992 
782 -0.002566 
783 -0.001068 
784 0.001046 
785 0.001951 
786 0.001694 
787 0.001387 
788 0.000772 
789 -0.000699 
790 -0.001910 
791 -0.001942 
792 -0.001814 
793 -0.002006 
794 -0.001723 
795 -0.000791 
796 -0.000198 
797 -0.000170 
798 0.000416 
799 0.001503 
800 0.001635 
801 0.000804 
802 0.000709 
803 0.001000 
804 -0.000214 
805 -0.002460 
806 -0.003046 
807 -0.001622 
808 -0.000510 
809 -0.000263 
810 0.000789 
811 0.002664 
812 0.003504 
813 0.002683 
814 0.001425 
815 0.000272 
816 -0.001146 
817 -0.002427 
818 -0.002613 
819 -0.001774 
820 -0.000766 
821 0.000448 
822 0.001958 
823 0.002978 
824 0.002755 
825 0.001754 
826 0.000758 
827 -0.000246 
828 -0.001423 
829 -0.002155 
830 -0.001893 
831 -0.001021 
832 -0.000117 
833 0.000850 
834 0.001794 
835 0.002008 
836 0.001335 
837 0.000425 
838 0.000004 
839 -0.000073 
840 -0.000458 
841 -0.000989 
842 -0.000949 
843 -0.000450 
844 -0.000068 
845 0.000043 
846 0.000354 
847 0.000885 
848 0.000974 
849 0.000637 
850 0.000437 
851 0.000446 
852 0.000111 
853 -0.000620 
854 -0.000943 
855 -0.000386 
856 0.000248 
857 0.000210 
858 -0.000256 
859 -0.000468 
860 -0.000283 
861 -0.000084 
862 0.000119 
863 0.000456 
864 0.000655 
865 0.000566 
866 0.000380 
867 0.000119 
868 -0.000424 
869 -0.001059 
870 -0.001497 
871 -0.001620 
872 -0.001346 
873 -0.000469 
874 0.000631 
875 0.001280 
876 0.001383 
877 0.001283 
878 0.000939 
879 -0.000026 
880 -0.001294 
881 -0.002034 
882 -0.002038 
883 -0.001736 
884 -0.001121 
885 0.000022 
886 0.001145 
887 0.001527 
888 0.001400 
889 0.001161 
890 0.000522 
891 -0.000636 
892 -0.001526 
893 -0.001456 
894 -0.000976 
895 -0.000730 
896 -0.000396 
897 0.000442 
898 0.001080 
899 0.000769 
900 -0.000068 
901 -0.000337 
902 -0.000022 
903 -0.000067 
904 -0.000643 
905 -0.000972 
906 -0.000617 
907 -0.000103 
908 -0.000069 
909 -0.000325 
910 -0.000334 
911 -0.000078 
912 0.000066 
913 -0.000054 
914 -0.000084 
915 0.000096 
916 0.000182 
917 -0.000041 
918 -0.000356 
919 -0.000433 
920 -0.000312 
921 -0.000247 
922 -0.000264 
923 -0.000072 
924 0.000315 
925 0.000477 
926 0.000283 
927 0.000080 
928 0.000134 
929 0.000125 
930 -0.000249 
931 -0.000618 
932 -0.000555 
933 -0.000266 
934 -0.000174 
935 -0.000157 
936 0.000094 
937 0.000420 
938 0.000450 
939 0.000339 
940 0.000368 
941 0.000289 
942 -0.000181 
943 -0.000752 
944 -0.000943 
945 -0.000795 
946 -0.000512 
947 -0.000102 
948 0.000357 
949 0.000648 
950 0.000748 
951 0.000643 
952 0.000259 
953 -0.000296 
954 -0.000748 
955 -0.000852 
956 -0.000701 
957 -0.000478 
958 -0.000183 
959 0.000184 
960 0.000423 
961 0.000389 
962 0.000211 
963 0.000024 
964 -0.000183 
965 -0.000362 
966 -0.000374 
967 -0.000251 
968 -0.000141 
969 -0.000075 
970 -0.000013 
971 0.000058 
972 0.000051 
973 0.000009 
974 0.000022 
975 0.000103 
976 0.000124 
977 0.000044 
978 -0.000009 
979 0.000044 
980 0.000104 
981 0.000047 
982 -0.000044 
983 0.000007 
984 0.000133 
985 0.000176 
986 0.000139 
987 0.000099 
988 0.000006 
989 -0.000179 
990 -0.000278 
991 -0.000148 
992 0.000086 
993 0.000247 
994 0.000315 
995 0.000322 
996 0.000268 
997 0.000107 
998 -0.000134 
999 -0.000374 
1000 -0.000500 
1001 -0.000388 
1002 -0.000130 
1003 0.000063 
1004 0.000170 
1005 0.000321 
1006 0.000469 
1007 0.000389 
1008 0.000084 
1009 -0.000208 
1010 -0.000328 
1011 -0.000392 
1012 -0.000471 
1013 -0.000386 
1014 -0.000078 
1015 0.000260 
1016 0.000407 
1017 0.000437 
1018 0.000426 
1019 0.000295 
1020 -0.000001 
1021 -0.000305 
1022 -0.000453 
1023 -0.000434 
