0 0.000130 
1 0.000269 
2 0.000341 
3 0.000322 
4 0.000227 
5 0.000065 
6 -0.000181 
7 -0.000440 
8 -0.000582 
9 -0.000580 
10 -0.000497 
11 -0.000328 
12 -0.000065 
13 0.000226 
14 0.000404 
15 0.000403 
16 0.000288 
17 0.000133 
18 -0.000058 
19 -0.000244 
20 -0.000363 
21 -0.000374 
22 -0.000266 
23 -0.000083 
24 0.000063 
25 0.000070 
26 -0.000030 
27 -0.000113 
28 -0.000159 
29 -0.000228 
30 -0.000302 
31 -0.000335 
32 -0.000352 
33 -0.000353 
34 -0.000316 
35 -0.000313 
36 -0.000415 
37 -0.000533 
38 -0.000525 
39 -0.000356 
40 -0.000142 
41 0.000019 
42 0.000119 
43 0.000124 
44 0.000024 
45 -0.000084 
46 -0.000227 
47 -0.000473 
48 -0.000709 
49 -0.000770 
50 -0.000640 
51 -0.000478 
52 -0.000347 
53 -0.000179 
54 -0.000054 
55 -0.000078 
56 -0.000221 
57 -0.000397 
58 -0.000553 
59 -0.000673 
60 -0.000701 
61 -0.000621 
62 -0.000500 
63 -0.000414 
64 -0.000320 
65 -0.000125 
66 0.000132 
67 0.000302 
68 0.000289 
69 0.000159 
70 -0.000046 
71 -0.000370 
72 -0.000695 
73 -0.000826 
74 -0.000807 
75 -0.000795 
76 -0.000725 
77 -0.000437 
78 -0.000097 
79 0.000038 
80 0.000035 
81 -0.000007 
82 -0.000210 
83 -0.000574 
84 -0.000844 
85 -0.000900 
86 -0.000765 
87 -0.000425 
88 0.000140 
89 0.000727 
90 0.001012 
91 0.000878 
92 0.000462 
93 -0.000109 
94 -0.000738 
95 -0.001301 
96 -0.001689 
97 -0.001770 
98 -0.001494 
99 -0.000950 
100 -0.000363 
101 0.000064 
102 0.000247 
103 0.000202 
104 0.000027 
105 -0.000140 
106 -0.000230 
107 -0.000334 
108 -0.000528 
109 -0.000657 
110 -0.000646 
111 -0.000645 
112 -0.000606 
113 -0.000337 
114 0.000078 
115 0.000355 
116 0.000523 
117 0.000663 
118 0.000540 
119 -0.000072 
120 -0.000795 
121 -0.001214 
122 -0.001419 
123 -0.001518 
124 -0.001260 
125 -0.000653 
126 0.000019 
127 0.000630 
128 0.001195 
129 0.001419 
130 0.001105 
131 0.000574 
132 0.000153 
133 -0.000375 
134 -0.001051 
135 -0.001454 
136 -0.001458 
137 -0.001284 
138 -0.000919 
139 -0.000184 
140 0.000536 
141 0.000836 
142 0.000969 
143 0.001155 
144 0.001060 
145 0.000445 
146 -0.000259 
147 -0.000743 
148 -0.001161 
149 -0.001482 
150 -0.001374 
151 -0.000807 
152 -0.000007 
153 0.000887 
154 0.001717 
155 0.002154 
156 0.002026 
157 0.001329 
158 0.000297 
159 -0.000717 
160 -0.001364 
161 -0.001661 
162 -0.001709 
163 -0.001369 
164 -0.000572 
165 0.000383 
166 0.001178 
167 0.001818 
168 0.002062 
169 0.001688 
170 0.001137 
171 0.000745 
172 0.000234 
173 -0.000410 
174 -0.000667 
175 -0.000322 
176 0.000226 
177 0.000856 
178 0.001699 
179 0.002328 
180 0.002215 
181 0.001718 
182 0.001322 
183 0.000845 
184 0.000175 
185 -0.000269 
186 -0.000192 
187 0.000093 
188 0.000297 
189 0.000471 
190 0.000719 
191 0.000976 
192 0.001237 
193 0.001425 
194 0.001548 
195 0.001685 
196 0.001722 
197 0.001377 
198 0.000890 
199 0.000711 
200 0.000931 
201 0.001251 
202 0.001716 
203 0.002409 
204 0.002965 
205 0.003094 
206 0.003047 
207 0.002869 
208 0.002239 
209 0.001309 
210 0.000811 
211 0.000878 
212 0.000922 
213 0.000721 
214 0.000778 
215 0.001407 
216 0.002256 
217 0.002806 
218 0.003216 
219 0.003648 
220 0.003782 
221 0.003149 
222 0.002043 
223 0.001348 
224 0.001315 
225 0.001736 
226 0.002415 
227 0.002899 
228 0.002790 
229 0.002239 
230 0.001736 
231 0.001256 
232 0.000414 
233 -0.000380 
234 -0.000358 
235 0.000204 
236 0.000607 
237 0.000961 
238 0.001368 
239 0.001553 
240 0.001412 
241 0.001377 
242 0.002026 
243 0.003089 
244 0.003604 
245 0.003431 
246 0.003142 
247 0.002882 
248 0.002304 
249 0.001428 
250 0.000828 
251 0.000592 
252 0.000412 
253 0.000352 
254 0.000689 
255 0.000862 
256 0.000248 
257 -0.000660 
258 -0.001061 
259 -0.001019 
260 -0.001254 
261 -0.001664 
262 -0.001388 
263 -0.000300 
264 0.001226 
265 0.002923 
266 0.004366 
267 0.004615 
268 0.003604 
269 0.002548 
270 0.001775 
271 0.000320 
272 -0.001689 
273 -0.002771 
274 -0.002467 
275 -0.001805 
276 -0.000947 
277 0.000400 
278 0.001209 
279 0.000567 
280 -0.000541 
281 -0.001004 
282 -0.001489 
283 -0.002615 
284 -0.003506 
285 -0.003299 
286 -0.002715 
287 -0.002397 
288 -0.001904 
289 -0.000689 
290 0.000916 
291 0.002217 
292 0.003051 
293 0.003504 
294 0.003074 
295 0.001217 
296 -0.001576 
297 -0.004341 
298 -0.006177 
299 -0.006520 
300 -0.005351 
301 -0.003088 
302 -0.000465 
303 0.001800 
304 0.003045 
305 0.002869 
306 0.001233 
307 -0.001571 
308 -0.004875 
309 -0.007149 
310 -0.007148 
311 -0.005318 
312 -0.002858 
313 -0.000118 
314 0.002364 
315 0.003437 
316 0.002637 
317 0.000579 
318 -0.001721 
319 -0.003664 
320 -0.004865 
321 -0.005001 
322 -0.004488 
323 -0.003834 
324 -0.002957 
325 -0.001864 
326 -0.000980 
327 -0.000470 
328 -0.000147 
329 0.000043 
330 0.000089 
331 -0.000018 
332 -0.000505 
333 -0.001367 
334 -0.002022 
335 -0.002263 
336 -0.002322 
337 -0.002122 
338 -0.001483 
339 -0.000652 
340 -0.000036 
341 0.000215 
342 -0.000100 
343 -0.001147 
344 -0.002333 
345 -0.002780 
346 -0.002664 
347 -0.002387 
348 -0.002010 
349 -0.001509 
350 -0.001082 
351 -0.000824 
352 -0.000895 
353 -0.001029 
354 -0.000655 
355 -0.000014 
356 -0.000124 
357 -0.000714 
358 -0.000913 
359 -0.000855 
360 -0.001282 
361 -0.002052 
362 -0.002576 
363 -0.002815 
364 -0.002508 
365 -0.001328 
366 0.000136 
367 0.000761 
368 0.000835 
369 0.001281 
370 0.001681 
371 0.000757 
372 -0.001441 
373 -0.003010 
374 -0.003179 
375 -0.002715 
376 -0.001816 
377 -0.000058 
378 0.001840 
379 0.002641 
380 0.002403 
381 0.001781 
382 0.000394 
383 -0.001922 
384 -0.003800 
385 -0.004265 
386 -0.003915 
387 -0.003162 
388 -0.001928 
389 -0.000655 
390 0.000716 
391 0.002514 
392 0.003885 
393 0.003597 
394 0.002236 
395 0.000926 
396 -0.000520 
397 -0.001856 
398 -0.002027 
399 -0.001027 
400 0.000216 
401 0.001852 
402 0.004165 
403 0.005265 
404 0.003899 
405 0.001457 
406 -0.000794 
407 -0.002853 
408 -0.004352 
409 -0.004815 
410 -0.004428 
411 -0.003336 
412 -0.001255 
413 0.001090 
414 0.002492 
415 0.002662 
416 0.002484 
417 0.002111 
418 0.001071 
419 -0.000177 
420 -0.001441 
421 -0.002590 
422 -0.002974 
423 -0.001970 
424 0.000065 
425 0.001985 
426 0.003078 
427 0.003724 
428 0.003913 
429 0.003270 
430 0.002381 
431 0.001332 
432 -0.000071 
433 -0.001468 
434 -0.001899 
435 -0.001314 
436 -0.000837 
437 -0.000962 
438 -0.000526 
439 0.001210 
440 0.003618 
441 0.005563 
442 0.005776 
443 0.004395 
444 0.002975 
445 0.002478 
446 0.002548 
447 0.002168 
448 0.001339 
449 0.001029 
450 0.001704 
451 0.002934 
452 0.003773 
453 0.003265 
454 0.001513 
455 0.000004 
456 -0.000244 
457 0.000123 
458 0.000246 
459 0.000523 
460 0.001175 
461 0.001690 
462 0.001976 
463 0.002756 
464 0.004297 
465 0.005488 
466 0.005875 
467 0.006184 
468 0.006284 
469 0.005112 
470 0.002367 
471 -0.000678 
472 -0.002956 
473 -0.004287 
474 -0.004182 
475 -0.002449 
476 -0.000193 
477 0.001354 
478 0.002380 
479 0.003494 
480 0.004005 
481 0.003234 
482 0.001931 
483 0.000827 
484 0.000128 
485 0.000161 
486 0.001187 
487 0.002631 
488 0.003795 
489 0.004904 
490 0.006245 
491 0.006713 
492 0.005311 
493 0.002349 
494 -0.000741 
495 -0.002911 
496 -0.004224 
497 -0.004969 
498 -0.004500 
499 -0.002409 
500 0.000706 
501 0.003291 
502 0.004436 
503 0.004699 
504 0.004561 
505 0.004162 
506 0.003491 
507 0.002123 
508 0.000557 
509 -0.000497 
510 -0.000748 
511 -0.000018 
512 0.001625 
513 0.003359 
514 0.004259 
515 0.004025 
516 0.002837 
517 0.000822 
518 -0.002234 
519 -0.005447 
520 -0.007206 
521 -0.007170 
522 -0.006135 
523 -0.004043 
524 -0.000813 
525 0.002749 
526 0.004915 
527 0.004878 
528 0.003470 
529 0.001595 
530 -0.000704 
531 -0.002915 
532 -0.004314 
533 -0.004419 
534 -0.003118 
535 -0.000956 
536 0.000755 
537 0.000829 
538 -0.000332 
539 -0.001295 
540 -0.001806 
541 -0.002578 
542 -0.003399 
543 -0.003737 
544 -0.003899 
545 -0.003880 
546 -0.003445 
547 -0.003384 
548 -0.004470 
549 -0.005705 
550 -0.005574 
551 -0.003747 
552 -0.001461 
553 0.000234 
554 0.001262 
555 0.001310 
556 0.000283 
557 -0.000794 
558 -0.002216 
559 -0.004626 
560 -0.006893 
561 -0.007425 
562 -0.006092 
563 -0.004474 
564 -0.003179 
565 -0.001572 
566 -0.000396 
567 -0.000612 
568 -0.001905 
569 -0.003474 
570 -0.004830 
571 -0.005841 
572 -0.006034 
573 -0.005276 
574 -0.004187 
575 -0.003407 
576 -0.002576 
577 -0.000915 
578 0.001212 
579 0.002588 
580 0.002458 
581 0.001391 
582 -0.000239 
583 -0.002759 
584 -0.005233 
585 -0.006183 
586 -0.005964 
587 -0.005808 
588 -0.005221 
589 -0.003064 
590 -0.000577 
591 0.000389 
592 0.000363 
593 0.000062 
594 -0.001344 
595 -0.003803 
596 -0.005582 
597 -0.005889 
598 -0.004934 
599 -0.002667 
600 0.000986 
601 0.004699 
602 0.006443 
603 0.005549 
604 0.002945 
605 -0.000541 
606 -0.004300 
607 -0.007580 
608 -0.009762 
609 -0.010125 
610 -0.008433 
611 -0.005272 
612 -0.001936 
613 0.000436 
614 0.001434 
615 0.001180 
616 0.000243 
617 -0.000639 
618 -0.001094 
619 -0.001616 
620 -0.002584 
621 -0.003204 
622 -0.003120 
623 -0.003085 
624 -0.002862 
625 -0.001548 
626 0.000435 
627 0.001726 
628 0.002485 
629 0.003097 
630 0.002506 
631 -0.000255 
632 -0.003443 
633 -0.005236 
634 -0.006063 
635 -0.006421 
636 -0.005259 
637 -0.002677 
638 0.000111 
639 0.002591 
640 0.004827 
641 0.005659 
642 0.004356 
643 0.002246 
644 0.000608 
645 -0.001393 
646 -0.003909 
647 -0.005353 
648 -0.005308 
649 -0.004617 
650 -0.003258 
651 -0.000622 
652 0.001898 
653 0.002910 
654 0.003331 
655 0.003921 
656 0.003564 
657 0.001494 
658 -0.000822 
659 -0.002373 
660 -0.003676 
661 -0.004648 
662 -0.004258 
663 -0.002465 
664 0.000001 
665 0.002699 
666 0.005145 
667 0.006380 
668 0.005938 
669 0.003863 
670 0.000880 
671 -0.001987 
672 -0.003767 
673 -0.004539 
674 -0.004619 
675 -0.003656 
676 -0.001497 
677 0.001032 
678 0.003091 
679 0.004704 
680 0.005274 
681 0.004274 
682 0.002854 
683 0.001854 
684 0.000587 
685 -0.000978 
686 -0.001584 
687 -0.000758 
688 0.000523 
689 0.001967 
690 0.003868 
691 0.005250 
692 0.004941 
693 0.003786 
694 0.002876 
695 0.001810 
696 0.000358 
697 -0.000582 
698 -0.000413 
699 0.000184 
700 0.000605 
701 0.000952 
702 0.001443 
703 0.001934 
704 0.002423 
705 0.002756 
706 0.002961 
707 0.003191 
708 0.003228 
709 0.002553 
710 0.001633 
711 0.001293 
712 0.001677 
713 0.002233 
714 0.003033 
715 0.004213 
716 0.005133 
717 0.005301 
718 0.005169 
719 0.004815 
720 0.003721 
721 0.002155 
722 0.001323 
723 0.001415 
724 0.001470 
725 0.001143 
726 0.001222 
727 0.002173 
728 0.003437 
729 0.004225 
730 0.004790 
731 0.005371 
732 0.005508 
733 0.004540 
734 0.002917 
735 0.001909 
736 0.001844 
737 0.002403 
738 0.003302 
739 0.003918 
740 0.003729 
741 0.002962 
742 0.002279 
743 0.001637 
744 0.000546 
745 -0.000467 
746 -0.000436 
747 0.000264 
748 0.000754 
749 0.001178 
750 0.001656 
751 0.001861 
752 0.001678 
753 0.001621 
754 0.002354 
755 0.003538 
756 0.004078 
757 0.003837 
758 0.003474 
759 0.003154 
760 0.002496 
761 0.001535 
762 0.000884 
763 0.000627 
764 0.000433 
765 0.000367 
766 0.000707 
767 0.000871 
768 0.000247 
769 -0.000654 
770 -0.001041 
771 -0.000992 
772 -0.001209 
773 -0.001586 
774 -0.001317 
775 -0.000302 
776 0.001093 
777 0.002618 
778 0.003885 
779 0.004065 
780 0.003131 
781 0.002175 
782 0.001483 
783 0.000228 
784 -0.001466 
785 -0.002351 
786 -0.002075 
787 -0.001516 
788 -0.000811 
789 0.000270 
790 0.000902 
791 0.000387 
792 -0.000477 
793 -0.000827 
794 -0.001183 
795 -0.002015 
796 -0.002658 
797 -0.002479 
798 -0.002033 
799 -0.001784 
800 -0.001417 
801 -0.000548 
802 0.000574 
803 0.001464 
804 0.002017 
805 0.002298 
806 0.001986 
807 0.000738 
808 -0.001096 
809 -0.002872 
810 -0.004017 
811 -0.004191 
812 -0.003414 
813 -0.001976 
814 -0.000349 
815 0.001026 
816 0.001762 
817 0.001638 
818 0.000658 
819 -0.000980 
820 -0.002871 
821 -0.004137 
822 -0.004096 
823 -0.003037 
824 -0.001651 
825 -0.000140 
826 0.001201 
827 0.001763 
828 0.001326 
829 0.000243 
830 -0.000944 
831 -0.001923 
832 -0.002510 
833 -0.002553 
834 -0.002275 
835 -0.001934 
836 -0.001491 
837 -0.000953 
838 -0.000524 
839 -0.000277 
840 -0.000123 
841 -0.000033 
842 -0.000008 
843 -0.000054 
844 -0.000270 
845 -0.000645 
846 -0.000922 
847 -0.001016 
848 -0.001032 
849 -0.000937 
850 -0.000661 
851 -0.000313 
852 -0.000058 
853 0.000046 
854 -0.000076 
855 -0.000484 
856 -0.000940 
857 -0.001102 
858 -0.001048 
859 -0.000933 
860 -0.000783 
861 -0.000589 
862 -0.000426 
863 -0.000330 
864 -0.000351 
865 -0.000394 
866 -0.000259 
867 -0.000035 
868 -0.000070 
869 -0.000265 
870 -0.000324 
871 -0.000298 
872 -0.000430 
873 -0.000670 
874 -0.000829 
875 -0.000895 
876 -0.000790 
877 -0.000420 
878 0.000028 
879 0.000217 
880 0.000239 
881 0.000371 
882 0.000486 
883 0.000219 
884 -0.000403 
885 -0.000836 
886 -0.000873 
887 -0.000736 
888 -0.000484 
889 -0.000010 
890 0.000489 
891 0.000693 
892 0.000624 
893 0.000461 
894 0.000110 
895 -0.000465 
896 -0.000919 
897 -0.001019 
898 -0.000922 
899 -0.000733 
900 -0.000434 
901 -0.000134 
902 0.000181 
903 0.000587 
904 0.000888 
905 0.000814 
906 0.000507 
907 0.000219 
908 -0.000092 
909 -0.000373 
910 -0.000403 
911 -0.000191 
912 0.000066 
913 0.000395 
914 0.000851 
915 0.001058 
916 0.000780 
917 0.000302 
918 -0.000130 
919 -0.000516 
920 -0.000788 
921 -0.000863 
922 -0.000781 
923 -0.000561 
924 -0.000185 
925 0.000230 
926 0.000470 
927 0.000494 
928 0.000459 
929 0.000390 
930 0.000213 
931 0.000006 
932 -0.000200 
933 -0.000383 
934 -0.000439 
935 -0.000277 
936 0.000039 
937 0.000332 
938 0.000493 
939 0.000584 
940 0.000606 
941 0.000506 
942 0.000373 
943 0.000219 
944 0.000018 
945 -0.000179 
946 -0.000238 
947 -0.000158 
948 -0.000094 
949 -0.000110 
950 -0.000052 
951 0.000174 
952 0.000482 
953 0.000725 
954 0.000744 
955 0.000564 
956 0.000384 
957 0.000319 
958 0.000323 
959 0.000274 
960 0.000173 
961 0.000134 
962 0.000210 
963 0.000348 
964 0.000438 
965 0.000375 
966 0.000177 
967 0.000009 
968 -0.000017 
969 0.000023 
970 0.000036 
971 0.000065 
972 0.000132 
973 0.000184 
974 0.000210 
975 0.000287 
976 0.000439 
977 0.000553 
978 0.000586 
979 0.000612 
980 0.000617 
981 0.000499 
982 0.000231 
983 -0.000061 
984 -0.000276 
985 -0.000400 
986 -0.000388 
987 -0.000226 
988 -0.000018 
989 0.000123 
990 0.000215 
991 0.000313 
992 0.000356 
993 0.000285 
994 0.000169 
995 0.000071 
996 0.000009 
997 0.000011 
998 0.000099 
999 0.000221 
1000 0.000319 
1001 0.000411 
1002 0.000522 
1003 0.000559 
1004 0.000439 
1005 0.000191 
1006 -0.000066 
1007 -0.000245 
1008 -0.000352 
1009 -0.000412 
1010 -0.000373 
1011 -0.000201 
1012 0.000053 
1013 0.000261 
1014 0.000353 
1015 0.000373 
1016 0.000360 
1017 0.000327 
1018 0.000272 
1019 0.000163 
1020 0.000037 
1021 -0.000047 
1022 -0.000066 
1023 -0.000008 
