0 -0.189679 
1 0.269158 
2 1.081050 
3 -0.125040 
4 0.077346 
5 -0.010002 
6 -0.087175 
7 0.082879 
8 0.033010 
9 -0.194083 
10 0.196418 
11 0.069636 
12 -0.267143 
13 0.180820 
14 0.070688 
15 -0.095654 
16 0.074777 
17 0.190670 
18 -0.210212 
19 0.093890 
20 0.134659 
21 -0.052872 
22 -0.025722 
23 0.357305 
24 -0.115555 
25 -0.087402 
26 0.218347 
27 -0.073853 
28 -0.153634 
29 0.331996 
30 -0.123579 
31 -0.096460 
32 0.152855 
33 -0.064986 
34 -0.216055 
35 0.320233 
36 -0.008105 
37 -0.107892 
38 0.135855 
39 -0.051335 
40 -0.044109 
41 0.118796 
42 0.029998 
43 -0.076607 
44 -0.027535 
45 0.047952 
46 -0.115928 
47 0.002745 
48 0.048350 
49 -0.074260 
50 0.025078 
51 0.043226 
52 -0.027399 
53 0.053952 
54 0.022785 
55 0.050534 
56 0.086533 
57 0.005346 
58 0.060604 
59 0.037529 
60 -0.078029 
61 0.139511 
62 0.041557 
63 -0.076912 
64 0.176581 
65 0.012825 
66 -0.050209 
67 0.176190 
68 -0.065864 
69 -0.072987 
70 0.115545 
71 0.116595 
72 -0.101523 
73 0.153290 
74 -0.037666 
75 -0.126672 
76 0.084262 
77 0.122785 
78 -0.166109 
79 0.192101 
80 -0.084004 
81 -0.079925 
82 -0.029605 
83 0.104271 
84 -0.150571 
85 0.050634 
86 0.073252 
87 -0.137311 
88 -0.013250 
89 0.065377 
90 -0.040622 
91 0.021004 
92 0.162362 
93 -0.119585 
94 0.014196 
95 0.083032 
96 0.067290 
97 -0.026891 
98 0.136509 
99 -0.098177 
100 -0.028633 
101 0.028013 
102 0.037177 
103 0.004548 
104 0.112679 
105 -0.038894 
106 -0.030957 
107 -0.027242 
108 0.141812 
109 -0.028695 
110 0.134686 
111 0.069371 
112 -0.097946 
113 0.034319 
114 -0.005582 
115 -0.019847 
116 0.089258 
117 0.058830 
118 -0.040853 
119 -0.009874 
120 -0.030051 
121 -0.026231 
122 0.011799 
123 0.073981 
124 0.003311 
125 -0.003939 
126 -0.003174 
127 0.042842 
128 -0.076889 
129 0.159487 
130 -0.018459 
131 -0.035368 
132 0.106622 
133 -0.000990 
134 -0.063347 
135 0.160326 
136 -0.120067 
137 0.025842 
138 0.059396 
139 -0.013643 
140 -0.019787 
141 0.035890 
142 0.032521 
143 0.019694 
144 0.030335 
145 0.020269 
146 0.053955 
147 0.044412 
148 0.093259 
149 -0.007161 
150 -0.013535 
151 0.057167 
152 -0.030287 
153 0.058212 
154 -0.004814 
155 -0.078832 
156 0.067487 
157 -0.107215 
158 0.064898 
159 0.099708 
160 -0.067583 
161 0.083080 
162 -0.014142 
163 -0.021096 
164 0.105372 
165 0.083244 
166 -0.001996 
167 -0.003448 
168 0.004596 
169 -0.044261 
170 0.007586 
171 0.070090 
172 -0.065999 
173 0.061708 
174 0.007967 
175 -0.002609 
176 -0.078700 
177 0.130450 
178 -0.014055 
179 0.100763 
180 -0.005964 
181 -0.024303 
182 -0.003743 
183 0.130726 
184 -0.107540 
185 0.076418 
186 0.010157 
187 -0.098064 
188 0.094685 
189 0.022067 
190 -0.055098 
191 0.087428 
192 -0.037691 
193 -0.084193 
194 0.027991 
195 0.078126 
196 -0.039285 
197 0.005622 
198 0.089621 
199 -0.051404 
200 -0.030997 
201 0.051753 
202 -0.003573 
203 0.024623 
204 0.170511 
205 -0.042004 
206 -0.097449 
207 0.092326 
208 0.028711 
209 -0.072448 
210 0.062320 
211 0.102493 
212 -0.089414 
213 0.059567 
214 0.082520 
215 -0.093015 
216 0.100735 
217 0.191051 
218 -0.190176 
219 0.119966 
220 0.139444 
221 -0.122802 
222 0.016125 
223 0.092535 
224 -0.102362 
225 0.055422 
226 0.047859 
227 -0.030992 
228 -0.069745 
229 0.180949 
230 -0.096190 
231 -0.043831 
232 0.131018 
233 0.068017 
234 -0.118957 
235 0.247585 
236 -0.137102 
237 -0.075532 
238 0.206769 
239 -0.138569 
240 0.015006 
241 0.151349 
242 -0.139353 
243 0.049650 
244 0.035695 
245 -0.072855 
246 0.137646 
247 -0.073671 
248 0.052304 
249 0.021885 
250 -0.088423 
251 0.077860 
252 0.008027 
253 -0.032768 
254 0.103821 
255 -0.014779 
256 0.000248 
257 -0.013519 
258 0.120560 
259 -0.003677 
260 -0.008596 
261 0.107252 
262 -0.024658 
263 -0.154590 
264 0.259084 
265 -0.081935 
266 -0.116778 
267 0.285109 
268 -0.121161 
269 -0.149108 
270 0.367465 
271 -0.139583 
272 -0.089733 
273 0.320916 
274 -0.131717 
275 -0.058171 
276 0.259478 
277 -0.119985 
278 -0.113747 
279 0.120134 
280 -0.033317 
281 -0.199147 
282 0.216868 
283 -0.013115 
284 -0.218412 
285 0.221389 
286 0.028306 
287 -0.257539 
288 0.276032 
289 -0.012520 
290 -0.130090 
291 0.266462 
292 -0.095725 
293 -0.228362 
294 0.248541 
295 -0.069599 
296 -0.066884 
297 0.162577 
298 -0.043054 
299 -0.072802 
300 0.163253 
301 -0.011389 
302 -0.061414 
303 0.135018 
304 0.109871 
305 -0.175136 
306 0.213320 
307 0.025631 
308 -0.102292 
309 0.121111 
310 0.015782 
311 -0.099581 
312 0.240113 
313 -0.061253 
314 -0.082797 
315 0.191067 
316 -0.069125 
317 -0.032436 
318 0.075812 
319 -0.035959 
320 0.045659 
321 0.094517 
322 -0.115947 
323 -0.022473 
324 0.054717 
325 0.032250 
326 -0.025068 
327 0.128236 
328 0.000366 
329 -0.097641 
330 0.126919 
331 -0.073098 
332 -0.053215 
333 0.240425 
334 -0.188054 
335 -0.016182 
336 0.132017 
337 -0.133552 
338 0.022923 
339 0.124381 
340 -0.119604 
341 0.117193 
342 0.035599 
343 -0.026359 
344 0.059620 
345 0.051989 
346 0.051474 
347 -0.076169 
348 0.039860 
349 0.019771 
350 -0.064575 
351 0.074614 
352 0.081657 
353 -0.114906 
354 0.110455 
355 0.002285 
356 -0.098007 
357 0.228783 
358 -0.032993 
359 -0.024183 
360 0.110397 
361 -0.085894 
362 0.031557 
363 0.047708 
364 -0.054748 
365 0.090850 
366 -0.113964 
367 0.069755 
368 -0.017488 
369 -0.072508 
370 0.148018 
371 -0.024978 
372 -0.106203 
373 0.202230 
374 -0.156655 
375 -0.040244 
376 0.155791 
377 -0.091590 
378 0.032490 
379 0.115948 
380 -0.173946 
381 0.087788 
382 0.056828 
383 0.051867 
384 0.002071 
385 0.055802 
386 0.047900 
387 -0.022585 
388 0.049450 
389 0.083039 
390 -0.125032 
391 0.153618 
392 0.029259 
393 -0.096106 
394 0.163657 
395 -0.017921 
396 -0.041707 
397 0.123405 
398 -0.005829 
399 -0.001570 
400 0.135188 
401 -0.095525 
402 0.045960 
403 -0.001867 
404 -0.059977 
405 0.024616 
406 0.005893 
407 -0.001087 
408 0.084607 
409 -0.100319 
410 -0.015561 
411 0.026752 
412 0.075728 
413 0.010264 
414 0.075074 
415 -0.024818 
416 -0.052340 
417 0.047251 
418 0.038717 
419 -0.104105 
420 0.200916 
421 -0.066069 
422 -0.091398 
423 0.152357 
424 -0.046793 
425 -0.076553 
426 0.218112 
427 -0.067183 
428 -0.008062 
429 0.140257 
430 -0.018860 
431 -0.115526 
432 0.152237 
433 0.056673 
434 -0.176684 
435 0.146750 
436 0.036709 
437 -0.163633 
438 0.195656 
439 0.090673 
440 -0.200290 
441 0.110564 
442 0.136792 
443 -0.247462 
444 0.252090 
445 0.047000 
446 -0.169717 
447 0.076566 
448 0.049559 
449 -0.136610 
450 0.134215 
451 0.043967 
452 -0.013043 
453 -0.030911 
454 0.124737 
455 -0.117983 
456 0.017470 
457 0.114814 
458 -0.025475 
459 -0.103543 
460 0.191982 
461 -0.181366 
462 0.020021 
463 0.120962 
464 -0.042019 
465 0.002198 
466 0.136577 
467 -0.182648 
468 0.101981 
469 0.038035 
470 0.031013 
471 -0.025676 
472 0.026349 
473 0.050305 
474 -0.056819 
475 0.063227 
476 0.062989 
477 -0.104966 
478 0.140928 
479 0.073655 
480 -0.126830 
481 0.193293 
482 0.025505 
483 -0.137818 
484 0.149479 
485 0.006967 
486 -0.080260 
487 0.147961 
488 -0.050619 
489 -0.059579 
490 0.068989 
491 0.016500 
492 -0.048489 
493 0.057865 
494 0.116598 
495 -0.039620 
496 -0.018853 
497 0.075910 
498 -0.102183 
499 0.079700 
500 0.135979 
501 -0.162157 
502 0.051135 
503 0.077024 
504 -0.156025 
505 0.131247 
506 0.007978 
507 -0.034626 
508 0.156705 
509 -0.040452 
510 -0.054833 
511 0.106727 
512 -0.011306 
513 -0.021119 
514 0.093951 
515 -0.010610 
516 -0.070885 
517 0.121354 
518 -0.051243 
519 -0.053985 
520 0.142182 
521 -0.034821 
522 -0.121275 
523 0.193749 
524 -0.021416 
525 -0.087090 
526 0.168011 
527 -0.079627 
528 -0.153739 
529 0.270972 
530 -0.087365 
531 -0.080097 
532 0.200053 
533 -0.027713 
534 -0.185089 
535 0.267745 
536 -0.077838 
537 -0.075193 
538 0.259688 
539 -0.013416 
540 -0.235005 
541 0.266256 
542 -0.119772 
543 -0.158965 
544 0.295999 
545 -0.015448 
546 -0.191329 
547 0.287516 
548 -0.134125 
549 -0.079140 
550 0.286553 
551 -0.038455 
552 -0.129947 
553 0.237250 
554 -0.107965 
555 -0.050493 
556 0.116597 
557 -0.027842 
558 -0.096569 
559 0.138211 
560 0.037158 
561 -0.118774 
562 0.146072 
563 0.025519 
564 -0.086060 
565 0.178086 
566 0.020215 
567 -0.095863 
568 0.162891 
569 -0.089542 
570 -0.051498 
571 0.191784 
572 -0.158922 
573 0.081050 
574 0.078197 
575 -0.131276 
576 0.069989 
577 0.112664 
578 -0.219976 
579 0.187552 
580 0.096107 
581 -0.163938 
582 0.135314 
583 0.005464 
584 -0.166388 
585 0.112915 
586 0.135589 
587 -0.145669 
588 0.078719 
589 0.120442 
590 -0.181746 
591 0.033452 
592 0.261075 
593 -0.220369 
594 0.023533 
595 0.247926 
596 -0.267444 
597 0.055792 
598 0.219510 
599 -0.258087 
600 0.070164 
601 0.231645 
602 -0.169666 
603 -0.039488 
604 0.297474 
605 -0.195742 
606 0.054346 
607 0.149676 
608 -0.078143 
609 -0.139307 
610 0.270608 
611 -0.121551 
612 -0.089571 
613 0.161586 
614 -0.044923 
615 -0.196198 
616 0.247719 
617 0.006254 
618 -0.076606 
619 0.204496 
620 -0.006041 
621 -0.148413 
622 0.169843 
623 0.043795 
624 -0.112922 
625 0.140263 
626 0.058083 
627 -0.215459 
628 0.107271 
629 -0.022581 
630 -0.080248 
631 0.103638 
632 0.103883 
633 -0.122807 
634 0.108555 
635 0.021874 
636 -0.100316 
637 0.118343 
638 0.009923 
639 -0.006712 
640 0.026648 
641 0.068506 
642 -0.072889 
643 0.035626 
644 0.042201 
645 -0.059974 
646 0.044019 
647 0.123938 
648 -0.070139 
649 0.038480 
650 0.082649 
651 -0.175198 
652 0.154940 
653 0.077514 
654 -0.130170 
655 0.174722 
656 0.019541 
657 -0.095775 
658 0.173146 
659 -0.038311 
660 -0.000287 
661 0.155219 
662 0.005773 
663 -0.055557 
664 0.024359 
665 0.004933 
666 -0.061813 
667 0.074712 
668 0.029989 
669 -0.079197 
670 0.058603 
671 0.017459 
672 -0.065316 
673 0.142314 
674 0.107896 
675 -0.098433 
676 0.119704 
677 -0.004286 
678 -0.137283 
679 0.170404 
680 -0.068011 
681 -0.081826 
682 0.084892 
683 -0.026149 
684 -0.142466 
685 0.131056 
686 -0.077210 
687 0.031011 
688 0.067372 
689 0.054027 
690 -0.148144 
691 0.205974 
692 -0.034388 
693 0.013505 
694 0.034966 
695 0.031748 
696 -0.143228 
697 0.166475 
698 -0.040625 
699 -0.070958 
700 0.140823 
701 -0.051849 
702 -0.100462 
703 0.228233 
704 -0.012860 
705 0.003033 
706 0.105525 
707 -0.023763 
708 -0.063795 
709 0.193842 
710 -0.070283 
711 -0.010976 
712 0.086954 
713 0.023661 
714 -0.049227 
715 0.036062 
716 -0.014945 
717 0.031152 
718 0.006997 
719 0.052386 
720 -0.087460 
721 0.057757 
722 -0.052091 
723 0.022226 
724 -0.032789 
725 0.066810 
726 0.020351 
727 0.001077 
728 0.015294 
729 0.074346 
730 0.002409 
731 -0.000649 
732 -0.010512 
733 0.056313 
734 0.015381 
735 0.061288 
736 -0.090922 
737 -0.010350 
738 -0.001048 
739 0.074051 
740 -0.047514 
741 0.073993 
742 0.108196 
743 -0.064827 
744 0.100689 
745 0.074103 
746 -0.085726 
747 0.209731 
748 0.002307 
749 -0.060914 
750 0.137514 
751 -0.100810 
752 -0.044791 
753 0.037145 
754 0.009284 
755 0.072590 
756 0.006921 
757 -0.069277 
758 0.087701 
759 -0.048803 
760 0.064608 
761 0.156292 
762 -0.148399 
763 0.100976 
764 0.094717 
765 -0.186884 
766 0.119831 
767 0.029726 
768 -0.075568 
769 0.012170 
770 0.111084 
771 -0.149357 
772 0.005529 
773 0.082300 
774 -0.066442 
775 -0.089016 
776 0.219871 
777 -0.092550 
778 -0.081160 
779 0.291539 
780 -0.113637 
781 -0.132774 
782 0.284207 
783 -0.114385 
784 -0.094941 
785 0.348467 
786 -0.150028 
787 -0.148884 
788 0.300135 
789 -0.212550 
790 -0.065998 
791 0.295059 
792 -0.121513 
793 -0.099914 
794 0.274775 
795 -0.111374 
796 -0.104836 
797 0.279483 
798 -0.005847 
799 -0.132964 
800 0.330045 
801 -0.075661 
802 -0.216757 
803 0.254804 
804 -0.074916 
805 -0.228864 
806 0.292635 
807 -0.153950 
808 -0.194106 
809 0.201338 
810 -0.022405 
811 -0.194683 
812 0.291278 
813 -0.050029 
814 -0.080563 
815 0.143639 
816 0.022398 
817 -0.181066 
818 0.204228 
819 -0.018703 
820 -0.059551 
821 0.086547 
822 0.012077 
823 -0.135123 
824 0.173972 
825 -0.048213 
826 0.025049 
827 0.127130 
828 -0.026281 
829 0.054423 
830 0.064827 
831 -0.006056 
832 0.010264 
833 0.070542 
834 0.030508 
835 0.038052 
836 0.049055 
837 -0.030870 
838 -0.027205 
839 0.077282 
840 0.003733 
841 0.018973 
842 0.092089 
843 -0.097036 
844 -0.020543 
845 0.159282 
846 -0.168635 
847 0.060197 
848 0.104941 
849 -0.163407 
850 0.157194 
851 0.107982 
852 -0.236625 
853 0.183529 
854 0.028458 
855 -0.081355 
856 0.112045 
857 0.033959 
858 -0.109944 
859 0.006466 
860 0.093212 
861 -0.139063 
862 -0.043302 
863 0.151245 
864 -0.074233 
865 -0.056795 
866 0.239680 
867 -0.148803 
868 -0.088659 
869 0.229455 
870 -0.144287 
871 0.100795 
872 0.259279 
873 -0.197419 
874 -0.046496 
875 0.216383 
876 -0.110317 
877 -0.025816 
878 0.136109 
879 -0.063294 
880 -0.002509 
881 0.162716 
882 -0.037048 
883 -0.133959 
884 0.209877 
885 0.052896 
886 -0.142412 
887 0.204192 
888 0.068232 
889 -0.224998 
890 0.210339 
891 0.003291 
892 -0.198159 
893 0.230652 
894 -0.019317 
895 -0.140283 
896 0.101802 
897 0.042894 
898 -0.227019 
899 0.167765 
900 -0.035269 
901 -0.017990 
902 0.068247 
903 0.056694 
904 -0.146534 
905 0.095642 
906 0.056070 
907 -0.114854 
908 0.198546 
909 0.034157 
910 -0.141797 
911 0.044872 
912 0.003075 
913 -0.121618 
914 0.163878 
915 -0.023089 
916 -0.128993 
917 0.121113 
918 0.024578 
919 -0.189666 
920 0.237553 
921 0.041928 
922 -0.025664 
923 0.233654 
924 -0.072097 
925 -0.118779 
926 0.322814 
927 -0.100466 
928 -0.099109 
929 0.178032 
930 -0.100369 
931 -0.196867 
932 0.365364 
933 -0.147616 
934 -0.073293 
935 0.292072 
936 -0.116818 
937 -0.109036 
938 0.288154 
939 -0.036585 
940 -0.145449 
941 0.242009 
942 -0.029598 
943 -0.267899 
944 0.304824 
945 0.000567 
946 -0.206407 
947 0.261777 
948 0.068597 
949 -0.439568 
950 0.386537 
951 0.040543 
952 -0.222602 
953 0.287396 
954 -0.085817 
955 -0.301116 
956 0.276548 
957 0.026395 
958 -0.131983 
959 0.135795 
960 0.005829 
961 -0.239218 
962 0.228102 
963 0.060281 
964 -0.057394 
965 0.139334 
966 0.086638 
967 -0.085417 
968 -0.011914 
969 0.068493 
970 -0.076916 
971 -0.013652 
972 0.198517 
973 -0.242824 
974 0.138086 
975 0.058494 
976 -0.081572 
977 0.128360 
978 0.145372 
979 0.003482 
980 0.174942 
981 -0.108342 
982 0.059172 
983 0.115976 
984 -0.097776 
985 -0.044339 
986 -0.004354 
987 -0.172291 
988 0.115421 
989 -0.063379 
990 -0.157948 
991 0.191429 
992 0.102532 
993 -0.002832 
994 0.059688 
995 0.193143 
996 0.060733 
997 -0.069492 
998 0.045589 
999 -0.177059 
1000 -0.076614 
1001 0.226194 
1002 -0.256035 
1003 -0.277017 
1004 0.205006 
1005 0.012498 
1006 -0.098016 
1007 0.156181 
1008 0.213359 
1009 -0.067233 
1010 0.239477 
1011 0.009220 
1012 -0.164812 
1013 0.161796 
1014 0.487688 
1015 -0.359525 
1016 -0.332818 
1017 0.316615 
1018 -0.251809 
1019 -0.026558 
1020 0.556412 
1021 -0.225332 
1022 -0.032560 
1023 -0.054973 
