0 0.025407 
1 0.845468 
2 -0.004449 
3 0.034645 
4 0.104006 
5 -0.055413 
6 0.171148 
7 0.003817 
8 -0.049392 
9 -0.140530 
10 0.094689 
11 -0.024668 
12 0.028905 
13 -0.057889 
14 0.143179 
15 -0.107859 
16 -0.104038 
17 0.099386 
18 0.051376 
19 0.071620 
20 -0.009957 
21 0.152650 
22 -0.085807 
23 0.047100 
24 -0.080464 
25 -0.134760 
26 0.009577 
27 0.037876 
28 -0.039759 
29 0.064351 
30 0.038881 
31 -0.012270 
32 0.099316 
33 -0.064807 
34 0.080694 
35 0.067808 
36 -0.097217 
37 0.148697 
38 -0.079165 
39 0.039738 
40 0.086730 
41 -0.150365 
42 0.078279 
43 -0.079209 
44 -0.044900 
45 -0.057766 
46 -0.019718 
47 -0.034359 
48 0.047734 
49 -0.139256 
50 -0.010433 
51 -0.072911 
52 -0.065165 
53 -0.000640 
54 -0.097003 
55 0.037098 
56 -0.045818 
57 -0.053665 
58 0.021758 
59 0.003741 
60 -0.020135 
61 0.063629 
62 -0.025468 
63 -0.093243 
64 0.090603 
65 -0.116902 
66 0.079074 
67 -0.044555 
68 0.036937 
69 0.016955 
70 -0.085315 
71 0.037362 
72 -0.079816 
73 0.076243 
74 -0.000602 
75 0.085820 
76 0.040156 
77 -0.026240 
78 0.026373 
79 0.043562 
80 -0.057006 
81 0.108116 
82 -0.043368 
83 0.018837 
84 0.038181 
85 -0.065823 
86 0.086349 
87 -0.168179 
88 0.083288 
89 -0.084063 
90 -0.050208 
91 -0.115966 
92 0.126474 
93 0.039327 
94 -0.030198 
95 0.091914 
96 -0.038703 
97 -0.076652 
98 0.106184 
99 -0.062111 
100 0.020472 
101 0.080886 
102 -0.018746 
103 0.021755 
104 0.065946 
105 -0.049427 
106 0.146859 
107 -0.207560 
108 0.150583 
109 0.093228 
110 -0.009988 
111 0.120015 
112 -0.019930 
113 0.117747 
114 0.096767 
115 0.025704 
116 -0.031885 
117 0.078191 
118 -0.120573 
119 0.125848 
120 -0.067026 
121 -0.006740 
122 0.029951 
123 -0.101577 
124 -0.024139 
125 -0.072336 
126 -0.048397 
127 -0.021699 
128 -0.089097 
129 0.012908 
130 0.004945 
131 0.044458 
132 -0.065093 
133 0.030015 
134 -0.037506 
135 -0.004998 
136 -0.068498 
137 0.043124 
138 0.059630 
139 0.048376 
140 0.065852 
141 -0.019828 
142 -0.052242 
143 -0.001456 
144 0.017555 
145 -0.083390 
146 0.120042 
147 -0.111543 
148 0.030355 
149 -0.030628 
150 -0.053908 
151 0.101976 
152 -0.091146 
153 -0.025425 
154 0.000722 
155 -0.038907 
156 0.037607 
157 -0.016948 
158 0.017016 
159 -0.015187 
160 0.004013 
161 -0.081992 
162 0.042677 
163 -0.091969 
164 0.068097 
165 -0.022959 
166 0.043981 
167 -0.009565 
168 0.078041 
169 -0.118418 
170 0.107797 
171 -0.118093 
172 0.123020 
173 -0.001488 
174 0.019237 
175 0.080920 
176 0.015231 
177 0.013766 
178 0.024287 
179 -0.052217 
180 0.098573 
181 -0.059547 
182 -0.031449 
183 0.085666 
184 -0.079073 
185 0.047246 
186 0.053327 
187 -0.083724 
188 0.024048 
189 -0.040166 
190 -0.005385 
191 0.028301 
192 -0.001669 
193 0.031775 
194 -0.024831 
195 0.009325 
196 -0.012561 
197 -0.022467 
198 -0.096716 
199 -0.038533 
200 -0.026296 
201 -0.033386 
202 0.013895 
203 -0.086427 
204 0.074893 
205 -0.171654 
206 0.090037 
207 -0.132364 
208 0.010868 
209 0.003072 
210 -0.037111 
211 0.048483 
212 -0.001587 
213 0.048253 
214 0.001742 
215 -0.003322 
216 -0.030148 
217 -0.001752 
218 0.056768 
219 -0.065926 
220 0.135848 
221 -0.043646 
222 0.070817 
223 -0.015131 
224 -0.045921 
225 0.041517 
226 -0.005797 
227 -0.018086 
228 0.060250 
229 0.042293 
230 -0.004123 
231 0.155113 
232 -0.101397 
233 0.066917 
234 -0.007973 
235 -0.055639 
236 0.065255 
237 -0.038166 
238 0.063100 
239 0.000563 
240 -0.034060 
241 0.025671 
242 -0.044581 
243 0.003872 
244 -0.022843 
245 -0.017676 
246 0.008667 
247 0.053343 
248 -0.068029 
249 0.091009 
250 -0.068537 
251 0.058252 
252 -0.008898 
253 -0.004414 
254 -0.033715 
255 0.109281 
256 -0.138997 
257 0.182219 
258 -0.094104 
259 0.097338 
260 -0.046689 
261 -0.038920 
262 -0.053041 
263 0.025636 
264 -0.050022 
265 0.069257 
266 -0.031741 
267 0.034298 
268 0.005119 
269 -0.039471 
270 -0.040828 
271 0.054062 
272 -0.082412 
273 0.067597 
274 -0.045019 
275 0.015428 
276 0.031169 
277 -0.034607 
278 0.031308 
279 -0.023999 
280 -0.016360 
281 0.017692 
282 -0.019504 
283 -0.010907 
284 0.100066 
285 -0.042910 
286 0.059064 
287 -0.031595 
288 -0.058702 
289 0.059462 
290 -0.116734 
291 0.058699 
292 0.005155 
293 0.034479 
294 -0.016748 
295 0.085031 
296 -0.116598 
297 0.084095 
298 -0.095010 
299 0.003439 
300 0.011461 
301 -0.047802 
302 0.033357 
303 -0.001165 
304 -0.041136 
305 0.048383 
306 -0.079474 
307 -0.014893 
308 -0.009138 
309 -0.002123 
310 0.010379 
311 0.029223 
312 -0.096641 
313 0.129479 
314 -0.108438 
315 0.000045 
316 0.048517 
317 -0.151391 
318 0.119802 
319 -0.103100 
320 0.020168 
321 0.025299 
322 -0.005246 
323 0.006262 
324 0.004045 
325 -0.062972 
326 0.019487 
327 -0.007189 
328 -0.011516 
329 0.064729 
330 0.048842 
331 0.021950 
332 0.029122 
333 -0.046950 
334 0.053367 
335 -0.058287 
336 0.044817 
337 -0.008055 
338 0.036021 
339 -0.016576 
340 0.048230 
341 -0.067743 
342 0.019498 
343 -0.029329 
344 -0.007153 
345 0.004538 
346 0.003900 
347 0.012212 
348 0.052719 
349 -0.049846 
350 0.067347 
351 -0.006845 
352 -0.063858 
353 0.035553 
354 -0.072277 
355 0.032947 
356 -0.009845 
357 0.009579 
358 0.009805 
359 0.011985 
360 -0.053697 
361 0.039488 
362 -0.088944 
363 0.046158 
364 -0.038712 
365 0.008756 
366 0.062745 
367 -0.014353 
368 -0.002987 
369 0.057626 
370 -0.166288 
371 0.144703 
372 -0.121483 
373 0.036529 
374 0.027449 
375 0.021983 
376 0.066551 
377 0.015093 
378 -0.025539 
379 0.018563 
380 0.014376 
381 -0.064971 
382 0.124364 
383 -0.073779 
384 0.104963 
385 0.032781 
386 -0.058266 
387 0.046865 
388 -0.043477 
389 -0.014022 
390 -0.010829 
391 -0.023109 
392 0.035153 
393 -0.006289 
394 0.007084 
395 0.016024 
396 0.022222 
397 -0.090849 
398 0.087726 
399 -0.141452 
400 0.105439 
401 -0.033452 
402 0.002571 
403 0.062504 
404 -0.060099 
405 0.032045 
406 -0.035151 
407 -0.043081 
408 -0.009017 
409 0.051626 
410 -0.060640 
411 0.081578 
412 -0.010939 
413 -0.007685 
414 0.071562 
415 -0.109496 
416 0.034588 
417 -0.032317 
418 -0.050800 
419 0.003901 
420 -0.023972 
421 0.005578 
422 0.031777 
423 -0.056692 
424 -0.002057 
425 -0.029708 
426 -0.085783 
427 0.043242 
428 -0.066065 
429 0.070561 
430 0.056919 
431 -0.040928 
432 0.025675 
433 0.009763 
434 -0.073136 
435 0.061430 
436 -0.108038 
437 0.017329 
438 0.085110 
439 -0.107750 
440 0.114405 
441 -0.048317 
442 -0.002693 
443 0.038023 
444 -0.053246 
445 0.011751 
446 0.099794 
447 -0.000766 
448 0.114641 
449 -0.010162 
450 0.026843 
451 0.031527 
452 -0.090639 
453 0.004444 
454 -0.011170 
455 -0.040010 
456 0.068991 
457 -0.044907 
458 0.017926 
459 0.024502 
460 -0.039033 
461 -0.013387 
462 0.026232 
463 -0.068749 
464 0.054148 
465 -0.054444 
466 0.007615 
467 0.031739 
468 -0.088670 
469 0.049155 
470 -0.131515 
471 0.021544 
472 -0.067927 
473 0.014146 
474 -0.026081 
475 0.035591 
476 0.031113 
477 -0.077166 
478 0.099881 
479 -0.089543 
480 0.095850 
481 -0.074252 
482 0.001222 
483 0.096015 
484 -0.087308 
485 0.141970 
486 -0.038571 
487 0.019607 
488 -0.016406 
489 -0.003875 
490 -0.084854 
491 0.072773 
492 -0.027846 
493 0.062116 
494 0.076195 
495 -0.048395 
496 0.140647 
497 -0.100674 
498 0.015848 
499 0.030838 
500 -0.054380 
501 0.090583 
502 -0.044366 
503 0.019722 
504 0.020667 
505 -0.044217 
506 -0.018626 
507 -0.037308 
508 -0.018897 
509 0.009028 
510 0.030012 
511 -0.007862 
512 0.072755 
513 -0.029533 
514 0.045836 
515 -0.028220 
516 -0.059552 
517 0.060487 
518 -0.048180 
519 -0.025390 
520 0.090296 
521 -0.074008 
522 0.083719 
523 -0.010209 
524 -0.000984 
525 0.047227 
526 -0.055526 
527 0.031463 
528 0.015808 
529 0.014259 
530 0.008549 
531 0.060925 
532 -0.095222 
533 0.046194 
534 -0.095751 
535 -0.024416 
536 -0.017087 
537 -0.063678 
538 0.051194 
539 -0.050701 
540 0.013353 
541 0.041464 
542 -0.052546 
543 0.006421 
544 0.015414 
545 -0.059868 
546 0.049355 
547 0.015992 
548 -0.007103 
549 0.067903 
550 -0.021521 
551 -0.020203 
552 0.021572 
553 -0.078702 
554 0.030199 
555 -0.034280 
556 0.018112 
557 0.027380 
558 0.050338 
559 -0.048883 
560 0.098674 
561 -0.075036 
562 0.038113 
563 0.020383 
564 -0.096000 
565 0.132527 
566 -0.105439 
567 0.058617 
568 -0.044218 
569 -0.060232 
570 0.018471 
571 -0.044729 
572 -0.062787 
573 0.058316 
574 -0.023575 
575 0.025416 
576 0.103851 
577 -0.095153 
578 0.109955 
579 -0.061439 
580 -0.033824 
581 0.050278 
582 -0.145046 
583 0.093192 
584 -0.094922 
585 0.001315 
586 0.004168 
587 -0.018994 
588 -0.037186 
589 0.014510 
590 -0.047119 
591 0.010412 
592 0.031243 
593 -0.022692 
594 0.043253 
595 0.061594 
596 -0.058545 
597 0.076910 
598 -0.092909 
599 0.086186 
600 -0.058067 
601 0.046623 
602 0.010816 
603 0.035917 
604 -0.006073 
605 0.072034 
606 -0.089942 
607 0.049343 
608 -0.012962 
609 -0.031297 
610 0.026697 
611 -0.000107 
612 -0.003529 
613 0.060932 
614 -0.029363 
615 -0.014519 
616 0.031902 
617 -0.104191 
618 0.045257 
619 -0.072925 
620 0.035780 
621 0.017131 
622 -0.000868 
623 -0.009667 
624 0.054018 
625 -0.043579 
626 0.091925 
627 -0.055156 
628 0.070159 
629 0.020518 
630 -0.035472 
631 0.050018 
632 -0.005529 
633 -0.034879 
634 0.083867 
635 -0.129911 
636 0.018904 
637 -0.030346 
638 0.011739 
639 0.018907 
640 0.047755 
641 -0.013247 
642 0.039312 
643 -0.018099 
644 -0.030366 
645 0.022227 
646 -0.092750 
647 0.073534 
648 -0.071413 
649 -0.023176 
650 0.089167 
651 -0.112347 
652 0.107369 
653 -0.088505 
654 0.014447 
655 0.015485 
656 0.047144 
657 -0.039429 
658 0.149212 
659 -0.105771 
660 0.059669 
661 0.023729 
662 -0.111766 
663 0.099232 
664 -0.082738 
665 0.055749 
666 -0.001945 
667 -0.040149 
668 0.044940 
669 -0.046113 
670 0.038635 
671 -0.030172 
672 0.035305 
673 -0.057241 
674 0.058696 
675 -0.029602 
676 0.016255 
677 0.077785 
678 -0.076121 
679 0.093576 
680 -0.084057 
681 -0.036229 
682 0.021745 
683 -0.071881 
684 0.045723 
685 -0.038038 
686 0.018815 
687 -0.034205 
688 -0.048024 
689 -0.011453 
690 -0.001160 
691 -0.043989 
692 0.006886 
693 0.024012 
694 -0.057088 
695 0.083465 
696 -0.029406 
697 -0.076433 
698 0.090373 
699 -0.128513 
700 0.034203 
701 0.004531 
702 -0.105752 
703 0.158548 
704 -0.116712 
705 0.086155 
706 -0.004704 
707 -0.034417 
708 0.043076 
709 -0.007745 
710 -0.025994 
711 0.093008 
712 -0.065809 
713 0.104901 
714 -0.013165 
715 0.010491 
716 0.053578 
717 -0.037524 
718 -0.027430 
719 0.085643 
720 -0.061303 
721 0.066451 
722 0.029606 
723 -0.044436 
724 0.056900 
725 -0.014734 
726 -0.059114 
727 0.034167 
728 -0.011164 
729 -0.009267 
730 0.037178 
731 -0.019254 
732 0.039089 
733 -0.049795 
734 0.017305 
735 -0.032672 
736 -0.032452 
737 0.002912 
738 0.044912 
739 -0.105403 
740 0.085727 
741 -0.043364 
742 -0.070856 
743 0.111400 
744 -0.172029 
745 0.086263 
746 -0.057977 
747 -0.056773 
748 0.060988 
749 -0.091078 
750 0.061681 
751 -0.020736 
752 -0.000634 
753 -0.075885 
754 0.066914 
755 -0.094252 
756 0.063742 
757 0.030263 
758 -0.089719 
759 0.132915 
760 -0.138483 
761 0.087553 
762 -0.028026 
763 -0.046262 
764 0.088068 
765 -0.052160 
766 0.080749 
767 0.010976 
768 0.025043 
769 0.030555 
770 0.049857 
771 -0.021186 
772 0.057192 
773 0.005864 
774 -0.010301 
775 0.096458 
776 -0.044374 
777 0.086866 
778 0.016627 
779 -0.066376 
780 0.104956 
781 -0.120323 
782 0.072378 
783 0.020598 
784 -0.058948 
785 0.091186 
786 0.012078 
787 -0.068726 
788 0.070841 
789 -0.061212 
790 0.033225 
791 0.033598 
792 -0.015243 
793 0.029256 
794 0.006915 
795 -0.023671 
796 0.022469 
797 -0.137714 
798 0.047914 
799 -0.098609 
800 -0.004363 
801 -0.045580 
802 -0.059434 
803 0.003039 
804 -0.053224 
805 -0.063571 
806 0.005150 
807 -0.029449 
808 -0.056034 
809 0.014561 
810 -0.026352 
811 -0.060835 
812 0.070413 
813 -0.053234 
814 0.002398 
815 0.045788 
816 -0.068215 
817 0.075881 
818 -0.079309 
819 0.102865 
820 0.014066 
821 0.044157 
822 0.010380 
823 0.106451 
824 -0.097631 
825 0.149650 
826 -0.118545 
827 0.084144 
828 0.055631 
829 -0.045030 
830 0.077302 
831 -0.023023 
832 -0.014610 
833 0.019275 
834 -0.031206 
835 -0.038629 
836 0.051029 
837 -0.030060 
838 -0.010217 
839 0.035469 
840 -0.079618 
841 0.107021 
842 -0.123991 
843 0.042968 
844 0.026035 
845 -0.101351 
846 0.153204 
847 -0.152655 
848 0.088465 
849 -0.016148 
850 -0.042119 
851 0.016006 
852 -0.018918 
853 -0.058632 
854 0.054034 
855 -0.035041 
856 -0.024084 
857 0.063313 
858 -0.045067 
859 -0.059463 
860 0.030375 
861 -0.152558 
862 0.075892 
863 -0.078874 
864 0.027852 
865 0.073166 
866 -0.091369 
867 0.089820 
868 0.004372 
869 -0.043544 
870 0.132502 
871 -0.000696 
872 0.007361 
873 0.120294 
874 -0.040973 
875 0.017677 
876 0.070075 
877 -0.069060 
878 0.048777 
879 -0.025098 
880 0.007748 
881 0.011460 
882 0.015405 
883 0.002635 
884 0.030513 
885 -0.018932 
886 0.052875 
887 -0.077500 
888 -0.028658 
889 -0.003869 
890 -0.055856 
891 -0.004960 
892 0.006886 
893 -0.107597 
894 0.088032 
895 -0.109508 
896 -0.044087 
897 0.044850 
898 -0.063622 
899 0.027488 
900 0.010182 
901 -0.069251 
902 0.073605 
903 -0.027638 
904 0.003978 
905 0.049595 
906 -0.075367 
907 0.046837 
908 -0.045421 
909 -0.064463 
910 0.108866 
911 -0.148360 
912 0.079770 
913 -0.024559 
914 -0.067707 
915 0.034607 
916 -0.003522 
917 -0.081031 
918 0.096937 
919 0.064415 
920 -0.038340 
921 0.191120 
922 -0.103145 
923 0.102696 
924 -0.050688 
925 -0.022162 
926 0.058239 
927 -0.013359 
928 0.166129 
929 -0.062689 
930 0.063673 
931 0.043995 
932 -0.106410 
933 0.133026 
934 -0.053441 
935 0.130464 
936 0.002798 
937 0.120139 
938 -0.144268 
939 0.087166 
940 -0.061851 
941 -0.086000 
942 0.092996 
943 -0.048795 
944 0.005501 
945 0.060517 
946 -0.180853 
947 0.094647 
948 -0.072562 
949 0.035111 
950 -0.001922 
951 0.024085 
952 -0.034403 
953 -0.008088 
954 -0.100880 
955 -0.005561 
956 -0.020990 
957 -0.042862 
958 0.075601 
959 -0.139476 
960 0.037905 
961 -0.037550 
962 -0.146312 
963 0.044931 
964 -0.039902 
965 0.062741 
966 0.039581 
967 -0.019864 
968 0.015077 
969 -0.065158 
970 -0.054950 
971 0.020359 
972 -0.087707 
973 0.076609 
974 -0.007394 
975 -0.024858 
976 0.024734 
977 0.015906 
978 -0.147855 
979 0.167391 
980 -0.171023 
981 0.134219 
982 0.095596 
983 -0.037228 
984 0.125798 
985 0.005906 
986 -0.069905 
987 0.052392 
988 -0.073510 
989 0.054836 
990 0.048953 
991 -0.046573 
992 0.069904 
993 -0.096212 
994 0.009303 
995 -0.054118 
996 -0.038527 
997 0.041797 
998 0.036272 
999 -0.022885 
1000 0.054910 
1001 -0.027023 
1002 -0.078160 
1003 0.074019 
1004 -0.107629 
1005 0.047211 
1006 0.063652 
1007 -0.115770 
1008 0.100959 
1009 -0.148181 
1010 0.080900 
1011 -0.075116 
1012 0.096318 
1013 0.086596 
1014 -0.017195 
1015 0.180119 
1016 -0.099717 
1017 -0.020703 
1018 0.019020 
1019 0.066198 
1020 -0.008854 
1021 0.109865 
1022 0.022963 
1023 -0.051571 
