0 0.147177 
1 -0.268452 
2 0.130458 
3 0.038540 
4 -0.077715 
5 0.048020 
6 -0.004633 
7 -0.025111 
8 -0.048857 
9 0.081079 
10 -0.023329 
11 -0.019266 
12 0.044991 
13 -0.100292 
14 0.071925 
15 -0.000545 
16 -0.024301 
17 0.029663 
18 -0.041109 
19 0.077939 
20 -0.011895 
21 -0.009701 
22 0.016137 
23 0.042030 
24 0.005826 
25 0.026613 
26 0.068068 
27 -0.072038 
28 0.046487 
29 -0.000923 
30 -0.002401 
31 0.067697 
32 -0.023108 
33 0.006333 
34 -0.051050 
35 0.031674 
36 0.060728 
37 -0.073047 
38 0.018015 
39 0.013043 
40 0.004345 
41 -0.023640 
42 0.025697 
43 -0.003539 
44 -0.020476 
45 0.024429 
46 -0.003830 
47 0.025603 
48 -0.006775 
49 0.056278 
50 -0.049563 
51 -0.003795 
52 0.018656 
53 0.025032 
54 0.013938 
55 -0.008207 
56 -0.011383 
57 -0.004027 
58 0.003321 
59 -0.014393 
60 0.042735 
61 0.007265 
62 0.003936 
63 -0.006706 
64 -0.049157 
65 0.044557 
66 0.015202 
67 -0.023368 
68 0.026570 
69 -0.030636 
70 -0.021754 
71 -0.020403 
72 0.014089 
73 -0.066581 
74 0.071400 
75 -0.059431 
76 0.001870 
77 -0.051607 
78 0.011293 
79 0.039777 
80 -0.054959 
81 -0.000428 
82 -0.000196 
83 -0.013257 
84 0.028323 
85 -0.073838 
86 0.055323 
87 -0.035636 
88 -0.045314 
89 0.040752 
90 -0.035003 
91 0.012860 
92 0.052916 
93 -0.062409 
94 -0.009030 
95 0.068580 
96 0.035702 
97 -0.057022 
98 0.034611 
99 0.008552 
100 0.002599 
101 0.026249 
102 -0.040291 
103 0.020437 
104 -0.023704 
105 0.032230 
106 0.004352 
107 -0.030109 
108 0.042648 
109 -0.032990 
110 -0.013884 
111 0.082360 
112 -0.041285 
113 0.006315 
114 -0.021779 
115 -0.018409 
116 0.017660 
117 -0.003359 
118 0.032426 
119 -0.076777 
120 -0.022667 
121 0.013984 
122 0.013720 
123 0.010986 
124 -0.024235 
125 0.025128 
126 -0.085579 
127 0.084063 
128 -0.009463 
129 0.032646 
130 0.013489 
131 -0.040152 
132 0.009612 
133 0.030327 
134 0.035259 
135 0.026776 
136 -0.055069 
137 0.067135 
138 -0.024440 
139 -0.006524 
140 0.075999 
141 -0.042722 
142 0.074532 
143 -0.051552 
144 -0.015986 
145 0.068306 
146 -0.010795 
147 0.001207 
148 0.023510 
149 -0.014575 
150 -0.018491 
151 0.014273 
152 -0.050509 
153 0.029375 
154 -0.021733 
155 -0.014268 
156 -0.006635 
157 -0.056142 
158 0.037278 
159 -0.042484 
160 -0.011627 
161 0.030079 
162 0.000228 
163 -0.019809 
164 0.008351 
165 0.023813 
166 0.030795 
167 -0.049979 
168 0.034462 
169 0.007115 
170 -0.026679 
171 0.016136 
172 -0.009877 
173 0.008613 
174 -0.024676 
175 0.025817 
176 -0.055181 
177 0.043589 
178 0.039664 
179 -0.033442 
180 -0.005888 
181 0.019477 
182 0.004872 
183 -0.033331 
184 0.027564 
185 -0.001559 
186 -0.026890 
187 0.013119 
188 -0.029193 
189 -0.052000 
190 0.057063 
191 0.004231 
192 -0.005875 
193 -0.020547 
194 -0.001019 
195 0.001881 
196 -0.020552 
197 0.024543 
198 -0.017512 
199 0.014497 
200 0.006146 
201 -0.073738 
202 0.018560 
203 0.007767 
204 0.034330 
205 -0.040300 
206 -0.030094 
207 0.030468 
208 0.008216 
209 -0.006745 
210 0.007832 
211 -0.015159 
212 0.056777 
213 -0.050941 
214 -0.021675 
215 0.047723 
216 0.015633 
217 -0.017223 
218 0.029231 
219 -0.063042 
220 0.087586 
221 0.040117 
222 -0.035077 
223 0.038818 
224 -0.028298 
225 0.048025 
226 -0.015053 
227 -0.024330 
228 0.045266 
229 -0.032010 
230 -0.025476 
231 0.023549 
232 -0.023157 
233 0.021651 
234 -0.007811 
235 -0.023386 
236 0.000975 
237 0.029472 
238 0.020471 
239 -0.040743 
240 -0.009638 
241 0.016502 
242 0.008615 
243 -0.046788 
244 0.087513 
245 -0.088579 
246 0.006063 
247 0.082268 
248 -0.091630 
249 0.100779 
250 0.005369 
251 -0.020786 
252 0.020959 
253 0.013042 
254 0.027874 
255 -0.025336 
256 -0.014470 
257 0.032710 
258 -0.072927 
259 0.078826 
260 -0.054474 
261 -0.055048 
262 -0.016037 
263 0.026520 
264 0.018437 
265 -0.028707 
266 0.012615 
267 -0.025106 
268 -0.010614 
269 -0.038586 
270 0.033164 
271 0.017490 
272 -0.009790 
273 -0.003684 
274 -0.060594 
275 0.028345 
276 0.008349 
277 -0.032151 
278 0.017071 
279 0.041052 
280 -0.000870 
281 -0.022292 
282 -0.017349 
283 0.016885 
284 0.035993 
285 0.013229 
286 0.000821 
287 -0.002881 
288 0.012983 
289 -0.016279 
290 0.019135 
291 -0.002154 
292 0.045782 
293 -0.070651 
294 0.018645 
295 0.003170 
296 -0.048141 
297 0.024928 
298 -0.010868 
299 -0.015760 
300 -0.020047 
301 0.022595 
302 -0.004963 
303 -0.008366 
304 0.028935 
305 -0.062958 
306 0.030015 
307 0.086668 
308 -0.103184 
309 0.022737 
310 -0.010517 
311 0.031207 
312 -0.056573 
313 0.012917 
314 0.035176 
315 -0.065119 
316 0.042694 
317 -0.017617 
318 -0.009495 
319 0.069911 
320 -0.026678 
321 0.007730 
322 0.027290 
323 0.039325 
324 -0.021674 
325 -0.022641 
326 0.048060 
327 -0.027380 
328 0.035401 
329 -0.000885 
330 0.007766 
331 -0.061120 
332 0.039038 
333 0.009196 
334 0.000094 
335 0.026270 
336 -0.024879 
337 -0.004913 
338 0.018797 
339 -0.010984 
340 -0.004785 
341 0.030254 
342 -0.019130 
343 -0.026124 
344 -0.052143 
345 0.043593 
346 0.026249 
347 -0.055432 
348 0.015809 
349 -0.002310 
350 -0.008148 
351 0.059400 
352 -0.055672 
353 0.059753 
354 0.002276 
355 -0.044495 
356 0.017678 
357 -0.026380 
358 0.073703 
359 -0.034571 
360 -0.058788 
361 0.045167 
362 -0.027210 
363 -0.025014 
364 0.039981 
365 -0.009194 
366 -0.011696 
367 0.044766 
368 -0.075113 
369 -0.013697 
370 0.073496 
371 -0.026605 
372 -0.038971 
373 0.027798 
374 -0.011822 
375 -0.020527 
376 0.021896 
377 0.002675 
378 -0.053418 
379 0.022942 
380 0.044044 
381 -0.068637 
382 0.048812 
383 0.011335 
384 -0.064232 
385 0.051770 
386 -0.039266 
387 0.008502 
388 0.025115 
389 -0.041489 
390 0.019441 
391 -0.044420 
392 0.018970 
393 0.006980 
394 -0.024569 
395 -0.022347 
396 0.073524 
397 -0.031034 
398 -0.015791 
399 -0.002489 
400 0.008066 
401 0.021130 
402 0.001345 
403 -0.021023 
404 0.012362 
405 0.018209 
406 -0.005589 
407 -0.014732 
408 0.040599 
409 0.055672 
410 -0.051715 
411 0.023785 
412 0.005620 
413 0.016923 
414 0.009635 
415 -0.021929 
416 0.003539 
417 -0.028152 
418 0.030034 
419 -0.081854 
420 0.053690 
421 0.010172 
422 -0.055978 
423 0.020172 
424 -0.015274 
425 0.022094 
426 -0.006219 
427 0.023148 
428 -0.001517 
429 -0.013699 
430 0.017327 
431 -0.008402 
432 -0.011018 
433 0.087915 
434 -0.103541 
435 0.040076 
436 0.004313 
437 0.016918 
438 -0.037785 
439 0.057750 
440 0.019845 
441 -0.057408 
442 0.045997 
443 -0.025873 
444 0.036157 
445 0.018307 
446 -0.032070 
447 -0.013561 
448 0.000666 
449 0.023405 
450 -0.020938 
451 -0.029320 
452 0.049896 
453 -0.029703 
454 -0.034055 
455 0.034028 
456 -0.010321 
457 0.007501 
458 -0.012926 
459 0.031880 
460 0.000000 
461 -0.038872 
462 0.043384 
463 0.005076 
464 -0.040541 
465 0.057915 
466 -0.037282 
467 0.002800 
468 0.030563 
469 -0.011212 
470 -0.046121 
471 0.053972 
472 -0.001041 
473 -0.055214 
474 0.027459 
475 -0.006296 
476 -0.008019 
477 -0.013538 
478 -0.005665 
479 0.013422 
480 -0.056302 
481 0.030193 
482 -0.017866 
483 0.008154 
484 0.032087 
485 -0.058939 
486 -0.042710 
487 0.055691 
488 -0.041792 
489 0.007664 
490 -0.004647 
491 0.017852 
492 -0.033054 
493 -0.005717 
494 0.018536 
495 0.016482 
496 0.017620 
497 -0.004790 
498 -0.041313 
499 0.018017 
500 0.021220 
501 -0.054516 
502 0.035268 
503 -0.020877 
504 -0.019003 
505 -0.022033 
506 0.049095 
507 -0.027994 
508 0.036278 
509 -0.027860 
510 0.013590 
511 0.037394 
512 -0.008072 
513 0.039218 
514 -0.021678 
515 0.001376 
516 0.002159 
517 -0.001350 
518 0.014016 
519 0.010937 
520 -0.034877 
521 -0.008797 
522 0.039761 
523 -0.018118 
524 -0.005730 
525 0.011531 
526 0.011543 
527 0.021278 
528 -0.028412 
529 0.017459 
530 -0.021123 
531 0.014387 
532 0.026221 
533 -0.047855 
534 0.045909 
535 -0.023629 
536 -0.048089 
537 0.030768 
538 0.051212 
539 -0.028403 
540 0.020108 
541 -0.006048 
542 0.002986 
543 0.005580 
544 0.025610 
545 -0.020920 
546 0.003964 
547 0.027342 
548 -0.044286 
549 0.008022 
550 0.008171 
551 0.006342 
552 -0.041169 
553 0.042638 
554 0.004770 
555 -0.014207 
556 -0.014490 
557 0.017434 
558 -0.024833 
559 0.032775 
560 -0.016071 
561 -0.020428 
562 0.018189 
563 -0.014900 
564 0.042134 
565 -0.034466 
566 0.044347 
567 -0.035053 
568 -0.003424 
569 0.036505 
570 0.023095 
571 -0.037131 
572 -0.004738 
573 -0.032816 
574 0.002984 
575 0.030168 
576 -0.000104 
577 -0.024002 
578 -0.036772 
579 0.016158 
580 0.001238 
581 0.031295 
582 -0.009119 
583 0.000055 
584 -0.043667 
585 0.009731 
586 0.042686 
587 -0.067317 
588 0.046167 
589 -0.015288 
590 -0.071203 
591 0.057846 
592 -0.022723 
593 0.010147 
594 -0.013622 
595 0.003747 
596 -0.002394 
597 -0.012280 
598 0.030033 
599 -0.050422 
600 -0.003709 
601 0.049216 
602 -0.057015 
603 -0.008783 
604 0.001905 
605 -0.004077 
606 -0.023968 
607 0.023156 
608 0.010046 
609 -0.010517 
610 0.015914 
611 -0.010453 
612 0.007142 
613 0.065904 
614 -0.034639 
615 -0.002441 
616 -0.020002 
617 0.058722 
618 -0.010864 
619 -0.029028 
620 0.046710 
621 -0.044619 
622 0.037552 
623 -0.008849 
624 0.001324 
625 0.023191 
626 0.017993 
627 -0.041337 
628 0.018307 
629 -0.001401 
630 0.025331 
631 -0.035096 
632 0.031858 
633 -0.032953 
634 0.028955 
635 -0.038747 
636 0.011459 
637 0.039605 
638 -0.037238 
639 0.076715 
640 -0.059625 
641 0.021109 
642 -0.010749 
643 0.003783 
644 0.028740 
645 -0.012507 
646 0.002616 
647 -0.037944 
648 0.035148 
649 -0.024935 
650 0.042902 
651 -0.017803 
652 0.045757 
653 -0.066411 
654 0.031876 
655 0.028027 
656 -0.011199 
657 -0.013501 
658 0.016261 
659 -0.066591 
660 0.048550 
661 -0.009278 
662 -0.039348 
663 0.052717 
664 -0.038546 
665 0.024225 
666 -0.038018 
667 0.078213 
668 -0.015287 
669 -0.003267 
670 -0.009006 
671 0.041111 
672 -0.018605 
673 0.019947 
674 -0.005892 
675 -0.059825 
676 0.048063 
677 -0.062011 
678 0.026100 
679 -0.033379 
680 0.011308 
681 -0.034930 
682 0.000616 
683 -0.004654 
684 0.000509 
685 -0.027427 
686 0.020032 
687 0.022124 
688 -0.048053 
689 0.005931 
690 -0.000666 
691 -0.030338 
692 0.030127 
693 -0.005260 
694 -0.029430 
695 0.059346 
696 -0.033588 
697 -0.007349 
698 0.018719 
699 0.018714 
700 0.040540 
701 -0.029081 
702 0.031888 
703 -0.035898 
704 -0.002240 
705 0.020135 
706 -0.012646 
707 -0.026966 
708 -0.004165 
709 -0.027103 
710 -0.004490 
711 -0.015566 
712 0.015497 
713 -0.011753 
714 -0.000546 
715 -0.008156 
716 0.003857 
717 0.000335 
718 -0.007761 
719 0.044215 
720 -0.045261 
721 0.037078 
722 -0.021627 
723 -0.000250 
724 0.033517 
725 0.008404 
726 -0.019665 
727 0.036380 
728 -0.055796 
729 0.074351 
730 -0.032299 
731 0.030683 
732 0.004133 
733 -0.003782 
734 -0.005732 
735 -0.000002 
736 0.010918 
737 0.019368 
738 -0.029122 
739 -0.029829 
740 -0.003955 
741 0.020874 
742 -0.002917 
743 0.014901 
744 -0.010021 
745 -0.054280 
746 0.084847 
747 -0.017871 
748 0.049992 
749 -0.017531 
750 0.034231 
751 0.005304 
752 -0.033637 
753 0.071063 
754 -0.038771 
755 0.048985 
756 0.014157 
757 -0.024006 
758 0.000820 
759 0.000265 
760 0.018500 
761 -0.046345 
762 0.012456 
763 0.015182 
764 -0.025014 
765 -0.025853 
766 -0.043106 
767 0.011008 
768 -0.018326 
769 0.044795 
770 -0.035300 
771 -0.045076 
772 0.048910 
773 -0.029573 
774 0.019492 
775 0.021236 
776 -0.010673 
777 -0.001208 
778 -0.003792 
779 0.014363 
780 0.006782 
781 0.040421 
782 -0.049231 
783 -0.021266 
784 0.021219 
785 -0.001404 
786 -0.002037 
787 -0.001303 
788 -0.030783 
789 -0.014630 
790 -0.007320 
791 0.001108 
792 -0.037089 
793 0.029634 
794 0.011010 
795 -0.089784 
796 0.068297 
797 -0.014814 
798 -0.023649 
799 0.021602 
800 0.020091 
801 -0.033037 
802 0.014439 
803 -0.028217 
804 0.033762 
805 -0.020088 
806 0.052275 
807 -0.034406 
808 -0.049430 
809 0.055513 
810 -0.018934 
811 0.002006 
812 0.020958 
813 0.008854 
814 -0.060588 
815 0.006960 
816 0.011887 
817 -0.009472 
818 0.022289 
819 -0.004950 
820 -0.034991 
821 -0.027823 
822 0.052845 
823 -0.009443 
824 -0.018666 
825 0.000753 
826 0.052151 
827 -0.035565 
828 0.051855 
829 -0.014840 
830 0.009744 
831 0.012433 
832 0.005035 
833 0.030016 
834 -0.020008 
835 0.053714 
836 -0.052141 
837 -0.037146 
838 0.059548 
839 0.046502 
840 -0.088172 
841 0.062352 
842 -0.021951 
843 0.046255 
844 -0.028191 
845 0.026003 
846 -0.065283 
847 0.035060 
848 -0.004914 
849 -0.001255 
850 0.001494 
851 0.002970 
852 -0.064061 
853 0.019765 
854 0.051120 
855 0.019212 
856 0.015769 
857 -0.067722 
858 0.039980 
859 0.028087 
860 0.010908 
861 0.000114 
862 0.014146 
863 0.011585 
864 -0.029958 
865 0.028055 
866 0.013581 
867 0.020509 
868 -0.017059 
869 0.027303 
870 -0.057697 
871 0.073325 
872 -0.063327 
873 -0.016704 
874 -0.031652 
875 0.017878 
876 -0.049009 
877 0.014545 
878 -0.047924 
879 -0.010546 
880 -0.026411 
881 0.006629 
882 0.020660 
883 -0.059702 
884 0.067440 
885 -0.013836 
886 -0.038254 
887 0.024106 
888 -0.013191 
889 -0.005910 
890 -0.008558 
891 -0.013981 
892 0.043414 
893 -0.020192 
894 -0.027334 
895 -0.012018 
896 -0.056627 
897 0.130831 
898 -0.087897 
899 -0.010831 
900 -0.007765 
901 0.020175 
902 -0.026015 
903 0.015859 
904 -0.010194 
905 -0.028584 
906 0.015668 
907 -0.014422 
908 -0.012083 
909 0.024609 
910 0.056641 
911 -0.002433 
912 -0.000359 
913 0.016374 
914 0.077173 
915 -0.027137 
916 -0.000222 
917 0.031941 
918 -0.016804 
919 0.001335 
920 -0.041787 
921 -0.051565 
922 -0.008785 
923 -0.021391 
924 0.028335 
925 -0.070602 
926 -0.008115 
927 0.010376 
928 0.004211 
929 -0.039965 
930 0.085675 
931 -0.029117 
932 0.010672 
933 -0.014990 
934 0.010012 
935 -0.020861 
936 0.034382 
937 0.027096 
938 0.013864 
939 -0.058875 
940 0.089877 
941 -0.028415 
942 0.058073 
943 0.050307 
944 -0.080034 
945 0.066558 
946 -0.011261 
947 0.005308 
948 0.076444 
949 -0.101204 
950 0.000524 
951 0.006944 
952 0.060133 
953 -0.030695 
954 -0.010278 
955 -0.005122 
956 0.040323 
957 0.024697 
958 -0.004066 
959 0.063030 
960 0.022222 
961 0.005546 
962 -0.063407 
963 -0.052609 
964 0.092330 
965 -0.000359 
966 -0.063668 
967 -0.029006 
968 0.027826 
969 0.001043 
970 -0.052839 
971 0.015802 
972 0.018372 
973 0.075853 
974 0.024146 
975 -0.086842 
976 0.013716 
977 0.018026 
978 0.012798 
979 0.032161 
980 0.011838 
981 -0.092985 
982 -0.055921 
983 -0.011353 
984 -0.036799 
985 0.034428 
986 0.031447 
987 -0.009869 
988 -0.039257 
989 -0.014389 
990 0.031198 
991 0.075990 
992 -0.009768 
993 -0.005564 
994 -0.031230 
995 0.011751 
996 0.041287 
997 -0.187969 
998 0.020893 
999 0.013863 
1000 -0.061668 
1001 0.016808 
1002 0.001743 
1003 -0.044500 
1004 -0.020632 
1005 -0.026269 
1006 0.116471 
1007 0.024248 
1008 -0.029330 
1009 -0.133340 
1010 0.023805 
1011 0.055450 
1012 -0.001241 
1013 -0.136841 
1014 -0.025621 
1015 0.135109 
1016 0.077971 
1017 -0.018777 
1018 -0.031098 
1019 0.135736 
1020 -0.147337 
1021 0.128550 
1022 0.515967 
1023 0.257614 
