0 -0.138941 
1 -0.256325 
2 -0.180287 
3 -0.236250 
4 -0.192753 
5 -0.202194 
6 -0.213207 
7 -0.223778 
8 -0.216559 
9 -0.158011 
10 -0.194827 
11 -0.133530 
12 -0.219674 
13 -0.119842 
14 -0.253752 
15 -0.147430 
16 -0.281895 
17 -0.176182 
18 -0.192575 
19 -0.171881 
20 -0.130046 
21 -0.200995 
22 -0.057151 
23 -0.220463 
24 -0.117217 
25 -0.230789 
26 -0.146304 
27 -0.178134 
28 -0.237882 
29 -0.118146 
30 -0.211333 
31 -0.083217 
32 -0.202576 
33 -0.073013 
34 -0.163312 
35 -0.128634 
36 -0.190542 
37 -0.137002 
38 -0.193960 
39 -0.126122 
40 -0.176019 
41 -0.074273 
42 -0.170311 
43 -0.089778 
44 -0.133053 
45 -0.123326 
46 -0.118309 
47 -0.209294 
48 -0.078701 
49 -0.198816 
50 -0.064901 
51 -0.173353 
52 -0.127488 
53 -0.107253 
54 -0.156316 
55 -0.036163 
56 -0.197362 
57 -0.054572 
58 -0.186726 
59 -0.101431 
60 -0.144403 
61 -0.138739 
62 -0.109563 
63 -0.189730 
64 -0.072184 
65 -0.122262 
66 -0.053591 
67 -0.127501 
68 -0.076721 
69 -0.090913 
70 -0.135040 
71 -0.147095 
72 -0.137077 
73 -0.122603 
74 -0.145712 
75 -0.134515 
76 -0.085464 
77 -0.085012 
78 -0.104807 
79 -0.096863 
80 -0.083787 
81 -0.086105 
82 -0.128106 
83 -0.122987 
84 -0.104996 
85 -0.137704 
86 -0.160254 
87 -0.137243 
88 -0.110043 
89 -0.105257 
90 -0.115211 
91 -0.062122 
92 -0.062023 
93 -0.072733 
94 -0.075138 
95 -0.093319 
96 -0.111219 
97 -0.203300 
98 -0.132893 
99 -0.157062 
100 -0.142115 
101 -0.186198 
102 -0.083757 
103 -0.022610 
104 -0.066007 
105 -0.073897 
106 -0.044252 
107 -0.082638 
108 -0.138697 
109 -0.257536 
110 -0.093302 
111 -0.181107 
112 -0.051718 
113 -0.261735 
114 -0.072257 
115 -0.122685 
116 0.003062 
117 -0.113684 
118 -0.140255 
119 -0.097788 
120 -0.179335 
121 -0.050192 
122 -0.198144 
123 -0.039609 
124 -0.198909 
125 -0.043088 
126 -0.171379 
127 -0.063817 
128 -0.156415 
129 -0.100839 
130 -0.204975 
131 -0.104085 
132 -0.182920 
133 -0.065204 
134 -0.206340 
135 -0.049588 
136 -0.203908 
137 -0.029365 
138 -0.220372 
139 -0.056356 
140 -0.238400 
141 -0.097999 
142 -0.194893 
143 -0.102630 
144 -0.160079 
145 -0.176092 
146 -0.107201 
147 -0.176311 
148 -0.068506 
149 -0.235124 
150 -0.055801 
151 -0.231365 
152 -0.104359 
153 -0.235785 
154 -0.117305 
155 -0.158314 
156 -0.161156 
157 -0.148854 
158 -0.181667 
159 -0.133495 
160 -0.163664 
161 -0.168050 
162 -0.163784 
163 -0.201712 
164 -0.136627 
165 -0.204872 
166 -0.133035 
167 -0.207258 
168 -0.137442 
169 -0.200935 
170 -0.163803 
171 -0.188523 
172 -0.149362 
173 -0.195012 
174 -0.175264 
175 -0.230409 
176 -0.127395 
177 -0.230422 
178 -0.111266 
179 -0.267195 
180 -0.134611 
181 -0.236362 
182 -0.131329 
183 -0.204657 
184 -0.212183 
185 -0.170460 
186 -0.230054 
187 -0.113894 
188 -0.258961 
189 -0.134413 
190 -0.278977 
191 -0.148244 
192 -0.234858 
193 -0.185400 
194 -0.209641 
195 -0.198930 
196 -0.167439 
197 -0.207623 
198 -0.195108 
199 -0.205559 
200 -0.193863 
201 -0.206771 
202 -0.245598 
203 -0.221259 
204 -0.190006 
205 -0.211753 
206 -0.190250 
207 -0.253337 
208 -0.146956 
209 -0.239652 
210 -0.136334 
211 -0.275082 
212 -0.163954 
213 -0.294284 
214 -0.170904 
215 -0.258237 
216 -0.180507 
217 -0.234815 
218 -0.201281 
219 -0.196491 
220 -0.232204 
221 -0.183280 
222 -0.243303 
223 -0.187794 
224 -0.271670 
225 -0.222505 
226 -0.209435 
227 -0.217830 
228 -0.185319 
229 -0.282503 
230 -0.151985 
231 -0.290007 
232 -0.137548 
233 -0.292381 
234 -0.181470 
235 -0.263890 
236 -0.197710 
237 -0.226484 
238 -0.229474 
239 -0.214505 
240 -0.247245 
241 -0.197786 
242 -0.236668 
243 -0.206562 
244 -0.235564 
245 -0.207017 
246 -0.239459 
247 -0.218090 
248 -0.275749 
249 -0.189145 
250 -0.252390 
251 -0.167810 
252 -0.298913 
253 -0.157874 
254 -0.257828 
255 -0.169924 
256 -0.257897 
257 -0.245360 
258 -0.193424 
259 -0.278636 
260 -0.154126 
261 -0.320732 
262 -0.144420 
263 -0.323082 
264 -0.145973 
265 -0.266673 
266 -0.173835 
267 -0.227511 
268 -0.230074 
269 -0.208667 
270 -0.245086 
271 -0.214764 
272 -0.250924 
273 -0.217901 
274 -0.225376 
275 -0.251515 
276 -0.210353 
277 -0.206876 
278 -0.198662 
279 -0.221132 
280 -0.272691 
281 -0.161237 
282 -0.250180 
283 -0.180985 
284 -0.305555 
285 -0.198376 
286 -0.252867 
287 -0.222135 
288 -0.207035 
289 -0.244855 
290 -0.150237 
291 -0.281924 
292 -0.145190 
293 -0.287371 
294 -0.149027 
295 -0.279215 
296 -0.179319 
297 -0.284006 
298 -0.216556 
299 -0.232263 
300 -0.214796 
301 -0.214425 
302 -0.245486 
303 -0.192122 
304 -0.223619 
305 -0.190235 
306 -0.248187 
307 -0.212283 
308 -0.236208 
309 -0.199669 
310 -0.235984 
311 -0.209149 
312 -0.265063 
313 -0.189094 
314 -0.249559 
315 -0.178242 
316 -0.271914 
317 -0.197412 
318 -0.238512 
319 -0.210013 
320 -0.222797 
321 -0.231010 
322 -0.181179 
323 -0.241840 
324 -0.197916 
325 -0.264117 
326 -0.213513 
327 -0.226261 
328 -0.244873 
329 -0.218787 
330 -0.273703 
331 -0.184138 
332 -0.236724 
333 -0.184852 
334 -0.243779 
335 -0.209093 
336 -0.216618 
337 -0.211648 
338 -0.233824 
339 -0.232575 
340 -0.257147 
341 -0.216766 
342 -0.261437 
343 -0.191230 
344 -0.256488 
345 -0.191744 
346 -0.242233 
347 -0.204181 
348 -0.232173 
349 -0.238916 
350 -0.197930 
351 -0.257677 
352 -0.205352 
353 -0.274468 
354 -0.183374 
355 -0.249153 
356 -0.224614 
357 -0.265717 
358 -0.216553 
359 -0.232133 
360 -0.225790 
361 -0.237389 
362 -0.227882 
363 -0.220384 
364 -0.235462 
365 -0.196178 
366 -0.248020 
367 -0.220381 
368 -0.282663 
369 -0.204404 
370 -0.247408 
371 -0.225946 
372 -0.254632 
373 -0.244953 
374 -0.210362 
375 -0.258588 
376 -0.194252 
377 -0.257753 
378 -0.190442 
379 -0.282552 
380 -0.224309 
381 -0.226318 
382 -0.228769 
383 -0.234790 
384 -0.263592 
385 -0.222574 
386 -0.232804 
387 -0.246633 
388 -0.232920 
389 -0.257405 
390 -0.213551 
391 -0.265763 
392 -0.214093 
393 -0.233629 
394 -0.227034 
395 -0.232890 
396 -0.262916 
397 -0.215187 
398 -0.250789 
399 -0.228986 
400 -0.267719 
401 -0.238005 
402 -0.226962 
403 -0.255941 
404 -0.199466 
405 -0.273352 
406 -0.188197 
407 -0.311303 
408 -0.194899 
409 -0.279894 
410 -0.190359 
411 -0.280278 
412 -0.227999 
413 -0.250482 
414 -0.237702 
415 -0.219504 
416 -0.243256 
417 -0.205031 
418 -0.268761 
419 -0.223097 
420 -0.247104 
421 -0.230017 
422 -0.272375 
423 -0.245616 
424 -0.253020 
425 -0.199314 
426 -0.275148 
427 -0.173543 
428 -0.296858 
429 -0.145522 
430 -0.336343 
431 -0.162716 
432 -0.312404 
433 -0.195499 
434 -0.275101 
435 -0.232877 
436 -0.205158 
437 -0.278579 
438 -0.184788 
439 -0.302565 
440 -0.167120 
441 -0.295705 
442 -0.206399 
443 -0.245176 
444 -0.240516 
445 -0.228232 
446 -0.263673 
447 -0.199720 
448 -0.243505 
449 -0.230012 
450 -0.221278 
451 -0.269132 
452 -0.185228 
453 -0.305358 
454 -0.178994 
455 -0.296132 
456 -0.206629 
457 -0.245362 
458 -0.237367 
459 -0.194419 
460 -0.279965 
461 -0.163086 
462 -0.295177 
463 -0.170404 
464 -0.280527 
465 -0.214411 
466 -0.237672 
467 -0.255078 
468 -0.206516 
469 -0.269051 
470 -0.187256 
471 -0.248151 
472 -0.224989 
473 -0.242564 
474 -0.229563 
475 -0.196039 
476 -0.245351 
477 -0.228012 
478 -0.229343 
479 -0.238854 
480 -0.220647 
481 -0.248168 
482 -0.207788 
483 -0.239569 
484 -0.255548 
485 -0.212984 
486 -0.230024 
487 -0.165953 
488 -0.268092 
489 -0.176597 
490 -0.279957 
491 -0.197451 
492 -0.271544 
493 -0.213839 
494 -0.256643 
495 -0.222638 
496 -0.200848 
497 -0.207478 
498 -0.200687 
499 -0.255983 
500 -0.189468 
501 -0.254713 
502 -0.202047 
503 -0.288996 
504 -0.170976 
505 -0.261644 
506 -0.177199 
507 -0.284656 
508 -0.185527 
509 -0.227142 
510 -0.186568 
511 -0.240107 
512 -0.234610 
513 -0.242460 
514 -0.211897 
515 -0.234291 
516 -0.207345 
517 -0.264740 
518 -0.183846 
519 -0.244822 
520 -0.163625 
521 -0.259768 
522 -0.208680 
523 -0.248000 
524 -0.226305 
525 -0.215513 
526 -0.259530 
527 -0.192684 
528 -0.256613 
529 -0.185594 
530 -0.248130 
531 -0.207037 
532 -0.201036 
533 -0.252112 
534 -0.219488 
535 -0.288676 
536 -0.174506 
537 -0.229514 
538 -0.215727 
539 -0.239144 
540 -0.243694 
541 -0.181228 
542 -0.282694 
543 -0.179519 
544 -0.285576 
545 -0.176507 
546 -0.274622 
547 -0.208855 
548 -0.232541 
549 -0.227847 
550 -0.206397 
551 -0.265272 
552 -0.197721 
553 -0.269041 
554 -0.209369 
555 -0.247817 
556 -0.222426 
557 -0.247973 
558 -0.258389 
559 -0.213167 
560 -0.220661 
561 -0.240291 
562 -0.267038 
563 -0.250445 
564 -0.189509 
565 -0.249740 
566 -0.224396 
567 -0.283149 
568 -0.197193 
569 -0.250539 
570 -0.229542 
571 -0.241737 
572 -0.271814 
573 -0.217377 
574 -0.279876 
575 -0.208381 
576 -0.262356 
577 -0.238273 
578 -0.220286 
579 -0.285244 
580 -0.190773 
581 -0.317749 
582 -0.156162 
583 -0.341610 
584 -0.182080 
585 -0.326104 
586 -0.206521 
587 -0.286559 
588 -0.219628 
589 -0.262339 
590 -0.248254 
591 -0.255385 
592 -0.215932 
593 -0.291207 
594 -0.208733 
595 -0.330566 
596 -0.165788 
597 -0.358107 
598 -0.194716 
599 -0.338950 
600 -0.201634 
601 -0.284049 
602 -0.243574 
603 -0.242260 
604 -0.280514 
605 -0.219403 
606 -0.319381 
607 -0.233433 
608 -0.322354 
609 -0.221712 
610 -0.287735 
611 -0.265361 
612 -0.294800 
613 -0.272171 
614 -0.236586 
615 -0.280550 
616 -0.260294 
617 -0.292939 
618 -0.247195 
619 -0.272279 
620 -0.282645 
621 -0.300018 
622 -0.289840 
623 -0.247765 
624 -0.274505 
625 -0.268542 
626 -0.319345 
627 -0.265569 
628 -0.285627 
629 -0.264963 
630 -0.305613 
631 -0.269760 
632 -0.291112 
633 -0.268486 
634 -0.311070 
635 -0.258689 
636 -0.288485 
637 -0.255913 
638 -0.319768 
639 -0.284448 
640 -0.298165 
641 -0.275584 
642 -0.291057 
643 -0.306291 
644 -0.283240 
645 -0.310750 
646 -0.254556 
647 -0.315486 
648 -0.234519 
649 -0.334188 
650 -0.262699 
651 -0.320993 
652 -0.276308 
653 -0.303388 
654 -0.298055 
655 -0.291787 
656 -0.312373 
657 -0.287279 
658 -0.290239 
659 -0.281862 
660 -0.300329 
661 -0.306954 
662 -0.285443 
663 -0.265539 
664 -0.302439 
665 -0.289921 
666 -0.341951 
667 -0.257749 
668 -0.358384 
669 -0.237928 
670 -0.356160 
671 -0.221326 
672 -0.364533 
673 -0.225639 
674 -0.339562 
675 -0.242086 
676 -0.342300 
677 -0.277554 
678 -0.328469 
679 -0.281649 
680 -0.309230 
681 -0.292638 
682 -0.293043 
683 -0.286121 
684 -0.302788 
685 -0.274096 
686 -0.317211 
687 -0.234745 
688 -0.356553 
689 -0.247500 
690 -0.376050 
691 -0.234938 
692 -0.339604 
693 -0.274808 
694 -0.302626 
695 -0.300825 
696 -0.252633 
697 -0.342439 
698 -0.235483 
699 -0.346624 
700 -0.259671 
701 -0.334427 
702 -0.275788 
703 -0.287322 
704 -0.295571 
705 -0.259835 
706 -0.314274 
707 -0.291187 
708 -0.300806 
709 -0.290755 
710 -0.287820 
711 -0.333011 
712 -0.258206 
713 -0.301755 
714 -0.267350 
715 -0.304231 
716 -0.278120 
717 -0.275007 
718 -0.318072 
719 -0.257690 
720 -0.308349 
721 -0.264173 
722 -0.336833 
723 -0.264163 
724 -0.283461 
725 -0.298552 
726 -0.278896 
727 -0.292632 
728 -0.253357 
729 -0.310700 
730 -0.281984 
731 -0.265694 
732 -0.293245 
733 -0.270182 
734 -0.326608 
735 -0.248649 
736 -0.306706 
737 -0.280191 
738 -0.292549 
739 -0.275986 
740 -0.241925 
741 -0.320406 
742 -0.266054 
743 -0.301785 
744 -0.262298 
745 -0.291545 
746 -0.300584 
747 -0.239827 
748 -0.301799 
749 -0.258839 
750 -0.332551 
751 -0.244785 
752 -0.302792 
753 -0.272247 
754 -0.301320 
755 -0.263570 
756 -0.291077 
757 -0.267458 
758 -0.277885 
759 -0.258164 
760 -0.301418 
761 -0.290292 
762 -0.285269 
763 -0.267380 
764 -0.289799 
765 -0.284071 
766 -0.291875 
767 -0.288009 
768 -0.300147 
769 -0.261223 
770 -0.281240 
771 -0.256158 
772 -0.326860 
773 -0.261892 
774 -0.301256 
775 -0.252785 
776 -0.311888 
777 -0.291183 
778 -0.274114 
779 -0.305581 
780 -0.263640 
781 -0.332631 
782 -0.259227 
783 -0.321669 
784 -0.267558 
785 -0.312774 
786 -0.275460 
787 -0.291458 
788 -0.302747 
789 -0.307554 
790 -0.299172 
791 -0.304503 
792 -0.261707 
793 -0.341477 
794 -0.259932 
795 -0.393898 
796 -0.205440 
797 -0.356448 
798 -0.208339 
799 -0.394771 
800 -0.249710 
801 -0.345401 
802 -0.267469 
803 -0.363773 
804 -0.287470 
805 -0.357447 
806 -0.276521 
807 -0.381010 
808 -0.237153 
809 -0.355001 
810 -0.242918 
811 -0.376439 
812 -0.277724 
813 -0.351110 
814 -0.326042 
815 -0.315975 
816 -0.350336 
817 -0.324206 
818 -0.348983 
819 -0.316511 
820 -0.286761 
821 -0.386241 
822 -0.274442 
823 -0.413348 
824 -0.240334 
825 -0.428486 
826 -0.280712 
827 -0.393605 
828 -0.321312 
829 -0.329030 
830 -0.367487 
831 -0.294941 
832 -0.407080 
833 -0.292092 
834 -0.413643 
835 -0.343507 
836 -0.385488 
837 -0.346851 
838 -0.323756 
839 -0.386967 
840 -0.330315 
841 -0.364111 
842 -0.329720 
843 -0.373861 
844 -0.411413 
845 -0.363321 
846 -0.384708 
847 -0.337859 
848 -0.411877 
849 -0.379425 
850 -0.361243 
851 -0.369283 
852 -0.360746 
853 -0.412466 
854 -0.350941 
855 -0.394085 
856 -0.355206 
857 -0.383809 
858 -0.401909 
859 -0.392500 
860 -0.416134 
861 -0.352127 
862 -0.400538 
863 -0.406757 
864 -0.411865 
865 -0.390805 
866 -0.382340 
867 -0.429653 
868 -0.378890 
869 -0.374650 
870 -0.378444 
871 -0.403991 
872 -0.411757 
873 -0.378324 
874 -0.403517 
875 -0.438308 
876 -0.405318 
877 -0.456553 
878 -0.372963 
879 -0.455409 
880 -0.342780 
881 -0.457847 
882 -0.355264 
883 -0.442370 
884 -0.358934 
885 -0.445510 
886 -0.403044 
887 -0.418314 
888 -0.398594 
889 -0.423292 
890 -0.447664 
891 -0.376367 
892 -0.416439 
893 -0.391879 
894 -0.485334 
895 -0.393339 
896 -0.405546 
897 -0.415624 
898 -0.422036 
899 -0.432986 
900 -0.333211 
901 -0.443607 
902 -0.396101 
903 -0.463332 
904 -0.416944 
905 -0.414471 
906 -0.460159 
907 -0.357105 
908 -0.471333 
909 -0.363582 
910 -0.454855 
911 -0.350035 
912 -0.426534 
913 -0.430564 
914 -0.389555 
915 -0.420768 
916 -0.390192 
917 -0.474624 
918 -0.402024 
919 -0.403472 
920 -0.424491 
921 -0.398035 
922 -0.442471 
923 -0.344953 
924 -0.431258 
925 -0.376650 
926 -0.417693 
927 -0.419347 
928 -0.385384 
929 -0.443517 
930 -0.374210 
931 -0.444361 
932 -0.393240 
933 -0.394774 
934 -0.402687 
935 -0.345528 
936 -0.445969 
937 -0.323712 
938 -0.438851 
939 -0.355609 
940 -0.408239 
941 -0.428807 
942 -0.323417 
943 -0.494714 
944 -0.291571 
945 -0.498290 
946 -0.234202 
947 -0.448348 
948 -0.317553 
949 -0.396932 
950 -0.357236 
951 -0.332983 
952 -0.433012 
953 -0.346103 
954 -0.403671 
955 -0.379403 
956 -0.363416 
957 -0.387392 
958 -0.264192 
959 -0.419671 
960 -0.288640 
961 -0.412379 
962 -0.305865 
963 -0.363511 
964 -0.361432 
965 -0.300286 
966 -0.410462 
967 -0.325854 
968 -0.376903 
969 -0.283392 
970 -0.344742 
971 -0.335897 
972 -0.308775 
973 -0.295058 
974 -0.310066 
975 -0.344487 
976 -0.333528 
977 -0.316861 
978 -0.361881 
979 -0.328582 
980 -0.346069 
981 -0.257800 
982 -0.348806 
983 -0.234854 
984 -0.325106 
985 -0.209453 
986 -0.336918 
987 -0.277079 
988 -0.336719 
989 -0.306031 
990 -0.315384 
991 -0.303905 
992 -0.255747 
993 -0.324342 
994 -0.270739 
995 -0.293731 
996 -0.189918 
997 -0.252267 
998 -0.254759 
999 -0.278651 
1000 -0.273864 
1001 -0.295241 
1002 -0.324446 
1003 -0.254643 
1004 -0.261439 
1005 -0.222881 
1006 -0.298255 
1007 -0.177516 
1008 -0.302396 
1009 -0.159841 
1010 -0.340524 
1011 -0.149108 
1012 -0.341136 
1013 -0.184230 
1014 -0.291803 
1015 -0.183028 
1016 -0.267345 
1017 -0.256663 
1018 -0.183991 
1019 -0.251835 
1020 -0.153977 
1021 -0.328347 
1022 -0.134830 
1023 -0.290631 
