0 0.223819 
1 0.406446 
2 0.571870 
3 0.397224 
4 -0.231358 
5 -0.190599 
6 0.196078 
7 0.066706 
8 -0.015678 
9 -0.138601 
10 -0.005585 
11 -0.019268 
12 -0.138593 
13 0.019489 
14 0.138247 
15 0.018255 
16 -0.023158 
17 -0.089421 
18 0.175317 
19 -0.194720 
20 -0.013735 
21 0.087524 
22 0.058609 
23 -0.033477 
24 0.053385 
25 -0.011654 
26 -0.080145 
27 -0.074627 
28 -0.050617 
29 0.040171 
30 -0.010935 
31 -0.040431 
32 0.022919 
33 -0.084352 
34 0.061084 
35 -0.087715 
36 0.166960 
37 0.000466 
38 -0.128322 
39 0.049521 
40 -0.001023 
41 0.025051 
42 0.020219 
43 -0.050478 
44 0.077813 
45 0.051465 
46 -0.091199 
47 0.133791 
48 -0.066879 
49 0.014913 
50 -0.067151 
51 0.105617 
52 -0.003318 
53 0.082250 
54 0.026777 
55 0.098956 
56 -0.087422 
57 0.061027 
58 -0.102680 
59 -0.014730 
60 0.109269 
61 -0.083617 
62 -0.008138 
63 0.053577 
64 -0.057287 
65 0.016373 
66 -0.023135 
67 0.101433 
68 0.016042 
69 0.006201 
70 0.009896 
71 -0.023586 
72 -0.005395 
73 0.005492 
74 -0.047672 
75 0.091538 
76 0.084387 
77 -0.133873 
78 0.090020 
79 -0.162422 
80 0.133541 
81 0.004808 
82 -0.043436 
83 0.096393 
84 -0.025735 
85 -0.024925 
86 0.025653 
87 -0.017635 
88 0.174930 
89 -0.072925 
90 -0.044790 
91 -0.005945 
92 -0.123615 
93 -0.022579 
94 -0.009053 
95 0.038161 
96 -0.038598 
97 -0.089020 
98 0.080294 
99 0.075743 
100 -0.039549 
101 -0.023464 
102 -0.008720 
103 0.017338 
104 -0.048584 
105 0.100961 
106 0.059242 
107 -0.010666 
108 0.061165 
109 -0.185935 
110 -0.070427 
111 0.054244 
112 0.033307 
113 0.113368 
114 -0.078924 
115 -0.015322 
116 -0.082098 
117 -0.029314 
118 -0.009273 
119 0.075581 
120 -0.011494 
121 0.058340 
122 0.025223 
123 -0.091711 
124 -0.098342 
125 -0.021133 
126 0.146519 
127 0.007803 
128 0.064009 
129 -0.060517 
130 0.064383 
131 -0.052860 
132 -0.116002 
133 0.147171 
134 0.143335 
135 -0.102757 
136 0.016697 
137 -0.073753 
138 -0.122168 
139 -0.045388 
140 0.117709 
141 0.062064 
142 -0.100719 
143 -0.075701 
144 0.077886 
145 -0.014577 
146 -0.009675 
147 0.018658 
148 0.037425 
149 0.058308 
150 -0.140955 
151 -0.005067 
152 0.148542 
153 -0.058949 
154 -0.017357 
155 0.064827 
156 -0.106104 
157 -0.001331 
158 -0.067347 
159 0.170285 
160 -0.035127 
161 -0.060107 
162 0.044746 
163 -0.005141 
164 -0.029371 
165 -0.033024 
166 0.136986 
167 0.032702 
168 -0.103927 
169 0.048858 
170 -0.025451 
171 -0.048921 
172 0.134374 
173 -0.004458 
174 0.075594 
175 -0.000974 
176 -0.142530 
177 0.063329 
178 0.102221 
179 -0.135285 
180 0.149947 
181 0.122502 
182 0.033805 
183 -0.157206 
184 -0.074678 
185 0.076760 
186 -0.139503 
187 -0.026553 
188 0.192954 
189 -0.108574 
190 -0.100880 
191 -0.036383 
192 0.002155 
193 0.101444 
194 -0.119725 
195 0.174085 
196 0.078806 
197 -0.180068 
198 0.002151 
199 0.091961 
200 0.028394 
201 0.018540 
202 -0.002486 
203 0.058210 
204 0.014955 
205 -0.059765 
206 -0.071802 
207 0.074787 
208 -0.015012 
209 -0.099896 
210 0.088757 
211 0.002150 
212 -0.088599 
213 0.032040 
214 0.119057 
215 -0.132539 
216 0.061790 
217 0.019252 
218 -0.046132 
219 -0.004653 
220 -0.030869 
221 0.024697 
222 -0.008340 
223 -0.076787 
224 0.065798 
225 -0.000586 
226 0.135857 
227 -0.077682 
228 0.021082 
229 0.003242 
230 -0.051283 
231 0.008156 
232 0.020797 
233 -0.002652 
234 0.026003 
235 0.002441 
236 -0.048984 
237 0.075970 
238 -0.048330 
239 -0.001225 
240 0.039932 
241 -0.044333 
242 -0.034207 
243 0.024006 
244 -0.107634 
245 0.037081 
246 -0.009636 
247 -0.016158 
248 -0.078445 
249 0.067566 
250 -0.092526 
251 -0.008391 
252 0.046684 
253 -0.001053 
254 -0.075844 
255 0.031117 
256 0.053632 
257 0.031852 
258 0.019960 
259 -0.045569 
260 0.007955 
261 0.080488 
262 -0.013895 
263 -0.033147 
264 0.143043 
265 -0.000120 
266 -0.078021 
267 -0.085139 
268 0.027301 
269 -0.061513 
270 0.015389 
271 -0.006643 
272 0.072027 
273 -0.018362 
274 0.023834 
275 -0.014267 
276 0.018543 
277 -0.037954 
278 0.104392 
279 0.070402 
280 0.026430 
281 -0.024507 
282 -0.037290 
283 -0.076169 
284 0.025344 
285 0.042284 
286 0.060485 
287 0.119731 
288 -0.122662 
289 -0.098580 
290 0.133677 
291 -0.079909 
292 0.006432 
293 0.078636 
294 -0.091662 
295 -0.000525 
296 0.017052 
297 0.032060 
298 -0.076408 
299 -0.002325 
300 0.067235 
301 -0.019989 
302 -0.067528 
303 0.012357 
304 0.066390 
305 -0.121720 
306 0.023796 
307 0.114629 
308 0.085696 
309 -0.100011 
310 0.001756 
311 0.074706 
312 -0.039079 
313 -0.047212 
314 0.031617 
315 -0.033468 
316 -0.038183 
317 -0.071552 
318 0.098929 
319 0.109103 
320 -0.085284 
321 -0.123439 
322 0.070504 
323 0.079762 
324 -0.118399 
325 0.078208 
326 0.115439 
327 -0.079479 
328 -0.117717 
329 0.041368 
330 0.008318 
331 0.012451 
332 0.014812 
333 0.068010 
334 0.029768 
335 -0.103084 
336 -0.136374 
337 0.143667 
338 0.030611 
339 -0.017533 
340 0.047212 
341 0.126418 
342 -0.054083 
343 -0.102652 
344 0.052285 
345 0.033448 
346 -0.073963 
347 -0.032233 
348 0.072445 
349 -0.052085 
350 -0.075486 
351 0.008990 
352 0.082310 
353 -0.064804 
354 -0.008349 
355 0.140346 
356 0.058029 
357 -0.131295 
358 0.036771 
359 -0.036005 
360 0.021093 
361 0.038660 
362 -0.007549 
363 -0.019982 
364 -0.025269 
365 -0.077234 
366 0.013099 
367 -0.027385 
368 -0.047590 
369 0.040677 
370 0.113876 
371 -0.048485 
372 -0.058460 
373 0.133297 
374 0.022169 
375 -0.117965 
376 -0.046652 
377 0.068167 
378 0.029679 
379 -0.023785 
380 -0.034474 
381 0.095851 
382 -0.119511 
383 -0.021479 
384 0.079599 
385 -0.040950 
386 0.021206 
387 0.073105 
388 -0.000784 
389 0.001819 
390 -0.077691 
391 0.065692 
392 0.164486 
393 -0.050892 
394 -0.006360 
395 -0.174868 
396 0.010855 
397 -0.012057 
398 -0.139074 
399 0.122114 
400 0.004193 
401 -0.055114 
402 0.037940 
403 -0.065195 
404 0.015595 
405 0.089135 
406 0.049363 
407 0.051410 
408 0.033391 
409 -0.123533 
410 -0.015859 
411 -0.049642 
412 0.040709 
413 0.049991 
414 0.093138 
415 0.065137 
416 -0.119156 
417 0.007941 
418 -0.078178 
419 -0.001590 
420 0.063912 
421 -0.130548 
422 0.011198 
423 0.014927 
424 0.056333 
425 0.082491 
426 -0.078511 
427 -0.015454 
428 -0.013206 
429 -0.076182 
430 0.042312 
431 0.076375 
432 -0.006353 
433 0.007578 
434 0.014134 
435 0.075313 
436 -0.010137 
437 -0.095788 
438 0.147839 
439 -0.096165 
440 -0.005165 
441 0.061704 
442 -0.118881 
443 0.065639 
444 -0.003984 
445 -0.065243 
446 0.080614 
447 0.005397 
448 -0.042641 
449 -0.039384 
450 0.058775 
451 -0.011500 
452 -0.015047 
453 0.114362 
454 -0.002868 
455 -0.034882 
456 -0.006762 
457 -0.002865 
458 0.014041 
459 -0.066390 
460 0.053185 
461 0.060046 
462 -0.092030 
463 0.064348 
464 0.020008 
465 -0.069091 
466 0.043696 
467 0.053990 
468 -0.056193 
469 -0.061071 
470 0.020110 
471 0.020067 
472 -0.029294 
473 -0.068418 
474 0.114586 
475 -0.062949 
476 -0.011761 
477 -0.020846 
478 0.020050 
479 0.032605 
480 -0.073925 
481 0.032677 
482 0.067976 
483 -0.058507 
484 -0.018763 
485 0.052295 
486 0.130686 
487 -0.074335 
488 -0.030517 
489 0.020527 
490 -0.105715 
491 -0.013299 
492 -0.018271 
493 0.023211 
494 0.090387 
495 -0.138771 
496 0.062250 
497 0.137401 
498 -0.052716 
499 -0.004798 
500 0.086210 
501 0.036468 
502 -0.126603 
503 -0.067347 
504 0.090789 
505 0.033237 
506 -0.102267 
507 0.110990 
508 -0.043767 
509 -0.030590 
510 -0.092463 
511 -0.006209 
512 0.112371 
513 -0.140619 
514 0.102616 
515 0.110646 
516 -0.079220 
517 0.055636 
518 -0.014876 
519 0.054687 
520 -0.007025 
521 -0.103880 
522 0.025524 
523 0.029114 
524 0.011389 
525 -0.020848 
526 -0.061210 
527 0.046177 
528 -0.086242 
529 -0.052908 
530 0.150696 
531 -0.059676 
532 -0.042962 
533 0.101532 
534 -0.041742 
535 -0.035266 
536 -0.090405 
537 0.106662 
538 0.092498 
539 -0.184496 
540 0.124207 
541 -0.044027 
542 -0.071171 
543 0.077553 
544 0.001772 
545 0.097381 
546 -0.021780 
547 -0.043913 
548 0.049181 
549 -0.071332 
550 0.026524 
551 0.120863 
552 0.012983 
553 0.003868 
554 -0.132377 
555 -0.075118 
556 0.061100 
557 -0.089877 
558 0.067733 
559 0.056755 
560 -0.078299 
561 -0.018223 
562 0.035921 
563 -0.012445 
564 0.043636 
565 0.010309 
566 0.067814 
567 0.014964 
568 -0.074560 
569 -0.062105 
570 0.038081 
571 0.086684 
572 -0.057353 
573 -0.022225 
574 0.051523 
575 -0.087269 
576 0.034184 
577 0.019897 
578 0.060093 
579 -0.010100 
580 -0.037759 
581 0.044098 
582 -0.038388 
583 -0.059899 
584 0.051068 
585 0.095913 
586 -0.025944 
587 -0.058014 
588 0.012602 
589 -0.042276 
590 0.003258 
591 0.049379 
592 0.046538 
593 0.009651 
594 -0.033004 
595 0.034215 
596 -0.087248 
597 0.094056 
598 0.100829 
599 -0.055866 
600 -0.015722 
601 -0.018646 
602 -0.168650 
603 0.050438 
604 0.054779 
605 -0.071862 
606 0.035759 
607 -0.060706 
608 -0.064970 
609 0.103999 
610 -0.101293 
611 0.057634 
612 0.050589 
613 0.030188 
614 0.006202 
615 -0.031439 
616 0.035971 
617 0.028775 
618 0.014287 
619 -0.053333 
620 0.075939 
621 -0.036946 
622 -0.103169 
623 0.052098 
624 0.080114 
625 -0.078047 
626 -0.019122 
627 0.075281 
628 -0.028658 
629 -0.082670 
630 0.019607 
631 0.118126 
632 -0.049418 
633 -0.078345 
634 0.065580 
635 0.020999 
636 -0.049547 
637 0.032380 
638 -0.019372 
639 0.008667 
640 -0.048423 
641 -0.026646 
642 0.093916 
643 -0.075838 
644 0.014114 
645 0.111903 
646 -0.057509 
647 -0.046304 
648 -0.018879 
649 0.091449 
650 -0.010032 
651 -0.015209 
652 -0.091153 
653 -0.001574 
654 0.011226 
655 -0.020305 
656 0.087252 
657 0.008323 
658 -0.013965 
659 0.067694 
660 -0.001174 
661 -0.000369 
662 -0.008241 
663 0.009483 
664 0.085222 
665 -0.055126 
666 -0.072109 
667 0.112099 
668 0.009760 
669 -0.119993 
670 0.027762 
671 0.097796 
672 -0.109499 
673 -0.090353 
674 0.101316 
675 -0.008917 
676 -0.067537 
677 0.048353 
678 0.057475 
679 -0.060956 
680 -0.027018 
681 -0.035467 
682 0.098547 
683 -0.029583 
684 -0.092812 
685 0.059243 
686 -0.032669 
687 -0.015897 
688 -0.131881 
689 0.154242 
690 0.107530 
691 -0.049794 
692 0.065312 
693 0.037262 
694 -0.039508 
695 -0.093531 
696 -0.060276 
697 0.186245 
698 -0.076617 
699 -0.093655 
700 0.070784 
701 0.011107 
702 -0.154351 
703 0.113100 
704 0.039568 
705 -0.002529 
706 -0.055083 
707 0.012694 
708 0.102394 
709 -0.087907 
710 0.073914 
711 0.071419 
712 -0.039422 
713 0.065667 
714 -0.174852 
715 0.059791 
716 -0.036344 
717 -0.013580 
718 0.081177 
719 -0.051506 
720 -0.065949 
721 -0.005023 
722 0.008289 
723 -0.007138 
724 0.066101 
725 0.022545 
726 0.045259 
727 -0.025392 
728 -0.021498 
729 0.027954 
730 -0.013830 
731 0.078991 
732 -0.086261 
733 0.049727 
734 -0.049858 
735 0.051719 
736 0.046104 
737 0.028584 
738 -0.053793 
739 0.008529 
740 -0.049142 
741 0.149629 
742 -0.120772 
743 0.014107 
744 0.138352 
745 -0.068553 
746 -0.125311 
747 0.015189 
748 0.042536 
749 -0.003160 
750 -0.053545 
751 0.184458 
752 -0.089393 
753 -0.093638 
754 0.116700 
755 0.040802 
756 -0.089206 
757 -0.007658 
758 0.074970 
759 -0.030648 
760 -0.031688 
761 -0.040610 
762 0.043153 
763 -0.023834 
764 -0.067184 
765 0.045410 
766 0.009696 
767 -0.017607 
768 -0.029506 
769 0.017088 
770 -0.085719 
771 0.008505 
772 0.123494 
773 0.025588 
774 0.003935 
775 0.000717 
776 -0.021915 
777 0.059664 
778 -0.171152 
779 0.006297 
780 0.057461 
781 -0.045375 
782 -0.014911 
783 0.148166 
784 -0.059064 
785 -0.014882 
786 0.011149 
787 0.091978 
788 -0.033201 
789 -0.099986 
790 -0.047639 
791 0.116474 
792 -0.191516 
793 0.023818 
794 0.090447 
795 0.000010 
796 -0.034271 
797 -0.009161 
798 0.083912 
799 0.026669 
800 -0.079114 
801 0.047204 
802 0.096771 
803 -0.105296 
804 -0.006639 
805 0.060887 
806 0.007835 
807 -0.071610 
808 -0.011660 
809 0.072615 
810 0.015332 
811 -0.200209 
812 0.095521 
813 0.014301 
814 -0.151667 
815 0.030189 
816 0.047694 
817 0.128616 
818 -0.064167 
819 0.060477 
820 -0.018162 
821 0.065672 
822 -0.094146 
823 0.053529 
824 0.107196 
825 -0.089514 
826 -0.107049 
827 0.122828 
828 -0.012139 
829 -0.086341 
830 0.079983 
831 0.119347 
832 -0.216413 
833 0.008917 
834 0.035697 
835 0.036306 
836 0.010865 
837 0.016311 
838 0.106078 
839 -0.031923 
840 -0.144892 
841 0.082942 
842 -0.041389 
843 -0.008325 
844 0.049380 
845 0.108210 
846 -0.010351 
847 -0.113162 
848 0.036789 
849 0.061685 
850 0.003315 
851 -0.047486 
852 -0.005788 
853 0.014123 
854 0.028093 
855 -0.084426 
856 0.009552 
857 0.212877 
858 -0.197526 
859 0.010926 
860 0.106472 
861 -0.114980 
862 -0.110508 
863 0.037748 
864 0.113945 
865 -0.023871 
866 -0.135171 
867 0.243190 
868 0.002746 
869 -0.026257 
870 -0.033339 
871 0.205033 
872 -0.031300 
873 -0.145303 
874 0.012362 
875 0.097370 
876 -0.115106 
877 0.038279 
878 0.097425 
879 -0.060414 
880 -0.076106 
881 0.074017 
882 -0.091221 
883 0.069163 
884 -0.156820 
885 0.068906 
886 0.071433 
887 -0.137657 
888 0.009245 
889 -0.086637 
890 0.148924 
891 -0.077297 
892 -0.004449 
893 0.110804 
894 -0.159603 
895 -0.014676 
896 0.020136 
897 0.026986 
898 0.094256 
899 0.015505 
900 -0.014059 
901 0.068552 
902 -0.141229 
903 0.089117 
904 0.084066 
905 -0.070504 
906 -0.039678 
907 0.008809 
908 -0.020295 
909 -0.037579 
910 -0.050724 
911 0.193986 
912 -0.084000 
913 -0.053918 
914 0.104770 
915 -0.102422 
916 -0.079059 
917 0.102406 
918 0.115442 
919 -0.076777 
920 -0.034484 
921 0.061899 
922 -0.145665 
923 -0.129147 
924 -0.051966 
925 0.065009 
926 0.019987 
927 -0.077749 
928 0.027996 
929 -0.036441 
930 0.048460 
931 0.027946 
932 0.036514 
933 0.080586 
934 -0.019576 
935 -0.033684 
936 0.081145 
937 -0.068931 
938 -0.040816 
939 0.114409 
940 0.084325 
941 -0.045173 
942 0.031619 
943 -0.024387 
944 -0.080466 
945 0.056934 
946 -0.117515 
947 0.115332 
948 0.058684 
949 0.080440 
950 -0.006857 
951 0.044599 
952 -0.098131 
953 0.054332 
954 0.065441 
955 0.008862 
956 -0.037370 
957 0.039917 
958 -0.105757 
959 0.054263 
960 -0.076546 
961 0.150933 
962 0.062909 
963 -0.013949 
964 0.080601 
965 -0.134715 
966 -0.002144 
967 -0.031939 
968 0.046252 
969 0.019116 
970 -0.055773 
971 -0.058773 
972 0.151423 
973 -0.174289 
974 -0.010065 
975 0.119272 
976 0.022853 
977 -0.023011 
978 0.024640 
979 0.000881 
980 -0.000463 
981 -0.064639 
982 0.069666 
983 0.139249 
984 -0.057616 
985 0.048418 
986 0.011495 
987 0.014321 
988 -0.231013 
989 -0.003305 
990 0.178608 
991 -0.053037 
992 0.132567 
993 -0.032258 
994 0.117111 
995 -0.046876 
996 -0.277433 
997 0.130724 
998 0.001881 
999 -0.064053 
1000 -0.129430 
1001 0.106259 
1002 -0.219196 
1003 -0.084175 
1004 0.062187 
1005 0.048315 
1006 -0.046815 
1007 0.015332 
1008 0.306570 
1009 -0.081637 
1010 -0.180185 
1011 0.088728 
1012 -0.126275 
1013 0.144058 
1014 -0.114017 
1015 0.083687 
1016 0.021018 
1017 -0.075364 
1018 -0.101176 
1019 0.068466 
1020 0.116326 
1021 0.170055 
1022 0.032439 
1023 -0.334732 
