0 0.000771 
1 0.001144 
2 0.001214 
3 0.001012 
4 0.000892 
5 0.000931 
6 0.000902 
7 0.000794 
8 0.000868 
9 0.000928 
10 0.000618 
11 0.000421 
12 0.000748 
13 0.001044 
14 0.000928 
15 0.000727 
16 0.000687 
17 0.000628 
18 0.000415 
19 0.000239 
20 0.000364 
21 0.000568 
22 0.000367 
23 -0.000112 
24 -0.000272 
25 -0.000006 
26 0.000305 
27 0.000396 
28 0.000195 
29 -0.000020 
30 -0.000143 
31 -0.000430 
32 -0.000541 
33 -0.000263 
34 -0.000067 
35 -0.000246 
36 -0.000737 
37 -0.001110 
38 -0.000860 
39 -0.000407 
40 -0.000320 
41 -0.000385 
42 -0.000467 
43 -0.000709 
44 -0.000903 
45 -0.000813 
46 -0.000666 
47 -0.000638 
48 -0.000740 
49 -0.000968 
50 -0.001181 
51 -0.001116 
52 -0.000747 
53 -0.000561 
54 -0.000701 
55 -0.000735 
56 -0.000556 
57 -0.000573 
58 -0.000775 
59 -0.000833 
60 -0.000709 
61 -0.000631 
62 -0.000930 
63 -0.001401 
64 -0.001467 
65 -0.001141 
66 -0.000900 
67 -0.000740 
68 -0.000737 
69 -0.001114 
70 -0.001572 
71 -0.001529 
72 -0.000962 
73 -0.000430 
74 -0.000288 
75 -0.000498 
76 -0.000998 
77 -0.001568 
78 -0.001834 
79 -0.001589 
80 -0.001109 
81 -0.000795 
82 -0.000847 
83 -0.001127 
84 -0.001071 
85 -0.000467 
86 -0.000151 
87 -0.000728 
88 -0.001444 
89 -0.001513 
90 -0.001109 
91 -0.000724 
92 -0.000460 
93 -0.000171 
94 -0.000201 
95 -0.000944 
96 -0.001554 
97 -0.000961 
98 0.000226 
99 0.000479 
100 -0.000323 
101 -0.000929 
102 -0.000575 
103 0.000032 
104 0.000390 
105 0.000723 
106 0.000698 
107 0.000043 
108 -0.000668 
109 -0.000767 
110 0.000064 
111 0.001085 
112 0.001069 
113 0.000251 
114 0.000012 
115 0.000588 
116 0.001268 
117 0.001249 
118 0.000900 
119 0.001157 
120 0.001380 
121 0.000924 
122 0.000836 
123 0.001581 
124 0.002066 
125 0.001803 
126 0.001572 
127 0.001971 
128 0.002152 
129 0.001647 
130 0.001359 
131 0.001887 
132 0.002590 
133 0.002870 
134 0.002944 
135 0.002810 
136 0.002384 
137 0.002100 
138 0.002235 
139 0.002071 
140 0.001901 
141 0.002650 
142 0.003598 
143 0.003660 
144 0.003324 
145 0.003407 
146 0.003588 
147 0.003061 
148 0.002278 
149 0.002366 
150 0.003156 
151 0.003822 
152 0.004019 
153 0.004138 
154 0.004374 
155 0.003800 
156 0.002172 
157 0.001246 
158 0.001986 
159 0.003086 
160 0.003438 
161 0.003310 
162 0.003294 
163 0.003320 
164 0.003036 
165 0.002573 
166 0.002076 
167 0.001870 
168 0.002269 
169 0.002409 
170 0.001947 
171 0.002432 
172 0.003602 
173 0.003447 
174 0.001746 
175 0.000120 
176 -0.000189 
177 0.000671 
178 0.001421 
179 0.001526 
180 0.001479 
181 0.000974 
182 0.000026 
183 -0.000054 
184 0.000708 
185 0.000625 
186 -0.001261 
187 -0.003685 
188 -0.004225 
189 -0.001936 
190 0.001109 
191 0.001954 
192 -0.000287 
193 -0.003224 
194 -0.004316 
195 -0.003415 
196 -0.001883 
197 -0.000923 
198 -0.001334 
199 -0.003384 
200 -0.004962 
201 -0.003770 
202 -0.001130 
203 0.000083 
204 -0.001083 
205 -0.003864 
206 -0.006668 
207 -0.008046 
208 -0.006770 
209 -0.003297 
210 -0.001196 
211 -0.003016 
212 -0.005810 
213 -0.006216 
214 -0.005346 
215 -0.004832 
216 -0.004575 
217 -0.005279 
218 -0.006813 
219 -0.007610 
220 -0.007034 
221 -0.006099 
222 -0.005948 
223 -0.006139 
224 -0.006567 
225 -0.007796 
226 -0.008695 
227 -0.007409 
228 -0.005830 
229 -0.006854 
230 -0.008722 
231 -0.008842 
232 -0.007602 
233 -0.007038 
234 -0.008067 
235 -0.009127 
236 -0.009255 
237 -0.009427 
238 -0.009473 
239 -0.007999 
240 -0.006074 
241 -0.005724 
242 -0.007095 
243 -0.008217 
244 -0.007617 
245 -0.007326 
246 -0.008371 
247 -0.008989 
248 -0.007618 
249 -0.005174 
250 -0.004544 
251 -0.005456 
252 -0.004788 
253 -0.002961 
254 -0.003786 
255 -0.006801 
256 -0.007894 
257 -0.005962 
258 -0.005162 
259 -0.007412 
260 -0.007691 
261 -0.003361 
262 0.000788 
263 0.000923 
264 -0.001778 
265 -0.004323 
266 -0.004557 
267 -0.003816 
268 -0.003992 
269 -0.004084 
270 -0.003330 
271 -0.003097 
272 -0.003429 
273 -0.002043 
274 0.001836 
275 0.003985 
276 0.001305 
277 -0.002341 
278 -0.003058 
279 -0.001971 
280 -0.000777 
281 0.000865 
282 0.002661 
283 0.003185 
284 0.001838 
285 0.000242 
286 0.000505 
287 0.003205 
288 0.006075 
289 0.005582 
290 0.003647 
291 0.004312 
292 0.005885 
293 0.005774 
294 0.005796 
295 0.006731 
296 0.007212 
297 0.006986 
298 0.005320 
299 0.003696 
300 0.005551 
301 0.008769 
302 0.009630 
303 0.009247 
304 0.009179 
305 0.008525 
306 0.006577 
307 0.005415 
308 0.006997 
309 0.009276 
310 0.009970 
311 0.009809 
312 0.009784 
313 0.009885 
314 0.010168 
315 0.009709 
316 0.008190 
317 0.006256 
318 0.006019 
319 0.008214 
320 0.010201 
321 0.011117 
322 0.012031 
323 0.011389 
324 0.007970 
325 0.005378 
326 0.005725 
327 0.006206 
328 0.004980 
329 0.004318 
330 0.005679 
331 0.006975 
332 0.006909 
333 0.007477 
334 0.009360 
335 0.010715 
336 0.009616 
337 0.006404 
338 0.004172 
339 0.006010 
340 0.008821 
341 0.008216 
342 0.004963 
343 0.002625 
344 0.003301 
345 0.005483 
346 0.006952 
347 0.007585 
348 0.006642 
349 0.002147 
350 -0.002996 
351 -0.002543 
352 0.003207 
353 0.006902 
354 0.004439 
355 -0.000897 
356 -0.005065 
357 -0.005643 
358 -0.001811 
359 0.002633 
360 0.002946 
361 -0.000189 
362 -0.003096 
363 -0.004160 
364 -0.003185 
365 -0.000671 
366 0.001209 
367 -0.001017 
368 -0.006623 
369 -0.009171 
370 -0.007170 
371 -0.004298 
372 -0.002575 
373 -0.002609 
374 -0.004453 
375 -0.006565 
376 -0.007353 
377 -0.006444 
378 -0.005605 
379 -0.007294 
380 -0.008887 
381 -0.007104 
382 -0.004018 
383 -0.002648 
384 -0.003128 
385 -0.004440 
386 -0.005353 
387 -0.006492 
388 -0.008984 
389 -0.009314 
390 -0.005661 
391 -0.003767 
392 -0.006989 
393 -0.010873 
394 -0.010867 
395 -0.006973 
396 -0.003530 
397 -0.005275 
398 -0.009720 
399 -0.012901 
400 -0.015377 
401 -0.016362 
402 -0.011234 
403 -0.003570 
404 -0.002866 
405 -0.009586 
406 -0.014788 
407 -0.014651 
408 -0.013682 
409 -0.014677 
410 -0.014704 
411 -0.013039 
412 -0.012667 
413 -0.014455 
414 -0.013766 
415 -0.009349 
416 -0.005440 
417 -0.006182 
418 -0.009630 
419 -0.010928 
420 -0.011299 
421 -0.012476 
422 -0.013532 
423 -0.013379 
424 -0.010868 
425 -0.006070 
426 -0.001485 
427 0.000995 
428 -0.000615 
429 -0.005304 
430 -0.007526 
431 -0.007349 
432 -0.006335 
433 -0.003277 
434 0.000129 
435 0.001839 
436 0.002003 
437 -0.000381 
438 -0.002244 
439 -0.000966 
440 0.000079 
441 0.000638 
442 0.001073 
443 0.000000 
444 -0.000492 
445 0.000153 
446 0.000910 
447 0.002521 
448 0.003176 
449 -0.000289 
450 -0.002688 
451 0.000814 
452 0.004917 
453 0.005221 
454 0.005174 
455 0.006139 
456 0.003768 
457 0.000476 
458 0.002320 
459 0.005963 
460 0.007312 
461 0.006547 
462 0.003708 
463 0.003304 
464 0.009145 
465 0.013763 
466 0.013580 
467 0.010091 
468 0.006460 
469 0.006462 
470 0.007755 
471 0.007241 
472 0.008940 
473 0.011845 
474 0.010439 
475 0.007728 
476 0.010040 
477 0.017022 
478 0.020437 
479 0.015502 
480 0.009426 
481 0.009625 
482 0.012103 
483 0.012209 
484 0.010846 
485 0.009369 
486 0.009917 
487 0.013538 
488 0.017972 
489 0.019393 
490 0.014878 
491 0.007595 
492 0.004636 
493 0.008241 
494 0.014422 
495 0.016113 
496 0.010756 
497 0.005302 
498 0.005301 
499 0.008276 
500 0.011740 
501 0.013115 
502 0.010126 
503 0.007256 
504 0.007893 
505 0.010871 
506 0.013909 
507 0.014263 
508 0.012007 
509 0.009847 
510 0.008115 
511 0.006877 
512 0.009506 
513 0.014178 
514 0.015039 
515 0.012469 
516 0.010964 
517 0.011425 
518 0.011056 
519 0.009685 
520 0.010589 
521 0.011323 
522 0.007487 
523 0.005059 
524 0.009058 
525 0.012654 
526 0.011192 
527 0.008687 
528 0.008154 
529 0.007420 
530 0.004808 
531 0.002682 
532 0.004179 
533 0.006615 
534 0.004211 
535 -0.001426 
536 -0.003266 
537 -0.000149 
538 0.003466 
539 0.004494 
540 0.002168 
541 -0.000288 
542 -0.001667 
543 -0.004893 
544 -0.006121 
545 -0.003001 
546 -0.000815 
547 -0.002762 
548 -0.008063 
549 -0.011989 
550 -0.009220 
551 -0.004354 
552 -0.003399 
553 -0.004055 
554 -0.004879 
555 -0.007332 
556 -0.009249 
557 -0.008266 
558 -0.006711 
559 -0.006373 
560 -0.007295 
561 -0.009465 
562 -0.011430 
563 -0.010701 
564 -0.007109 
565 -0.005306 
566 -0.006543 
567 -0.006775 
568 -0.005064 
569 -0.005163 
570 -0.006928 
571 -0.007369 
572 -0.006227 
573 -0.005501 
574 -0.008001 
575 -0.011880 
576 -0.012296 
577 -0.009467 
578 -0.007382 
579 -0.006004 
580 -0.005906 
581 -0.008812 
582 -0.012302 
583 -0.011818 
584 -0.007331 
585 -0.003212 
586 -0.002117 
587 -0.003669 
588 -0.007306 
589 -0.011372 
590 -0.013143 
591 -0.011247 
592 -0.007745 
593 -0.005469 
594 -0.005766 
595 -0.007609 
596 -0.007150 
597 -0.003053 
598 -0.000940 
599 -0.004682 
600 -0.009220 
601 -0.009567 
602 -0.006930 
603 -0.004474 
604 -0.002795 
605 -0.001007 
606 -0.001176 
607 -0.005549 
608 -0.009043 
609 -0.005529 
610 0.001318 
611 0.002726 
612 -0.001765 
613 -0.005075 
614 -0.003078 
615 0.000234 
616 0.002148 
617 0.003891 
618 0.003712 
619 0.000302 
620 -0.003321 
621 -0.003795 
622 0.000362 
623 0.005375 
624 0.005245 
625 0.001259 
626 0.000112 
627 0.002793 
628 0.005893 
629 0.005735 
630 0.004102 
631 0.005208 
632 0.006126 
633 0.004076 
634 0.003648 
635 0.006785 
636 0.008737 
637 0.007519 
638 0.006468 
639 0.008000 
640 0.008636 
641 0.006526 
642 0.005334 
643 0.007330 
644 0.009945 
645 0.010899 
646 0.011041 
647 0.010403 
648 0.008724 
649 0.007586 
650 0.007983 
651 0.007308 
652 0.006628 
653 0.009146 
654 0.012284 
655 0.012360 
656 0.011110 
657 0.011254 
658 0.011732 
659 0.009899 
660 0.007298 
661 0.007488 
662 0.009870 
663 0.011821 
664 0.012292 
665 0.012522 
666 0.013078 
667 0.011237 
668 0.006351 
669 0.003613 
670 0.005686 
671 0.008746 
672 0.009647 
673 0.009209 
674 0.009077 
675 0.009053 
676 0.008182 
677 0.006851 
678 0.005460 
679 0.004843 
680 0.005793 
681 0.006080 
682 0.004863 
683 0.006022 
684 0.008840 
685 0.008378 
686 0.004240 
687 0.000368 
688 -0.000366 
689 0.001610 
690 0.003294 
691 0.003502 
692 0.003363 
693 0.002213 
694 0.000112 
695 -0.000063 
696 0.001577 
697 0.001379 
698 -0.002586 
699 -0.007574 
700 -0.008593 
701 -0.003872 
702 0.002267 
703 0.003905 
704 -0.000531 
705 -0.006215 
706 -0.008227 
707 -0.006413 
708 -0.003467 
709 -0.001615 
710 -0.002337 
711 -0.006022 
712 -0.008793 
713 -0.006573 
714 -0.001855 
715 0.000277 
716 -0.001736 
717 -0.006450 
718 -0.011093 
719 -0.013264 
720 -0.011015 
721 -0.005224 
722 -0.001764 
723 -0.004646 
724 -0.009012 
725 -0.009546 
726 -0.008099 
727 -0.007240 
728 -0.006782 
729 -0.007775 
730 -0.009970 
731 -0.011038 
732 -0.010087 
733 -0.008623 
734 -0.008302 
735 -0.008480 
736 -0.008981 
737 -0.010576 
738 -0.011687 
739 -0.009843 
740 -0.007631 
741 -0.008902 
742 -0.011247 
743 -0.011287 
744 -0.009586 
745 -0.008771 
746 -0.009981 
747 -0.011189 
748 -0.011232 
749 -0.011324 
750 -0.011247 
751 -0.009365 
752 -0.006995 
753 -0.006511 
754 -0.008032 
755 -0.009229 
756 -0.008465 
757 -0.008056 
758 -0.009126 
759 -0.009701 
760 -0.008109 
761 -0.005395 
762 -0.004665 
763 -0.005574 
764 -0.004825 
765 -0.002899 
766 -0.003719 
767 -0.006718 
768 -0.007749 
769 -0.005762 
770 -0.004921 
771 -0.007023 
772 -0.007208 
773 -0.003042 
774 0.000874 
775 0.000992 
776 -0.001501 
777 -0.003802 
778 -0.003976 
779 -0.003290 
780 -0.003417 
781 -0.003465 
782 -0.002787 
783 -0.002558 
784 -0.002804 
785 -0.001623 
786 0.001588 
787 0.003326 
788 0.001126 
789 -0.001793 
790 -0.002341 
791 -0.001472 
792 -0.000536 
793 0.000721 
794 0.002058 
795 0.002430 
796 0.001396 
797 0.000208 
798 0.000396 
799 0.002345 
800 0.004361 
801 0.003974 
802 0.002585 
803 0.003017 
804 0.004061 
805 0.003943 
806 0.003913 
807 0.004491 
808 0.004760 
809 0.004560 
810 0.003447 
811 0.002380 
812 0.003510 
813 0.005466 
814 0.005938 
815 0.005648 
816 0.005553 
817 0.005106 
818 0.003915 
819 0.003187 
820 0.004055 
821 0.005301 
822 0.005630 
823 0.005481 
824 0.005407 
825 0.005411 
826 0.005504 
827 0.005202 
828 0.004345 
829 0.003280 
830 0.003122 
831 0.004207 
832 0.005167 
833 0.005572 
834 0.005969 
835 0.005594 
836 0.003874 
837 0.002590 
838 0.002724 
839 0.002916 
840 0.002315 
841 0.001985 
842 0.002576 
843 0.003129 
844 0.003062 
845 0.003283 
846 0.004065 
847 0.004599 
848 0.004086 
849 0.002696 
850 0.001739 
851 0.002473 
852 0.003579 
853 0.003297 
854 0.001968 
855 0.001026 
856 0.001273 
857 0.002099 
858 0.002635 
859 0.002845 
860 0.002461 
861 0.000781 
862 -0.001094 
863 -0.000921 
864 0.001125 
865 0.002402 
866 0.001520 
867 -0.000330 
868 -0.001740 
869 -0.001921 
870 -0.000635 
871 0.000830 
872 0.000917 
873 -0.000094 
874 -0.001015 
875 -0.001334 
876 -0.001017 
877 -0.000236 
878 0.000333 
879 -0.000338 
880 -0.001991 
881 -0.002715 
882 -0.002101 
883 -0.001254 
884 -0.000750 
885 -0.000747 
886 -0.001250 
887 -0.001811 
888 -0.002007 
889 -0.001742 
890 -0.001503 
891 -0.001926 
892 -0.002316 
893 -0.001831 
894 -0.001032 
895 -0.000680 
896 -0.000791 
897 -0.001106 
898 -0.001311 
899 -0.001572 
900 -0.002140 
901 -0.002192 
902 -0.001330 
903 -0.000884 
904 -0.001594 
905 -0.002438 
906 -0.002411 
907 -0.001542 
908 -0.000790 
909 -0.001148 
910 -0.002063 
911 -0.002696 
912 -0.003170 
913 -0.003334 
914 -0.002276 
915 -0.000743 
916 -0.000598 
917 -0.001885 
918 -0.002855 
919 -0.002796 
920 -0.002582 
921 -0.002732 
922 -0.002703 
923 -0.002323 
924 -0.002226 
925 -0.002511 
926 -0.002362 
927 -0.001579 
928 -0.000901 
929 -0.001013 
930 -0.001573 
931 -0.001766 
932 -0.001807 
933 -0.001974 
934 -0.002119 
935 -0.002069 
936 -0.001657 
937 -0.000907 
938 -0.000202 
939 0.000173 
940 -0.000065 
941 -0.000746 
942 -0.001057 
943 -0.001021 
944 -0.000868 
945 -0.000433 
946 0.000042 
947 0.000272 
948 0.000285 
949 -0.000038 
950 -0.000284 
951 -0.000116 
952 0.000022 
953 0.000093 
954 0.000148 
955 0.000011 
956 -0.000048 
957 0.000031 
958 0.000124 
959 0.000316 
960 0.000389 
961 -0.000020 
962 -0.000300 
963 0.000100 
964 0.000560 
965 0.000587 
966 0.000580 
967 0.000682 
968 0.000419 
969 0.000065 
970 0.000263 
971 0.000646 
972 0.000780 
973 0.000691 
974 0.000389 
975 0.000343 
976 0.000930 
977 0.001387 
978 0.001359 
979 0.001005 
980 0.000644 
981 0.000639 
982 0.000759 
983 0.000704 
984 0.000860 
985 0.001127 
986 0.000990 
987 0.000730 
988 0.000935 
989 0.001562 
990 0.001858 
991 0.001401 
992 0.000850 
993 0.000862 
994 0.001076 
995 0.001080 
996 0.000956 
997 0.000824 
998 0.000866 
999 0.001169 
1000 0.001539 
1001 0.001650 
1002 0.001261 
1003 0.000646 
1004 0.000396 
1005 0.000695 
1006 0.001204 
1007 0.001338 
1008 0.000894 
1009 0.000444 
1010 0.000442 
1011 0.000683 
1012 0.000964 
1013 0.001073 
1014 0.000831 
1015 0.000598 
1016 0.000650 
1017 0.000888 
1018 0.001131 
1019 0.001159 
1020 0.000978 
1021 0.000804 
1022 0.000665 
1023 0.000565 
