0 -0.142541 
1 0.792991 
2 0.890395 
3 0.050249 
4 -0.195779 
5 0.108681 
6 -0.028970 
7 -0.015423 
8 0.083306 
9 -0.057286 
10 0.016493 
11 -0.064956 
12 0.093049 
13 -0.190804 
14 0.078873 
15 0.124482 
16 -0.364354 
17 0.116000 
18 -0.141926 
19 -0.000024 
20 -0.132286 
21 0.251275 
22 -0.213507 
23 0.017416 
24 -0.089439 
25 0.079531 
26 -0.109162 
27 0.108327 
28 0.173395 
29 -0.170569 
30 0.127372 
31 0.014197 
32 -0.006858 
33 0.113406 
34 -0.018159 
35 0.183391 
36 -0.087472 
37 -0.064631 
38 0.133494 
39 -0.133039 
40 0.160692 
41 -0.036975 
42 0.102137 
43 -0.228113 
44 -0.047073 
45 0.051330 
46 -0.115538 
47 0.031636 
48 0.107974 
49 -0.206567 
50 -0.068672 
51 -0.028103 
52 -0.020106 
53 0.029061 
54 0.092361 
55 0.017718 
56 -0.071845 
57 -0.041543 
58 0.081991 
59 0.019776 
60 0.132987 
61 0.187019 
62 -0.195456 
63 0.184223 
64 -0.252630 
65 0.119702 
66 0.124206 
67 -0.074803 
68 0.023752 
69 -0.009076 
70 -0.181472 
71 -0.048951 
72 0.052442 
73 -0.061390 
74 0.100017 
75 -0.126553 
76 0.015316 
77 -0.183396 
78 -0.051893 
79 0.200787 
80 -0.216912 
81 0.284361 
82 -0.069842 
83 -0.132753 
84 0.139513 
85 -0.073557 
86 0.217996 
87 -0.017216 
88 0.166840 
89 -0.091480 
90 0.062196 
91 0.011424 
92 -0.012525 
93 0.102077 
94 0.038124 
95 -0.058332 
96 -0.028003 
97 -0.077328 
98 -0.011919 
99 -0.071252 
100 0.073181 
101 -0.113723 
102 -0.042795 
103 0.052288 
104 -0.154983 
105 0.062960 
106 0.020177 
107 0.000034 
108 -0.102532 
109 0.222215 
110 -0.196410 
111 0.125365 
112 0.049693 
113 -0.038428 
114 0.089323 
115 0.124948 
116 -0.122640 
117 0.182657 
118 -0.104801 
119 0.096047 
120 -0.071650 
121 0.076196 
122 -0.023063 
123 -0.101327 
124 0.084780 
125 -0.171982 
126 0.021567 
127 -0.021887 
128 -0.085040 
129 -0.082021 
130 0.140123 
131 -0.299787 
132 0.124085 
133 -0.094124 
134 -0.008584 
135 0.005740 
136 0.077655 
137 -0.091210 
138 -0.029099 
139 0.057169 
140 -0.057337 
141 0.091550 
142 0.183944 
143 -0.092032 
144 0.190504 
145 -0.215164 
146 0.195326 
147 -0.084623 
148 0.073305 
149 0.114791 
150 -0.052571 
151 -0.073868 
152 -0.058992 
153 -0.061499 
154 -0.047044 
155 0.154488 
156 -0.098781 
157 -0.011372 
158 -0.064546 
159 -0.175058 
160 0.027983 
161 0.057134 
162 0.017060 
163 0.104539 
164 -0.064069 
165 -0.057411 
166 -0.056694 
167 0.074854 
168 0.070300 
169 0.125417 
170 0.082370 
171 -0.075630 
172 -0.096996 
173 0.097199 
174 -0.080911 
175 0.270029 
176 -0.047807 
177 0.042855 
178 -0.085700 
179 -0.129448 
180 -0.003286 
181 -0.000556 
182 0.122785 
183 -0.107526 
184 0.047551 
185 -0.225546 
186 -0.048086 
187 0.003369 
188 0.094468 
189 0.000956 
190 0.048531 
191 -0.122761 
192 -0.044570 
193 0.012894 
194 0.072983 
195 0.142264 
196 0.020432 
197 0.056762 
198 -0.015090 
199 -0.097489 
200 0.130780 
201 0.019999 
202 0.139716 
203 -0.016104 
204 0.027369 
205 -0.081465 
206 -0.081625 
207 0.052790 
208 -0.078456 
209 0.166992 
210 -0.152543 
211 0.034883 
212 -0.181933 
213 0.001877 
214 -0.026712 
215 -0.015998 
216 0.088750 
217 -0.115373 
218 0.052181 
219 -0.114052 
220 0.039211 
221 -0.010226 
222 0.077057 
223 0.091282 
224 -0.043822 
225 0.152126 
226 -0.050014 
227 0.060529 
228 -0.010662 
229 0.090147 
230 0.032676 
231 -0.011881 
232 0.057525 
233 -0.055293 
234 -0.078742 
235 -0.037581 
236 0.043745 
237 -0.094869 
238 0.101308 
239 -0.150829 
240 -0.005713 
241 -0.169258 
242 -0.019555 
243 0.035143 
244 -0.052972 
245 0.073342 
246 -0.028676 
247 -0.115993 
248 0.058249 
249 -0.031362 
250 0.092153 
251 0.013325 
252 0.152467 
253 -0.049346 
254 0.044939 
255 -0.093739 
256 0.037777 
257 0.114775 
258 -0.000042 
259 0.070996 
260 -0.087373 
261 -0.081938 
262 -0.124775 
263 0.104592 
264 -0.073677 
265 0.072107 
266 -0.041810 
267 -0.084875 
268 -0.153348 
269 0.079587 
270 -0.015971 
271 0.030725 
272 0.066806 
273 -0.094826 
274 -0.004555 
275 -0.137996 
276 0.175668 
277 0.039569 
278 0.133187 
279 0.076137 
280 -0.105758 
281 0.062765 
282 -0.047413 
283 0.172101 
284 0.112285 
285 0.002336 
286 0.063839 
287 -0.221631 
288 0.046377 
289 -0.080118 
290 0.106377 
291 0.024068 
292 -0.056859 
293 -0.052908 
294 -0.138883 
295 -0.064865 
296 0.021542 
297 0.111330 
298 -0.029503 
299 0.005164 
300 -0.083814 
301 -0.125564 
302 0.019605 
303 0.111954 
304 0.054297 
305 0.024890 
306 0.069043 
307 -0.135464 
308 0.056317 
309 0.100449 
310 0.077453 
311 0.078422 
312 0.055659 
313 -0.090037 
314 -0.032447 
315 -0.001475 
316 -0.033463 
317 0.118703 
318 -0.110734 
319 -0.016670 
320 -0.079503 
321 -0.104391 
322 0.007111 
323 -0.035748 
324 0.033658 
325 -0.048934 
326 -0.083042 
327 0.022619 
328 -0.047434 
329 -0.006094 
330 0.116861 
331 -0.081053 
332 0.151058 
333 -0.094227 
334 0.147986 
335 -0.148421 
336 0.135114 
337 0.127114 
338 -0.090388 
339 0.184262 
340 -0.051655 
341 -0.017877 
342 0.052628 
343 -0.051597 
344 0.058459 
345 -0.103401 
346 0.010417 
347 -0.027519 
348 -0.109190 
349 0.020794 
350 -0.098679 
351 0.003261 
352 -0.062267 
353 0.052913 
354 -0.084020 
355 0.085661 
356 -0.209266 
357 0.196668 
358 -0.129287 
359 0.047976 
360 0.210065 
361 -0.134690 
362 0.086244 
363 0.014646 
364 0.030061 
365 0.049001 
366 0.124536 
367 0.027487 
368 0.002602 
369 -0.056548 
370 -0.038267 
371 -0.012876 
372 0.037272 
373 0.016980 
374 0.014780 
375 -0.149872 
376 -0.095280 
377 -0.082667 
378 -0.011382 
379 -0.063329 
380 0.194220 
381 -0.170152 
382 -0.024100 
383 -0.083504 
384 -0.087468 
385 0.166738 
386 0.008792 
387 0.146080 
388 0.017942 
389 -0.148707 
390 0.093406 
391 -0.073107 
392 0.228915 
393 0.059381 
394 0.086526 
395 -0.009225 
396 -0.160645 
397 0.062591 
398 -0.007183 
399 0.076546 
400 0.026827 
401 0.051354 
402 -0.224075 
403 -0.035647 
404 -0.039928 
405 -0.034189 
406 0.081612 
407 -0.050498 
408 -0.056525 
409 -0.126715 
410 -0.073530 
411 0.119759 
412 -0.039006 
413 0.189287 
414 -0.068030 
415 0.033671 
416 -0.045130 
417 0.070319 
418 0.123889 
419 0.003298 
420 0.118546 
421 -0.004120 
422 -0.066512 
423 0.011586 
424 0.087490 
425 -0.034476 
426 0.155080 
427 -0.150572 
428 0.054549 
429 -0.233880 
430 0.050113 
431 -0.003397 
432 -0.025693 
433 -0.002322 
434 -0.038874 
435 -0.147547 
436 -0.013319 
437 -0.052061 
438 0.057121 
439 -0.058366 
440 0.004088 
441 0.047229 
442 -0.112972 
443 0.087127 
444 0.119115 
445 0.029760 
446 0.039104 
447 0.063838 
448 0.016926 
449 -0.047933 
450 0.110844 
451 0.028931 
452 -0.037935 
453 0.071180 
454 -0.129691 
455 0.110972 
456 -0.202286 
457 0.197870 
458 -0.186562 
459 0.081075 
460 -0.157913 
461 0.042183 
462 0.010592 
463 -0.229665 
464 0.217592 
465 -0.170183 
466 0.011198 
467 -0.010094 
468 0.037008 
469 0.003729 
470 -0.040493 
471 0.235166 
472 -0.155627 
473 0.051947 
474 0.151782 
475 -0.024128 
476 0.115974 
477 0.025761 
478 0.060932 
479 -0.148139 
480 0.107228 
481 -0.097578 
482 0.210961 
483 -0.236696 
484 0.139552 
485 -0.155457 
486 -0.083052 
487 0.020422 
488 0.038846 
489 -0.070267 
490 -0.089194 
491 0.018558 
492 -0.115845 
493 -0.085305 
494 0.153022 
495 -0.051200 
496 0.116063 
497 -0.140621 
498 0.066962 
499 0.003233 
500 -0.002414 
501 0.211168 
502 0.051945 
503 -0.035579 
504 -0.048820 
505 0.137092 
506 -0.166957 
507 0.225434 
508 0.037542 
509 -0.012796 
510 -0.127334 
511 -0.059832 
512 -0.070168 
513 -0.005069 
514 0.013649 
515 0.098551 
516 -0.119904 
517 -0.108642 
518 -0.120383 
519 0.021135 
520 0.025488 
521 0.020746 
522 0.187117 
523 -0.253827 
524 -0.028981 
525 0.031561 
526 0.029594 
527 0.083869 
528 0.226361 
529 0.041477 
530 -0.113798 
531 -0.008622 
532 0.105796 
533 -0.046072 
534 0.193703 
535 0.018098 
536 -0.001137 
537 -0.166340 
538 0.012545 
539 -0.035403 
540 0.036204 
541 -0.018945 
542 0.026142 
543 -0.144171 
544 -0.188688 
545 0.097301 
546 -0.075251 
547 0.044034 
548 0.016639 
549 0.019782 
550 -0.125091 
551 -0.082946 
552 0.173788 
553 -0.102306 
554 0.151492 
555 0.019229 
556 0.054308 
557 -0.098788 
558 0.045909 
559 0.143746 
560 -0.104670 
561 0.209189 
562 -0.129820 
563 0.126574 
564 -0.216932 
565 0.221375 
566 -0.106518 
567 -0.019201 
568 0.040066 
569 -0.174363 
570 0.037696 
571 -0.135928 
572 0.086777 
573 -0.069720 
574 -0.063501 
575 -0.022073 
576 -0.001047 
577 -0.005539 
578 -0.011630 
579 0.092233 
580 0.086071 
581 -0.165455 
582 0.198353 
583 -0.030228 
584 0.004152 
585 0.124682 
586 0.066057 
587 -0.096422 
588 0.097215 
589 0.009752 
590 0.075242 
591 -0.061669 
592 0.122641 
593 -0.034613 
594 -0.145359 
595 0.046251 
596 -0.010914 
597 -0.035020 
598 -0.067267 
599 0.052501 
600 -0.169869 
601 -0.079157 
602 -0.013771 
603 0.064832 
604 -0.010899 
605 -0.004717 
606 0.051198 
607 -0.146137 
608 0.054287 
609 0.102733 
610 0.156298 
611 -0.057939 
612 0.118119 
613 -0.041869 
614 -0.047350 
615 0.029325 
616 0.165777 
617 0.062848 
618 -0.137905 
619 0.124059 
620 -0.209000 
621 0.002840 
622 0.009093 
623 0.140515 
624 -0.092640 
625 -0.126147 
626 0.046277 
627 -0.340577 
628 0.125373 
629 -0.055481 
630 0.083523 
631 -0.026194 
632 -0.157661 
633 0.093290 
634 -0.144589 
635 0.107842 
636 0.152091 
637 0.005614 
638 0.051804 
639 -0.123419 
640 0.146412 
641 -0.128755 
642 0.172597 
643 0.104888 
644 0.048846 
645 -0.154333 
646 0.016076 
647 0.008626 
648 -0.081424 
649 0.238829 
650 -0.075945 
651 0.024095 
652 -0.217219 
653 -0.009724 
654 -0.045450 
655 -0.035678 
656 0.105775 
657 -0.058623 
658 -0.088782 
659 -0.160625 
660 0.157433 
661 -0.069589 
662 0.083534 
663 0.143151 
664 -0.006452 
665 -0.124903 
666 0.135179 
667 0.008617 
668 0.075267 
669 0.143449 
670 0.002832 
671 -0.069738 
672 -0.007370 
673 -0.068908 
674 0.127311 
675 -0.037954 
676 0.062818 
677 -0.037391 
678 -0.145783 
679 -0.022938 
680 -0.070475 
681 0.018791 
682 -0.036869 
683 -0.044357 
684 0.043133 
685 -0.223247 
686 0.007293 
687 0.041486 
688 -0.098610 
689 0.108037 
690 -0.057284 
691 0.058191 
692 -0.043802 
693 0.150308 
694 0.010752 
695 0.095546 
696 0.004744 
697 0.057959 
698 -0.012417 
699 0.062241 
700 0.062890 
701 -0.004188 
702 -0.053356 
703 0.018031 
704 -0.027316 
705 0.013697 
706 -0.071256 
707 0.103008 
708 -0.195186 
709 -0.039737 
710 0.003981 
711 -0.143064 
712 0.158409 
713 -0.133369 
714 0.088900 
715 -0.093100 
716 -0.042237 
717 0.025855 
718 0.156175 
719 -0.031653 
720 0.201401 
721 -0.082560 
722 -0.004220 
723 -0.059056 
724 0.241241 
725 -0.029881 
726 0.101069 
727 0.126593 
728 -0.146428 
729 -0.132940 
730 0.116955 
731 -0.065226 
732 0.115542 
733 0.024414 
734 -0.118801 
735 -0.047390 
736 -0.225844 
737 0.107850 
738 -0.028627 
739 0.028469 
740 -0.009149 
741 -0.128526 
742 -0.089504 
743 -0.083487 
744 0.158805 
745 0.087024 
746 -0.008700 
747 0.090731 
748 -0.101558 
749 -0.016979 
750 0.006595 
751 0.259399 
752 -0.100413 
753 0.157525 
754 -0.063418 
755 -0.066637 
756 -0.009528 
757 0.017158 
758 0.137554 
759 -0.101415 
760 0.017739 
761 -0.157432 
762 -0.070160 
763 -0.044976 
764 0.010218 
765 0.021816 
766 -0.033685 
767 -0.169492 
768 0.108247 
769 -0.256073 
770 0.114495 
771 0.053016 
772 0.048831 
773 -0.054822 
774 0.038998 
775 0.021013 
776 0.022552 
777 0.057484 
778 0.200900 
779 -0.097803 
780 0.038268 
781 0.049673 
782 0.017407 
783 0.055639 
784 0.086678 
785 0.031382 
786 -0.077595 
787 -0.048968 
788 0.055840 
789 -0.038976 
790 -0.078890 
791 0.100229 
792 -0.227552 
793 -0.040076 
794 -0.071560 
795 0.027001 
796 -0.046604 
797 0.033237 
798 -0.039146 
799 -0.036985 
800 -0.005778 
801 0.033702 
802 0.127754 
803 0.084881 
804 -0.044266 
805 0.062797 
806 -0.072479 
807 0.105065 
808 0.011434 
809 0.179971 
810 -0.136589 
811 0.158971 
812 -0.139218 
813 -0.036163 
814 0.074084 
815 -0.061321 
816 0.187874 
817 -0.240938 
818 0.102844 
819 -0.266907 
820 0.068941 
821 -0.096811 
822 0.015141 
823 -0.040643 
824 0.005166 
825 -0.231803 
826 0.157292 
827 -0.049162 
828 0.077166 
829 0.047556 
830 0.033169 
831 -0.138270 
832 0.209498 
833 -0.067538 
834 0.171379 
835 0.041522 
836 0.020808 
837 0.001755 
838 -0.060054 
839 0.056384 
840 0.005066 
841 0.134442 
842 -0.145404 
843 0.117443 
844 -0.257213 
845 0.050509 
846 0.002126 
847 0.013220 
848 -0.043499 
849 -0.001857 
850 -0.148691 
851 0.004982 
852 -0.005076 
853 0.054265 
854 0.062563 
855 -0.022711 
856 -0.026176 
857 -0.002833 
858 -0.021247 
859 0.258929 
860 -0.036105 
861 0.113028 
862 -0.020898 
863 -0.093105 
864 -0.045455 
865 0.103734 
866 0.024128 
867 0.237194 
868 -0.083723 
869 -0.020223 
870 -0.049098 
871 -0.226238 
872 0.262899 
873 -0.218337 
874 0.194856 
875 -0.196510 
876 -0.071552 
877 -0.157726 
878 -0.038331 
879 0.033871 
880 0.017724 
881 -0.044217 
882 -0.026005 
883 -0.049349 
884 0.017318 
885 -0.016111 
886 0.262501 
887 -0.059568 
888 0.094498 
889 -0.063514 
890 0.009133 
891 -0.059006 
892 0.214949 
893 0.023116 
894 -0.045501 
895 0.117924 
896 -0.233471 
897 0.138862 
898 -0.205788 
899 0.270332 
900 -0.216033 
901 0.070088 
902 -0.102846 
903 -0.119443 
904 0.022496 
905 -0.079270 
906 0.007734 
907 -0.019331 
908 -0.017459 
909 -0.070973 
910 0.124444 
911 -0.101937 
912 0.095275 
913 0.089580 
914 -0.129931 
915 0.188921 
916 0.039023 
917 0.098782 
918 0.048047 
919 -0.035430 
920 0.046507 
921 -0.068875 
922 0.156159 
923 0.092485 
924 -0.045563 
925 0.016329 
926 -0.161533 
927 -0.156712 
928 0.020847 
929 0.009029 
930 0.047761 
931 -0.156001 
932 0.018219 
933 -0.298593 
934 0.076592 
935 0.031530 
936 0.043860 
937 0.117321 
938 -0.057087 
939 -0.053635 
940 -0.086224 
941 0.192881 
942 -0.002398 
943 0.212933 
944 0.078459 
945 -0.079446 
946 -0.033260 
947 -0.061719 
948 0.017539 
949 0.108426 
950 0.126853 
951 0.067245 
952 -0.176859 
953 -0.009266 
954 -0.257423 
955 0.201811 
956 -0.081467 
957 0.047591 
958 0.008280 
959 -0.190508 
960 -0.147425 
961 -0.002951 
962 0.061754 
963 0.010304 
964 0.140323 
965 -0.081867 
966 -0.005940 
967 -0.080233 
968 0.111766 
969 0.038011 
970 0.162665 
971 -0.022731 
972 0.049945 
973 -0.098248 
974 -0.054923 
975 0.122251 
976 0.211754 
977 -0.107423 
978 0.173779 
979 -0.180575 
980 0.033053 
981 -0.071641 
982 0.136486 
983 0.054760 
984 -0.185283 
985 0.140521 
986 -0.156080 
987 -0.005984 
988 -0.060138 
989 0.007125 
990 -0.017994 
991 -0.176847 
992 0.139227 
993 -0.019815 
994 0.031242 
995 0.047822 
996 0.231536 
997 -0.199717 
998 -0.037648 
999 0.058896 
1000 -0.042748 
1001 0.118937 
1002 -0.172053 
1003 0.063434 
1004 -0.086292 
1005 -0.153471 
1006 0.277899 
1007 -0.076920 
1008 -0.078460 
1009 0.292929 
1010 -0.001675 
1011 -0.309168 
1012 -0.037984 
1013 0.214006 
1014 -0.305798 
1015 -0.124073 
1016 0.295536 
1017 -0.316107 
1018 -0.181461 
1019 0.259659 
1020 0.013000 
1021 0.223218 
1022 0.062344 
1023 -0.279176 
