0 0.388715 
1 0.245542 
2 -0.065325 
3 0.025920 
4 -0.084074 
5 0.084712 
6 0.000293 
7 -0.100096 
8 0.075489 
9 -0.178367 
10 0.139599 
11 -0.113601 
12 0.047699 
13 0.028675 
14 -0.076337 
15 -0.003095 
16 0.014296 
17 -0.000396 
18 -0.013861 
19 -0.040875 
20 -0.024466 
21 0.104202 
22 -0.065243 
23 0.051614 
24 -0.055230 
25 -0.006906 
26 0.000977 
27 0.047701 
28 -0.108004 
29 0.084717 
30 0.062832 
31 -0.160448 
32 0.035696 
33 -0.011817 
34 -0.062041 
35 0.104578 
36 -0.078522 
37 -0.063785 
38 0.128251 
39 -0.053219 
40 0.014308 
41 -0.078823 
42 0.098576 
43 -0.119280 
44 0.132318 
45 -0.155708 
46 0.051544 
47 0.068716 
48 -0.065317 
49 0.037845 
50 0.007182 
51 -0.057205 
52 0.025626 
53 -0.049942 
54 -0.034758 
55 0.027754 
56 0.070131 
57 -0.082277 
58 -0.022809 
59 0.038294 
60 -0.039133 
61 0.029672 
62 -0.101299 
63 0.051482 
64 -0.037908 
65 0.017888 
66 -0.034939 
67 -0.007813 
68 0.190482 
69 -0.170524 
70 0.100831 
71 -0.055559 
72 -0.013847 
73 -0.010960 
74 0.036320 
75 -0.024148 
76 0.015958 
77 -0.086672 
78 0.097817 
79 -0.048251 
80 -0.006385 
81 -0.081331 
82 0.095816 
83 -0.032150 
84 -0.055627 
85 0.047763 
86 -0.086945 
87 0.032768 
88 -0.042524 
89 0.049518 
90 -0.010291 
91 -0.004909 
92 -0.055691 
93 0.067922 
94 -0.051885 
95 0.046970 
96 -0.058259 
97 -0.032793 
98 0.029353 
99 -0.045542 
100 -0.000327 
101 -0.067534 
102 0.101270 
103 -0.112509 
104 0.079180 
105 -0.114430 
106 -0.033928 
107 0.032300 
108 -0.042550 
109 -0.031618 
110 0.013677 
111 -0.046149 
112 0.021738 
113 -0.077958 
114 0.048022 
115 -0.015663 
116 -0.020830 
117 -0.064549 
118 0.034982 
119 -0.028078 
120 -0.097843 
121 0.161684 
122 -0.140411 
123 0.038706 
124 -0.023149 
125 -0.036001 
126 -0.030675 
127 -0.013758 
128 0.039624 
129 -0.074818 
130 0.015211 
131 -0.092748 
132 0.065981 
133 -0.007401 
134 -0.089776 
135 0.018718 
136 -0.058851 
137 0.032517 
138 0.020189 
139 -0.088918 
140 0.076000 
141 -0.037663 
142 -0.089964 
143 0.088874 
144 -0.076248 
145 -0.034247 
146 0.005065 
147 0.029333 
148 -0.055796 
149 -0.071728 
150 0.077328 
151 -0.033138 
152 -0.038158 
153 0.021698 
154 -0.044786 
155 0.049424 
156 -0.038039 
157 0.000537 
158 0.023988 
159 -0.045365 
160 0.012367 
161 -0.096315 
162 0.083676 
163 -0.104063 
164 0.068062 
165 -0.028782 
166 0.014843 
167 0.025429 
168 -0.028057 
169 -0.011789 
170 -0.032581 
171 0.009075 
172 -0.030903 
173 -0.047889 
174 0.060549 
175 -0.009566 
176 0.035736 
177 -0.078675 
178 -0.013842 
179 0.095636 
180 -0.132663 
181 0.092567 
182 -0.058504 
183 -0.058873 
184 0.054483 
185 -0.050179 
186 0.046538 
187 0.003390 
188 -0.045675 
189 -0.058628 
190 0.127411 
191 -0.118008 
192 0.003606 
193 0.032879 
194 -0.001055 
195 -0.105280 
196 0.116967 
197 -0.005861 
198 -0.000287 
199 -0.026707 
200 0.014271 
201 0.035102 
202 -0.096471 
203 0.038696 
204 -0.030709 
205 0.023305 
206 -0.046687 
207 -0.021421 
208 0.038386 
209 -0.063857 
210 0.042268 
211 -0.027151 
212 0.009106 
213 0.010234 
214 0.005455 
215 0.016911 
216 -0.146791 
217 0.067401 
218 0.023228 
219 -0.024084 
220 0.059532 
221 -0.130498 
222 0.150459 
223 -0.146603 
224 -0.038018 
225 0.028502 
226 0.005143 
227 -0.005312 
228 -0.045878 
229 0.005327 
230 -0.047272 
231 -0.021483 
232 0.005693 
233 -0.074834 
234 0.083666 
235 -0.115268 
236 -0.051587 
237 0.109035 
238 -0.123731 
239 0.064567 
240 -0.003480 
241 -0.054064 
242 0.040431 
243 -0.020534 
244 0.057851 
245 -0.124743 
246 0.063964 
247 -0.011743 
248 -0.025950 
249 -0.047735 
250 -0.010166 
251 0.113898 
252 -0.091944 
253 -0.047658 
254 0.029424 
255 -0.063768 
256 0.012174 
257 -0.021630 
258 -0.019038 
259 0.011653 
260 -0.004665 
261 -0.002591 
262 -0.049286 
263 0.051763 
264 -0.031840 
265 -0.038436 
266 0.045794 
267 -0.015816 
268 0.042501 
269 -0.034327 
270 -0.048507 
271 0.009741 
272 -0.082914 
273 0.105826 
274 -0.072694 
275 0.036196 
276 -0.047640 
277 0.027991 
278 -0.001856 
279 -0.157616 
280 0.140636 
281 -0.075308 
282 -0.016030 
283 -0.035023 
284 0.038974 
285 -0.016802 
286 -0.054079 
287 -0.013393 
288 -0.002396 
289 -0.008675 
290 0.082493 
291 -0.114776 
292 0.088598 
293 -0.070165 
294 -0.027373 
295 0.108786 
296 -0.144006 
297 0.147779 
298 -0.094730 
299 0.094258 
300 -0.133530 
301 0.024220 
302 -0.042795 
303 0.008615 
304 0.032249 
305 -0.054128 
306 0.087743 
307 -0.080509 
308 -0.020540 
309 0.010752 
310 -0.003526 
311 -0.073184 
312 0.114617 
313 -0.103451 
314 0.131031 
315 -0.170140 
316 0.082364 
317 -0.052323 
318 0.028285 
319 -0.012426 
320 0.025830 
321 -0.038239 
322 0.071253 
323 -0.031859 
324 0.043952 
325 -0.030872 
326 -0.097066 
327 0.077594 
328 -0.083649 
329 0.081895 
330 -0.087910 
331 0.130856 
332 -0.127831 
333 0.076243 
334 -0.043655 
335 -0.013294 
336 0.034578 
337 -0.055090 
338 0.088771 
339 -0.051063 
340 0.059634 
341 -0.104960 
342 0.091663 
343 -0.055270 
344 0.049305 
345 0.016491 
346 -0.013174 
347 -0.046405 
348 0.075711 
349 -0.112654 
350 0.128832 
351 -0.121986 
352 0.084636 
353 -0.003154 
354 -0.082545 
355 0.065153 
356 -0.088520 
357 0.084692 
358 -0.068909 
359 0.049425 
360 -0.045014 
361 -0.022937 
362 0.062524 
363 -0.058557 
364 0.026083 
365 -0.018880 
366 0.027218 
367 0.115249 
368 -0.108556 
369 0.014030 
370 -0.007313 
371 0.024708 
372 -0.035930 
373 -0.104781 
374 0.137720 
375 -0.074733 
376 0.031909 
377 0.020310 
378 -0.015006 
379 -0.019014 
380 0.001224 
381 -0.021011 
382 0.008877 
383 -0.016086 
384 0.093485 
385 -0.083112 
386 0.116484 
387 -0.112020 
388 0.050970 
389 0.021425 
390 -0.098141 
391 0.119751 
392 -0.015339 
393 0.021053 
394 -0.112455 
395 0.099042 
396 -0.016763 
397 -0.013437 
398 -0.020396 
399 0.031130 
400 -0.020721 
401 -0.012193 
402 -0.046090 
403 0.082433 
404 -0.080812 
405 -0.043068 
406 0.109124 
407 -0.078865 
408 0.072709 
409 -0.096516 
410 0.104444 
411 -0.069571 
412 -0.008513 
413 0.010440 
414 0.029242 
415 -0.010413 
416 0.008186 
417 0.004918 
418 0.015979 
419 -0.092521 
420 0.068082 
421 0.033132 
422 -0.046889 
423 0.041641 
424 -0.104251 
425 0.129137 
426 -0.175928 
427 0.165848 
428 -0.129695 
429 0.149810 
430 -0.040982 
431 -0.013576 
432 0.051759 
433 -0.064046 
434 0.065571 
435 -0.031953 
436 0.025120 
437 -0.056534 
438 0.031523 
439 0.065768 
440 -0.056887 
441 -0.021865 
442 0.134332 
443 -0.065193 
444 0.081289 
445 -0.172734 
446 0.166286 
447 -0.061343 
448 -0.086691 
449 0.095210 
450 -0.009327 
451 0.054497 
452 -0.100023 
453 0.118860 
454 -0.077217 
455 0.056574 
456 -0.026511 
457 -0.015959 
458 -0.008168 
459 0.045397 
460 -0.104869 
461 0.105728 
462 -0.062733 
463 0.088253 
464 0.013068 
465 -0.069587 
466 0.015438 
467 -0.004810 
468 0.074830 
469 -0.037435 
470 0.045386 
471 -0.057567 
472 0.044294 
473 -0.037321 
474 0.067798 
475 -0.040504 
476 0.067870 
477 -0.019459 
478 0.062128 
479 -0.083122 
480 0.107943 
481 -0.089431 
482 0.037141 
483 0.059709 
484 -0.088162 
485 0.107849 
486 -0.060510 
487 0.033191 
488 0.027494 
489 0.006361 
490 0.019791 
491 -0.021450 
492 0.021281 
493 0.052567 
494 -0.022062 
495 0.007750 
496 -0.032027 
497 0.140799 
498 -0.093224 
499 0.053441 
500 -0.016445 
501 -0.048716 
502 0.165087 
503 -0.126060 
504 0.080527 
505 -0.016341 
506 0.058476 
507 -0.032522 
508 0.014996 
509 -0.004782 
510 0.014612 
511 -0.024539 
512 0.013695 
513 -0.023517 
514 0.154704 
515 -0.146562 
516 0.159226 
517 -0.109556 
518 -0.014229 
519 0.091657 
520 -0.126926 
521 0.169465 
522 -0.145919 
523 0.131189 
524 -0.095013 
525 0.069326 
526 0.012818 
527 -0.041442 
528 -0.004483 
529 0.053401 
530 -0.026561 
531 -0.034127 
532 0.059157 
533 -0.018176 
534 -0.023091 
535 0.033838 
536 0.067323 
537 -0.133924 
538 0.114284 
539 -0.078878 
540 0.160629 
541 -0.101854 
542 -0.002738 
543 0.032125 
544 -0.034741 
545 -0.031042 
546 0.045974 
547 -0.047941 
548 0.009492 
549 0.046181 
550 -0.016615 
551 0.103344 
552 -0.074186 
553 0.077534 
554 -0.070706 
555 0.076227 
556 -0.114713 
557 0.116961 
558 -0.027001 
559 -0.000707 
560 0.045905 
561 -0.015193 
562 0.094603 
563 -0.097197 
564 0.054881 
565 -0.008314 
566 0.048443 
567 -0.019548 
568 0.038171 
569 -0.008021 
570 0.009058 
571 -0.106608 
572 0.106263 
573 0.001635 
574 0.038834 
575 -0.039886 
576 0.109093 
577 -0.077032 
578 -0.068408 
579 0.183632 
580 -0.140420 
581 0.072535 
582 -0.074168 
583 0.106596 
584 0.023887 
585 -0.113654 
586 0.146506 
587 0.031233 
588 -0.025618 
589 0.016028 
590 -0.053648 
591 0.087164 
592 -0.100758 
593 0.073271 
594 -0.047058 
595 0.019581 
596 0.099440 
597 -0.128272 
598 0.173026 
599 -0.111591 
600 0.007620 
601 0.061927 
602 -0.041509 
603 0.015244 
604 -0.007644 
605 0.035006 
606 0.014157 
607 -0.042873 
608 0.114178 
609 -0.062952 
610 0.050371 
611 -0.041508 
612 0.035851 
613 0.107585 
614 -0.110111 
615 0.078082 
616 -0.036583 
617 0.057679 
618 -0.020636 
619 0.004625 
620 0.045677 
621 -0.005750 
622 0.039782 
623 -0.007456 
624 -0.055029 
625 0.067642 
626 -0.081281 
627 0.087758 
628 -0.006388 
629 -0.008730 
630 0.063744 
631 -0.055989 
632 0.057701 
633 -0.074238 
634 0.109757 
635 -0.031170 
636 0.027944 
637 0.003361 
638 0.008086 
639 0.020242 
640 -0.055551 
641 0.013166 
642 0.085103 
643 -0.098618 
644 0.061247 
645 -0.003124 
646 0.015594 
647 0.000525 
648 -0.119742 
649 0.132385 
650 -0.116840 
651 0.154324 
652 -0.051108 
653 -0.043911 
654 0.061923 
655 -0.073571 
656 0.061202 
657 -0.129307 
658 0.109445 
659 0.042361 
660 0.022474 
661 -0.007705 
662 -0.042862 
663 0.084735 
664 -0.056358 
665 -0.055616 
666 0.089654 
667 -0.115913 
668 0.164699 
669 -0.077876 
670 -0.020940 
671 0.071848 
672 -0.015019 
673 0.046885 
674 -0.073269 
675 0.102946 
676 -0.038347 
677 0.023990 
678 -0.030299 
679 -0.009167 
680 0.123014 
681 -0.109853 
682 0.074273 
683 0.030237 
684 0.012859 
685 0.077244 
686 -0.104127 
687 -0.005345 
688 0.126993 
689 -0.110695 
690 0.084738 
691 -0.068656 
692 0.045061 
693 -0.038781 
694 0.041338 
695 0.002680 
696 -0.064701 
697 0.070723 
698 0.042518 
699 0.025998 
700 -0.138308 
701 0.093800 
702 -0.053996 
703 -0.020518 
704 -0.005480 
705 0.078981 
706 0.036024 
707 0.023190 
708 -0.061178 
709 0.096803 
710 -0.060489 
711 -0.116111 
712 0.103962 
713 -0.079446 
714 0.081204 
715 -0.090281 
716 0.072233 
717 -0.049006 
718 0.027937 
719 -0.026547 
720 -0.017439 
721 0.031762 
722 -0.078132 
723 0.114953 
724 -0.031404 
725 -0.077109 
726 0.156877 
727 -0.124830 
728 0.047375 
729 -0.006182 
730 -0.036892 
731 0.156324 
732 -0.126272 
733 0.045701 
734 -0.019277 
735 0.040227 
736 -0.096204 
737 -0.020549 
738 0.143791 
739 -0.039828 
740 -0.030634 
741 -0.016016 
742 0.044443 
743 -0.015287 
744 -0.080663 
745 0.119109 
746 -0.047142 
747 -0.057152 
748 0.123768 
749 -0.190525 
750 0.179419 
751 -0.124066 
752 0.159989 
753 -0.007053 
754 -0.056659 
755 0.025614 
756 0.010161 
757 0.041212 
758 -0.075183 
759 0.061240 
760 -0.019440 
761 0.025848 
762 0.013801 
763 -0.060040 
764 0.046407 
765 -0.004919 
766 -0.061070 
767 0.080584 
768 -0.028237 
769 0.055711 
770 -0.047570 
771 -0.018659 
772 0.057106 
773 -0.101719 
774 0.046345 
775 0.017680 
776 0.022566 
777 -0.064566 
778 0.059800 
779 -0.006778 
780 0.016552 
781 -0.045887 
782 0.008533 
783 -0.039496 
784 0.098086 
785 -0.118166 
786 0.129661 
787 -0.084722 
788 0.007862 
789 0.075477 
790 -0.182143 
791 0.174287 
792 -0.086425 
793 0.081523 
794 -0.091509 
795 0.051124 
796 0.011148 
797 0.026967 
798 -0.092913 
799 0.060073 
800 0.003530 
801 -0.000799 
802 -0.064753 
803 0.051839 
804 -0.009936 
805 0.095142 
806 -0.030686 
807 -0.142794 
808 0.227858 
809 -0.195499 
810 0.184668 
811 -0.170829 
812 0.080954 
813 -0.036274 
814 -0.022890 
815 0.079546 
816 -0.032165 
817 0.027854 
818 0.024470 
819 -0.056255 
820 0.002846 
821 0.025100 
822 -0.020714 
823 -0.081965 
824 0.000310 
825 0.122310 
826 -0.195859 
827 0.145175 
828 -0.076261 
829 0.086187 
830 -0.085528 
831 -0.011179 
832 0.014970 
833 -0.074801 
834 -0.013610 
835 0.053506 
836 -0.086260 
837 0.032572 
838 0.081032 
839 -0.077729 
840 -0.023424 
841 -0.028808 
842 0.129987 
843 -0.158646 
844 0.133086 
845 -0.221555 
846 0.184903 
847 -0.053165 
848 -0.101865 
849 0.067549 
850 -0.008577 
851 0.094117 
852 -0.117289 
853 0.053541 
854 -0.064293 
855 -0.012566 
856 -0.083893 
857 0.038972 
858 -0.041406 
859 0.149777 
860 -0.199650 
861 0.168223 
862 -0.125539 
863 0.202537 
864 -0.144603 
865 -0.046467 
866 0.018051 
867 -0.088271 
868 0.175785 
869 -0.142736 
870 0.050207 
871 0.017853 
872 -0.008744 
873 0.038681 
874 -0.101328 
875 0.066603 
876 0.123404 
877 -0.233175 
878 0.176560 
879 -0.103333 
880 0.031389 
881 -0.043362 
882 0.054644 
883 -0.052642 
884 -0.060339 
885 0.154188 
886 -0.212758 
887 0.114522 
888 -0.064649 
889 0.065005 
890 0.028323 
891 -0.076770 
892 0.052475 
893 -0.010909 
894 -0.099681 
895 0.079874 
896 -0.065943 
897 0.085232 
898 -0.074417 
899 -0.053162 
900 0.109676 
901 -0.062602 
902 -0.002353 
903 -0.169997 
904 0.181351 
905 -0.115811 
906 0.160449 
907 -0.105398 
908 -0.023840 
909 0.011293 
910 -0.085047 
911 0.049025 
912 -0.004127 
913 -0.047522 
914 0.177130 
915 -0.136468 
916 0.006237 
917 0.057294 
918 -0.116502 
919 0.112749 
920 -0.099178 
921 0.027453 
922 0.003303 
923 0.079472 
924 -0.103008 
925 0.018091 
926 0.082357 
927 -0.087628 
928 0.056258 
929 -0.012162 
930 -0.021101 
931 0.033579 
932 -0.161353 
933 0.133139 
934 0.015646 
935 -0.125145 
936 0.201222 
937 -0.186389 
938 0.128606 
939 -0.084107 
940 0.008829 
941 -0.064454 
942 0.064469 
943 -0.006912 
944 -0.020806 
945 -0.028210 
946 -0.052302 
947 0.042089 
948 0.018088 
949 -0.086842 
950 0.031677 
951 -0.008876 
952 0.023885 
953 -0.006331 
954 -0.100681 
955 0.206891 
956 -0.325052 
957 0.146264 
958 -0.016885 
959 -0.050427 
960 0.070560 
961 0.002910 
962 -0.003977 
963 -0.054262 
964 0.044179 
965 -0.115843 
966 0.011351 
967 0.004751 
968 0.037624 
969 0.022873 
970 -0.052245 
971 -0.100151 
972 0.178520 
973 -0.214136 
974 0.238773 
975 -0.135784 
976 -0.015246 
977 0.064430 
978 -0.174357 
979 0.076595 
980 0.019038 
981 -0.053805 
982 0.010337 
983 0.033317 
984 -0.059392 
985 0.010001 
986 -0.029195 
987 0.086934 
988 -0.158545 
989 0.069282 
990 -0.049820 
991 0.072689 
992 -0.089846 
993 0.062704 
994 -0.055068 
995 -0.100856 
996 0.211904 
997 -0.213588 
998 0.088002 
999 0.029019 
1000 -0.019165 
1001 -0.060382 
1002 -0.018277 
1003 -0.103440 
1004 0.111038 
1005 -0.042452 
1006 0.035262 
1007 -0.128577 
1008 0.170905 
1009 -0.139520 
1010 0.045064 
1011 -0.010057 
1012 -0.052696 
1013 0.074283 
1014 -0.198343 
1015 0.220640 
1016 -0.116368 
1017 0.011967 
1018 -0.041160 
1019 -0.008616 
1020 -0.028721 
1021 0.036080 
1022 -0.033833 
1023 0.209205 
