0 0.041053 
1 -0.170445 
2 0.056972 
3 0.055794 
4 -0.026134 
5 0.037766 
6 -0.095537 
7 0.062296 
8 -0.023424 
9 0.065714 
10 0.041740 
11 0.055755 
12 0.048240 
13 -0.076696 
14 0.082761 
15 -0.068858 
16 0.032632 
17 0.114989 
18 0.008429 
19 -0.052668 
20 -0.051019 
21 -0.024715 
22 0.042112 
23 0.033290 
24 -0.055671 
25 0.013974 
26 0.048607 
27 -0.063505 
28 -0.052381 
29 -0.018428 
30 -0.013778 
31 0.111768 
32 -0.081433 
33 -0.055520 
34 0.043144 
35 -0.060137 
36 0.079338 
37 -0.019234 
38 0.060849 
39 0.059191 
40 -0.030406 
41 0.055632 
42 -0.034144 
43 0.046011 
44 -0.016274 
45 0.094368 
46 0.031603 
47 -0.096787 
48 -0.035871 
49 -0.051951 
50 0.064300 
51 0.042519 
52 -0.049324 
53 0.036371 
54 0.025770 
55 -0.087786 
56 0.036278 
57 -0.071070 
58 0.187716 
59 0.025133 
60 0.011049 
61 -0.069889 
62 -0.043196 
63 0.041586 
64 0.017632 
65 0.051765 
66 0.017865 
67 -0.031404 
68 -0.055186 
69 0.005083 
70 -0.032514 
71 0.017626 
72 -0.034849 
73 0.041679 
74 0.005815 
75 -0.095799 
76 -0.078040 
77 -0.002070 
78 0.081855 
79 0.016980 
80 -0.013336 
81 -0.063850 
82 0.038821 
83 -0.022309 
84 0.031759 
85 -0.027614 
86 0.137535 
87 0.002554 
88 -0.019155 
89 -0.038350 
90 -0.041130 
91 0.078434 
92 -0.014254 
93 0.110812 
94 -0.074104 
95 0.054550 
96 -0.080524 
97 -0.051116 
98 0.082052 
99 -0.061360 
100 0.153605 
101 -0.076123 
102 0.064063 
103 -0.094254 
104 -0.036645 
105 0.071403 
106 0.030563 
107 0.124491 
108 -0.068233 
109 -0.044812 
110 -0.061274 
111 0.014461 
112 0.008913 
113 0.041484 
114 -0.010007 
115 -0.010605 
116 -0.058647 
117 -0.092717 
118 0.032487 
119 -0.031465 
120 0.138197 
121 -0.032301 
122 -0.025118 
123 -0.055477 
124 -0.063247 
125 0.077737 
126 0.009617 
127 0.081286 
128 -0.079639 
129 0.014833 
130 -0.022031 
131 -0.075694 
132 0.011834 
133 0.044555 
134 0.047740 
135 -0.005262 
136 -0.034538 
137 -0.118898 
138 0.051666 
139 0.008411 
140 0.028462 
141 0.015414 
142 -0.032591 
143 -0.011506 
144 -0.066612 
145 0.015187 
146 -0.048712 
147 0.095849 
148 0.010078 
149 0.018634 
150 -0.008158 
151 -0.033746 
152 -0.005681 
153 0.069045 
154 0.097087 
155 0.013152 
156 0.044566 
157 -0.096746 
158 0.069846 
159 -0.086449 
160 0.092725 
161 -0.044872 
162 0.059702 
163 -0.044529 
164 -0.038255 
165 -0.045165 
166 -0.014852 
167 0.094020 
168 -0.013088 
169 0.140954 
170 -0.105595 
171 0.019599 
172 -0.021929 
173 0.042401 
174 0.099371 
175 -0.041039 
176 0.099388 
177 -0.106272 
178 0.027310 
179 -0.092972 
180 0.002930 
181 0.062472 
182 0.034270 
183 0.002231 
184 -0.102956 
185 -0.026403 
186 -0.008911 
187 0.006001 
188 0.058260 
189 -0.026219 
190 -0.006801 
191 -0.017496 
192 -0.038459 
193 -0.026400 
194 0.018532 
195 0.018388 
196 0.042119 
197 0.025946 
198 0.006737 
199 -0.090576 
200 0.083507 
201 0.003695 
202 0.055692 
203 0.038469 
204 -0.025068 
205 -0.030733 
206 -0.009625 
207 -0.016358 
208 -0.040704 
209 0.087972 
210 -0.039357 
211 -0.020044 
212 -0.039366 
213 -0.062819 
214 -0.033070 
215 0.034484 
216 0.089309 
217 -0.037268 
218 0.004819 
219 -0.072694 
220 -0.054246 
221 0.122872 
222 -0.049469 
223 0.021846 
224 0.031318 
225 -0.002188 
226 -0.090512 
227 -0.039462 
228 -0.019322 
229 0.035662 
230 0.122827 
231 -0.112605 
232 -0.043240 
233 -0.033361 
234 0.068133 
235 -0.043818 
236 0.134504 
237 -0.036079 
238 0.011245 
239 0.054204 
240 -0.077472 
241 0.043451 
242 0.050279 
243 0.027239 
244 0.018051 
245 0.033309 
246 -0.086393 
247 -0.012894 
248 0.059791 
249 0.041129 
250 0.022374 
251 -0.025629 
252 0.028861 
253 -0.014039 
254 0.036253 
255 -0.092868 
256 0.025300 
257 0.074452 
258 -0.017817 
259 -0.064937 
260 -0.067196 
261 -0.054247 
262 0.066440 
263 -0.072853 
264 0.047343 
265 -0.042745 
266 0.012001 
267 0.008593 
268 -0.090659 
269 0.085046 
270 -0.050838 
271 0.080796 
272 0.017646 
273 -0.026274 
274 -0.048850 
275 -0.047804 
276 0.042019 
277 0.023762 
278 0.039638 
279 -0.091077 
280 0.016533 
281 -0.007930 
282 0.010689 
283 0.007810 
284 0.015620 
285 0.117324 
286 -0.023384 
287 0.010389 
288 -0.041112 
289 0.000447 
290 0.055924 
291 -0.017377 
292 0.030762 
293 -0.098016 
294 0.002035 
295 -0.038547 
296 -0.015984 
297 0.060502 
298 -0.054487 
299 0.046781 
300 0.028064 
301 -0.017698 
302 -0.013117 
303 0.006343 
304 0.005308 
305 0.079486 
306 -0.020926 
307 -0.057769 
308 -0.032176 
309 -0.018721 
310 0.023618 
311 -0.035201 
312 0.002769 
313 0.020908 
314 0.027068 
315 -0.012287 
316 -0.015654 
317 0.001898 
318 0.087573 
319 0.044652 
320 0.001360 
321 -0.002305 
322 -0.007534 
323 0.001114 
324 -0.041664 
325 0.045721 
326 -0.003945 
327 0.037656 
328 -0.022611 
329 -0.050658 
330 0.023986 
331 0.003887 
332 0.053362 
333 -0.002061 
334 0.062206 
335 -0.070087 
336 0.014278 
337 -0.057590 
338 0.097782 
339 -0.044312 
340 0.003973 
341 -0.050441 
342 -0.042408 
343 0.043349 
344 -0.096784 
345 0.042321 
346 0.022063 
347 0.048914 
348 -0.064503 
349 0.023235 
350 -0.009382 
351 0.006832 
352 0.099962 
353 -0.077305 
354 0.071321 
355 -0.005576 
356 -0.088674 
357 0.008966 
358 0.003062 
359 -0.002449 
360 -0.031423 
361 0.016186 
362 -0.005298 
363 0.011751 
364 0.005470 
365 -0.082099 
366 0.103751 
367 -0.011285 
368 0.025168 
369 -0.037198 
370 0.018075 
371 -0.019980 
372 -0.022867 
373 -0.024024 
374 -0.003612 
375 -0.035922 
376 0.032332 
377 -0.054860 
378 -0.011001 
379 -0.028098 
380 0.022644 
381 0.000266 
382 0.044691 
383 0.005417 
384 -0.100639 
385 0.091057 
386 -0.011541 
387 0.026058 
388 0.006603 
389 -0.008036 
390 -0.006884 
391 0.011719 
392 -0.044610 
393 -0.044448 
394 0.120985 
395 -0.020230 
396 0.014593 
397 0.020948 
398 -0.044572 
399 0.046984 
400 0.017208 
401 0.051284 
402 -0.022426 
403 0.062334 
404 -0.032567 
405 -0.034524 
406 0.037792 
407 -0.046408 
408 -0.006971 
409 0.011662 
410 -0.011416 
411 -0.029176 
412 0.009915 
413 -0.018628 
414 0.032803 
415 0.047375 
416 -0.000529 
417 -0.003098 
418 0.067502 
419 -0.000857 
420 -0.052334 
421 0.018838 
422 -0.022805 
423 0.032419 
424 0.015436 
425 -0.137679 
426 0.002593 
427 -0.009723 
428 0.010502 
429 0.019406 
430 0.013173 
431 0.031498 
432 -0.006587 
433 0.004872 
434 -0.011065 
435 0.062129 
436 0.036816 
437 0.015646 
438 0.029418 
439 -0.048829 
440 0.000283 
441 -0.027599 
442 0.035656 
443 0.085809 
444 -0.020134 
445 -0.039421 
446 -0.003642 
447 0.062501 
448 -0.030314 
449 -0.007558 
450 0.000687 
451 0.026287 
452 0.007164 
453 -0.145346 
454 -0.000798 
455 -0.028325 
456 0.047922 
457 -0.036433 
458 -0.094976 
459 0.036722 
460 -0.042764 
461 0.043748 
462 -0.035477 
463 0.032205 
464 0.032244 
465 0.025278 
466 0.026637 
467 -0.045768 
468 0.038331 
469 -0.108541 
470 0.127997 
471 -0.028470 
472 0.002435 
473 -0.063574 
474 0.016890 
475 0.002345 
476 0.014304 
477 -0.018166 
478 0.025508 
479 0.098997 
480 -0.019118 
481 -0.030417 
482 -0.072984 
483 0.101156 
484 0.026396 
485 0.050614 
486 -0.086392 
487 0.031503 
488 -0.048545 
489 0.016315 
490 -0.000169 
491 0.000292 
492 0.087686 
493 -0.041326 
494 0.017200 
495 -0.060227 
496 -0.007001 
497 0.011745 
498 0.063102 
499 0.007493 
500 -0.063907 
501 -0.043915 
502 -0.059728 
503 0.039756 
504 0.008536 
505 -0.031396 
506 0.004969 
507 0.023237 
508 -0.011739 
509 -0.047140 
510 0.037468 
511 -0.028680 
512 0.133035 
513 -0.034358 
514 0.014872 
515 -0.073492 
516 0.031571 
517 0.014174 
518 0.009813 
519 0.028147 
520 -0.033600 
521 0.018251 
522 -0.050794 
523 -0.028899 
524 -0.006443 
525 0.029711 
526 0.064030 
527 -0.026609 
528 0.036171 
529 -0.124238 
530 0.035252 
531 0.053492 
532 0.048678 
533 0.032968 
534 -0.035592 
535 0.018404 
536 -0.054928 
537 0.001337 
538 -0.095879 
539 0.054767 
540 0.050840 
541 -0.016549 
542 -0.105191 
543 -0.053197 
544 0.004668 
545 0.050361 
546 0.052652 
547 -0.039354 
548 0.029479 
549 -0.021309 
550 0.013742 
551 -0.041529 
552 0.091570 
553 -0.009108 
554 0.086479 
555 -0.055338 
556 -0.020209 
557 -0.042328 
558 0.026056 
559 0.108350 
560 0.002551 
561 0.062310 
562 -0.118053 
563 0.059738 
564 -0.029513 
565 0.047358 
566 -0.025077 
567 0.015809 
568 0.049314 
569 -0.089461 
570 0.005520 
571 -0.130170 
572 0.038279 
573 0.042284 
574 0.056988 
575 -0.039969 
576 0.002709 
577 -0.016811 
578 -0.021557 
579 0.083093 
580 -0.014737 
581 0.028451 
582 0.001028 
583 0.020816 
584 -0.104220 
585 -0.005458 
586 -0.076625 
587 0.059576 
588 0.052834 
589 -0.064259 
590 -0.057933 
591 -0.018573 
592 -0.025628 
593 0.090984 
594 0.033364 
595 0.032009 
596 0.026325 
597 -0.011934 
598 -0.054359 
599 0.019656 
600 0.018019 
601 0.054822 
602 0.060983 
603 -0.054074 
604 -0.057485 
605 -0.064005 
606 0.052146 
607 0.021451 
608 0.090828 
609 -0.057539 
610 0.011816 
611 -0.021895 
612 -0.066048 
613 -0.008093 
614 0.019381 
615 0.003238 
616 0.020465 
617 -0.075644 
618 -0.092573 
619 -0.013279 
620 0.026076 
621 0.063822 
622 0.027592 
623 0.014521 
624 -0.006630 
625 -0.014492 
626 0.050975 
627 -0.035930 
628 0.096346 
629 0.019203 
630 0.008543 
631 -0.049547 
632 -0.068004 
633 -0.006731 
634 0.004858 
635 0.058679 
636 -0.028675 
637 0.044554 
638 -0.082608 
639 0.011615 
640 -0.009326 
641 0.054024 
642 0.046796 
643 0.029935 
644 0.035336 
645 -0.081297 
646 0.026862 
647 -0.092926 
648 0.059519 
649 0.048980 
650 0.023870 
651 -0.061283 
652 -0.069296 
653 -0.055150 
654 0.036465 
655 0.013159 
656 0.037726 
657 -0.000730 
658 -0.031650 
659 -0.046344 
660 -0.040344 
661 0.022308 
662 0.048478 
663 0.013013 
664 0.008554 
665 -0.026047 
666 -0.062361 
667 -0.002056 
668 0.025716 
669 0.038472 
670 0.062590 
671 -0.029146 
672 -0.040041 
673 0.019298 
674 0.030932 
675 0.046125 
676 0.010963 
677 0.063018 
678 -0.003860 
679 0.010504 
680 -0.074035 
681 0.020603 
682 0.004398 
683 0.027040 
684 0.014027 
685 -0.081540 
686 -0.019581 
687 -0.029781 
688 -0.014607 
689 -0.015928 
690 0.033027 
691 0.035597 
692 -0.006367 
693 0.009070 
694 -0.114388 
695 0.079456 
696 -0.019003 
697 0.058652 
698 0.019090 
699 -0.040530 
700 -0.051782 
701 -0.053197 
702 0.005978 
703 -0.003227 
704 0.067434 
705 -0.068065 
706 0.066924 
707 -0.054781 
708 -0.004952 
709 -0.017828 
710 0.088782 
711 0.077151 
712 0.022045 
713 -0.040013 
714 -0.058038 
715 0.050110 
716 0.009063 
717 0.044996 
718 -0.015469 
719 0.000261 
720 0.041706 
721 -0.058845 
722 -0.000507 
723 0.065427 
724 0.034872 
725 0.059160 
726 0.003948 
727 -0.084829 
728 -0.005857 
729 -0.025852 
730 0.007288 
731 0.057162 
732 -0.073680 
733 -0.064148 
734 -0.054234 
735 0.030381 
736 -0.050327 
737 0.029639 
738 -0.011232 
739 0.098589 
740 0.021777 
741 -0.023118 
742 -0.020764 
743 0.010480 
744 0.108335 
745 -0.023401 
746 -0.008214 
747 -0.060960 
748 0.025314 
749 -0.076951 
750 -0.001566 
751 0.011645 
752 -0.010580 
753 0.066277 
754 -0.037436 
755 0.002023 
756 -0.006801 
757 0.009022 
758 0.114615 
759 0.006304 
760 0.001132 
761 -0.063203 
762 0.028413 
763 -0.051137 
764 0.090658 
765 -0.082658 
766 0.033561 
767 0.025537 
768 -0.034509 
769 -0.037561 
770 -0.046490 
771 0.080241 
772 0.006873 
773 0.033598 
774 -0.168603 
775 0.034501 
776 -0.037331 
777 0.015812 
778 -0.079002 
779 -0.012953 
780 -0.029983 
781 -0.009541 
782 -0.040074 
783 -0.033560 
784 0.076428 
785 -0.014719 
786 0.072449 
787 0.011563 
788 0.055088 
789 0.009001 
790 0.034428 
791 0.038883 
792 0.034589 
793 -0.014075 
794 -0.007176 
795 0.008875 
796 0.000600 
797 -0.042596 
798 -0.069806 
799 0.024406 
800 0.014143 
801 -0.001918 
802 -0.067488 
803 0.015798 
804 0.049610 
805 -0.023079 
806 0.006442 
807 -0.027526 
808 0.098124 
809 -0.004135 
810 -0.008608 
811 -0.020839 
812 0.018959 
813 0.037580 
814 -0.028062 
815 -0.013099 
816 0.012197 
817 -0.035455 
818 -0.031692 
819 -0.032778 
820 0.028946 
821 -0.013401 
822 0.023113 
823 -0.029694 
824 0.038982 
825 -0.048006 
826 -0.041359 
827 0.119285 
828 0.013058 
829 0.027551 
830 -0.095682 
831 0.086464 
832 -0.002878 
833 0.043184 
834 -0.028954 
835 -0.002713 
836 0.115029 
837 -0.040162 
838 0.005987 
839 -0.045344 
840 0.078901 
841 0.021345 
842 0.003751 
843 -0.066781 
844 0.090542 
845 -0.112683 
846 0.009427 
847 -0.041446 
848 0.020711 
849 -0.021756 
850 -0.017299 
851 -0.008570 
852 -0.016225 
853 0.035255 
854 -0.045148 
855 0.101745 
856 0.039162 
857 -0.000824 
858 -0.003879 
859 -0.017410 
860 0.043238 
861 -0.073801 
862 0.046992 
863 -0.048573 
864 0.060959 
865 -0.107691 
866 -0.041488 
867 -0.016819 
868 0.076998 
869 0.020336 
870 -0.000183 
871 0.010152 
872 -0.002598 
873 0.063469 
874 -0.078294 
875 0.090220 
876 -0.031443 
877 0.082119 
878 -0.084012 
879 -0.095751 
880 0.057085 
881 -0.025386 
882 -0.003555 
883 -0.032153 
884 0.035172 
885 -0.017341 
886 -0.031711 
887 0.009611 
888 0.005867 
889 0.001709 
890 -0.002331 
891 -0.039184 
892 -0.000240 
893 -0.052681 
894 -0.043481 
895 -0.067123 
896 0.081072 
897 -0.044838 
898 0.028822 
899 -0.037601 
900 -0.000755 
901 0.065065 
902 -0.014192 
903 0.064597 
904 0.091493 
905 0.037255 
906 0.017013 
907 -0.087605 
908 0.027805 
909 0.033804 
910 0.020701 
911 0.000802 
912 -0.000967 
913 0.002840 
914 -0.024223 
915 -0.055245 
916 -0.004573 
917 0.074964 
918 0.083660 
919 -0.046933 
920 0.013834 
921 -0.084706 
922 0.012868 
923 0.019971 
924 0.064066 
925 -0.009325 
926 -0.038793 
927 -0.082862 
928 -0.058922 
929 0.055026 
930 -0.061719 
931 0.086703 
932 -0.050764 
933 0.015228 
934 -0.044441 
935 -0.116721 
936 0.043840 
937 0.054673 
938 0.073863 
939 -0.071576 
940 -0.060668 
941 -0.019312 
942 0.033787 
943 0.004951 
944 0.010556 
945 0.026414 
946 0.090480 
947 -0.050339 
948 -0.006462 
949 -0.032677 
950 0.085744 
951 0.122646 
952 0.069359 
953 -0.036999 
954 -0.041054 
955 -0.000737 
956 0.038475 
957 0.093582 
958 -0.004402 
959 -0.009719 
960 -0.013623 
961 -0.029342 
962 -0.084429 
963 -0.100394 
964 0.032191 
965 0.066747 
966 0.018936 
967 -0.090812 
968 -0.073712 
969 0.021439 
970 0.092166 
971 0.028461 
972 0.067942 
973 0.094716 
974 -0.023311 
975 -0.021551 
976 -0.157087 
977 0.122894 
978 0.004713 
979 0.040059 
980 -0.094940 
981 -0.154032 
982 -0.028853 
983 -0.089587 
984 0.043183 
985 0.063581 
986 0.061088 
987 -0.094661 
988 -0.003213 
989 0.087577 
990 0.063881 
991 -0.017712 
992 0.026014 
993 0.070051 
994 0.157692 
995 -0.218543 
996 -0.149748 
997 0.051294 
998 0.105588 
999 -0.051856 
1000 -0.090505 
1001 0.043264 
1002 0.018411 
1003 0.019540 
1004 -0.118796 
1005 0.081023 
1006 0.058402 
1007 -0.068639 
1008 -0.145584 
1009 -0.069699 
1010 0.061284 
1011 -0.030914 
1012 -0.188796 
1013 0.062706 
1014 0.099637 
1015 0.184216 
1016 -0.133773 
1017 0.063339 
1018 0.165734 
1019 -0.054002 
1020 0.040865 
1021 0.501361 
1022 0.564853 
1023 -0.210430 
