0 0.005448 
1 0.003397 
2 0.031440 
3 -0.035084 
4 -0.002309 
5 0.021291 
6 0.025377 
7 0.000993 
8 -0.012726 
9 0.034248 
10 -0.007760 
11 -0.008719 
12 -0.028165 
13 -0.000489 
14 0.022844 
15 -0.017330 
16 0.014309 
17 0.009670 
18 0.038089 
19 -0.011919 
20 0.028688 
21 -0.020814 
22 0.013508 
23 -0.048432 
24 0.012313 
25 -0.011353 
26 0.035699 
27 -0.013700 
28 0.029326 
29 -0.009472 
30 0.011982 
31 -0.007387 
32 0.000278 
33 -0.024999 
34 -0.024574 
35 0.024723 
36 -0.018137 
37 -0.015259 
38 -0.019108 
39 0.058152 
40 -0.009482 
41 0.023310 
42 -0.049631 
43 0.049983 
44 -0.015912 
45 0.032935 
46 -0.033111 
47 0.017504 
48 -0.004059 
49 -0.013549 
50 -0.010826 
51 0.012139 
52 0.014510 
53 -0.022978 
54 0.011969 
55 0.003651 
56 0.030536 
57 -0.005095 
58 0.015154 
59 0.002548 
60 0.007539 
61 -0.022051 
62 0.012535 
63 -0.024244 
64 -0.022211 
65 -0.029137 
66 0.027670 
67 0.019432 
68 0.017260 
69 -0.000897 
70 0.031319 
71 0.004854 
72 -0.004739 
73 -0.029829 
74 0.001604 
75 -0.046938 
76 0.002640 
77 -0.032459 
78 0.026745 
79 -0.010477 
80 0.033638 
81 0.016886 
82 -0.003498 
83 0.004996 
84 -0.022415 
85 0.012184 
86 -0.047346 
87 0.007113 
88 -0.034969 
89 0.019663 
90 -0.050903 
91 0.014485 
92 -0.033009 
93 0.043094 
94 -0.025155 
95 0.031679 
96 0.015711 
97 0.063388 
98 -0.001762 
99 -0.008331 
100 -0.038817 
101 -0.052444 
102 -0.039747 
103 -0.045253 
104 -0.039782 
105 -0.083167 
106 -0.004898 
107 0.036330 
108 0.105614 
109 0.053458 
110 0.083295 
111 0.031267 
112 -0.022734 
113 -0.115301 
114 -0.061561 
115 -0.005495 
116 -0.004782 
117 -0.054717 
118 -0.093394 
119 0.007677 
120 0.047181 
121 0.071070 
122 0.000365 
123 0.027606 
124 -0.017228 
125 0.007214 
126 -0.031472 
127 0.018772 
128 -0.003509 
129 -0.006801 
130 -0.032001 
131 -0.002610 
132 0.002293 
133 -0.005573 
134 0.014118 
135 -0.015978 
136 0.027790 
137 -0.041862 
138 0.033144 
139 -0.045086 
140 0.006285 
141 -0.048573 
142 0.023811 
143 -0.020339 
144 0.000273 
145 0.023567 
146 0.007040 
147 0.013601 
148 -0.039979 
149 0.027709 
150 -0.028396 
151 0.020321 
152 -0.047391 
153 0.019142 
154 -0.028235 
155 0.030883 
156 -0.018503 
157 0.018809 
158 0.001327 
159 -0.008919 
160 0.012826 
161 -0.039062 
162 0.035876 
163 -0.042393 
164 0.065039 
165 -0.038110 
166 0.043512 
167 -0.060987 
168 0.045463 
169 -0.008299 
170 0.009256 
171 -0.046035 
172 -0.008826 
173 0.040271 
174 -0.015234 
175 0.007884 
176 -0.023274 
177 0.037820 
178 -0.041747 
179 0.021077 
180 -0.019605 
181 0.012901 
182 -0.011720 
183 -0.005592 
184 0.005532 
185 -0.016272 
186 0.030929 
187 -0.034328 
188 0.034623 
189 -0.066457 
190 0.023637 
191 -0.029738 
192 0.057517 
193 -0.036201 
194 0.024458 
195 -0.003004 
196 0.018028 
197 -0.009977 
198 -0.007418 
199 0.005352 
200 -0.006995 
201 -0.015379 
202 -0.039295 
203 0.033875 
204 0.004607 
205 0.018701 
206 -0.022638 
207 0.040268 
208 0.014977 
209 -0.014710 
210 -0.026140 
211 -0.008168 
212 0.002657 
213 -0.016059 
214 -0.002023 
215 0.005365 
216 0.006427 
217 0.010561 
218 -0.005172 
219 0.029680 
220 -0.036679 
221 0.014986 
222 -0.023375 
223 0.012874 
224 -0.030086 
225 0.014661 
226 -0.004151 
227 0.015741 
228 -0.002184 
229 -0.003911 
230 -0.004735 
231 -0.010465 
232 0.016648 
233 -0.029321 
234 0.032337 
235 -0.018761 
236 0.036114 
237 -0.037815 
238 0.034457 
239 -0.051252 
240 0.028557 
241 -0.017489 
242 0.045297 
243 -0.033892 
244 0.009767 
245 -0.003252 
246 0.041095 
247 0.003374 
248 0.010836 
249 -0.015712 
250 -0.017822 
251 -0.019865 
252 -0.012062 
253 0.017716 
254 -0.010162 
255 0.022162 
256 0.001915 
257 0.030399 
258 -0.025726 
259 0.029474 
260 -0.012880 
261 0.022506 
262 -0.038072 
263 0.005261 
264 -0.015073 
265 0.025646 
266 -0.010877 
267 0.006786 
268 0.008157 
269 0.002309 
270 0.002902 
271 -0.012534 
272 0.024621 
273 -0.024529 
274 0.018790 
275 -0.037838 
276 0.036197 
277 -0.021137 
278 0.018251 
279 -0.030081 
280 0.025279 
281 -0.008781 
282 0.025386 
283 -0.006910 
284 0.016708 
285 -0.001069 
286 -0.012865 
287 -0.009173 
288 -0.030030 
289 -0.003770 
290 -0.017245 
291 0.011991 
292 -0.031977 
293 0.011656 
294 0.004917 
295 0.041358 
296 0.001140 
297 -0.005218 
298 -0.000113 
299 0.017456 
300 -0.015588 
301 -0.039753 
302 -0.018529 
303 0.006377 
304 0.011982 
305 -0.024993 
306 -0.007215 
307 0.005694 
308 0.024166 
309 -0.031861 
310 -0.010129 
311 0.000958 
312 0.022919 
313 -0.026073 
314 0.012831 
315 -0.019490 
316 0.026229 
317 -0.033721 
318 0.012739 
319 -0.031956 
320 0.030657 
321 -0.035692 
322 0.008026 
323 -0.044215 
324 0.042930 
325 -0.003058 
326 0.009747 
327 -0.039516 
328 -0.000714 
329 -0.004415 
330 0.001890 
331 -0.024943 
332 -0.019388 
333 0.012989 
334 0.003888 
335 0.014606 
336 -0.029687 
337 0.018079 
338 -0.002748 
339 0.010822 
340 -0.053211 
341 0.002650 
342 -0.011437 
343 0.018452 
344 -0.025062 
345 0.014723 
346 -0.017209 
347 0.008576 
348 -0.001389 
349 0.004287 
350 -0.020468 
351 0.004363 
352 -0.006250 
353 0.007075 
354 0.001467 
355 0.007670 
356 0.010650 
357 -0.027521 
358 -0.023368 
359 -0.005455 
360 0.018767 
361 -0.011587 
362 -0.012918 
363 -0.012321 
364 0.022188 
365 0.014226 
366 0.017472 
367 -0.011610 
368 0.011898 
369 -0.023232 
370 -0.030736 
371 -0.030005 
372 0.027719 
373 0.021576 
374 -0.013743 
375 -0.022233 
376 0.008242 
377 0.022858 
378 0.015699 
379 -0.001286 
380 -0.011394 
381 -0.013541 
382 -0.018950 
383 -0.009494 
384 0.005128 
385 0.010068 
386 0.007475 
387 0.002521 
388 -0.001363 
389 -0.000781 
390 0.023083 
391 0.012942 
392 -0.023005 
393 -0.016711 
394 0.012684 
395 0.008411 
396 -0.006607 
397 -0.009800 
398 -0.006211 
399 0.005986 
400 -0.008911 
401 -0.004514 
402 0.003384 
403 0.031332 
404 -0.004122 
405 -0.009741 
406 -0.008817 
407 0.028195 
408 -0.004266 
409 -0.004170 
410 -0.014032 
411 0.015935 
412 -0.011304 
413 0.007851 
414 -0.002613 
415 0.018536 
416 -0.012602 
417 -0.007518 
418 -0.009782 
419 -0.018463 
420 0.000931 
421 0.017329 
422 0.015736 
423 -0.003587 
424 0.023574 
425 0.031673 
426 0.008601 
427 -0.020381 
428 -0.002335 
429 -0.004827 
430 -0.003817 
431 -0.018768 
432 -0.002535 
433 0.014967 
434 0.008962 
435 -0.006484 
436 0.005561 
437 0.023873 
438 0.016444 
439 -0.007649 
440 -0.015223 
441 -0.000758 
442 0.019709 
443 -0.004058 
444 0.003643 
445 -0.008004 
446 0.005709 
447 -0.025402 
448 -0.011398 
449 0.004682 
450 0.019395 
451 0.011794 
452 0.005708 
453 -0.005319 
454 -0.001454 
455 0.021532 
456 0.007548 
457 -0.033447 
458 -0.025885 
459 -0.004430 
460 0.000848 
461 -0.016293 
462 0.008344 
463 0.021491 
464 0.031097 
465 -0.009232 
466 -0.002766 
467 -0.005486 
468 0.022003 
469 -0.028246 
470 -0.010056 
471 -0.009175 
472 0.002385 
473 0.004764 
474 -0.016051 
475 0.018739 
476 -0.011249 
477 0.019313 
478 -0.045895 
479 0.025813 
480 -0.024750 
481 0.027776 
482 -0.040055 
483 0.008109 
484 -0.026813 
485 0.027108 
486 0.001691 
487 -0.000272 
488 -0.021179 
489 -0.020733 
490 0.029358 
491 -0.035335 
492 0.030894 
493 -0.043255 
494 0.049529 
495 -0.061108 
496 0.007919 
497 -0.033545 
498 0.036144 
499 -0.021475 
500 -0.005581 
501 -0.006860 
502 -0.007327 
503 0.008319 
504 -0.014371 
505 0.044301 
506 -0.034461 
507 0.026035 
508 -0.061288 
509 0.022751 
510 -0.030707 
511 0.036091 
512 -0.034337 
513 0.019985 
514 -0.023205 
515 -0.007754 
516 0.016139 
517 -0.012400 
518 0.009614 
519 -0.040512 
520 0.023114 
521 -0.030454 
522 0.014174 
523 -0.023437 
524 0.035337 
525 0.002541 
526 -0.011621 
527 -0.021081 
528 -0.006670 
529 0.024299 
530 -0.031259 
531 0.009669 
532 -0.041764 
533 0.022666 
534 -0.025014 
535 0.050378 
536 -0.019842 
537 0.020155 
538 -0.034834 
539 0.003942 
540 -0.005754 
541 0.009678 
542 0.016255 
543 -0.029696 
544 0.004202 
545 -0.018657 
546 0.023425 
547 -0.011025 
548 0.013635 
549 -0.014552 
550 0.011186 
551 -0.013985 
552 -0.002887 
553 0.011695 
554 -0.003148 
555 0.015609 
556 -0.034401 
557 -0.001178 
558 -0.024725 
559 0.038321 
560 -0.029495 
561 0.018632 
562 -0.003807 
563 0.022156 
564 -0.009674 
565 -0.005566 
566 0.007965 
567 -0.028271 
568 0.003545 
569 -0.038711 
570 0.021461 
571 -0.031369 
572 0.034902 
573 -0.027510 
574 0.044835 
575 -0.015204 
576 0.038776 
577 -0.019796 
578 -0.001682 
579 -0.014884 
580 -0.001502 
581 0.003731 
582 -0.019031 
583 0.018946 
584 -0.022312 
585 0.024619 
586 -0.043952 
587 0.037414 
588 -0.035431 
589 0.042590 
590 -0.026525 
591 0.017389 
592 -0.016933 
593 0.043676 
594 -0.014652 
595 -0.005275 
596 -0.000027 
597 0.007444 
598 -0.002096 
599 -0.036489 
600 0.019506 
601 -0.007311 
602 0.027669 
603 -0.033225 
604 0.031544 
605 -0.023610 
606 0.032381 
607 -0.032393 
608 0.020914 
609 -0.020495 
610 0.018104 
611 0.007257 
612 0.016015 
613 0.006555 
614 0.002956 
615 -0.004107 
616 -0.018966 
617 0.015194 
618 -0.006368 
619 0.010754 
620 -0.037880 
621 0.032030 
622 -0.008068 
623 0.042590 
624 -0.015281 
625 0.020708 
626 -0.036881 
627 0.021403 
628 -0.032911 
629 0.017653 
630 -0.023775 
631 0.031050 
632 -0.002776 
633 0.015597 
634 -0.020100 
635 0.025903 
636 0.012102 
637 -0.000885 
638 -0.013773 
639 -0.020118 
640 0.003504 
641 0.005400 
642 0.019164 
643 -0.023036 
644 0.004528 
645 0.000466 
646 0.009806 
647 -0.021476 
648 0.019438 
649 0.011104 
650 -0.011547 
651 -0.007484 
652 0.008382 
653 0.021656 
654 -0.003620 
655 -0.007456 
656 -0.016640 
657 -0.000896 
658 -0.005175 
659 0.006787 
660 -0.020755 
661 0.006761 
662 -0.005158 
663 0.010785 
664 -0.012690 
665 0.009199 
666 0.006559 
667 0.016457 
668 -0.048282 
669 -0.012334 
670 -0.013695 
671 0.024021 
672 -0.025016 
673 0.008019 
674 -0.025871 
675 0.027327 
676 -0.016590 
677 0.004189 
678 -0.018932 
679 0.014094 
680 -0.020342 
681 -0.016637 
682 0.000790 
683 0.011537 
684 0.005875 
685 -0.030910 
686 -0.000955 
687 -0.013664 
688 0.024347 
689 -0.035883 
690 0.008171 
691 -0.018029 
692 0.023882 
693 -0.017141 
694 0.007638 
695 -0.013674 
696 0.019196 
697 -0.005332 
698 -0.026041 
699 -0.020154 
700 0.002043 
701 0.031723 
702 -0.016407 
703 -0.000877 
704 -0.014340 
705 0.011461 
706 -0.024989 
707 0.008109 
708 -0.021762 
709 0.018751 
710 -0.019592 
711 -0.011206 
712 -0.016122 
713 0.017420 
714 0.006233 
715 0.001736 
716 -0.021311 
717 -0.019450 
718 -0.001083 
719 -0.003986 
720 0.007629 
721 -0.002302 
722 0.004473 
723 -0.014755 
724 0.008421 
725 -0.015890 
726 -0.005962 
727 -0.020981 
728 0.015398 
729 -0.045395 
730 -0.004519 
731 0.011701 
732 0.036629 
733 -0.007808 
734 -0.018308 
735 -0.008048 
736 0.014812 
737 -0.010716 
738 -0.011783 
739 -0.010616 
740 -0.002065 
741 -0.005004 
742 -0.023389 
743 0.015884 
744 0.013828 
745 0.011899 
746 -0.046572 
747 -0.008344 
748 -0.010246 
749 0.032175 
750 -0.013898 
751 0.000815 
752 -0.008352 
753 0.000936 
754 -0.016405 
755 -0.010597 
756 -0.016106 
757 0.002947 
758 -0.001308 
759 -0.018438 
760 -0.018673 
761 0.016991 
762 0.033328 
763 0.010428 
764 -0.035104 
765 0.024408 
766 -0.022748 
767 0.011898 
768 -0.054920 
769 0.033461 
770 -0.011525 
771 0.003904 
772 -0.054481 
773 0.030615 
774 0.009682 
775 0.020677 
776 -0.022669 
777 -0.007134 
778 0.017414 
779 0.009416 
780 -0.003153 
781 -0.027918 
782 0.018921 
783 0.014329 
784 0.004818 
785 -0.042285 
786 0.020781 
787 0.009344 
788 0.022813 
789 -0.022665 
790 -0.002002 
791 -0.009452 
792 0.038652 
793 -0.000196 
794 -0.005432 
795 -0.024205 
796 0.010427 
797 -0.000402 
798 0.004925 
799 0.008450 
800 0.026592 
801 0.022250 
802 -0.003336 
803 0.006806 
804 0.010313 
805 0.030949 
806 -0.011818 
807 0.009015 
808 -0.029937 
809 -0.001336 
810 -0.003373 
811 0.030311 
812 -0.017538 
813 0.028555 
814 -0.010231 
815 0.038295 
816 -0.034183 
817 0.039638 
818 0.001729 
819 0.038318 
820 -0.031597 
821 0.035636 
822 -0.006417 
823 0.044009 
824 -0.035299 
825 -0.008214 
826 -0.014838 
827 0.027865 
828 -0.004653 
829 -0.010874 
830 0.006956 
831 0.025044 
832 0.037511 
833 -0.018380 
834 0.025248 
835 0.011847 
836 0.000681 
837 -0.033301 
838 -0.000354 
839 0.028056 
840 -0.004843 
841 -0.000609 
842 -0.011489 
843 0.034259 
844 0.011254 
845 0.018178 
846 -0.042140 
847 0.015079 
848 0.002127 
849 0.026833 
850 -0.028251 
851 0.004838 
852 0.018857 
853 0.022143 
854 -0.023861 
855 -0.023060 
856 0.014002 
857 0.011706 
858 -0.004462 
859 -0.031294 
860 0.030139 
861 0.019154 
862 0.023089 
863 -0.028046 
864 -0.010785 
865 -0.002634 
866 -0.000209 
867 -0.016273 
868 -0.030878 
869 0.043047 
870 -0.028481 
871 0.023444 
872 -0.038781 
873 0.055891 
874 -0.034124 
875 0.044372 
876 -0.052174 
877 0.012580 
878 -0.058603 
879 0.042669 
880 -0.030444 
881 0.028153 
882 -0.034701 
883 0.031829 
884 -0.028844 
885 -0.001788 
886 -0.028482 
887 0.035876 
888 -0.013949 
889 -0.002205 
890 -0.016424 
891 -0.002579 
892 0.004567 
893 0.006299 
894 0.013503 
895 -0.019456 
896 -0.020219 
897 -0.045778 
898 0.009773 
899 -0.005548 
900 0.008260 
901 -0.036238 
902 -0.000917 
903 -0.011046 
904 0.012625 
905 -0.005147 
906 0.022392 
907 -0.016695 
908 -0.022996 
909 -0.013622 
910 0.008182 
911 0.012040 
912 -0.030231 
913 -0.008205 
914 -0.019299 
915 -0.009032 
916 -0.044694 
917 0.017518 
918 0.011103 
919 0.003643 
920 -0.049082 
921 0.000102 
922 0.007044 
923 -0.005072 
924 -0.025061 
925 -0.012163 
926 0.001316 
927 -0.019180 
928 -0.043221 
929 0.024949 
930 0.021214 
931 0.002673 
932 -0.063208 
933 0.002481 
934 -0.010531 
935 0.009907 
936 -0.083141 
937 -0.005325 
938 -0.023051 
939 0.026558 
940 -0.027609 
941 0.000963 
942 0.005154 
943 0.006309 
944 -0.001837 
945 -0.026657 
946 0.019698 
947 -0.043122 
948 0.014917 
949 -0.051267 
950 0.006585 
951 -0.032341 
952 0.031900 
953 -0.015074 
954 -0.021412 
955 -0.007255 
956 0.009298 
957 0.021222 
958 -0.031118 
959 0.032218 
960 -0.014328 
961 0.029935 
962 -0.081089 
963 0.020453 
964 -0.028063 
965 0.031319 
966 -0.053930 
967 0.006807 
968 -0.006143 
969 0.035072 
970 0.005966 
971 0.018308 
972 0.032443 
973 -0.011195 
974 -0.043532 
975 -0.028823 
976 0.022413 
977 -0.025489 
978 -0.007762 
979 -0.009480 
980 0.041402 
981 -0.007526 
982 0.021282 
983 -0.006063 
984 0.025154 
985 -0.006252 
986 0.011593 
987 -0.011731 
988 -0.008826 
989 0.003029 
990 0.006438 
991 0.026102 
992 -0.014954 
993 0.000689 
994 0.000296 
995 0.040820 
996 0.017452 
997 -0.005251 
998 -0.017205 
999 -0.000895 
1000 0.020354 
1001 0.028425 
1002 -0.018539 
1003 -0.002039 
1004 -0.017383 
1005 0.010857 
1006 -0.013063 
1007 0.048139 
1008 -0.007584 
1009 0.034509 
1010 -0.007480 
1011 0.013140 
1012 -0.029940 
1013 0.010566 
1014 0.012975 
1015 -0.010700 
1016 -0.035189 
1017 -0.029366 
1018 0.021377 
1019 -0.005289 
1020 0.043540 
1021 -0.000863 
1022 0.022319 
1023 -0.051033 
