0 -0.000204 
1 -0.000149 
2 -0.000135 
3 -0.000292 
4 -0.000486 
5 -0.000431 
6 -0.000258 
7 -0.000225 
8 -0.000266 
9 -0.000282 
10 -0.000317 
11 -0.000370 
12 -0.000452 
13 -0.000548 
14 -0.000580 
15 -0.000631 
16 -0.000631 
17 -0.000520 
18 -0.000439 
19 -0.000384 
20 -0.000256 
21 -0.000156 
22 -0.000141 
23 -0.000193 
24 -0.000283 
25 -0.000377 
26 -0.000545 
27 -0.000676 
28 -0.000617 
29 -0.000475 
30 -0.000379 
31 -0.000372 
32 -0.000407 
33 -0.000458 
34 -0.000577 
35 -0.000646 
36 -0.000509 
37 -0.000304 
38 -0.000258 
39 -0.000273 
40 -0.000225 
41 -0.000246 
42 -0.000331 
43 -0.000293 
44 -0.000112 
45 -0.000004 
46 -0.000072 
47 -0.000225 
48 -0.000260 
49 -0.000232 
50 -0.000218 
51 -0.000167 
52 -0.000099 
53 -0.000030 
54 0.000101 
55 0.000254 
56 0.000297 
57 0.000186 
58 0.000039 
59 0.000118 
60 0.000225 
61 0.000217 
62 0.000334 
63 0.000443 
64 0.000290 
65 0.000162 
66 0.000261 
67 0.000561 
68 0.000669 
69 0.000502 
70 0.000539 
71 0.000747 
72 0.000677 
73 0.000573 
74 0.000681 
75 0.000838 
76 0.000959 
77 0.000899 
78 0.000741 
79 0.000657 
80 0.000549 
81 0.000445 
82 0.000549 
83 0.000650 
84 0.000617 
85 0.000632 
86 0.000709 
87 0.000925 
88 0.001330 
89 0.001612 
90 0.001527 
91 0.001339 
92 0.001349 
93 0.001372 
94 0.001151 
95 0.000841 
96 0.000684 
97 0.000669 
98 0.000888 
99 0.001370 
100 0.001815 
101 0.001951 
102 0.001761 
103 0.001596 
104 0.001702 
105 0.001691 
106 0.001402 
107 0.001228 
108 0.001072 
109 0.000754 
110 0.000664 
111 0.001134 
112 0.001721 
113 0.001739 
114 0.001421 
115 0.001343 
116 0.001381 
117 0.001354 
118 0.001468 
119 0.001492 
120 0.001117 
121 0.000647 
122 0.000678 
123 0.001298 
124 0.001583 
125 0.001159 
126 0.000815 
127 0.000861 
128 0.000896 
129 0.001071 
130 0.001429 
131 0.001540 
132 0.001284 
133 0.001007 
134 0.001163 
135 0.001188 
136 0.000551 
137 0.000004 
138 0.000205 
139 0.000683 
140 0.001199 
141 0.001928 
142 0.002646 
143 0.002460 
144 0.001259 
145 0.000552 
146 0.000604 
147 -0.000006 
148 -0.000862 
149 -0.000659 
150 -0.000007 
151 0.000155 
152 0.000265 
153 0.001007 
154 0.001590 
155 0.001124 
156 0.000332 
157 0.000196 
158 0.000249 
159 -0.000123 
160 -0.000472 
161 -0.000255 
162 -0.000176 
163 -0.000647 
164 -0.000715 
165 -0.000441 
166 -0.000790 
167 -0.001510 
168 -0.001550 
169 -0.000853 
170 -0.000244 
171 -0.000253 
172 -0.000352 
173 -0.000266 
174 -0.000649 
175 -0.001448 
176 -0.002006 
177 -0.002196 
178 -0.001869 
179 -0.001271 
180 -0.000859 
181 -0.000657 
182 -0.000920 
183 -0.001586 
184 -0.002308 
185 -0.003030 
186 -0.003369 
187 -0.003354 
188 -0.003173 
189 -0.002356 
190 -0.001296 
191 -0.000838 
192 -0.000918 
193 -0.001169 
194 -0.001297 
195 -0.001374 
196 -0.002049 
197 -0.002849 
198 -0.003050 
199 -0.003311 
200 -0.003388 
201 -0.003038 
202 -0.002458 
203 -0.001926 
204 -0.001881 
205 -0.002198 
206 -0.001961 
207 -0.001442 
208 -0.001092 
209 -0.000824 
210 -0.000909 
211 -0.001383 
212 -0.001885 
213 -0.002230 
214 -0.002301 
215 -0.002399 
216 -0.002734 
217 -0.002854 
218 -0.002535 
219 -0.001613 
220 -0.000226 
221 0.000244 
222 -0.000222 
223 -0.000148 
224 0.000258 
225 0.000400 
226 0.000329 
227 -0.000573 
228 -0.001879 
229 -0.002661 
230 -0.003029 
231 -0.002468 
232 -0.001043 
233 -0.000180 
234 -0.000344 
235 -0.000832 
236 -0.000484 
237 0.000716 
238 0.001508 
239 0.001495 
240 0.001259 
241 0.001114 
242 0.001365 
243 0.001312 
244 0.001282 
245 0.001671 
246 0.001488 
247 0.000683 
248 0.000812 
249 0.001789 
250 0.002520 
251 0.002682 
252 0.002705 
253 0.002997 
254 0.002618 
255 0.001572 
256 0.001611 
257 0.002381 
258 0.002518 
259 0.002433 
260 0.002579 
261 0.003148 
262 0.003706 
263 0.003785 
264 0.003681 
265 0.003051 
266 0.001961 
267 0.002138 
268 0.003419 
269 0.004164 
270 0.003597 
271 0.002742 
272 0.002661 
273 0.002504 
274 0.002175 
275 0.003078 
276 0.004000 
277 0.003115 
278 0.001903 
279 0.001551 
280 0.001490 
281 0.001473 
282 0.001960 
283 0.002880 
284 0.002721 
285 0.001370 
286 0.000171 
287 0.000238 
288 0.001327 
289 0.002368 
290 0.003641 
291 0.004596 
292 0.004432 
293 0.003859 
294 0.003433 
295 0.002277 
296 0.000706 
297 -0.000254 
298 0.000048 
299 0.001158 
300 0.001910 
301 0.002627 
302 0.003008 
303 0.001903 
304 0.000925 
305 0.001624 
306 0.002612 
307 0.002390 
308 0.000960 
309 -0.000200 
310 -0.000257 
311 0.000496 
312 0.001596 
313 0.002475 
314 0.002436 
315 0.001615 
316 0.000387 
317 -0.000167 
318 -0.000101 
319 -0.000173 
320 -0.000058 
321 0.000018 
322 -0.000703 
323 -0.001598 
324 -0.002141 
325 -0.002572 
326 -0.002445 
327 -0.002184 
328 -0.002751 
329 -0.003098 
330 -0.002592 
331 -0.002043 
332 -0.001641 
333 -0.001975 
334 -0.002795 
335 -0.002833 
336 -0.003507 
337 -0.005019 
338 -0.005296 
339 -0.004262 
340 -0.003240 
341 -0.002458 
342 -0.002367 
343 -0.002763 
344 -0.003715 
345 -0.004826 
346 -0.004670 
347 -0.004024 
348 -0.005009 
349 -0.006118 
350 -0.005414 
351 -0.004552 
352 -0.004567 
353 -0.004592 
354 -0.004795 
355 -0.006403 
356 -0.008185 
357 -0.007973 
358 -0.006417 
359 -0.006038 
360 -0.006087 
361 -0.004132 
362 -0.001632 
363 -0.001548 
364 -0.003112 
365 -0.003837 
366 -0.004427 
367 -0.006489 
368 -0.007981 
369 -0.007477 
370 -0.007046 
371 -0.007919 
372 -0.008921 
373 -0.007537 
374 -0.004966 
375 -0.004319 
376 -0.004620 
377 -0.003893 
378 -0.003849 
379 -0.004967 
380 -0.005544 
381 -0.005216 
382 -0.004966 
383 -0.005265 
384 -0.005101 
385 -0.004035 
386 -0.003519 
387 -0.003336 
388 -0.003206 
389 -0.002933 
390 -0.002820 
391 -0.003827 
392 -0.004676 
393 -0.004049 
394 -0.002768 
395 -0.000599 
396 0.001420 
397 0.000893 
398 -0.000314 
399 -0.000745 
400 -0.001099 
401 -0.001237 
402 -0.001281 
403 -0.000910 
404 -0.000328 
405 -0.000444 
406 -0.000582 
407 0.000129 
408 0.000793 
409 0.000591 
410 -0.000387 
411 -0.000821 
412 0.000820 
413 0.002666 
414 0.004416 
415 0.005517 
416 0.005150 
417 0.004089 
418 0.002928 
419 0.001877 
420 0.001884 
421 0.002371 
422 0.000634 
423 -0.001399 
424 -0.000242 
425 0.002934 
426 0.005572 
427 0.006889 
428 0.006227 
429 0.004338 
430 0.003032 
431 0.002720 
432 0.003223 
433 0.003987 
434 0.003940 
435 0.003473 
436 0.004949 
437 0.006462 
438 0.005867 
439 0.005001 
440 0.004735 
441 0.003981 
442 0.003552 
443 0.004816 
444 0.006258 
445 0.005996 
446 0.004457 
447 0.003785 
448 0.004071 
449 0.004078 
450 0.003305 
451 0.002226 
452 0.002219 
453 0.003507 
454 0.004490 
455 0.005488 
456 0.007134 
457 0.007387 
458 0.006213 
459 0.005150 
460 0.004415 
461 0.004048 
462 0.003898 
463 0.003769 
464 0.005247 
465 0.006955 
466 0.006611 
467 0.006104 
468 0.006045 
469 0.004220 
470 0.001460 
471 -0.000137 
472 -0.000376 
473 0.000870 
474 0.002615 
475 0.003381 
476 0.003725 
477 0.003925 
478 0.003986 
479 0.003725 
480 0.002215 
481 0.000061 
482 0.000035 
483 0.002145 
484 0.002651 
485 0.001707 
486 0.002515 
487 0.003467 
488 0.001612 
489 -0.000533 
490 -0.000767 
491 -0.001141 
492 -0.002572 
493 -0.003029 
494 -0.000907 
495 0.001065 
496 -0.000325 
497 -0.001625 
498 -0.000459 
499 0.000128 
500 -0.001383 
501 -0.001782 
502 -0.000350 
503 -0.000288 
504 -0.002000 
505 -0.001777 
506 -0.000038 
507 -0.000915 
508 -0.003416 
509 -0.003766 
510 -0.002105 
511 -0.001195 
512 -0.001155 
513 -0.000618 
514 -0.000632 
515 -0.002782 
516 -0.005342 
517 -0.004720 
518 -0.002526 
519 -0.002030 
520 -0.002466 
521 -0.002635 
522 -0.003054 
523 -0.003729 
524 -0.004800 
525 -0.006050 
526 -0.006517 
527 -0.007162 
528 -0.007148 
529 -0.005764 
530 -0.004738 
531 -0.004024 
532 -0.002511 
533 -0.001397 
534 -0.001320 
535 -0.002014 
536 -0.003103 
537 -0.004206 
538 -0.006129 
539 -0.007568 
540 -0.006825 
541 -0.005143 
542 -0.003989 
543 -0.003873 
544 -0.004248 
545 -0.004801 
546 -0.006089 
547 -0.006761 
548 -0.005165 
549 -0.002846 
550 -0.002217 
551 -0.002277 
552 -0.001673 
553 -0.001806 
554 -0.002621 
555 -0.002199 
556 -0.000335 
557 0.000755 
558 0.000044 
559 -0.001517 
560 -0.001904 
561 -0.001676 
562 -0.001597 
563 -0.001182 
564 -0.000610 
565 -0.000036 
566 0.001137 
567 0.002524 
568 0.002902 
569 0.001901 
570 0.000594 
571 0.001289 
572 0.002203 
573 0.002082 
574 0.003035 
575 0.003897 
576 0.002544 
577 0.001429 
578 0.002211 
579 0.004623 
580 0.005456 
581 0.004100 
582 0.004355 
583 0.005940 
584 0.005364 
585 0.004540 
586 0.005318 
587 0.006437 
588 0.007231 
589 0.006673 
590 0.005444 
591 0.004778 
592 0.003963 
593 0.003219 
594 0.003923 
595 0.004589 
596 0.004368 
597 0.004481 
598 0.004986 
599 0.006368 
600 0.008921 
601 0.010621 
602 0.009981 
603 0.008709 
604 0.008667 
605 0.008707 
606 0.007290 
607 0.005367 
608 0.004364 
609 0.004193 
610 0.005364 
611 0.008007 
612 0.010397 
613 0.011017 
614 0.009833 
615 0.008799 
616 0.009225 
617 0.009032 
618 0.007439 
619 0.006472 
620 0.005615 
621 0.003964 
622 0.003482 
623 0.005772 
624 0.008594 
625 0.008627 
626 0.007060 
627 0.006617 
628 0.006710 
629 0.006523 
630 0.006992 
631 0.007045 
632 0.005305 
633 0.003171 
634 0.003233 
635 0.005816 
636 0.006940 
637 0.005108 
638 0.003652 
639 0.003832 
640 0.003981 
641 0.004695 
642 0.006113 
643 0.006514 
644 0.005486 
645 0.004382 
646 0.004915 
647 0.004944 
648 0.002562 
649 0.000573 
650 0.001284 
651 0.002946 
652 0.004654 
653 0.007024 
654 0.009277 
655 0.008397 
656 0.004160 
657 0.001705 
658 0.001847 
659 -0.000083 
660 -0.002671 
661 -0.001790 
662 0.000488 
663 0.001141 
664 0.001545 
665 0.003790 
666 0.005465 
667 0.003986 
668 0.001576 
669 0.001137 
670 0.001282 
671 0.000286 
672 -0.000570 
673 0.000172 
674 0.000491 
675 -0.000755 
676 -0.000981 
677 -0.000353 
678 -0.001380 
679 -0.003314 
680 -0.003432 
681 -0.001629 
682 -0.000067 
683 -0.000042 
684 -0.000224 
685 0.000027 
686 -0.000893 
687 -0.002810 
688 -0.004138 
689 -0.004572 
690 -0.003766 
691 -0.002323 
692 -0.001297 
693 -0.000774 
694 -0.001312 
695 -0.002759 
696 -0.004341 
697 -0.005922 
698 -0.006667 
699 -0.006660 
700 -0.006297 
701 -0.004635 
702 -0.002479 
703 -0.001538 
704 -0.001650 
705 -0.002095 
706 -0.002298 
707 -0.002388 
708 -0.003586 
709 -0.004960 
710 -0.005185 
711 -0.005528 
712 -0.005573 
713 -0.004902 
714 -0.003860 
715 -0.002937 
716 -0.002844 
717 -0.003338 
718 -0.002827 
719 -0.001833 
720 -0.001112 
721 -0.000560 
722 -0.000646 
723 -0.001427 
724 -0.002318 
725 -0.002998 
726 -0.003241 
727 -0.003485 
728 -0.004021 
729 -0.004138 
730 -0.003557 
731 -0.002087 
732 0.000002 
733 0.000696 
734 -0.000003 
735 0.000027 
736 0.000492 
737 0.000601 
738 0.000445 
739 -0.000777 
740 -0.002476 
741 -0.003428 
742 -0.003832 
743 -0.003061 
744 -0.001237 
745 -0.000201 
746 -0.000472 
747 -0.001127 
748 -0.000710 
749 0.000769 
750 0.001739 
751 0.001739 
752 0.001467 
753 0.001288 
754 0.001548 
755 0.001446 
756 0.001370 
757 0.001775 
758 0.001561 
759 0.000711 
760 0.000920 
761 0.002041 
762 0.002859 
763 0.003043 
764 0.003064 
765 0.003345 
766 0.002917 
767 0.001819 
768 0.001831 
769 0.002564 
770 0.002654 
771 0.002526 
772 0.002608 
773 0.003079 
774 0.003513 
775 0.003487 
776 0.003306 
777 0.002669 
778 0.001646 
779 0.001772 
780 0.002876 
781 0.003480 
782 0.002948 
783 0.002180 
784 0.002084 
785 0.001922 
786 0.001618 
787 0.002330 
788 0.003050 
789 0.002318 
790 0.001345 
791 0.001065 
792 0.001003 
793 0.000964 
794 0.001325 
795 0.002012 
796 0.001894 
797 0.000895 
798 0.000006 
799 0.000040 
800 0.000804 
801 0.001539 
802 0.002417 
803 0.003057 
804 0.002904 
805 0.002493 
806 0.002207 
807 0.001465 
808 0.000459 
809 -0.000152 
810 0.000033 
811 0.000722 
812 0.001180 
813 0.001626 
814 0.001869 
815 0.001210 
816 0.000629 
817 0.001031 
818 0.001598 
819 0.001445 
820 0.000606 
821 -0.000076 
822 -0.000125 
823 0.000275 
824 0.000869 
825 0.001340 
826 0.001310 
827 0.000852 
828 0.000183 
829 -0.000119 
830 -0.000092 
831 -0.000119 
832 -0.000044 
833 0.000019 
834 -0.000314 
835 -0.000722 
836 -0.000957 
837 -0.001141 
838 -0.001069 
839 -0.000941 
840 -0.001198 
841 -0.001345 
842 -0.001087 
843 -0.000817 
844 -0.000613 
845 -0.000746 
846 -0.001087 
847 -0.001090 
848 -0.001362 
849 -0.001977 
850 -0.002056 
851 -0.001599 
852 -0.001155 
853 -0.000819 
854 -0.000761 
855 -0.000896 
856 -0.001244 
857 -0.001654 
858 -0.001585 
859 -0.001333 
860 -0.001697 
861 -0.002078 
862 -0.001787 
863 -0.001439 
864 -0.001422 
865 -0.001419 
866 -0.001480 
867 -0.002022 
868 -0.002615 
869 -0.002535 
870 -0.002037 
871 -0.001948 
872 -0.001995 
873 -0.001383 
874 -0.000589 
875 -0.000537 
876 -0.000965 
877 -0.001102 
878 -0.001185 
879 -0.001716 
880 -0.002090 
881 -0.001904 
882 -0.001778 
883 -0.002051 
884 -0.002363 
885 -0.001988 
886 -0.001263 
887 -0.001045 
888 -0.001059 
889 -0.000792 
890 -0.000729 
891 -0.001002 
892 -0.001158 
893 -0.001102 
894 -0.001079 
895 -0.001184 
896 -0.001154 
897 -0.000878 
898 -0.000720 
899 -0.000637 
900 -0.000570 
901 -0.000487 
902 -0.000467 
903 -0.000719 
904 -0.000932 
905 -0.000804 
906 -0.000514 
907 -0.000021 
908 0.000444 
909 0.000359 
910 0.000124 
911 0.000037 
912 -0.000058 
913 -0.000122 
914 -0.000178 
915 -0.000146 
916 -0.000060 
917 -0.000090 
918 -0.000112 
919 0.000035 
920 0.000169 
921 0.000145 
922 -0.000021 
923 -0.000065 
924 0.000239 
925 0.000573 
926 0.000879 
927 0.001065 
928 0.000991 
929 0.000796 
930 0.000584 
931 0.000395 
932 0.000385 
933 0.000461 
934 0.000196 
935 -0.000100 
936 0.000108 
937 0.000614 
938 0.001012 
939 0.001182 
940 0.001033 
941 0.000703 
942 0.000468 
943 0.000390 
944 0.000449 
945 0.000558 
946 0.000565 
947 0.000520 
948 0.000727 
949 0.000918 
950 0.000814 
951 0.000666 
952 0.000597 
953 0.000474 
954 0.000405 
955 0.000564 
956 0.000752 
957 0.000725 
958 0.000541 
959 0.000460 
960 0.000479 
961 0.000460 
962 0.000346 
963 0.000201 
964 0.000187 
965 0.000330 
966 0.000445 
967 0.000562 
968 0.000747 
969 0.000775 
970 0.000641 
971 0.000517 
972 0.000425 
973 0.000374 
974 0.000349 
975 0.000335 
976 0.000490 
977 0.000671 
978 0.000645 
979 0.000602 
980 0.000600 
981 0.000424 
982 0.000153 
983 -0.000006 
984 -0.000038 
985 0.000070 
986 0.000225 
987 0.000289 
988 0.000316 
989 0.000331 
990 0.000332 
991 0.000304 
992 0.000163 
993 -0.000035 
994 -0.000044 
995 0.000136 
996 0.000175 
997 0.000091 
998 0.000162 
999 0.000245 
1000 0.000088 
1001 -0.000092 
1002 -0.000110 
1003 -0.000141 
1004 -0.000262 
1005 -0.000299 
1006 -0.000123 
1007 0.000039 
1008 -0.000075 
1009 -0.000180 
1010 -0.000084 
1011 -0.000035 
1012 -0.000156 
1013 -0.000188 
1014 -0.000071 
1015 -0.000066 
1016 -0.000202 
1017 -0.000179 
1018 -0.000035 
1019 -0.000103 
1020 -0.000302 
1021 -0.000333 
1022 -0.000201 
1023 -0.000129 
