0 -0.000002 
1 0.000007 
2 0.000020 
3 0.000034 
4 0.000052 
5 0.000065 
6 0.000075 
7 0.000076 
8 0.000074 
9 0.000059 
10 0.000040 
11 0.000016 
12 -0.000003 
13 -0.000019 
14 -0.000023 
15 -0.000014 
16 -0.000000 
17 0.000023 
18 0.000038 
19 0.000047 
20 0.000052 
21 0.000050 
22 0.000038 
23 0.000020 
24 -0.000003 
25 -0.000024 
26 -0.000041 
27 -0.000051 
28 -0.000046 
29 -0.000032 
30 -0.000013 
31 0.000009 
32 0.000027 
33 0.000035 
34 0.000029 
35 0.000009 
36 -0.000017 
37 -0.000045 
38 -0.000066 
39 -0.000079 
40 -0.000085 
41 -0.000073 
42 -0.000060 
43 -0.000037 
44 -0.000010 
45 0.000015 
46 0.000040 
47 0.000058 
48 0.000068 
49 0.000069 
50 0.000073 
51 0.000076 
52 0.000083 
53 0.000090 
54 0.000099 
55 0.000098 
56 0.000091 
57 0.000076 
58 0.000059 
59 0.000044 
60 0.000032 
61 0.000026 
62 0.000030 
63 0.000046 
64 0.000067 
65 0.000094 
66 0.000115 
67 0.000126 
68 0.000133 
69 0.000134 
70 0.000132 
71 0.000120 
72 0.000104 
73 0.000087 
74 0.000075 
75 0.000069 
76 0.000069 
77 0.000078 
78 0.000088 
79 0.000091 
80 0.000091 
81 0.000085 
82 0.000075 
83 0.000071 
84 0.000060 
85 0.000047 
86 0.000039 
87 0.000036 
88 0.000041 
89 0.000059 
90 0.000076 
91 0.000084 
92 0.000095 
93 0.000096 
94 0.000073 
95 0.000050 
96 0.000018 
97 -0.000010 
98 -0.000025 
99 -0.000055 
100 -0.000072 
101 -0.000102 
102 -0.000108 
103 -0.000113 
104 -0.000086 
105 -0.000036 
106 0.000027 
107 0.000106 
108 0.000187 
109 0.000250 
110 0.000277 
111 0.000279 
112 0.000261 
113 0.000215 
114 0.000164 
115 0.000109 
116 0.000073 
117 0.000045 
118 0.000016 
119 -0.000009 
120 -0.000031 
121 -0.000040 
122 -0.000056 
123 -0.000057 
124 -0.000052 
125 -0.000036 
126 -0.000013 
127 0.000013 
128 0.000041 
129 0.000064 
130 0.000085 
131 0.000086 
132 0.000090 
133 0.000079 
134 0.000085 
135 0.000081 
136 0.000077 
137 0.000081 
138 0.000071 
139 0.000060 
140 0.000054 
141 0.000036 
142 0.000034 
143 0.000042 
144 0.000041 
145 0.000028 
146 0.000031 
147 0.000020 
148 0.000022 
149 0.000037 
150 0.000074 
151 0.000126 
152 0.000196 
153 0.000274 
154 0.000330 
155 0.000350 
156 0.000345 
157 0.000305 
158 0.000245 
159 0.000168 
160 0.000106 
161 0.000058 
162 0.000044 
163 0.000075 
164 0.000128 
165 0.000186 
166 0.000247 
167 0.000275 
168 0.000278 
169 0.000257 
170 0.000182 
171 0.000124 
172 0.000064 
173 0.000033 
174 -0.000007 
175 -0.000033 
176 -0.000064 
177 -0.000090 
178 -0.000107 
179 -0.000090 
180 -0.000077 
181 -0.000065 
182 -0.000077 
183 -0.000114 
184 -0.000152 
185 -0.000217 
186 -0.000261 
187 -0.000270 
188 -0.000259 
189 -0.000240 
190 -0.000196 
191 -0.000155 
192 -0.000132 
193 -0.000125 
194 -0.000101 
195 -0.000122 
196 -0.000130 
197 -0.000145 
198 -0.000156 
199 -0.000153 
200 -0.000134 
201 -0.000097 
202 -0.000049 
203 0.000010 
204 0.000051 
205 0.000050 
206 0.000037 
207 -0.000018 
208 -0.000090 
209 -0.000160 
210 -0.000203 
211 -0.000218 
212 -0.000204 
213 -0.000175 
214 -0.000119 
215 -0.000090 
216 -0.000026 
217 -0.000013 
218 -0.000004 
219 -0.000033 
220 -0.000086 
221 -0.000165 
222 -0.000269 
223 -0.000384 
224 -0.000507 
225 -0.000590 
226 -0.000642 
227 -0.000675 
228 -0.000701 
229 -0.000763 
230 -0.000790 
231 -0.000821 
232 -0.000813 
233 -0.000862 
234 -0.000926 
235 -0.000970 
236 -0.000984 
237 -0.000964 
238 -0.000933 
239 -0.000827 
240 -0.000710 
241 -0.000554 
242 -0.000405 
243 -0.000258 
244 -0.000175 
245 -0.000176 
246 -0.000279 
247 -0.000438 
248 -0.000624 
249 -0.000772 
250 -0.000861 
251 -0.000893 
252 -0.000876 
253 -0.000795 
254 -0.000683 
255 -0.000544 
256 -0.000435 
257 -0.000316 
258 -0.000234 
259 -0.000182 
260 -0.000175 
261 -0.000156 
262 -0.000158 
263 -0.000177 
264 -0.000150 
265 -0.000141 
266 -0.000126 
267 -0.000125 
268 -0.000136 
269 -0.000163 
270 -0.000217 
271 -0.000262 
272 -0.000310 
273 -0.000314 
274 -0.000305 
275 -0.000282 
276 -0.000230 
277 -0.000161 
278 -0.000105 
279 -0.000041 
280 -0.000024 
281 -0.000007 
282 -0.000079 
283 -0.000209 
284 -0.000344 
285 -0.000539 
286 -0.000690 
287 -0.000816 
288 -0.000860 
289 -0.000811 
290 -0.000714 
291 -0.000669 
292 -0.000605 
293 -0.000562 
294 -0.000550 
295 -0.000554 
296 -0.000553 
297 -0.000531 
298 -0.000477 
299 -0.000379 
300 -0.000237 
301 -0.000008 
302 0.000232 
303 0.000499 
304 0.000712 
305 0.000846 
306 0.000866 
307 0.000798 
308 0.000632 
309 0.000380 
310 0.000152 
311 -0.000040 
312 -0.000158 
313 -0.000161 
314 -0.000008 
315 0.000234 
316 0.000552 
317 0.000820 
318 0.001003 
319 0.001128 
320 0.001099 
321 0.000947 
322 0.000738 
323 0.000555 
324 0.000409 
325 0.000332 
326 0.000399 
327 0.000511 
328 0.000669 
329 0.000812 
330 0.000902 
331 0.000886 
332 0.000848 
333 0.000768 
334 0.000663 
335 0.000542 
336 0.000441 
337 0.000426 
338 0.000439 
339 0.000453 
340 0.000477 
341 0.000522 
342 0.000510 
343 0.000530 
344 0.000488 
345 0.000461 
346 0.000380 
347 0.000322 
348 0.000224 
349 0.000150 
350 0.000073 
351 0.000082 
352 0.000203 
353 0.000330 
354 0.000501 
355 0.000631 
356 0.000749 
357 0.000794 
358 0.000750 
359 0.000627 
360 0.000505 
361 0.000381 
362 0.000320 
363 0.000313 
364 0.000350 
365 0.000444 
366 0.000600 
367 0.000688 
368 0.000792 
369 0.000783 
370 0.000691 
371 0.000550 
372 0.000379 
373 0.000165 
374 -0.000033 
375 -0.000189 
376 -0.000193 
377 -0.000124 
378 -0.000020 
379 0.000095 
380 0.000231 
381 0.000256 
382 0.000208 
383 0.000040 
384 -0.000154 
385 -0.000394 
386 -0.000677 
387 -0.000871 
388 -0.000976 
389 -0.000933 
390 -0.000673 
391 -0.000278 
392 0.000119 
393 0.000430 
394 0.000588 
395 0.000561 
396 0.000373 
397 0.000059 
398 -0.000208 
399 -0.000441 
400 -0.000586 
401 -0.000557 
402 -0.000438 
403 -0.000218 
404 0.000028 
405 0.000321 
406 0.000508 
407 0.000687 
408 0.000787 
409 0.000796 
410 0.000694 
411 0.000534 
412 0.000419 
413 0.000275 
414 0.000206 
415 0.000187 
416 0.000199 
417 0.000126 
418 -0.000001 
419 -0.000103 
420 -0.000274 
421 -0.000483 
422 -0.000701 
423 -0.000825 
424 -0.000931 
425 -0.000887 
426 -0.000753 
427 -0.000548 
428 -0.000227 
429 0.000104 
430 0.000368 
431 0.000473 
432 0.000423 
433 0.000214 
434 -0.000129 
435 -0.000516 
436 -0.000817 
437 -0.001025 
438 -0.001098 
439 -0.001081 
440 -0.000989 
441 -0.000879 
442 -0.000761 
443 -0.000725 
444 -0.000751 
445 -0.000850 
446 -0.000957 
447 -0.001051 
448 -0.001209 
449 -0.001294 
450 -0.001211 
451 -0.001001 
452 -0.000665 
453 -0.000295 
454 0.000056 
455 0.000315 
456 0.000469 
457 0.000416 
458 0.000271 
459 0.000028 
460 -0.000255 
461 -0.000428 
462 -0.000564 
463 -0.000588 
464 -0.000447 
465 -0.000161 
466 0.000152 
467 0.000467 
468 0.000790 
469 0.000963 
470 0.000978 
471 0.000919 
472 0.000710 
473 0.000460 
474 0.000187 
475 -0.000054 
476 -0.000312 
477 -0.000471 
478 -0.000562 
479 -0.000562 
480 -0.000492 
481 -0.000400 
482 -0.000294 
483 -0.000253 
484 -0.000251 
485 -0.000263 
486 -0.000266 
487 -0.000270 
488 -0.000237 
489 -0.000164 
490 -0.000120 
491 -0.000014 
492 0.000113 
493 0.000218 
494 0.000255 
495 0.000218 
496 0.000146 
497 -0.000031 
498 -0.000233 
499 -0.000428 
500 -0.000603 
501 -0.000761 
502 -0.000801 
503 -0.000769 
504 -0.000621 
505 -0.000447 
506 -0.000257 
507 -0.000104 
508 0.000002 
509 0.000042 
510 0.000102 
511 0.000092 
512 0.000149 
513 0.000266 
514 0.000437 
515 0.000612 
516 0.000836 
517 0.000993 
518 0.001110 
519 0.001115 
520 0.001094 
521 0.000903 
522 0.000668 
523 0.000377 
524 0.000142 
525 -0.000053 
526 -0.000109 
527 0.000004 
528 0.000177 
529 0.000460 
530 0.000638 
531 0.000750 
532 0.000806 
533 0.000765 
534 0.000617 
535 0.000412 
536 0.000132 
537 -0.000107 
538 -0.000297 
539 -0.000413 
540 -0.000348 
541 -0.000190 
542 0.000024 
543 0.000271 
544 0.000473 
545 0.000554 
546 0.000482 
547 0.000270 
548 -0.000001 
549 -0.000303 
550 -0.000519 
551 -0.000664 
552 -0.000717 
553 -0.000596 
554 -0.000452 
555 -0.000210 
556 0.000063 
557 0.000315 
558 0.000562 
559 0.000738 
560 0.000838 
561 0.000849 
562 0.000883 
563 0.000904 
564 0.000961 
565 0.001017 
566 0.001092 
567 0.001081 
568 0.001005 
569 0.000855 
570 0.000696 
571 0.000553 
572 0.000446 
573 0.000389 
574 0.000434 
575 0.000563 
576 0.000731 
577 0.000950 
578 0.001109 
579 0.001192 
580 0.001237 
581 0.001235 
582 0.001212 
583 0.001110 
584 0.000977 
585 0.000842 
586 0.000740 
587 0.000684 
588 0.000676 
589 0.000735 
590 0.000801 
591 0.000816 
592 0.000809 
593 0.000760 
594 0.000690 
595 0.000653 
596 0.000580 
597 0.000482 
598 0.000430 
599 0.000403 
600 0.000437 
601 0.000540 
602 0.000638 
603 0.000683 
604 0.000745 
605 0.000739 
606 0.000596 
607 0.000450 
608 0.000263 
609 0.000098 
610 0.000014 
611 -0.000156 
612 -0.000249 
613 -0.000412 
614 -0.000444 
615 -0.000471 
616 -0.000322 
617 -0.000055 
618 0.000270 
619 0.000671 
620 0.001074 
621 0.001380 
622 0.001502 
623 0.001493 
624 0.001384 
625 0.001147 
626 0.000893 
627 0.000623 
628 0.000453 
629 0.000321 
630 0.000182 
631 0.000062 
632 -0.000039 
633 -0.000078 
634 -0.000148 
635 -0.000147 
636 -0.000126 
637 -0.000051 
638 0.000040 
639 0.000145 
640 0.000257 
641 0.000344 
642 0.000426 
643 0.000427 
644 0.000436 
645 0.000390 
646 0.000406 
647 0.000386 
648 0.000369 
649 0.000377 
650 0.000333 
651 0.000291 
652 0.000267 
653 0.000208 
654 0.000202 
655 0.000227 
656 0.000220 
657 0.000177 
658 0.000181 
659 0.000144 
660 0.000142 
661 0.000190 
662 0.000305 
663 0.000462 
664 0.000670 
665 0.000900 
666 0.001056 
667 0.001105 
668 0.001076 
669 0.000954 
670 0.000771 
671 0.000543 
672 0.000362 
673 0.000224 
674 0.000183 
675 0.000261 
676 0.000395 
677 0.000543 
678 0.000700 
679 0.000765 
680 0.000763 
681 0.000703 
682 0.000512 
683 0.000362 
684 0.000212 
685 0.000135 
686 0.000037 
687 -0.000026 
688 -0.000095 
689 -0.000158 
690 -0.000193 
691 -0.000153 
692 -0.000121 
693 -0.000091 
694 -0.000115 
695 -0.000193 
696 -0.000272 
697 -0.000401 
698 -0.000485 
699 -0.000496 
700 -0.000464 
701 -0.000421 
702 -0.000326 
703 -0.000240 
704 -0.000195 
705 -0.000178 
706 -0.000129 
707 -0.000165 
708 -0.000180 
709 -0.000201 
710 -0.000219 
711 -0.000207 
712 -0.000168 
713 -0.000097 
714 -0.000007 
715 0.000095 
716 0.000169 
717 0.000166 
718 0.000148 
719 0.000055 
720 -0.000065 
721 -0.000180 
722 -0.000249 
723 -0.000273 
724 -0.000248 
725 -0.000195 
726 -0.000103 
727 -0.000054 
728 0.000047 
729 0.000073 
730 0.000094 
731 0.000054 
732 -0.000024 
733 -0.000135 
734 -0.000281 
735 -0.000440 
736 -0.000609 
737 -0.000717 
738 -0.000783 
739 -0.000817 
740 -0.000842 
741 -0.000912 
742 -0.000932 
743 -0.000957 
744 -0.000934 
745 -0.000980 
746 -0.001050 
747 -0.001094 
748 -0.001101 
749 -0.001066 
750 -0.001017 
751 -0.000879 
752 -0.000730 
753 -0.000541 
754 -0.000360 
755 -0.000186 
756 -0.000090 
757 -0.000086 
758 -0.000195 
759 -0.000364 
760 -0.000561 
761 -0.000713 
762 -0.000800 
763 -0.000825 
764 -0.000798 
765 -0.000708 
766 -0.000586 
767 -0.000443 
768 -0.000331 
769 -0.000206 
770 -0.000124 
771 -0.000070 
772 -0.000062 
773 -0.000045 
774 -0.000048 
775 -0.000066 
776 -0.000042 
777 -0.000035 
778 -0.000022 
779 -0.000020 
780 -0.000030 
781 -0.000053 
782 -0.000099 
783 -0.000133 
784 -0.000171 
785 -0.000175 
786 -0.000164 
787 -0.000142 
788 -0.000099 
789 -0.000041 
790 0.000001 
791 0.000047 
792 0.000062 
793 0.000074 
794 0.000021 
795 -0.000076 
796 -0.000177 
797 -0.000318 
798 -0.000423 
799 -0.000507 
800 -0.000532 
801 -0.000490 
802 -0.000418 
803 -0.000381 
804 -0.000335 
805 -0.000303 
806 -0.000292 
807 -0.000293 
808 -0.000291 
809 -0.000272 
810 -0.000237 
811 -0.000173 
812 -0.000081 
813 0.000063 
814 0.000209 
815 0.000371 
816 0.000494 
817 0.000570 
818 0.000575 
819 0.000531 
820 0.000430 
821 0.000280 
822 0.000147 
823 0.000037 
824 -0.000029 
825 -0.000031 
826 0.000050 
827 0.000181 
828 0.000347 
829 0.000483 
830 0.000571 
831 0.000628 
832 0.000606 
833 0.000524 
834 0.000415 
835 0.000321 
836 0.000248 
837 0.000211 
838 0.000239 
839 0.000287 
840 0.000356 
841 0.000416 
842 0.000451 
843 0.000438 
844 0.000416 
845 0.000377 
846 0.000328 
847 0.000271 
848 0.000225 
849 0.000215 
850 0.000218 
851 0.000221 
852 0.000228 
853 0.000243 
854 0.000236 
855 0.000240 
856 0.000221 
857 0.000209 
858 0.000175 
859 0.000151 
860 0.000112 
861 0.000083 
862 0.000053 
863 0.000056 
864 0.000097 
865 0.000140 
866 0.000198 
867 0.000241 
868 0.000279 
869 0.000291 
870 0.000274 
871 0.000231 
872 0.000189 
873 0.000147 
874 0.000125 
875 0.000122 
876 0.000132 
877 0.000160 
878 0.000205 
879 0.000228 
880 0.000257 
881 0.000252 
882 0.000223 
883 0.000180 
884 0.000128 
885 0.000066 
886 0.000012 
887 -0.000030 
888 -0.000031 
889 -0.000011 
890 0.000017 
891 0.000047 
892 0.000082 
893 0.000087 
894 0.000074 
895 0.000032 
896 -0.000016 
897 -0.000074 
898 -0.000141 
899 -0.000185 
900 -0.000207 
901 -0.000195 
902 -0.000133 
903 -0.000042 
904 0.000048 
905 0.000117 
906 0.000151 
907 0.000143 
908 0.000102 
909 0.000034 
910 -0.000022 
911 -0.000070 
912 -0.000098 
913 -0.000091 
914 -0.000065 
915 -0.000021 
916 0.000028 
917 0.000083 
918 0.000117 
919 0.000149 
920 0.000166 
921 0.000166 
922 0.000145 
923 0.000116 
924 0.000094 
925 0.000069 
926 0.000056 
927 0.000053 
928 0.000054 
929 0.000041 
930 0.000020 
931 0.000003 
932 -0.000025 
933 -0.000058 
934 -0.000092 
935 -0.000110 
936 -0.000125 
937 -0.000117 
938 -0.000096 
939 -0.000064 
940 -0.000016 
941 0.000033 
942 0.000070 
943 0.000084 
944 0.000077 
945 0.000047 
946 -0.000001 
947 -0.000053 
948 -0.000094 
949 -0.000121 
950 -0.000129 
951 -0.000125 
952 -0.000111 
953 -0.000096 
954 -0.000079 
955 -0.000073 
956 -0.000075 
957 -0.000087 
958 -0.000099 
959 -0.000109 
960 -0.000126 
961 -0.000134 
962 -0.000123 
963 -0.000098 
964 -0.000059 
965 -0.000017 
966 0.000023 
967 0.000051 
968 0.000068 
969 0.000062 
970 0.000045 
971 0.000020 
972 -0.000010 
973 -0.000028 
974 -0.000042 
975 -0.000044 
976 -0.000029 
977 -0.000000 
978 0.000031 
979 0.000062 
980 0.000093 
981 0.000108 
982 0.000109 
983 0.000102 
984 0.000082 
985 0.000057 
986 0.000031 
987 0.000008 
988 -0.000015 
989 -0.000030 
990 -0.000039 
991 -0.000039 
992 -0.000033 
993 -0.000025 
994 -0.000015 
995 -0.000011 
996 -0.000011 
997 -0.000013 
998 -0.000013 
999 -0.000014 
1000 -0.000011 
1001 -0.000005 
1002 -0.000002 
1003 0.000007 
1004 0.000017 
1005 0.000026 
1006 0.000029 
1007 0.000026 
1008 0.000020 
1009 0.000005 
1010 -0.000012 
1011 -0.000027 
1012 -0.000042 
1013 -0.000055 
1014 -0.000058 
1015 -0.000055 
1016 -0.000043 
1017 -0.000029 
1018 -0.000014 
1019 -0.000001 
1020 0.000007 
1021 0.000010 
1022 0.000015 
1023 0.000014 
