0 0.534869 
1 -0.149084 
2 -0.073475 
3 0.069840 
4 0.004928 
5 -0.002070 
6 0.126384 
7 -0.069016 
8 0.002605 
9 0.007498 
10 -0.091011 
11 0.080266 
12 -0.077273 
13 0.081266 
14 -0.016282 
15 -0.024345 
16 0.013630 
17 0.053576 
18 -0.093285 
19 0.102268 
20 0.037159 
21 -0.064265 
22 0.098202 
23 -0.025807 
24 -0.013793 
25 -0.005233 
26 0.018403 
27 -0.098617 
28 0.115854 
29 -0.087835 
30 0.018064 
31 0.066742 
32 -0.102955 
33 0.123096 
34 -0.121499 
35 0.067618 
36 -0.077914 
37 0.068879 
38 -0.029576 
39 0.082404 
40 0.009467 
41 -0.028853 
42 0.093391 
43 -0.079892 
44 0.018906 
45 0.104951 
46 -0.072555 
47 0.084650 
48 -0.012832 
49 0.022769 
50 -0.038758 
51 -0.042468 
52 0.076924 
53 -0.081509 
54 0.022861 
55 0.037112 
56 -0.150422 
57 0.103241 
58 -0.127662 
59 0.061236 
60 -0.055399 
61 0.089701 
62 -0.052357 
63 0.017275 
64 0.001086 
65 -0.034737 
66 0.068914 
67 -0.054765 
68 0.086096 
69 -0.001064 
70 -0.015675 
71 -0.005856 
72 0.025816 
73 -0.134028 
74 0.106885 
75 -0.023390 
76 -0.103336 
77 0.156174 
78 -0.138840 
79 0.050058 
80 -0.070326 
81 0.036797 
82 -0.052137 
83 0.048272 
84 -0.027786 
85 -0.008879 
86 0.060570 
87 -0.121823 
88 0.161549 
89 -0.137619 
90 0.139426 
91 -0.027425 
92 0.035392 
93 0.010728 
94 0.014689 
95 0.033278 
96 -0.046306 
97 0.033301 
98 0.029789 
99 -0.070827 
100 0.058401 
101 -0.101903 
102 0.032107 
103 -0.036466 
104 -0.029508 
105 0.006089 
106 -0.010694 
107 0.009829 
108 -0.014703 
109 0.011609 
110 -0.019426 
111 0.012725 
112 -0.001846 
113 -0.020830 
114 0.047016 
115 -0.023727 
116 0.035281 
117 0.037620 
118 -0.064626 
119 0.098292 
120 -0.101525 
121 0.050480 
122 -0.054026 
123 0.055704 
124 -0.055176 
125 0.037729 
126 -0.011856 
127 -0.001226 
128 -0.023885 
129 -0.000368 
130 -0.030828 
131 -0.028455 
132 0.052760 
133 -0.079553 
134 0.104639 
135 -0.121262 
136 0.122288 
137 -0.064273 
138 0.018996 
139 0.086248 
140 -0.054441 
141 0.083919 
142 -0.099870 
143 0.120731 
144 -0.159081 
145 0.118409 
146 -0.063287 
147 -0.005677 
148 0.037152 
149 -0.011245 
150 -0.044589 
151 0.052533 
152 -0.063151 
153 0.047197 
154 -0.006370 
155 -0.020876 
156 0.034420 
157 0.018712 
158 -0.039215 
159 0.005976 
160 0.077925 
161 -0.089074 
162 0.099585 
163 -0.031922 
164 0.002421 
165 0.018593 
166 -0.026416 
167 0.045440 
168 -0.070710 
169 0.118006 
170 -0.130777 
171 0.072202 
172 -0.066530 
173 -0.021450 
174 0.041171 
175 -0.067057 
176 0.067220 
177 -0.037193 
178 0.027303 
179 -0.017053 
180 0.024703 
181 0.002191 
182 0.054014 
183 -0.057467 
184 0.140897 
185 -0.080842 
186 0.006950 
187 0.073490 
188 -0.100148 
189 -0.001139 
190 0.029053 
191 -0.028214 
192 -0.045035 
193 0.077490 
194 -0.036545 
195 -0.045541 
196 0.055914 
197 -0.051420 
198 0.011947 
199 0.008471 
200 0.004844 
201 0.018863 
202 -0.040174 
203 0.067230 
204 -0.054795 
205 0.006034 
206 0.071742 
207 -0.097509 
208 0.120107 
209 -0.050551 
210 0.004570 
211 0.024304 
212 -0.075822 
213 0.040754 
214 -0.044045 
215 0.060143 
216 -0.111124 
217 0.141182 
218 -0.103936 
219 -0.013826 
220 0.088594 
221 -0.140076 
222 0.113778 
223 -0.050965 
224 0.038758 
225 0.001876 
226 0.049351 
227 -0.025738 
228 0.022753 
229 0.009465 
230 -0.005721 
231 0.040159 
232 -0.011158 
233 0.038732 
234 -0.055738 
235 0.046337 
236 -0.071788 
237 0.038222 
238 -0.083528 
239 0.085633 
240 -0.014112 
241 -0.020631 
242 0.069770 
243 -0.060364 
244 -0.024233 
245 0.013504 
246 -0.009777 
247 -0.012164 
248 0.076335 
249 -0.002918 
250 -0.041814 
251 0.081670 
252 -0.098423 
253 0.030821 
254 0.026519 
255 -0.045456 
256 0.142733 
257 -0.106639 
258 0.014451 
259 0.051250 
260 -0.146622 
261 0.087815 
262 -0.067389 
263 0.055156 
264 -0.044524 
265 0.021764 
266 -0.024331 
267 -0.056605 
268 0.048435 
269 -0.053699 
270 0.113715 
271 -0.076144 
272 0.108818 
273 -0.012515 
274 -0.023718 
275 0.052015 
276 -0.012278 
277 0.014573 
278 -0.009544 
279 0.038482 
280 -0.045611 
281 -0.019015 
282 0.054826 
283 -0.101013 
284 0.046343 
285 0.017112 
286 -0.055224 
287 0.025334 
288 0.010562 
289 -0.064654 
290 0.067297 
291 -0.064370 
292 0.072200 
293 -0.054481 
294 0.046571 
295 -0.025518 
296 0.029240 
297 -0.005226 
298 0.006238 
299 0.015013 
300 -0.047508 
301 0.051250 
302 -0.043733 
303 -0.026485 
304 0.015181 
305 -0.036583 
306 -0.037678 
307 -0.012050 
308 -0.026214 
309 -0.016766 
310 -0.011272 
311 0.005426 
312 -0.001847 
313 -0.035533 
314 0.101361 
315 -0.093467 
316 0.122510 
317 -0.030987 
318 0.050220 
319 0.045634 
320 -0.037036 
321 0.098941 
322 -0.100550 
323 0.084171 
324 -0.084838 
325 0.055602 
326 -0.047953 
327 0.036024 
328 -0.031471 
329 -0.029953 
330 0.029956 
331 -0.060298 
332 -0.000686 
333 0.004226 
334 -0.009883 
335 0.038617 
336 -0.022842 
337 0.045081 
338 0.001906 
339 -0.031573 
340 0.101012 
341 -0.085504 
342 0.089446 
343 0.011183 
344 -0.049235 
345 0.043896 
346 -0.047274 
347 0.031281 
348 -0.075881 
349 0.071487 
350 -0.036275 
351 0.000805 
352 -0.053076 
353 -0.019535 
354 -0.066925 
355 -0.014349 
356 0.052475 
357 -0.049545 
358 0.097616 
359 -0.007784 
360 0.022567 
361 -0.003499 
362 0.035934 
363 -0.013437 
364 0.065266 
365 -0.021012 
366 0.052590 
367 0.011479 
368 -0.040642 
369 0.017139 
370 -0.019441 
371 -0.026541 
372 0.014896 
373 -0.049199 
374 0.037098 
375 -0.125270 
376 0.111417 
377 -0.118467 
378 0.056767 
379 0.013436 
380 -0.007319 
381 0.022037 
382 -0.000991 
383 0.031431 
384 -0.016367 
385 0.048711 
386 -0.012447 
387 0.013095 
388 0.066553 
389 -0.083845 
390 0.100683 
391 -0.056201 
392 -0.004044 
393 0.027344 
394 -0.088756 
395 0.037438 
396 -0.072957 
397 0.023500 
398 -0.057118 
399 -0.023973 
400 0.035176 
401 -0.044849 
402 0.020259 
403 0.003707 
404 0.065103 
405 -0.022713 
406 0.098077 
407 -0.001628 
408 0.026898 
409 0.049104 
410 -0.039819 
411 0.066691 
412 -0.070657 
413 0.078692 
414 -0.103891 
415 0.081498 
416 -0.082777 
417 0.006616 
418 -0.019356 
419 -0.040247 
420 -0.052278 
421 0.020635 
422 -0.039407 
423 -0.048174 
424 0.107883 
425 -0.067433 
426 0.045488 
427 0.056105 
428 -0.054785 
429 0.066680 
430 -0.015705 
431 0.038573 
432 0.026599 
433 0.014871 
434 0.039929 
435 -0.010820 
436 -0.012181 
437 -0.013665 
438 -0.000092 
439 -0.082656 
440 0.019953 
441 -0.022103 
442 -0.084038 
443 0.071836 
444 -0.115394 
445 0.069853 
446 -0.016404 
447 -0.022555 
448 0.100473 
449 -0.077132 
450 0.148345 
451 -0.088855 
452 0.095922 
453 0.004576 
454 0.012344 
455 0.038705 
456 -0.009888 
457 0.054316 
458 -0.065979 
459 0.039616 
460 -0.064420 
461 0.003214 
462 0.009575 
463 -0.063522 
464 0.060621 
465 -0.069921 
466 0.062830 
467 -0.080876 
468 0.057798 
469 -0.066221 
470 0.064281 
471 -0.017979 
472 0.047331 
473 0.008002 
474 0.041310 
475 -0.009177 
476 0.018409 
477 0.069698 
478 -0.084222 
479 0.124268 
480 -0.053339 
481 -0.013869 
482 0.001246 
483 -0.038500 
484 -0.035574 
485 -0.051917 
486 0.003465 
487 -0.040827 
488 -0.032932 
489 0.011355 
490 -0.015274 
491 0.014014 
492 0.013530 
493 0.039128 
494 -0.027742 
495 0.048635 
496 0.030075 
497 -0.085053 
498 0.127127 
499 -0.059664 
500 0.023417 
501 0.031538 
502 -0.047944 
503 0.030345 
504 -0.096235 
505 0.066290 
506 -0.091421 
507 0.043677 
508 -0.017271 
509 -0.010982 
510 -0.018011 
511 0.012409 
512 -0.012945 
513 0.011759 
514 0.020644 
515 0.021366 
516 -0.007267 
517 0.024266 
518 0.011354 
519 0.018094 
520 0.000203 
521 0.062920 
522 -0.017534 
523 -0.009724 
524 0.026326 
525 -0.014008 
526 -0.038532 
527 0.054559 
528 -0.094749 
529 0.054935 
530 -0.088637 
531 -0.025570 
532 0.025015 
533 -0.088754 
534 0.052904 
535 0.011142 
536 -0.022879 
537 0.052190 
538 0.001554 
539 -0.035883 
540 0.037575 
541 0.020676 
542 -0.001789 
543 0.015920 
544 0.061730 
545 -0.077874 
546 0.037830 
547 -0.047479 
548 0.012051 
549 -0.010959 
550 -0.018681 
551 0.045523 
552 -0.056385 
553 0.025760 
554 -0.025243 
555 -0.057054 
556 0.079992 
557 -0.071331 
558 0.111135 
559 -0.033688 
560 0.048647 
561 -0.022221 
562 0.021136 
563 -0.010558 
564 0.018674 
565 0.028877 
566 0.053663 
567 0.002696 
568 0.011786 
569 -0.015198 
570 -0.050728 
571 0.004918 
572 -0.033361 
573 0.022713 
574 -0.008822 
575 0.027908 
576 -0.090330 
577 0.055461 
578 -0.096929 
579 -0.002188 
580 0.087060 
581 -0.076095 
582 0.130078 
583 -0.027897 
584 -0.002016 
585 0.015913 
586 -0.020473 
587 0.039201 
588 -0.055977 
589 0.095954 
590 -0.056906 
591 0.017702 
592 -0.057517 
593 0.023355 
594 -0.066460 
595 0.023963 
596 -0.014913 
597 0.020418 
598 -0.039298 
599 0.043642 
600 -0.034687 
601 0.018986 
602 0.002740 
603 0.044136 
604 -0.027543 
605 0.019999 
606 0.030577 
607 -0.023023 
608 0.016583 
609 0.022502 
610 -0.037708 
611 0.055218 
612 -0.050189 
613 0.051159 
614 -0.025069 
615 -0.002262 
616 0.024377 
617 -0.063879 
618 -0.008472 
619 -0.016337 
620 -0.065921 
621 0.034995 
622 -0.018058 
623 0.024011 
624 0.042156 
625 -0.017587 
626 0.008050 
627 0.018610 
628 0.018176 
629 -0.031057 
630 0.129995 
631 -0.090568 
632 0.097520 
633 -0.032908 
634 -0.048750 
635 0.041985 
636 -0.052264 
637 0.014335 
638 -0.004445 
639 -0.016626 
640 0.026191 
641 -0.086837 
642 0.059374 
643 -0.072493 
644 0.038042 
645 0.020056 
646 -0.011371 
647 0.025739 
648 0.038714 
649 -0.044500 
650 0.028720 
651 -0.010475 
652 -0.000746 
653 0.009753 
654 0.027381 
655 -0.002805 
656 -0.007098 
657 0.006517 
658 -0.032840 
659 0.010429 
660 -0.032269 
661 0.059936 
662 -0.061821 
663 0.027880 
664 0.000903 
665 -0.060258 
666 0.017078 
667 0.027691 
668 -0.048137 
669 0.112520 
670 -0.059702 
671 0.059206 
672 -0.000040 
673 -0.037763 
674 0.063154 
675 -0.045188 
676 0.055651 
677 -0.004566 
678 0.022374 
679 -0.039052 
680 -0.016427 
681 -0.002289 
682 -0.070809 
683 0.085151 
684 -0.092799 
685 0.106534 
686 -0.102718 
687 0.051838 
688 -0.036001 
689 0.005802 
690 0.046887 
691 -0.036035 
692 0.031112 
693 0.030720 
694 -0.052413 
695 0.032353 
696 -0.033590 
697 0.026949 
698 -0.021103 
699 0.031552 
700 0.008639 
701 -0.024609 
702 0.022856 
703 -0.034689 
704 -0.042688 
705 0.038915 
706 -0.048343 
707 0.016323 
708 0.005927 
709 -0.000756 
710 0.000643 
711 0.018824 
712 -0.019342 
713 0.013772 
714 0.054905 
715 -0.067657 
716 0.108311 
717 -0.054106 
718 0.031816 
719 0.008598 
720 -0.016473 
721 -0.002252 
722 0.005730 
723 -0.028769 
724 0.054600 
725 -0.115095 
726 0.045123 
727 -0.026022 
728 -0.093664 
729 0.078127 
730 -0.056512 
731 0.015214 
732 0.035566 
733 -0.015017 
734 0.015405 
735 0.018065 
736 0.015108 
737 -0.049199 
738 0.088285 
739 -0.091806 
740 0.086490 
741 -0.089074 
742 0.070535 
743 -0.010702 
744 -0.020023 
745 0.090887 
746 -0.075266 
747 0.036125 
748 0.013311 
749 -0.061302 
750 0.015619 
751 0.034617 
752 -0.052251 
753 0.034370 
754 0.021564 
755 -0.001425 
756 0.000186 
757 0.051078 
758 0.011651 
759 0.027072 
760 -0.004129 
761 0.071680 
762 -0.100637 
763 0.070016 
764 -0.014233 
765 -0.020045 
766 0.049144 
767 -0.051780 
768 0.029523 
769 -0.013909 
770 -0.079895 
771 0.028687 
772 -0.041695 
773 -0.024863 
774 0.039701 
775 0.014717 
776 -0.025568 
777 0.075963 
778 -0.087087 
779 0.085349 
780 -0.078229 
781 0.064095 
782 -0.027833 
783 0.007096 
784 0.008672 
785 -0.010418 
786 -0.024848 
787 -0.013739 
788 0.022744 
789 -0.026154 
790 -0.011518 
791 0.032081 
792 -0.038179 
793 0.009019 
794 -0.040693 
795 0.037151 
796 -0.027942 
797 0.015790 
798 0.095171 
799 -0.087366 
800 0.141030 
801 -0.053426 
802 0.052578 
803 0.014343 
804 0.011285 
805 -0.003367 
806 0.029218 
807 -0.043668 
808 0.049765 
809 -0.119554 
810 0.090153 
811 -0.109220 
812 -0.009097 
813 0.008795 
814 -0.052069 
815 -0.064413 
816 0.064715 
817 -0.072906 
818 0.018546 
819 0.065829 
820 -0.039366 
821 0.041055 
822 0.063669 
823 -0.052236 
824 0.114480 
825 -0.047959 
826 0.042051 
827 0.007133 
828 -0.092212 
829 0.045801 
830 -0.001425 
831 -0.070903 
832 0.086846 
833 -0.057242 
834 -0.008292 
835 -0.041845 
836 -0.040383 
837 0.011682 
838 -0.062064 
839 0.078786 
840 -0.016145 
841 0.046776 
842 -0.009397 
843 0.050693 
844 -0.063834 
845 0.061940 
846 0.080024 
847 -0.030754 
848 0.126449 
849 -0.050378 
850 0.058776 
851 -0.042059 
852 -0.004898 
853 0.016724 
854 -0.029581 
855 0.015993 
856 -0.055808 
857 -0.058488 
858 -0.017302 
859 -0.019234 
860 -0.038079 
861 0.068120 
862 -0.036059 
863 0.067468 
864 -0.020090 
865 0.046334 
866 -0.038269 
867 0.091399 
868 -0.003517 
869 0.057581 
870 0.028631 
871 -0.022810 
872 0.042931 
873 -0.089529 
874 0.020573 
875 -0.008303 
876 -0.036338 
877 0.007345 
878 -0.031730 
879 -0.030070 
880 -0.022273 
881 -0.066005 
882 0.092480 
883 -0.124659 
884 0.119773 
885 -0.025263 
886 0.007321 
887 0.010785 
888 0.018743 
889 0.008378 
890 -0.013992 
891 0.056332 
892 0.034275 
893 -0.030538 
894 0.058746 
895 -0.007822 
896 -0.048752 
897 -0.007660 
898 0.005667 
899 -0.061944 
900 0.027984 
901 -0.038092 
902 -0.018871 
903 -0.082200 
904 0.036653 
905 -0.087961 
906 0.028121 
907 0.057269 
908 0.011675 
909 0.063235 
910 0.030659 
911 0.013944 
912 -0.087836 
913 0.112543 
914 -0.070255 
915 0.075243 
916 0.051108 
917 -0.000742 
918 -0.008771 
919 -0.035502 
920 0.012586 
921 -0.119228 
922 0.031656 
923 -0.012083 
924 -0.066413 
925 0.013148 
926 -0.051705 
927 0.004182 
928 -0.000038 
929 0.048456 
930 0.026882 
931 -0.008221 
932 0.023605 
933 -0.002705 
934 0.010089 
935 -0.041198 
936 0.025748 
937 0.035299 
938 -0.054173 
939 0.086547 
940 -0.001102 
941 -0.010614 
942 0.069990 
943 -0.083615 
944 0.023011 
945 -0.074804 
946 -0.020417 
947 -0.051154 
948 0.019052 
949 0.014527 
950 0.000544 
951 0.065238 
952 -0.078950 
953 0.129876 
954 -0.057576 
955 0.059069 
956 0.044789 
957 -0.002636 
958 0.029153 
959 -0.014907 
960 -0.003146 
961 -0.012073 
962 -0.075808 
963 0.045243 
964 -0.023877 
965 -0.051335 
966 0.110704 
967 -0.122295 
968 0.047664 
969 -0.077791 
970 0.030177 
971 0.031714 
972 0.004803 
973 0.117371 
974 -0.041461 
975 0.105416 
976 -0.066455 
977 -0.031612 
978 0.090853 
979 -0.061908 
980 0.096371 
981 -0.000873 
982 0.080990 
983 -0.061636 
984 0.083995 
985 -0.106493 
986 -0.000596 
987 -0.004300 
988 -0.021879 
989 0.002375 
990 -0.052826 
991 0.015772 
992 -0.070880 
993 -0.005758 
994 0.031287 
995 0.066639 
996 -0.045881 
997 0.069119 
998 -0.049654 
999 -0.004608 
1000 -0.050648 
1001 0.116428 
1002 -0.020934 
1003 -0.011104 
1004 0.138123 
1005 -0.112561 
1006 -0.081423 
1007 0.129094 
1008 -0.075716 
1009 -0.154781 
1010 0.120085 
1011 -0.001218 
1012 -0.106138 
1013 0.081601 
1014 -0.019843 
1015 0.003624 
1016 0.102104 
1017 -0.031051 
1018 0.057801 
1019 0.021806 
1020 -0.031515 
1021 -0.055810 
1022 0.215354 
1023 0.491744 
