0 -0.105820 
1 0.061719 
2 0.038117 
3 -0.081830 
4 0.141610 
5 0.042042 
6 -0.532138 
7 -0.081954 
8 -0.094393 
9 0.434607 
10 0.227917 
11 0.156729 
12 0.260064 
13 -0.074577 
14 0.017014 
15 -0.445439 
16 0.241691 
17 -0.424388 
18 0.329230 
19 0.385580 
20 0.393874 
21 0.685316 
22 -0.072065 
23 -0.514421 
24 0.000209 
25 -0.124388 
26 0.326641 
27 0.375265 
28 0.575919 
29 0.372812 
30 -0.228315 
31 0.293771 
32 -0.107587 
33 -0.015576 
34 0.194702 
35 0.569286 
36 0.699688 
37 -0.106470 
38 0.540459 
39 -0.175919 
40 -0.388014 
41 0.576156 
42 0.533394 
43 0.412949 
44 0.624657 
45 0.345026 
46 0.104544 
47 0.069491 
48 0.110466 
49 0.318987 
50 0.257889 
51 0.541759 
52 0.485961 
53 0.727043 
54 0.377512 
55 0.389474 
56 -0.137467 
57 -0.031018 
58 0.264538 
59 0.769758 
60 0.994233 
61 0.567488 
62 0.297459 
63 0.001027 
64 0.256253 
65 0.061832 
66 0.533944 
67 0.519861 
68 0.929112 
69 0.377319 
70 0.731658 
71 0.293439 
72 0.119762 
73 0.403290 
74 0.290805 
75 0.514659 
76 0.944323 
77 0.326657 
78 0.617209 
79 0.133489 
80 -0.004152 
81 0.772925 
82 0.599502 
83 1.005974 
84 0.731961 
85 0.619743 
86 0.340417 
87 -0.116898 
88 0.377608 
89 0.108824 
90 0.711552 
91 0.694728 
92 0.889735 
93 0.885815 
94 0.505294 
95 0.237983 
96 0.297987 
97 0.511949 
98 0.695306 
99 0.570956 
100 1.009335 
101 0.519330 
102 0.212587 
103 0.710660 
104 0.076714 
105 0.877770 
106 0.618899 
107 0.545203 
108 0.697568 
109 0.645684 
110 0.667724 
111 0.204226 
112 0.333229 
113 0.457495 
114 0.890987 
115 0.411785 
116 0.828147 
117 0.739631 
118 0.593156 
119 0.159492 
120 0.536889 
121 0.482835 
122 0.751747 
123 0.595897 
124 0.126235 
125 0.732694 
126 0.610327 
127 0.388332 
128 0.753577 
129 1.025737 
130 0.345321 
131 0.215809 
132 0.466328 
133 0.340127 
134 0.291669 
135 0.558884 
136 0.790552 
137 0.847090 
138 0.998742 
139 0.084893 
140 0.454526 
141 -0.021746 
142 0.437804 
143 0.261731 
144 0.680569 
145 1.019508 
146 0.842974 
147 0.421009 
148 0.175527 
149 0.303320 
150 0.180065 
151 0.068115 
152 0.745468 
153 1.118655 
154 0.601384 
155 0.601672 
156 0.116882 
157 0.266900 
158 0.025068 
159 0.069379 
160 0.640454 
161 0.886721 
162 1.039807 
163 0.173501 
164 0.526683 
165 0.250107 
166 -0.074152 
167 -0.124394 
168 0.359274 
169 0.745980 
170 0.985254 
171 0.446645 
172 0.786648 
173 0.271707 
174 -0.589279 
175 -0.133564 
176 0.396114 
177 0.561125 
178 0.772696 
179 0.646667 
180 0.402068 
181 0.441104 
182 -0.201193 
183 -0.101863 
184 0.395355 
185 0.167349 
186 0.452366 
187 0.445770 
188 0.709253 
189 0.112331 
190 0.327020 
191 -0.295557 
192 0.093105 
193 0.180298 
194 0.437821 
195 0.564457 
196 0.320786 
197 0.232339 
198 0.101335 
199 -0.194057 
200 0.187477 
201 0.535273 
202 0.148110 
203 0.037739 
204 0.329440 
205 0.154581 
206 -0.101882 
207 0.339960 
208 0.101926 
209 0.183555 
210 0.652204 
211 -0.152632 
212 0.043979 
213 0.123313 
214 -0.214615 
215 -0.082505 
216 0.587165 
217 0.457812 
218 0.229081 
219 0.035557 
220 -0.027713 
221 -0.123179 
222 -0.147648 
223 0.108877 
224 0.301067 
225 0.349273 
226 -0.053842 
227 0.295965 
228 -0.067666 
229 -0.015573 
230 0.133217 
231 -0.306301 
232 0.224528 
233 0.415323 
234 0.263669 
235 -0.362955 
236 -0.094967 
237 -0.133063 
238 0.008236 
239 0.011196 
240 0.690897 
241 0.096466 
242 -0.089524 
243 -0.499869 
244 -0.097701 
245 0.057529 
246 -0.088881 
247 0.081916 
248 0.388999 
249 0.210257 
250 -0.180099 
251 -0.470290 
252 -0.118554 
253 -0.248934 
254 -0.142633 
255 0.337379 
256 0.330245 
257 0.581415 
258 -0.500341 
259 -0.688275 
260 -0.017756 
261 -0.648605 
262 0.271111 
263 0.169122 
264 0.367805 
265 0.192588 
266 -0.292825 
267 -0.454609 
268 -0.302022 
269 -0.277143 
270 -0.390710 
271 0.311035 
272 0.486920 
273 0.297549 
274 -0.162037 
275 -0.643205 
276 -0.913777 
277 -0.060440 
278 -0.138988 
279 0.247097 
280 0.573671 
281 -0.024727 
282 -0.056923 
283 -0.565536 
284 -0.428229 
285 -0.441971 
286 -0.313478 
287 -0.357748 
288 0.439454 
289 0.425086 
290 0.169100 
291 -0.217566 
292 -0.409645 
293 -0.975931 
294 -0.411935 
295 -0.345893 
296 0.058060 
297 0.490715 
298 -0.056564 
299 -0.000403 
300 -0.256356 
301 -0.281436 
302 -0.419318 
303 -0.672980 
304 -0.323314 
305 -0.165180 
306 0.019840 
307 0.073490 
308 -0.052528 
309 -0.409336 
310 -0.181729 
311 -0.464760 
312 0.004452 
313 -0.420921 
314 -0.391760 
315 -0.444351 
316 -0.260183 
317 0.048942 
318 -0.242491 
319 0.023886 
320 -0.436054 
321 -0.455468 
322 -0.251092 
323 -0.474712 
324 -0.228425 
325 -0.234732 
326 -0.552107 
327 -0.149142 
328 -0.018389 
329 -0.125381 
330 -0.286581 
331 -0.571535 
332 -0.521900 
333 -0.539585 
334 -0.093331 
335 -0.109993 
336 -0.105629 
337 -0.572861 
338 -0.441779 
339 -0.507865 
340 -0.385290 
341 -0.109980 
342 -0.300805 
343 -0.423025 
344 -0.015149 
345 -0.530444 
346 -0.524803 
347 -0.328437 
348 -0.811111 
349 -0.362589 
350 -0.098315 
351 -0.079199 
352 -0.187959 
353 -0.529276 
354 -0.621205 
355 -0.807553 
356 -0.302735 
357 -0.238768 
358 -0.159706 
359 -0.369198 
360 -0.446411 
361 -0.656599 
362 -0.329372 
363 -0.735371 
364 -0.268700 
365 -0.468195 
366 -0.329501 
367 -0.109751 
368 -0.430521 
369 -0.630692 
370 -0.955006 
371 -0.642195 
372 -0.512555 
373 0.134053 
374 0.037112 
375 -0.343823 
376 -0.776612 
377 -1.037521 
378 -0.906344 
379 -0.471280 
380 -0.311353 
381 -0.044583 
382 -0.127159 
383 -0.622279 
384 -0.213120 
385 -0.781580 
386 -1.043720 
387 -1.062786 
388 -0.571779 
389 -0.147900 
390 0.116336 
391 0.188353 
392 -0.471383 
393 -1.219741 
394 -1.064949 
395 -1.033049 
396 -0.539828 
397 -0.045193 
398 -0.076137 
399 -0.245611 
400 -0.386848 
401 -0.669433 
402 -0.923789 
403 -0.994155 
404 -0.679642 
405 -0.714456 
406 -0.009781 
407 -0.090421 
408 -0.222178 
409 -0.707039 
410 -0.940495 
411 -0.899949 
412 -0.523332 
413 -0.526177 
414 -0.127840 
415 -0.723398 
416 -0.620611 
417 -0.394002 
418 -0.534634 
419 -0.362385 
420 -0.830097 
421 -0.669782 
422 -0.641605 
423 -0.394265 
424 -0.480186 
425 -0.469021 
426 -0.395687 
427 -0.998831 
428 -0.617862 
429 -0.160770 
430 -0.539121 
431 -0.546329 
432 -0.697842 
433 -0.896548 
434 -0.358523 
435 -0.464083 
436 -0.377247 
437 -0.639041 
438 -0.426901 
439 -0.774417 
440 -0.662318 
441 -0.312177 
442 -0.645117 
443 -0.461754 
444 -0.696628 
445 -0.468531 
446 -0.169227 
447 -0.573568 
448 -0.945005 
449 -0.672366 
450 -0.614304 
451 -0.319736 
452 -0.255331 
453 -0.326830 
454 -0.315204 
455 -1.082294 
456 -0.568107 
457 -0.689081 
458 -0.267510 
459 -0.546170 
460 -0.438322 
461 -0.325666 
462 -0.219884 
463 -0.406141 
464 -0.618330 
465 -0.907449 
466 -0.693634 
467 -0.539501 
468 -0.100176 
469 -0.086628 
470 -0.350386 
471 -0.564350 
472 -0.851228 
473 -0.322094 
474 -0.398789 
475 -0.301936 
476 -0.288520 
477 -0.802059 
478 -0.261828 
479 -0.366848 
480 -0.585535 
481 -0.383274 
482 -0.412631 
483 -0.562665 
484 -0.094245 
485 -0.060350 
486 -0.123355 
487 -0.536539 
488 -0.914186 
489 -0.926680 
490 -0.266145 
491 0.257472 
492 -0.227844 
493 0.150400 
494 -0.488766 
495 -0.551053 
496 -0.608865 
497 -0.729515 
498 -0.173385 
499 -0.423000 
500 -0.260582 
501 0.383021 
502 0.100529 
503 -0.637946 
504 -0.678137 
505 -0.743093 
506 -0.469405 
507 -0.034376 
508 0.449918 
509 -0.189187 
510 -0.073615 
511 -0.677726 
512 -0.666049 
513 -0.343657 
514 -0.252641 
515 -0.266927 
516 0.007780 
517 -0.016461 
518 0.199461 
519 -0.156358 
520 -0.740738 
521 -0.469957 
522 -0.495952 
523 -0.301281 
524 0.012311 
525 0.456324 
526 0.017173 
527 -0.559529 
528 -0.231826 
529 -0.510603 
530 0.135552 
531 -0.216210 
532 -0.344473 
533 -0.188021 
534 -0.141874 
535 -0.098305 
536 0.016273 
537 -0.062450 
538 -0.162407 
539 -0.370372 
540 -0.131619 
541 0.091016 
542 -0.271437 
543 -0.337305 
544 -0.328209 
545 0.131732 
546 0.139142 
547 0.004161 
548 0.048964 
549 -0.339051 
550 -0.693237 
551 -0.283326 
552 0.092662 
553 0.159453 
554 0.209380 
555 -0.240473 
556 -0.041744 
557 -0.126527 
558 -0.325825 
559 -0.366139 
560 0.084078 
561 -0.331856 
562 0.059770 
563 0.514214 
564 -0.171654 
565 -0.009028 
566 -0.425179 
567 -0.761263 
568 -0.069474 
569 0.431783 
570 0.090551 
571 0.087848 
572 -0.057254 
573 -0.370404 
574 0.008966 
575 -0.265918 
576 -0.214553 
577 -0.033000 
578 0.156940 
579 -0.222684 
580 0.474917 
581 -0.140443 
582 -0.349236 
583 -0.200650 
584 -0.507149 
585 0.208752 
586 0.418327 
587 -0.005850 
588 0.070980 
589 -0.172692 
590 -0.413441 
591 -0.142848 
592 -0.079633 
593 0.086757 
594 -0.131956 
595 0.194045 
596 -0.028347 
597 0.117293 
598 -0.043196 
599 -0.565932 
600 -0.083813 
601 -0.230000 
602 0.223082 
603 0.419066 
604 -0.082140 
605 -0.309932 
606 -0.174190 
607 -0.352430 
608 0.009533 
609 0.190724 
610 0.040258 
611 -0.273274 
612 0.078775 
613 -0.062427 
614 -0.211461 
615 -0.138689 
616 -0.387059 
617 -0.223036 
618 0.302455 
619 0.161564 
620 0.119355 
621 -0.010189 
622 -0.472704 
623 -0.624842 
624 -0.221132 
625 0.013137 
626 0.170979 
627 0.146240 
628 0.028737 
629 -0.322191 
630 -0.097004 
631 -0.667794 
632 -0.023704 
633 -0.179700 
634 -0.389970 
635 0.451059 
636 0.081266 
637 -0.253812 
638 -0.225072 
639 -0.501045 
640 -0.534971 
641 0.023689 
642 0.020160 
643 0.019283 
644 -0.089604 
645 -0.235351 
646 -0.512118 
647 -0.011364 
648 -0.209716 
649 -0.543085 
650 0.028493 
651 -0.330307 
652 0.058736 
653 0.066723 
654 -0.586016 
655 -0.342462 
656 -0.325223 
657 -0.387039 
658 0.024551 
659 0.088224 
660 -0.103766 
661 -0.625302 
662 -0.429001 
663 -0.410222 
664 -0.079180 
665 0.030798 
666 -0.478445 
667 -0.038255 
668 -0.549045 
669 -0.434123 
670 0.023736 
671 -0.438616 
672 -0.183416 
673 -0.437686 
674 -0.446242 
675 -0.165825 
676 0.080978 
677 -0.708229 
678 -0.580857 
679 -0.159425 
680 -0.270434 
681 -0.326369 
682 0.138567 
683 -0.759014 
684 -0.627882 
685 -0.516971 
686 -0.652503 
687 0.086517 
688 -0.049743 
689 -0.373158 
690 -0.209376 
691 -0.610456 
692 -0.797253 
693 -0.419055 
694 -0.661091 
695 -0.569248 
696 -0.046593 
697 0.001254 
698 -0.354527 
699 -0.357366 
700 -0.642690 
701 -1.103671 
702 -0.498200 
703 -0.500612 
704 -0.218065 
705 -0.272191 
706 -0.445325 
707 -0.462708 
708 -0.623949 
709 -0.495185 
710 -0.578816 
711 -0.617707 
712 -0.805509 
713 -0.406674 
714 -0.222492 
715 -0.510641 
716 -0.683902 
717 -0.555213 
718 -1.018100 
719 -0.371561 
720 -0.068848 
721 -0.663722 
722 -0.305320 
723 -0.865282 
724 -1.103845 
725 -0.753521 
726 -0.501697 
727 -0.526902 
728 -0.330643 
729 -0.576298 
730 -0.531264 
731 -0.583108 
732 -0.617810 
733 -1.210272 
734 -0.682061 
735 -0.837949 
736 -0.747848 
737 0.028385 
738 -0.516081 
739 -0.639259 
740 -0.787405 
741 -1.132125 
742 -0.824438 
743 -0.504542 
744 -0.798892 
745 -0.770574 
746 -0.372178 
747 -0.907265 
748 -0.553564 
749 -0.557173 
750 -1.114670 
751 -0.754656 
752 -0.726124 
753 -0.847128 
754 -0.173535 
755 -0.790415 
756 -1.243077 
757 -0.784582 
758 -1.082491 
759 -0.581935 
760 -0.409828 
761 -0.454780 
762 -0.742930 
763 -0.865917 
764 -1.010433 
765 -1.147541 
766 -0.775103 
767 -0.886283 
768 -0.808285 
769 -0.444000 
770 -0.605567 
771 -0.561097 
772 -0.719043 
773 -1.586007 
774 -0.867461 
775 -0.771190 
776 -0.645502 
777 -0.609839 
778 -0.754864 
779 -1.071559 
780 -0.964954 
781 -0.916900 
782 -0.567185 
783 -0.675758 
784 -0.913266 
785 -0.970129 
786 -1.099618 
787 -0.748528 
788 -1.091161 
789 -0.887395 
790 -0.769941 
791 -0.821174 
792 -0.337699 
793 -0.858159 
794 -0.992392 
795 -1.342565 
796 -1.279878 
797 -1.210140 
798 -0.508823 
799 -0.309109 
800 -0.767159 
801 -0.804688 
802 -1.124966 
803 -1.426827 
804 -0.770356 
805 -1.212539 
806 -0.976751 
807 -0.496256 
808 -1.108700 
809 -0.460886 
810 -0.686139 
811 -1.256451 
812 -1.279953 
813 -1.230042 
814 -1.142434 
815 -0.449195 
816 -0.332524 
817 -1.020362 
818 -1.154964 
819 -1.182328 
820 -1.325547 
821 -0.732937 
822 -0.783150 
823 -0.804477 
824 -0.484985 
825 -1.394076 
826 -0.979349 
827 -0.797617 
828 -1.474777 
829 -0.891928 
830 -0.966459 
831 -0.534016 
832 -0.450497 
833 -0.838647 
834 -1.173936 
835 -1.543027 
836 -1.110188 
837 -0.963866 
838 -0.629053 
839 -0.502101 
840 -0.742026 
841 -0.972948 
842 -0.956610 
843 -1.254789 
844 -0.759740 
845 -1.316501 
846 -0.988563 
847 -0.698187 
848 -0.632366 
849 -0.739665 
850 -0.433226 
851 -1.068033 
852 -1.553070 
853 -0.834429 
854 -0.719849 
855 -0.849580 
856 -0.581774 
857 -1.076930 
858 -1.276547 
859 -0.562592 
860 -0.883239 
861 -0.404393 
862 -0.745569 
863 -0.989251 
864 -0.967518 
865 -1.054454 
866 -0.939610 
867 -0.875317 
868 -0.826456 
869 -0.822637 
870 -0.499695 
871 -0.062799 
872 -0.996851 
873 -1.116073 
874 -1.016375 
875 -1.548185 
876 -0.641848 
877 -0.575171 
878 -0.360121 
879 -0.472557 
880 -0.993463 
881 -0.728124 
882 -0.850160 
883 -0.748737 
884 -1.090439 
885 -0.940191 
886 -0.663387 
887 -0.653416 
888 -0.375477 
889 -0.776401 
890 -1.106951 
891 -0.603630 
892 -0.999429 
893 -0.528833 
894 0.081322 
895 -1.037772 
896 -0.953560 
897 -1.156722 
898 -0.653816 
899 -0.771174 
900 -0.347206 
901 -0.438388 
902 -0.626354 
903 -0.563844 
904 -0.834536 
905 -0.611392 
906 -0.639533 
907 -1.333727 
908 -0.761694 
909 -0.437587 
910 -0.280825 
911 -0.291920 
912 -0.494450 
913 -0.777699 
914 -0.921756 
915 -0.712660 
916 -0.478891 
917 -0.720705 
918 -0.320673 
919 -0.957838 
920 -0.504682 
921 -0.470926 
922 -0.575737 
923 -0.393540 
924 -0.677600 
925 -0.235644 
926 -0.374623 
927 -0.756636 
928 -0.547399 
929 -0.857155 
930 -1.396643 
931 -0.028700 
932 -0.091386 
933 0.028658 
934 -0.297130 
935 -0.427939 
936 -1.111938 
937 -0.856707 
938 -0.543833 
939 -0.656984 
940 -0.174777 
941 -0.406391 
942 -0.277311 
943 0.102609 
944 -0.233242 
945 -0.703348 
946 -1.076422 
947 -1.104074 
948 -0.123940 
949 -0.293916 
950 0.174197 
951 -0.040466 
952 -0.734070 
953 -0.567615 
954 -1.084785 
955 -0.154662 
956 -0.171298 
957 -0.259502 
958 -0.231907 
959 -0.616050 
960 -0.304630 
961 -0.303797 
962 -0.649728 
963 -0.358728 
964 -0.134038 
965 -0.517162 
966 -0.100442 
967 -0.351701 
968 -0.428582 
969 -0.698865 
970 -0.676858 
971 -0.078626 
972 0.308399 
973 -0.161383 
974 -0.504231 
975 -0.543548 
976 -0.402192 
977 -0.644243 
978 -0.144576 
979 -0.406531 
980 -0.164415 
981 -0.013089 
982 -0.159179 
983 -0.063107 
984 -0.427486 
985 -0.811029 
986 -0.662967 
987 -0.187353 
988 0.220656 
989 -0.376765 
990 0.376003 
991 -0.629068 
992 -0.341388 
993 -0.248951 
994 -0.219076 
995 0.059040 
996 -0.472606 
997 -0.549922 
998 -0.139106 
999 -0.262544 
1000 0.052923 
1001 0.221963 
1002 -0.527684 
1003 -0.325525 
1004 -0.173519 
1005 0.186629 
1006 -0.391193 
1007 -0.047235 
1008 -0.496762 
1009 -0.219934 
1010 0.024032 
1011 -0.077441 
1012 0.205049 
1013 -0.061985 
1014 -0.326418 
1015 -0.129341 
1016 0.072666 
1017 -0.196223 
1018 0.007826 
1019 -0.343339 
1020 -0.191189 
1021 0.042846 
1022 0.054112 
1023 0.075154 
