0 -0.000458 
1 -0.000098 
2 0.000214 
3 0.000289 
4 0.000181 
5 0.000045 
6 -0.000185 
7 -0.000638 
8 -0.001163 
9 -0.001480 
10 -0.001475 
11 -0.001232 
12 -0.000894 
13 -0.000510 
14 -0.000118 
15 0.000126 
16 0.000074 
17 -0.000194 
18 -0.000457 
19 -0.000630 
20 -0.000802 
21 -0.000971 
22 -0.001008 
23 -0.000875 
24 -0.000697 
25 -0.000604 
26 -0.000523 
27 -0.000348 
28 -0.000158 
29 -0.000058 
30 0.000027 
31 0.000069 
32 -0.000141 
33 -0.000608 
34 -0.001057 
35 -0.001273 
36 -0.001308 
37 -0.001199 
38 -0.000855 
39 -0.000340 
40 0.000098 
41 0.000338 
42 0.000429 
43 0.000362 
44 0.000075 
45 -0.000310 
46 -0.000603 
47 -0.000826 
48 -0.001069 
49 -0.001229 
50 -0.001144 
51 -0.000859 
52 -0.000489 
53 -0.000114 
54 0.000183 
55 0.000302 
56 0.000290 
57 0.000280 
58 0.000170 
59 -0.000202 
60 -0.000598 
61 -0.000693 
62 -0.000629 
63 -0.000650 
64 -0.000634 
65 -0.000314 
66 0.000142 
67 0.000481 
68 0.000746 
69 0.001015 
70 0.001054 
71 0.000658 
72 0.000042 
73 -0.000427 
74 -0.000737 
75 -0.000924 
76 -0.000815 
77 -0.000363 
78 0.000185 
79 0.000727 
80 0.001269 
81 0.001653 
82 0.001744 
83 0.001659 
84 0.001479 
85 0.001055 
86 0.000336 
87 -0.000342 
88 -0.000612 
89 -0.000617 
90 -0.000611 
91 -0.000429 
92 0.000276 
93 0.001206 
94 0.001874 
95 0.002267 
96 0.002428 
97 0.002218 
98 0.001665 
99 0.001052 
100 0.000545 
101 0.000189 
102 0.000131 
103 0.000535 
104 0.001255 
105 0.001950 
106 0.002523 
107 0.002874 
108 0.002636 
109 0.001840 
110 0.001147 
111 0.000983 
112 0.001089 
113 0.001154 
114 0.001406 
115 0.002002 
116 0.002623 
117 0.002861 
118 0.002694 
119 0.002416 
120 0.002233 
121 0.002149 
122 0.002118 
123 0.002089 
124 0.001954 
125 0.001626 
126 0.001238 
127 0.000948 
128 0.000795 
129 0.000765 
130 0.000965 
131 0.001434 
132 0.001972 
133 0.002384 
134 0.002721 
135 0.002971 
136 0.002939 
137 0.002716 
138 0.002530 
139 0.002224 
140 0.001433 
141 0.000467 
142 -0.000030 
143 0.000038 
144 0.000493 
145 0.001196 
146 0.002233 
147 0.003444 
148 0.004539 
149 0.005222 
150 0.005236 
151 0.004384 
152 0.002736 
153 0.000765 
154 -0.000856 
155 -0.001793 
156 -0.001965 
157 -0.001449 
158 -0.000285 
159 0.001383 
160 0.003241 
161 0.004670 
162 0.005000 
163 0.004056 
164 0.002306 
165 0.000350 
166 -0.001502 
167 -0.002963 
168 -0.003623 
169 -0.003227 
170 -0.002026 
171 -0.000455 
172 0.001345 
173 0.003118 
174 0.004218 
175 0.004182 
176 0.003199 
177 0.001715 
178 -0.000270 
179 -0.002511 
180 -0.004174 
181 -0.004791 
182 -0.004615 
183 -0.003752 
184 -0.002200 
185 -0.000413 
186 0.000969 
187 0.001897 
188 0.002454 
189 0.002345 
190 0.001271 
191 -0.000628 
192 -0.002851 
193 -0.004871 
194 -0.006277 
195 -0.006699 
196 -0.005923 
197 -0.003913 
198 -0.000978 
199 0.001848 
200 0.003469 
201 0.003446 
202 0.001915 
203 -0.000606 
204 -0.003515 
205 -0.005983 
206 -0.007242 
207 -0.007166 
208 -0.005896 
209 -0.003934 
210 -0.001650 
211 0.000483 
212 0.001593 
213 0.001164 
214 -0.000055 
215 -0.001395 
216 -0.002992 
217 -0.004966 
218 -0.006536 
219 -0.006981 
220 -0.006401 
221 -0.005293 
222 -0.003830 
223 -0.002122 
224 -0.000755 
225 -0.000213 
226 -0.000388 
227 -0.001000 
228 -0.002024 
229 -0.003492 
230 -0.004920 
231 -0.005654 
232 -0.005322 
233 -0.004411 
234 -0.003681 
235 -0.003314 
236 -0.002653 
237 -0.001371 
238 -0.000332 
239 -0.000410 
240 -0.001516 
241 -0.002984 
242 -0.004283 
243 -0.005484 
244 -0.006466 
245 -0.006798 
246 -0.006678 
247 -0.006467 
248 -0.005686 
249 -0.003792 
250 -0.001472 
251 0.000163 
252 0.000876 
253 0.000870 
254 -0.000324 
255 -0.002396 
256 -0.004011 
257 -0.004507 
258 -0.004707 
259 -0.004782 
260 -0.003333 
261 -0.000313 
262 0.002120 
263 0.002429 
264 0.001094 
265 -0.000505 
266 -0.001181 
267 -0.000557 
268 0.000439 
269 0.000996 
270 0.001436 
271 0.002078 
272 0.001958 
273 0.000262 
274 -0.001838 
275 -0.002985 
276 -0.003200 
277 -0.003058 
278 -0.002025 
279 0.000323 
280 0.003082 
281 0.004883 
282 0.005072 
283 0.004190 
284 0.002561 
285 -0.000019 
286 -0.003342 
287 -0.005949 
288 -0.006433 
289 -0.005122 
290 -0.003045 
291 0.000010 
292 0.004636 
293 0.009234 
294 0.010773 
295 0.008752 
296 0.005338 
297 0.001844 
298 -0.001853 
299 -0.005225 
300 -0.006343 
301 -0.004179 
302 -0.000083 
303 0.004257 
304 0.008314 
305 0.011578 
306 0.012439 
307 0.010248 
308 0.006626 
309 0.003516 
310 0.000511 
311 -0.002895 
312 -0.005335 
313 -0.004401 
314 -0.000229 
315 0.004168 
316 0.006650 
317 0.007807 
318 0.009018 
319 0.009611 
320 0.007995 
321 0.004313 
322 -0.000095 
323 -0.004034 
324 -0.006395 
325 -0.006064 
326 -0.003200 
327 0.000884 
328 0.005400 
329 0.010229 
330 0.013923 
331 0.014517 
332 0.011937 
333 0.007597 
334 0.002550 
335 -0.002666 
336 -0.006400 
337 -0.006919 
338 -0.004656 
339 -0.001014 
340 0.003545 
341 0.008375 
342 0.011927 
343 0.013898 
344 0.014489 
345 0.012870 
346 0.008268 
347 0.002618 
348 -0.001434 
349 -0.003723 
350 -0.005088 
351 -0.004574 
352 -0.001617 
353 0.002183 
354 0.005665 
355 0.009228 
356 0.012363 
357 0.013025 
358 0.010785 
359 0.007423 
360 0.004107 
361 0.000645 
362 -0.002675 
363 -0.004812 
364 -0.005333 
365 -0.004457 
366 -0.001727 
367 0.002476 
368 0.006305 
369 0.008509 
370 0.008984 
371 0.007513 
372 0.003808 
373 -0.001159 
374 -0.005420 
375 -0.007796 
376 -0.008833 
377 -0.008675 
378 -0.006134 
379 -0.001175 
380 0.003862 
381 0.007001 
382 0.009016 
383 0.011006 
384 0.011559 
385 0.009505 
386 0.005879 
387 0.002117 
388 -0.001907 
389 -0.005885 
390 -0.007981 
391 -0.007247 
392 -0.004402 
393 -0.000577 
394 0.003559 
395 0.007403 
396 0.009609 
397 0.009951 
398 0.008675 
399 0.004954 
400 -0.000663 
401 -0.005099 
402 -0.006212 
403 -0.005504 
404 -0.004680 
405 -0.003204 
406 -0.000020 
407 0.003678 
408 0.005907 
409 0.006009 
410 0.005079 
411 0.004535 
412 0.004015 
413 0.002215 
414 -0.000715 
415 -0.003388 
416 -0.004515 
417 -0.004528 
418 -0.004136 
419 -0.002416 
420 0.001102 
421 0.005478 
422 0.008956 
423 0.010937 
424 0.010854 
425 0.008213 
426 0.003573 
427 -0.001629 
428 -0.006423 
429 -0.010175 
430 -0.011327 
431 -0.009454 
432 -0.005518 
433 -0.001420 
434 0.002179 
435 0.004994 
436 0.005607 
437 0.003471 
438 0.000869 
439 -0.000380 
440 -0.001470 
441 -0.003256 
442 -0.004190 
443 -0.002890 
444 -0.000615 
445 0.000363 
446 0.000131 
447 -0.000219 
448 -0.000171 
449 -0.000016 
450 -0.000218 
451 -0.001014 
452 -0.002381 
453 -0.003806 
454 -0.004841 
455 -0.005420 
456 -0.005389 
457 -0.004039 
458 -0.001666 
459 0.000784 
460 0.002955 
461 0.005300 
462 0.006924 
463 0.005945 
464 0.002316 
465 -0.002104 
466 -0.006176 
467 -0.010009 
468 -0.012432 
469 -0.011927 
470 -0.008763 
471 -0.004364 
472 0.000399 
473 0.004768 
474 0.007420 
475 0.006772 
476 0.003477 
477 -0.000267 
478 -0.003586 
479 -0.006377 
480 -0.008679 
481 -0.010019 
482 -0.009730 
483 -0.008536 
484 -0.008006 
485 -0.008166 
486 -0.006641 
487 -0.002733 
488 0.000846 
489 0.001946 
490 0.001024 
491 -0.001210 
492 -0.005170 
493 -0.010226 
494 -0.013907 
495 -0.014556 
496 -0.012496 
497 -0.009015 
498 -0.004949 
499 -0.001220 
500 0.001129 
501 0.000844 
502 -0.002160 
503 -0.005892 
504 -0.008174 
505 -0.009065 
506 -0.009683 
507 -0.010442 
508 -0.010634 
509 -0.010123 
510 -0.009480 
511 -0.008545 
512 -0.005989 
513 -0.001636 
514 0.002330 
515 0.003437 
516 0.002299 
517 0.000905 
518 -0.001632 
519 -0.007102 
520 -0.013679 
521 -0.017803 
522 -0.017918 
523 -0.015037 
524 -0.010954 
525 -0.006272 
526 -0.001456 
527 0.001622 
528 0.001138 
529 -0.002031 
530 -0.005227 
531 -0.007367 
532 -0.009471 
533 -0.011520 
534 -0.011935 
535 -0.010287 
536 -0.008102 
537 -0.006931 
538 -0.005969 
539 -0.003977 
540 -0.001862 
541 -0.000776 
542 0.000158 
543 0.000620 
544 -0.001712 
545 -0.006820 
546 -0.011647 
547 -0.013904 
548 -0.014227 
549 -0.013068 
550 -0.009452 
551 -0.004065 
552 0.000520 
553 0.003058 
554 0.004024 
555 0.003372 
556 0.000520 
557 -0.003310 
558 -0.006268 
559 -0.008530 
560 -0.010855 
561 -0.012290 
562 -0.011400 
563 -0.008588 
564 -0.004910 
565 -0.001232 
566 0.001503 
567 0.002416 
568 0.002078 
569 0.001790 
570 0.000630 
571 -0.002739 
572 -0.006087 
573 -0.006600 
574 -0.005649 
575 -0.005496 
576 -0.005139 
577 -0.002431 
578 0.001176 
579 0.003606 
580 0.005315 
581 0.007080 
582 0.007179 
583 0.004101 
584 -0.000449 
585 -0.003739 
586 -0.005787 
587 -0.006956 
588 -0.006029 
589 -0.002763 
590 0.001030 
591 0.004648 
592 0.008201 
593 0.010637 
594 0.011111 
595 0.010501 
596 0.009352 
597 0.006647 
598 0.002043 
599 -0.002244 
600 -0.003895 
601 -0.003897 
602 -0.003911 
603 -0.002905 
604 0.001236 
605 0.006626 
606 0.010389 
607 0.012562 
608 0.013494 
609 0.012367 
610 0.009358 
611 0.006072 
612 0.003364 
613 0.001436 
614 0.001063 
615 0.003075 
616 0.006597 
617 0.009870 
618 0.012564 
619 0.014233 
620 0.012962 
621 0.008946 
622 0.005604 
623 0.004967 
624 0.005575 
625 0.005821 
626 0.006865 
627 0.009475 
628 0.012143 
629 0.012995 
630 0.012030 
631 0.010664 
632 0.009786 
633 0.009358 
634 0.009166 
635 0.009023 
636 0.008475 
637 0.007100 
638 0.005444 
639 0.004193 
640 0.003531 
641 0.003356 
642 0.004027 
643 0.005713 
644 0.007684 
645 0.009200 
646 0.010394 
647 0.011209 
648 0.010992 
649 0.010143 
650 0.009447 
651 0.008287 
652 0.005400 
653 0.002001 
654 0.000333 
655 0.000584 
656 0.002062 
657 0.004324 
658 0.007676 
659 0.011503 
660 0.014828 
661 0.016793 
662 0.016702 
663 0.013995 
664 0.008928 
665 0.002997 
666 -0.001784 
667 -0.004504 
668 -0.005003 
669 -0.003574 
670 -0.000383 
671 0.004165 
672 0.009228 
673 0.013119 
674 0.014003 
675 0.011491 
676 0.006920 
677 0.001874 
678 -0.002882 
679 -0.006626 
680 -0.008331 
681 -0.007394 
682 -0.004502 
683 -0.000757 
684 0.003507 
685 0.007688 
686 0.010225 
687 0.010073 
688 0.007780 
689 0.004445 
690 0.000060 
691 -0.004841 
692 -0.008415 
693 -0.009683 
694 -0.009282 
695 -0.007491 
696 -0.004307 
697 -0.000684 
698 0.002046 
699 0.003834 
700 0.004942 
701 0.004817 
702 0.002834 
703 -0.000775 
704 -0.004983 
705 -0.008753 
706 -0.011343 
707 -0.012117 
708 -0.010685 
709 -0.006987 
710 -0.001645 
711 0.003401 
712 0.006216 
713 0.006142 
714 0.003492 
715 -0.000823 
716 -0.005758 
717 -0.009889 
718 -0.011925 
719 -0.011714 
720 -0.009544 
721 -0.006295 
722 -0.002590 
723 0.000810 
724 0.002538 
725 0.001825 
726 -0.000105 
727 -0.002193 
728 -0.004615 
729 -0.007519 
730 -0.009732 
731 -0.010249 
732 -0.009282 
733 -0.007602 
734 -0.005490 
735 -0.003109 
736 -0.001257 
737 -0.000552 
738 -0.000804 
739 -0.001619 
740 -0.002953 
741 -0.004829 
742 -0.006610 
743 -0.007474 
744 -0.006971 
745 -0.005759 
746 -0.004817 
747 -0.004342 
748 -0.003499 
749 -0.001890 
750 -0.000614 
751 -0.000710 
752 -0.002037 
753 -0.003781 
754 -0.005303 
755 -0.006656 
756 -0.007687 
757 -0.007935 
758 -0.007652 
759 -0.007255 
760 -0.006249 
761 -0.004097 
762 -0.001595 
763 0.000055 
764 0.000643 
765 0.000466 
766 -0.000864 
767 -0.002983 
768 -0.004529 
769 -0.004847 
770 -0.004801 
771 -0.004653 
772 -0.003136 
773 -0.000255 
774 0.001942 
775 0.002061 
776 0.000634 
777 -0.000985 
778 -0.001673 
779 -0.001096 
780 -0.000115 
781 0.000509 
782 0.001010 
783 0.001631 
784 0.001567 
785 0.000165 
786 -0.001587 
787 -0.002573 
788 -0.002794 
789 -0.002724 
790 -0.001939 
791 -0.000114 
792 0.002025 
793 0.003397 
794 0.003525 
795 0.002879 
796 0.001718 
797 -0.000122 
798 -0.002499 
799 -0.004334 
800 -0.004649 
801 -0.003715 
802 -0.002271 
803 -0.000169 
804 0.002974 
805 0.006035 
806 0.007001 
807 0.005624 
808 0.003391 
809 0.001155 
810 -0.001186 
811 -0.003296 
812 -0.003972 
813 -0.002617 
814 -0.000115 
815 0.002491 
816 0.004905 
817 0.006818 
818 0.007275 
819 0.005939 
820 0.003805 
821 0.002008 
822 0.000314 
823 -0.001569 
824 -0.002890 
825 -0.002345 
826 -0.000031 
827 0.002388 
828 0.003720 
829 0.004265 
830 0.004798 
831 0.005017 
832 0.004116 
833 0.002181 
834 -0.000061 
835 -0.001971 
836 -0.003034 
837 -0.002790 
838 -0.001364 
839 0.000613 
840 0.002743 
841 0.004945 
842 0.006563 
843 0.006744 
844 0.005504 
845 0.003513 
846 0.001262 
847 -0.001014 
848 -0.002617 
849 -0.002822 
850 -0.001830 
851 -0.000263 
852 0.001650 
853 0.003620 
854 0.005026 
855 0.005752 
856 0.005888 
857 0.005144 
858 0.003269 
859 0.001043 
860 -0.000508 
861 -0.001322 
862 -0.001734 
863 -0.001450 
864 -0.000311 
865 0.001088 
866 0.002322 
867 0.003512 
868 0.004482 
869 0.004576 
870 0.003705 
871 0.002494 
872 0.001342 
873 0.000203 
874 -0.000826 
875 -0.001435 
876 -0.001521 
877 -0.001170 
878 -0.000265 
879 0.001038 
880 0.002168 
881 0.002776 
882 0.002848 
883 0.002332 
884 0.001184 
885 -0.000264 
886 -0.001453 
887 -0.002085 
888 -0.002334 
889 -0.002241 
890 -0.001507 
891 -0.000162 
892 0.001156 
893 0.001948 
894 0.002431 
895 0.002883 
896 0.002959 
897 0.002400 
898 0.001478 
899 0.000544 
900 -0.000426 
901 -0.001355 
902 -0.001820 
903 -0.001617 
904 -0.000931 
905 -0.000042 
906 0.000879 
907 0.001697 
908 0.002136 
909 0.002170 
910 0.001851 
911 0.001016 
912 -0.000186 
913 -0.001094 
914 -0.001292 
915 -0.001116 
916 -0.000911 
917 -0.000573 
918 0.000076 
919 0.000781 
920 0.001172 
921 0.001149 
922 0.000927 
923 0.000770 
924 0.000630 
925 0.000289 
926 -0.000216 
927 -0.000646 
928 -0.000793 
929 -0.000756 
930 -0.000663 
931 -0.000368 
932 0.000200 
933 0.000880 
934 0.001389 
935 0.001648 
936 0.001591 
937 0.001157 
938 0.000444 
939 -0.000318 
940 -0.000991 
941 -0.001498 
942 -0.001631 
943 -0.001339 
944 -0.000769 
945 -0.000197 
946 0.000277 
947 0.000623 
948 0.000666 
949 0.000354 
950 -0.000002 
951 -0.000165 
952 -0.000288 
953 -0.000484 
954 -0.000566 
955 -0.000375 
956 -0.000076 
957 0.000049 
958 0.000012 
959 -0.000054 
960 -0.000085 
961 -0.000102 
962 -0.000146 
963 -0.000237 
964 -0.000377 
965 -0.000511 
966 -0.000589 
967 -0.000610 
968 -0.000574 
969 -0.000417 
970 -0.000169 
971 0.000075 
972 0.000282 
973 0.000499 
974 0.000644 
975 0.000537 
976 0.000173 
977 -0.000262 
978 -0.000656 
979 -0.001020 
980 -0.001241 
981 -0.001180 
982 -0.000866 
983 -0.000439 
984 0.000013 
985 0.000423 
986 0.000667 
987 0.000604 
988 0.000300 
989 -0.000040 
990 -0.000337 
991 -0.000584 
992 -0.000786 
993 -0.000900 
994 -0.000870 
995 -0.000766 
996 -0.000727 
997 -0.000746 
998 -0.000612 
999 -0.000269 
1000 0.000050 
1001 0.000162 
1002 0.000102 
1003 -0.000075 
1004 -0.000402 
1005 -0.000822 
1006 -0.001131 
1007 -0.001193 
1008 -0.001035 
1009 -0.000759 
1010 -0.000429 
1011 -0.000119 
1012 0.000082 
1013 0.000070 
1014 -0.000166 
1015 -0.000460 
1016 -0.000632 
1017 -0.000693 
1018 -0.000745 
1019 -0.000819 
1020 -0.000845 
1021 -0.000809 
1022 -0.000760 
1023 -0.000687 
