0 0.029668 
1 0.126242 
2 0.126173 
3 -0.042125 
4 -0.030973 
5 0.070646 
6 0.049977 
7 -0.017721 
8 -0.012994 
9 0.096754 
10 -0.022535 
11 -0.080979 
12 -0.088720 
13 0.179602 
14 0.091577 
15 -0.070878 
16 -0.126797 
17 0.062787 
18 0.008112 
19 0.016028 
20 -0.063080 
21 0.191486 
22 0.035890 
23 -0.001648 
24 -0.010000 
25 0.093954 
26 0.006903 
27 0.008122 
28 -0.179384 
29 0.022237 
30 -0.056595 
31 0.100904 
32 0.010800 
33 -0.008480 
34 0.100600 
35 -0.068321 
36 0.076753 
37 0.045528 
38 -0.055523 
39 -0.043680 
40 0.063965 
41 0.003313 
42 -0.052576 
43 -0.093989 
44 0.110045 
45 -0.088194 
46 -0.037521 
47 -0.007166 
48 0.085050 
49 0.050061 
50 0.017052 
51 -0.053780 
52 0.110996 
53 0.001063 
54 -0.078382 
55 0.010062 
56 0.081039 
57 -0.076631 
58 -0.070233 
59 -0.072675 
60 0.040878 
61 -0.005971 
62 -0.073987 
63 -0.012715 
64 0.098485 
65 0.076412 
66 0.012636 
67 0.001579 
68 0.052027 
69 0.030427 
70 -0.127939 
71 -0.136645 
72 -0.030785 
73 0.065415 
74 -0.019792 
75 -0.022981 
76 -0.091236 
77 0.096953 
78 0.044237 
79 0.062329 
80 -0.009380 
81 0.008951 
82 0.009400 
83 -0.000518 
84 -0.072295 
85 -0.027758 
86 -0.009641 
87 -0.018235 
88 -0.058747 
89 -0.038562 
90 0.051443 
91 0.057844 
92 0.005521 
93 -0.081985 
94 0.018921 
95 0.079445 
96 0.054550 
97 0.016753 
98 -0.108222 
99 -0.030766 
100 -0.102074 
101 -0.076905 
102 -0.035274 
103 0.098169 
104 0.026814 
105 -0.019211 
106 0.018288 
107 0.147058 
108 0.114649 
109 -0.092390 
110 -0.144139 
111 -0.097880 
112 0.017505 
113 -0.063206 
114 -0.035806 
115 0.042134 
116 0.043917 
117 -0.003938 
118 0.056891 
119 0.016529 
120 0.010239 
121 -0.056363 
122 0.035928 
123 -0.111902 
124 0.007900 
125 -0.002662 
126 0.024160 
127 0.100354 
128 -0.055461 
129 -0.118982 
130 -0.011652 
131 -0.027731 
132 -0.075986 
133 0.033344 
134 0.011659 
135 0.046388 
136 -0.048654 
137 0.111260 
138 0.049810 
139 0.044921 
140 -0.101383 
141 0.021520 
142 -0.028600 
143 0.049836 
144 -0.171062 
145 -0.042913 
146 0.029884 
147 0.034610 
148 0.040924 
149 0.054353 
150 0.038252 
151 -0.100384 
152 -0.014265 
153 -0.003806 
154 0.117947 
155 0.013165 
156 -0.106057 
157 -0.043085 
158 0.087986 
159 -0.028742 
160 0.026159 
161 0.009919 
162 0.033652 
163 0.013116 
164 0.035206 
165 -0.025246 
166 0.085142 
167 0.044805 
168 0.030449 
169 -0.142952 
170 0.014938 
171 -0.053010 
172 0.091303 
173 -0.023231 
174 0.016373 
175 -0.016396 
176 0.120584 
177 0.003541 
178 -0.005190 
179 -0.071021 
180 0.043896 
181 -0.027173 
182 0.043318 
183 -0.029580 
184 0.051130 
185 0.077460 
186 -0.030907 
187 -0.094017 
188 -0.057927 
189 0.104874 
190 0.017131 
191 -0.054262 
192 -0.005776 
193 0.064818 
194 0.034845 
195 -0.033644 
196 -0.016964 
197 0.026645 
198 0.036765 
199 -0.076529 
200 0.073785 
201 0.024883 
202 0.077101 
203 -0.047200 
204 -0.076535 
205 0.004063 
206 -0.020784 
207 -0.041163 
208 0.070586 
209 0.024487 
210 -0.024619 
211 -0.030653 
212 -0.063547 
213 0.173823 
214 -0.029194 
215 0.038360 
216 -0.074089 
217 0.031193 
218 -0.024131 
219 -0.015647 
220 0.004204 
221 0.064219 
222 -0.084518 
223 0.014521 
224 0.088557 
225 -0.025031 
226 -0.010982 
227 -0.067442 
228 0.070805 
229 -0.115917 
230 0.112326 
231 -0.071837 
232 0.073323 
233 0.010866 
234 -0.014568 
235 -0.031550 
236 0.061573 
237 -0.057668 
238 0.061791 
239 -0.027160 
240 -0.014892 
241 -0.062618 
242 -0.016847 
243 0.032304 
244 0.028183 
245 0.002500 
246 -0.012582 
247 -0.025373 
248 0.048312 
249 0.027030 
250 -0.022601 
251 -0.046268 
252 0.038193 
253 -0.018279 
254 0.046500 
255 -0.036440 
256 0.001264 
257 -0.034651 
258 0.041552 
259 -0.032047 
260 0.087916 
261 -0.059061 
262 -0.091515 
263 -0.002647 
264 0.019088 
265 0.022356 
266 -0.023906 
267 0.000021 
268 0.019489 
269 0.035455 
270 -0.022045 
271 -0.026050 
272 0.020189 
273 -0.024068 
274 -0.109532 
275 0.010372 
276 0.085722 
277 -0.015639 
278 -0.020762 
279 -0.021241 
280 0.048764 
281 -0.045301 
282 -0.004948 
283 0.061970 
284 0.080530 
285 -0.073794 
286 -0.065352 
287 -0.068074 
288 0.099873 
289 -0.061613 
290 -0.029788 
291 0.019289 
292 -0.019231 
293 -0.000664 
294 0.049494 
295 0.031150 
296 0.112357 
297 -0.117485 
298 -0.011403 
299 -0.014112 
300 0.027323 
301 -0.053121 
302 0.033524 
303 -0.001185 
304 -0.008238 
305 -0.025998 
306 0.043000 
307 0.020698 
308 0.016321 
309 -0.075753 
310 0.014976 
311 0.051736 
312 -0.045022 
313 0.014350 
314 0.039905 
315 -0.000579 
316 0.001821 
317 -0.074621 
318 0.084235 
319 -0.060154 
320 -0.020605 
321 -0.048450 
322 0.001117 
323 0.014042 
324 0.014282 
325 -0.012386 
326 0.084788 
327 0.015013 
328 -0.032896 
329 -0.006667 
330 0.022249 
331 0.028450 
332 -0.051005 
333 -0.021859 
334 -0.031771 
335 0.101838 
336 -0.025370 
337 -0.007317 
338 -0.033810 
339 0.058956 
340 0.009439 
341 0.041758 
342 -0.042051 
343 -0.055450 
344 -0.023289 
345 -0.030894 
346 -0.000498 
347 0.070431 
348 0.015544 
349 -0.000034 
350 0.039442 
351 0.042107 
352 -0.015490 
353 0.024272 
354 0.010595 
355 -0.003068 
356 -0.054872 
357 -0.039247 
358 -0.030799 
359 -0.022744 
360 0.039536 
361 -0.031265 
362 0.028690 
363 0.055054 
364 0.045892 
365 -0.028952 
366 0.079562 
367 -0.105568 
368 0.035868 
369 -0.012854 
370 0.057158 
371 -0.074127 
372 -0.003164 
373 -0.078814 
374 0.066791 
375 -0.078682 
376 0.084518 
377 0.004537 
378 0.062709 
379 -0.056594 
380 -0.011065 
381 0.026188 
382 0.057823 
383 -0.023341 
384 -0.049282 
385 0.002318 
386 0.069181 
387 -0.037141 
388 -0.016935 
389 0.015253 
390 0.003944 
391 -0.014481 
392 -0.051743 
393 0.075024 
394 0.040475 
395 -0.026255 
396 -0.049253 
397 -0.035588 
398 0.019451 
399 0.095733 
400 -0.012819 
401 0.013948 
402 0.002383 
403 -0.068411 
404 -0.019578 
405 0.028033 
406 -0.007446 
407 0.030532 
408 -0.021016 
409 -0.031057 
410 0.012120 
411 0.028847 
412 0.043107 
413 0.003546 
414 -0.007821 
415 -0.091548 
416 0.021131 
417 0.016516 
418 0.044197 
419 -0.103253 
420 -0.027102 
421 -0.068539 
422 0.103245 
423 0.020169 
424 0.090951 
425 -0.021136 
426 0.002269 
427 -0.101558 
428 0.047601 
429 -0.022325 
430 0.041770 
431 -0.106037 
432 0.038666 
433 -0.054277 
434 0.075647 
435 0.008748 
436 0.041480 
437 0.034068 
438 0.016131 
439 -0.034711 
440 -0.052056 
441 0.082271 
442 -0.078264 
443 0.041059 
444 0.002493 
445 0.028166 
446 -0.078601 
447 0.055660 
448 -0.046679 
449 0.050667 
450 -0.102260 
451 0.029380 
452 0.020249 
453 0.082236 
454 -0.050207 
455 -0.053528 
456 0.072041 
457 0.048669 
458 -0.030958 
459 -0.051991 
460 0.005418 
461 -0.079370 
462 -0.005951 
463 0.023313 
464 0.048264 
465 0.013575 
466 -0.014147 
467 -0.003545 
468 0.069902 
469 0.032922 
470 -0.072268 
471 0.030704 
472 -0.016637 
473 -0.049634 
474 -0.009947 
475 -0.004015 
476 0.040224 
477 -0.023327 
478 -0.045381 
479 -0.075367 
480 0.074825 
481 -0.015712 
482 0.141150 
483 -0.006638 
484 0.046135 
485 -0.042203 
486 0.052635 
487 -0.023638 
488 -0.019530 
489 -0.104361 
490 0.011084 
491 -0.062727 
492 0.004891 
493 0.011510 
494 0.029488 
495 0.033686 
496 -0.008344 
497 0.088052 
498 0.027959 
499 0.061965 
500 -0.055217 
501 -0.082010 
502 -0.038469 
503 -0.037563 
504 -0.006600 
505 -0.001534 
506 0.009106 
507 -0.025303 
508 0.016129 
509 -0.046116 
510 0.114804 
511 0.006724 
512 0.066309 
513 -0.085543 
514 -0.068721 
515 -0.025926 
516 0.065662 
517 -0.022829 
518 0.014612 
519 0.028879 
520 -0.040801 
521 -0.023745 
522 0.009329 
523 0.050272 
524 0.007549 
525 -0.048027 
526 -0.070210 
527 0.016696 
528 0.076631 
529 0.012793 
530 0.014387 
531 0.012793 
532 -0.027363 
533 -0.107329 
534 0.078551 
535 0.014633 
536 -0.002214 
537 -0.108056 
538 0.000020 
539 0.032474 
540 0.119716 
541 0.056475 
542 -0.025593 
543 0.021946 
544 -0.023871 
545 -0.042236 
546 0.033268 
547 -0.053508 
548 -0.078214 
549 -0.008910 
550 0.023660 
551 -0.021278 
552 0.032769 
553 0.032969 
554 0.124047 
555 0.003224 
556 -0.032099 
557 -0.021552 
558 0.050012 
559 -0.010397 
560 -0.032012 
561 -0.073200 
562 -0.010162 
563 -0.033878 
564 -0.012455 
565 0.065270 
566 -0.017475 
567 -0.018392 
568 0.049182 
569 0.064667 
570 0.097734 
571 -0.015941 
572 -0.063420 
573 0.007781 
574 0.014275 
575 -0.037581 
576 -0.070412 
577 -0.015006 
578 0.002700 
579 0.003399 
580 0.065036 
581 -0.009888 
582 0.059628 
583 0.079576 
584 -0.047985 
585 0.054350 
586 -0.009016 
587 0.002837 
588 -0.036318 
589 -0.008086 
590 -0.063609 
591 -0.031303 
592 0.020956 
593 0.041073 
594 0.018847 
595 -0.059765 
596 0.021143 
597 0.007396 
598 0.082808 
599 0.010427 
600 -0.022445 
601 -0.031408 
602 -0.011336 
603 -0.019220 
604 0.021893 
605 -0.003985 
606 -0.026205 
607 -0.035424 
608 0.024437 
609 0.048223 
610 0.019151 
611 0.005798 
612 0.022517 
613 0.028310 
614 -0.046471 
615 -0.056708 
616 0.047492 
617 0.015825 
618 -0.015214 
619 -0.102956 
620 -0.039642 
621 0.083102 
622 0.042125 
623 -0.017407 
624 0.051363 
625 -0.046905 
626 0.025841 
627 0.014392 
628 0.084451 
629 -0.039464 
630 -0.053797 
631 -0.055114 
632 0.024777 
633 -0.036519 
634 -0.001409 
635 -0.006574 
636 0.048959 
637 0.055596 
638 -0.040076 
639 -0.037346 
640 0.033573 
641 0.016084 
642 -0.025203 
643 0.029109 
644 -0.039955 
645 0.011081 
646 0.039493 
647 -0.020199 
648 -0.046002 
649 -0.077747 
650 -0.043483 
651 0.062258 
652 0.057593 
653 -0.022395 
654 -0.032136 
655 0.049036 
656 -0.001329 
657 0.099790 
658 0.005524 
659 -0.036035 
660 -0.035748 
661 -0.008185 
662 -0.063346 
663 0.016260 
664 -0.048395 
665 0.054792 
666 0.003509 
667 0.022923 
668 -0.037953 
669 0.028804 
670 0.061923 
671 0.064340 
672 -0.081153 
673 -0.013073 
674 -0.052028 
675 0.011317 
676 0.040813 
677 -0.007957 
678 -0.081045 
679 -0.028423 
680 0.033880 
681 0.021238 
682 0.069193 
683 -0.007431 
684 0.012800 
685 -0.000029 
686 0.081767 
687 -0.063218 
688 0.017751 
689 -0.067097 
690 0.027651 
691 -0.006960 
692 -0.010476 
693 -0.091588 
694 0.021687 
695 -0.021504 
696 0.082630 
697 -0.043616 
698 0.011819 
699 0.078665 
700 -0.051138 
701 0.027790 
702 -0.052504 
703 0.102409 
704 -0.039050 
705 -0.017531 
706 -0.080558 
707 0.035683 
708 -0.075050 
709 0.044129 
710 0.009276 
711 0.062005 
712 0.003996 
713 -0.039681 
714 0.019726 
715 0.078003 
716 -0.011425 
717 -0.079515 
718 -0.008527 
719 0.007709 
720 -0.019845 
721 0.002755 
722 -0.087713 
723 0.061691 
724 -0.029593 
725 0.040634 
726 -0.010360 
727 0.089387 
728 0.021799 
729 0.001605 
730 -0.066410 
731 -0.030788 
732 0.031951 
733 -0.007787 
734 -0.014600 
735 -0.063098 
736 -0.043525 
737 -0.079773 
738 0.126699 
739 0.011267 
740 0.130989 
741 -0.058823 
742 0.069140 
743 -0.047716 
744 0.100848 
745 -0.066940 
746 -0.069588 
747 -0.115750 
748 0.029967 
749 0.013121 
750 -0.073072 
751 0.070364 
752 -0.016844 
753 0.075866 
754 -0.010761 
755 0.034687 
756 -0.069986 
757 0.152235 
758 -0.051720 
759 -0.021083 
760 -0.079967 
761 0.035239 
762 -0.039049 
763 0.061789 
764 0.024730 
765 -0.020231 
766 0.014957 
767 -0.028037 
768 0.001381 
769 0.035010 
770 -0.014786 
771 -0.023456 
772 0.018546 
773 0.095632 
774 -0.028171 
775 -0.039003 
776 -0.060169 
777 0.031412 
778 -0.078715 
779 0.068232 
780 -0.066237 
781 0.013244 
782 -0.022853 
783 -0.011175 
784 0.011988 
785 0.038367 
786 0.011881 
787 0.063461 
788 0.041525 
789 -0.057465 
790 -0.041421 
791 -0.027867 
792 0.042096 
793 0.009052 
794 -0.064688 
795 -0.054373 
796 0.026281 
797 0.010791 
798 0.046183 
799 0.026040 
800 0.013400 
801 -0.026345 
802 -0.047249 
803 0.042852 
804 -0.000093 
805 -0.028776 
806 -0.034175 
807 0.033670 
808 -0.007046 
809 -0.056519 
810 -0.019809 
811 0.024074 
812 0.094210 
813 0.026505 
814 0.008600 
815 0.066511 
816 0.022076 
817 -0.040108 
818 -0.054974 
819 -0.075140 
820 -0.020924 
821 -0.019979 
822 -0.057734 
823 -0.044097 
824 0.009311 
825 0.137314 
826 0.183765 
827 0.034405 
828 -0.031064 
829 -0.047937 
830 0.006166 
831 -0.114190 
832 0.018805 
833 -0.099079 
834 -0.040810 
835 -0.009599 
836 -0.044086 
837 0.053378 
838 0.162548 
839 -0.000274 
840 -0.017401 
841 0.042540 
842 0.019309 
843 -0.063192 
844 0.034447 
845 0.051045 
846 0.096799 
847 -0.097264 
848 -0.088378 
849 0.040717 
850 0.120503 
851 -0.005484 
852 -0.095084 
853 -0.049013 
854 0.138485 
855 0.007608 
856 -0.009471 
857 -0.010489 
858 -0.021429 
859 0.037045 
860 0.034855 
861 0.028984 
862 0.048301 
863 -0.031410 
864 -0.094492 
865 -0.030465 
866 0.030260 
867 -0.002023 
868 0.010405 
869 0.056350 
870 0.049412 
871 0.003290 
872 0.052396 
873 -0.007105 
874 0.043138 
875 0.008067 
876 -0.046761 
877 -0.102934 
878 -0.055808 
879 0.015719 
880 0.121047 
881 0.006254 
882 -0.072444 
883 -0.061854 
884 0.144512 
885 0.081859 
886 -0.064269 
887 -0.006760 
888 0.037974 
889 -0.024068 
890 -0.012443 
891 -0.053010 
892 0.032040 
893 0.086464 
894 -0.133002 
895 0.014171 
896 0.035530 
897 0.071404 
898 -0.053602 
899 0.004976 
900 0.049103 
901 0.007321 
902 -0.003566 
903 0.055804 
904 -0.000494 
905 -0.108239 
906 -0.055286 
907 0.034778 
908 0.075649 
909 -0.017052 
910 0.001818 
911 0.016087 
912 0.054087 
913 -0.082670 
914 -0.074574 
915 0.073257 
916 0.041203 
917 -0.094835 
918 -0.010384 
919 0.048032 
920 0.028532 
921 -0.025431 
922 -0.053705 
923 0.011437 
924 0.005387 
925 -0.045138 
926 -0.013035 
927 0.093370 
928 -0.072476 
929 0.016216 
930 -0.056239 
931 0.121814 
932 -0.032234 
933 -0.074746 
934 -0.028717 
935 0.114136 
936 -0.121589 
937 0.005306 
938 -0.103738 
939 0.008822 
940 0.006134 
941 -0.012022 
942 0.020901 
943 0.016089 
944 0.094932 
945 -0.078717 
946 0.039821 
947 -0.025718 
948 -0.011124 
949 -0.023725 
950 -0.013093 
951 -0.091069 
952 -0.018517 
953 -0.057943 
954 0.006318 
955 0.025174 
956 0.071878 
957 0.123424 
958 -0.054118 
959 -0.000135 
960 -0.100089 
961 0.050228 
962 0.065612 
963 -0.068640 
964 -0.111643 
965 -0.051529 
966 -0.004821 
967 0.026174 
968 0.060719 
969 -0.075978 
970 0.062794 
971 -0.016611 
972 0.021659 
973 -0.016703 
974 0.054421 
975 -0.050853 
976 -0.078864 
977 0.093034 
978 0.023544 
979 0.061187 
980 -0.090270 
981 -0.062063 
982 -0.096073 
983 0.084792 
984 -0.016636 
985 0.084705 
986 0.013615 
987 0.058122 
988 -0.153506 
989 -0.024145 
990 0.019259 
991 0.016627 
992 0.038218 
993 -0.047429 
994 -0.023646 
995 -0.040425 
996 0.111473 
997 -0.013049 
998 0.008784 
999 -0.009097 
1000 -0.031790 
1001 0.006956 
1002 0.085587 
1003 0.022288 
1004 0.032520 
1005 -0.061322 
1006 -0.033628 
1007 0.053090 
1008 0.004678 
1009 0.046694 
1010 -0.113880 
1011 -0.068820 
1012 -0.028900 
1013 0.047062 
1014 0.074730 
1015 0.070055 
1016 0.031766 
1017 0.040646 
1018 0.016349 
1019 -0.013059 
1020 -0.002122 
1021 -0.007785 
1022 -0.060638 
1023 -0.147646 
