0 -0.000063 
1 0.000005 
2 0.000023 
3 -0.000025 
4 -0.000060 
5 -0.000054 
6 -0.000062 
7 -0.000087 
8 -0.000087 
9 -0.000075 
10 -0.000070 
11 -0.000041 
12 0.000032 
13 0.000084 
14 0.000081 
15 0.000065 
16 0.000080 
17 0.000099 
18 0.000072 
19 0.000011 
20 -0.000021 
21 -0.000007 
22 0.000022 
23 0.000021 
24 0.000007 
25 0.000003 
26 0.000032 
27 0.000086 
28 0.000118 
29 0.000082 
30 0.000063 
31 0.000128 
32 0.000200 
33 0.000171 
34 0.000101 
35 0.000117 
36 0.000181 
37 0.000142 
38 0.000043 
39 0.000040 
40 0.000124 
41 0.000140 
42 0.000093 
43 0.000123 
44 0.000236 
45 0.000300 
46 0.000253 
47 0.000210 
48 0.000241 
49 0.000253 
50 0.000190 
51 0.000141 
52 0.000160 
53 0.000187 
54 0.000185 
55 0.000193 
56 0.000236 
57 0.000296 
58 0.000336 
59 0.000319 
60 0.000293 
61 0.000298 
62 0.000317 
63 0.000294 
64 0.000225 
65 0.000216 
66 0.000322 
67 0.000423 
68 0.000390 
69 0.000327 
70 0.000396 
71 0.000484 
72 0.000415 
73 0.000275 
74 0.000274 
75 0.000409 
76 0.000476 
77 0.000404 
78 0.000327 
79 0.000392 
80 0.000536 
81 0.000583 
82 0.000490 
83 0.000415 
84 0.000486 
85 0.000598 
86 0.000565 
87 0.000442 
88 0.000452 
89 0.000605 
90 0.000671 
91 0.000610 
92 0.000603 
93 0.000670 
94 0.000652 
95 0.000528 
96 0.000427 
97 0.000418 
98 0.000415 
99 0.000380 
100 0.000370 
101 0.000399 
102 0.000439 
103 0.000519 
104 0.000635 
105 0.000655 
106 0.000548 
107 0.000476 
108 0.000494 
109 0.000455 
110 0.000324 
111 0.000259 
112 0.000322 
113 0.000424 
114 0.000531 
115 0.000657 
116 0.000760 
117 0.000787 
118 0.000771 
119 0.000718 
120 0.000572 
121 0.000393 
122 0.000358 
123 0.000417 
124 0.000388 
125 0.000341 
126 0.000518 
127 0.000801 
128 0.000860 
129 0.000741 
130 0.000761 
131 0.000863 
132 0.000731 
133 0.000456 
134 0.000340 
135 0.000333 
136 0.000236 
137 0.000169 
138 0.000321 
139 0.000579 
140 0.000690 
141 0.000760 
142 0.000998 
143 0.001132 
144 0.000955 
145 0.000655 
146 0.000523 
147 0.000459 
148 0.000322 
149 0.000231 
150 0.000327 
151 0.000467 
152 0.000574 
153 0.000727 
154 0.000930 
155 0.000977 
156 0.000827 
157 0.000648 
158 0.000519 
159 0.000342 
160 0.000148 
161 0.000025 
162 0.000001 
163 0.000034 
164 0.000182 
165 0.000434 
166 0.000550 
167 0.000397 
168 0.000226 
169 0.000313 
170 0.000396 
171 0.000073 
172 -0.000403 
173 -0.000436 
174 -0.000157 
175 -0.000121 
176 -0.000372 
177 -0.000316 
178 0.000117 
179 0.000347 
180 0.000120 
181 -0.000142 
182 -0.000177 
183 -0.000253 
184 -0.000582 
185 -0.000896 
186 -0.000962 
187 -0.000925 
188 -0.000955 
189 -0.000935 
190 -0.000805 
191 -0.000688 
192 -0.000668 
193 -0.000676 
194 -0.000727 
195 -0.000903 
196 -0.001123 
197 -0.001232 
198 -0.001274 
199 -0.001444 
200 -0.001594 
201 -0.001513 
202 -0.001421 
203 -0.001541 
204 -0.001666 
205 -0.001516 
206 -0.001346 
207 -0.001421 
208 -0.001545 
209 -0.001499 
210 -0.001498 
211 -0.001753 
212 -0.001968 
213 -0.001925 
214 -0.001910 
215 -0.002094 
216 -0.002147 
217 -0.001923 
218 -0.001791 
219 -0.001957 
220 -0.002113 
221 -0.002074 
222 -0.002027 
223 -0.002183 
224 -0.002466 
225 -0.002674 
226 -0.002753 
227 -0.002756 
228 -0.002719 
229 -0.002685 
230 -0.002546 
231 -0.002407 
232 -0.002328 
233 -0.002203 
234 -0.001934 
235 -0.001825 
236 -0.002217 
237 -0.002682 
238 -0.002711 
239 -0.002450 
240 -0.002537 
241 -0.002885 
242 -0.002791 
243 -0.002145 
244 -0.001671 
245 -0.001733 
246 -0.001873 
247 -0.001693 
248 -0.001509 
249 -0.001650 
250 -0.001942 
251 -0.002066 
252 -0.001988 
253 -0.001859 
254 -0.001883 
255 -0.002034 
256 -0.002029 
257 -0.001804 
258 -0.001591 
259 -0.001657 
260 -0.001799 
261 -0.001706 
262 -0.001490 
263 -0.001603 
264 -0.001916 
265 -0.001971 
266 -0.001600 
267 -0.001328 
268 -0.001501 
269 -0.001610 
270 -0.001252 
271 -0.000772 
272 -0.000684 
273 -0.000939 
274 -0.001053 
275 -0.000950 
276 -0.000952 
277 -0.001250 
278 -0.001505 
279 -0.001409 
280 -0.001048 
281 -0.000631 
282 -0.000430 
283 -0.000361 
284 -0.000148 
285 0.000324 
286 0.000541 
287 0.000289 
288 -0.000033 
289 0.000100 
290 0.000426 
291 0.000299 
292 -0.000251 
293 -0.000406 
294 0.000145 
295 0.000567 
296 0.000381 
297 0.000341 
298 0.001024 
299 0.001638 
300 0.001546 
301 0.001435 
302 0.001876 
303 0.002300 
304 0.002066 
305 0.001626 
306 0.001653 
307 0.001908 
308 0.001968 
309 0.002132 
310 0.002465 
311 0.002758 
312 0.003078 
313 0.003534 
314 0.003755 
315 0.003445 
316 0.003219 
317 0.003474 
318 0.003683 
319 0.003385 
320 0.003066 
321 0.003289 
322 0.003698 
323 0.003661 
324 0.003409 
325 0.003490 
326 0.003846 
327 0.004187 
328 0.004503 
329 0.004764 
330 0.004832 
331 0.004872 
332 0.004975 
333 0.004845 
334 0.004456 
335 0.004187 
336 0.004329 
337 0.004562 
338 0.004575 
339 0.004715 
340 0.005316 
341 0.005966 
342 0.005941 
343 0.005324 
344 0.004979 
345 0.005287 
346 0.005541 
347 0.005278 
348 0.005010 
349 0.005228 
350 0.005563 
351 0.005565 
352 0.005301 
353 0.005183 
354 0.005128 
355 0.004741 
356 0.004210 
357 0.004103 
358 0.004340 
359 0.004371 
360 0.004159 
361 0.004235 
362 0.004596 
363 0.004782 
364 0.004656 
365 0.004368 
366 0.004247 
367 0.004194 
368 0.003859 
369 0.003301 
370 0.002857 
371 0.002782 
372 0.002905 
373 0.002813 
374 0.002540 
375 0.002323 
376 0.002387 
377 0.002667 
378 0.002830 
379 0.002722 
380 0.002681 
381 0.002756 
382 0.002547 
383 0.002038 
384 0.001599 
385 0.001253 
386 0.000729 
387 0.000379 
388 0.000510 
389 0.000703 
390 0.000633 
391 0.000698 
392 0.001362 
393 0.001950 
394 0.001468 
395 0.000538 
396 0.000188 
397 0.000102 
398 -0.000614 
399 -0.001535 
400 -0.001772 
401 -0.001344 
402 -0.001097 
403 -0.001108 
404 -0.000859 
405 -0.000437 
406 -0.000308 
407 -0.000620 
408 -0.001093 
409 -0.001636 
410 -0.002103 
411 -0.002281 
412 -0.002268 
413 -0.002435 
414 -0.002447 
415 -0.001840 
416 -0.001148 
417 -0.001299 
418 -0.002063 
419 -0.002201 
420 -0.002183 
421 -0.002940 
422 -0.003975 
423 -0.004069 
424 -0.003618 
425 -0.003551 
426 -0.003633 
427 -0.003187 
428 -0.002662 
429 -0.002731 
430 -0.002894 
431 -0.003028 
432 -0.003641 
433 -0.004613 
434 -0.005054 
435 -0.005032 
436 -0.005241 
437 -0.005709 
438 -0.005474 
439 -0.004685 
440 -0.004154 
441 -0.004149 
442 -0.004070 
443 -0.003815 
444 -0.003899 
445 -0.004587 
446 -0.005312 
447 -0.005627 
448 -0.005601 
449 -0.005555 
450 -0.005658 
451 -0.005689 
452 -0.005388 
453 -0.005024 
454 -0.005113 
455 -0.005569 
456 -0.005856 
457 -0.005870 
458 -0.006167 
459 -0.006712 
460 -0.006741 
461 -0.005789 
462 -0.004825 
463 -0.004809 
464 -0.005103 
465 -0.004860 
466 -0.004367 
467 -0.004552 
468 -0.005470 
469 -0.006259 
470 -0.006505 
471 -0.006382 
472 -0.006095 
473 -0.005898 
474 -0.005372 
475 -0.004316 
476 -0.003131 
477 -0.002617 
478 -0.002817 
479 -0.002968 
480 -0.003112 
481 -0.003796 
482 -0.004634 
483 -0.004994 
484 -0.004834 
485 -0.004689 
486 -0.004159 
487 -0.003193 
488 -0.002552 
489 -0.002420 
490 -0.002110 
491 -0.001581 
492 -0.001580 
493 -0.002248 
494 -0.002575 
495 -0.002406 
496 -0.002589 
497 -0.003153 
498 -0.002994 
499 -0.002044 
500 -0.001299 
501 -0.001296 
502 -0.001505 
503 -0.001442 
504 -0.001138 
505 -0.001125 
506 -0.001695 
507 -0.002291 
508 -0.001944 
509 -0.000995 
510 -0.000680 
511 -0.001026 
512 -0.000775 
513 0.000072 
514 0.000300 
515 -0.000304 
516 -0.000740 
517 -0.000672 
518 -0.000761 
519 -0.001078 
520 -0.001071 
521 -0.000921 
522 -0.000856 
523 -0.000493 
524 0.000407 
525 0.001043 
526 0.000996 
527 0.000805 
528 0.000983 
529 0.001205 
530 0.000870 
531 0.000141 
532 -0.000247 
533 -0.000073 
534 0.000269 
535 0.000261 
536 0.000089 
537 0.000045 
538 0.000383 
539 0.001001 
540 0.001358 
541 0.000946 
542 0.000722 
543 0.001451 
544 0.002239 
545 0.001901 
546 0.001119 
547 0.001292 
548 0.001972 
549 0.001534 
550 0.000470 
551 0.000440 
552 0.001311 
553 0.001469 
554 0.000976 
555 0.001276 
556 0.002411 
557 0.003033 
558 0.002532 
559 0.002088 
560 0.002372 
561 0.002471 
562 0.001846 
563 0.001362 
564 0.001524 
565 0.001764 
566 0.001730 
567 0.001783 
568 0.002153 
569 0.002672 
570 0.003003 
571 0.002824 
572 0.002570 
573 0.002587 
574 0.002720 
575 0.002497 
576 0.001895 
577 0.001803 
578 0.002649 
579 0.003443 
580 0.003138 
581 0.002600 
582 0.003118 
583 0.003772 
584 0.003195 
585 0.002097 
586 0.002073 
587 0.003049 
588 0.003509 
589 0.002948 
590 0.002362 
591 0.002798 
592 0.003777 
593 0.004060 
594 0.003373 
595 0.002822 
596 0.003269 
597 0.003972 
598 0.003712 
599 0.002871 
600 0.002904 
601 0.003842 
602 0.004213 
603 0.003786 
604 0.003698 
605 0.004063 
606 0.003904 
607 0.003128 
608 0.002501 
609 0.002416 
610 0.002371 
611 0.002145 
612 0.002064 
613 0.002205 
614 0.002398 
615 0.002797 
616 0.003385 
617 0.003452 
618 0.002855 
619 0.002450 
620 0.002513 
621 0.002286 
622 0.001609 
623 0.001274 
624 0.001565 
625 0.002034 
626 0.002517 
627 0.003076 
628 0.003516 
629 0.003599 
630 0.003485 
631 0.003204 
632 0.002524 
633 0.001714 
634 0.001546 
635 0.001778 
636 0.001636 
637 0.001420 
638 0.002131 
639 0.003258 
640 0.003456 
641 0.002945 
642 0.002989 
643 0.003349 
644 0.002801 
645 0.001727 
646 0.001271 
647 0.001230 
648 0.000862 
649 0.000611 
650 0.001151 
651 0.002051 
652 0.002415 
653 0.002627 
654 0.003411 
655 0.003822 
656 0.003188 
657 0.002158 
658 0.001702 
659 0.001478 
660 0.001026 
661 0.000728 
662 0.001019 
663 0.001441 
664 0.001750 
665 0.002189 
666 0.002771 
667 0.002878 
668 0.002408 
669 0.001866 
670 0.001477 
671 0.000962 
672 0.000411 
673 0.000068 
674 0.000001 
675 0.000091 
676 0.000483 
677 0.001141 
678 0.001430 
679 0.001019 
680 0.000570 
681 0.000785 
682 0.000983 
683 0.000175 
684 -0.000988 
685 -0.001056 
686 -0.000377 
687 -0.000289 
688 -0.000871 
689 -0.000732 
690 0.000262 
691 0.000779 
692 0.000263 
693 -0.000318 
694 -0.000392 
695 -0.000552 
696 -0.001250 
697 -0.001899 
698 -0.002017 
699 -0.001918 
700 -0.001960 
701 -0.001897 
702 -0.001617 
703 -0.001367 
704 -0.001314 
705 -0.001316 
706 -0.001402 
707 -0.001720 
708 -0.002115 
709 -0.002297 
710 -0.002348 
711 -0.002631 
712 -0.002871 
713 -0.002696 
714 -0.002503 
715 -0.002686 
716 -0.002874 
717 -0.002588 
718 -0.002275 
719 -0.002378 
720 -0.002558 
721 -0.002457 
722 -0.002429 
723 -0.002809 
724 -0.003118 
725 -0.003017 
726 -0.002960 
727 -0.003211 
728 -0.003258 
729 -0.002890 
730 -0.002665 
731 -0.002881 
732 -0.003079 
733 -0.002990 
734 -0.002891 
735 -0.003077 
736 -0.003439 
737 -0.003688 
738 -0.003757 
739 -0.003723 
740 -0.003635 
741 -0.003552 
742 -0.003335 
743 -0.003119 
744 -0.002988 
745 -0.002797 
746 -0.002430 
747 -0.002269 
748 -0.002725 
749 -0.003261 
750 -0.003261 
751 -0.002919 
752 -0.002991 
753 -0.003366 
754 -0.003223 
755 -0.002454 
756 -0.001893 
757 -0.001942 
758 -0.002076 
759 -0.001856 
760 -0.001638 
761 -0.001771 
762 -0.002063 
763 -0.002172 
764 -0.002069 
765 -0.001915 
766 -0.001921 
767 -0.002053 
768 -0.002026 
769 -0.001783 
770 -0.001555 
771 -0.001602 
772 -0.001720 
773 -0.001614 
774 -0.001397 
775 -0.001488 
776 -0.001760 
777 -0.001792 
778 -0.001441 
779 -0.001185 
780 -0.001324 
781 -0.001403 
782 -0.001080 
783 -0.000661 
784 -0.000579 
785 -0.000786 
786 -0.000872 
787 -0.000780 
788 -0.000774 
789 -0.001003 
790 -0.001195 
791 -0.001108 
792 -0.000816 
793 -0.000488 
794 -0.000332 
795 -0.000276 
796 -0.000115 
797 0.000232 
798 0.000388 
799 0.000203 
800 -0.000028 
801 0.000066 
802 0.000291 
803 0.000200 
804 -0.000177 
805 -0.000280 
806 0.000090 
807 0.000368 
808 0.000244 
809 0.000216 
810 0.000650 
811 0.001032 
812 0.000964 
813 0.000884 
814 0.001144 
815 0.001389 
816 0.001233 
817 0.000959 
818 0.000965 
819 0.001103 
820 0.001126 
821 0.001207 
822 0.001382 
823 0.001531 
824 0.001690 
825 0.001921 
826 0.002019 
827 0.001831 
828 0.001691 
829 0.001806 
830 0.001894 
831 0.001722 
832 0.001543 
833 0.001639 
834 0.001825 
835 0.001787 
836 0.001646 
837 0.001666 
838 0.001816 
839 0.001955 
840 0.002079 
841 0.002176 
842 0.002183 
843 0.002178 
844 0.002200 
845 0.002120 
846 0.001929 
847 0.001792 
848 0.001833 
849 0.001910 
850 0.001894 
851 0.001930 
852 0.002152 
853 0.002389 
854 0.002353 
855 0.002086 
856 0.001929 
857 0.002026 
858 0.002100 
859 0.001978 
860 0.001857 
861 0.001916 
862 0.002016 
863 0.001994 
864 0.001878 
865 0.001816 
866 0.001777 
867 0.001625 
868 0.001426 
869 0.001374 
870 0.001437 
871 0.001431 
872 0.001347 
873 0.001356 
874 0.001455 
875 0.001497 
876 0.001441 
877 0.001336 
878 0.001285 
879 0.001254 
880 0.001142 
881 0.000965 
882 0.000826 
883 0.000796 
884 0.000821 
885 0.000786 
886 0.000701 
887 0.000633 
888 0.000643 
889 0.000711 
890 0.000746 
891 0.000710 
892 0.000691 
893 0.000703 
894 0.000642 
895 0.000508 
896 0.000393 
897 0.000304 
898 0.000175 
899 0.000090 
900 0.000120 
901 0.000164 
902 0.000146 
903 0.000159 
904 0.000306 
905 0.000433 
906 0.000322 
907 0.000117 
908 0.000041 
909 0.000022 
910 -0.000127 
911 -0.000315 
912 -0.000360 
913 -0.000269 
914 -0.000217 
915 -0.000217 
916 -0.000167 
917 -0.000084 
918 -0.000058 
919 -0.000116 
920 -0.000202 
921 -0.000299 
922 -0.000380 
923 -0.000403 
924 -0.000397 
925 -0.000421 
926 -0.000419 
927 -0.000310 
928 -0.000189 
929 -0.000213 
930 -0.000337 
931 -0.000356 
932 -0.000349 
933 -0.000466 
934 -0.000623 
935 -0.000631 
936 -0.000554 
937 -0.000537 
938 -0.000544 
939 -0.000471 
940 -0.000389 
941 -0.000395 
942 -0.000414 
943 -0.000429 
944 -0.000510 
945 -0.000640 
946 -0.000693 
947 -0.000682 
948 -0.000703 
949 -0.000757 
950 -0.000718 
951 -0.000607 
952 -0.000533 
953 -0.000527 
954 -0.000511 
955 -0.000474 
956 -0.000479 
957 -0.000558 
958 -0.000640 
959 -0.000670 
960 -0.000660 
961 -0.000648 
962 -0.000653 
963 -0.000650 
964 -0.000609 
965 -0.000562 
966 -0.000567 
967 -0.000612 
968 -0.000637 
969 -0.000632 
970 -0.000658 
971 -0.000709 
972 -0.000706 
973 -0.000600 
974 -0.000496 
975 -0.000489 
976 -0.000515 
977 -0.000486 
978 -0.000433 
979 -0.000447 
980 -0.000533 
981 -0.000605 
982 -0.000624 
983 -0.000607 
984 -0.000575 
985 -0.000552 
986 -0.000499 
987 -0.000398 
988 -0.000286 
989 -0.000237 
990 -0.000254 
991 -0.000266 
992 -0.000277 
993 -0.000336 
994 -0.000407 
995 -0.000436 
996 -0.000420 
997 -0.000405 
998 -0.000357 
999 -0.000272 
1000 -0.000216 
1001 -0.000204 
1002 -0.000177 
1003 -0.000132 
1004 -0.000131 
1005 -0.000186 
1006 -0.000213 
1007 -0.000198 
1008 -0.000212 
1009 -0.000258 
1010 -0.000244 
1011 -0.000166 
1012 -0.000105 
1013 -0.000104 
1014 -0.000121 
1015 -0.000116 
1016 -0.000091 
1017 -0.000090 
1018 -0.000135 
1019 -0.000183 
1020 -0.000155 
1021 -0.000079 
1022 -0.000053 
1023 -0.000081 
