0 -0.000572 
1 -0.000382 
2 -0.000318 
3 -0.000415 
4 -0.000622 
5 -0.000808 
6 -0.000893 
7 -0.000890 
8 -0.000843 
9 -0.000717 
10 -0.000499 
11 -0.000286 
12 -0.000201 
13 -0.000238 
14 -0.000381 
15 -0.000693 
16 -0.001158 
17 -0.001495 
18 -0.001502 
19 -0.001311 
20 -0.001006 
21 -0.000533 
22 -0.000019 
23 0.000275 
24 0.000314 
25 0.000201 
26 -0.000071 
27 -0.000510 
28 -0.000805 
29 -0.000760 
30 -0.000587 
31 -0.000423 
32 -0.000139 
33 0.000201 
34 0.000384 
35 0.000342 
36 0.000193 
37 -0.000002 
38 -0.000290 
39 -0.000530 
40 -0.000474 
41 -0.000212 
42 0.000062 
43 0.000342 
44 0.000587 
45 0.000665 
46 0.000470 
47 0.000119 
48 -0.000194 
49 -0.000427 
50 -0.000475 
51 -0.000207 
52 0.000236 
53 0.000665 
54 0.001057 
55 0.001315 
56 0.001268 
57 0.000976 
58 0.000632 
59 0.000329 
60 0.000174 
61 0.000300 
62 0.000683 
63 0.001080 
64 0.001388 
65 0.001670 
66 0.001794 
67 0.001566 
68 0.001068 
69 0.000533 
70 0.000071 
71 -0.000266 
72 -0.000369 
73 -0.000167 
74 0.000258 
75 0.000824 
76 0.001448 
77 0.002013 
78 0.002347 
79 0.002359 
80 0.002136 
81 0.001802 
82 0.001398 
83 0.000971 
84 0.000618 
85 0.000457 
86 0.000521 
87 0.000873 
88 0.001491 
89 0.002120 
90 0.002479 
91 0.002516 
92 0.002360 
93 0.002096 
94 0.001788 
95 0.001500 
96 0.001255 
97 0.001116 
98 0.001284 
99 0.001888 
100 0.002600 
101 0.002945 
102 0.002875 
103 0.002772 
104 0.002851 
105 0.002945 
106 0.002974 
107 0.002873 
108 0.002450 
109 0.001890 
110 0.001533 
111 0.001353 
112 0.001155 
113 0.001140 
114 0.001650 
115 0.002370 
116 0.002750 
117 0.002841 
118 0.002941 
119 0.002858 
120 0.002421 
121 0.002016 
122 0.001864 
123 0.001667 
124 0.001428 
125 0.001401 
126 0.001387 
127 0.001065 
128 0.000875 
129 0.001179 
130 0.001608 
131 0.001846 
132 0.002300 
133 0.002957 
134 0.003144 
135 0.002831 
136 0.002434 
137 0.001821 
138 0.000704 
139 -0.000524 
140 -0.001084 
141 -0.000649 
142 0.000306 
143 0.001285 
144 0.002188 
145 0.002724 
146 0.002456 
147 0.001346 
148 0.000394 
149 0.000231 
150 0.000001 
151 -0.000577 
152 -0.000441 
153 0.000399 
154 0.000852 
155 0.000811 
156 0.001124 
157 0.001438 
158 0.000817 
159 -0.000037 
160 0.000029 
161 0.000006 
162 -0.001051 
163 -0.001906 
164 -0.001783 
165 -0.001843 
166 -0.002355 
167 -0.002014 
168 -0.000883 
169 -0.000556 
170 -0.001074 
171 -0.000803 
172 0.000047 
173 -0.000269 
174 -0.001500 
175 -0.001974 
176 -0.001745 
177 -0.001746 
178 -0.001839 
179 -0.001471 
180 -0.001151 
181 -0.001617 
182 -0.002416 
183 -0.002875 
184 -0.003111 
185 -0.003321 
186 -0.003016 
187 -0.002148 
188 -0.001564 
189 -0.001840 
190 -0.002628 
191 -0.003457 
192 -0.004153 
193 -0.004485 
194 -0.004097 
195 -0.003098 
196 -0.001849 
197 -0.000354 
198 0.001122 
199 0.001431 
200 0.000335 
201 -0.001174 
202 -0.002422 
203 -0.003672 
204 -0.004898 
205 -0.005058 
206 -0.004128 
207 -0.003448 
208 -0.003140 
209 -0.002481 
210 -0.001902 
211 -0.002413 
212 -0.003343 
213 -0.003468 
214 -0.003302 
215 -0.003783 
216 -0.004302 
217 -0.004305 
218 -0.004355 
219 -0.004639 
220 -0.004709 
221 -0.004488 
222 -0.004221 
223 -0.003891 
224 -0.003102 
225 -0.001725 
226 -0.000518 
227 -0.000106 
228 -0.000597 
229 -0.002096 
230 -0.004226 
231 -0.006161 
232 -0.007389 
233 -0.007787 
234 -0.007172 
235 -0.005539 
236 -0.003500 
237 -0.001948 
238 -0.001239 
239 -0.001132 
240 -0.001775 
241 -0.003329 
242 -0.005450 
243 -0.007321 
244 -0.007982 
245 -0.007331 
246 -0.005950 
247 -0.003529 
248 -0.000106 
249 0.002973 
250 0.004767 
251 0.005275 
252 0.004125 
253 0.001078 
254 -0.002989 
255 -0.006161 
256 -0.007337 
257 -0.006706 
258 -0.004887 
259 -0.002660 
260 -0.000871 
261 0.000148 
262 0.000426 
263 -0.000406 
264 -0.001673 
265 -0.002372 
266 -0.002450 
267 -0.002666 
268 -0.003439 
269 -0.003929 
270 -0.003675 
271 -0.003373 
272 -0.002635 
273 -0.000591 
274 0.001609 
275 0.002414 
276 0.002672 
277 0.002792 
278 0.001553 
279 -0.001348 
280 -0.003802 
281 -0.004789 
282 -0.005661 
283 -0.005963 
284 -0.004058 
285 -0.000992 
286 0.001051 
287 0.001566 
288 0.001005 
289 0.000070 
290 -0.001154 
291 -0.002690 
292 -0.003240 
293 -0.002472 
294 -0.001677 
295 -0.001541 
296 -0.001242 
297 -0.000315 
298 0.000027 
299 -0.000717 
300 -0.000543 
301 0.001415 
302 0.002884 
303 0.002423 
304 0.001187 
305 0.000807 
306 0.000468 
307 -0.000964 
308 -0.002267 
309 -0.001341 
310 0.001169 
311 0.003345 
312 0.005005 
313 0.006923 
314 0.007479 
315 0.005149 
316 0.001608 
317 -0.001253 
318 -0.003715 
319 -0.005753 
320 -0.005830 
321 -0.003525 
322 -0.000260 
323 0.003114 
324 0.006843 
325 0.009724 
326 0.009038 
327 0.005055 
328 0.001004 
329 -0.001532 
330 -0.002754 
331 -0.002430 
332 -0.000045 
333 0.003697 
334 0.007598 
335 0.010399 
336 0.010704 
337 0.008010 
338 0.004154 
339 0.001097 
340 -0.001384 
341 -0.003769 
342 -0.005113 
343 -0.004556 
344 -0.002646 
345 0.000450 
346 0.004568 
347 0.008870 
348 0.011521 
349 0.011288 
350 0.009479 
351 0.007689 
352 0.005633 
353 0.003220 
354 0.001699 
355 0.001474 
356 0.001894 
357 0.002836 
358 0.004925 
359 0.007414 
360 0.008743 
361 0.008898 
362 0.008642 
363 0.007963 
364 0.006541 
365 0.004171 
366 0.001203 
367 -0.001936 
368 -0.004705 
369 -0.005488 
370 -0.003251 
371 0.001188 
372 0.006221 
373 0.011017 
374 0.014906 
375 0.016221 
376 0.013511 
377 0.008329 
378 0.003621 
379 0.000112 
380 -0.002077 
381 -0.001542 
382 0.001377 
383 0.004757 
384 0.008351 
385 0.012906 
386 0.016362 
387 0.016505 
388 0.013508 
389 0.008671 
390 0.003185 
391 -0.001513 
392 -0.003711 
393 -0.003286 
394 -0.001380 
395 0.001608 
396 0.004494 
397 0.006564 
398 0.009234 
399 0.012282 
400 0.013225 
401 0.012125 
402 0.010648 
403 0.008732 
404 0.006046 
405 0.004269 
406 0.004894 
407 0.005917 
408 0.005027 
409 0.004208 
410 0.005688 
411 0.007691 
412 0.008815 
413 0.009359 
414 0.009539 
415 0.008582 
416 0.005876 
417 0.002312 
418 -0.000636 
419 -0.002723 
420 -0.004212 
421 -0.003606 
422 0.000119 
423 0.006186 
424 0.011488 
425 0.013734 
426 0.013281 
427 0.011024 
428 0.007242 
429 0.002537 
430 -0.001866 
431 -0.004951 
432 -0.005990 
433 -0.005531 
434 -0.004308 
435 -0.002789 
436 -0.000801 
437 0.001366 
438 0.003035 
439 0.003423 
440 0.002325 
441 -0.000271 
442 -0.003615 
443 -0.005921 
444 -0.006464 
445 -0.006626 
446 -0.006587 
447 -0.004651 
448 -0.000188 
449 0.004243 
450 0.005768 
451 0.004875 
452 0.002827 
453 -0.001291 
454 -0.007058 
455 -0.010639 
456 -0.010989 
457 -0.010572 
458 -0.009343 
459 -0.005143 
460 0.000071 
461 0.001904 
462 -0.000020 
463 -0.002639 
464 -0.005008 
465 -0.008098 
466 -0.011030 
467 -0.012338 
468 -0.012338 
469 -0.011734 
470 -0.010022 
471 -0.006296 
472 -0.002299 
473 -0.001108 
474 -0.002141 
475 -0.002919 
476 -0.004024 
477 -0.007261 
478 -0.011431 
479 -0.014205 
480 -0.016720 
481 -0.019501 
482 -0.018671 
483 -0.013820 
484 -0.009906 
485 -0.008885 
486 -0.008217 
487 -0.007071 
488 -0.007691 
489 -0.011104 
490 -0.014613 
491 -0.016115 
492 -0.015891 
493 -0.014513 
494 -0.012243 
495 -0.009517 
496 -0.007223 
497 -0.006314 
498 -0.006392 
499 -0.006993 
500 -0.009078 
501 -0.012739 
502 -0.015984 
503 -0.017106 
504 -0.017373 
505 -0.018545 
506 -0.019176 
507 -0.017781 
508 -0.015548 
509 -0.014119 
510 -0.012791 
511 -0.010191 
512 -0.007007 
513 -0.004725 
514 -0.004033 
515 -0.005297 
516 -0.007874 
517 -0.010128 
518 -0.011123 
519 -0.011079 
520 -0.010500 
521 -0.008924 
522 -0.006183 
523 -0.003541 
524 -0.002534 
525 -0.002990 
526 -0.004709 
527 -0.008532 
528 -0.014163 
529 -0.018076 
530 -0.018019 
531 -0.015721 
532 -0.012071 
533 -0.006320 
534 -0.000183 
535 0.003180 
536 0.003587 
537 0.002324 
538 -0.000845 
539 -0.005925 
540 -0.009136 
541 -0.008414 
542 -0.006424 
543 -0.004627 
544 -0.001436 
545 0.002284 
546 0.004136 
547 0.003563 
548 0.002017 
549 0.000080 
550 -0.002867 
551 -0.005275 
552 -0.004546 
553 -0.001768 
554 0.000994 
555 0.003772 
556 0.006209 
557 0.006922 
558 0.004861 
559 0.001313 
560 -0.001733 
561 -0.003929 
562 -0.004244 
563 -0.001452 
564 0.002911 
565 0.006900 
566 0.010381 
567 0.012552 
568 0.011847 
569 0.008834 
570 0.005474 
571 0.002699 
572 0.001352 
573 0.002472 
574 0.005840 
575 0.009346 
576 0.012013 
577 0.014270 
578 0.015114 
579 0.013128 
580 0.009001 
581 0.004609 
582 0.000842 
583 -0.001829 
584 -0.002597 
585 -0.001077 
586 0.002091 
587 0.006299 
588 0.010832 
589 0.014803 
590 0.017099 
591 0.017139 
592 0.015444 
593 0.012860 
594 0.009821 
595 0.006749 
596 0.004281 
597 0.003137 
598 0.003535 
599 0.005841 
600 0.009796 
601 0.013699 
602 0.015760 
603 0.015764 
604 0.014623 
605 0.012896 
606 0.010937 
607 0.009141 
608 0.007644 
609 0.006802 
610 0.007695 
611 0.010916 
612 0.014618 
613 0.016243 
614 0.015571 
615 0.014770 
616 0.015055 
617 0.015507 
618 0.015643 
619 0.015066 
620 0.012806 
621 0.009845 
622 0.007853 
623 0.006681 
624 0.005462 
625 0.005223 
626 0.007590 
627 0.010967 
628 0.012668 
629 0.012990 
630 0.013381 
631 0.012921 
632 0.010853 
633 0.008954 
634 0.008131 
635 0.006990 
636 0.005659 
637 0.005430 
638 0.005406 
639 0.004029 
640 0.003168 
641 0.004421 
642 0.006137 
643 0.006930 
644 0.008542 
645 0.011039 
646 0.011727 
647 0.010427 
648 0.008898 
649 0.006772 
650 0.002804 
651 -0.001650 
652 -0.003669 
653 -0.002123 
654 0.001082 
655 0.004171 
656 0.007030 
657 0.008786 
658 0.007871 
659 0.004188 
660 0.001193 
661 0.000814 
662 0.000076 
663 -0.001859 
664 -0.001480 
665 0.001122 
666 0.002432 
667 0.002155 
668 0.003001 
669 0.003907 
670 0.002072 
671 -0.000391 
672 -0.000118 
673 -0.000015 
674 -0.002814 
675 -0.005104 
676 -0.004733 
677 -0.004822 
678 -0.006145 
679 -0.005276 
680 -0.002413 
681 -0.001687 
682 -0.003109 
683 -0.002473 
684 -0.000307 
685 -0.000950 
686 -0.003779 
687 -0.004752 
688 -0.004066 
689 -0.004030 
690 -0.004282 
691 -0.003463 
692 -0.002755 
693 -0.003832 
694 -0.005606 
695 -0.006541 
696 -0.006916 
697 -0.007216 
698 -0.006420 
699 -0.004464 
700 -0.003175 
701 -0.003703 
702 -0.005259 
703 -0.006919 
704 -0.008333 
705 -0.008973 
706 -0.008120 
707 -0.006097 
708 -0.003695 
709 -0.000899 
710 0.001852 
711 0.002405 
712 0.000363 
713 -0.002329 
714 -0.004421 
715 -0.006447 
716 -0.008395 
717 -0.008479 
718 -0.006726 
719 -0.005543 
720 -0.005117 
721 -0.004145 
722 -0.003299 
723 -0.004184 
724 -0.005587 
725 -0.005569 
726 -0.005112 
727 -0.005759 
728 -0.006483 
729 -0.006411 
730 -0.006456 
731 -0.006906 
732 -0.007012 
733 -0.006660 
734 -0.006258 
735 -0.005724 
736 -0.004444 
737 -0.002358 
738 -0.000652 
739 -0.000151 
740 -0.000841 
741 -0.002803 
742 -0.005597 
743 -0.008121 
744 -0.009601 
745 -0.009926 
746 -0.008993 
747 -0.006821 
748 -0.004152 
749 -0.002118 
750 -0.001235 
751 -0.001163 
752 -0.001948 
753 -0.003761 
754 -0.006238 
755 -0.008377 
756 -0.009039 
757 -0.008204 
758 -0.006599 
759 -0.003865 
760 -0.000056 
761 0.003280 
762 0.005125 
763 0.005583 
764 0.004330 
765 0.001131 
766 -0.003026 
767 -0.006160 
768 -0.007265 
769 -0.006602 
770 -0.004757 
771 -0.002534 
772 -0.000816 
773 0.000126 
774 0.000410 
775 -0.000343 
776 -0.001542 
777 -0.002185 
778 -0.002205 
779 -0.002372 
780 -0.003076 
781 -0.003497 
782 -0.003232 
783 -0.002950 
784 -0.002317 
785 -0.000572 
786 0.001286 
787 0.001959 
788 0.002191 
789 0.002301 
790 0.001273 
791 -0.001068 
792 -0.002982 
793 -0.003711 
794 -0.004346 
795 -0.004531 
796 -0.003056 
797 -0.000771 
798 0.000687 
799 0.001030 
800 0.000638 
801 -0.000009 
802 -0.000850 
803 -0.001875 
804 -0.002216 
805 -0.001683 
806 -0.001159 
807 -0.001085 
808 -0.000908 
809 -0.000320 
810 -0.000095 
811 -0.000532 
812 -0.000393 
813 0.000832 
814 0.001757 
815 0.001521 
816 0.000815 
817 0.000589 
818 0.000369 
819 -0.000475 
820 -0.001250 
821 -0.000777 
822 0.000585 
823 0.001760 
824 0.002629 
825 0.003612 
826 0.003866 
827 0.002632 
828 0.000797 
829 -0.000669 
830 -0.001905 
831 -0.002911 
832 -0.002949 
833 -0.001817 
834 -0.000211 
835 0.001428 
836 0.003187 
837 0.004508 
838 0.004165 
839 0.002319 
840 0.000450 
841 -0.000714 
842 -0.001242 
843 -0.001048 
844 0.000029 
845 0.001642 
846 0.003302 
847 0.004480 
848 0.004570 
849 0.003397 
850 0.001784 
851 0.000530 
852 -0.000508 
853 -0.001510 
854 -0.002050 
855 -0.001817 
856 -0.001077 
857 0.000116 
858 0.001707 
859 0.003333 
860 0.004288 
861 0.004168 
862 0.003494 
863 0.002811 
864 0.002008 
865 0.001107 
866 0.000559 
867 0.000459 
868 0.000569 
869 0.000894 
870 0.001639 
871 0.002482 
872 0.002886 
873 0.002902 
874 0.002794 
875 0.002536 
876 0.002029 
877 0.001257 
878 0.000345 
879 -0.000597 
880 -0.001402 
881 -0.001581 
882 -0.000880 
883 0.000406 
884 0.001811 
885 0.003135 
886 0.004177 
887 0.004469 
888 0.003669 
889 0.002259 
890 0.001016 
891 0.000102 
892 -0.000455 
893 -0.000308 
894 0.000419 
895 0.001222 
896 0.002060 
897 0.003122 
898 0.003900 
899 0.003898 
900 0.003197 
901 0.002089 
902 0.000832 
903 -0.000227 
904 -0.000702 
905 -0.000612 
906 -0.000235 
907 0.000366 
908 0.000955 
909 0.001369 
910 0.001911 
911 0.002552 
912 0.002768 
913 0.002553 
914 0.002246 
915 0.001857 
916 0.001318 
917 0.000935 
918 0.000995 
919 0.001136 
920 0.000930 
921 0.000753 
922 0.001020 
923 0.001394 
924 0.001609 
925 0.001709 
926 0.001734 
927 0.001556 
928 0.001071 
929 0.000436 
930 -0.000085 
931 -0.000445 
932 -0.000688 
933 -0.000581 
934 0.000020 
935 0.000980 
936 0.001807 
937 0.002150 
938 0.002071 
939 0.001717 
940 0.001137 
941 0.000425 
942 -0.000229 
943 -0.000678 
944 -0.000828 
945 -0.000766 
946 -0.000587 
947 -0.000361 
948 -0.000078 
949 0.000220 
950 0.000446 
951 0.000491 
952 0.000333 
953 -0.000011 
954 -0.000440 
955 -0.000727 
956 -0.000785 
957 -0.000789 
958 -0.000768 
959 -0.000522 
960 0.000018 
961 0.000537 
962 0.000691 
963 0.000552 
964 0.000293 
965 -0.000176 
966 -0.000812 
967 -0.001192 
968 -0.001205 
969 -0.001129 
970 -0.000978 
971 -0.000526 
972 0.000023 
973 0.000208 
974 -0.000002 
975 -0.000280 
976 -0.000519 
977 -0.000815 
978 -0.001092 
979 -0.001202 
980 -0.001178 
981 -0.001102 
982 -0.000935 
983 -0.000588 
984 -0.000216 
985 -0.000107 
986 -0.000211 
987 -0.000292 
988 -0.000392 
989 -0.000676 
990 -0.001042 
991 -0.001279 
992 -0.001484 
993 -0.001713 
994 -0.001635 
995 -0.001218 
996 -0.000883 
997 -0.000798 
998 -0.000743 
999 -0.000636 
1000 -0.000667 
1001 -0.000939 
1002 -0.001228 
1003 -0.001347 
1004 -0.001323 
1005 -0.001214 
1006 -0.001035 
1007 -0.000809 
1008 -0.000611 
1009 -0.000533 
1010 -0.000536 
1011 -0.000570 
1012 -0.000726 
1013 -0.001021 
1014 -0.001288 
1015 -0.001384 
1016 -0.001411 
1017 -0.001511 
1018 -0.001563 
1019 -0.001443 
1020 -0.001258 
1021 -0.001153 
1022 -0.001059 
1023 -0.000858 
