0 -0.059572 
1 -0.030693 
2 -0.038285 
3 -0.068852 
4 -0.052914 
5 -0.060673 
6 -0.015118 
7 -0.067538 
8 -0.026302 
9 -0.091300 
10 -0.016496 
11 -0.165745 
12 0.006996 
13 -0.166687 
14 0.068702 
15 -0.163968 
16 0.051248 
17 -0.099840 
18 -0.033073 
19 -0.029550 
20 -0.127800 
21 0.040637 
22 -0.183714 
23 0.027680 
24 -0.124664 
25 -0.044839 
26 -0.029272 
27 -0.168684 
28 0.088419 
29 -0.220444 
30 0.102387 
31 -0.219515 
32 0.042910 
33 -0.107210 
34 -0.096130 
35 0.057525 
36 -0.175773 
37 0.175298 
38 -0.288027 
39 0.132483 
40 -0.294593 
41 0.050391 
42 -0.206604 
43 -0.016190 
44 -0.025476 
45 -0.081926 
46 0.051252 
47 -0.154412 
48 0.063147 
49 -0.162595 
50 -0.024797 
51 -0.086390 
52 -0.115670 
53 0.007156 
54 -0.214867 
55 0.111050 
56 -0.219691 
57 0.137813 
58 -0.182264 
59 0.054828 
60 -0.115426 
61 -0.141876 
62 0.018882 
63 -0.209883 
64 0.199551 
65 -0.220290 
66 0.234718 
67 -0.225014 
68 0.073451 
69 -0.205237 
70 -0.105993 
71 -0.065748 
72 -0.227556 
73 0.097855 
74 -0.268661 
75 0.210647 
76 -0.200886 
77 0.217852 
78 -0.101320 
79 0.028610 
80 -0.060112 
81 -0.208508 
82 0.030681 
83 -0.220935 
84 0.176425 
85 -0.125684 
86 0.075582 
87 -0.102986 
88 -0.168628 
89 -0.080229 
90 -0.234260 
91 0.097490 
92 -0.039941 
93 0.137628 
94 0.097470 
95 0.023052 
96 0.062731 
97 -0.226412 
98 -0.109654 
99 -0.209279 
100 -0.167992 
101 0.048369 
102 -0.130510 
103 0.231992 
104 -0.188537 
105 0.178384 
106 -0.159318 
107 0.059784 
108 -0.027701 
109 -0.057239 
110 0.048093 
111 -0.119536 
112 0.077353 
113 -0.105424 
114 0.022781 
115 -0.052089 
116 -0.006973 
117 -0.040534 
118 -0.034120 
119 -0.032847 
120 0.007338 
121 -0.037094 
122 -0.007296 
123 -0.009630 
124 -0.045144 
125 -0.005588 
126 -0.050635 
127 0.004118 
128 0.024811 
129 -0.099287 
130 0.117590 
131 -0.196721 
132 0.176007 
133 -0.239867 
134 0.150171 
135 -0.120985 
136 0.003975 
137 0.017049 
138 -0.148555 
139 0.131020 
140 -0.167376 
141 0.117879 
142 0.014840 
143 -0.024317 
144 0.185311 
145 -0.235041 
146 0.246519 
147 -0.324363 
148 0.137003 
149 -0.203464 
150 0.003253 
151 0.047634 
152 -0.125448 
153 0.244520 
154 -0.147209 
155 0.226391 
156 -0.128563 
157 0.052721 
158 -0.044634 
159 -0.130238 
160 0.056918 
161 -0.163157 
162 0.147947 
163 -0.098707 
164 0.162782 
165 -0.015037 
166 0.072689 
167 -0.024715 
168 -0.036218 
169 -0.036378 
170 -0.089883 
171 0.003922 
172 -0.037668 
173 0.070054 
174 0.033168 
175 0.048463 
176 0.091218 
177 -0.070378 
178 0.108451 
179 -0.206266 
180 0.149255 
181 -0.205704 
182 0.148685 
183 -0.076290 
184 0.104510 
185 0.103020 
186 -0.064743 
187 0.181977 
188 -0.196918 
189 0.173900 
190 -0.212985 
191 0.137917 
192 -0.059959 
193 0.062469 
194 0.073217 
195 -0.045172 
196 0.120554 
197 -0.144165 
198 0.093598 
199 -0.095398 
200 0.076219 
201 0.016690 
202 0.026797 
203 0.114529 
204 -0.031583 
205 0.118239 
206 -0.061255 
207 0.093679 
208 -0.086347 
209 0.021816 
210 -0.043676 
211 0.010263 
212 0.010791 
213 0.044075 
214 0.051506 
215 0.087240 
216 -0.014208 
217 0.104151 
218 -0.058120 
219 0.105906 
220 -0.067226 
221 0.086521 
222 0.009347 
223 0.010712 
224 0.081950 
225 -0.076043 
226 0.143256 
227 -0.115684 
228 0.137436 
229 -0.057461 
230 0.086238 
231 0.039983 
232 -0.014750 
233 0.136169 
234 -0.078295 
235 0.148017 
236 -0.085590 
237 0.129424 
238 -0.030683 
239 0.073158 
240 0.038149 
241 0.058109 
242 0.055401 
243 0.032935 
244 0.025236 
245 0.042095 
246 -0.016563 
247 0.065363 
248 0.005050 
249 0.094536 
250 0.028285 
251 0.089781 
252 0.046626 
253 0.054273 
254 0.015719 
255 0.010176 
256 0.026799 
257 -0.020821 
258 0.058640 
259 -0.014250 
260 0.150866 
261 -0.006166 
262 0.175345 
263 0.006668 
264 0.114290 
265 0.006749 
266 -0.036635 
267 0.112139 
268 -0.127361 
269 0.222796 
270 -0.142486 
271 0.298284 
272 -0.054597 
273 0.166718 
274 0.025524 
275 -0.048788 
276 0.132323 
277 -0.203716 
278 0.237853 
279 -0.127889 
280 0.262842 
281 -0.010292 
282 0.135608 
283 0.098266 
284 -0.040160 
285 0.110559 
286 -0.089657 
287 0.096884 
288 -0.020941 
289 0.041151 
290 0.131713 
291 -0.007304 
292 0.199096 
293 -0.066526 
294 0.179954 
295 -0.096054 
296 0.102716 
297 -0.055110 
298 0.087438 
299 0.023222 
300 0.069819 
301 0.084275 
302 0.029668 
303 0.080199 
304 -0.039720 
305 0.100170 
306 -0.040715 
307 0.123659 
308 0.022766 
309 0.105861 
310 0.097287 
311 -0.025743 
312 0.131583 
313 -0.126069 
314 0.137392 
315 -0.106675 
316 0.109329 
317 0.048101 
318 -0.003456 
319 0.185490 
320 -0.126115 
321 0.253070 
322 -0.164553 
323 0.204480 
324 -0.063116 
325 0.088616 
326 0.070944 
327 -0.055460 
328 0.178089 
329 -0.122114 
330 0.167602 
331 -0.108707 
332 0.128999 
333 -0.037205 
334 0.050302 
335 0.036179 
336 0.051317 
337 0.070706 
338 0.052979 
339 0.062499 
340 0.076974 
341 0.009010 
342 0.041395 
343 0.009111 
344 -0.009414 
345 0.022566 
346 -0.050511 
347 0.109563 
348 -0.018462 
349 0.148441 
350 0.000663 
351 0.131369 
352 -0.030409 
353 0.033477 
354 -0.038856 
355 0.020412 
356 -0.011901 
357 0.050584 
358 0.045539 
359 0.098522 
360 0.007868 
361 0.069903 
362 -0.031544 
363 0.045023 
364 -0.064491 
365 0.067976 
366 -0.013199 
367 0.097830 
368 0.015664 
369 0.085231 
370 0.045189 
371 -0.004372 
372 0.034912 
373 -0.073879 
374 0.054586 
375 -0.088348 
376 0.090627 
377 0.003410 
378 0.096732 
379 0.060152 
380 -0.005844 
381 0.078770 
382 -0.138177 
383 0.059945 
384 -0.148520 
385 0.111245 
386 -0.020296 
387 0.105518 
388 0.112721 
389 -0.015337 
390 0.136464 
391 -0.193407 
392 0.139359 
393 -0.246901 
394 0.110516 
395 -0.147791 
396 0.076294 
397 0.057765 
398 -0.004523 
399 0.210194 
400 -0.103886 
401 0.204414 
402 -0.205021 
403 0.098275 
404 -0.166459 
405 0.021918 
406 -0.034064 
407 -0.003700 
408 0.101344 
409 -0.059092 
410 0.077174 
411 -0.075551 
412 0.026942 
413 -0.043441 
414 -0.029589 
415 0.063626 
416 -0.032000 
417 0.090536 
418 -0.059120 
419 0.057438 
420 -0.058042 
421 -0.040593 
422 -0.008817 
423 -0.082997 
424 0.087736 
425 -0.121867 
426 0.143689 
427 -0.114953 
428 0.136169 
429 -0.112453 
430 0.086047 
431 -0.063895 
432 -0.004718 
433 -0.043628 
434 -0.050706 
435 0.027702 
436 -0.056180 
437 0.040626 
438 -0.024762 
439 -0.010230 
440 -0.031935 
441 -0.080543 
442 0.034584 
443 -0.073022 
444 0.068924 
445 -0.044071 
446 0.077912 
447 -0.040071 
448 -0.000234 
449 -0.025157 
450 -0.061323 
451 -0.021509 
452 -0.124325 
453 0.023988 
454 -0.094242 
455 0.062704 
456 -0.050820 
457 0.059783 
458 -0.030348 
459 -0.024153 
460 -0.042009 
461 -0.068885 
462 -0.033021 
463 -0.033109 
464 -0.005174 
465 0.045826 
466 -0.028398 
467 0.046421 
468 -0.078396 
469 -0.036826 
470 -0.086086 
471 -0.110099 
472 0.001099 
473 -0.112925 
474 0.087984 
475 -0.090078 
476 0.113748 
477 -0.070882 
478 0.044469 
479 -0.075399 
480 -0.042327 
481 -0.096254 
482 -0.084967 
483 -0.071131 
484 0.008955 
485 -0.033860 
486 0.054862 
487 -0.023552 
488 0.010141 
489 -0.074606 
490 -0.081837 
491 -0.046541 
492 -0.086510 
493 0.004915 
494 -0.032876 
495 0.061422 
496 -0.022125 
497 0.005875 
498 -0.056826 
499 -0.030576 
500 -0.104473 
501 -0.034781 
502 -0.106600 
503 0.030724 
504 -0.077340 
505 0.031858 
506 -0.007911 
507 -0.021088 
508 0.020573 
509 -0.115170 
510 0.040319 
511 -0.130982 
512 0.006270 
513 -0.054735 
514 -0.040131 
515 0.043741 
516 -0.118593 
517 0.099732 
518 -0.146592 
519 0.058119 
520 -0.123147 
521 -0.005646 
522 -0.011792 
523 -0.064588 
524 0.059119 
525 -0.088493 
526 0.064796 
527 -0.092005 
528 0.021767 
529 -0.048161 
530 -0.026376 
531 -0.035532 
532 -0.075188 
533 -0.001201 
534 -0.067945 
535 -0.010877 
536 -0.033904 
537 0.000402 
538 -0.004205 
539 -0.023516 
540 -0.006085 
541 -0.011730 
542 -0.023060 
543 -0.004167 
544 -0.057099 
545 0.005393 
546 -0.122658 
547 0.018604 
548 -0.142035 
549 0.080042 
550 -0.102129 
551 0.123134 
552 -0.047342 
553 0.066003 
554 -0.033463 
555 -0.063668 
556 -0.000304 
557 -0.158445 
558 0.039954 
559 -0.154622 
560 0.086784 
561 -0.095368 
562 0.074129 
563 0.002108 
564 0.015278 
565 0.020747 
566 -0.082168 
567 0.003429 
568 -0.121387 
569 -0.034196 
570 -0.052954 
571 0.001043 
572 0.037895 
573 -0.017465 
574 0.081496 
575 -0.052093 
576 0.024938 
577 -0.120117 
578 -0.034440 
579 -0.090218 
580 -0.053947 
581 0.002497 
582 0.021054 
583 0.082377 
584 0.027182 
585 0.038406 
586 0.019319 
587 -0.089944 
588 -0.014889 
589 -0.156916 
590 0.049494 
591 -0.136138 
592 0.093300 
593 -0.026221 
594 0.075637 
595 0.044954 
596 -0.062684 
597 0.084804 
598 -0.163806 
599 0.084021 
600 -0.153174 
601 0.097938 
602 -0.049492 
603 0.046518 
604 0.043949 
605 -0.019029 
606 0.070450 
607 -0.076962 
608 0.029532 
609 -0.051731 
610 -0.047387 
611 0.006869 
612 -0.053898 
613 0.079456 
614 -0.016001 
615 0.053257 
616 0.035668 
617 -0.034203 
618 0.064910 
619 -0.100619 
620 0.134706 
621 -0.108083 
622 0.124816 
623 -0.084581 
624 0.072900 
625 -0.032706 
626 -0.022130 
627 0.030636 
628 -0.052749 
629 0.094878 
630 -0.068180 
631 0.123924 
632 -0.056417 
633 0.071371 
634 -0.041561 
635 0.012718 
636 0.033396 
637 -0.064818 
638 0.084434 
639 -0.084375 
640 0.102633 
641 -0.071308 
642 0.064283 
643 0.035296 
644 -0.030887 
645 0.128171 
646 -0.122507 
647 0.215574 
648 -0.170455 
649 0.204401 
650 -0.116595 
651 0.129939 
652 -0.059305 
653 -0.021690 
654 0.026960 
655 -0.083840 
656 0.071886 
657 -0.038287 
658 0.112548 
659 0.045053 
660 0.041236 
661 0.090327 
662 -0.008666 
663 0.055447 
664 -0.037435 
665 -0.005811 
666 0.019393 
667 -0.080538 
668 0.105467 
669 -0.067796 
670 0.198471 
671 -0.067219 
672 0.188452 
673 -0.065312 
674 0.102451 
675 -0.096515 
676 0.022119 
677 -0.044141 
678 0.043852 
679 0.030061 
680 0.097203 
681 0.104230 
682 0.074652 
683 0.059857 
684 -0.013137 
685 0.033013 
686 -0.100999 
687 0.044732 
688 -0.083166 
689 0.151545 
690 -0.024883 
691 0.200749 
692 0.000608 
693 0.163451 
694 -0.062073 
695 0.080216 
696 -0.080946 
697 0.022034 
698 -0.039458 
699 0.031561 
700 0.085930 
701 0.059163 
702 0.140051 
703 0.042487 
704 0.089581 
705 -0.020725 
706 0.000940 
707 0.016121 
708 0.001038 
709 0.076719 
710 0.032178 
711 0.106183 
712 0.063027 
713 0.003151 
714 0.094471 
715 -0.082894 
716 0.144230 
717 -0.155581 
718 0.180530 
719 -0.098902 
720 0.178780 
721 -0.003931 
722 0.112003 
723 0.089096 
724 -0.021501 
725 0.110638 
726 -0.071972 
727 0.134523 
728 -0.060014 
729 0.077817 
730 0.002319 
731 0.018898 
732 0.027946 
733 0.005090 
734 0.071572 
735 0.055003 
736 0.030718 
737 0.124776 
738 -0.015563 
739 0.138147 
740 -0.078720 
741 0.123484 
742 -0.075583 
743 0.083718 
744 -0.033437 
745 0.085288 
746 0.031591 
747 0.056661 
748 0.070540 
749 0.029946 
750 0.087542 
751 -0.026343 
752 0.085984 
753 -0.058016 
754 0.082358 
755 -0.068780 
756 0.107465 
757 -0.008162 
758 0.112857 
759 0.028753 
760 0.083827 
761 0.024722 
762 0.028133 
763 -0.021706 
764 0.040553 
765 -0.015269 
766 0.077681 
767 0.004779 
768 0.124205 
769 0.037043 
770 0.086408 
771 0.044327 
772 0.011290 
773 0.049905 
774 -0.071964 
775 0.069982 
776 -0.039325 
777 0.090676 
778 0.009696 
779 0.083353 
780 0.059165 
781 0.034740 
782 0.033663 
783 0.006045 
784 0.004584 
785 0.004024 
786 0.022827 
787 0.090685 
788 0.049581 
789 0.096237 
790 0.009523 
791 0.060679 
792 -0.062818 
793 0.015832 
794 -0.037373 
795 0.070355 
796 0.008797 
797 0.085744 
798 0.055724 
799 0.067532 
800 0.033284 
801 0.005124 
802 0.008185 
803 -0.006995 
804 -0.027530 
805 0.014072 
806 0.043615 
807 0.062551 
808 0.082200 
809 0.023195 
810 0.077658 
811 -0.061758 
812 0.019705 
813 -0.072145 
814 0.046062 
815 -0.001792 
816 0.034966 
817 0.072033 
818 0.002936 
819 0.062955 
820 -0.051771 
821 0.010152 
822 -0.032922 
823 -0.036139 
824 0.038987 
825 -0.011622 
826 0.095220 
827 -0.010733 
828 0.040456 
829 0.027290 
830 -0.052464 
831 0.078424 
832 -0.096301 
833 0.130295 
834 -0.130075 
835 0.081046 
836 -0.102741 
837 0.040512 
838 -0.042300 
839 0.018048 
840 0.016060 
841 0.037630 
842 0.001840 
843 0.054283 
844 -0.031666 
845 0.070822 
846 -0.078245 
847 0.058709 
848 -0.102089 
849 0.031963 
850 -0.097230 
851 0.018656 
852 -0.033694 
853 0.024786 
854 0.025723 
855 0.008181 
856 0.077423 
857 -0.060654 
858 0.085756 
859 -0.164067 
860 0.103916 
861 -0.234509 
862 0.141144 
863 -0.195906 
864 0.188593 
865 -0.121274 
866 0.164744 
867 -0.079583 
868 0.053146 
869 -0.089804 
870 -0.031905 
871 -0.053264 
872 -0.050134 
873 -0.002387 
874 -0.009235 
875 0.034513 
876 -0.016960 
877 0.027212 
878 -0.058622 
879 0.019509 
880 -0.129660 
881 0.040507 
882 -0.128091 
883 0.064908 
884 -0.107008 
885 0.071150 
886 -0.025740 
887 0.018733 
888 -0.008935 
889 -0.060291 
890 -0.025946 
891 -0.101356 
892 -0.056675 
893 -0.000137 
894 -0.053149 
895 0.102565 
896 -0.095338 
897 0.104012 
898 -0.150393 
899 -0.014846 
900 -0.114345 
901 -0.081929 
902 0.045036 
903 -0.153077 
904 0.190701 
905 -0.192409 
906 0.230802 
907 -0.245234 
908 0.154113 
909 -0.230506 
910 0.005486 
911 -0.154908 
912 -0.056435 
913 -0.008776 
914 -0.087016 
915 0.075187 
916 -0.093965 
917 0.077433 
918 -0.122638 
919 -0.002257 
920 -0.094636 
921 -0.057693 
922 -0.025378 
923 -0.050011 
924 0.028490 
925 -0.023611 
926 -0.057296 
927 -0.002970 
928 -0.183219 
929 0.056545 
930 -0.266569 
931 0.182224 
932 -0.248018 
933 0.223646 
934 -0.188103 
935 0.162978 
936 -0.112467 
937 -0.005620 
938 -0.055876 
939 -0.120531 
940 -0.025936 
941 -0.165020 
942 0.029289 
943 -0.107581 
944 0.067774 
945 -0.065427 
946 0.082035 
947 -0.107627 
948 0.046167 
949 -0.181480 
950 0.061806 
951 -0.180750 
952 0.092200 
953 -0.126353 
954 0.066208 
955 -0.102092 
956 -0.007686 
957 -0.087696 
958 -0.025001 
959 -0.084602 
960 0.005828 
961 -0.083691 
962 0.035090 
963 -0.083371 
964 0.015131 
965 -0.031678 
966 -0.081212 
967 0.034170 
968 -0.173799 
969 0.107775 
970 -0.222829 
971 0.139509 
972 -0.165334 
973 0.112063 
974 -0.118531 
975 -0.003777 
976 -0.107565 
977 -0.069805 
978 -0.116122 
979 -0.045043 
980 -0.074160 
981 0.065923 
982 -0.040985 
983 0.086122 
984 -0.031034 
985 -0.026935 
986 -0.061417 
987 -0.172341 
988 -0.015692 
989 -0.203123 
990 0.031079 
991 -0.110736 
992 0.070610 
993 -0.009886 
994 0.005289 
995 -0.016400 
996 -0.094110 
997 -0.111157 
998 -0.103768 
999 -0.162191 
1000 0.033873 
1001 -0.153931 
1002 0.133152 
1003 -0.142808 
1004 0.106616 
1005 -0.150874 
1006 -0.029291 
1007 -0.106555 
1008 -0.129659 
1009 -0.027408 
1010 -0.163183 
1011 0.071822 
1012 -0.144368 
1013 0.092965 
1014 -0.127807 
1015 0.061196 
1016 -0.142207 
1017 0.004018 
1018 -0.153083 
1019 -0.019046 
1020 -0.149799 
1021 -0.016388 
1022 -0.085468 
1023 -0.010800 
