0 -0.000064 
1 -0.000181 
2 -0.000270 
3 -0.000298 
4 -0.000301 
5 -0.000273 
6 -0.000183 
7 -0.000073 
8 -0.000005 
9 -0.000010 
10 -0.000115 
11 -0.000303 
12 -0.000466 
13 -0.000508 
14 -0.000464 
15 -0.000411 
16 -0.000314 
17 -0.000159 
18 -0.000051 
19 -0.000021 
20 0.000006 
21 0.000039 
22 0.000016 
23 -0.000089 
24 -0.000208 
25 -0.000281 
26 -0.000309 
27 -0.000323 
28 -0.000333 
29 -0.000315 
30 -0.000241 
31 -0.000142 
32 -0.000049 
33 0.000032 
34 0.000046 
35 -0.000022 
36 -0.000125 
37 -0.000214 
38 -0.000291 
39 -0.000354 
40 -0.000346 
41 -0.000263 
42 -0.000162 
43 -0.000063 
44 0.000042 
45 0.000109 
46 0.000031 
47 -0.000161 
48 -0.000286 
49 -0.000228 
50 -0.000053 
51 0.000068 
52 0.000089 
53 0.000102 
54 0.000187 
55 0.000256 
56 0.000138 
57 -0.000075 
58 -0.000177 
59 -0.000183 
60 -0.000208 
61 -0.000191 
62 -0.000066 
63 0.000057 
64 0.000095 
65 0.000139 
66 0.000207 
67 0.000218 
68 0.000163 
69 0.000064 
70 -0.000081 
71 -0.000206 
72 -0.000170 
73 0.000054 
74 0.000335 
75 0.000551 
76 0.000699 
77 0.000744 
78 0.000595 
79 0.000298 
80 -0.000002 
81 -0.000239 
82 -0.000429 
83 -0.000504 
84 -0.000336 
85 0.000028 
86 0.000345 
87 0.000505 
88 0.000623 
89 0.000720 
90 0.000715 
91 0.000625 
92 0.000622 
93 0.000645 
94 0.000560 
95 0.000457 
96 0.000385 
97 0.000224 
98 -0.000032 
99 -0.000189 
100 -0.000158 
101 -0.000039 
102 0.000106 
103 0.000363 
104 0.000758 
105 0.001100 
106 0.001226 
107 0.001169 
108 0.000966 
109 0.000585 
110 0.000061 
111 -0.000425 
112 -0.000691 
113 -0.000710 
114 -0.000468 
115 -0.000039 
116 0.000440 
117 0.000899 
118 0.001332 
119 0.001555 
120 0.001396 
121 0.001063 
122 0.000861 
123 0.000637 
124 0.000189 
125 -0.000155 
126 -0.000080 
127 0.000159 
128 0.000261 
129 0.000322 
130 0.000536 
131 0.000691 
132 0.000557 
133 0.000239 
134 -0.000053 
135 -0.000129 
136 0.000074 
137 0.000274 
138 0.000272 
139 0.000230 
140 0.000367 
141 0.000568 
142 0.000643 
143 0.000723 
144 0.000917 
145 0.000902 
146 0.000628 
147 0.000494 
148 0.000584 
149 0.000462 
150 0.000081 
151 0.000023 
152 0.000309 
153 0.000341 
154 0.000186 
155 0.000238 
156 0.000351 
157 0.000171 
158 -0.000004 
159 0.000091 
160 0.000060 
161 -0.000299 
162 -0.000611 
163 -0.000712 
164 -0.000813 
165 -0.000816 
166 -0.000434 
167 0.000142 
168 0.000424 
169 0.000442 
170 0.000488 
171 0.000482 
172 0.000115 
173 -0.000451 
174 -0.000877 
175 -0.001090 
176 -0.001084 
177 -0.000765 
178 -0.000325 
179 0.000056 
180 0.000486 
181 0.000956 
182 0.001156 
183 0.000967 
184 0.000464 
185 -0.000346 
186 -0.001310 
187 -0.002097 
188 -0.002595 
189 -0.002713 
190 -0.002214 
191 -0.001266 
192 -0.000466 
193 -0.000016 
194 0.000377 
195 0.000805 
196 0.000931 
197 0.000531 
198 -0.000036 
199 -0.000345 
200 -0.000319 
201 -0.000393 
202 -0.000704 
203 -0.000734 
204 -0.000372 
205 -0.000205 
206 -0.000549 
207 -0.000901 
208 -0.000821 
209 -0.000791 
210 -0.001234 
211 -0.001669 
212 -0.001299 
213 -0.000277 
214 0.000660 
215 0.000972 
216 0.000880 
217 0.000777 
218 0.000601 
219 -0.000234 
220 -0.001737 
221 -0.002975 
222 -0.003275 
223 -0.002850 
224 -0.001970 
225 -0.000530 
226 0.001188 
227 0.002348 
228 0.002377 
229 0.001478 
230 0.000190 
231 -0.001181 
232 -0.002350 
233 -0.002925 
234 -0.002614 
235 -0.001743 
236 -0.000918 
237 -0.000197 
238 0.000528 
239 0.000912 
240 0.000782 
241 0.000586 
242 0.000625 
243 0.000328 
244 -0.000736 
245 -0.002017 
246 -0.002937 
247 -0.003350 
248 -0.003217 
249 -0.002538 
250 -0.001161 
251 0.000618 
252 0.002268 
253 0.003542 
254 0.004184 
255 0.003701 
256 0.002074 
257 0.000272 
258 -0.001174 
259 -0.002412 
260 -0.003141 
261 -0.002934 
262 -0.002116 
263 -0.001211 
264 -0.000081 
265 0.001363 
266 0.002615 
267 0.003129 
268 0.002969 
269 0.002603 
270 0.001977 
271 0.000915 
272 -0.000215 
273 -0.000838 
274 -0.001081 
275 -0.001598 
276 -0.002095 
277 -0.001934 
278 -0.001002 
279 0.000040 
280 0.000754 
281 0.001348 
282 0.002003 
283 0.002383 
284 0.002029 
285 0.001176 
286 0.000564 
287 0.000149 
288 -0.000538 
289 -0.001285 
290 -0.001390 
291 -0.000807 
292 -0.000110 
293 0.000263 
294 0.000598 
295 0.001183 
296 0.001809 
297 0.001717 
298 0.000836 
299 0.000003 
300 -0.000356 
301 -0.000730 
302 -0.001439 
303 -0.001572 
304 -0.000455 
305 0.000754 
306 0.000858 
307 0.000655 
308 0.001218 
309 0.001437 
310 -0.000017 
311 -0.002000 
312 -0.002907 
313 -0.002810 
314 -0.002729 
315 -0.002711 
316 -0.002117 
317 -0.000836 
318 0.000783 
319 0.001797 
320 0.001635 
321 0.000841 
322 -0.000016 
323 -0.001193 
324 -0.002684 
325 -0.003148 
326 -0.001933 
327 -0.000542 
328 -0.000046 
329 0.000331 
330 0.001207 
331 0.001515 
332 0.000476 
333 -0.000850 
334 -0.001408 
335 -0.001676 
336 -0.002149 
337 -0.002042 
338 -0.000896 
339 -0.000096 
340 -0.000342 
341 -0.000511 
342 0.000043 
343 0.000599 
344 0.000422 
345 -0.000163 
346 -0.000498 
347 -0.000763 
348 -0.001356 
349 -0.002163 
350 -0.002516 
351 -0.001720 
352 -0.000178 
353 0.001143 
354 0.001833 
355 0.002126 
356 0.002063 
357 0.001243 
358 -0.000527 
359 -0.002181 
360 -0.002596 
361 -0.001924 
362 -0.000820 
363 0.000067 
364 0.000485 
365 0.000008 
366 -0.001167 
367 -0.002345 
368 -0.002906 
369 -0.002759 
370 -0.001941 
371 -0.000671 
372 0.000716 
373 0.001606 
374 0.001824 
375 0.001492 
376 0.000723 
377 -0.000303 
378 -0.001000 
379 -0.001315 
380 -0.001501 
381 -0.001488 
382 -0.000870 
383 -0.000103 
384 0.000399 
385 0.001043 
386 0.002130 
387 0.003005 
388 0.002836 
389 0.001564 
390 0.000207 
391 -0.000443 
392 -0.000738 
393 -0.001642 
394 -0.002956 
395 -0.003206 
396 -0.002049 
397 -0.000248 
398 0.001833 
399 0.003955 
400 0.005135 
401 0.004729 
402 0.003564 
403 0.002415 
404 0.000839 
405 -0.001332 
406 -0.002630 
407 -0.001994 
408 -0.000384 
409 0.000583 
410 0.000899 
411 0.001526 
412 0.002266 
413 0.002611 
414 0.002933 
415 0.003684 
416 0.004496 
417 0.004281 
418 0.002740 
419 0.000759 
420 -0.000827 
421 -0.001562 
422 -0.002030 
423 -0.002424 
424 -0.001873 
425 -0.000386 
426 0.000761 
427 0.001222 
428 0.002136 
429 0.003668 
430 0.004511 
431 0.004239 
432 0.003816 
433 0.003522 
434 0.002392 
435 0.000137 
436 -0.001951 
437 -0.002470 
438 -0.001278 
439 0.000687 
440 0.002533 
441 0.003645 
442 0.003407 
443 0.001893 
444 0.000187 
445 -0.000893 
446 -0.001604 
447 -0.001535 
448 0.000320 
449 0.002901 
450 0.004251 
451 0.003992 
452 0.003159 
453 0.001923 
454 0.000190 
455 -0.001344 
456 -0.001711 
457 -0.000604 
458 0.001302 
459 0.002747 
460 0.002983 
461 0.002588 
462 0.002662 
463 0.003142 
464 0.002490 
465 0.000365 
466 -0.001468 
467 -0.001939 
468 -0.001706 
469 -0.001282 
470 -0.000272 
471 0.000947 
472 0.001455 
473 0.001324 
474 0.001250 
475 0.001237 
476 0.001024 
477 0.000523 
478 -0.000456 
479 -0.001142 
480 -0.001154 
481 -0.000940 
482 -0.001337 
483 -0.001715 
484 -0.000965 
485 0.000403 
486 0.001152 
487 0.001227 
488 0.001225 
489 0.000738 
490 -0.000723 
491 -0.002285 
492 -0.002523 
493 -0.001853 
494 -0.001547 
495 -0.001752 
496 -0.001594 
497 -0.001068 
498 -0.000917 
499 -0.001004 
500 -0.000955 
501 -0.000974 
502 -0.001087 
503 -0.000846 
504 -0.000551 
505 -0.000849 
506 -0.001463 
507 -0.001621 
508 -0.001468 
509 -0.001100 
510 -0.000466 
511 -0.000084 
512 -0.000771 
513 -0.002233 
514 -0.003339 
515 -0.003633 
516 -0.003617 
517 -0.003227 
518 -0.002091 
519 -0.000702 
520 0.000165 
521 0.000081 
522 -0.001267 
523 -0.003599 
524 -0.005588 
525 -0.006086 
526 -0.005542 
527 -0.004867 
528 -0.003635 
529 -0.001740 
530 -0.000471 
531 -0.000130 
532 0.000211 
533 0.000602 
534 0.000276 
535 -0.000998 
536 -0.002380 
537 -0.003205 
538 -0.003511 
539 -0.003620 
540 -0.003671 
541 -0.003445 
542 -0.002583 
543 -0.001448 
544 -0.000402 
545 0.000488 
546 0.000654 
547 -0.000073 
548 -0.001206 
549 -0.002167 
550 -0.002954 
551 -0.003585 
552 -0.003530 
553 -0.002721 
554 -0.001675 
555 -0.000620 
556 0.000439 
557 0.001100 
558 0.000368 
559 -0.001434 
560 -0.002590 
561 -0.001996 
562 -0.000312 
563 0.000805 
564 0.000926 
565 0.001000 
566 0.001750 
567 0.002346 
568 0.001275 
569 -0.000558 
570 -0.001379 
571 -0.001381 
572 -0.001576 
573 -0.001419 
574 -0.000392 
575 0.000549 
576 0.000764 
577 0.001068 
578 0.001633 
579 0.001772 
580 0.001395 
581 0.000651 
582 -0.000457 
583 -0.001402 
584 -0.001094 
585 0.000589 
586 0.002624 
587 0.004162 
588 0.005217 
589 0.005476 
590 0.004279 
591 0.002092 
592 -0.000010 
593 -0.001638 
594 -0.002939 
595 -0.003410 
596 -0.002190 
597 0.000314 
598 0.002405 
599 0.003426 
600 0.004172 
601 0.004747 
602 0.004643 
603 0.004017 
604 0.003931 
605 0.003951 
606 0.003305 
607 0.002627 
608 0.002222 
609 0.001313 
610 -0.000142 
611 -0.000973 
612 -0.000720 
613 -0.000046 
614 0.000688 
615 0.002034 
616 0.004126 
617 0.005870 
618 0.006425 
619 0.006052 
620 0.004983 
621 0.003016 
622 0.000359 
623 -0.002022 
624 -0.003264 
625 -0.003317 
626 -0.002138 
627 -0.000084 
628 0.002119 
629 0.004127 
630 0.005995 
631 0.006954 
632 0.006214 
633 0.004732 
634 0.003868 
635 0.002915 
636 0.000973 
637 -0.000545 
638 -0.000314 
639 0.000584 
640 0.000928 
641 0.001160 
642 0.002081 
643 0.002804 
644 0.002367 
645 0.001178 
646 0.000042 
647 -0.000308 
648 0.000336 
649 0.000943 
650 0.000851 
651 0.000693 
652 0.001216 
653 0.001968 
654 0.002287 
655 0.002633 
656 0.003323 
657 0.003242 
658 0.002252 
659 0.001714 
660 0.001927 
661 0.001500 
662 0.000289 
663 0.000109 
664 0.001012 
665 0.001161 
666 0.000737 
667 0.000897 
668 0.001208 
669 0.000676 
670 0.000159 
671 0.000381 
672 0.000249 
673 -0.000722 
674 -0.001528 
675 -0.001791 
676 -0.002062 
677 -0.002020 
678 -0.000948 
679 0.000566 
680 0.001289 
681 0.001329 
682 0.001402 
683 0.001307 
684 0.000367 
685 -0.001003 
686 -0.002028 
687 -0.002536 
688 -0.002463 
689 -0.001628 
690 -0.000556 
691 0.000347 
692 0.001340 
693 0.002363 
694 0.002729 
695 0.002257 
696 0.001162 
697 -0.000562 
698 -0.002603 
699 -0.004245 
700 -0.005248 
701 -0.005462 
702 -0.004427 
703 -0.002495 
704 -0.000844 
705 0.000115 
706 0.000947 
707 0.001818 
708 0.002071 
709 0.001286 
710 0.000160 
711 -0.000488 
712 -0.000511 
713 -0.000677 
714 -0.001198 
715 -0.001185 
716 -0.000482 
717 -0.000126 
718 -0.000655 
719 -0.001226 
720 -0.001114 
721 -0.001105 
722 -0.001866 
723 -0.002593 
724 -0.002005 
725 -0.000377 
726 0.001113 
727 0.001631 
728 0.001522 
729 0.001360 
730 0.001061 
731 -0.000195 
732 -0.002387 
733 -0.004167 
734 -0.004592 
735 -0.003966 
736 -0.002685 
737 -0.000654 
738 0.001701 
739 0.003257 
740 0.003290 
741 0.002095 
742 0.000401 
743 -0.001372 
744 -0.002849 
745 -0.003562 
746 -0.003177 
747 -0.002119 
748 -0.001127 
749 -0.000244 
750 0.000643 
751 0.001106 
752 0.000967 
753 0.000775 
754 0.000847 
755 0.000491 
756 -0.000749 
757 -0.002188 
758 -0.003177 
759 -0.003597 
760 -0.003420 
761 -0.002634 
762 -0.001113 
763 0.000753 
764 0.002408 
765 0.003666 
766 0.004287 
767 0.003743 
768 0.002049 
769 0.000252 
770 -0.001118 
771 -0.002274 
772 -0.002958 
773 -0.002732 
774 -0.001901 
775 -0.001024 
776 -0.000020 
777 0.001242 
778 0.002345 
779 0.002770 
780 0.002560 
781 0.002187 
782 0.001641 
783 0.000749 
784 -0.000188 
785 -0.000679 
786 -0.000839 
787 -0.001247 
788 -0.001661 
789 -0.001543 
790 -0.000827 
791 -0.000058 
792 0.000446 
793 0.000884 
794 0.001389 
795 0.001683 
796 0.001450 
797 0.000884 
798 0.000489 
799 0.000192 
800 -0.000326 
801 -0.000887 
802 -0.001006 
803 -0.000663 
804 -0.000224 
805 0.000035 
806 0.000292 
807 0.000715 
808 0.001164 
809 0.001130 
810 0.000558 
811 0.000000 
812 -0.000255 
813 -0.000513 
814 -0.000958 
815 -0.001025 
816 -0.000333 
817 0.000388 
818 0.000442 
819 0.000318 
820 0.000621 
821 0.000714 
822 -0.000116 
823 -0.001201 
824 -0.001666 
825 -0.001563 
826 -0.001449 
827 -0.001382 
828 -0.001060 
829 -0.000419 
830 0.000387 
831 0.000870 
832 0.000740 
833 0.000306 
834 -0.000116 
835 -0.000661 
836 -0.001335 
837 -0.001508 
838 -0.000897 
839 -0.000234 
840 -0.000010 
841 0.000146 
842 0.000518 
843 0.000636 
844 0.000174 
845 -0.000397 
846 -0.000631 
847 -0.000736 
848 -0.000917 
849 -0.000855 
850 -0.000376 
851 -0.000045 
852 -0.000135 
853 -0.000200 
854 0.000015 
855 0.000238 
856 0.000186 
857 -0.000030 
858 -0.000161 
859 -0.000261 
860 -0.000475 
861 -0.000763 
862 -0.000884 
863 -0.000600 
864 -0.000069 
865 0.000374 
866 0.000607 
867 0.000717 
868 0.000707 
869 0.000444 
870 -0.000118 
871 -0.000631 
872 -0.000756 
873 -0.000551 
874 -0.000215 
875 0.000048 
876 0.000155 
877 -0.000006 
878 -0.000355 
879 -0.000682 
880 -0.000816 
881 -0.000747 
882 -0.000493 
883 -0.000126 
884 0.000257 
885 0.000489 
886 0.000529 
887 0.000428 
888 0.000223 
889 -0.000043 
890 -0.000216 
891 -0.000283 
892 -0.000314 
893 -0.000298 
894 -0.000139 
895 0.000043 
896 0.000154 
897 0.000297 
898 0.000539 
899 0.000720 
900 0.000661 
901 0.000365 
902 0.000066 
903 -0.000067 
904 -0.000111 
905 -0.000281 
906 -0.000546 
907 -0.000595 
908 -0.000353 
909 0.000020 
910 0.000436 
911 0.000843 
912 0.001054 
913 0.000958 
914 0.000723 
915 0.000501 
916 0.000207 
917 -0.000191 
918 -0.000417 
919 -0.000285 
920 0.000010 
921 0.000166 
922 0.000197 
923 0.000288 
924 0.000403 
925 0.000451 
926 0.000506 
927 0.000653 
928 0.000814 
929 0.000786 
930 0.000525 
931 0.000194 
932 -0.000071 
933 -0.000203 
934 -0.000294 
935 -0.000365 
936 -0.000279 
937 -0.000047 
938 0.000129 
939 0.000200 
940 0.000336 
941 0.000556 
942 0.000673 
943 0.000628 
944 0.000562 
945 0.000516 
946 0.000356 
947 0.000047 
948 -0.000234 
949 -0.000302 
950 -0.000144 
951 0.000106 
952 0.000330 
953 0.000459 
954 0.000423 
955 0.000231 
956 0.000019 
957 -0.000106 
958 -0.000179 
959 -0.000160 
960 0.000060 
961 0.000355 
962 0.000500 
963 0.000455 
964 0.000344 
965 0.000195 
966 0.000005 
967 -0.000155 
968 -0.000183 
969 -0.000053 
970 0.000157 
971 0.000312 
972 0.000333 
973 0.000282 
974 0.000278 
975 0.000317 
976 0.000242 
977 0.000022 
978 -0.000163 
979 -0.000209 
980 -0.000184 
981 -0.000136 
982 -0.000030 
983 0.000090 
984 0.000137 
985 0.000123 
986 0.000113 
987 0.000106 
988 0.000081 
989 0.000035 
990 -0.000049 
991 -0.000105 
992 -0.000102 
993 -0.000084 
994 -0.000125 
995 -0.000167 
996 -0.000109 
997 0.000005 
998 0.000068 
999 0.000078 
1000 0.000089 
1001 0.000060 
1002 -0.000055 
1003 -0.000184 
1004 -0.000208 
1005 -0.000160 
1006 -0.000144 
1007 -0.000167 
1008 -0.000155 
1009 -0.000111 
1010 -0.000094 
1011 -0.000094 
1012 -0.000085 
1013 -0.000085 
1014 -0.000094 
1015 -0.000073 
1016 -0.000049 
1017 -0.000076 
1018 -0.000130 
1019 -0.000146 
1020 -0.000135 
1021 -0.000104 
1022 -0.000052 
1023 -0.000020 
