0 0.000170 
1 0.000171 
2 0.000166 
3 0.000141 
4 0.000120 
5 0.000128 
6 0.000142 
7 0.000146 
8 0.000165 
9 0.000202 
10 0.000235 
11 0.000242 
12 0.000239 
13 0.000250 
14 0.000252 
15 0.000222 
16 0.000191 
17 0.000191 
18 0.000196 
19 0.000171 
20 0.000128 
21 0.000110 
22 0.000117 
23 0.000110 
24 0.000105 
25 0.000142 
26 0.000202 
27 0.000234 
28 0.000250 
29 0.000271 
30 0.000274 
31 0.000219 
32 0.000159 
33 0.000134 
34 0.000119 
35 0.000091 
36 0.000099 
37 0.000157 
38 0.000217 
39 0.000230 
40 0.000213 
41 0.000200 
42 0.000181 
43 0.000130 
44 0.000072 
45 0.000066 
46 0.000106 
47 0.000146 
48 0.000172 
49 0.000190 
50 0.000175 
51 0.000109 
52 0.000045 
53 0.000002 
54 -0.000043 
55 -0.000074 
56 -0.000067 
57 -0.000004 
58 0.000085 
59 0.000121 
60 0.000100 
61 0.000062 
62 0.000033 
63 -0.000002 
64 -0.000064 
65 -0.000102 
66 -0.000085 
67 -0.000047 
68 -0.000030 
69 0.000014 
70 0.000068 
71 0.000056 
72 -0.000011 
73 -0.000065 
74 -0.000118 
75 -0.000217 
76 -0.000299 
77 -0.000327 
78 -0.000301 
79 -0.000252 
80 -0.000199 
81 -0.000162 
82 -0.000143 
83 -0.000172 
84 -0.000221 
85 -0.000250 
86 -0.000259 
87 -0.000300 
88 -0.000351 
89 -0.000343 
90 -0.000322 
91 -0.000380 
92 -0.000442 
93 -0.000428 
94 -0.000407 
95 -0.000454 
96 -0.000441 
97 -0.000346 
98 -0.000310 
99 -0.000377 
100 -0.000429 
101 -0.000418 
102 -0.000462 
103 -0.000559 
104 -0.000600 
105 -0.000560 
106 -0.000503 
107 -0.000423 
108 -0.000359 
109 -0.000311 
110 -0.000287 
111 -0.000295 
112 -0.000389 
113 -0.000546 
114 -0.000635 
115 -0.000633 
116 -0.000625 
117 -0.000618 
118 -0.000538 
119 -0.000386 
120 -0.000272 
121 -0.000237 
122 -0.000222 
123 -0.000241 
124 -0.000323 
125 -0.000419 
126 -0.000461 
127 -0.000450 
128 -0.000355 
129 -0.000204 
130 -0.000028 
131 0.000103 
132 0.000214 
133 0.000281 
134 0.000167 
135 -0.000106 
136 -0.000322 
137 -0.000378 
138 -0.000384 
139 -0.000370 
140 -0.000235 
141 0.000009 
142 0.000203 
143 0.000301 
144 0.000291 
145 0.000264 
146 0.000256 
147 0.000208 
148 0.000118 
149 0.000126 
150 0.000193 
151 0.000208 
152 0.000244 
153 0.000350 
154 0.000452 
155 0.000467 
156 0.000463 
157 0.000497 
158 0.000494 
159 0.000446 
160 0.000372 
161 0.000303 
162 0.000234 
163 0.000226 
164 0.000253 
165 0.000240 
166 0.000242 
167 0.000397 
168 0.000592 
169 0.000675 
170 0.000655 
171 0.000628 
172 0.000550 
173 0.000408 
174 0.000242 
175 0.000138 
176 0.000068 
177 0.000161 
178 0.000461 
179 0.000739 
180 0.000798 
181 0.000781 
182 0.000832 
183 0.000773 
184 0.000467 
185 0.000198 
186 0.000216 
187 0.000361 
188 0.000471 
189 0.000596 
190 0.000778 
191 0.000800 
192 0.000636 
193 0.000448 
194 0.000289 
195 0.000074 
196 -0.000045 
197 0.000116 
198 0.000407 
199 0.000587 
200 0.000791 
201 0.001014 
202 0.001071 
203 0.000980 
204 0.000923 
205 0.000790 
206 0.000469 
207 0.000221 
208 0.000282 
209 0.000385 
210 0.000355 
211 0.000520 
212 0.000817 
213 0.000947 
214 0.000837 
215 0.000687 
216 0.000605 
217 0.000412 
218 0.000186 
219 0.000143 
220 0.000126 
221 0.000195 
222 0.000369 
223 0.000476 
224 0.000331 
225 0.000135 
226 0.000172 
227 0.000235 
228 0.000040 
229 -0.000133 
230 -0.000015 
231 0.000166 
232 0.000177 
233 0.000076 
234 -0.000039 
235 -0.000180 
236 -0.000345 
237 -0.000437 
238 -0.000613 
239 -0.000793 
240 -0.000753 
241 -0.000478 
242 -0.000410 
243 -0.000555 
244 -0.000459 
245 -0.000231 
246 -0.000291 
247 -0.000662 
248 -0.000870 
249 -0.000890 
250 -0.001115 
251 -0.001473 
252 -0.001619 
253 -0.001594 
254 -0.001527 
255 -0.001386 
256 -0.001199 
257 -0.001109 
258 -0.001132 
259 -0.001289 
260 -0.001469 
261 -0.001644 
262 -0.001804 
263 -0.001990 
264 -0.002103 
265 -0.002012 
266 -0.001746 
267 -0.001497 
268 -0.001348 
269 -0.001247 
270 -0.001258 
271 -0.001373 
272 -0.001540 
273 -0.001808 
274 -0.002089 
275 -0.002277 
276 -0.002316 
277 -0.002246 
278 -0.002057 
279 -0.001849 
280 -0.001750 
281 -0.001703 
282 -0.001537 
283 -0.001490 
284 -0.001680 
285 -0.001780 
286 -0.001570 
287 -0.001403 
288 -0.001448 
289 -0.001519 
290 -0.001391 
291 -0.001417 
292 -0.001548 
293 -0.001538 
294 -0.001497 
295 -0.001529 
296 -0.001355 
297 -0.000835 
298 -0.000379 
299 -0.000266 
300 -0.000113 
301 0.000211 
302 0.000207 
303 -0.000165 
304 -0.000351 
305 -0.000245 
306 -0.000263 
307 -0.000437 
308 -0.000395 
309 -0.000121 
310 0.000085 
311 0.000075 
312 0.000073 
313 0.000181 
314 0.000448 
315 0.000762 
316 0.000756 
317 0.000538 
318 0.000321 
319 0.000274 
320 0.000311 
321 0.000512 
322 0.000794 
323 0.001166 
324 0.001776 
325 0.002364 
326 0.002569 
327 0.002006 
328 0.001249 
329 0.000732 
330 0.000213 
331 -0.000226 
332 -0.000099 
333 0.000637 
334 0.001434 
335 0.002123 
336 0.002641 
337 0.002827 
338 0.002508 
339 0.001961 
340 0.001397 
341 0.000750 
342 0.000219 
343 0.000281 
344 0.000894 
345 0.001539 
346 0.002069 
347 0.002574 
348 0.002818 
349 0.002549 
350 0.001990 
351 0.001466 
352 0.001153 
353 0.001005 
354 0.000989 
355 0.001281 
356 0.001771 
357 0.002231 
358 0.002444 
359 0.002468 
360 0.002471 
361 0.002418 
362 0.002029 
363 0.001775 
364 0.001879 
365 0.002127 
366 0.002063 
367 0.002048 
368 0.002214 
369 0.002133 
370 0.001770 
371 0.001616 
372 0.001682 
373 0.001566 
374 0.001517 
375 0.001660 
376 0.001856 
377 0.001979 
378 0.002080 
379 0.002193 
380 0.002150 
381 0.002035 
382 0.001929 
383 0.001802 
384 0.001515 
385 0.001224 
386 0.001176 
387 0.001395 
388 0.001474 
389 0.001402 
390 0.001400 
391 0.001461 
392 0.001200 
393 0.000520 
394 0.000021 
395 -0.000212 
396 -0.000478 
397 -0.000574 
398 -0.000175 
399 0.000274 
400 0.000452 
401 0.000495 
402 0.000582 
403 0.000539 
404 0.000339 
405 0.000006 
406 -0.000264 
407 -0.000595 
408 -0.000778 
409 -0.000836 
410 -0.001092 
411 -0.001349 
412 -0.001264 
413 -0.000985 
414 -0.000968 
415 -0.001022 
416 -0.000840 
417 -0.000740 
418 -0.001199 
419 -0.001724 
420 -0.001904 
421 -0.001934 
422 -0.002128 
423 -0.002250 
424 -0.002063 
425 -0.001962 
426 -0.002002 
427 -0.002057 
428 -0.002148 
429 -0.002479 
430 -0.002864 
431 -0.003108 
432 -0.003147 
433 -0.003426 
434 -0.003542 
435 -0.003122 
436 -0.002507 
437 -0.002288 
438 -0.002269 
439 -0.002124 
440 -0.001993 
441 -0.002178 
442 -0.002521 
443 -0.002688 
444 -0.002713 
445 -0.002757 
446 -0.002790 
447 -0.002906 
448 -0.002906 
449 -0.002757 
450 -0.002876 
451 -0.003082 
452 -0.003110 
453 -0.003283 
454 -0.003573 
455 -0.003545 
456 -0.002970 
457 -0.002482 
458 -0.002129 
459 -0.001376 
460 -0.000514 
461 -0.000516 
462 -0.001149 
463 -0.001401 
464 -0.001612 
465 -0.002242 
466 -0.002792 
467 -0.002588 
468 -0.001954 
469 -0.001517 
470 -0.000871 
471 0.000172 
472 0.000815 
473 0.000650 
474 0.000465 
475 0.000422 
476 -0.000113 
477 -0.001007 
478 -0.001505 
479 -0.001276 
480 -0.000774 
481 -0.000066 
482 0.000917 
483 0.001841 
484 0.002243 
485 0.002220 
486 0.002045 
487 0.001622 
488 0.000881 
489 0.000161 
490 -0.000071 
491 0.000120 
492 0.000689 
493 0.001429 
494 0.002270 
495 0.002801 
496 0.002872 
497 0.002966 
498 0.003121 
499 0.002924 
500 0.002400 
501 0.002224 
502 0.002555 
503 0.002489 
504 0.001891 
505 0.001602 
506 0.001718 
507 0.001711 
508 0.001513 
509 0.001646 
510 0.002056 
511 0.002187 
512 0.002248 
513 0.002261 
514 0.002197 
515 0.001880 
516 0.001611 
517 0.001708 
518 0.001889 
519 0.001933 
520 0.002171 
521 0.002621 
522 0.003018 
523 0.003095 
524 0.003051 
525 0.003167 
526 0.003188 
527 0.002811 
528 0.002419 
529 0.002403 
530 0.002457 
531 0.002142 
532 0.001621 
533 0.001397 
534 0.001469 
535 0.001387 
536 0.001318 
537 0.001751 
538 0.002425 
539 0.002779 
540 0.002947 
541 0.003171 
542 0.003183 
543 0.002542 
544 0.001855 
545 0.001566 
546 0.001382 
547 0.001063 
548 0.001140 
549 0.001756 
550 0.002386 
551 0.002511 
552 0.002314 
553 0.002152 
554 0.001944 
555 0.001405 
556 0.000804 
557 0.000728 
558 0.001127 
559 0.001507 
560 0.001747 
561 0.001910 
562 0.001747 
563 0.001101 
564 0.000486 
565 0.000078 
566 -0.000330 
567 -0.000613 
568 -0.000546 
569 0.000022 
570 0.000814 
571 0.001125 
572 0.000926 
573 0.000585 
574 0.000331 
575 0.000029 
576 -0.000490 
577 -0.000808 
578 -0.000656 
579 -0.000346 
580 -0.000205 
581 0.000152 
582 0.000573 
583 0.000478 
584 -0.000039 
585 -0.000450 
586 -0.000847 
587 -0.001581 
588 -0.002164 
589 -0.002347 
590 -0.002136 
591 -0.001763 
592 -0.001364 
593 -0.001096 
594 -0.000950 
595 -0.001134 
596 -0.001449 
597 -0.001627 
598 -0.001671 
599 -0.001913 
600 -0.002212 
601 -0.002138 
602 -0.001994 
603 -0.002328 
604 -0.002679 
605 -0.002569 
606 -0.002411 
607 -0.002671 
608 -0.002559 
609 -0.001986 
610 -0.001750 
611 -0.002111 
612 -0.002373 
613 -0.002282 
614 -0.002496 
615 -0.002987 
616 -0.003181 
617 -0.002932 
618 -0.002611 
619 -0.002162 
620 -0.001812 
621 -0.001549 
622 -0.001409 
623 -0.001429 
624 -0.001869 
625 -0.002601 
626 -0.002988 
627 -0.002945 
628 -0.002873 
629 -0.002814 
630 -0.002416 
631 -0.001713 
632 -0.001193 
633 -0.001027 
634 -0.000953 
635 -0.001020 
636 -0.001354 
637 -0.001731 
638 -0.001881 
639 -0.001814 
640 -0.001408 
641 -0.000794 
642 -0.000089 
643 0.000415 
644 0.000834 
645 0.001081 
646 0.000646 
647 -0.000375 
648 -0.001162 
649 -0.001346 
650 -0.001351 
651 -0.001283 
652 -0.000795 
653 0.000061 
654 0.000725 
655 0.001047 
656 0.001003 
657 0.000904 
658 0.000869 
659 0.000705 
660 0.000411 
661 0.000440 
662 0.000646 
663 0.000685 
664 0.000787 
665 0.001098 
666 0.001392 
667 0.001422 
668 0.001395 
669 0.001483 
670 0.001458 
671 0.001304 
672 0.001087 
673 0.000894 
674 0.000694 
675 0.000668 
676 0.000733 
677 0.000694 
678 0.000687 
679 0.001081 
680 0.001563 
681 0.001756 
682 0.001686 
683 0.001599 
684 0.001388 
685 0.001032 
686 0.000623 
687 0.000375 
688 0.000209 
689 0.000423 
690 0.001106 
691 0.001727 
692 0.001839 
693 0.001782 
694 0.001876 
695 0.001732 
696 0.001057 
697 0.000480 
698 0.000508 
699 0.000801 
700 0.001018 
701 0.001263 
702 0.001617 
703 0.001645 
704 0.001304 
705 0.000927 
706 0.000615 
707 0.000202 
708 -0.000020 
709 0.000281 
710 0.000816 
711 0.001128 
712 0.001485 
713 0.001862 
714 0.001945 
715 0.001768 
716 0.001654 
717 0.001412 
718 0.000858 
719 0.000439 
720 0.000537 
721 0.000701 
722 0.000645 
723 0.000901 
724 0.001365 
725 0.001552 
726 0.001365 
727 0.001119 
728 0.000983 
729 0.000685 
730 0.000340 
731 0.000276 
732 0.000252 
733 0.000349 
734 0.000597 
735 0.000742 
736 0.000533 
737 0.000256 
738 0.000306 
739 0.000387 
740 0.000124 
741 -0.000105 
742 0.000051 
743 0.000283 
744 0.000296 
745 0.000166 
746 0.000021 
747 -0.000150 
748 -0.000351 
749 -0.000457 
750 -0.000663 
751 -0.000868 
752 -0.000811 
753 -0.000479 
754 -0.000395 
755 -0.000557 
756 -0.000445 
757 -0.000187 
758 -0.000253 
759 -0.000653 
760 -0.000874 
761 -0.000887 
762 -0.001114 
763 -0.001477 
764 -0.001611 
765 -0.001569 
766 -0.001482 
767 -0.001325 
768 -0.001125 
769 -0.001025 
770 -0.001040 
771 -0.001176 
772 -0.001336 
773 -0.001485 
774 -0.001620 
775 -0.001777 
776 -0.001861 
777 -0.001762 
778 -0.001506 
779 -0.001272 
780 -0.001128 
781 -0.001029 
782 -0.001028 
783 -0.001114 
784 -0.001242 
785 -0.001453 
786 -0.001672 
787 -0.001812 
788 -0.001822 
789 -0.001749 
790 -0.001582 
791 -0.001404 
792 -0.001310 
793 -0.001261 
794 -0.001122 
795 -0.001075 
796 -0.001206 
797 -0.001264 
798 -0.001100 
799 -0.000970 
800 -0.000996 
801 -0.001037 
802 -0.000937 
803 -0.000942 
804 -0.001018 
805 -0.001000 
806 -0.000963 
807 -0.000974 
808 -0.000851 
809 -0.000507 
810 -0.000213 
811 -0.000141 
812 -0.000044 
813 0.000156 
814 0.000153 
815 -0.000074 
816 -0.000185 
817 -0.000120 
818 -0.000128 
819 -0.000229 
820 -0.000201 
821 -0.000044 
822 0.000072 
823 0.000064 
824 0.000064 
825 0.000122 
826 0.000267 
827 0.000433 
828 0.000424 
829 0.000306 
830 0.000188 
831 0.000163 
832 0.000180 
833 0.000281 
834 0.000417 
835 0.000595 
836 0.000884 
837 0.001154 
838 0.001237 
839 0.000958 
840 0.000598 
841 0.000355 
842 0.000115 
843 -0.000081 
844 -0.000024 
845 0.000299 
846 0.000641 
847 0.000929 
848 0.001137 
849 0.001204 
850 0.001057 
851 0.000821 
852 0.000585 
853 0.000318 
854 0.000104 
855 0.000127 
856 0.000362 
857 0.000603 
858 0.000798 
859 0.000977 
860 0.001056 
861 0.000947 
862 0.000732 
863 0.000538 
864 0.000419 
865 0.000363 
866 0.000352 
867 0.000448 
868 0.000608 
869 0.000755 
870 0.000817 
871 0.000815 
872 0.000807 
873 0.000780 
874 0.000648 
875 0.000559 
876 0.000586 
877 0.000655 
878 0.000629 
879 0.000618 
880 0.000659 
881 0.000627 
882 0.000515 
883 0.000464 
884 0.000476 
885 0.000439 
886 0.000420 
887 0.000454 
888 0.000503 
889 0.000531 
890 0.000551 
891 0.000574 
892 0.000556 
893 0.000519 
894 0.000485 
895 0.000446 
896 0.000370 
897 0.000295 
898 0.000280 
899 0.000328 
900 0.000342 
901 0.000322 
902 0.000317 
903 0.000327 
904 0.000265 
905 0.000112 
906 0.000002 
907 -0.000049 
908 -0.000106 
909 -0.000126 
910 -0.000043 
911 0.000051 
912 0.000086 
913 0.000093 
914 0.000110 
915 0.000100 
916 0.000060 
917 -0.000004 
918 -0.000056 
919 -0.000117 
920 -0.000150 
921 -0.000160 
922 -0.000205 
923 -0.000258 
924 -0.000240 
925 -0.000188 
926 -0.000182 
927 -0.000189 
928 -0.000156 
929 -0.000137 
930 -0.000212 
931 -0.000296 
932 -0.000321 
933 -0.000322 
934 -0.000348 
935 -0.000364 
936 -0.000330 
937 -0.000311 
938 -0.000313 
939 -0.000318 
940 -0.000328 
941 -0.000372 
942 -0.000423 
943 -0.000453 
944 -0.000454 
945 -0.000486 
946 -0.000497 
947 -0.000434 
948 -0.000347 
949 -0.000315 
950 -0.000309 
951 -0.000287 
952 -0.000267 
953 -0.000287 
954 -0.000327 
955 -0.000344 
956 -0.000343 
957 -0.000345 
958 -0.000345 
959 -0.000355 
960 -0.000352 
961 -0.000330 
962 -0.000341 
963 -0.000360 
964 -0.000360 
965 -0.000376 
966 -0.000404 
967 -0.000398 
968 -0.000332 
969 -0.000276 
970 -0.000235 
971 -0.000153 
972 -0.000061 
973 -0.000061 
974 -0.000125 
975 -0.000150 
976 -0.000170 
977 -0.000231 
978 -0.000282 
979 -0.000259 
980 -0.000195 
981 -0.000152 
982 -0.000089 
983 0.000011 
984 0.000072 
985 0.000055 
986 0.000038 
987 0.000034 
988 -0.000015 
989 -0.000095 
990 -0.000139 
991 -0.000118 
992 -0.000072 
993 -0.000009 
994 0.000078 
995 0.000158 
996 0.000192 
997 0.000189 
998 0.000174 
999 0.000136 
1000 0.000072 
1001 0.000011 
1002 -0.000008 
1003 0.000008 
1004 0.000056 
1005 0.000118 
1006 0.000187 
1007 0.000231 
1008 0.000237 
1009 0.000244 
1010 0.000256 
1011 0.000239 
1012 0.000196 
1013 0.000180 
1014 0.000207 
1015 0.000201 
1016 0.000153 
1017 0.000130 
1018 0.000139 
1019 0.000139 
1020 0.000124 
1021 0.000134 
1022 0.000167 
1023 0.000177 
