0 0.000133 
1 0.000017 
2 -0.000080 
3 -0.000190 
4 -0.000309 
5 -0.000364 
6 -0.000285 
7 -0.000076 
8 0.000176 
9 0.000325 
10 0.000342 
11 0.000306 
12 0.000267 
13 0.000153 
14 -0.000045 
15 -0.000274 
16 -0.000442 
17 -0.000492 
18 -0.000402 
19 -0.000165 
20 0.000151 
21 0.000426 
22 0.000559 
23 0.000520 
24 0.000359 
25 0.000151 
26 -0.000109 
27 -0.000402 
28 -0.000616 
29 -0.000641 
30 -0.000431 
31 -0.000089 
32 0.000253 
33 0.000495 
34 0.000598 
35 0.000573 
36 0.000434 
37 0.000188 
38 -0.000153 
39 -0.000482 
40 -0.000645 
41 -0.000572 
42 -0.000339 
43 -0.000066 
44 0.000190 
45 0.000452 
46 0.000671 
47 0.000732 
48 0.000556 
49 0.000205 
50 -0.000168 
51 -0.000439 
52 -0.000557 
53 -0.000506 
54 -0.000325 
55 -0.000064 
56 0.000238 
57 0.000562 
58 0.000795 
59 0.000804 
60 0.000557 
61 0.000179 
62 -0.000152 
63 -0.000292 
64 -0.000277 
65 -0.000203 
66 -0.000102 
67 0.000045 
68 0.000244 
69 0.000460 
70 0.000638 
71 0.000722 
72 0.000637 
73 0.000387 
74 0.000124 
75 -0.000001 
76 -0.000005 
77 -0.000011 
78 -0.000023 
79 0.000008 
80 0.000154 
81 0.000404 
82 0.000612 
83 0.000652 
84 0.000528 
85 0.000375 
86 0.000318 
87 0.000340 
88 0.000345 
89 0.000241 
90 0.000092 
91 0.000011 
92 0.000064 
93 0.000144 
94 0.000164 
95 0.000228 
96 0.000452 
97 0.000750 
98 0.000904 
99 0.000807 
100 0.000574 
101 0.000345 
102 0.000135 
103 -0.000106 
104 -0.000323 
105 -0.000379 
106 -0.000214 
107 0.000171 
108 0.000672 
109 0.001124 
110 0.001336 
111 0.001186 
112 0.000799 
113 0.000372 
114 0.000032 
115 -0.000258 
116 -0.000494 
117 -0.000617 
118 -0.000510 
119 -0.000052 
120 0.000673 
121 0.001387 
122 0.001759 
123 0.001642 
124 0.001156 
125 0.000563 
126 0.000037 
127 -0.000435 
128 -0.000935 
129 -0.001227 
130 -0.000953 
131 -0.000110 
132 0.000950 
133 0.001728 
134 0.002010 
135 0.001814 
136 0.001280 
137 0.000614 
138 -0.000066 
139 -0.000712 
140 -0.001217 
141 -0.001352 
142 -0.000920 
143 -0.000058 
144 0.000887 
145 0.001587 
146 0.001961 
147 0.001991 
148 0.001613 
149 0.000773 
150 -0.000323 
151 -0.001200 
152 -0.001498 
153 -0.001279 
154 -0.000723 
155 -0.000005 
156 0.000846 
157 0.001588 
158 0.001965 
159 0.001911 
160 0.001376 
161 0.000514 
162 -0.000439 
163 -0.001189 
164 -0.001399 
165 -0.001058 
166 -0.000487 
167 0.000067 
168 0.000502 
169 0.000878 
170 0.001190 
171 0.001363 
172 0.001239 
173 0.000676 
174 -0.000256 
175 -0.000948 
176 -0.000998 
177 -0.000618 
178 -0.000342 
179 -0.000414 
180 -0.000434 
181 -0.000019 
182 0.000695 
183 0.001124 
184 0.000899 
185 0.000229 
186 -0.000341 
187 -0.000608 
188 -0.000672 
189 -0.000668 
190 -0.000670 
191 -0.000728 
192 -0.000837 
193 -0.000773 
194 -0.000476 
195 -0.000160 
196 0.000014 
197 0.000149 
198 0.000391 
199 0.000479 
200 0.000235 
201 -0.000308 
202 -0.000949 
203 -0.001496 
204 -0.001819 
205 -0.001912 
206 -0.001585 
207 -0.000900 
208 -0.000048 
209 0.000678 
210 0.001120 
211 0.001192 
212 0.000695 
213 -0.000311 
214 -0.001383 
215 -0.002151 
216 -0.002494 
217 -0.002660 
218 -0.002493 
219 -0.001773 
220 -0.000513 
221 0.000958 
222 0.002022 
223 0.002162 
224 0.001197 
225 -0.000434 
226 -0.001938 
227 -0.002821 
228 -0.003148 
229 -0.003367 
230 -0.003277 
231 -0.002246 
232 -0.000127 
233 0.002016 
234 0.002999 
235 0.002476 
236 0.001056 
237 -0.000545 
238 -0.002041 
239 -0.003234 
240 -0.003996 
241 -0.004062 
242 -0.003252 
243 -0.001712 
244 0.000169 
245 0.001833 
246 0.002656 
247 0.002361 
248 0.001187 
249 -0.000372 
250 -0.001982 
251 -0.003403 
252 -0.004262 
253 -0.004213 
254 -0.003346 
255 -0.001814 
256 0.000091 
257 0.001929 
258 0.002851 
259 0.002469 
260 0.001234 
261 -0.000313 
262 -0.001955 
263 -0.003504 
264 -0.004399 
265 -0.004086 
266 -0.002603 
267 -0.000763 
268 0.000484 
269 0.001013 
270 0.001232 
271 0.001392 
272 0.001147 
273 0.000181 
274 -0.001252 
275 -0.002694 
276 -0.003440 
277 -0.003160 
278 -0.002066 
279 -0.001054 
280 -0.000603 
281 -0.000417 
282 0.000098 
283 0.000927 
284 0.001276 
285 0.000579 
286 -0.000716 
287 -0.001711 
288 -0.001874 
289 -0.001635 
290 -0.001342 
291 -0.001348 
292 -0.001413 
293 -0.001305 
294 -0.000803 
295 -0.000000 
296 0.000728 
297 0.000860 
298 0.000569 
299 0.000303 
300 -0.000018 
301 -0.000460 
302 -0.001160 
303 -0.001918 
304 -0.002628 
305 -0.002894 
306 -0.002309 
307 -0.000881 
308 0.000755 
309 0.001942 
310 0.002326 
311 0.002159 
312 0.001668 
313 0.000608 
314 -0.001267 
315 -0.003217 
316 -0.003991 
317 -0.003430 
318 -0.002315 
319 -0.001188 
320 0.000104 
321 0.001825 
322 0.003514 
323 0.004318 
324 0.003425 
325 0.001061 
326 -0.001637 
327 -0.003616 
328 -0.004467 
329 -0.004362 
330 -0.003559 
331 -0.001953 
332 0.000545 
333 0.003444 
334 0.005565 
335 0.005757 
336 0.003747 
337 0.000703 
338 -0.002166 
339 -0.004201 
340 -0.005000 
341 -0.004531 
342 -0.003153 
343 -0.001227 
344 0.001120 
345 0.003731 
346 0.005529 
347 0.005509 
348 0.003538 
349 0.000532 
350 -0.002199 
351 -0.003995 
352 -0.004724 
353 -0.004571 
354 -0.003442 
355 -0.001302 
356 0.001429 
357 0.003963 
358 0.005441 
359 0.005260 
360 0.003298 
361 0.000554 
362 -0.001831 
363 -0.003468 
364 -0.004397 
365 -0.004598 
366 -0.003486 
367 -0.001002 
368 0.001923 
369 0.003929 
370 0.004117 
371 0.003140 
372 0.001946 
373 0.000729 
374 -0.000757 
375 -0.002487 
376 -0.003620 
377 -0.003575 
378 -0.002253 
379 -0.000387 
380 0.001073 
381 0.001617 
382 0.001690 
383 0.002070 
384 0.002398 
385 0.001993 
386 0.000516 
387 -0.001142 
388 -0.002177 
389 -0.002299 
390 -0.001617 
391 -0.000704 
392 0.000059 
393 0.000444 
394 0.000537 
395 0.000645 
396 0.001267 
397 0.002186 
398 0.002417 
399 0.001503 
400 0.000267 
401 -0.000194 
402 -0.000488 
403 -0.001222 
404 -0.002301 
405 -0.002833 
406 -0.002029 
407 0.000025 
408 0.002340 
409 0.003777 
410 0.003786 
411 0.003064 
412 0.002146 
413 0.000903 
414 -0.000706 
415 -0.002658 
416 -0.004200 
417 -0.004255 
418 -0.002602 
419 -0.000015 
420 0.002082 
421 0.003453 
422 0.004402 
423 0.004809 
424 0.004059 
425 0.002009 
426 -0.000936 
427 -0.003829 
428 -0.005476 
429 -0.005402 
430 -0.003792 
431 -0.001348 
432 0.001378 
433 0.003923 
434 0.005934 
435 0.006800 
436 0.005632 
437 0.002173 
438 -0.002057 
439 -0.005388 
440 -0.006987 
441 -0.006715 
442 -0.004709 
443 -0.001387 
444 0.002215 
445 0.004939 
446 0.006523 
447 0.006720 
448 0.005113 
449 0.001721 
450 -0.002400 
451 -0.005632 
452 -0.006676 
453 -0.005785 
454 -0.004104 
455 -0.002038 
456 0.000732 
457 0.004253 
458 0.006928 
459 0.007137 
460 0.004703 
461 0.000798 
462 -0.002817 
463 -0.005050 
464 -0.005644 
465 -0.005243 
466 -0.004137 
467 -0.001835 
468 0.001561 
469 0.004590 
470 0.005652 
471 0.004592 
472 0.002381 
473 0.000249 
474 -0.001355 
475 -0.002776 
476 -0.003711 
477 -0.003868 
478 -0.003123 
479 -0.001676 
480 0.000086 
481 0.001834 
482 0.003019 
483 0.002926 
484 0.001850 
485 0.000777 
486 0.000060 
487 -0.000610 
488 -0.001674 
489 -0.002643 
490 -0.002805 
491 -0.001905 
492 -0.000497 
493 0.000542 
494 0.001137 
495 0.001282 
496 0.001241 
497 0.001271 
498 0.001413 
499 0.001133 
500 0.000206 
501 -0.000814 
502 -0.001262 
503 -0.001181 
504 -0.001338 
505 -0.001918 
506 -0.002168 
507 -0.001204 
508 0.000955 
509 0.003038 
510 0.003904 
511 0.003157 
512 0.001643 
513 0.000183 
514 -0.001039 
515 -0.002415 
516 -0.003907 
517 -0.004588 
518 -0.003600 
519 -0.000987 
520 0.002137 
521 0.003965 
522 0.004164 
523 0.003700 
524 0.003197 
525 0.001785 
526 -0.000638 
527 -0.003409 
528 -0.005423 
529 -0.006003 
530 -0.004882 
531 -0.002020 
532 0.001759 
533 0.005017 
534 0.006555 
535 0.006053 
536 0.004131 
537 0.001682 
538 -0.001313 
539 -0.004671 
540 -0.007085 
541 -0.007340 
542 -0.004913 
543 -0.001057 
544 0.002770 
545 0.005435 
546 0.006535 
547 0.006194 
548 0.004644 
549 0.001960 
550 -0.001696 
551 -0.005167 
552 -0.006845 
553 -0.006037 
554 -0.003562 
555 -0.000730 
556 0.001868 
557 0.004484 
558 0.006627 
559 0.007187 
560 0.005394 
561 0.001935 
562 -0.001677 
563 -0.004253 
564 -0.005329 
565 -0.004798 
566 -0.003070 
567 -0.000648 
568 0.002101 
569 0.004989 
570 0.007013 
571 0.007035 
572 0.004812 
573 0.001492 
574 -0.001353 
575 -0.002519 
576 -0.002363 
577 -0.001725 
578 -0.000883 
579 0.000313 
580 0.001898 
581 0.003588 
582 0.004935 
583 0.005544 
584 0.004835 
585 0.002901 
586 0.000898 
587 -0.000028 
588 -0.000049 
589 -0.000090 
590 -0.000176 
591 0.000036 
592 0.001060 
593 0.002771 
594 0.004172 
595 0.004398 
596 0.003517 
597 0.002456 
598 0.002056 
599 0.002172 
600 0.002186 
601 0.001508 
602 0.000564 
603 0.000054 
604 0.000381 
605 0.000861 
606 0.000980 
607 0.001353 
608 0.002648 
609 0.004345 
610 0.005173 
611 0.004569 
612 0.003216 
613 0.001918 
614 0.000762 
615 -0.000535 
616 -0.001666 
617 -0.001933 
618 -0.001044 
619 0.000953 
620 0.003491 
621 0.005720 
622 0.006713 
623 0.005903 
624 0.003960 
625 0.001871 
626 0.000243 
627 -0.001119 
628 -0.002199 
629 -0.002737 
630 -0.002218 
631 -0.000137 
632 0.003082 
633 0.006179 
634 0.007717 
635 0.007135 
636 0.004998 
637 0.002465 
638 0.000266 
639 -0.001656 
640 -0.003642 
641 -0.004755 
642 -0.003624 
643 -0.000307 
644 0.003757 
645 0.006658 
646 0.007638 
647 0.006820 
648 0.004789 
649 0.002328 
650 -0.000123 
651 -0.002392 
652 -0.004126 
653 -0.004540 
654 -0.003015 
655 -0.000080 
656 0.003073 
657 0.005339 
658 0.006493 
659 0.006511 
660 0.005236 
661 0.002529 
662 -0.000911 
663 -0.003606 
664 -0.004470 
665 -0.003754 
666 -0.002047 
667 0.000099 
668 0.002579 
669 0.004689 
670 0.005704 
671 0.005481 
672 0.003915 
673 0.001480 
674 -0.001145 
675 -0.003161 
676 -0.003689 
677 -0.002741 
678 -0.001213 
679 0.000237 
680 0.001345 
681 0.002278 
682 0.003023 
683 0.003408 
684 0.003064 
685 0.001669 
686 -0.000578 
687 -0.002212 
688 -0.002309 
689 -0.001417 
690 -0.000773 
691 -0.000933 
692 -0.000977 
693 -0.000055 
694 0.001505 
695 0.002419 
696 0.001922 
697 0.000492 
698 -0.000703 
699 -0.001246 
700 -0.001364 
701 -0.001352 
702 -0.001353 
703 -0.001466 
704 -0.001680 
705 -0.001542 
706 -0.000958 
707 -0.000353 
708 -0.000021 
709 0.000233 
710 0.000680 
711 0.000831 
712 0.000381 
713 -0.000593 
714 -0.001715 
715 -0.002650 
716 -0.003175 
717 -0.003302 
718 -0.002714 
719 -0.001549 
720 -0.000130 
721 0.001052 
722 0.001753 
723 0.001846 
724 0.001039 
725 -0.000549 
726 -0.002203 
727 -0.003354 
728 -0.003835 
729 -0.004044 
730 -0.003754 
731 -0.002664 
732 -0.000811 
733 0.001310 
734 0.002803 
735 0.002970 
736 0.001595 
737 -0.000673 
738 -0.002719 
739 -0.003890 
740 -0.004288 
741 -0.004535 
742 -0.004372 
743 -0.002998 
744 -0.000256 
745 0.002457 
746 0.003662 
747 0.002976 
748 0.001202 
749 -0.000757 
750 -0.002549 
751 -0.003947 
752 -0.004805 
753 -0.004834 
754 -0.003850 
755 -0.002053 
756 0.000090 
757 0.001946 
758 0.002832 
759 0.002481 
760 0.001188 
761 -0.000490 
762 -0.002190 
763 -0.003656 
764 -0.004510 
765 -0.004409 
766 -0.003479 
767 -0.001903 
768 0.000011 
769 0.001821 
770 0.002697 
771 0.002305 
772 0.001105 
773 -0.000359 
774 -0.001878 
775 -0.003285 
776 -0.004067 
777 -0.003744 
778 -0.002376 
779 -0.000725 
780 0.000378 
781 0.000832 
782 0.001012 
783 0.001136 
784 0.000923 
785 0.000117 
786 -0.001056 
787 -0.002213 
788 -0.002790 
789 -0.002537 
790 -0.001647 
791 -0.000836 
792 -0.000476 
793 -0.000326 
794 0.000068 
795 0.000688 
796 0.000937 
797 0.000414 
798 -0.000533 
799 -0.001240 
800 -0.001338 
801 -0.001149 
802 -0.000929 
803 -0.000921 
804 -0.000953 
805 -0.000871 
806 -0.000525 
807 0.000009 
808 0.000486 
809 0.000571 
810 0.000382 
811 0.000214 
812 0.000013 
813 -0.000259 
814 -0.000686 
815 -0.001136 
816 -0.001548 
817 -0.001690 
818 -0.001326 
819 -0.000481 
820 0.000468 
821 0.001140 
822 0.001346 
823 0.001241 
824 0.000958 
825 0.000371 
826 -0.000641 
827 -0.001672 
828 -0.002060 
829 -0.001743 
830 -0.001148 
831 -0.000559 
832 0.000098 
833 0.000955 
834 0.001777 
835 0.002149 
836 0.001693 
837 0.000547 
838 -0.000733 
839 -0.001646 
840 -0.002020 
841 -0.001948 
842 -0.001563 
843 -0.000825 
844 0.000292 
845 0.001558 
846 0.002460 
847 0.002513 
848 0.001635 
849 0.000341 
850 -0.000851 
851 -0.001678 
852 -0.001982 
853 -0.001769 
854 -0.001201 
855 -0.000430 
856 0.000487 
857 0.001486 
858 0.002152 
859 0.002121 
860 0.001366 
861 0.000247 
862 -0.000748 
863 -0.001384 
864 -0.001627 
865 -0.001555 
866 -0.001147 
867 -0.000400 
868 0.000531 
869 0.001374 
870 0.001848 
871 0.001767 
872 0.001112 
873 0.000220 
874 -0.000536 
875 -0.001039 
876 -0.001310 
877 -0.001356 
878 -0.001005 
879 -0.000253 
880 0.000613 
881 0.001190 
882 0.001228 
883 0.000932 
884 0.000584 
885 0.000238 
886 -0.000174 
887 -0.000642 
888 -0.000939 
889 -0.000918 
890 -0.000560 
891 -0.000069 
892 0.000306 
893 0.000439 
894 0.000452 
895 0.000541 
896 0.000614 
897 0.000506 
898 0.000143 
899 -0.000253 
900 -0.000493 
901 -0.000514 
902 -0.000351 
903 -0.000139 
904 0.000032 
905 0.000117 
906 0.000132 
907 0.000150 
908 0.000277 
909 0.000465 
910 0.000507 
911 0.000313 
912 0.000057 
913 -0.000036 
914 -0.000094 
915 -0.000238 
916 -0.000446 
917 -0.000545 
918 -0.000389 
919 -0.000000 
920 0.000428 
921 0.000686 
922 0.000679 
923 0.000541 
924 0.000371 
925 0.000150 
926 -0.000131 
927 -0.000463 
928 -0.000719 
929 -0.000723 
930 -0.000444 
931 -0.000019 
932 0.000317 
933 0.000531 
934 0.000673 
935 0.000728 
936 0.000603 
937 0.000284 
938 -0.000162 
939 -0.000589 
940 -0.000825 
941 -0.000805 
942 -0.000566 
943 -0.000215 
944 0.000168 
945 0.000518 
946 0.000787 
947 0.000896 
948 0.000727 
949 0.000258 
950 -0.000302 
951 -0.000732 
952 -0.000930 
953 -0.000884 
954 -0.000621 
955 -0.000199 
956 0.000248 
957 0.000576 
958 0.000761 
959 0.000776 
960 0.000576 
961 0.000173 
962 -0.000307 
963 -0.000675 
964 -0.000788 
965 -0.000681 
966 -0.000488 
967 -0.000255 
968 0.000050 
969 0.000431 
970 0.000713 
971 0.000728 
972 0.000465 
973 0.000054 
974 -0.000320 
975 -0.000545 
976 -0.000601 
977 -0.000555 
978 -0.000440 
979 -0.000209 
980 0.000123 
981 0.000415 
982 0.000514 
983 0.000409 
984 0.000196 
985 -0.000005 
986 -0.000154 
987 -0.000285 
988 -0.000369 
989 -0.000381 
990 -0.000311 
991 -0.000179 
992 -0.000021 
993 0.000134 
994 0.000237 
995 0.000228 
996 0.000133 
997 0.000041 
998 -0.000020 
999 -0.000077 
1000 -0.000168 
1001 -0.000249 
1002 -0.000262 
1003 -0.000185 
1004 -0.000066 
1005 0.000021 
1006 0.000071 
1007 0.000083 
1008 0.000080 
1009 0.000082 
1010 0.000095 
1011 0.000073 
1012 -0.000002 
1013 -0.000084 
1014 -0.000120 
1015 -0.000113 
1016 -0.000125 
1017 -0.000171 
1018 -0.000191 
1019 -0.000114 
1020 0.000058 
1021 0.000224 
1022 0.000294 
1023 0.000235 
