0 -0.000087 
1 0.000055 
2 -0.000022 
3 -0.000260 
4 -0.000619 
5 -0.001101 
6 -0.001584 
7 -0.001844 
8 -0.001757 
9 -0.001451 
10 -0.001111 
11 -0.000754 
12 -0.000421 
13 -0.000217 
14 -0.000145 
15 -0.000162 
16 -0.000355 
17 -0.000786 
18 -0.001233 
19 -0.001391 
20 -0.001357 
21 -0.001421 
22 -0.001560 
23 -0.001561 
24 -0.001370 
25 -0.001123 
26 -0.000897 
27 -0.000658 
28 -0.000500 
29 -0.000563 
30 -0.000726 
31 -0.000839 
32 -0.000942 
33 -0.001066 
34 -0.001136 
35 -0.001119 
36 -0.001111 
37 -0.001142 
38 -0.001093 
39 -0.000963 
40 -0.000897 
41 -0.000946 
42 -0.000985 
43 -0.000954 
44 -0.001007 
45 -0.001285 
46 -0.001660 
47 -0.001807 
48 -0.001612 
49 -0.001301 
50 -0.001054 
51 -0.000841 
52 -0.000613 
53 -0.000513 
54 -0.000672 
55 -0.000946 
56 -0.001113 
57 -0.001184 
58 -0.001341 
59 -0.001552 
60 -0.001508 
61 -0.001130 
62 -0.000736 
63 -0.000625 
64 -0.000798 
65 -0.000974 
66 -0.000967 
67 -0.000859 
68 -0.000798 
69 -0.000724 
70 -0.000527 
71 -0.000254 
72 -0.000011 
73 0.000111 
74 0.000058 
75 -0.000139 
76 -0.000453 
77 -0.000862 
78 -0.001271 
79 -0.001442 
80 -0.001199 
81 -0.000706 
82 -0.000272 
83 0.000070 
84 0.000512 
85 0.000978 
86 0.001125 
87 0.000884 
88 0.000511 
89 0.000161 
90 -0.000150 
91 -0.000381 
92 -0.000436 
93 -0.000299 
94 0.000119 
95 0.000772 
96 0.001263 
97 0.001346 
98 0.001204 
99 0.001116 
100 0.001030 
101 0.000712 
102 0.000216 
103 -0.000107 
104 -0.000086 
105 -0.000003 
106 -0.000010 
107 0.000245 
108 0.001022 
109 0.001955 
110 0.002489 
111 0.002625 
112 0.002706 
113 0.002569 
114 0.001870 
115 0.000737 
116 -0.000114 
117 -0.000267 
118 0.000152 
119 0.000958 
120 0.002045 
121 0.003055 
122 0.003495 
123 0.003259 
124 0.002794 
125 0.002345 
126 0.001720 
127 0.001135 
128 0.001200 
129 0.001954 
130 0.002744 
131 0.002902 
132 0.002584 
133 0.002410 
134 0.002606 
135 0.002786 
136 0.002656 
137 0.002466 
138 0.002619 
139 0.003049 
140 0.003242 
141 0.003046 
142 0.002912 
143 0.003169 
144 0.003463 
145 0.003240 
146 0.002734 
147 0.002460 
148 0.002391 
149 0.002254 
150 0.002441 
151 0.003479 
152 0.004808 
153 0.005464 
154 0.005479 
155 0.005197 
156 0.004298 
157 0.002452 
158 0.000539 
159 -0.000386 
160 -0.000267 
161 0.000354 
162 0.001583 
163 0.003813 
164 0.006398 
165 0.007738 
166 0.007053 
167 0.005226 
168 0.003404 
169 0.001978 
170 0.000871 
171 0.000021 
172 -0.000508 
173 -0.000481 
174 0.000451 
175 0.002279 
176 0.004093 
177 0.005149 
178 0.005427 
179 0.005309 
180 0.005051 
181 0.004603 
182 0.003546 
183 0.001794 
184 0.000157 
185 -0.000547 
186 -0.000406 
187 0.000073 
188 0.000622 
189 0.001315 
190 0.002407 
191 0.003910 
192 0.005171 
193 0.005597 
194 0.005278 
195 0.004378 
196 0.002800 
197 0.000622 
198 -0.001523 
199 -0.002762 
200 -0.002457 
201 -0.001150 
202 0.000452 
203 0.002340 
204 0.004256 
205 0.004865 
206 0.003669 
207 0.001909 
208 0.000719 
209 -0.000302 
210 -0.001352 
211 -0.001630 
212 -0.001098 
213 -0.000973 
214 -0.001482 
215 -0.001672 
216 -0.001153 
217 -0.000753 
218 -0.000958 
219 -0.001058 
220 -0.000215 
221 0.001102 
222 0.001658 
223 0.000969 
224 -0.000434 
225 -0.001762 
226 -0.002837 
227 -0.003882 
228 -0.004806 
229 -0.005255 
230 -0.004982 
231 -0.004221 
232 -0.003233 
233 -0.001785 
234 0.000092 
235 0.001312 
236 0.000838 
237 -0.000616 
238 -0.001948 
239 -0.003412 
240 -0.005719 
241 -0.007626 
242 -0.007263 
243 -0.005030 
244 -0.002920 
245 -0.001388 
246 0.000310 
247 0.001912 
248 0.001902 
249 -0.000365 
250 -0.003619 
251 -0.006466 
252 -0.008592 
253 -0.009807 
254 -0.009577 
255 -0.007598 
256 -0.004688 
257 -0.002138 
258 -0.000858 
259 -0.000941 
260 -0.002057 
261 -0.003768 
262 -0.005384 
263 -0.006232 
264 -0.006464 
265 -0.006678 
266 -0.006577 
267 -0.005782 
268 -0.004821 
269 -0.004063 
270 -0.003335 
271 -0.003039 
272 -0.003925 
273 -0.005506 
274 -0.006156 
275 -0.005974 
276 -0.006566 
277 -0.008245 
278 -0.008913 
279 -0.007579 
280 -0.005560 
281 -0.004538 
282 -0.004710 
283 -0.005093 
284 -0.005343 
285 -0.006032 
286 -0.007381 
287 -0.008350 
288 -0.008192 
289 -0.007045 
290 -0.005239 
291 -0.003315 
292 -0.002326 
293 -0.003025 
294 -0.004902 
295 -0.007031 
296 -0.008730 
297 -0.009732 
298 -0.009308 
299 -0.006834 
300 -0.003150 
301 -0.000373 
302 0.000733 
303 0.000874 
304 0.000219 
305 -0.001940 
306 -0.005590 
307 -0.009225 
308 -0.011522 
309 -0.012113 
310 -0.011256 
311 -0.009345 
312 -0.007037 
313 -0.004538 
314 -0.001544 
315 0.001574 
316 0.003325 
317 0.002714 
318 0.000780 
319 -0.001492 
320 -0.004704 
321 -0.008647 
322 -0.010982 
323 -0.010057 
324 -0.007185 
325 -0.004750 
326 -0.003188 
327 -0.001129 
328 0.001553 
329 0.003203 
330 0.002402 
331 -0.000159 
332 -0.002834 
333 -0.005126 
334 -0.006948 
335 -0.007896 
336 -0.007331 
337 -0.004993 
338 -0.001297 
339 0.002724 
340 0.006123 
341 0.008205 
342 0.008223 
343 0.005743 
344 0.001299 
345 -0.003480 
346 -0.007259 
347 -0.009181 
348 -0.008541 
349 -0.005801 
350 -0.001889 
351 0.002858 
352 0.007862 
353 0.011512 
354 0.012319 
355 0.010263 
356 0.006364 
357 0.000997 
358 -0.005113 
359 -0.009393 
360 -0.009613 
361 -0.006388 
362 -0.001434 
363 0.004435 
364 0.010156 
365 0.013535 
366 0.013915 
367 0.012656 
368 0.010310 
369 0.006496 
370 0.002282 
371 -0.000279 
372 -0.001047 
373 -0.001614 
374 -0.002311 
375 -0.001253 
376 0.002344 
377 0.006858 
378 0.010481 
379 0.012439 
380 0.012459 
381 0.010618 
382 0.008093 
383 0.006144 
384 0.004318 
385 0.002770 
386 0.002391 
387 0.002479 
388 0.001453 
389 0.000808 
390 0.003323 
391 0.007759 
392 0.010749 
393 0.012381 
394 0.015705 
395 0.020232 
396 0.021293 
397 0.017197 
398 0.011182 
399 0.005420 
400 -0.000853 
401 -0.006475 
402 -0.007541 
403 -0.002783 
404 0.004497 
405 0.011294 
406 0.017348 
407 0.022495 
408 0.024223 
409 0.020613 
410 0.013839 
411 0.007970 
412 0.004150 
413 0.001354 
414 -0.000117 
415 0.000464 
416 0.002882 
417 0.006390 
418 0.010706 
419 0.015343 
420 0.018311 
421 0.018609 
422 0.017055 
423 0.014890 
424 0.011965 
425 0.008401 
426 0.005025 
427 0.002575 
428 0.001572 
429 0.002439 
430 0.005136 
431 0.008098 
432 0.010114 
433 0.010999 
434 0.011847 
435 0.013158 
436 0.014367 
437 0.014365 
438 0.012972 
439 0.010035 
440 0.005891 
441 0.001792 
442 -0.001360 
443 -0.003289 
444 -0.003096 
445 0.000186 
446 0.006315 
447 0.013156 
448 0.018122 
449 0.019934 
450 0.019241 
451 0.017303 
452 0.013776 
453 0.007079 
454 -0.001566 
455 -0.007025 
456 -0.006832 
457 -0.004154 
458 -0.002152 
459 0.000932 
460 0.006555 
461 0.012036 
462 0.014180 
463 0.013325 
464 0.011452 
465 0.008965 
466 0.005242 
467 0.000026 
468 -0.004970 
469 -0.007792 
470 -0.008483 
471 -0.008106 
472 -0.006116 
473 -0.001699 
474 0.004025 
475 0.008544 
476 0.011136 
477 0.012239 
478 0.010278 
479 0.004213 
480 -0.003802 
481 -0.010042 
482 -0.013767 
483 -0.016184 
484 -0.015058 
485 -0.008075 
486 0.001630 
487 0.007982 
488 0.009518 
489 0.009196 
490 0.007550 
491 0.001738 
492 -0.007845 
493 -0.016062 
494 -0.018723 
495 -0.016652 
496 -0.013315 
497 -0.010415 
498 -0.006443 
499 -0.000666 
500 0.003710 
501 0.003305 
502 -0.001253 
503 -0.005756 
504 -0.008038 
505 -0.010315 
506 -0.014385 
507 -0.017659 
508 -0.016847 
509 -0.012886 
510 -0.008513 
511 -0.004642 
512 -0.001186 
513 0.000549 
514 -0.000454 
515 -0.003465 
516 -0.007943 
517 -0.013932 
518 -0.019927 
519 -0.023109 
520 -0.021932 
521 -0.018051 
522 -0.013813 
523 -0.009410 
524 -0.005295 
525 -0.002769 
526 -0.001874 
527 -0.002087 
528 -0.004423 
529 -0.009584 
530 -0.014842 
531 -0.016590 
532 -0.016072 
533 -0.016774 
534 -0.018373 
535 -0.018314 
536 -0.015998 
537 -0.013085 
538 -0.010466 
539 -0.007717 
540 -0.005862 
541 -0.006481 
542 -0.008214 
543 -0.009365 
544 -0.010383 
545 -0.011627 
546 -0.012296 
547 -0.012064 
548 -0.011973 
549 -0.012265 
550 -0.011648 
551 -0.010154 
552 -0.009339 
553 -0.009700 
554 -0.009916 
555 -0.009442 
556 -0.009912 
557 -0.012730 
558 -0.016480 
559 -0.017873 
560 -0.015848 
561 -0.012679 
562 -0.010131 
563 -0.007913 
564 -0.005577 
565 -0.004484 
566 -0.005831 
567 -0.008262 
568 -0.009731 
569 -0.010348 
570 -0.011720 
571 -0.013522 
572 -0.013031 
573 -0.009617 
574 -0.006098 
575 -0.005013 
576 -0.006341 
577 -0.007707 
578 -0.007558 
579 -0.006627 
580 -0.006096 
581 -0.005470 
582 -0.003876 
583 -0.001701 
584 0.000212 
585 0.001180 
586 0.000813 
587 -0.000617 
588 -0.002892 
589 -0.005842 
590 -0.008749 
591 -0.009889 
592 -0.008096 
593 -0.004603 
594 -0.001598 
595 0.000699 
596 0.003610 
597 0.006630 
598 0.007512 
599 0.005884 
600 0.003471 
601 0.001283 
602 -0.000590 
603 -0.001922 
604 -0.002159 
605 -0.001251 
606 0.001276 
607 0.005073 
608 0.007780 
609 0.008034 
610 0.006994 
611 0.006300 
612 0.005678 
613 0.003870 
614 0.001222 
615 -0.000384 
616 -0.000121 
617 0.000413 
618 0.000412 
619 0.001694 
620 0.005542 
621 0.010033 
622 0.012437 
623 0.012865 
624 0.013082 
625 0.012323 
626 0.008972 
627 0.003685 
628 -0.000207 
629 -0.000867 
630 0.000999 
631 0.004485 
632 0.009072 
633 0.013206 
634 0.014828 
635 0.013609 
636 0.011536 
637 0.009662 
638 0.007177 
639 0.004917 
640 0.005232 
641 0.008161 
642 0.011074 
643 0.011425 
644 0.009902 
645 0.008954 
646 0.009454 
647 0.009973 
648 0.009415 
649 0.008695 
650 0.009252 
651 0.010788 
652 0.011430 
653 0.010654 
654 0.010047 
655 0.010723 
656 0.011482 
657 0.010518 
658 0.008697 
659 0.007723 
660 0.007485 
661 0.007059 
662 0.007651 
663 0.010815 
664 0.014761 
665 0.016553 
666 0.016349 
667 0.015247 
668 0.012400 
669 0.006946 
670 0.001446 
671 -0.001156 
672 -0.000801 
673 0.000925 
674 0.004232 
675 0.010137 
676 0.016881 
677 0.020230 
678 0.018235 
679 0.013329 
680 0.008568 
681 0.004946 
682 0.002198 
683 0.000103 
684 -0.001215 
685 -0.001192 
686 0.000994 
687 0.005277 
688 0.009452 
689 0.011767 
690 0.012220 
691 0.011783 
692 0.011077 
693 0.009986 
694 0.007592 
695 0.003756 
696 0.000264 
697 -0.001179 
698 -0.000836 
699 0.000198 
700 0.001345 
701 0.002734 
702 0.004858 
703 0.007721 
704 0.010052 
705 0.010739 
706 0.010000 
707 0.008165 
708 0.005090 
709 0.000988 
710 -0.002911 
711 -0.005038 
712 -0.004346 
713 -0.001918 
714 0.000943 
715 0.004211 
716 0.007431 
717 0.008333 
718 0.006166 
719 0.003112 
720 0.001089 
721 -0.000581 
722 -0.002217 
723 -0.002566 
724 -0.001632 
725 -0.001372 
726 -0.002121 
727 -0.002391 
728 -0.001591 
729 -0.000995 
730 -0.001319 
731 -0.001509 
732 -0.000342 
733 0.001497 
734 0.002257 
735 0.001296 
736 -0.000602 
737 -0.002330 
738 -0.003669 
739 -0.004973 
740 -0.006144 
741 -0.006715 
742 -0.006359 
743 -0.005393 
744 -0.004147 
745 -0.002311 
746 0.000074 
747 0.001646 
748 0.001137 
749 -0.000544 
750 -0.002095 
751 -0.003829 
752 -0.006543 
753 -0.008716 
754 -0.008208 
755 -0.005572 
756 -0.003136 
757 -0.001391 
758 0.000502 
759 0.002245 
760 0.002195 
761 -0.000274 
762 -0.003733 
763 -0.006681 
764 -0.008806 
765 -0.009937 
766 -0.009554 
767 -0.007411 
768 -0.004401 
769 -0.001847 
770 -0.000614 
771 -0.000739 
772 -0.001861 
773 -0.003529 
774 -0.005065 
775 -0.005815 
776 -0.005929 
777 -0.005980 
778 -0.005738 
779 -0.004898 
780 -0.003965 
781 -0.003282 
782 -0.002674 
783 -0.002451 
784 -0.003209 
785 -0.004536 
786 -0.005082 
787 -0.004932 
788 -0.005373 
789 -0.006638 
790 -0.007059 
791 -0.005895 
792 -0.004217 
793 -0.003336 
794 -0.003394 
795 -0.003645 
796 -0.003836 
797 -0.004381 
798 -0.005403 
799 -0.006097 
800 -0.005931 
801 -0.005040 
802 -0.003694 
803 -0.002286 
804 -0.001546 
805 -0.001983 
806 -0.003232 
807 -0.004636 
808 -0.005720 
809 -0.006320 
810 -0.005993 
811 -0.004373 
812 -0.002025 
813 -0.000282 
814 0.000400 
815 0.000473 
816 0.000058 
817 -0.001241 
818 -0.003378 
819 -0.005449 
820 -0.006706 
821 -0.006970 
822 -0.006411 
823 -0.005272 
824 -0.003937 
825 -0.002528 
826 -0.000886 
827 0.000779 
828 0.001680 
829 0.001325 
830 0.000290 
831 -0.000896 
832 -0.002517 
833 -0.004440 
834 -0.005511 
835 -0.004974 
836 -0.003519 
837 -0.002305 
838 -0.001533 
839 -0.000570 
840 0.000622 
841 0.001305 
842 0.000888 
843 -0.000269 
844 -0.001418 
845 -0.002360 
846 -0.003078 
847 -0.003420 
848 -0.003133 
849 -0.002127 
850 -0.000596 
851 0.001026 
852 0.002369 
853 0.003176 
854 0.003164 
855 0.002175 
856 0.000440 
857 -0.001389 
858 -0.002807 
859 -0.003513 
860 -0.003269 
861 -0.002256 
862 -0.000821 
863 0.000898 
864 0.002677 
865 0.003941 
866 0.004196 
867 0.003474 
868 0.002149 
869 0.000348 
870 -0.001685 
871 -0.003094 
872 -0.003168 
873 -0.002145 
874 -0.000594 
875 0.001232 
876 0.003005 
877 0.004049 
878 0.004170 
879 0.003795 
880 0.003101 
881 0.001972 
882 0.000719 
883 -0.000063 
884 -0.000326 
885 -0.000511 
886 -0.000708 
887 -0.000406 
888 0.000586 
889 0.001808 
890 0.002761 
891 0.003248 
892 0.003214 
893 0.002708 
894 0.002046 
895 0.001537 
896 0.001062 
897 0.000667 
898 0.000571 
899 0.000589 
900 0.000343 
901 0.000191 
902 0.000770 
903 0.001775 
904 0.002435 
905 0.002781 
906 0.003488 
907 0.004425 
908 0.004582 
909 0.003641 
910 0.002325 
911 0.001099 
912 -0.000200 
913 -0.001327 
914 -0.001506 
915 -0.000522 
916 0.000930 
917 0.002243 
918 0.003369 
919 0.004286 
920 0.004540 
921 0.003807 
922 0.002524 
923 0.001441 
924 0.000760 
925 0.000275 
926 0.000023 
927 0.000128 
928 0.000543 
929 0.001123 
930 0.001815 
931 0.002538 
932 0.002978 
933 0.002988 
934 0.002710 
935 0.002347 
936 0.001879 
937 0.001326 
938 0.000812 
939 0.000447 
940 0.000306 
941 0.000436 
942 0.000813 
943 0.001206 
944 0.001452 
945 0.001536 
946 0.001620 
947 0.001776 
948 0.001928 
949 0.001926 
950 0.001743 
951 0.001360 
952 0.000825 
953 0.000302 
954 -0.000101 
955 -0.000351 
956 -0.000340 
957 0.000051 
958 0.000783 
959 0.001584 
960 0.002145 
961 0.002327 
962 0.002225 
963 0.001988 
964 0.001576 
965 0.000817 
966 -0.000137 
967 -0.000720 
968 -0.000684 
969 -0.000392 
970 -0.000191 
971 0.000117 
972 0.000687 
973 0.001239 
974 0.001444 
975 0.001351 
976 0.001167 
977 0.000931 
978 0.000572 
979 0.000060 
980 -0.000434 
981 -0.000719 
982 -0.000802 
983 -0.000784 
984 -0.000607 
985 -0.000190 
986 0.000355 
987 0.000789 
988 0.001038 
989 0.001143 
990 0.000965 
991 0.000414 
992 -0.000313 
993 -0.000883 
994 -0.001224 
995 -0.001433 
996 -0.001322 
997 -0.000703 
998 0.000145 
999 0.000700 
1000 0.000836 
1001 0.000804 
1002 0.000650 
1003 0.000143 
1004 -0.000673 
1005 -0.001364 
1006 -0.001583 
1007 -0.001399 
1008 -0.001104 
1009 -0.000846 
1010 -0.000506 
1011 -0.000027 
1012 0.000326 
1013 0.000282 
1014 -0.000102 
1015 -0.000481 
1016 -0.000675 
1017 -0.000864 
1018 -0.001190 
1019 -0.001445 
1020 -0.001366 
1021 -0.001034 
1022 -0.000669 
1023 -0.000349 
