0 0.001091 
1 0.000763 
2 0.000220 
3 -0.000421 
4 -0.000988 
5 -0.001277 
6 -0.001214 
7 -0.000915 
8 -0.000580 
9 -0.000309 
10 -0.000105 
11 -0.000017 
12 -0.000078 
13 -0.000157 
14 -0.000114 
15 0.000015 
16 0.000088 
17 0.000041 
18 -0.000071 
19 -0.000185 
20 -0.000341 
21 -0.000599 
22 -0.000851 
23 -0.000903 
24 -0.000663 
25 -0.000246 
26 0.000185 
27 0.000566 
28 0.000861 
29 0.000940 
30 0.000702 
31 0.000183 
32 -0.000423 
33 -0.000920 
34 -0.001194 
35 -0.001168 
36 -0.000850 
37 -0.000391 
38 0.000047 
39 0.000376 
40 0.000554 
41 0.000586 
42 0.000497 
43 0.000349 
44 0.000188 
45 0.000068 
46 -0.000025 
47 -0.000114 
48 -0.000181 
49 -0.000241 
50 -0.000309 
51 -0.000320 
52 -0.000162 
53 0.000156 
54 0.000504 
55 0.000696 
56 0.000623 
57 0.000448 
58 0.000389 
59 0.000424 
60 0.000437 
61 0.000414 
62 0.000358 
63 0.000300 
64 0.000297 
65 0.000338 
66 0.000353 
67 0.000301 
68 0.000213 
69 0.000155 
70 0.000174 
71 0.000236 
72 0.000231 
73 0.000121 
74 0.000030 
75 0.000034 
76 0.000058 
77 0.000163 
78 0.000439 
79 0.000864 
80 0.001222 
81 0.001259 
82 0.001001 
83 0.000698 
84 0.000443 
85 0.000111 
86 -0.000368 
87 -0.000712 
88 -0.000649 
89 -0.000194 
90 0.000454 
91 0.001130 
92 0.001657 
93 0.001785 
94 0.001492 
95 0.001108 
96 0.000956 
97 0.000986 
98 0.000860 
99 0.000495 
100 0.000211 
101 0.000265 
102 0.000413 
103 0.000396 
104 0.000351 
105 0.000617 
106 0.001181 
107 0.001707 
108 0.002019 
109 0.002212 
110 0.002135 
111 0.001371 
112 0.000092 
113 -0.000879 
114 -0.000968 
115 -0.000508 
116 -0.000054 
117 0.000189 
118 0.000464 
119 0.001006 
120 0.001567 
121 0.001669 
122 0.001263 
123 0.000675 
124 0.000204 
125 -0.000061 
126 -0.000125 
127 -0.000114 
128 -0.000169 
129 -0.000384 
130 -0.000626 
131 -0.000655 
132 -0.000352 
133 0.000051 
134 0.000258 
135 0.000432 
136 0.000853 
137 0.001287 
138 0.001267 
139 0.000884 
140 0.000530 
141 0.000408 
142 0.000367 
143 0.000197 
144 -0.000027 
145 -0.000255 
146 -0.000558 
147 -0.000893 
148 -0.001072 
149 -0.001031 
150 -0.000759 
151 -0.000235 
152 0.000460 
153 0.001113 
154 0.001413 
155 0.001260 
156 0.000811 
157 0.000200 
158 -0.000520 
159 -0.001192 
160 -0.001537 
161 -0.001412 
162 -0.001071 
163 -0.000880 
164 -0.000845 
165 -0.000819 
166 -0.000943 
167 -0.001325 
168 -0.001549 
169 -0.000976 
170 0.000342 
171 0.001514 
172 0.001821 
173 0.001256 
174 0.000224 
175 -0.001060 
176 -0.002616 
177 -0.003875 
178 -0.004299 
179 -0.003837 
180 -0.002668 
181 -0.000755 
182 0.001425 
183 0.002658 
184 0.002228 
185 0.000866 
186 -0.000440 
187 -0.001643 
188 -0.003048 
189 -0.004274 
190 -0.004516 
191 -0.003650 
192 -0.002286 
193 -0.001125 
194 -0.000469 
195 -0.000327 
196 -0.000457 
197 -0.000471 
198 -0.000405 
199 -0.000798 
200 -0.001668 
201 -0.002244 
202 -0.001771 
203 -0.000503 
204 0.000227 
205 -0.000433 
206 -0.001911 
207 -0.002984 
208 -0.003181 
209 -0.003219 
210 -0.003378 
211 -0.002946 
212 -0.001393 
213 0.000752 
214 0.002415 
215 0.002892 
216 0.002202 
217 0.000657 
218 -0.001435 
219 -0.003531 
220 -0.004814 
221 -0.004772 
222 -0.003743 
223 -0.002372 
224 -0.000906 
225 0.000916 
226 0.002756 
227 0.003526 
228 0.002435 
229 0.000162 
230 -0.001820 
231 -0.002986 
232 -0.003597 
233 -0.003866 
234 -0.003466 
235 -0.002402 
236 -0.000898 
237 0.001008 
238 0.002694 
239 0.003056 
240 0.001802 
241 -0.000230 
242 -0.001858 
243 -0.003123 
244 -0.004114 
245 -0.004206 
246 -0.002894 
247 -0.000877 
248 0.000956 
249 0.002164 
250 0.002546 
251 0.001883 
252 0.000381 
253 -0.000959 
254 -0.001618 
255 -0.001700 
256 -0.001446 
257 -0.000834 
258 -0.000040 
259 0.000491 
260 0.000723 
261 0.001036 
262 0.001483 
263 0.001761 
264 0.001846 
265 0.001716 
266 0.000942 
267 -0.000636 
268 -0.001929 
269 -0.001535 
270 0.000027 
271 0.001206 
272 0.001869 
273 0.002688 
274 0.003111 
275 0.001788 
276 -0.000604 
277 -0.002016 
278 -0.001528 
279 -0.000196 
280 0.001128 
281 0.002828 
282 0.004304 
283 0.003731 
284 0.000907 
285 -0.001806 
286 -0.002844 
287 -0.002647 
288 -0.001736 
289 0.000009 
290 0.002361 
291 0.004652 
292 0.006016 
293 0.005506 
294 0.003016 
295 0.000068 
296 -0.001543 
297 -0.002055 
298 -0.002647 
299 -0.003201 
300 -0.001846 
301 0.001816 
302 0.005444 
303 0.007048 
304 0.006754 
305 0.004969 
306 0.001563 
307 -0.002286 
308 -0.004581 
309 -0.005106 
310 -0.004946 
311 -0.003487 
312 0.000619 
313 0.006173 
314 0.009416 
315 0.008570 
316 0.005188 
317 0.001445 
318 -0.001780 
319 -0.004061 
320 -0.004514 
321 -0.002790 
322 -0.000064 
323 0.002208 
324 0.003595 
325 0.004232 
326 0.003918 
327 0.002075 
328 -0.000739 
329 -0.002444 
330 -0.001504 
331 0.001044 
332 0.002902 
333 0.003139 
334 0.003063 
335 0.002948 
336 0.001637 
337 -0.000481 
338 -0.001384 
339 -0.000339 
340 0.001396 
341 0.002951 
342 0.004928 
343 0.007352 
344 0.008060 
345 0.005630 
346 0.000812 
347 -0.003682 
348 -0.005189 
349 -0.003526 
350 -0.000805 
351 0.000972 
352 0.001797 
353 0.003172 
354 0.005564 
355 0.006913 
356 0.005336 
357 0.002031 
358 -0.000331 
359 -0.001007 
360 -0.001107 
361 -0.001322 
362 -0.001567 
363 -0.001640 
364 -0.001336 
365 -0.000466 
366 0.001525 
367 0.004198 
368 0.005867 
369 0.005120 
370 0.002778 
371 0.000853 
372 0.000103 
373 -0.000572 
374 -0.002048 
375 -0.003155 
376 -0.002163 
377 0.000731 
378 0.003515 
379 0.004980 
380 0.005906 
381 0.006669 
382 0.006162 
383 0.003999 
384 0.001246 
385 -0.000889 
386 -0.002164 
387 -0.002494 
388 -0.001665 
389 0.000796 
390 0.004004 
391 0.005638 
392 0.004584 
393 0.002317 
394 0.000443 
395 -0.000991 
396 -0.001737 
397 -0.000685 
398 0.002417 
399 0.005314 
400 0.006431 
401 0.006549 
402 0.006217 
403 0.003615 
404 -0.002245 
405 -0.007792 
406 -0.008366 
407 -0.003964 
408 0.001630 
409 0.005893 
410 0.008842 
411 0.010298 
412 0.009456 
413 0.006526 
414 0.002817 
415 -0.000884 
416 -0.003917 
417 -0.004699 
418 -0.001953 
419 0.002989 
420 0.006282 
421 0.006192 
422 0.004266 
423 0.002450 
424 0.000660 
425 -0.001047 
426 -0.002109 
427 -0.002254 
428 -0.001827 
429 -0.001290 
430 -0.000702 
431 -0.000077 
432 0.000778 
433 0.000895 
434 0.000543 
435 0.000964 
436 0.002390 
437 0.002851 
438 0.001492 
439 -0.000880 
440 -0.003028 
441 -0.003802 
442 -0.003109 
443 -0.001757 
444 -0.000114 
445 0.001718 
446 0.002953 
447 0.002333 
448 0.000752 
449 0.000157 
450 0.000514 
451 0.000179 
452 -0.000833 
453 -0.000343 
454 0.002057 
455 0.003811 
456 0.002856 
457 0.000836 
458 -0.000076 
459 -0.000130 
460 -0.000502 
461 -0.000819 
462 -0.000785 
463 -0.002003 
464 -0.005015 
465 -0.007820 
466 -0.008084 
467 -0.006269 
468 -0.003925 
469 -0.001239 
470 0.001992 
471 0.004522 
472 0.004861 
473 0.001760 
474 -0.004276 
475 -0.010581 
476 -0.013572 
477 -0.012331 
478 -0.008897 
479 -0.005039 
480 -0.001753 
481 0.000492 
482 0.001048 
483 -0.000102 
484 -0.001974 
485 -0.003881 
486 -0.005380 
487 -0.005534 
488 -0.003805 
489 -0.001924 
490 -0.001703 
491 -0.002642 
492 -0.003860 
493 -0.006101 
494 -0.009074 
495 -0.010181 
496 -0.007809 
497 -0.003044 
498 0.002184 
499 0.007003 
500 0.010650 
501 0.010624 
502 0.005366 
503 -0.003615 
504 -0.012830 
505 -0.019724 
506 -0.022485 
507 -0.019759 
508 -0.011494 
509 -0.000330 
510 0.009295 
511 0.014190 
512 0.014041 
513 0.009982 
514 0.003212 
515 -0.004844 
516 -0.012041 
517 -0.015790 
518 -0.015124 
519 -0.011486 
520 -0.007315 
521 -0.003857 
522 -0.001155 
523 0.000072 
524 -0.000612 
525 -0.001598 
526 -0.001139 
527 0.000343 
528 0.001143 
529 0.000507 
530 -0.000899 
531 -0.002320 
532 -0.004216 
533 -0.007253 
534 -0.010149 
535 -0.010690 
536 -0.007809 
537 -0.002917 
538 0.002115 
539 0.006504 
540 0.009811 
541 0.010592 
542 0.007808 
543 0.001934 
544 -0.004796 
545 -0.010219 
546 -0.013144 
547 -0.012829 
548 -0.009407 
549 -0.004530 
550 0.000061 
551 0.003462 
552 0.005286 
553 0.005673 
554 0.004907 
555 0.003579 
556 0.002095 
557 0.000922 
558 -0.000086 
559 -0.001134 
560 -0.001988 
561 -0.002751 
562 -0.003509 
563 -0.003628 
564 -0.002092 
565 0.000994 
566 0.004343 
567 0.006189 
568 0.005547 
569 0.003967 
570 0.003412 
571 0.003668 
572 0.003705 
573 0.003439 
574 0.002872 
575 0.002269 
576 0.002133 
577 0.002406 
578 0.002510 
579 0.002092 
580 0.001382 
581 0.000915 
582 0.001075 
583 0.001592 
584 0.001599 
585 0.000788 
586 0.000099 
587 0.000101 
588 0.000255 
589 0.000997 
590 0.002941 
591 0.005879 
592 0.008294 
593 0.008443 
594 0.006570 
595 0.004463 
596 0.002760 
597 0.000612 
598 -0.002488 
599 -0.004701 
600 -0.004285 
601 -0.001398 
602 0.002648 
603 0.006758 
604 0.009862 
605 0.010525 
606 0.008718 
607 0.006448 
608 0.005567 
609 0.005721 
610 0.004949 
611 0.002801 
612 0.001121 
613 0.001360 
614 0.002150 
615 0.002076 
616 0.001856 
617 0.003248 
618 0.006138 
619 0.008751 
620 0.010214 
621 0.011034 
622 0.010512 
623 0.006670 
624 0.000457 
625 -0.004110 
626 -0.004413 
627 -0.002184 
628 -0.000061 
629 0.001021 
630 0.002215 
631 0.004584 
632 0.006994 
633 0.007362 
634 0.005549 
635 0.003019 
636 0.001038 
637 -0.000062 
638 -0.000319 
639 -0.000268 
640 -0.000484 
641 -0.001348 
642 -0.002313 
643 -0.002411 
644 -0.001203 
645 0.000384 
646 0.001195 
647 0.001855 
648 0.003409 
649 0.004970 
650 0.004855 
651 0.003451 
652 0.002173 
653 0.001713 
654 0.001518 
655 0.000885 
656 0.000103 
657 -0.000652 
658 -0.001619 
659 -0.002654 
660 -0.003155 
661 -0.002956 
662 -0.002053 
663 -0.000407 
664 0.001704 
665 0.003636 
666 0.004490 
667 0.004020 
668 0.002720 
669 0.000978 
670 -0.001057 
671 -0.002926 
672 -0.003862 
673 -0.003525 
674 -0.002648 
675 -0.002180 
676 -0.002052 
677 -0.001868 
678 -0.002078 
679 -0.003020 
680 -0.003595 
681 -0.002139 
682 0.001181 
683 0.004079 
684 0.004799 
685 0.003401 
686 0.000927 
687 -0.002111 
688 -0.005760 
689 -0.008676 
690 -0.009623 
691 -0.008530 
692 -0.005874 
693 -0.001597 
694 0.003229 
695 0.005959 
696 0.005087 
697 0.002237 
698 -0.000475 
699 -0.002966 
700 -0.005881 
701 -0.008423 
702 -0.008946 
703 -0.007251 
704 -0.004580 
705 -0.002294 
706 -0.000943 
707 -0.000534 
708 -0.000631 
709 -0.000547 
710 -0.000379 
711 -0.001118 
712 -0.002751 
713 -0.003848 
714 -0.003054 
715 -0.000866 
716 0.000378 
717 -0.000761 
718 -0.003243 
719 -0.005001 
720 -0.005270 
721 -0.005262 
722 -0.005425 
723 -0.004629 
724 -0.002087 
725 0.001312 
726 0.003870 
727 0.004518 
728 0.003343 
729 0.000889 
730 -0.002308 
731 -0.005399 
732 -0.007208 
733 -0.007043 
734 -0.005454 
735 -0.003411 
736 -0.001297 
737 0.001235 
738 0.003726 
739 0.004718 
740 0.003202 
741 0.000147 
742 -0.002474 
743 -0.004003 
744 -0.004801 
745 -0.005149 
746 -0.004632 
747 -0.003276 
748 -0.001383 
749 0.000991 
750 0.003075 
751 0.003548 
752 0.002084 
753 -0.000287 
754 -0.002169 
755 -0.003614 
756 -0.004738 
757 -0.004854 
758 -0.003428 
759 -0.001268 
760 0.000649 
761 0.001869 
762 0.002223 
763 0.001523 
764 0.000023 
765 -0.001245 
766 -0.001793 
767 -0.001775 
768 -0.001463 
769 -0.000854 
770 -0.000136 
771 0.000260 
772 0.000343 
773 0.000532 
774 0.000897 
775 0.001140 
776 0.001221 
777 0.001125 
778 0.000472 
779 -0.000869 
780 -0.001927 
781 -0.001506 
782 -0.000100 
783 0.000935 
784 0.001485 
785 0.002126 
786 0.002406 
787 0.001232 
788 -0.000789 
789 -0.001977 
790 -0.001606 
791 -0.000546 
792 0.000517 
793 0.001869 
794 0.003036 
795 0.002637 
796 0.000553 
797 -0.001436 
798 -0.002188 
799 -0.002041 
800 -0.001387 
801 -0.000158 
802 0.001464 
803 0.003001 
804 0.003870 
805 0.003464 
806 0.001752 
807 -0.000221 
808 -0.001272 
809 -0.001573 
810 -0.001898 
811 -0.002169 
812 -0.001232 
813 0.001095 
814 0.003317 
815 0.004231 
816 0.003965 
817 0.002815 
818 0.000737 
819 -0.001543 
820 -0.002861 
821 -0.003114 
822 -0.002949 
823 -0.002049 
824 0.000295 
825 0.003367 
826 0.005106 
827 0.004602 
828 0.002756 
829 0.000750 
830 -0.000949 
831 -0.002127 
832 -0.002345 
833 -0.001446 
834 -0.000052 
835 0.001096 
836 0.001781 
837 0.002079 
838 0.001915 
839 0.001038 
840 -0.000269 
841 -0.001041 
842 -0.000598 
843 0.000558 
844 0.001384 
845 0.001478 
846 0.001426 
847 0.001353 
848 0.000774 
849 -0.000124 
850 -0.000491 
851 -0.000045 
852 0.000678 
853 0.001321 
854 0.002120 
855 0.003069 
856 0.003312 
857 0.002322 
858 0.000438 
859 -0.001273 
860 -0.001821 
861 -0.001183 
862 -0.000168 
863 0.000492 
864 0.000801 
865 0.001292 
866 0.002116 
867 0.002554 
868 0.001984 
869 0.000842 
870 0.000036 
871 -0.000198 
872 -0.000234 
873 -0.000298 
874 -0.000363 
875 -0.000365 
876 -0.000244 
877 0.000056 
878 0.000687 
879 0.001496 
880 0.001965 
881 0.001698 
882 0.000968 
883 0.000377 
884 0.000140 
885 -0.000058 
886 -0.000453 
887 -0.000726 
888 -0.000421 
889 0.000381 
890 0.001125 
891 0.001492 
892 0.001696 
893 0.001851 
894 0.001692 
895 0.001133 
896 0.000441 
897 -0.000087 
898 -0.000394 
899 -0.000464 
900 -0.000256 
901 0.000323 
902 0.001057 
903 0.001415 
904 0.001158 
905 0.000633 
906 0.000210 
907 -0.000104 
908 -0.000260 
909 -0.000033 
910 0.000614 
911 0.001203 
912 0.001412 
913 0.001405 
914 0.001298 
915 0.000747 
916 -0.000408 
917 -0.001454 
918 -0.001516 
919 -0.000642 
920 0.000426 
921 0.001213 
922 0.001725 
923 0.001940 
924 0.001725 
925 0.001149 
926 0.000467 
927 -0.000175 
928 -0.000665 
929 -0.000751 
930 -0.000248 
931 0.000586 
932 0.001111 
933 0.001067 
934 0.000726 
935 0.000409 
936 0.000108 
937 -0.000163 
938 -0.000321 
939 -0.000330 
940 -0.000252 
941 -0.000164 
942 -0.000078 
943 0.000002 
944 0.000105 
945 0.000100 
946 0.000036 
947 0.000087 
948 0.000282 
949 0.000353 
950 0.000189 
951 -0.000107 
952 -0.000378 
953 -0.000482 
954 -0.000411 
955 -0.000261 
956 -0.000073 
957 0.000141 
958 0.000285 
959 0.000212 
960 0.000035 
961 -0.000020 
962 0.000034 
963 -0.000001 
964 -0.000121 
965 -0.000076 
966 0.000181 
967 0.000364 
968 0.000253 
969 0.000032 
970 -0.000067 
971 -0.000071 
972 -0.000105 
973 -0.000131 
974 -0.000122 
975 -0.000242 
976 -0.000545 
977 -0.000825 
978 -0.000852 
979 -0.000674 
980 -0.000447 
981 -0.000189 
982 0.000119 
983 0.000360 
984 0.000393 
985 0.000107 
986 -0.000449 
987 -0.001023 
988 -0.001287 
989 -0.001168 
990 -0.000859 
991 -0.000521 
992 -0.000239 
993 -0.000048 
994 0.000001 
995 -0.000090 
996 -0.000233 
997 -0.000373 
998 -0.000479 
999 -0.000478 
1000 -0.000330 
1001 -0.000184 
1002 -0.000188 
1003 -0.000292 
1004 -0.000416 
1005 -0.000609 
1006 -0.000844 
1007 -0.000909 
1008 -0.000683 
1009 -0.000270 
1010 0.000167 
1011 0.000559 
1012 0.000848 
1013 0.000833 
1014 0.000396 
1015 -0.000337 
1016 -0.001083 
1017 -0.001637 
1018 -0.001859 
1019 -0.001640 
1020 -0.000979 
1021 -0.000086 
1022 0.000687 
1023 0.001085 
