0 0.100708 
1 -0.017648 
2 0.004393 
3 0.006859 
4 0.035188 
5 -0.083188 
6 -0.055277 
7 -0.032002 
8 0.041630 
9 -0.075637 
10 0.029144 
11 0.077765 
12 0.109348 
13 -0.034329 
14 0.000161 
15 0.044009 
16 0.004624 
17 -0.133476 
18 -0.040047 
19 -0.016876 
20 -0.028710 
21 -0.101168 
22 0.100931 
23 0.107969 
24 0.068212 
25 -0.023747 
26 0.087822 
27 0.001715 
28 -0.048927 
29 -0.099419 
30 0.054670 
31 -0.052474 
32 -0.075950 
33 -0.093336 
34 0.095953 
35 0.077390 
36 0.012672 
37 -0.018494 
38 0.049154 
39 0.012427 
40 0.003497 
41 0.024682 
42 0.045024 
43 -0.068252 
44 -0.019185 
45 0.020219 
46 0.059314 
47 -0.033011 
48 0.005052 
49 0.002370 
50 0.025185 
51 -0.056426 
52 0.064586 
53 0.023992 
54 0.019118 
55 -0.079744 
56 0.036263 
57 0.036627 
58 -0.003934 
59 -0.077942 
60 0.031300 
61 0.057086 
62 0.019962 
63 -0.051882 
64 0.046593 
65 0.024255 
66 -0.000797 
67 -0.035108 
68 0.021666 
69 0.001716 
70 -0.027526 
71 -0.027306 
72 0.033241 
73 0.013829 
74 0.008611 
75 -0.005939 
76 0.054993 
77 -0.016097 
78 -0.025502 
79 -0.022529 
80 0.056223 
81 -0.005341 
82 -0.025762 
83 -0.036196 
84 0.067502 
85 -0.034095 
86 -0.001218 
87 -0.036716 
88 0.080439 
89 -0.038033 
90 -0.024580 
91 -0.024412 
92 0.068871 
93 0.005306 
94 -0.023313 
95 -0.026605 
96 0.041215 
97 -0.041682 
98 -0.023077 
99 -0.004657 
100 0.044691 
101 -0.027900 
102 -0.036537 
103 0.042850 
104 0.088191 
105 -0.034581 
106 -0.041986 
107 -0.022582 
108 0.053604 
109 -0.073349 
110 -0.034030 
111 -0.007029 
112 0.052331 
113 -0.037093 
114 0.017719 
115 0.042690 
116 0.046627 
117 -0.089224 
118 0.017769 
119 -0.012616 
120 0.041369 
121 -0.086563 
122 0.028816 
123 -0.014487 
124 0.027534 
125 -0.064894 
126 0.063186 
127 0.009514 
128 -0.000969 
129 -0.088677 
130 0.076924 
131 0.053638 
132 0.002770 
133 -0.080969 
134 0.023085 
135 0.005508 
136 -0.073134 
137 -0.054086 
138 0.084157 
139 0.036094 
140 -0.024611 
141 -0.047231 
142 0.085699 
143 0.009230 
144 -0.021162 
145 -0.039782 
146 0.046191 
147 -0.040133 
148 -0.065670 
149 -0.012607 
150 0.078828 
151 -0.017517 
152 -0.053727 
153 0.017904 
154 0.054467 
155 -0.006049 
156 -0.087246 
157 0.039928 
158 0.036362 
159 0.001536 
160 -0.067112 
161 0.039282 
162 0.051053 
163 -0.020319 
164 -0.043916 
165 0.016005 
166 0.052408 
167 -0.038867 
168 -0.081579 
169 -0.001936 
170 0.032533 
171 0.001473 
172 0.003154 
173 0.030842 
174 0.028343 
175 -0.043942 
176 0.003966 
177 0.030159 
178 0.014661 
179 -0.058473 
180 -0.025113 
181 0.003071 
182 0.003146 
183 -0.028330 
184 0.061767 
185 0.036533 
186 -0.002990 
187 -0.080017 
188 0.025735 
189 0.065699 
190 -0.010781 
191 -0.067737 
192 -0.003146 
193 0.023856 
194 -0.010719 
195 -0.040269 
196 0.079258 
197 0.031571 
198 -0.011941 
199 -0.071105 
200 0.052234 
201 0.016930 
202 -0.010056 
203 -0.049979 
204 0.049048 
205 -0.004340 
206 0.009101 
207 -0.023080 
208 0.056752 
209 -0.027925 
210 -0.036598 
211 0.001624 
212 0.059072 
213 0.000683 
214 -0.035805 
215 0.019816 
216 0.058971 
217 -0.021375 
218 -0.027548 
219 0.003038 
220 0.044075 
221 -0.050421 
222 -0.021428 
223 0.038142 
224 0.073676 
225 -0.059074 
226 -0.027517 
227 -0.025456 
228 0.060427 
229 -0.045034 
230 0.036439 
231 -0.002459 
232 0.036648 
233 -0.061315 
234 0.034297 
235 0.019055 
236 0.008485 
237 -0.076304 
238 0.024252 
239 0.008737 
240 0.018756 
241 -0.045178 
242 0.054932 
243 0.031134 
244 -0.020191 
245 -0.057915 
246 0.011123 
247 0.037286 
248 -0.011566 
249 -0.035962 
250 0.004827 
251 0.012676 
252 -0.009987 
253 0.010718 
254 0.030081 
255 0.012068 
256 -0.050539 
257 0.009602 
258 0.016960 
259 0.002322 
260 -0.040829 
261 -0.019190 
262 0.035940 
263 -0.007950 
264 -0.018049 
265 -0.012508 
266 0.030559 
267 0.002917 
268 -0.007488 
269 0.027110 
270 0.034512 
271 -0.025071 
272 -0.038738 
273 -0.021951 
274 0.027168 
275 -0.019392 
276 -0.000081 
277 0.012639 
278 0.018652 
279 -0.035162 
280 0.005395 
281 0.026439 
282 0.047724 
283 -0.089771 
284 -0.022337 
285 0.000753 
286 0.066915 
287 -0.061351 
288 0.001832 
289 0.047715 
290 0.036026 
291 -0.073187 
292 -0.000019 
293 0.044423 
294 0.027327 
295 -0.089696 
296 -0.003150 
297 0.036934 
298 0.037863 
299 -0.041104 
300 0.019750 
301 0.011181 
302 -0.014793 
303 -0.063245 
304 0.040050 
305 0.007173 
306 0.009888 
307 -0.040368 
308 0.084595 
309 0.014377 
310 -0.029453 
311 -0.036813 
312 0.058264 
313 -0.016843 
314 -0.051905 
315 -0.040607 
316 0.093605 
317 -0.007618 
318 -0.031364 
319 -0.048555 
320 0.077680 
321 -0.010508 
322 -0.029932 
323 -0.025835 
324 0.074606 
325 -0.028915 
326 -0.008899 
327 0.002274 
328 0.094041 
329 -0.082473 
330 -0.050705 
331 0.003864 
332 0.079677 
333 -0.041699 
334 -0.021354 
335 0.006061 
336 0.042227 
337 -0.062569 
338 0.024433 
339 0.026589 
340 0.051115 
341 -0.097664 
342 -0.004313 
343 0.036464 
344 0.044242 
345 -0.057595 
346 0.001613 
347 0.041246 
348 0.019857 
349 -0.060850 
350 0.027449 
351 0.053362 
352 -0.003491 
353 -0.071972 
354 -0.013295 
355 0.048033 
356 -0.015832 
357 -0.025159 
358 0.015516 
359 0.042062 
360 -0.010248 
361 -0.026083 
362 0.043262 
363 0.023470 
364 -0.048113 
365 -0.049118 
366 0.029320 
367 0.039881 
368 -0.036036 
369 -0.022186 
370 0.050626 
371 0.039425 
372 -0.020587 
373 -0.031343 
374 0.046880 
375 -0.009203 
376 -0.064752 
377 -0.036174 
378 0.067470 
379 0.019726 
380 -0.032917 
381 -0.031207 
382 0.101963 
383 -0.012936 
384 -0.023664 
385 -0.025792 
386 0.061978 
387 -0.050052 
388 -0.059989 
389 0.017425 
390 0.077901 
391 0.002089 
392 -0.035354 
393 0.008609 
394 0.031112 
395 -0.053109 
396 -0.040273 
397 0.014104 
398 0.014849 
399 -0.040598 
400 -0.003192 
401 0.059131 
402 0.052305 
403 -0.048696 
404 0.015402 
405 0.004470 
406 0.000824 
407 -0.080042 
408 0.018770 
409 0.024813 
410 -0.010547 
411 -0.053328 
412 0.031418 
413 0.040945 
414 0.006453 
415 -0.076029 
416 0.041945 
417 0.005391 
418 -0.001122 
419 -0.071417 
420 0.069257 
421 0.026753 
422 -0.015774 
423 -0.069802 
424 0.070588 
425 -0.001925 
426 -0.023350 
427 -0.080970 
428 0.068192 
429 -0.000213 
430 -0.004566 
431 -0.037305 
432 0.047713 
433 -0.011484 
434 -0.006609 
435 -0.016416 
436 0.079531 
437 -0.034010 
438 -0.023984 
439 -0.055754 
440 0.069386 
441 -0.029097 
442 -0.012475 
443 -0.003134 
444 0.051574 
445 -0.016509 
446 -0.017712 
447 0.027850 
448 0.032798 
449 -0.044123 
450 -0.035773 
451 0.023242 
452 0.014391 
453 -0.013003 
454 -0.019750 
455 0.040373 
456 0.009533 
457 -0.026441 
458 -0.020376 
459 0.025104 
460 0.016966 
461 -0.035072 
462 0.005979 
463 0.033789 
464 0.011502 
465 -0.021264 
466 -0.004277 
467 0.027995 
468 -0.032913 
469 -0.049288 
470 0.013278 
471 0.034124 
472 -0.018018 
473 -0.035664 
474 0.029431 
475 0.073793 
476 -0.023816 
477 -0.028010 
478 0.009282 
479 0.039610 
480 -0.037349 
481 -0.046541 
482 0.043980 
483 0.010323 
484 -0.027876 
485 -0.028048 
486 0.072037 
487 0.026479 
488 -0.035446 
489 -0.040136 
490 0.034108 
491 -0.031179 
492 -0.009947 
493 -0.000450 
494 0.086048 
495 -0.032645 
496 -0.024181 
497 -0.000879 
498 0.062580 
499 -0.021225 
500 -0.033211 
501 -0.006915 
502 0.026693 
503 -0.054741 
504 -0.005512 
505 0.043517 
506 0.052759 
507 -0.050472 
508 -0.033732 
509 0.046047 
510 0.034777 
511 -0.043742 
512 -0.025010 
513 0.020555 
514 0.057317 
515 -0.064092 
516 0.033471 
517 -0.009432 
518 0.052413 
519 -0.076351 
520 0.048879 
521 -0.010147 
522 0.036564 
523 -0.092402 
524 0.057405 
525 -0.016279 
526 0.036862 
527 -0.062730 
528 0.056658 
529 -0.003817 
530 0.004250 
531 -0.041811 
532 0.038304 
533 0.017221 
534 -0.025554 
535 -0.049976 
536 0.046922 
537 0.006874 
538 0.000571 
539 -0.024819 
540 0.069514 
541 -0.014625 
542 -0.055077 
543 -0.037130 
544 0.062739 
545 -0.000400 
546 -0.024690 
547 -0.030425 
548 0.058178 
549 -0.016365 
550 -0.004501 
551 -0.009979 
552 0.045026 
553 -0.033089 
554 -0.048498 
555 0.002117 
556 0.072948 
557 -0.003329 
558 -0.027837 
559 0.001047 
560 0.039802 
561 -0.042605 
562 -0.059921 
563 0.022064 
564 0.015848 
565 -0.018633 
566 -0.045093 
567 0.057217 
568 0.049820 
569 -0.032196 
570 -0.031223 
571 0.025838 
572 0.040406 
573 -0.065097 
574 -0.035873 
575 0.027971 
576 0.036896 
577 -0.056473 
578 0.009753 
579 0.049307 
580 0.028876 
581 -0.096083 
582 -0.000419 
583 0.021537 
584 0.009191 
585 -0.041835 
586 0.011276 
587 0.052078 
588 -0.022898 
589 -0.006470 
590 0.038905 
591 0.033779 
592 -0.060713 
593 -0.053190 
594 0.034921 
595 0.036591 
596 -0.047183 
597 -0.024551 
598 0.060656 
599 0.017325 
600 -0.049299 
601 -0.015857 
602 0.097980 
603 -0.016833 
604 -0.048208 
605 -0.053281 
606 0.074924 
607 -0.001479 
608 -0.035526 
609 -0.001677 
610 0.054196 
611 -0.017415 
612 -0.019109 
613 -0.009502 
614 0.052146 
615 -0.055679 
616 -0.013181 
617 -0.009118 
618 0.072266 
619 -0.052324 
620 0.008334 
621 -0.000436 
622 0.079850 
623 -0.077556 
624 0.016796 
625 -0.024980 
626 0.069720 
627 -0.101385 
628 0.012191 
629 0.004908 
630 0.071059 
631 -0.070459 
632 0.016632 
633 0.009205 
634 0.055716 
635 -0.073453 
636 0.049494 
637 -0.001066 
638 0.003886 
639 -0.100495 
640 0.024573 
641 0.036757 
642 0.011036 
643 -0.045193 
644 0.017844 
645 0.022112 
646 -0.014103 
647 -0.040328 
648 0.044167 
649 0.043523 
650 -0.022645 
651 -0.051248 
652 0.034904 
653 0.048149 
654 -0.028559 
655 -0.067219 
656 0.029156 
657 -0.003275 
658 -0.011422 
659 -0.037326 
660 0.064668 
661 0.013907 
662 -0.018882 
663 0.006264 
664 0.046994 
665 0.017984 
666 -0.057861 
667 -0.003655 
668 0.011534 
669 -0.011211 
670 -0.051923 
671 0.027612 
672 0.042090 
673 -0.016283 
674 -0.059204 
675 0.062233 
676 0.036852 
677 -0.033417 
678 -0.050769 
679 0.035179 
680 0.050206 
681 -0.036548 
682 -0.017329 
683 0.030388 
684 0.014291 
685 -0.041643 
686 -0.029359 
687 0.052068 
688 0.012217 
689 -0.037133 
690 -0.020381 
691 0.049146 
692 -0.001563 
693 -0.036804 
694 0.002161 
695 0.067102 
696 -0.034707 
697 -0.034298 
698 0.014223 
699 0.058257 
700 -0.041051 
701 -0.058941 
702 0.037699 
703 0.023064 
704 -0.019507 
705 -0.032114 
706 0.055022 
707 0.013995 
708 -0.040949 
709 -0.050679 
710 0.059797 
711 0.005896 
712 -0.003749 
713 -0.062989 
714 0.072656 
715 -0.021399 
716 -0.003760 
717 -0.042208 
718 0.066827 
719 -0.026615 
720 -0.030247 
721 -0.029996 
722 0.079657 
723 -0.033903 
724 -0.015424 
725 -0.025288 
726 0.094031 
727 -0.021344 
728 -0.007056 
729 -0.011849 
730 0.050293 
731 -0.066604 
732 -0.000495 
733 -0.018663 
734 0.065374 
735 -0.102007 
736 0.027416 
737 0.005195 
738 0.104380 
739 -0.061451 
740 0.033335 
741 0.002391 
742 0.029008 
743 -0.077536 
744 0.019665 
745 0.019417 
746 0.022715 
747 -0.095883 
748 -0.002329 
749 0.049768 
750 0.037278 
751 -0.037693 
752 0.004700 
753 0.039844 
754 0.010261 
755 -0.045034 
756 0.038274 
757 0.017383 
758 -0.000793 
759 -0.063752 
760 0.041568 
761 0.020236 
762 -0.020613 
763 -0.042260 
764 0.032343 
765 0.020776 
766 -0.031491 
767 -0.020369 
768 0.084294 
769 0.025437 
770 -0.053450 
771 -0.041138 
772 0.050979 
773 0.029741 
774 -0.064549 
775 -0.007101 
776 0.035416 
777 0.016639 
778 -0.049503 
779 -0.000650 
780 0.040731 
781 0.007222 
782 -0.059133 
783 0.026509 
784 0.042022 
785 -0.003629 
786 -0.083147 
787 0.018866 
788 0.046781 
789 -0.033670 
790 -0.036057 
791 0.022846 
792 0.062803 
793 -0.070175 
794 -0.021944 
795 0.033809 
796 0.053035 
797 -0.051102 
798 -0.020934 
799 -0.018769 
800 0.013129 
801 -0.048949 
802 0.038435 
803 0.031982 
804 0.007902 
805 -0.058915 
806 0.009778 
807 0.034518 
808 0.013909 
809 -0.049958 
810 0.034069 
811 -0.028571 
812 0.007806 
813 -0.078503 
814 0.100413 
815 -0.025588 
816 0.002591 
817 -0.075979 
818 0.101662 
819 -0.011308 
820 -0.006012 
821 -0.097798 
822 0.082719 
823 -0.013758 
824 0.010075 
825 -0.069132 
826 0.077885 
827 -0.006649 
828 -0.015029 
829 -0.061418 
830 0.064058 
831 -0.016098 
832 -0.004366 
833 -0.049618 
834 0.093655 
835 -0.027407 
836 0.028597 
837 -0.048075 
838 0.057881 
839 -0.076679 
840 -0.000632 
841 -0.032042 
842 0.078682 
843 -0.069301 
844 0.016860 
845 -0.026929 
846 0.114832 
847 -0.056248 
848 0.004464 
849 -0.007097 
850 0.060356 
851 -0.064753 
852 -0.030647 
853 0.006554 
854 0.041728 
855 -0.062612 
856 -0.016287 
857 0.026506 
858 0.035764 
859 -0.031467 
860 -0.003532 
861 0.037617 
862 -0.012320 
863 -0.029491 
864 0.008544 
865 0.047581 
866 0.013544 
867 -0.062477 
868 0.026697 
869 0.000213 
870 -0.008891 
871 -0.073612 
872 0.059410 
873 -0.001113 
874 0.023090 
875 -0.062820 
876 0.108150 
877 -0.014476 
878 -0.008688 
879 -0.097139 
880 0.091592 
881 -0.000122 
882 -0.040658 
883 -0.042156 
884 0.047953 
885 0.030642 
886 -0.059318 
887 0.029757 
888 0.063858 
889 0.019973 
890 -0.095446 
891 0.023229 
892 0.024154 
893 0.016974 
894 -0.079280 
895 0.030745 
896 0.008021 
897 0.021850 
898 -0.017681 
899 0.055854 
900 0.034261 
901 -0.036225 
902 -0.031900 
903 0.023806 
904 0.039052 
905 -0.034606 
906 0.000975 
907 0.017818 
908 0.027864 
909 -0.071766 
910 0.051048 
911 0.017173 
912 0.058868 
913 -0.098075 
914 0.059397 
915 0.012580 
916 0.044334 
917 -0.105261 
918 0.013740 
919 0.014147 
920 0.061092 
921 -0.092236 
922 0.016229 
923 0.019419 
924 0.064069 
925 -0.073115 
926 0.007289 
927 0.023662 
928 0.056825 
929 -0.035501 
930 0.023739 
931 -0.018495 
932 0.000596 
933 -0.089135 
934 0.039758 
935 -0.028246 
936 -0.012442 
937 -0.051974 
938 0.067591 
939 0.048724 
940 0.013848 
941 -0.052964 
942 0.070182 
943 -0.000002 
944 -0.016669 
945 -0.091993 
946 0.077764 
947 -0.035574 
948 -0.048814 
949 -0.079622 
950 0.078666 
951 0.003916 
952 0.006062 
953 0.006812 
954 0.097785 
955 -0.029324 
956 -0.032534 
957 -0.005358 
958 0.028270 
959 -0.067407 
960 -0.098555 
961 0.040720 
962 0.059441 
963 -0.017032 
964 -0.099445 
965 0.039392 
966 0.055214 
967 -0.022265 
968 -0.046516 
969 0.053794 
970 0.038935 
971 -0.068122 
972 -0.038394 
973 0.038739 
974 0.023576 
975 -0.104365 
976 -0.018762 
977 0.009290 
978 0.041569 
979 -0.072685 
980 0.060284 
981 0.042415 
982 0.015133 
983 -0.059373 
984 0.032777 
985 0.017993 
986 -0.046967 
987 -0.080240 
988 0.020699 
989 0.027391 
990 -0.026211 
991 -0.013860 
992 0.040893 
993 0.066771 
994 -0.062830 
995 -0.008370 
996 -0.005906 
997 0.050131 
998 -0.099968 
999 -0.034304 
1000 0.020386 
1001 0.074382 
1002 -0.033305 
1003 -0.013758 
1004 -0.009504 
1005 0.026271 
1006 -0.031526 
1007 -0.029103 
1008 0.037799 
1009 -0.035762 
1010 0.022795 
1011 -0.045575 
1012 0.108769 
1013 -0.046861 
1014 0.042071 
1015 -0.079719 
1016 0.074791 
1017 -0.086310 
1018 0.003273 
1019 -0.070283 
1020 0.084981 
1021 -0.076269 
1022 0.015058 
1023 -0.004662 
