0 0.470695 
1 0.329702 
2 0.086752 
3 0.072580 
4 -0.138563 
5 -0.010526 
6 -0.007227 
7 0.088514 
8 0.039830 
9 0.010334 
10 -0.187921 
11 0.146458 
12 0.074823 
13 -0.048055 
14 -0.125851 
15 0.036983 
16 0.040776 
17 -0.001141 
18 0.021557 
19 -0.063143 
20 0.023141 
21 -0.014660 
22 0.030105 
23 0.070543 
24 0.124382 
25 -0.141969 
26 0.140859 
27 -0.113692 
28 0.063622 
29 -0.049208 
30 -0.029260 
31 0.044910 
32 0.008722 
33 -0.008501 
34 -0.132189 
35 0.211164 
36 -0.138199 
37 0.056613 
38 0.079131 
39 -0.066747 
40 -0.144237 
41 0.234574 
42 0.002083 
43 -0.088938 
44 -0.033530 
45 -0.104600 
46 0.149618 
47 -0.006897 
48 -0.029792 
49 -0.121422 
50 0.123725 
51 -0.034033 
52 0.011267 
53 0.067442 
54 -0.002218 
55 -0.068482 
56 0.151613 
57 -0.170131 
58 0.154786 
59 0.008164 
60 -0.104758 
61 0.067260 
62 0.093543 
63 -0.051968 
64 -0.103692 
65 -0.026615 
66 0.002457 
67 0.125470 
68 0.033709 
69 -0.038746 
70 -0.117384 
71 0.077239 
72 0.118148 
73 0.052314 
74 -0.090149 
75 0.004796 
76 -0.058225 
77 0.034525 
78 0.206712 
79 -0.158760 
80 -0.011183 
81 -0.084728 
82 0.157468 
83 -0.022665 
84 -0.030982 
85 0.048694 
86 -0.072218 
87 0.021596 
88 0.065955 
89 -0.019143 
90 0.137919 
91 -0.164803 
92 0.089452 
93 0.080321 
94 -0.015093 
95 -0.102121 
96 -0.132583 
97 0.249433 
98 -0.047911 
99 -0.000530 
100 -0.050201 
101 0.048060 
102 0.032395 
103 -0.020627 
104 0.026929 
105 0.120104 
106 -0.149354 
107 -0.011495 
108 0.151343 
109 -0.009104 
110 -0.122244 
111 0.065995 
112 -0.016227 
113 -0.113408 
114 0.012079 
115 -0.116155 
116 0.092397 
117 0.000492 
118 -0.106260 
119 0.074780 
120 0.005971 
121 -0.116421 
122 0.057544 
123 0.033968 
124 -0.062640 
125 -0.014043 
126 -0.171961 
127 0.195417 
128 0.013724 
129 -0.052179 
130 -0.064064 
131 0.167658 
132 -0.182515 
133 0.111945 
134 -0.007577 
135 -0.019002 
136 -0.044464 
137 0.060557 
138 -0.056097 
139 0.032069 
140 0.015475 
141 -0.084244 
142 0.079531 
143 -0.005579 
144 0.036326 
145 -0.064629 
146 0.032829 
147 -0.007373 
148 0.059106 
149 0.065753 
150 -0.034077 
151 -0.016273 
152 0.131361 
153 -0.053645 
154 0.006512 
155 0.026851 
156 -0.072065 
157 0.027854 
158 0.005667 
159 -0.023051 
160 0.005654 
161 0.147423 
162 -0.133252 
163 0.076030 
164 -0.082484 
165 0.024905 
166 0.020271 
167 0.016804 
168 -0.074246 
169 0.011642 
170 0.045654 
171 0.020684 
172 0.142270 
173 -0.114325 
174 0.033905 
175 -0.022371 
176 0.021021 
177 -0.017624 
178 0.059480 
179 -0.164767 
180 0.105606 
181 -0.013187 
182 -0.085662 
183 -0.003912 
184 0.072951 
185 -0.112065 
186 0.054892 
187 0.043246 
188 -0.186356 
189 0.007251 
190 0.042430 
191 -0.006069 
192 0.013221 
193 0.131056 
194 -0.184311 
195 -0.000613 
196 0.070214 
197 0.123786 
198 -0.105732 
199 -0.031979 
200 -0.006048 
201 0.090054 
202 0.078530 
203 -0.049555 
204 -0.137997 
205 0.042326 
206 0.150682 
207 -0.074992 
208 -0.001571 
209 -0.217236 
210 0.207413 
211 0.021742 
212 0.094390 
213 -0.021306 
214 -0.036641 
215 -0.022980 
216 0.009235 
217 0.079239 
218 0.013372 
219 0.008023 
220 -0.074971 
221 0.081249 
222 0.114762 
223 -0.009898 
224 -0.135345 
225 0.000787 
226 -0.076108 
227 0.150632 
228 -0.144548 
229 -0.002491 
230 -0.095739 
231 0.057415 
232 0.133156 
233 -0.079431 
234 -0.052917 
235 -0.123898 
236 0.119735 
237 0.025702 
238 -0.002987 
239 -0.121450 
240 0.021836 
241 -0.035028 
242 0.116566 
243 -0.038768 
244 -0.010686 
245 -0.108905 
246 0.038008 
247 0.050112 
248 0.002678 
249 -0.050738 
250 -0.135840 
251 0.072859 
252 0.052727 
253 0.060771 
254 -0.075234 
255 -0.072605 
256 0.019466 
257 0.150570 
258 -0.084065 
259 0.004422 
260 -0.131911 
261 0.049893 
262 0.046793 
263 0.082189 
264 -0.078409 
265 -0.124424 
266 0.164616 
267 -0.012893 
268 0.045783 
269 0.019601 
270 -0.086009 
271 -0.025334 
272 0.143346 
273 -0.047314 
274 -0.044011 
275 -0.014918 
276 -0.041652 
277 0.052670 
278 -0.021686 
279 0.041470 
280 -0.026005 
281 -0.054521 
282 0.051490 
283 0.137393 
284 -0.121586 
285 0.059986 
286 -0.063840 
287 0.045914 
288 0.116249 
289 -0.037118 
290 -0.184519 
291 0.116295 
292 0.003757 
293 -0.002697 
294 -0.005951 
295 -0.022171 
296 -0.027551 
297 0.056103 
298 0.080604 
299 -0.027344 
300 -0.019461 
301 -0.068353 
302 0.068326 
303 0.026779 
304 -0.010566 
305 -0.046097 
306 0.023930 
307 -0.072538 
308 -0.058944 
309 0.109026 
310 0.005914 
311 -0.073023 
312 -0.035227 
313 0.047468 
314 -0.023291 
315 0.005111 
316 -0.041139 
317 0.043731 
318 -0.038841 
319 0.010217 
320 -0.083109 
321 0.112666 
322 0.002076 
323 -0.067183 
324 0.055946 
325 -0.027032 
326 -0.045657 
327 0.019710 
328 -0.112063 
329 0.052904 
330 0.062893 
331 -0.119533 
332 0.030041 
333 -0.036179 
334 0.018491 
335 0.008497 
336 0.030233 
337 -0.097641 
338 0.112334 
339 -0.054657 
340 -0.066472 
341 0.102725 
342 -0.006122 
343 -0.050910 
344 0.037788 
345 -0.031785 
346 -0.028968 
347 0.065133 
348 -0.054914 
349 0.015662 
350 0.029325 
351 0.015296 
352 0.014604 
353 0.039064 
354 -0.152053 
355 0.124582 
356 0.052730 
357 -0.107936 
358 -0.032975 
359 -0.027120 
360 0.027254 
361 0.088787 
362 0.015270 
363 -0.135835 
364 0.051065 
365 -0.037543 
366 0.039966 
367 -0.026805 
368 0.096265 
369 -0.069487 
370 0.013494 
371 0.099480 
372 -0.021441 
373 -0.085848 
374 0.014200 
375 -0.081228 
376 0.065501 
377 0.051270 
378 -0.237889 
379 0.067704 
380 0.067884 
381 0.082155 
382 0.032031 
383 -0.001023 
384 -0.134395 
385 0.025713 
386 0.036017 
387 0.073663 
388 -0.024361 
389 -0.141565 
390 0.046450 
391 0.127456 
392 0.010458 
393 -0.130072 
394 0.067270 
395 -0.076831 
396 0.059947 
397 -0.000215 
398 -0.046642 
399 -0.124509 
400 0.110895 
401 -0.021643 
402 0.061822 
403 0.013368 
404 -0.128030 
405 0.048987 
406 0.027210 
407 0.030214 
408 -0.040642 
409 -0.020468 
410 -0.125164 
411 0.171115 
412 0.021301 
413 -0.021687 
414 -0.096258 
415 -0.029384 
416 0.011138 
417 0.077690 
418 0.036549 
419 -0.139327 
420 -0.062645 
421 0.083184 
422 0.080317 
423 -0.043295 
424 -0.015358 
425 -0.063013 
426 0.033570 
427 0.055196 
428 -0.062727 
429 -0.030654 
430 0.030699 
431 0.004316 
432 0.063310 
433 0.005855 
434 -0.017740 
435 -0.026619 
436 -0.037020 
437 0.096728 
438 0.031049 
439 -0.087999 
440 -0.069633 
441 0.069295 
442 -0.002808 
443 0.101729 
444 -0.012569 
445 -0.124340 
446 -0.010866 
447 0.068419 
448 0.040214 
449 -0.016999 
450 -0.118314 
451 0.029624 
452 0.091810 
453 -0.000374 
454 0.013381 
455 -0.125618 
456 0.060409 
457 0.053119 
458 -0.045223 
459 -0.064667 
460 -0.002007 
461 0.040519 
462 0.061087 
463 0.042752 
464 -0.028169 
465 -0.126904 
466 0.085866 
467 -0.019423 
468 0.064527 
469 -0.069014 
470 -0.039526 
471 -0.036993 
472 0.023366 
473 0.071399 
474 -0.010658 
475 0.009063 
476 -0.056632 
477 -0.011692 
478 0.046432 
479 -0.041193 
480 -0.076622 
481 -0.026338 
482 0.112394 
483 0.010619 
484 -0.071495 
485 0.001899 
486 -0.024862 
487 0.013015 
488 -0.007346 
489 -0.035223 
490 0.079561 
491 -0.064587 
492 0.014081 
493 0.060658 
494 -0.019268 
495 -0.017341 
496 0.064318 
497 -0.105116 
498 0.029469 
499 -0.051352 
500 -0.062586 
501 0.051784 
502 0.056893 
503 -0.068309 
504 0.077007 
505 0.001058 
506 -0.084390 
507 0.130316 
508 -0.058540 
509 -0.026248 
510 0.129620 
511 0.037865 
512 -0.112523 
513 0.078954 
514 -0.004110 
515 -0.032725 
516 0.137540 
517 -0.014953 
518 -0.114473 
519 0.061393 
520 0.046446 
521 -0.047558 
522 -0.018874 
523 -0.049175 
524 0.031372 
525 -0.060167 
526 0.119759 
527 -0.121065 
528 0.015732 
529 0.017621 
530 -0.041134 
531 0.076986 
532 0.029109 
533 -0.117069 
534 -0.023595 
535 0.039776 
536 0.005731 
537 0.049727 
538 -0.082621 
539 -0.088853 
540 0.027756 
541 0.036576 
542 0.028774 
543 0.051345 
544 -0.126459 
545 0.003493 
546 0.113818 
547 -0.098039 
548 0.019903 
549 -0.019360 
550 -0.008539 
551 0.031686 
552 -0.010231 
553 -0.077369 
554 0.053195 
555 0.065495 
556 0.017379 
557 0.036499 
558 -0.020275 
559 -0.133964 
560 0.146748 
561 0.040905 
562 0.033818 
563 0.036731 
564 -0.172482 
565 -0.028733 
566 0.065425 
567 0.052082 
568 -0.065919 
569 -0.021382 
570 -0.071054 
571 0.051272 
572 0.053553 
573 -0.011582 
574 -0.075688 
575 0.046604 
576 0.113683 
577 0.065337 
578 -0.091024 
579 -0.066890 
580 0.020615 
581 0.143473 
582 0.017422 
583 -0.032453 
584 -0.138027 
585 0.005646 
586 0.040878 
587 0.129295 
588 -0.095753 
589 -0.062711 
590 -0.036788 
591 0.037766 
592 0.124681 
593 -0.000504 
594 -0.120787 
595 -0.027732 
596 0.111269 
597 0.009666 
598 -0.002136 
599 -0.027171 
600 -0.073727 
601 0.172798 
602 0.059427 
603 -0.058697 
604 -0.083888 
605 -0.012601 
606 -0.000404 
607 0.104917 
608 -0.044836 
609 -0.091522 
610 -0.109949 
611 0.115382 
612 0.111933 
613 -0.010762 
614 -0.145260 
615 -0.004391 
616 -0.010587 
617 0.061739 
618 -0.007397 
619 -0.088517 
620 -0.046969 
621 0.041487 
622 0.111417 
623 -0.075327 
624 0.048443 
625 -0.091379 
626 -0.003409 
627 0.070768 
628 0.032772 
629 -0.042419 
630 -0.020992 
631 0.043981 
632 0.069418 
633 0.011374 
634 -0.024610 
635 -0.076781 
636 -0.010888 
637 0.046708 
638 -0.038662 
639 0.007032 
640 -0.094392 
641 0.029270 
642 0.101656 
643 0.086066 
644 -0.101681 
645 -0.008205 
646 0.043113 
647 -0.035621 
648 0.057084 
649 -0.090803 
650 0.065456 
651 0.045310 
652 -0.083263 
653 0.102084 
654 -0.063323 
655 -0.027599 
656 0.106179 
657 -0.060316 
658 0.000575 
659 0.013590 
660 -0.046274 
661 0.013472 
662 0.103140 
663 -0.060763 
664 0.061993 
665 0.019412 
666 -0.085513 
667 0.066936 
668 -0.036536 
669 0.080642 
670 -0.093757 
671 0.097451 
672 -0.060828 
673 -0.016369 
674 0.031465 
675 0.009263 
676 0.002720 
677 0.028120 
678 -0.073135 
679 0.011037 
680 0.013058 
681 0.012567 
682 0.119109 
683 -0.055156 
684 -0.068966 
685 0.060048 
686 -0.018333 
687 -0.022949 
688 0.014585 
689 -0.056762 
690 0.049530 
691 -0.096313 
692 0.021371 
693 -0.006558 
694 0.031404 
695 0.139199 
696 -0.060539 
697 -0.051999 
698 -0.033750 
699 -0.118924 
700 0.230688 
701 0.035911 
702 -0.098128 
703 0.044066 
704 -0.039897 
705 0.005057 
706 0.113437 
707 -0.029298 
708 -0.121223 
709 0.087408 
710 -0.080916 
711 0.039962 
712 0.053057 
713 -0.065718 
714 0.104829 
715 0.017657 
716 -0.009115 
717 -0.008651 
718 -0.049476 
719 -0.041232 
720 0.030677 
721 0.032287 
722 -0.053037 
723 -0.033148 
724 0.103319 
725 -0.085180 
726 0.143949 
727 -0.009605 
728 -0.118262 
729 -0.050990 
730 0.074355 
731 0.072200 
732 -0.058520 
733 -0.011245 
734 -0.105716 
735 0.127917 
736 0.041898 
737 -0.012893 
738 -0.061869 
739 -0.008501 
740 -0.072341 
741 0.182631 
742 -0.053909 
743 -0.049323 
744 -0.015867 
745 0.118380 
746 0.032385 
747 0.004366 
748 -0.032429 
749 -0.016416 
750 0.068164 
751 0.081727 
752 -0.047463 
753 0.070941 
754 -0.069309 
755 -0.105709 
756 0.197095 
757 -0.011041 
758 -0.077099 
759 -0.116693 
760 -0.007193 
761 0.088190 
762 0.032127 
763 0.013261 
764 -0.134686 
765 0.099170 
766 -0.011863 
767 0.098851 
768 -0.078408 
769 -0.080049 
770 0.120595 
771 -0.030086 
772 0.018457 
773 -0.042391 
774 -0.061130 
775 0.032114 
776 0.054310 
777 0.086764 
778 -0.225101 
779 -0.044070 
780 0.086094 
781 0.060881 
782 0.059266 
783 -0.086928 
784 -0.036665 
785 -0.068499 
786 0.105540 
787 0.027147 
788 0.044796 
789 -0.085160 
790 -0.000829 
791 0.058474 
792 0.032042 
793 -0.034806 
794 0.008433 
795 0.011197 
796 0.084971 
797 0.012498 
798 -0.051701 
799 -0.069397 
800 0.042842 
801 0.123614 
802 -0.013273 
803 0.012391 
804 -0.159243 
805 -0.002943 
806 0.141065 
807 -0.046218 
808 0.088779 
809 -0.091358 
810 -0.125949 
811 0.157169 
812 -0.068424 
813 0.088183 
814 -0.078559 
815 0.023174 
816 0.112174 
817 -0.080334 
818 0.012869 
819 0.036354 
820 0.047494 
821 -0.098372 
822 0.194049 
823 -0.117525 
824 0.011470 
825 -0.001340 
826 0.045503 
827 0.047274 
828 -0.044660 
829 0.087915 
830 -0.133197 
831 0.085881 
832 -0.046807 
833 0.075130 
834 0.076698 
835 -0.126328 
836 -0.037960 
837 0.078091 
838 0.011355 
839 -0.055738 
840 0.083090 
841 -0.031724 
842 -0.048950 
843 0.042955 
844 0.021026 
845 -0.049889 
846 0.025504 
847 -0.086113 
848 -0.036347 
849 -0.021818 
850 0.118949 
851 -0.103189 
852 0.148086 
853 -0.092448 
854 -0.004327 
855 -0.034216 
856 0.060150 
857 -0.072127 
858 0.123298 
859 -0.102002 
860 -0.020184 
861 0.057607 
862 0.002845 
863 0.039216 
864 0.141994 
865 -0.073837 
866 0.030979 
867 -0.004021 
868 0.001370 
869 0.041935 
870 -0.023229 
871 -0.015960 
872 0.063254 
873 -0.030619 
874 -0.060854 
875 0.151235 
876 0.056427 
877 -0.126167 
878 -0.035359 
879 -0.062680 
880 0.118348 
881 -0.031718 
882 0.035254 
883 -0.110099 
884 -0.034646 
885 -0.003849 
886 0.071485 
887 -0.025720 
888 -0.044984 
889 -0.065876 
890 0.125127 
891 -0.025663 
892 0.034457 
893 0.002267 
894 -0.003531 
895 0.082912 
896 -0.002440 
897 0.091525 
898 -0.230722 
899 0.121053 
900 -0.072625 
901 0.084557 
902 0.087333 
903 -0.161983 
904 0.076432 
905 -0.026520 
906 0.000881 
907 0.074751 
908 -0.038256 
909 -0.050449 
910 0.146968 
911 0.031567 
912 -0.022488 
913 -0.038563 
914 0.035668 
915 0.036945 
916 0.196283 
917 -0.168899 
918 -0.092728 
919 0.038735 
920 -0.002196 
921 -0.032622 
922 0.159730 
923 -0.117348 
924 -0.052949 
925 -0.000664 
926 0.089831 
927 -0.127651 
928 -0.080395 
929 0.053263 
930 -0.073340 
931 0.014894 
932 -0.079863 
933 -0.000850 
934 0.053635 
935 0.137136 
936 -0.137939 
937 0.118233 
938 -0.049264 
939 0.037229 
940 -0.015443 
941 0.091597 
942 0.073998 
943 -0.022863 
944 0.019270 
945 -0.050388 
946 0.207052 
947 -0.099725 
948 0.025646 
949 -0.150021 
950 0.010293 
951 0.062976 
952 0.027989 
953 -0.071063 
954 -0.008786 
955 0.057344 
956 0.103638 
957 0.145809 
958 -0.131630 
959 -0.141301 
960 0.124184 
961 0.183001 
962 -0.103824 
963 0.086871 
964 -0.105291 
965 0.017780 
966 -0.032747 
967 0.216700 
968 -0.180334 
969 -0.096900 
970 -0.121872 
971 0.044985 
972 0.044138 
973 -0.073830 
974 -0.026874 
975 0.034491 
976 -0.050523 
977 0.245790 
978 -0.085061 
979 0.022677 
980 -0.046990 
981 -0.127793 
982 0.222666 
983 0.109803 
984 -0.129603 
985 -0.096403 
986 0.130690 
987 0.081888 
988 -0.047839 
989 0.040572 
990 -0.069514 
991 0.073938 
992 0.025628 
993 0.058960 
994 -0.089950 
995 0.031518 
996 0.045177 
997 0.108424 
998 -0.157152 
999 -0.002439 
1000 -0.250383 
1001 0.104571 
1002 0.029791 
1003 0.038694 
1004 -0.113741 
1005 0.061101 
1006 0.017421 
1007 0.113954 
1008 0.081491 
1009 0.077907 
1010 -0.041229 
1011 -0.135789 
1012 -0.014084 
1013 0.003536 
1014 0.079151 
1015 -0.117258 
1016 -0.001914 
1017 0.092569 
1018 0.040906 
1019 -0.034663 
1020 -0.041003 
1021 -0.047125 
1022 -0.015253 
1023 0.270624 
