0 0.007770 
1 0.001408 
2 0.026664 
3 -0.015146 
4 0.014270 
5 -0.021290 
6 0.007878 
7 0.001768 
8 0.010906 
9 0.013112 
10 0.005117 
11 0.004491 
12 0.011494 
13 -0.004978 
14 -0.004039 
15 -0.009711 
16 -0.012706 
17 -0.003353 
18 -0.014545 
19 0.014102 
20 0.004988 
21 0.009349 
22 -0.001906 
23 0.006896 
24 -0.013872 
25 0.001987 
26 -0.016523 
27 0.010987 
28 -0.008955 
29 0.005814 
30 0.001385 
31 0.006492 
32 -0.000347 
33 0.002604 
34 -0.005430 
35 -0.007011 
36 -0.006028 
37 -0.009932 
38 0.007345 
39 -0.003966 
40 0.006160 
41 0.001675 
42 -0.002144 
43 -0.004421 
44 -0.000076 
45 -0.008719 
46 0.001829 
47 -0.014006 
48 0.019817 
49 -0.007822 
50 0.010427 
51 -0.009433 
52 -0.008925 
53 -0.023017 
54 -0.023705 
55 -0.010546 
56 -0.006818 
57 0.016088 
58 0.002996 
59 0.036977 
60 -0.003356 
61 0.019644 
62 -0.021679 
63 -0.004267 
64 -0.027649 
65 -0.012057 
66 0.001158 
67 0.000435 
68 0.003792 
69 -0.008909 
70 0.013286 
71 -0.014495 
72 0.021515 
73 -0.012514 
74 0.021813 
75 -0.015167 
76 0.005811 
77 -0.002534 
78 0.003613 
79 -0.000144 
80 -0.009860 
81 0.000687 
82 -0.023483 
83 0.005944 
84 -0.015407 
85 0.034980 
86 0.000053 
87 0.027671 
88 -0.007856 
89 -0.015129 
90 -0.016866 
91 -0.015856 
92 0.008885 
93 0.016860 
94 0.027613 
95 0.003859 
96 -0.001880 
97 -0.041392 
98 -0.008410 
99 -0.042727 
100 0.026290 
101 -0.000129 
102 0.053923 
103 0.018233 
104 0.029490 
105 -0.006121 
106 -0.031193 
107 -0.047429 
108 -0.057084 
109 0.000902 
110 -0.017504 
111 0.043738 
112 0.002843 
113 0.035597 
114 -0.008172 
115 0.008269 
116 0.008217 
117 0.014458 
118 -0.000168 
119 -0.004434 
120 -0.004089 
121 -0.013718 
122 0.012089 
123 -0.006097 
124 0.047781 
125 0.001154 
126 0.019697 
127 -0.016694 
128 -0.012849 
129 -0.024680 
130 -0.014386 
131 0.005235 
132 0.004412 
133 0.014964 
134 0.004059 
135 0.018820 
136 -0.012656 
137 0.004123 
138 -0.013604 
139 0.004788 
140 -0.012107 
141 0.004866 
142 0.002410 
143 0.000779 
144 0.005312 
145 -0.008719 
146 0.006112 
147 -0.020028 
148 0.004980 
149 -0.001803 
150 0.015852 
151 0.006496 
152 0.013397 
153 0.000723 
154 -0.003493 
155 -0.014556 
156 0.000453 
157 -0.010088 
158 0.007157 
159 0.003279 
160 0.000376 
161 0.007526 
162 -0.010132 
163 0.007133 
164 -0.015399 
165 -0.007238 
166 -0.014669 
167 -0.006217 
168 0.001510 
169 0.003570 
170 0.019642 
171 0.017914 
172 0.006198 
173 0.000864 
174 -0.006792 
175 -0.005284 
176 -0.014007 
177 -0.001200 
178 -0.004700 
179 0.001427 
180 -0.005128 
181 0.006858 
182 0.003500 
183 0.002277 
184 -0.000355 
185 -0.006411 
186 0.000546 
187 -0.001479 
188 0.012576 
189 0.005752 
190 0.004638 
191 -0.010435 
192 -0.010820 
193 -0.014930 
194 -0.004848 
195 0.005961 
196 0.014079 
197 0.005158 
198 0.006467 
199 0.001155 
200 -0.001616 
201 -0.005289 
202 0.003679 
203 0.002065 
204 -0.004649 
205 -0.004202 
206 -0.009476 
207 -0.002000 
208 -0.004124 
209 0.004433 
210 0.011504 
211 0.014511 
212 0.002479 
213 0.003424 
214 -0.011356 
215 -0.012442 
216 -0.018879 
217 -0.004677 
218 0.004861 
219 0.006754 
220 0.028845 
221 0.005145 
222 0.019400 
223 -0.022212 
224 -0.002274 
225 -0.022571 
226 -0.000643 
227 -0.001207 
228 0.006686 
229 0.019487 
230 -0.010688 
231 0.012675 
232 -0.026620 
233 0.005980 
234 -0.025441 
235 0.017842 
236 -0.002484 
237 0.021925 
238 0.007214 
239 0.007252 
240 0.005115 
241 -0.013515 
242 -0.000800 
243 -0.032860 
244 -0.000823 
245 -0.017264 
246 0.022887 
247 0.005764 
248 0.034523 
249 0.008804 
250 0.015768 
251 -0.019096 
252 -0.010741 
253 -0.017877 
254 -0.015518 
255 -0.000873 
256 -0.007461 
257 0.019845 
258 -0.013372 
259 0.010227 
260 -0.011325 
261 0.008554 
262 -0.011726 
263 0.003317 
264 -0.000571 
265 -0.001182 
266 0.009462 
267 -0.003669 
268 0.023933 
269 -0.011179 
270 0.017776 
271 -0.016116 
272 0.012444 
273 -0.012527 
274 0.010551 
275 -0.006056 
276 -0.001450 
277 -0.008830 
278 -0.013826 
279 -0.001874 
280 -0.016065 
281 0.015952 
282 -0.006348 
283 0.020126 
284 -0.001140 
285 0.019637 
286 -0.007448 
287 0.001050 
288 -0.014879 
289 -0.012711 
290 -0.002266 
291 -0.017258 
292 0.022345 
293 -0.007582 
294 0.029374 
295 -0.000674 
296 0.022942 
297 -0.007403 
298 -0.000066 
299 -0.005529 
300 -0.006511 
301 -0.004358 
302 -0.010094 
303 0.004034 
304 -0.005742 
305 0.002234 
306 0.004795 
307 0.007907 
308 -0.001325 
309 -0.005961 
310 -0.004016 
311 0.000446 
312 0.000514 
313 0.006874 
314 0.010628 
315 -0.003179 
316 0.001299 
317 -0.011585 
318 0.004070 
319 -0.006626 
320 0.000269 
321 0.009281 
322 0.006938 
323 0.006635 
324 0.001093 
325 0.005073 
326 -0.001887 
327 -0.005371 
328 0.001125 
329 -0.008105 
330 -0.002763 
331 -0.000814 
332 0.002417 
333 0.012964 
334 0.000906 
335 0.007875 
336 0.003287 
337 -0.007391 
338 -0.000150 
339 -0.010329 
340 -0.004016 
341 -0.012832 
342 0.001028 
343 -0.003756 
344 0.006975 
345 0.003145 
346 0.019144 
347 0.009677 
348 0.004850 
349 0.002951 
350 -0.004009 
351 -0.001291 
352 -0.014082 
353 0.000434 
354 -0.012066 
355 -0.009636 
356 -0.011546 
357 0.002640 
358 0.007657 
359 -0.001263 
360 0.012564 
361 -0.002533 
362 0.007442 
363 -0.007193 
364 0.004842 
365 0.002539 
366 -0.008443 
367 -0.004925 
368 -0.002862 
369 -0.002741 
370 0.002648 
371 0.006473 
372 0.013077 
373 0.001865 
374 -0.005381 
375 -0.010464 
376 -0.011590 
377 -0.011261 
378 -0.004803 
379 0.001154 
380 0.002734 
381 -0.001287 
382 0.003699 
383 0.007011 
384 0.003141 
385 0.003843 
386 0.001863 
387 -0.002166 
388 -0.010251 
389 0.003064 
390 -0.000561 
391 0.008091 
392 0.004149 
393 0.003126 
394 -0.000806 
395 -0.008738 
396 -0.003382 
397 -0.001701 
398 0.001826 
399 -0.005636 
400 0.005543 
401 -0.008203 
402 -0.002548 
403 -0.012483 
404 -0.001493 
405 -0.002565 
406 -0.007502 
407 0.012849 
408 -0.001481 
409 0.017095 
410 -0.002040 
411 0.014844 
412 0.003932 
413 -0.001195 
414 0.000155 
415 -0.003023 
416 -0.003150 
417 -0.000594 
418 -0.003138 
419 0.006467 
420 -0.005044 
421 0.004540 
422 0.006243 
423 0.009688 
424 0.001090 
425 -0.001872 
426 -0.006729 
427 -0.006380 
428 -0.007354 
429 0.004554 
430 0.005877 
431 0.006880 
432 0.004527 
433 -0.003151 
434 -0.004940 
435 -0.011657 
436 0.005240 
437 -0.003273 
438 0.019432 
439 -0.003723 
440 0.010502 
441 -0.009210 
442 0.000738 
443 -0.007453 
444 0.007249 
445 -0.005232 
446 0.008726 
447 0.005880 
448 0.010278 
449 0.003521 
450 -0.000712 
451 -0.006671 
452 -0.021422 
453 -0.012545 
454 -0.009982 
455 0.010556 
456 0.008593 
457 0.016491 
458 0.007738 
459 -0.002384 
460 -0.010513 
461 -0.018113 
462 -0.002900 
463 -0.006567 
464 0.019932 
465 0.003563 
466 0.016291 
467 -0.012710 
468 -0.001603 
469 -0.012700 
470 -0.009954 
471 0.004547 
472 -0.008580 
473 0.023479 
474 -0.011276 
475 0.029160 
476 -0.014332 
477 0.010021 
478 -0.030811 
479 -0.006362 
480 -0.018878 
481 -0.003202 
482 0.011596 
483 0.005593 
484 0.030943 
485 -0.007642 
486 0.014233 
487 -0.029025 
488 0.001543 
489 -0.034352 
490 0.009503 
491 -0.013012 
492 0.016726 
493 0.005439 
494 0.011256 
495 0.007669 
496 -0.002557 
497 -0.001977 
498 -0.018742 
499 -0.007164 
500 -0.011874 
501 0.010784 
502 0.000321 
503 0.016157 
504 0.000227 
505 -0.003328 
506 -0.010719 
507 -0.015547 
508 0.010231 
509 0.000203 
510 0.019870 
511 0.004822 
512 0.011914 
513 -0.009355 
514 -0.000852 
515 -0.012555 
516 -0.003147 
517 -0.013519 
518 0.003712 
519 -0.003616 
520 0.007762 
521 -0.001118 
522 0.013558 
523 0.001292 
524 -0.003633 
525 0.003926 
526 -0.014057 
527 0.011405 
528 -0.017547 
529 0.017133 
530 -0.011178 
531 0.008025 
532 -0.004989 
533 0.014741 
534 0.011110 
535 0.001821 
536 0.012229 
537 -0.005160 
538 0.005905 
539 -0.022410 
540 0.006233 
541 -0.019615 
542 0.006570 
543 -0.006719 
544 0.011964 
545 0.002631 
546 0.005849 
547 0.004288 
548 0.005662 
549 0.001988 
550 -0.005489 
551 0.002564 
552 -0.007560 
553 -0.001661 
554 -0.007790 
555 0.003757 
556 -0.010842 
557 0.003184 
558 0.003699 
559 0.020732 
560 0.009586 
561 0.016852 
562 0.003995 
563 -0.007286 
564 -0.012534 
565 -0.016373 
566 -0.003506 
567 -0.007456 
568 0.006021 
569 0.004433 
570 0.009347 
571 0.001244 
572 0.005634 
573 0.006909 
574 0.001559 
575 -0.004200 
576 -0.009192 
577 -0.002556 
578 -0.015385 
579 0.011218 
580 -0.000972 
581 0.019318 
582 -0.006278 
583 0.005194 
584 -0.006837 
585 -0.007884 
586 -0.002016 
587 -0.003900 
588 0.004491 
589 -0.007804 
590 0.003768 
591 -0.005931 
592 0.008295 
593 -0.010616 
594 0.003503 
595 -0.003836 
596 -0.003652 
597 0.005552 
598 0.004233 
599 0.015119 
600 -0.009726 
601 0.004554 
602 -0.018842 
603 -0.010792 
604 -0.010456 
605 -0.000977 
606 0.011665 
607 0.001801 
608 0.013097 
609 -0.002781 
610 -0.001913 
611 -0.009903 
612 -0.004762 
613 0.003574 
614 -0.003743 
615 0.005192 
616 -0.004646 
617 0.004811 
618 -0.010565 
619 0.009374 
620 -0.012552 
621 0.003918 
622 -0.018074 
623 0.014105 
624 -0.000620 
625 0.010282 
626 0.008901 
627 -0.002255 
628 0.005064 
629 -0.018933 
630 0.004699 
631 -0.012918 
632 0.008680 
633 -0.005840 
634 0.013587 
635 -0.006316 
636 -0.000951 
637 -0.002688 
638 0.004975 
639 0.003649 
640 -0.007187 
641 -0.001283 
642 -0.014089 
643 -0.001583 
644 -0.004421 
645 0.026386 
646 0.006870 
647 0.023031 
648 -0.001642 
649 0.001983 
650 -0.013752 
651 -0.018980 
652 -0.007841 
653 -0.009415 
654 0.005065 
655 0.003006 
656 0.021233 
657 0.008562 
658 0.022529 
659 0.001314 
660 0.009080 
661 -0.018844 
662 -0.011959 
663 -0.010499 
664 -0.013523 
665 0.013065 
666 -0.004233 
667 0.017363 
668 -0.009589 
669 0.009031 
670 -0.008945 
671 0.003645 
672 0.000448 
673 0.006612 
674 0.017815 
675 0.003141 
676 0.018562 
677 -0.008398 
678 0.010005 
679 -0.029791 
680 -0.001931 
681 -0.026482 
682 0.006441 
683 -0.003058 
684 0.026753 
685 0.016004 
686 0.010163 
687 -0.006450 
688 -0.017960 
689 -0.025786 
690 -0.013050 
691 -0.006555 
692 0.018654 
693 0.016048 
694 0.022671 
695 0.012124 
696 -0.001486 
697 -0.010666 
698 -0.018821 
699 -0.015826 
700 -0.012431 
701 -0.007395 
702 0.011189 
703 0.008457 
704 0.014840 
705 0.003233 
706 -0.000064 
707 -0.011741 
708 -0.011502 
709 0.005934 
710 0.005144 
711 0.015957 
712 0.002847 
713 -0.002648 
714 -0.020535 
715 -0.019390 
716 -0.023732 
717 -0.004466 
718 -0.003093 
719 0.022068 
720 0.015291 
721 0.025545 
722 0.002625 
723 0.001309 
724 -0.004953 
725 -0.023577 
726 -0.006968 
727 -0.020747 
728 0.011394 
729 -0.011859 
730 0.020056 
731 -0.010404 
732 0.010060 
733 -0.018825 
734 0.015006 
735 -0.013944 
736 0.026989 
737 -0.012115 
738 0.022415 
739 -0.014811 
740 0.000901 
741 -0.021850 
742 -0.005238 
743 -0.016866 
744 0.009913 
745 0.000261 
746 0.022118 
747 0.006010 
748 0.008758 
749 0.005389 
750 -0.012084 
751 -0.006346 
752 -0.019417 
753 -0.005111 
754 -0.014291 
755 0.008415 
756 0.007860 
757 0.018224 
758 0.011026 
759 0.001566 
760 0.003036 
761 -0.018599 
762 0.002496 
763 -0.020744 
764 0.004065 
765 -0.013001 
766 0.004654 
767 0.000789 
768 0.010460 
769 0.015478 
770 0.017817 
771 0.015542 
772 -0.003212 
773 0.005516 
774 -0.009942 
775 -0.005867 
776 -0.009701 
777 -0.007913 
778 -0.009414 
779 -0.012406 
780 0.002167 
781 0.004892 
782 0.012064 
783 -0.002776 
784 0.001088 
785 -0.002892 
786 0.002877 
787 -0.000610 
788 0.019359 
789 0.004127 
790 0.002653 
791 -0.006551 
792 -0.009305 
793 0.000722 
794 -0.004468 
795 0.012208 
796 0.005682 
797 0.010852 
798 0.004048 
799 0.003780 
800 -0.000020 
801 -0.004670 
802 -0.003081 
803 -0.007238 
804 -0.007786 
805 -0.003919 
806 -0.000352 
807 0.004372 
808 -0.002985 
809 0.008982 
810 0.007260 
811 0.007573 
812 -0.000750 
813 -0.002810 
814 -0.009342 
815 -0.007036 
816 -0.007703 
817 0.011572 
818 0.002076 
819 0.016693 
820 0.014454 
821 0.010083 
822 0.004910 
823 -0.015779 
824 -0.004381 
825 -0.017764 
826 0.004052 
827 -0.004181 
828 0.019292 
829 -0.006062 
830 0.004257 
831 -0.018731 
832 0.001468 
833 -0.010214 
834 0.016337 
835 0.021459 
836 0.011764 
837 0.011295 
838 -0.018781 
839 -0.002797 
840 -0.038225 
841 0.004803 
842 -0.024283 
843 0.020237 
844 -0.002459 
845 0.023813 
846 0.018622 
847 0.015276 
848 0.001640 
849 -0.009391 
850 -0.013226 
851 -0.022811 
852 -0.006527 
853 -0.001617 
854 0.016155 
855 0.001839 
856 0.017975 
857 0.001897 
858 -0.000759 
859 -0.013547 
860 -0.012001 
861 -0.010070 
862 -0.008317 
863 0.002305 
864 0.006388 
865 0.007905 
866 0.006063 
867 0.002974 
868 0.002315 
869 -0.001616 
870 -0.000538 
871 0.007244 
872 0.005814 
873 0.002398 
874 -0.002798 
875 -0.001987 
876 -0.023273 
877 -0.005502 
878 -0.018117 
879 0.005902 
880 -0.006321 
881 0.011515 
882 0.016967 
883 0.008506 
884 0.025224 
885 0.001294 
886 0.005585 
887 -0.024157 
888 -0.019074 
889 -0.018229 
890 -0.007318 
891 0.002655 
892 0.011603 
893 0.027231 
894 -0.001554 
895 0.003903 
896 -0.009590 
897 -0.006918 
898 -0.002311 
899 -0.005194 
900 0.013203 
901 -0.011069 
902 -0.003345 
903 -0.024062 
904 -0.002640 
905 -0.023356 
906 0.006122 
907 -0.007099 
908 0.017119 
909 0.005702 
910 0.013148 
911 0.022744 
912 0.005565 
913 0.004175 
914 -0.007981 
915 -0.016337 
916 -0.014601 
917 -0.019675 
918 -0.002928 
919 -0.000528 
920 0.007921 
921 0.005859 
922 0.016225 
923 -0.018132 
924 0.004555 
925 -0.039689 
926 0.003709 
927 -0.034697 
928 0.013874 
929 -0.011082 
930 0.022991 
931 -0.001903 
932 0.010951 
933 -0.004819 
934 -0.010709 
935 -0.002059 
936 -0.021589 
937 0.016976 
938 -0.014254 
939 0.029599 
940 -0.020324 
941 0.012511 
942 -0.031053 
943 -0.001801 
944 -0.022288 
945 0.008835 
946 0.015051 
947 0.020037 
948 0.017874 
949 -0.009355 
950 -0.000954 
951 -0.029444 
952 -0.008923 
953 -0.013867 
954 0.001332 
955 -0.005126 
956 0.001910 
957 0.013021 
958 0.012858 
959 0.011550 
960 -0.010852 
961 0.007418 
962 -0.028776 
963 0.006820 
964 -0.011462 
965 0.010750 
966 0.012800 
967 -0.009272 
968 0.023519 
969 -0.021539 
970 0.027817 
971 -0.008682 
972 0.026058 
973 -0.009058 
974 0.008138 
975 -0.016995 
976 0.004122 
977 -0.016889 
978 0.001852 
979 0.002009 
980 -0.003376 
981 0.008086 
982 0.003399 
983 0.021328 
984 0.009550 
985 0.014228 
986 -0.000734 
987 -0.002113 
988 -0.013990 
989 0.005187 
990 -0.002182 
991 0.009815 
992 0.002998 
993 -0.001559 
994 0.004885 
995 0.000031 
996 0.007195 
997 0.009037 
998 0.003801 
999 0.008822 
1000 0.020073 
1001 -0.001185 
1002 0.011732 
1003 -0.024381 
1004 -0.000217 
1005 -0.020714 
1006 -0.000036 
1007 0.012158 
1008 0.014917 
1009 0.016006 
1010 0.009189 
1011 0.010402 
1012 -0.015271 
1013 0.002491 
1014 -0.035917 
1015 0.020598 
1016 -0.016529 
1017 0.032737 
1018 0.012383 
1019 0.018145 
1020 0.000291 
1021 -0.018624 
1022 -0.011640 
1023 -0.018933 
