0 0.572962 
1 -0.223510 
2 -0.013828 
3 0.017931 
4 -0.008368 
5 0.033818 
6 0.151499 
7 -0.057734 
8 0.062415 
9 -0.083753 
10 0.006571 
11 -0.014269 
12 -0.063484 
13 0.196117 
14 -0.084255 
15 -0.017954 
16 0.048828 
17 -0.107546 
18 -0.074749 
19 0.097184 
20 -0.053853 
21 0.029187 
22 0.125660 
23 -0.120888 
24 0.070250 
25 -0.094836 
26 0.030089 
27 -0.015505 
28 0.089504 
29 -0.029043 
30 0.097313 
31 -0.078220 
32 0.018878 
33 -0.044180 
34 -0.024923 
35 0.054193 
36 -0.067456 
37 0.130191 
38 -0.148427 
39 0.116765 
40 -0.104525 
41 -0.032260 
42 0.087951 
43 -0.088030 
44 0.104823 
45 -0.015990 
46 0.059886 
47 -0.121384 
48 0.152223 
49 -0.129210 
50 0.101840 
51 0.030908 
52 0.022673 
53 0.004670 
54 0.007487 
55 -0.024035 
56 -0.079144 
57 0.067061 
58 -0.065426 
59 0.021388 
60 0.058326 
61 -0.104788 
62 0.076007 
63 -0.069458 
64 -0.043532 
65 0.062211 
66 -0.029646 
67 0.013067 
68 0.139757 
69 -0.141800 
70 0.115181 
71 -0.029307 
72 -0.028138 
73 0.006840 
74 0.067318 
75 -0.054880 
76 -0.004817 
77 0.095532 
78 -0.110549 
79 0.011681 
80 0.087439 
81 -0.126718 
82 0.030420 
83 0.047362 
84 -0.122932 
85 0.029779 
86 0.030195 
87 -0.073750 
88 0.066751 
89 0.050896 
90 -0.026338 
91 0.037277 
92 0.033482 
93 -0.070845 
94 0.089222 
95 -0.056544 
96 0.051764 
97 0.031477 
98 0.013648 
99 0.032548 
100 0.003620 
101 -0.015358 
102 -0.016699 
103 0.055166 
104 -0.090993 
105 0.056500 
106 0.029207 
107 -0.098261 
108 0.088216 
109 -0.041386 
110 -0.004152 
111 0.023663 
112 0.055240 
113 -0.075442 
114 0.084406 
115 0.042573 
116 -0.078206 
117 0.077753 
118 -0.025859 
119 -0.042591 
120 0.063107 
121 -0.033998 
122 -0.018616 
123 0.027308 
124 -0.051435 
125 -0.014857 
126 0.040979 
127 -0.075559 
128 0.017955 
129 0.029717 
130 -0.128524 
131 0.101961 
132 -0.027825 
133 -0.077043 
134 0.127283 
135 -0.002460 
136 -0.071138 
137 0.115046 
138 -0.004153 
139 -0.083541 
140 0.108775 
141 -0.014647 
142 -0.080636 
143 0.137467 
144 -0.096447 
145 0.007024 
146 0.020859 
147 -0.012314 
148 -0.045220 
149 0.090983 
150 -0.066743 
151 0.070204 
152 -0.046279 
153 -0.016596 
154 0.030874 
155 -0.035355 
156 0.045857 
157 0.022776 
158 0.025683 
159 -0.017753 
160 0.033872 
161 0.004927 
162 -0.038704 
163 0.085834 
164 -0.056544 
165 0.027604 
166 0.026550 
167 -0.028386 
168 -0.079351 
169 0.090996 
170 -0.092060 
171 -0.012229 
172 0.065367 
173 -0.082459 
174 0.033156 
175 0.031818 
176 -0.005915 
177 -0.044997 
178 0.115620 
179 -0.046932 
180 -0.037908 
181 0.143668 
182 -0.122451 
183 0.060459 
184 0.031087 
185 -0.033041 
186 -0.034105 
187 0.155878 
188 -0.243951 
189 0.195363 
190 -0.138337 
191 0.036216 
192 0.005826 
193 -0.028445 
194 0.024058 
195 -0.017754 
196 0.039767 
197 -0.073719 
198 0.143162 
199 -0.111493 
200 0.074978 
201 0.035347 
202 -0.041876 
203 0.046571 
204 -0.014265 
205 0.049888 
206 -0.085410 
207 0.134898 
208 -0.129741 
209 0.070441 
210 -0.011724 
211 -0.046146 
212 0.008796 
213 -0.023557 
214 -0.024770 
215 -0.004082 
216 0.011110 
217 -0.075471 
218 0.118649 
219 -0.113270 
220 0.098446 
221 -0.001253 
222 0.017562 
223 -0.005909 
224 0.045977 
225 -0.024336 
226 -0.031699 
227 0.085254 
228 -0.090341 
229 0.037754 
230 0.021215 
231 -0.006013 
232 -0.063546 
233 0.087371 
234 -0.070461 
235 -0.081126 
236 0.128003 
237 -0.152044 
238 0.069725 
239 -0.008656 
240 -0.002079 
241 -0.037789 
242 0.063609 
243 -0.064106 
244 -0.007669 
245 0.079510 
246 -0.078525 
247 0.088187 
248 -0.060370 
249 0.046994 
250 -0.021167 
251 0.006287 
252 -0.011689 
253 0.034135 
254 -0.038529 
255 -0.015095 
256 0.051711 
257 -0.128429 
258 0.098602 
259 -0.092430 
260 0.020622 
261 -0.031725 
262 0.091971 
263 -0.111827 
264 0.063737 
265 0.015834 
266 -0.075583 
267 0.032712 
268 0.042815 
269 -0.074977 
270 0.044482 
271 0.031165 
272 -0.070313 
273 0.066197 
274 0.041990 
275 -0.080031 
276 0.143194 
277 -0.110631 
278 0.081933 
279 -0.058099 
280 0.006214 
281 -0.006880 
282 0.011123 
283 -0.047578 
284 0.034949 
285 0.024162 
286 -0.030280 
287 0.042331 
288 0.012160 
289 -0.044609 
290 0.044777 
291 -0.006230 
292 -0.023391 
293 0.023631 
294 0.024005 
295 -0.041328 
296 0.006589 
297 0.048213 
298 -0.107476 
299 0.066991 
300 -0.038747 
301 -0.039684 
302 0.043868 
303 -0.088499 
304 0.086420 
305 -0.116225 
306 0.091486 
307 -0.063010 
308 0.054627 
309 -0.056486 
310 0.095178 
311 -0.094279 
312 0.057730 
313 0.008203 
314 -0.054123 
315 0.032727 
316 -0.007884 
317 0.020619 
318 -0.045780 
319 0.049708 
320 -0.003703 
321 -0.078804 
322 0.089801 
323 -0.085648 
324 -0.029907 
325 0.020355 
326 0.014943 
327 -0.117453 
328 0.156137 
329 -0.102460 
330 0.042664 
331 -0.005187 
332 0.034489 
333 -0.046298 
334 0.047779 
335 0.026555 
336 -0.039037 
337 0.066347 
338 -0.047363 
339 0.072223 
340 -0.068466 
341 0.022578 
342 -0.012378 
343 -0.057065 
344 0.006000 
345 -0.015225 
346 -0.000604 
347 -0.060684 
348 0.102968 
349 -0.125802 
350 0.039284 
351 -0.004486 
352 -0.010446 
353 -0.048046 
354 0.081676 
355 -0.037093 
356 -0.031965 
357 0.129275 
358 -0.124139 
359 0.099390 
360 -0.031420 
361 -0.013988 
362 0.010273 
363 -0.016301 
364 -0.022869 
365 -0.004986 
366 0.000082 
367 -0.103441 
368 0.133899 
369 -0.189338 
370 0.149619 
371 -0.076709 
372 0.024905 
373 0.012688 
374 0.018458 
375 -0.014291 
376 -0.004278 
377 0.054291 
378 -0.097359 
379 0.087341 
380 -0.032310 
381 0.025614 
382 -0.027947 
383 0.048022 
384 -0.035840 
385 -0.037391 
386 0.058858 
387 -0.083282 
388 0.033945 
389 0.000732 
390 -0.014946 
391 -0.015016 
392 0.019975 
393 -0.000270 
394 -0.031909 
395 0.057045 
396 -0.032652 
397 0.052313 
398 -0.033946 
399 0.079977 
400 -0.078908 
401 0.078907 
402 -0.038835 
403 0.031587 
404 -0.022922 
405 0.012383 
406 0.041157 
407 -0.070499 
408 0.021749 
409 0.009680 
410 -0.071562 
411 0.015768 
412 0.049730 
413 -0.120931 
414 0.058032 
415 0.056951 
416 -0.138310 
417 0.168577 
418 -0.066968 
419 0.004183 
420 0.009035 
421 0.030739 
422 -0.089968 
423 0.078053 
424 -0.021505 
425 -0.049285 
426 0.075766 
427 -0.103373 
428 0.061121 
429 -0.058770 
430 -0.017171 
431 0.028974 
432 -0.061937 
433 0.038202 
434 -0.027878 
435 -0.002661 
436 -0.050497 
437 0.061956 
438 -0.062118 
439 0.039688 
440 -0.000085 
441 0.017909 
442 -0.046276 
443 0.069588 
444 -0.059387 
445 0.017499 
446 0.023520 
447 0.002435 
448 -0.015071 
449 0.020642 
450 -0.044178 
451 0.001863 
452 -0.017423 
453 0.008464 
454 -0.018406 
455 0.009637 
456 0.016515 
457 -0.029345 
458 0.007943 
459 0.010172 
460 -0.012848 
461 0.027122 
462 -0.025283 
463 0.041402 
464 -0.024665 
465 0.017983 
466 -0.010772 
467 0.046902 
468 -0.059101 
469 0.064007 
470 -0.003199 
471 -0.074059 
472 0.076906 
473 -0.045315 
474 -0.058102 
475 0.043996 
476 -0.007715 
477 -0.070974 
478 0.096306 
479 -0.031462 
480 -0.019225 
481 0.039563 
482 0.009406 
483 -0.047578 
484 0.057607 
485 0.005794 
486 -0.020504 
487 0.058111 
488 -0.015317 
489 0.009677 
490 -0.005353 
491 -0.010853 
492 0.018111 
493 -0.022775 
494 -0.013161 
495 0.024987 
496 -0.018211 
497 -0.051222 
498 0.085500 
499 -0.084004 
500 0.018331 
501 0.077834 
502 -0.093471 
503 0.026214 
504 0.057659 
505 -0.069540 
506 0.031270 
507 0.059869 
508 -0.043395 
509 0.034529 
510 0.036159 
511 -0.040173 
512 0.030133 
513 -0.000352 
514 0.000231 
515 -0.028055 
516 0.051390 
517 -0.069121 
518 0.063539 
519 -0.071881 
520 0.061173 
521 -0.073834 
522 0.034321 
523 -0.017313 
524 -0.006141 
525 -0.002339 
526 -0.006125 
527 0.043248 
528 -0.042489 
529 0.059873 
530 -0.008294 
531 0.006204 
532 0.007985 
533 0.015314 
534 -0.012826 
535 -0.038918 
536 0.104117 
537 -0.130010 
538 0.085683 
539 -0.072234 
540 0.050766 
541 -0.112484 
542 0.115867 
543 -0.099642 
544 0.027761 
545 0.043265 
546 -0.076151 
547 0.068700 
548 -0.073830 
549 0.052996 
550 -0.051153 
551 0.027946 
552 0.011350 
553 -0.004163 
554 0.019839 
555 -0.037364 
556 0.080837 
557 -0.136181 
558 0.133883 
559 -0.067353 
560 0.033491 
561 -0.051186 
562 0.083286 
563 -0.120954 
564 0.059768 
565 0.026853 
566 -0.076703 
567 0.073615 
568 0.033731 
569 -0.050708 
570 0.038691 
571 0.035273 
572 -0.056134 
573 0.044459 
574 0.039852 
575 -0.047677 
576 0.087469 
577 -0.048833 
578 0.053276 
579 -0.075177 
580 0.070954 
581 -0.066998 
582 0.069668 
583 -0.085450 
584 0.107672 
585 -0.087110 
586 0.013595 
587 0.035376 
588 -0.051407 
589 0.000652 
590 0.035496 
591 -0.040600 
592 -0.010236 
593 0.038975 
594 0.001127 
595 -0.025421 
596 0.091411 
597 -0.035937 
598 0.006644 
599 -0.005675 
600 0.011023 
601 -0.105944 
602 0.101589 
603 -0.078585 
604 0.069690 
605 -0.033394 
606 0.027629 
607 -0.019807 
608 -0.005725 
609 0.014661 
610 -0.041875 
611 0.040073 
612 -0.025804 
613 0.053392 
614 -0.034842 
615 0.029472 
616 0.012083 
617 0.007680 
618 0.020115 
619 -0.018289 
620 0.058935 
621 -0.069252 
622 0.046936 
623 -0.016983 
624 -0.011252 
625 0.027054 
626 0.036042 
627 -0.090194 
628 0.089423 
629 -0.029493 
630 -0.039530 
631 0.077767 
632 -0.043854 
633 -0.005041 
634 0.041864 
635 -0.071877 
636 0.020028 
637 0.028183 
638 -0.067465 
639 0.091256 
640 -0.039870 
641 0.013971 
642 0.034163 
643 -0.068182 
644 0.007621 
645 0.010955 
646 -0.045257 
647 -0.002997 
648 0.062981 
649 -0.072416 
650 0.023896 
651 0.016437 
652 -0.063686 
653 0.036196 
654 0.006739 
655 -0.027716 
656 0.009299 
657 0.064074 
658 -0.087672 
659 0.061570 
660 -0.020770 
661 -0.013069 
662 -0.017136 
663 0.044323 
664 -0.051747 
665 0.036140 
666 -0.012293 
667 -0.007766 
668 -0.004464 
669 -0.022774 
670 0.022389 
671 -0.005714 
672 -0.008949 
673 0.054456 
674 -0.084469 
675 0.096509 
676 -0.087323 
677 0.083597 
678 -0.070774 
679 0.071822 
680 -0.031559 
681 0.033394 
682 -0.042535 
683 0.068722 
684 -0.041131 
685 -0.004571 
686 0.059859 
687 -0.107860 
688 0.088922 
689 -0.033584 
690 -0.006503 
691 0.031502 
692 0.007082 
693 0.027481 
694 -0.046394 
695 0.067453 
696 -0.058911 
697 0.049950 
698 -0.044349 
699 0.066582 
700 -0.062745 
701 0.084455 
702 -0.090904 
703 0.073172 
704 -0.045625 
705 0.002411 
706 0.038172 
707 -0.057415 
708 0.009643 
709 0.027549 
710 -0.071534 
711 0.002872 
712 0.109320 
713 -0.152016 
714 0.097188 
715 0.019110 
716 -0.135343 
717 0.141699 
718 -0.100177 
719 0.052074 
720 -0.011824 
721 0.061520 
722 -0.123534 
723 0.109206 
724 -0.064521 
725 -0.009239 
726 0.044260 
727 -0.078196 
728 0.094732 
729 -0.100700 
730 0.040634 
731 -0.025494 
732 -0.028025 
733 0.019400 
734 -0.011241 
735 0.004393 
736 -0.012829 
737 0.027669 
738 -0.026870 
739 -0.019143 
740 0.056594 
741 -0.012810 
742 -0.045320 
743 0.105839 
744 -0.059610 
745 -0.024666 
746 0.068848 
747 -0.046770 
748 -0.010149 
749 0.005582 
750 0.018712 
751 -0.095959 
752 0.078877 
753 -0.047903 
754 -0.054261 
755 0.048402 
756 -0.013843 
757 -0.038005 
758 0.032727 
759 0.001703 
760 -0.014360 
761 0.010325 
762 -0.034161 
763 0.019589 
764 -0.048982 
765 0.060431 
766 -0.054225 
767 0.076805 
768 -0.021985 
769 0.001686 
770 0.063036 
771 -0.141962 
772 0.144753 
773 -0.138537 
774 0.033719 
775 0.019782 
776 -0.043375 
777 0.010768 
778 0.015765 
779 0.001448 
780 -0.054164 
781 0.101124 
782 -0.082028 
783 0.040644 
784 0.031307 
785 -0.062233 
786 0.051120 
787 -0.001980 
788 0.000230 
789 -0.006955 
790 0.064309 
791 -0.095865 
792 0.102877 
793 -0.076999 
794 0.034562 
795 0.000054 
796 -0.025546 
797 -0.051990 
798 0.058614 
799 -0.067057 
800 0.004623 
801 0.062482 
802 -0.050699 
803 0.012700 
804 0.056291 
805 -0.112208 
806 0.050236 
807 0.014617 
808 -0.029185 
809 0.013949 
810 0.065610 
811 -0.047180 
812 0.000613 
813 0.014050 
814 -0.008371 
815 -0.067922 
816 0.086051 
817 -0.129577 
818 0.098104 
819 -0.072413 
820 0.043306 
821 -0.031922 
822 0.032214 
823 -0.020458 
824 0.017322 
825 -0.038467 
826 0.008353 
827 0.065301 
828 -0.117692 
829 0.093496 
830 -0.014552 
831 -0.069342 
832 0.087726 
833 -0.073900 
834 0.004008 
835 -0.013208 
836 0.024189 
837 -0.083291 
838 0.057964 
839 -0.062990 
840 0.022988 
841 -0.092569 
842 0.133144 
843 -0.159469 
844 0.072759 
845 0.030308 
846 -0.108448 
847 0.102470 
848 -0.014974 
849 -0.017328 
850 0.063924 
851 0.034936 
852 -0.083091 
853 0.114623 
854 -0.036884 
855 -0.039211 
856 0.082051 
857 -0.140523 
858 0.059264 
859 -0.043994 
860 -0.028723 
861 0.008049 
862 0.070945 
863 -0.123721 
864 0.122818 
865 -0.078454 
866 -0.021742 
867 0.079088 
868 -0.023869 
869 0.016473 
870 0.026398 
871 0.035717 
872 -0.072191 
873 0.070263 
874 -0.034290 
875 -0.001698 
876 0.022731 
877 -0.024813 
878 -0.004811 
879 -0.054448 
880 -0.003497 
881 -0.040218 
882 0.042314 
883 -0.091532 
884 0.083320 
885 -0.066223 
886 -0.038181 
887 0.054853 
888 -0.091618 
889 0.075534 
890 0.001970 
891 0.062293 
892 -0.068045 
893 0.093333 
894 -0.014197 
895 -0.068817 
896 0.098128 
897 -0.015793 
898 -0.026387 
899 0.088255 
900 -0.051653 
901 -0.058212 
902 0.086465 
903 -0.148628 
904 0.045725 
905 -0.008780 
906 -0.006016 
907 0.049278 
908 -0.029131 
909 0.041279 
910 -0.053960 
911 0.066038 
912 -0.099883 
913 0.150186 
914 -0.027985 
915 0.091973 
916 0.011572 
917 0.044208 
918 0.009345 
919 -0.027111 
920 0.080978 
921 -0.078540 
922 0.038545 
923 0.056661 
924 -0.197767 
925 0.089872 
926 -0.101056 
927 -0.084600 
928 0.112151 
929 -0.014669 
930 -0.072263 
931 0.164708 
932 -0.233366 
933 0.060001 
934 -0.020658 
935 -0.013891 
936 -0.021000 
937 0.124166 
938 -0.076735 
939 0.058184 
940 -0.034725 
941 0.002991 
942 0.059443 
943 -0.025996 
944 0.057048 
945 0.000631 
946 -0.100760 
947 -0.012884 
948 0.043094 
949 -0.141623 
950 0.092915 
951 0.062654 
952 -0.155662 
953 0.120154 
954 -0.075283 
955 0.002479 
956 -0.045604 
957 0.140419 
958 -0.110901 
959 0.044683 
960 0.068340 
961 -0.095990 
962 0.036064 
963 0.018536 
964 0.019290 
965 0.001717 
966 0.099548 
967 -0.057059 
968 -0.037737 
969 -0.004692 
970 -0.103035 
971 0.098347 
972 -0.059099 
973 0.083077 
974 0.034865 
975 -0.067502 
976 0.001724 
977 -0.004096 
978 -0.099281 
979 0.126067 
980 -0.022001 
981 0.027136 
982 0.017913 
983 0.081475 
984 -0.115548 
985 0.076453 
986 0.025969 
987 -0.068231 
988 0.119331 
989 -0.023924 
990 -0.072955 
991 -0.021404 
992 0.040506 
993 -0.096721 
994 0.096256 
995 0.089845 
996 -0.115168 
997 0.040232 
998 -0.080802 
999 -0.116141 
1000 0.072906 
1001 0.030852 
1002 0.056636 
1003 0.094070 
1004 -0.006890 
1005 -0.028928 
1006 0.005353 
1007 0.013598 
1008 0.051557 
1009 -0.062093 
1010 0.022634 
1011 0.049967 
1012 0.001358 
1013 -0.132794 
1014 0.131369 
1015 0.056507 
1016 -0.111247 
1017 0.157713 
1018 -0.021453 
1019 -0.085782 
1020 -0.016802 
1021 -0.020813 
1022 0.084679 
1023 0.585831 
