0 0.897035 
1 0.079450 
2 0.002725 
3 -0.016784 
4 -0.113856 
5 0.054509 
6 0.029205 
7 0.000494 
8 -0.045780 
9 0.038718 
10 -0.010766 
11 -0.012587 
12 -0.025246 
13 -0.025628 
14 0.074381 
15 -0.062262 
16 0.016689 
17 0.024007 
18 -0.017258 
19 0.049059 
20 -0.049135 
21 0.031367 
22 -0.003710 
23 -0.022708 
24 0.027072 
25 -0.000218 
26 -0.026806 
27 -0.030408 
28 0.033860 
29 0.068545 
30 0.023558 
31 -0.079550 
32 0.058968 
33 0.025686 
34 -0.050557 
35 0.036088 
36 0.007166 
37 0.012123 
38 -0.044404 
39 0.029837 
40 0.012542 
41 -0.027949 
42 -0.015579 
43 0.021145 
44 0.009023 
45 -0.055267 
46 -0.011588 
47 0.059558 
48 -0.032799 
49 -0.013152 
50 -0.048852 
51 0.024471 
52 0.044539 
53 -0.040560 
54 -0.075659 
55 0.025435 
56 -0.009224 
57 0.053421 
58 -0.048465 
59 -0.048196 
60 0.018174 
61 0.081886 
62 -0.001886 
63 -0.078671 
64 0.066325 
65 -0.020399 
66 -0.014506 
67 -0.025450 
68 -0.056710 
69 0.039007 
70 0.063099 
71 -0.055508 
72 0.039950 
73 0.084198 
74 -0.035191 
75 0.057448 
76 0.055977 
77 -0.082192 
78 0.097996 
79 -0.026879 
80 -0.013980 
81 0.035421 
82 -0.048040 
83 -0.023610 
84 0.085036 
85 0.007457 
86 -0.029602 
87 0.046522 
88 -0.040313 
89 0.033811 
90 -0.011245 
91 -0.033187 
92 -0.024435 
93 0.047525 
94 -0.032452 
95 -0.040904 
96 0.071916 
97 -0.003723 
98 -0.015766 
99 0.030532 
100 -0.072707 
101 0.027749 
102 0.059793 
103 -0.078422 
104 -0.034897 
105 0.021782 
106 -0.062623 
107 0.095182 
108 -0.034712 
109 -0.074714 
110 0.070952 
111 -0.045177 
112 -0.086710 
113 0.040689 
114 -0.077639 
115 -0.065135 
116 0.136298 
117 -0.109158 
118 0.019319 
119 0.013124 
120 -0.012071 
121 0.005621 
122 0.016250 
123 -0.076221 
124 0.054743 
125 0.014961 
126 -0.065711 
127 0.056686 
128 -0.038843 
129 0.052963 
130 -0.001429 
131 0.021200 
132 -0.053928 
133 0.006820 
134 0.048701 
135 -0.026430 
136 -0.032948 
137 -0.030547 
138 0.012439 
139 0.025222 
140 0.055221 
141 -0.017425 
142 0.017429 
143 0.036513 
144 -0.017331 
145 0.047589 
146 -0.034262 
147 -0.049720 
148 0.101162 
149 -0.014146 
150 -0.074164 
151 0.049166 
152 0.014953 
153 0.048951 
154 -0.031387 
155 -0.043160 
156 0.009208 
157 -0.010502 
158 -0.009418 
159 -0.015724 
160 -0.037180 
161 0.043881 
162 0.034240 
163 0.037039 
164 -0.047880 
165 -0.018279 
166 0.056716 
167 0.008538 
168 -0.039505 
169 -0.039743 
170 0.010798 
171 -0.017904 
172 0.014813 
173 -0.028613 
174 -0.037532 
175 0.083278 
176 -0.017718 
177 -0.024608 
178 -0.052649 
179 0.056664 
180 -0.068626 
181 -0.034969 
182 -0.030201 
183 0.030331 
184 0.050065 
185 -0.004699 
186 0.106385 
187 -0.070254 
188 0.021776 
189 0.041901 
190 0.024012 
191 -0.082430 
192 0.016680 
193 0.040306 
194 -0.018186 
195 0.007798 
196 0.007165 
197 0.042726 
198 -0.056356 
199 0.045807 
200 0.017883 
201 -0.035973 
202 -0.002611 
203 0.004253 
204 0.033279 
205 -0.049133 
206 -0.029006 
207 0.043237 
208 0.036650 
209 -0.051077 
210 0.027158 
211 -0.037392 
212 0.015115 
213 0.000048 
214 -0.026632 
215 0.009120 
216 -0.024294 
217 0.005547 
218 0.067632 
219 -0.006581 
220 -0.054362 
221 0.028979 
222 0.029827 
223 -0.005526 
224 -0.097443 
225 -0.030116 
226 -0.026473 
227 0.050385 
228 -0.039889 
229 0.008312 
230 0.026763 
231 0.001639 
232 -0.027415 
233 -0.046139 
234 0.019857 
235 0.013303 
236 -0.005214 
237 -0.025303 
238 -0.020243 
239 -0.011289 
240 0.080936 
241 -0.037778 
242 -0.045355 
243 0.066712 
244 0.004352 
245 0.045460 
246 -0.076304 
247 -0.073321 
248 0.018909 
249 0.059280 
250 -0.043039 
251 0.038868 
252 0.037654 
253 -0.000267 
254 0.012098 
255 -0.009749 
256 0.067172 
257 -0.060014 
258 0.017150 
259 0.014236 
260 -0.025736 
261 -0.040116 
262 0.082319 
263 0.019759 
264 0.014314 
265 -0.012824 
266 -0.011439 
267 0.048456 
268 -0.073279 
269 -0.000851 
270 -0.046932 
271 -0.011605 
272 0.003074 
273 0.020472 
274 0.021901 
275 0.009889 
276 0.023439 
277 0.032753 
278 0.038578 
279 -0.083307 
280 0.020065 
281 0.046259 
282 -0.071425 
283 -0.005088 
284 -0.003244 
285 0.027754 
286 0.073865 
287 -0.028183 
288 -0.077185 
289 0.043881 
290 -0.047081 
291 0.001843 
292 0.040115 
293 -0.124673 
294 -0.014746 
295 0.043327 
296 -0.007700 
297 -0.005111 
298 -0.050652 
299 0.050495 
300 0.070071 
301 -0.051636 
302 -0.040941 
303 0.045524 
304 0.036054 
305 -0.014768 
306 -0.041223 
307 0.075450 
308 -0.012350 
309 0.012926 
310 0.036095 
311 -0.062655 
312 -0.024631 
313 0.040265 
314 -0.058111 
315 0.047534 
316 -0.076540 
317 0.004899 
318 0.099588 
319 0.016569 
320 -0.084420 
321 0.083901 
322 0.020505 
323 -0.021807 
324 0.012496 
325 -0.066038 
326 0.045950 
327 -0.023798 
328 -0.018501 
329 0.043664 
330 0.009174 
331 -0.044697 
332 0.078797 
333 0.005593 
334 -0.097013 
335 -0.002189 
336 0.006082 
337 -0.050383 
338 0.001313 
339 -0.002296 
340 0.007643 
341 0.036717 
342 -0.010360 
343 -0.010432 
344 0.051627 
345 -0.039664 
346 -0.014506 
347 -0.009597 
348 -0.024568 
349 -0.055423 
350 0.055050 
351 -0.013945 
352 -0.052500 
353 0.085925 
354 -0.033769 
355 0.021101 
356 0.044101 
357 -0.119974 
358 -0.052712 
359 0.093574 
360 -0.045643 
361 0.029323 
362 0.011965 
363 -0.092350 
364 0.111433 
365 -0.008101 
366 0.030893 
367 0.044131 
368 -0.018915 
369 0.011496 
370 0.031489 
371 -0.083128 
372 0.019892 
373 0.104899 
374 -0.010804 
375 -0.045655 
376 -0.000577 
377 0.052100 
378 0.022190 
379 -0.049649 
380 -0.021239 
381 -0.026434 
382 0.028122 
383 0.023883 
384 -0.042291 
385 -0.008316 
386 0.021988 
387 0.060919 
388 0.017666 
389 -0.031452 
390 -0.040931 
391 0.043872 
392 -0.040035 
393 -0.039043 
394 -0.002006 
395 0.019510 
396 0.048446 
397 -0.028465 
398 -0.034229 
399 0.005820 
400 0.042065 
401 -0.025272 
402 0.008057 
403 -0.063225 
404 -0.049347 
405 0.063322 
406 0.013149 
407 -0.034603 
408 -0.015770 
409 -0.007782 
410 0.031457 
411 -0.016507 
412 -0.042277 
413 0.001369 
414 -0.001128 
415 -0.040679 
416 0.009413 
417 -0.033097 
418 0.069333 
419 0.032776 
420 -0.003492 
421 0.022407 
422 -0.048811 
423 0.042753 
424 0.002281 
425 -0.038120 
426 -0.035929 
427 0.024997 
428 0.014632 
429 0.028222 
430 -0.009426 
431 0.002057 
432 0.054858 
433 -0.000024 
434 -0.020569 
435 0.049148 
436 -0.029031 
437 -0.032229 
438 0.019081 
439 0.024056 
440 -0.070228 
441 0.054262 
442 0.035269 
443 0.000488 
444 -0.025137 
445 0.005830 
446 0.021835 
447 -0.033683 
448 -0.034329 
449 -0.057865 
450 0.055871 
451 -0.043506 
452 0.025784 
453 0.026070 
454 0.010968 
455 -0.056024 
456 0.116609 
457 -0.031172 
458 -0.059289 
459 -0.010785 
460 -0.002639 
461 0.041683 
462 -0.021790 
463 -0.041124 
464 0.069650 
465 0.054015 
466 -0.045207 
467 -0.013892 
468 -0.010165 
469 -0.022855 
470 0.007175 
471 -0.035745 
472 0.006429 
473 -0.026511 
474 0.051123 
475 0.033604 
476 -0.020450 
477 -0.044849 
478 0.018210 
479 0.051040 
480 -0.004874 
481 -0.084275 
482 0.025626 
483 0.078380 
484 -0.055726 
485 0.029987 
486 -0.028330 
487 0.047053 
488 0.050805 
489 -0.007959 
490 -0.036036 
491 0.027293 
492 -0.063241 
493 0.048089 
494 0.010592 
495 -0.078150 
496 -0.030017 
497 0.128031 
498 0.000380 
499 -0.077777 
500 0.008793 
501 -0.026249 
502 0.081968 
503 -0.078359 
504 -0.049762 
505 0.047404 
506 0.021616 
507 -0.083471 
508 0.075918 
509 -0.010553 
510 -0.020658 
511 0.060471 
512 -0.037691 
513 0.006735 
514 -0.071721 
515 0.042503 
516 0.028893 
517 -0.036626 
518 -0.047699 
519 0.038917 
520 0.101100 
521 -0.047774 
522 -0.058049 
523 0.061227 
524 0.052981 
525 -0.127566 
526 0.012161 
527 0.008970 
528 -0.043920 
529 0.054718 
530 0.011791 
531 0.046664 
532 -0.026210 
533 -0.004559 
534 0.020424 
535 0.004076 
536 -0.096839 
537 0.025044 
538 0.047673 
539 -0.035267 
540 0.003179 
541 -0.036087 
542 0.032660 
543 0.002772 
544 0.007630 
545 -0.012528 
546 0.053754 
547 -0.083979 
548 -0.007813 
549 0.022697 
550 -0.022982 
551 -0.014631 
552 0.076766 
553 0.034877 
554 -0.016294 
555 -0.038655 
556 0.026142 
557 0.076381 
558 -0.057957 
559 -0.090257 
560 0.042161 
561 0.031045 
562 -0.062605 
563 0.006334 
564 0.000092 
565 0.010123 
566 0.013495 
567 0.066291 
568 -0.075166 
569 -0.029339 
570 0.024513 
571 0.025681 
572 0.002558 
573 -0.031722 
574 0.003436 
575 0.108547 
576 -0.039818 
577 -0.011846 
578 0.027622 
579 0.017844 
580 -0.025049 
581 -0.005526 
582 -0.035187 
583 0.031809 
584 -0.019072 
585 0.022387 
586 -0.000041 
587 -0.012218 
588 0.029134 
589 0.026784 
590 0.013598 
591 -0.115211 
592 -0.008064 
593 0.017818 
594 0.035330 
595 -0.047506 
596 -0.008396 
597 -0.001870 
598 0.051512 
599 0.043157 
600 -0.025730 
601 -0.018281 
602 -0.050418 
603 0.017867 
604 0.016500 
605 -0.019681 
606 -0.055969 
607 0.019342 
608 0.038601 
609 -0.043609 
610 -0.002911 
611 -0.031514 
612 0.102173 
613 -0.010304 
614 -0.082725 
615 0.013213 
616 0.058305 
617 -0.051177 
618 -0.015368 
619 0.036012 
620 0.025837 
621 0.059468 
622 -0.048197 
623 -0.029412 
624 0.008425 
625 -0.002880 
626 0.037977 
627 -0.019143 
628 -0.075595 
629 0.023031 
630 0.035135 
631 0.016564 
632 0.016391 
633 -0.004609 
634 0.044239 
635 0.007748 
636 -0.052602 
637 0.013957 
638 -0.050933 
639 0.063263 
640 0.019041 
641 -0.009002 
642 -0.015582 
643 0.068922 
644 -0.002032 
645 -0.040357 
646 -0.047530 
647 0.015386 
648 0.039798 
649 -0.045763 
650 -0.063282 
651 -0.022806 
652 0.038364 
653 -0.003753 
654 0.001826 
655 0.012616 
656 -0.033658 
657 0.015964 
658 -0.008534 
659 -0.020144 
660 -0.051568 
661 -0.025800 
662 0.070661 
663 0.015732 
664 -0.018801 
665 0.020423 
666 0.032256 
667 0.020308 
668 -0.000647 
669 -0.020412 
670 -0.007867 
671 -0.015562 
672 0.017109 
673 0.046718 
674 -0.064542 
675 0.022500 
676 0.008165 
677 0.038223 
678 0.000008 
679 -0.062695 
680 0.034639 
681 0.045293 
682 -0.026689 
683 -0.054474 
684 0.061416 
685 0.020370 
686 -0.007679 
687 0.000660 
688 -0.014716 
689 0.047730 
690 0.012667 
691 0.022706 
692 -0.026952 
693 -0.071798 
694 -0.045492 
695 0.073921 
696 0.052257 
697 -0.105718 
698 0.059232 
699 0.030025 
700 0.001697 
701 -0.034470 
702 -0.023601 
703 -0.005008 
704 0.049510 
705 -0.046607 
706 -0.060549 
707 0.054365 
708 -0.042822 
709 -0.001124 
710 0.017439 
711 0.004623 
712 -0.041189 
713 0.009043 
714 0.006088 
715 -0.079490 
716 0.003093 
717 0.005843 
718 0.017097 
719 -0.042034 
720 -0.016821 
721 0.068399 
722 0.047918 
723 -0.038549 
724 -0.000044 
725 0.036437 
726 -0.060804 
727 0.043742 
728 0.028119 
729 -0.016072 
730 -0.001684 
731 0.074684 
732 0.042371 
733 -0.038256 
734 0.006006 
735 -0.007873 
736 0.059584 
737 0.011202 
738 -0.111813 
739 -0.007439 
740 0.085759 
741 -0.032517 
742 -0.007662 
743 0.028124 
744 0.022123 
745 0.030379 
746 -0.065408 
747 -0.027896 
748 0.039309 
749 -0.062624 
750 0.065305 
751 0.036784 
752 -0.086832 
753 -0.027716 
754 0.132521 
755 -0.039254 
756 -0.048277 
757 -0.007197 
758 0.059162 
759 0.005642 
760 -0.092729 
761 -0.079649 
762 0.059997 
763 0.020949 
764 -0.047232 
765 0.033192 
766 0.017997 
767 -0.033107 
768 0.019050 
769 0.021394 
770 -0.053586 
771 -0.003285 
772 -0.021271 
773 0.034445 
774 -0.044426 
775 -0.008133 
776 -0.003645 
777 0.084764 
778 -0.017155 
779 -0.068722 
780 0.017099 
781 0.045001 
782 -0.033317 
783 0.059570 
784 -0.032336 
785 -0.057299 
786 0.091645 
787 -0.004066 
788 0.034002 
789 0.002727 
790 -0.026957 
791 0.053150 
792 0.041941 
793 -0.095739 
794 -0.023610 
795 0.041146 
796 0.005896 
797 -0.005315 
798 -0.032345 
799 0.036706 
800 0.016495 
801 -0.029188 
802 0.017505 
803 -0.051903 
804 0.029040 
805 -0.073489 
806 0.047731 
807 -0.046482 
808 -0.024054 
809 0.006312 
810 0.040361 
811 0.001040 
812 -0.003315 
813 -0.038251 
814 0.033493 
815 -0.004821 
816 -0.073142 
817 0.064416 
818 -0.070585 
819 0.082537 
820 -0.064202 
821 0.021682 
822 0.007079 
823 0.026209 
824 0.003207 
825 0.018891 
826 -0.068596 
827 0.037240 
828 -0.011273 
829 -0.009796 
830 -0.035564 
831 0.010424 
832 0.099466 
833 -0.018079 
834 0.002456 
835 -0.021834 
836 0.037490 
837 0.004424 
838 -0.039980 
839 -0.049803 
840 0.070382 
841 0.001318 
842 0.088724 
843 -0.030814 
844 -0.059699 
845 0.074853 
846 -0.019867 
847 0.047435 
848 -0.025228 
849 -0.055988 
850 0.044307 
851 0.041172 
852 -0.068936 
853 -0.018102 
854 0.036702 
855 0.038785 
856 0.016914 
857 -0.118033 
858 0.047430 
859 -0.051976 
860 0.072057 
861 -0.081365 
862 -0.045889 
863 0.002423 
864 0.042727 
865 0.024160 
866 -0.034917 
867 -0.011210 
868 -0.034137 
869 0.105779 
870 -0.032217 
871 -0.038985 
872 -0.058741 
873 0.040189 
874 0.029382 
875 -0.006861 
876 -0.076760 
877 0.007833 
878 0.108696 
879 -0.035801 
880 0.011467 
881 -0.010296 
882 0.029267 
883 0.018690 
884 -0.068847 
885 -0.017685 
886 0.071388 
887 -0.017762 
888 0.021350 
889 -0.007221 
890 -0.019762 
891 0.025592 
892 0.052323 
893 -0.031084 
894 0.014154 
895 -0.042693 
896 0.013260 
897 0.067251 
898 -0.024870 
899 -0.012310 
900 0.002277 
901 0.065003 
902 -0.047472 
903 -0.031142 
904 0.036478 
905 -0.012705 
906 -0.029786 
907 -0.034925 
908 0.020581 
909 0.018792 
910 -0.045315 
911 -0.007423 
912 0.036716 
913 -0.054470 
914 0.003305 
915 -0.010298 
916 -0.027340 
917 -0.058271 
918 0.021515 
919 0.023834 
920 -0.090232 
921 0.090842 
922 -0.026163 
923 -0.009571 
924 -0.010318 
925 -0.002623 
926 -0.020280 
927 0.042239 
928 -0.080243 
929 0.059854 
930 0.000724 
931 -0.045248 
932 0.014849 
933 0.039030 
934 0.074837 
935 -0.035855 
936 -0.031349 
937 -0.010123 
938 0.109008 
939 -0.061693 
940 -0.031542 
941 0.044031 
942 0.039214 
943 0.026055 
944 0.012968 
945 -0.008310 
946 -0.013413 
947 -0.005641 
948 0.010153 
949 0.010776 
950 -0.004580 
951 0.019069 
952 0.034356 
953 0.004811 
954 -0.105169 
955 0.052559 
956 0.092949 
957 -0.003851 
958 -0.108498 
959 -0.005905 
960 0.006546 
961 0.053311 
962 -0.085020 
963 -0.083326 
964 0.137195 
965 -0.017274 
966 -0.007056 
967 0.009177 
968 -0.035700 
969 -0.016108 
970 0.007396 
971 0.053070 
972 -0.103674 
973 -0.013313 
974 -0.024923 
975 0.071020 
976 -0.100880 
977 0.025146 
978 -0.029746 
979 0.066549 
980 -0.017657 
981 -0.037508 
982 0.069961 
983 -0.021773 
984 -0.042558 
985 0.007876 
986 0.027477 
987 -0.010474 
988 -0.012110 
989 0.041732 
990 0.000745 
991 -0.002768 
992 -0.047012 
993 0.025039 
994 0.080567 
995 -0.056227 
996 0.008612 
997 0.058006 
998 -0.048591 
999 0.069653 
1000 -0.033667 
1001 0.034472 
1002 0.015406 
1003 -0.078197 
1004 0.043019 
1005 -0.000984 
1006 -0.098173 
1007 0.068008 
1008 0.045388 
1009 -0.035933 
1010 0.025226 
1011 0.014160 
1012 0.056604 
1013 -0.066250 
1014 -0.029098 
1015 -0.005555 
1016 0.092806 
1017 -0.122925 
1018 0.025669 
1019 -0.067376 
1020 0.070126 
1021 -0.001986 
1022 -0.044636 
1023 0.060987 
