0 0.000099 
1 0.000078 
2 0.000018 
3 -0.000079 
4 -0.000181 
5 -0.000265 
6 -0.000321 
7 -0.000330 
8 -0.000282 
9 -0.000207 
10 -0.000153 
11 -0.000129 
12 -0.000132 
13 -0.000171 
14 -0.000229 
15 -0.000276 
16 -0.000286 
17 -0.000264 
18 -0.000208 
19 -0.000102 
20 0.000037 
21 0.000156 
22 0.000205 
23 0.000185 
24 0.000108 
25 0.000005 
26 -0.000095 
27 -0.000137 
28 -0.000105 
29 -0.000026 
30 0.000069 
31 0.000145 
32 0.000165 
33 0.000101 
34 -0.000018 
35 -0.000132 
36 -0.000220 
37 -0.000269 
38 -0.000260 
39 -0.000192 
40 -0.000121 
41 -0.000081 
42 -0.000070 
43 -0.000086 
44 -0.000143 
45 -0.000215 
46 -0.000269 
47 -0.000283 
48 -0.000241 
49 -0.000128 
50 0.000051 
51 0.000224 
52 0.000341 
53 0.000379 
54 0.000327 
55 0.000189 
56 0.000016 
57 -0.000105 
58 -0.000129 
59 -0.000065 
60 0.000073 
61 0.000248 
62 0.000407 
63 0.000489 
64 0.000459 
65 0.000327 
66 0.000132 
67 -0.000080 
68 -0.000240 
69 -0.000291 
70 -0.000237 
71 -0.000122 
72 0.000013 
73 0.000160 
74 0.000271 
75 0.000299 
76 0.000254 
77 0.000175 
78 0.000067 
79 -0.000051 
80 -0.000119 
81 -0.000086 
82 0.000025 
83 0.000161 
84 0.000314 
85 0.000440 
86 0.000479 
87 0.000416 
88 0.000290 
89 0.000143 
90 0.000004 
91 -0.000090 
92 -0.000119 
93 -0.000129 
94 -0.000145 
95 -0.000128 
96 -0.000095 
97 -0.000073 
98 -0.000045 
99 0.000020 
100 0.000086 
101 0.000088 
102 0.000026 
103 -0.000068 
104 -0.000189 
105 -0.000299 
106 -0.000320 
107 -0.000213 
108 -0.000050 
109 0.000116 
110 0.000320 
111 0.000532 
112 0.000663 
113 0.000657 
114 0.000538 
115 0.000311 
116 0.000003 
117 -0.000299 
118 -0.000443 
119 -0.000359 
120 -0.000122 
121 0.000192 
122 0.000494 
123 0.000662 
124 0.000591 
125 0.000317 
126 -0.000031 
127 -0.000353 
128 -0.000567 
129 -0.000599 
130 -0.000421 
131 -0.000157 
132 0.000075 
133 0.000216 
134 0.000214 
135 0.000033 
136 -0.000257 
137 -0.000509 
138 -0.000613 
139 -0.000522 
140 -0.000253 
141 0.000164 
142 0.000583 
143 0.000881 
144 0.001010 
145 0.000929 
146 0.000634 
147 0.000250 
148 0.000009 
149 -0.000010 
150 0.000140 
151 0.000417 
152 0.000784 
153 0.001110 
154 0.001244 
155 0.001095 
156 0.000706 
157 0.000195 
158 -0.000263 
159 -0.000546 
160 -0.000633 
161 -0.000535 
162 -0.000291 
163 -0.000013 
164 0.000145 
165 0.000096 
166 -0.000099 
167 -0.000319 
168 -0.000526 
169 -0.000680 
170 -0.000738 
171 -0.000705 
172 -0.000604 
173 -0.000406 
174 -0.000169 
175 0.000068 
176 0.000259 
177 0.000370 
178 0.000354 
179 0.000229 
180 0.000129 
181 0.000126 
182 0.000200 
183 0.000269 
184 0.000290 
185 0.000225 
186 0.000123 
187 0.000048 
188 0.000024 
189 0.000029 
190 0.000023 
191 -0.000027 
192 -0.000120 
193 -0.000253 
194 -0.000386 
195 -0.000482 
196 -0.000536 
197 -0.000556 
198 -0.000512 
199 -0.000450 
200 -0.000389 
201 -0.000278 
202 -0.000102 
203 0.000102 
204 0.000275 
205 0.000316 
206 0.000250 
207 0.000048 
208 -0.000216 
209 -0.000431 
210 -0.000520 
211 -0.000408 
212 -0.000134 
213 0.000150 
214 0.000304 
215 0.000316 
216 0.000186 
217 -0.000114 
218 -0.000480 
219 -0.000687 
220 -0.000719 
221 -0.000725 
222 -0.000715 
223 -0.000647 
224 -0.000597 
225 -0.000637 
226 -0.000771 
227 -0.000895 
228 -0.000926 
229 -0.000775 
230 -0.000408 
231 0.000171 
232 0.000851 
233 0.001433 
234 0.001737 
235 0.001687 
236 0.001359 
237 0.000961 
238 0.000598 
239 0.000380 
240 0.000473 
241 0.000914 
242 0.001523 
243 0.002056 
244 0.002279 
245 0.002025 
246 0.001187 
247 -0.000020 
248 -0.001218 
249 -0.002126 
250 -0.002538 
251 -0.002277 
252 -0.001449 
253 -0.000476 
254 0.000268 
255 0.000640 
256 0.000534 
257 -0.000136 
258 -0.001110 
259 -0.001893 
260 -0.002185 
261 -0.002027 
262 -0.001446 
263 -0.000488 
264 0.000554 
265 0.001317 
266 0.001657 
267 0.001523 
268 0.000951 
269 0.000076 
270 -0.000764 
271 -0.001310 
272 -0.001467 
273 -0.001186 
274 -0.000479 
275 0.000315 
276 0.000859 
277 0.000978 
278 0.000700 
279 0.000071 
280 -0.000847 
281 -0.001800 
282 -0.002590 
283 -0.003033 
284 -0.003076 
285 -0.002712 
286 -0.002045 
287 -0.001183 
288 -0.000333 
289 0.000273 
290 0.000510 
291 0.000444 
292 0.000130 
293 -0.000393 
294 -0.000864 
295 -0.001063 
296 -0.000877 
297 -0.000482 
298 0.000056 
299 0.000628 
300 0.001018 
301 0.001132 
302 0.000968 
303 0.000558 
304 -0.000055 
305 -0.000646 
306 -0.001055 
307 -0.001211 
308 -0.001259 
309 -0.001109 
310 -0.000764 
311 -0.000332 
312 -0.000035 
313 0.000143 
314 0.000230 
315 0.000037 
316 -0.000411 
317 -0.000871 
318 -0.001060 
319 -0.000878 
320 -0.000481 
321 0.000225 
322 0.001165 
323 0.002045 
324 0.002646 
325 0.002969 
326 0.002925 
327 0.002396 
328 0.001472 
329 0.000536 
330 -0.000263 
331 -0.000714 
332 -0.000588 
333 0.000189 
334 0.001283 
335 0.002152 
336 0.002426 
337 0.001936 
338 0.000747 
339 -0.000748 
340 -0.002063 
341 -0.002761 
342 -0.002797 
343 -0.002203 
344 -0.001283 
345 -0.000288 
346 0.000508 
347 0.001010 
348 0.001276 
349 0.001368 
350 0.001278 
351 0.001037 
352 0.000769 
353 0.000612 
354 0.000420 
355 0.000308 
356 0.000402 
357 0.000610 
358 0.000704 
359 0.000594 
360 0.000387 
361 0.000055 
362 -0.000279 
363 -0.000369 
364 -0.000124 
365 0.000015 
366 -0.000079 
367 -0.000344 
368 -0.000691 
369 -0.001193 
370 -0.001761 
371 -0.002076 
372 -0.001960 
373 -0.001590 
374 -0.001064 
375 -0.000451 
376 0.000004 
377 0.000168 
378 0.000103 
379 -0.000051 
380 -0.000206 
381 -0.000315 
382 -0.000233 
383 0.000193 
384 0.000763 
385 0.001284 
386 0.001714 
387 0.002176 
388 0.002604 
389 0.002776 
390 0.002589 
391 0.002016 
392 0.001192 
393 0.000350 
394 -0.000257 
395 -0.000397 
396 -0.000074 
397 0.000425 
398 0.001077 
399 0.001727 
400 0.002169 
401 0.002092 
402 0.001392 
403 0.000314 
404 -0.000883 
405 -0.002006 
406 -0.002678 
407 -0.002580 
408 -0.001605 
409 -0.000133 
410 0.001543 
411 0.003102 
412 0.004020 
413 0.004114 
414 0.003532 
415 0.002482 
416 0.001258 
417 0.000233 
418 -0.000203 
419 0.000137 
420 0.000889 
421 0.001744 
422 0.002498 
423 0.002931 
424 0.002839 
425 0.002142 
426 0.001131 
427 0.000156 
428 -0.000644 
429 -0.001226 
430 -0.001454 
431 -0.001399 
432 -0.001166 
433 -0.001006 
434 -0.000883 
435 -0.000898 
436 -0.001124 
437 -0.001634 
438 -0.002055 
439 -0.002016 
440 -0.001526 
441 -0.000773 
442 0.000164 
443 0.000999 
444 0.001486 
445 0.001528 
446 0.001168 
447 0.000625 
448 0.000049 
449 -0.000310 
450 -0.000329 
451 -0.000091 
452 0.000367 
453 0.000751 
454 0.000810 
455 0.000439 
456 -0.000236 
457 -0.001070 
458 -0.001955 
459 -0.002523 
460 -0.002731 
461 -0.002810 
462 -0.002520 
463 -0.001802 
464 -0.000905 
465 -0.000256 
466 0.000097 
467 0.000157 
468 -0.000224 
469 -0.000896 
470 -0.001405 
471 -0.001405 
472 -0.000896 
473 0.000055 
474 0.001193 
475 0.002138 
476 0.002568 
477 0.002543 
478 0.002032 
479 0.001216 
480 0.000356 
481 -0.000236 
482 -0.000421 
483 -0.000329 
484 -0.000065 
485 0.000360 
486 0.000839 
487 0.001046 
488 0.000872 
489 0.000349 
490 -0.000430 
491 -0.001419 
492 -0.002365 
493 -0.002996 
494 -0.003163 
495 -0.003026 
496 -0.002678 
497 -0.002052 
498 -0.001311 
499 -0.000563 
500 0.000272 
501 0.001276 
502 0.002108 
503 0.002478 
504 0.002366 
505 0.001976 
506 0.001512 
507 0.001026 
508 0.000758 
509 0.000880 
510 0.001192 
511 0.001348 
512 0.001294 
513 0.001033 
514 0.000283 
515 -0.000918 
516 -0.002192 
517 -0.003237 
518 -0.003930 
519 -0.004040 
520 -0.003434 
521 -0.002501 
522 -0.001824 
523 -0.001525 
524 -0.001550 
525 -0.002022 
526 -0.002725 
527 -0.003287 
528 -0.003394 
529 -0.003116 
530 -0.002432 
531 -0.001153 
532 0.000511 
533 0.001922 
534 0.002499 
535 0.002244 
536 0.001341 
537 0.000124 
538 -0.001021 
539 -0.001504 
540 -0.001131 
541 -0.000227 
542 0.000847 
543 0.001687 
544 0.001904 
545 0.001185 
546 -0.000127 
547 -0.001374 
548 -0.002316 
549 -0.002832 
550 -0.002719 
551 -0.001975 
552 -0.001208 
553 -0.000781 
554 -0.000665 
555 -0.000829 
556 -0.001407 
557 -0.002119 
558 -0.002634 
559 -0.002756 
560 -0.002316 
561 -0.001204 
562 0.000533 
563 0.002176 
564 0.003261 
565 0.003585 
566 0.003070 
567 0.001765 
568 0.000181 
569 -0.000915 
570 -0.001119 
571 -0.000548 
572 0.000667 
573 0.002162 
574 0.003504 
575 0.004158 
576 0.003859 
577 0.002725 
578 0.001098 
579 -0.000637 
580 -0.001913 
581 -0.002307 
582 -0.001856 
583 -0.000947 
584 0.000096 
585 0.001211 
586 0.002027 
587 0.002219 
588 0.001855 
589 0.001260 
590 0.000462 
591 -0.000387 
592 -0.000864 
593 -0.000626 
594 0.000136 
595 0.001056 
596 0.002070 
597 0.002882 
598 0.003111 
599 0.002662 
600 0.001827 
601 0.000876 
602 -0.000010 
603 -0.000599 
604 -0.000772 
605 -0.000832 
606 -0.000921 
607 -0.000816 
608 -0.000614 
609 -0.000486 
610 -0.000319 
611 0.000046 
612 0.000412 
613 0.000414 
614 0.000071 
615 -0.000439 
616 -0.001084 
617 -0.001653 
618 -0.001743 
619 -0.001180 
620 -0.000342 
621 0.000492 
622 0.001491 
623 0.002516 
624 0.003121 
625 0.003054 
626 0.002456 
627 0.001366 
628 -0.000075 
629 -0.001457 
630 -0.002093 
631 -0.001700 
632 -0.000638 
633 0.000740 
634 0.002033 
635 0.002723 
636 0.002392 
637 0.001226 
638 -0.000219 
639 -0.001523 
640 -0.002363 
641 -0.002461 
642 -0.001729 
643 -0.000686 
644 0.000211 
645 0.000741 
646 0.000728 
647 0.000049 
648 -0.001014 
649 -0.001917 
650 -0.002264 
651 -0.001915 
652 -0.000952 
653 0.000500 
654 0.001930 
655 0.002916 
656 0.003313 
657 0.003009 
658 0.002012 
659 0.000748 
660 -0.000026 
661 -0.000084 
662 0.000384 
663 0.001236 
664 0.002340 
665 0.003298 
666 0.003659 
667 0.003179 
668 0.002011 
669 0.000518 
670 -0.000792 
671 -0.001575 
672 -0.001794 
673 -0.001500 
674 -0.000819 
675 -0.000061 
676 0.000361 
677 0.000228 
678 -0.000280 
679 -0.000839 
680 -0.001354 
681 -0.001726 
682 -0.001854 
683 -0.001753 
684 -0.001488 
685 -0.000991 
686 -0.000413 
687 0.000152 
688 0.000598 
689 0.000847 
690 0.000802 
691 0.000513 
692 0.000286 
693 0.000278 
694 0.000437 
695 0.000581 
696 0.000618 
697 0.000473 
698 0.000255 
699 0.000098 
700 0.000049 
701 0.000060 
702 0.000051 
703 -0.000047 
704 -0.000227 
705 -0.000479 
706 -0.000729 
707 -0.000905 
708 -0.000999 
709 -0.001028 
710 -0.000938 
711 -0.000814 
712 -0.000693 
713 -0.000487 
714 -0.000170 
715 0.000188 
716 0.000482 
717 0.000547 
718 0.000431 
719 0.000091 
720 -0.000342 
721 -0.000691 
722 -0.000827 
723 -0.000639 
724 -0.000200 
725 0.000248 
726 0.000487 
727 0.000502 
728 0.000303 
729 -0.000150 
730 -0.000689 
731 -0.000985 
732 -0.001020 
733 -0.001015 
734 -0.000988 
735 -0.000881 
736 -0.000801 
737 -0.000847 
738 -0.001020 
739 -0.001175 
740 -0.001204 
741 -0.000988 
742 -0.000497 
743 0.000257 
744 0.001125 
745 0.001853 
746 0.002216 
747 0.002132 
748 0.001707 
749 0.001206 
750 0.000758 
751 0.000492 
752 0.000598 
753 0.001104 
754 0.001794 
755 0.002382 
756 0.002610 
757 0.002300 
758 0.001351 
759 0.000018 
760 -0.001276 
761 -0.002234 
762 -0.002648 
763 -0.002348 
764 -0.001467 
765 -0.000456 
766 0.000303 
767 0.000673 
768 0.000561 
769 -0.000104 
770 -0.001052 
771 -0.001794 
772 -0.002052 
773 -0.001881 
774 -0.001320 
775 -0.000421 
776 0.000534 
777 0.001216 
778 0.001506 
779 0.001369 
780 0.000854 
781 0.000085 
782 -0.000635 
783 -0.001091 
784 -0.001212 
785 -0.000965 
786 -0.000373 
787 0.000278 
788 0.000712 
789 0.000798 
790 0.000569 
791 0.000072 
792 -0.000640 
793 -0.001364 
794 -0.001949 
795 -0.002261 
796 -0.002270 
797 -0.001978 
798 -0.001471 
799 -0.000834 
800 -0.000220 
801 0.000208 
802 0.000369 
803 0.000318 
804 0.000098 
805 -0.000258 
806 -0.000569 
807 -0.000695 
808 -0.000565 
809 -0.000302 
810 0.000046 
811 0.000408 
812 0.000647 
813 0.000709 
814 0.000601 
815 0.000347 
816 -0.000025 
817 -0.000376 
818 -0.000614 
819 -0.000699 
820 -0.000720 
821 -0.000627 
822 -0.000425 
823 -0.000180 
824 -0.000013 
825 0.000084 
826 0.000131 
827 0.000027 
828 -0.000209 
829 -0.000446 
830 -0.000539 
831 -0.000441 
832 -0.000236 
833 0.000120 
834 0.000584 
835 0.001007 
836 0.001287 
837 0.001429 
838 0.001394 
839 0.001132 
840 0.000693 
841 0.000257 
842 -0.000107 
843 -0.000307 
844 -0.000247 
845 0.000096 
846 0.000570 
847 0.000935 
848 0.001041 
849 0.000825 
850 0.000323 
851 -0.000294 
852 -0.000823 
853 -0.001093 
854 -0.001095 
855 -0.000849 
856 -0.000482 
857 -0.000095 
858 0.000208 
859 0.000393 
860 0.000487 
861 0.000516 
862 0.000478 
863 0.000386 
864 0.000287 
865 0.000229 
866 0.000159 
867 0.000119 
868 0.000149 
869 0.000218 
870 0.000246 
871 0.000207 
872 0.000137 
873 0.000029 
874 -0.000078 
875 -0.000105 
876 -0.000028 
877 0.000015 
878 -0.000014 
879 -0.000093 
880 -0.000193 
881 -0.000337 
882 -0.000498 
883 -0.000582 
884 -0.000542 
885 -0.000432 
886 -0.000283 
887 -0.000112 
888 0.000012 
889 0.000056 
890 0.000037 
891 -0.000004 
892 -0.000043 
893 -0.000071 
894 -0.000049 
895 0.000058 
896 0.000199 
897 0.000323 
898 0.000422 
899 0.000527 
900 0.000621 
901 0.000654 
902 0.000604 
903 0.000467 
904 0.000276 
905 0.000086 
906 -0.000047 
907 -0.000077 
908 -0.000006 
909 0.000100 
910 0.000236 
911 0.000368 
912 0.000454 
913 0.000433 
914 0.000289 
915 0.000073 
916 -0.000160 
917 -0.000374 
918 -0.000497 
919 -0.000472 
920 -0.000285 
921 -0.000013 
922 0.000291 
923 0.000568 
924 0.000725 
925 0.000733 
926 0.000623 
927 0.000437 
928 0.000225 
929 0.000051 
930 -0.000021 
931 0.000035 
932 0.000156 
933 0.000290 
934 0.000406 
935 0.000468 
936 0.000449 
937 0.000337 
938 0.000181 
939 0.000033 
940 -0.000085 
941 -0.000169 
942 -0.000200 
943 -0.000190 
944 -0.000155 
945 -0.000131 
946 -0.000112 
947 -0.000113 
948 -0.000142 
949 -0.000208 
950 -0.000262 
951 -0.000255 
952 -0.000190 
953 -0.000091 
954 0.000028 
955 0.000132 
956 0.000191 
957 0.000194 
958 0.000148 
959 0.000081 
960 0.000012 
961 -0.000031 
962 -0.000033 
963 -0.000005 
964 0.000046 
965 0.000089 
966 0.000095 
967 0.000053 
968 -0.000021 
969 -0.000111 
970 -0.000205 
971 -0.000263 
972 -0.000282 
973 -0.000288 
974 -0.000256 
975 -0.000180 
976 -0.000088 
977 -0.000022 
978 0.000013 
979 0.000019 
980 -0.000018 
981 -0.000083 
982 -0.000131 
983 -0.000130 
984 -0.000081 
985 0.000009 
986 0.000115 
987 0.000201 
988 0.000239 
989 0.000235 
990 0.000187 
991 0.000113 
992 0.000035 
993 -0.000017 
994 -0.000034 
995 -0.000025 
996 -0.000002 
997 0.000035 
998 0.000076 
999 0.000094 
1000 0.000079 
1001 0.000034 
1002 -0.000032 
1003 -0.000114 
1004 -0.000193 
1005 -0.000245 
1006 -0.000257 
1007 -0.000245 
1008 -0.000216 
1009 -0.000164 
1010 -0.000103 
1011 -0.000041 
1012 0.000027 
1013 0.000108 
1014 0.000175 
1015 0.000205 
1016 0.000195 
1017 0.000163 
1018 0.000126 
1019 0.000087 
1020 0.000065 
1021 0.000075 
1022 0.000100 
1023 0.000113 
