0 0.489761 
1 0.790705 
2 0.075230 
3 -0.254991 
4 0.047846 
5 0.084490 
6 -0.028894 
7 0.063774 
8 -0.020332 
9 -0.110588 
10 0.005961 
11 -0.010768 
12 0.068274 
13 0.063879 
14 -0.024307 
15 0.051957 
16 -0.108683 
17 0.064126 
18 -0.032187 
19 0.099390 
20 -0.003689 
21 -0.018421 
22 0.051518 
23 -0.153151 
24 0.102677 
25 -0.028603 
26 -0.001140 
27 0.075274 
28 -0.031826 
29 -0.104205 
30 0.128767 
31 -0.169135 
32 0.147224 
33 -0.015620 
34 0.008788 
35 -0.003205 
36 -0.034282 
37 0.028676 
38 -0.026692 
39 0.044574 
40 0.050225 
41 -0.079833 
42 0.059824 
43 -0.042436 
44 0.006550 
45 0.045527 
46 -0.007199 
47 0.052881 
48 -0.042771 
49 0.015720 
50 -0.008330 
51 0.003074 
52 -0.055291 
53 0.070605 
54 -0.055165 
55 -0.030644 
56 0.034479 
57 -0.062492 
58 0.011373 
59 -0.042571 
60 0.098256 
61 -0.163910 
62 0.150418 
63 -0.077757 
64 -0.045497 
65 0.101097 
66 -0.054728 
67 0.006787 
68 0.036175 
69 -0.037103 
70 -0.000987 
71 0.044436 
72 -0.042894 
73 0.036450 
74 0.005788 
75 -0.032543 
76 0.028049 
77 -0.021041 
78 0.016024 
79 -0.016576 
80 -0.007745 
81 0.050049 
82 -0.148217 
83 0.173555 
84 -0.157120 
85 0.071241 
86 -0.045704 
87 0.016479 
88 -0.021013 
89 -0.015855 
90 0.024423 
91 -0.014739 
92 -0.030576 
93 0.094854 
94 -0.072756 
95 0.054276 
96 0.020165 
97 -0.032953 
98 0.001147 
99 0.079314 
100 -0.068923 
101 0.061499 
102 -0.014327 
103 0.012399 
104 -0.044001 
105 0.107173 
106 -0.093296 
107 0.001703 
108 0.097200 
109 -0.168774 
110 0.138614 
111 -0.064885 
112 0.006558 
113 0.040400 
114 -0.083902 
115 0.065315 
116 -0.032871 
117 -0.029303 
118 0.109197 
119 -0.131635 
120 0.037560 
121 0.059604 
122 -0.140441 
123 0.123653 
124 -0.052654 
125 -0.018001 
126 0.034405 
127 -0.052961 
128 0.048419 
129 -0.018320 
130 0.003089 
131 0.057830 
132 -0.096317 
133 0.107059 
134 -0.063104 
135 -0.029134 
136 0.080495 
137 -0.093170 
138 0.086823 
139 -0.057725 
140 0.028114 
141 -0.029517 
142 -0.009816 
143 0.039733 
144 -0.064044 
145 0.074094 
146 -0.032260 
147 -0.049974 
148 0.046841 
149 0.016869 
150 -0.070250 
151 0.134039 
152 -0.134458 
153 0.100109 
154 -0.103846 
155 0.107411 
156 -0.053561 
157 -0.000170 
158 0.068003 
159 -0.082877 
160 0.055834 
161 0.005181 
162 -0.007082 
163 0.022391 
164 -0.044899 
165 0.017562 
166 -0.023551 
167 0.008470 
168 -0.015266 
169 0.001289 
170 -0.054511 
171 0.022110 
172 -0.038743 
173 0.006045 
174 -0.003895 
175 -0.007429 
176 -0.000430 
177 -0.015233 
178 -0.016922 
179 0.080683 
180 -0.108122 
181 0.127442 
182 -0.053213 
183 0.028629 
184 0.002817 
185 0.050207 
186 -0.063892 
187 0.083155 
188 -0.039532 
189 0.021013 
190 0.014637 
191 -0.037609 
192 0.026094 
193 0.011105 
194 -0.079853 
195 0.099635 
196 -0.103591 
197 0.061379 
198 -0.064759 
199 0.068989 
200 -0.061721 
201 0.066739 
202 -0.030772 
203 0.000133 
204 0.033308 
205 -0.019832 
206 0.069749 
207 -0.052359 
208 0.070098 
209 -0.072627 
210 0.097212 
211 -0.106354 
212 0.148362 
213 -0.086645 
214 0.058870 
215 -0.026808 
216 -0.022906 
217 0.066101 
218 -0.078679 
219 0.081599 
220 -0.024306 
221 -0.056977 
222 0.100714 
223 -0.103122 
224 0.047758 
225 -0.009384 
226 -0.002927 
227 -0.000019 
228 -0.032948 
229 0.058332 
230 -0.063007 
231 0.015517 
232 0.039067 
233 -0.059392 
234 0.031007 
235 0.017323 
236 -0.046571 
237 0.024721 
238 -0.009254 
239 0.004752 
240 -0.037236 
241 0.013300 
242 -0.021192 
243 -0.002251 
244 -0.026575 
245 0.021070 
246 -0.059867 
247 0.052821 
248 -0.092688 
249 0.072789 
250 -0.042898 
251 -0.012531 
252 0.025523 
253 -0.036689 
254 -0.008214 
255 0.002351 
256 -0.012658 
257 0.007343 
258 -0.062048 
259 0.038593 
260 -0.029097 
261 -0.065405 
262 0.091768 
263 -0.093458 
264 0.044628 
265 -0.023548 
266 -0.014284 
267 0.057474 
268 -0.057469 
269 0.075045 
270 -0.058682 
271 0.009492 
272 0.037494 
273 -0.039960 
274 0.017546 
275 0.019935 
276 -0.025058 
277 -0.011817 
278 0.022966 
279 -0.003015 
280 -0.019233 
281 0.088849 
282 -0.086436 
283 0.054193 
284 0.028528 
285 -0.077201 
286 0.069141 
287 -0.015473 
288 0.007333 
289 -0.023471 
290 0.069385 
291 -0.079676 
292 0.047964 
293 0.030999 
294 -0.026231 
295 0.044623 
296 0.038809 
297 -0.007168 
298 -0.020164 
299 0.100785 
300 -0.075792 
301 0.087077 
302 -0.049599 
303 0.020194 
304 -0.038982 
305 -0.015971 
306 0.041886 
307 -0.110366 
308 0.135104 
309 -0.113177 
310 0.030506 
311 0.022712 
312 -0.017814 
313 -0.000829 
314 0.063928 
315 -0.066910 
316 0.040186 
317 0.013520 
318 -0.012407 
319 0.022724 
320 -0.009090 
321 0.033971 
322 -0.018236 
323 0.007696 
324 0.034276 
325 -0.036484 
326 0.062586 
327 -0.058162 
328 0.044494 
329 -0.008279 
330 -0.031419 
331 0.067453 
332 -0.091625 
333 0.043473 
334 -0.029697 
335 -0.011837 
336 0.006304 
337 -0.049656 
338 0.073708 
339 -0.084046 
340 0.045813 
341 0.029099 
342 -0.075504 
343 0.090388 
344 -0.054986 
345 0.038853 
346 -0.014046 
347 0.033128 
348 -0.042837 
349 0.014252 
350 -0.030390 
351 0.061933 
352 -0.084063 
353 0.053425 
354 -0.020503 
355 -0.044344 
356 0.049425 
357 -0.048484 
358 0.032635 
359 -0.038588 
360 -0.010699 
361 -0.015111 
362 -0.029779 
363 -0.001915 
364 -0.006466 
365 -0.047977 
366 0.030694 
367 -0.050340 
368 0.023131 
369 0.015652 
370 -0.047981 
371 0.055426 
372 -0.012472 
373 -0.016601 
374 0.018087 
375 0.028780 
376 -0.017090 
377 0.001953 
378 0.052159 
379 -0.030280 
380 -0.026678 
381 0.097628 
382 -0.113059 
383 0.062434 
384 0.000963 
385 -0.012747 
386 0.019781 
387 -0.051625 
388 0.068404 
389 -0.094544 
390 0.060408 
391 -0.012765 
392 -0.001096 
393 -0.031283 
394 0.031302 
395 0.007570 
396 -0.044925 
397 0.118342 
398 -0.086655 
399 0.076241 
400 -0.014563 
401 0.018861 
402 0.028555 
403 0.013728 
404 -0.024226 
405 0.059533 
406 -0.065827 
407 0.017998 
408 0.029001 
409 -0.052565 
410 0.014265 
411 -0.028249 
412 0.008871 
413 -0.048621 
414 0.021334 
415 0.000634 
416 -0.049212 
417 0.005206 
418 0.010796 
419 -0.025698 
420 0.011011 
421 0.000548 
422 0.044138 
423 -0.072148 
424 0.088794 
425 -0.040205 
426 0.007203 
427 0.023131 
428 -0.000435 
429 0.016284 
430 0.004011 
431 0.039349 
432 -0.040639 
433 0.025238 
434 -0.001174 
435 0.003285 
436 0.001414 
437 -0.006780 
438 -0.020496 
439 -0.023871 
440 0.032567 
441 -0.060475 
442 0.089845 
443 -0.061640 
444 -0.005537 
445 0.050323 
446 -0.078082 
447 0.091685 
448 -0.049528 
449 0.044880 
450 -0.020331 
451 -0.017820 
452 0.075452 
453 -0.054868 
454 0.034215 
455 0.057203 
456 -0.070703 
457 0.040790 
458 0.018965 
459 -0.018143 
460 0.021617 
461 0.000948 
462 0.014623 
463 -0.047330 
464 0.071824 
465 -0.081345 
466 0.062894 
467 -0.033180 
468 -0.019785 
469 0.028401 
470 -0.044281 
471 -0.016003 
472 0.040619 
473 -0.051993 
474 0.038070 
475 -0.010584 
476 -0.004052 
477 0.006186 
478 -0.018582 
479 0.029097 
480 0.013193 
481 -0.031806 
482 0.048760 
483 -0.037320 
484 -0.000720 
485 0.042936 
486 -0.009226 
487 0.006330 
488 0.016424 
489 -0.033655 
490 0.021975 
491 -0.019763 
492 -0.001460 
493 0.015813 
494 -0.060150 
495 0.047728 
496 -0.077608 
497 0.046936 
498 -0.051740 
499 0.032168 
500 -0.062320 
501 0.024657 
502 -0.019677 
503 -0.037624 
504 0.074698 
505 -0.082308 
506 0.073777 
507 -0.020391 
508 -0.000210 
509 0.020809 
510 0.001999 
511 0.028315 
512 -0.033353 
513 0.050779 
514 -0.013074 
515 -0.025529 
516 0.036577 
517 0.000944 
518 -0.019618 
519 0.038719 
520 -0.010909 
521 -0.042983 
522 0.010868 
523 -0.021808 
524 0.015186 
525 -0.046454 
526 0.050876 
527 -0.055701 
528 -0.024125 
529 0.020779 
530 -0.032045 
531 0.040122 
532 -0.017450 
533 0.028924 
534 -0.022532 
535 0.012480 
536 0.034831 
537 -0.049344 
538 0.116564 
539 -0.104780 
540 0.081419 
541 -0.003874 
542 -0.052891 
543 0.054113 
544 -0.013729 
545 -0.044046 
546 0.018960 
547 0.017985 
548 -0.078558 
549 0.062482 
550 -0.063674 
551 0.031683 
552 -0.032278 
553 0.028026 
554 0.005709 
555 -0.041613 
556 0.038120 
557 0.011505 
558 -0.016901 
559 0.024118 
560 0.033286 
561 -0.038379 
562 0.013754 
563 0.065514 
564 -0.030997 
565 0.036586 
566 0.056718 
567 -0.067086 
568 0.050661 
569 0.011317 
570 -0.039131 
571 0.085410 
572 -0.041951 
573 0.001799 
574 0.022994 
575 -0.021380 
576 -0.003043 
577 0.009693 
578 0.037883 
579 -0.080420 
580 0.062432 
581 0.008694 
582 -0.086110 
583 0.082324 
584 -0.030244 
585 0.007620 
586 -0.003874 
587 0.046103 
588 -0.035888 
589 -0.000986 
590 0.042223 
591 -0.015979 
592 -0.009402 
593 0.031334 
594 -0.012168 
595 -0.023978 
596 -0.004289 
597 0.034070 
598 -0.060869 
599 0.035796 
600 -0.016997 
601 -0.021634 
602 -0.006692 
603 0.003376 
604 -0.026757 
605 -0.009637 
606 -0.015232 
607 -0.003594 
608 -0.013080 
609 0.014654 
610 -0.016494 
611 0.008488 
612 -0.027388 
613 0.008688 
614 0.024753 
615 -0.012485 
616 0.010544 
617 0.007914 
618 0.008942 
619 -0.037006 
620 0.067398 
621 -0.033867 
622 0.012490 
623 0.003622 
624 -0.023962 
625 0.008541 
626 -0.030538 
627 0.033171 
628 -0.063385 
629 0.024401 
630 -0.040248 
631 0.005634 
632 -0.013892 
633 0.007338 
634 -0.027210 
635 0.022047 
636 -0.011340 
637 -0.009007 
638 0.041883 
639 -0.057334 
640 0.070470 
641 -0.047776 
642 0.036577 
643 -0.015746 
644 -0.018932 
645 0.036846 
646 -0.060569 
647 0.073195 
648 -0.053497 
649 0.028061 
650 -0.017137 
651 -0.025862 
652 0.040584 
653 -0.058494 
654 0.077770 
655 -0.066201 
656 0.002439 
657 0.017301 
658 -0.058343 
659 0.066870 
660 -0.043489 
661 0.035205 
662 -0.040219 
663 0.019171 
664 -0.009462 
665 0.023993 
666 0.011472 
667 0.013379 
668 0.016150 
669 -0.018240 
670 0.058389 
671 -0.043538 
672 0.060206 
673 -0.022118 
674 -0.019131 
675 0.068931 
676 -0.056170 
677 0.040649 
678 0.002491 
679 0.004112 
680 -0.027932 
681 0.040879 
682 0.014615 
683 -0.055820 
684 0.077358 
685 -0.031582 
686 -0.021733 
687 0.070998 
688 -0.049526 
689 0.014411 
690 0.027999 
691 -0.026457 
692 0.015781 
693 0.007020 
694 -0.008514 
695 0.006882 
696 0.002304 
697 0.021028 
698 -0.030154 
699 0.051095 
700 -0.025699 
701 -0.000154 
702 0.006499 
703 -0.023237 
704 0.027870 
705 -0.033425 
706 0.009473 
707 0.001094 
708 -0.060295 
709 0.045672 
710 -0.039010 
711 0.004334 
712 -0.016231 
713 0.049630 
714 -0.094419 
715 0.075587 
716 -0.005095 
717 -0.075109 
718 0.092477 
719 -0.087152 
720 0.044087 
721 -0.012759 
722 0.016736 
723 -0.024484 
724 0.027242 
725 -0.031288 
726 0.007293 
727 0.034444 
728 -0.049516 
729 0.071568 
730 -0.049602 
731 0.003645 
732 0.030131 
733 -0.041811 
734 0.027968 
735 -0.035871 
736 0.027913 
737 -0.008476 
738 -0.011985 
739 -0.012284 
740 0.006634 
741 -0.009469 
742 -0.025902 
743 0.084246 
744 -0.082222 
745 0.050672 
746 -0.025969 
747 0.005311 
748 -0.025892 
749 0.055180 
750 -0.008762 
751 -0.034278 
752 0.047318 
753 -0.042802 
754 0.018668 
755 -0.006163 
756 0.059062 
757 -0.073012 
758 0.042965 
759 -0.000176 
760 -0.088512 
761 0.131495 
762 -0.130533 
763 0.105291 
764 -0.079501 
765 0.013974 
766 -0.006384 
767 -0.050350 
768 0.033699 
769 0.010383 
770 -0.017285 
771 0.034624 
772 -0.004676 
773 -0.041913 
774 0.051280 
775 0.024329 
776 -0.032337 
777 0.082803 
778 -0.046869 
779 -0.039186 
780 0.067336 
781 -0.040304 
782 -0.016001 
783 0.077802 
784 -0.091237 
785 -0.003179 
786 0.004053 
787 0.001160 
788 0.003080 
789 0.026309 
790 0.003418 
791 -0.024089 
792 -0.034894 
793 0.041377 
794 -0.013499 
795 -0.018194 
796 0.068307 
797 -0.069636 
798 -0.008688 
799 0.042916 
800 -0.043681 
801 0.053922 
802 -0.027536 
803 0.023955 
804 -0.019722 
805 0.001944 
806 0.022650 
807 -0.006538 
808 0.031614 
809 -0.004671 
810 -0.008595 
811 0.053363 
812 -0.071424 
813 0.058043 
814 -0.029308 
815 -0.021877 
816 0.017253 
817 -0.006972 
818 -0.006844 
819 -0.014636 
820 0.097896 
821 -0.076801 
822 0.049275 
823 0.053611 
824 -0.080237 
825 0.079161 
826 -0.012378 
827 0.006108 
828 0.022802 
829 -0.022851 
830 0.020866 
831 -0.015119 
832 0.014773 
833 0.026214 
834 -0.013626 
835 -0.013635 
836 -0.001639 
837 -0.014000 
838 -0.005496 
839 0.068529 
840 -0.091447 
841 0.093173 
842 -0.085138 
843 0.003050 
844 0.071653 
845 -0.070892 
846 0.041411 
847 -0.015565 
848 -0.050723 
849 -0.022447 
850 0.055470 
851 -0.037189 
852 0.064866 
853 0.005782 
854 0.019158 
855 -0.000351 
856 0.036675 
857 0.013921 
858 0.010706 
859 0.037852 
860 -0.052726 
861 -0.005036 
862 -0.006488 
863 -0.012441 
864 -0.024736 
865 0.055324 
866 -0.033262 
867 -0.072606 
868 0.117100 
869 -0.176649 
870 0.128134 
871 -0.038269 
872 0.002365 
873 0.020892 
874 -0.036165 
875 0.024820 
876 -0.046244 
877 0.054228 
878 -0.043338 
879 0.056025 
880 -0.079878 
881 0.047757 
882 -0.067918 
883 0.004354 
884 0.055471 
885 -0.006251 
886 -0.040779 
887 0.065920 
888 -0.140408 
889 0.067861 
890 -0.008405 
891 -0.026307 
892 0.037590 
893 0.010400 
894 -0.097019 
895 0.027868 
896 0.008378 
897 -0.074249 
898 0.108013 
899 -0.030403 
900 -0.011143 
901 0.011767 
902 -0.015983 
903 -0.020220 
904 0.036936 
905 0.059407 
906 -0.005502 
907 -0.007075 
908 0.006540 
909 0.008461 
910 0.015030 
911 0.084318 
912 -0.024111 
913 0.088678 
914 -0.093737 
915 0.049050 
916 0.003729 
917 -0.004022 
918 0.069212 
919 -0.008210 
920 -0.051426 
921 0.018656 
922 0.013495 
923 -0.030077 
924 0.020601 
925 0.012239 
926 -0.059423 
927 0.025305 
928 -0.044871 
929 0.016308 
930 0.021201 
931 -0.048032 
932 0.098353 
933 -0.109077 
934 0.073111 
935 -0.014209 
936 0.042128 
937 -0.035716 
938 0.087779 
939 -0.043552 
940 0.014192 
941 -0.028442 
942 0.025861 
943 0.043652 
944 -0.042410 
945 0.051401 
946 -0.019324 
947 -0.113390 
948 0.055249 
949 -0.005368 
950 -0.006851 
951 0.027950 
952 0.013198 
953 -0.094318 
954 0.006231 
955 0.068866 
956 -0.022538 
957 0.094317 
958 0.027054 
959 -0.057057 
960 0.051990 
961 0.007432 
962 -0.021190 
963 0.124614 
964 -0.050618 
965 -0.030158 
966 0.078953 
967 -0.094552 
968 0.141724 
969 -0.112969 
970 0.112644 
971 -0.119063 
972 -0.065755 
973 0.030599 
974 -0.067537 
975 0.083724 
976 -0.054172 
977 0.028844 
978 -0.054176 
979 -0.007519 
980 0.063127 
981 -0.059217 
982 0.091634 
983 -0.084854 
984 0.119367 
985 -0.122503 
986 0.116315 
987 -0.075895 
988 0.023109 
989 0.033556 
990 -0.037217 
991 0.022830 
992 -0.007790 
993 0.096612 
994 -0.105743 
995 0.136992 
996 -0.108526 
997 0.048912 
998 -0.067056 
999 -0.093075 
1000 0.037848 
1001 -0.051937 
1002 -0.112897 
1003 0.113962 
1004 -0.121479 
1005 -0.031204 
1006 0.218938 
1007 -0.207916 
1008 0.054121 
1009 0.270651 
1010 -0.206116 
1011 -0.102198 
1012 0.207949 
1013 -0.043982 
1014 -0.146579 
1015 0.050396 
1016 0.175737 
1017 -0.127224 
1018 0.042735 
1019 0.304857 
1020 -0.170045 
1021 -0.035645 
1022 0.120632 
1023 -0.263937 
