0 -0.000576 
1 -0.000469 
2 -0.000385 
3 -0.000400 
4 -0.000419 
5 -0.000256 
6 -0.000046 
7 -0.000111 
8 -0.000350 
9 -0.000370 
10 -0.000235 
11 -0.000400 
12 -0.000911 
13 -0.001206 
14 -0.000934 
15 -0.000437 
16 -0.000143 
17 0.000021 
18 0.000205 
19 0.000200 
20 -0.000140 
21 -0.000571 
22 -0.000897 
23 -0.001171 
24 -0.001291 
25 -0.001010 
26 -0.000443 
27 -0.000099 
28 -0.000178 
29 -0.000330 
30 -0.000160 
31 0.000117 
32 0.000127 
33 -0.000053 
34 -0.000118 
35 -0.000143 
36 -0.000495 
37 -0.001171 
38 -0.001613 
39 -0.001438 
40 -0.000911 
41 -0.000438 
42 -0.000001 
43 0.000485 
44 0.000754 
45 0.000499 
46 -0.000190 
47 -0.000907 
48 -0.001415 
49 -0.001772 
50 -0.001896 
51 -0.001570 
52 -0.000862 
53 -0.000184 
54 0.000225 
55 0.000485 
56 0.000720 
57 0.000811 
58 0.000502 
59 -0.000265 
60 -0.001139 
61 -0.001785 
62 -0.002199 
63 -0.002417 
64 -0.002214 
65 -0.001369 
66 -0.000097 
67 0.001156 
68 0.002051 
69 0.002434 
70 0.002182 
71 0.001228 
72 -0.000250 
73 -0.001846 
74 -0.003091 
75 -0.003499 
76 -0.002923 
77 -0.001681 
78 -0.000250 
79 0.001155 
80 0.002362 
81 0.003025 
82 0.002917 
83 0.002098 
84 0.000757 
85 -0.000695 
86 -0.001699 
87 -0.002111 
88 -0.002204 
89 -0.001868 
90 -0.000680 
91 0.000947 
92 0.002002 
93 0.002301 
94 0.002531 
95 0.002674 
96 0.001938 
97 0.000354 
98 -0.001104 
99 -0.001912 
100 -0.002239 
101 -0.002122 
102 -0.001412 
103 -0.000175 
104 0.001331 
105 0.002626 
106 0.003141 
107 0.002805 
108 0.002239 
109 0.001710 
110 0.000570 
111 -0.001095 
112 -0.001945 
113 -0.001589 
114 -0.001119 
115 -0.000952 
116 -0.000032 
117 0.001729 
118 0.002760 
119 0.002417 
120 0.002038 
121 0.002321 
122 0.002180 
123 0.000999 
124 -0.000139 
125 -0.000451 
126 -0.000340 
127 -0.000171 
128 0.000282 
129 0.001060 
130 0.001858 
131 0.002232 
132 0.001987 
133 0.001283 
134 0.000371 
135 -0.000626 
136 -0.001433 
137 -0.001507 
138 -0.000570 
139 0.000983 
140 0.002320 
141 0.003159 
142 0.003740 
143 0.004039 
144 0.003778 
145 0.002888 
146 0.001633 
147 0.000077 
148 -0.001328 
149 -0.001724 
150 -0.001051 
151 0.000059 
152 0.001280 
153 0.002533 
154 0.003580 
155 0.004086 
156 0.003844 
157 0.002598 
158 0.000762 
159 -0.000788 
160 -0.001544 
161 -0.001562 
162 -0.000906 
163 0.000259 
164 0.001690 
165 0.003217 
166 0.004393 
167 0.004498 
168 0.003326 
169 0.001678 
170 0.000338 
171 -0.000889 
172 -0.002079 
173 -0.002389 
174 -0.001673 
175 -0.000774 
176 0.000258 
177 0.002213 
178 0.004428 
179 0.005225 
180 0.004521 
181 0.003461 
182 0.002041 
183 -0.000103 
184 -0.002045 
185 -0.002757 
186 -0.002496 
187 -0.001780 
188 -0.000414 
189 0.001546 
190 0.003175 
191 0.003930 
192 0.004185 
193 0.004193 
194 0.003937 
195 0.003620 
196 0.002916 
197 0.000948 
198 -0.001686 
199 -0.003311 
200 -0.003408 
201 -0.003006 
202 -0.002005 
203 0.000770 
204 0.004711 
205 0.007614 
206 0.008411 
207 0.007580 
208 0.005701 
209 0.002888 
210 -0.000472 
211 -0.003360 
212 -0.004740 
213 -0.004411 
214 -0.003271 
215 -0.002259 
216 -0.000925 
217 0.001612 
218 0.004396 
219 0.005367 
220 0.004764 
221 0.004403 
222 0.004271 
223 0.002791 
224 0.000029 
225 -0.002097 
226 -0.003046 
227 -0.003308 
228 -0.002471 
229 -0.000339 
230 0.001727 
231 0.002282 
232 0.002046 
233 0.002288 
234 0.002452 
235 0.001355 
236 0.000013 
237 0.000001 
238 0.000206 
239 -0.000795 
240 -0.001771 
241 -0.001253 
242 -0.000148 
243 0.000158 
244 0.000007 
245 0.000223 
246 0.000631 
247 0.001202 
248 0.002177 
249 0.002989 
250 0.002726 
251 0.001913 
252 0.001681 
253 0.001317 
254 -0.000817 
255 -0.003512 
256 -0.004694 
257 -0.004339 
258 -0.002990 
259 -0.000415 
260 0.002491 
261 0.003756 
262 0.003092 
263 0.001727 
264 0.000337 
265 -0.000880 
266 -0.001390 
267 -0.000981 
268 -0.000195 
269 0.000030 
270 -0.001026 
271 -0.002737 
272 -0.003916 
273 -0.004629 
274 -0.005643 
275 -0.006597 
276 -0.005293 
277 -0.000794 
278 0.004310 
279 0.006313 
280 0.005245 
281 0.003569 
282 0.001331 
283 -0.002894 
284 -0.007832 
285 -0.010561 
286 -0.010493 
287 -0.008862 
288 -0.006209 
289 -0.002327 
290 0.002040 
291 0.004748 
292 0.004503 
293 0.002441 
294 0.000522 
295 -0.001788 
296 -0.005965 
297 -0.010642 
298 -0.011844 
299 -0.008769 
300 -0.004979 
301 -0.003011 
302 -0.001251 
303 0.001813 
304 0.003186 
305 0.000328 
306 -0.003638 
307 -0.005040 
308 -0.005401 
309 -0.006671 
310 -0.007201 
311 -0.005204 
312 -0.002698 
313 -0.002326 
314 -0.003457 
315 -0.003477 
316 -0.002183 
317 -0.002377 
318 -0.004228 
319 -0.004647 
320 -0.003261 
321 -0.002878 
322 -0.003931 
323 -0.004435 
324 -0.004189 
325 -0.004553 
326 -0.005439 
327 -0.005875 
328 -0.006012 
329 -0.006110 
330 -0.005470 
331 -0.004018 
332 -0.003228 
333 -0.003497 
334 -0.003053 
335 -0.002291 
336 -0.003125 
337 -0.004190 
338 -0.003422 
339 -0.003190 
340 -0.005306 
341 -0.005942 
342 -0.002831 
343 -0.000374 
344 -0.001959 
345 -0.003898 
346 -0.002898 
347 -0.002115 
348 -0.003751 
349 -0.004129 
350 -0.001134 
351 0.001456 
352 0.001627 
353 0.001780 
354 0.001453 
355 -0.001813 
356 -0.005348 
357 -0.005781 
358 -0.005629 
359 -0.007425 
360 -0.007755 
361 -0.004375 
362 -0.000984 
363 0.000295 
364 0.002785 
365 0.007530 
366 0.010700 
367 0.009746 
368 0.006765 
369 0.003054 
370 -0.003074 
371 -0.011123 
372 -0.016864 
373 -0.017259 
374 -0.013291 
375 -0.006827 
376 0.001630 
377 0.011117 
378 0.017949 
379 0.019190 
380 0.016410 
381 0.011883 
382 0.004801 
383 -0.005131 
384 -0.013786 
385 -0.016340 
386 -0.013959 
387 -0.010675 
388 -0.006513 
389 0.001357 
390 0.011031 
391 0.016761 
392 0.017200 
393 0.015279 
394 0.010987 
395 0.003105 
396 -0.005446 
397 -0.010476 
398 -0.012223 
399 -0.011888 
400 -0.007530 
401 0.001586 
402 0.012062 
403 0.019926 
404 0.022898 
405 0.020130 
406 0.014030 
407 0.008169 
408 0.002092 
409 -0.006263 
410 -0.013172 
411 -0.011778 
412 -0.002722 
413 0.006077 
414 0.011297 
415 0.015926 
416 0.020120 
417 0.019822 
418 0.014192 
419 0.006510 
420 -0.001321 
421 -0.007704 
422 -0.010322 
423 -0.008524 
424 -0.004439 
425 0.001431 
426 0.009286 
427 0.015410 
428 0.015793 
429 0.013517 
430 0.013697 
431 0.012737 
432 0.005849 
433 -0.002575 
434 -0.005201 
435 -0.003674 
436 -0.002413 
437 0.000002 
438 0.005502 
439 0.009582 
440 0.009671 
441 0.010318 
442 0.013901 
443 0.015182 
444 0.010386 
445 0.003347 
446 -0.001269 
447 -0.004529 
448 -0.007542 
449 -0.008807 
450 -0.007874 
451 -0.004795 
452 0.002010 
453 0.011550 
454 0.018682 
455 0.020805 
456 0.020259 
457 0.017300 
458 0.008838 
459 -0.003480 
460 -0.013300 
461 -0.017688 
462 -0.018602 
463 -0.015564 
464 -0.005803 
465 0.008155 
466 0.019314 
467 0.023654 
468 0.021643 
469 0.014309 
470 0.003285 
471 -0.007043 
472 -0.013688 
473 -0.017391 
474 -0.017109 
475 -0.009928 
476 0.001700 
477 0.010110 
478 0.012767 
479 0.014325 
480 0.014945 
481 0.009341 
482 -0.001241 
483 -0.009568 
484 -0.013522 
485 -0.016002 
486 -0.014833 
487 -0.006522 
488 0.003904 
489 0.009049 
490 0.010152 
491 0.011448 
492 0.010536 
493 0.003535 
494 -0.006029 
495 -0.012259 
496 -0.014358 
497 -0.013909 
498 -0.010406 
499 -0.004328 
500 0.000835 
501 0.002717 
502 0.002888 
503 0.003061 
504 0.002195 
505 -0.001031 
506 -0.005179 
507 -0.007722 
508 -0.007999 
509 -0.007607 
510 -0.007692 
511 -0.007770 
512 -0.007099 
513 -0.005783 
514 -0.004811 
515 -0.004977 
516 -0.005016 
517 -0.002771 
518 -0.000077 
519 -0.000896 
520 -0.003888 
521 -0.004232 
522 -0.002775 
523 -0.005033 
524 -0.011351 
525 -0.014762 
526 -0.011123 
527 -0.004813 
528 -0.001079 
529 0.001057 
530 0.003346 
531 0.003170 
532 -0.001197 
533 -0.006598 
534 -0.010587 
535 -0.013850 
536 -0.015232 
537 -0.011810 
538 -0.004953 
539 -0.000713 
540 -0.001438 
541 -0.003014 
542 -0.000914 
543 0.002346 
544 0.002433 
545 0.000202 
546 -0.000796 
547 -0.001268 
548 -0.005272 
549 -0.012790 
550 -0.017744 
551 -0.015857 
552 -0.009928 
553 -0.004474 
554 0.000457 
555 0.005743 
556 0.008759 
557 0.006280 
558 -0.000849 
559 -0.008312 
560 -0.013410 
561 -0.016820 
562 -0.018088 
563 -0.015123 
564 -0.008330 
565 -0.001631 
566 0.002463 
567 0.004955 
568 0.007054 
569 0.007834 
570 0.005128 
571 -0.001667 
572 -0.009559 
573 -0.015335 
574 -0.018637 
575 -0.020025 
576 -0.018136 
577 -0.011190 
578 -0.000723 
579 0.009589 
580 0.016727 
581 0.019461 
582 0.017187 
583 0.009733 
584 -0.001468 
585 -0.013463 
586 -0.022753 
587 -0.025690 
588 -0.021283 
589 -0.012116 
590 -0.001836 
591 0.008057 
592 0.016562 
593 0.021313 
594 0.020665 
595 0.015030 
596 0.005891 
597 -0.003896 
598 -0.010761 
599 -0.013761 
600 -0.014452 
601 -0.012134 
602 -0.004509 
603 0.005555 
604 0.012037 
605 0.014118 
606 0.015727 
607 0.016408 
608 0.011678 
609 0.002272 
610 -0.006060 
611 -0.010674 
612 -0.012706 
613 -0.012152 
614 -0.008062 
615 -0.001079 
616 0.007025 
617 0.013702 
618 0.016311 
619 0.014651 
620 0.011691 
621 0.008679 
622 0.002705 
623 -0.005454 
624 -0.009387 
625 -0.007636 
626 -0.005473 
627 -0.004592 
628 -0.000082 
629 0.008070 
630 0.012629 
631 0.010963 
632 0.009135 
633 0.010048 
634 0.008993 
635 0.003631 
636 -0.001252 
637 -0.002506 
638 -0.001942 
639 -0.001062 
640 0.001093 
641 0.004525 
642 0.007747 
643 0.008927 
644 0.007546 
645 0.004561 
646 0.000981 
647 -0.002848 
648 -0.005858 
649 -0.005948 
650 -0.002273 
651 0.003443 
652 0.008162 
653 0.011028 
654 0.012922 
655 0.013688 
656 0.012478 
657 0.009282 
658 0.005081 
659 0.000007 
660 -0.004558 
661 -0.005886 
662 -0.003772 
663 -0.000230 
664 0.003630 
665 0.007475 
666 0.010595 
667 0.012066 
668 0.011319 
669 0.007605 
670 0.002180 
671 -0.002394 
672 -0.004658 
673 -0.004746 
674 -0.002876 
675 0.000406 
676 0.004345 
677 0.008451 
678 0.011546 
679 0.011743 
680 0.008545 
681 0.004188 
682 0.000796 
683 -0.002284 
684 -0.005401 
685 -0.006295 
686 -0.004384 
687 -0.001909 
688 0.000602 
689 0.004963 
690 0.009889 
691 0.011693 
692 0.010105 
693 0.007594 
694 0.004230 
695 -0.000531 
696 -0.004563 
697 -0.005872 
698 -0.005252 
699 -0.003765 
700 -0.000902 
701 0.003120 
702 0.006295 
703 0.007652 
704 0.008153 
705 0.008207 
706 0.007570 
707 0.006729 
708 0.005371 
709 0.001866 
710 -0.002927 
711 -0.006007 
712 -0.006234 
713 -0.005405 
714 -0.003552 
715 0.001211 
716 0.007893 
717 0.012808 
718 0.014148 
719 0.012676 
720 0.009428 
721 0.004730 
722 -0.000688 
723 -0.005239 
724 -0.007437 
725 -0.007023 
726 -0.005260 
727 -0.003536 
728 -0.001333 
729 0.002502 
730 0.006607 
731 0.008083 
732 0.007248 
733 0.006596 
734 0.006137 
735 0.003866 
736 -0.000011 
737 -0.002959 
738 -0.004331 
739 -0.004683 
740 -0.003392 
741 -0.000376 
742 0.002399 
743 0.003119 
744 0.002863 
745 0.003193 
746 0.003264 
747 0.001646 
748 -0.000186 
749 -0.000190 
750 0.000144 
751 -0.001010 
752 -0.002126 
753 -0.001362 
754 0.000132 
755 0.000572 
756 0.000322 
757 0.000456 
758 0.000831 
759 0.001337 
760 0.002230 
761 0.003019 
762 0.002802 
763 0.002073 
764 0.001919 
765 0.001580 
766 -0.000548 
767 -0.003215 
768 -0.004423 
769 -0.004204 
770 -0.003006 
771 -0.000533 
772 0.002263 
773 0.003410 
774 0.002733 
775 0.001530 
776 0.000407 
777 -0.000600 
778 -0.001066 
779 -0.000715 
780 0.000021 
781 0.000236 
782 -0.000752 
783 -0.002330 
784 -0.003369 
785 -0.003910 
786 -0.004673 
787 -0.005424 
788 -0.004344 
789 -0.000668 
790 0.003450 
791 0.004974 
792 0.004009 
793 0.002691 
794 0.001113 
795 -0.001991 
796 -0.005737 
797 -0.007751 
798 -0.007541 
799 -0.006234 
800 -0.004407 
801 -0.001823 
802 0.001150 
803 0.003049 
804 0.002929 
805 0.001522 
806 0.000219 
807 -0.001198 
808 -0.003697 
809 -0.006554 
810 -0.007322 
811 -0.005409 
812 -0.003001 
813 -0.001794 
814 -0.000878 
815 0.000798 
816 0.001613 
817 0.000022 
818 -0.002252 
819 -0.003020 
820 -0.003053 
821 -0.003554 
822 -0.003790 
823 -0.002772 
824 -0.001468 
825 -0.001269 
826 -0.001898 
827 -0.001976 
828 -0.001333 
829 -0.001388 
830 -0.002242 
831 -0.002379 
832 -0.001655 
833 -0.001436 
834 -0.001878 
835 -0.002070 
836 -0.001997 
837 -0.002233 
838 -0.002601 
839 -0.002706 
840 -0.002781 
841 -0.002894 
842 -0.002551 
843 -0.001735 
844 -0.001301 
845 -0.001478 
846 -0.001335 
847 -0.000946 
848 -0.001214 
849 -0.001659 
850 -0.001391 
851 -0.001304 
852 -0.002121 
853 -0.002333 
854 -0.001072 
855 -0.000089 
856 -0.000695 
857 -0.001436 
858 -0.001045 
859 -0.000726 
860 -0.001295 
861 -0.001400 
862 -0.000322 
863 0.000548 
864 0.000561 
865 0.000620 
866 0.000516 
867 -0.000629 
868 -0.001837 
869 -0.001930 
870 -0.001812 
871 -0.002367 
872 -0.002444 
873 -0.001309 
874 -0.000202 
875 0.000186 
876 0.000936 
877 0.002384 
878 0.003326 
879 0.003004 
880 0.002088 
881 0.000981 
882 -0.000799 
883 -0.003076 
884 -0.004646 
885 -0.004717 
886 -0.003621 
887 -0.001858 
888 0.000444 
889 0.002980 
890 0.004744 
891 0.005027 
892 0.004309 
893 0.003174 
894 0.001389 
895 -0.001108 
896 -0.003248 
897 -0.003853 
898 -0.003272 
899 -0.002522 
900 -0.001576 
901 0.000269 
902 0.002525 
903 0.003820 
904 0.003893 
905 0.003481 
906 0.002581 
907 0.000879 
908 -0.000993 
909 -0.002094 
910 -0.002465 
911 -0.002400 
912 -0.001538 
913 0.000260 
914 0.002320 
915 0.003870 
916 0.004456 
917 0.003902 
918 0.002714 
919 0.001636 
920 0.000562 
921 -0.000966 
922 -0.002267 
923 -0.002040 
924 -0.000432 
925 0.001069 
926 0.001886 
927 0.002638 
928 0.003384 
929 0.003365 
930 0.002415 
931 0.001148 
932 -0.000088 
933 -0.001091 
934 -0.001548 
935 -0.001329 
936 -0.000718 
937 0.000190 
938 0.001376 
939 0.002280 
940 0.002338 
941 0.002012 
942 0.002024 
943 0.001846 
944 0.000833 
945 -0.000358 
946 -0.000718 
947 -0.000518 
948 -0.000370 
949 -0.000053 
950 0.000699 
951 0.001252 
952 0.001248 
953 0.001303 
954 0.001754 
955 0.001921 
956 0.001306 
957 0.000406 
958 -0.000170 
959 -0.000557 
960 -0.000927 
961 -0.001100 
962 -0.000989 
963 -0.000595 
964 0.000215 
965 0.001293 
966 0.002076 
967 0.002302 
968 0.002225 
969 0.001863 
970 0.000903 
971 -0.000441 
972 -0.001484 
973 -0.001929 
974 -0.001995 
975 -0.001644 
976 -0.000609 
977 0.000829 
978 0.001948 
979 0.002356 
980 0.002127 
981 0.001382 
982 0.000280 
983 -0.000748 
984 -0.001396 
985 -0.001730 
986 -0.001676 
987 -0.000986 
988 0.000106 
989 0.000903 
990 0.001168 
991 0.001311 
992 0.001342 
993 0.000808 
994 -0.000148 
995 -0.000887 
996 -0.001246 
997 -0.001479 
998 -0.001374 
999 -0.000635 
1000 0.000278 
1001 0.000721 
1002 0.000824 
1003 0.000953 
1004 0.000887 
1005 0.000289 
1006 -0.000526 
1007 -0.001049 
1008 -0.001220 
1009 -0.001184 
1010 -0.000895 
1011 -0.000388 
1012 0.000042 
1013 0.000198 
1014 0.000210 
1015 0.000213 
1016 0.000133 
1017 -0.000123 
1018 -0.000448 
1019 -0.000655 
1020 -0.000682 
1021 -0.000638 
1022 -0.000633 
1023 -0.000655 
