0 -0.039024 
1 0.047957 
2 -0.024008 
3 0.018312 
4 0.021114 
5 0.005868 
6 0.021814 
7 0.040743 
8 -0.051070 
9 0.122006 
10 -0.190881 
11 0.181386 
12 -0.248250 
13 0.163899 
14 -0.184206 
15 0.109563 
16 -0.051152 
17 0.043808 
18 0.035936 
19 0.018252 
20 0.066634 
21 -0.059442 
22 0.082444 
23 -0.174258 
24 0.171742 
25 -0.249467 
26 0.229403 
27 -0.175414 
28 0.136884 
29 -0.020956 
30 -0.076100 
31 0.170895 
32 -0.234904 
33 0.243628 
34 -0.235302 
35 0.183535 
36 -0.143461 
37 0.070168 
38 -0.063125 
39 0.054745 
40 -0.070974 
41 0.099593 
42 -0.109803 
43 0.116664 
44 -0.103749 
45 0.049427 
46 0.001850 
47 -0.041365 
48 0.096783 
49 -0.116402 
50 0.157994 
51 -0.153061 
52 0.136192 
53 -0.156348 
54 0.141095 
55 -0.128608 
56 0.106309 
57 -0.046867 
58 0.050262 
59 0.029085 
60 -0.066568 
61 0.093828 
62 -0.125014 
63 0.105557 
64 -0.124827 
65 0.102136 
66 -0.069918 
67 0.098192 
68 -0.062886 
69 0.134206 
70 -0.075217 
71 0.131333 
72 -0.078546 
73 0.067352 
74 -0.023137 
75 -0.086178 
76 0.079606 
77 -0.171908 
78 0.173834 
79 -0.171185 
80 0.189258 
81 -0.122366 
82 0.140440 
83 -0.122115 
84 0.128611 
85 -0.140496 
86 0.178097 
87 -0.170902 
88 0.197343 
89 -0.128383 
90 0.057583 
91 -0.001023 
92 -0.147404 
93 0.189422 
94 -0.306882 
95 0.326553 
96 -0.336813 
97 0.348662 
98 -0.295963 
99 0.266401 
100 -0.196711 
101 0.167360 
102 -0.108224 
103 0.081842 
104 -0.024144 
105 -0.016370 
106 0.028012 
107 -0.102454 
108 0.108687 
109 -0.147284 
110 0.176418 
111 -0.143211 
112 0.202936 
113 -0.135698 
114 0.162237 
115 -0.138054 
116 0.100617 
117 -0.121069 
118 0.047378 
119 -0.030707 
120 -0.026088 
121 0.069741 
122 -0.119457 
123 0.133925 
124 -0.159143 
125 0.142379 
126 -0.099729 
127 0.098407 
128 -0.047422 
129 0.024998 
130 -0.028133 
131 0.018080 
132 -0.064285 
133 0.050796 
134 -0.056428 
135 0.059694 
136 -0.024708 
137 0.002209 
138 0.036682 
139 -0.084003 
140 0.067582 
141 -0.120097 
142 0.086803 
143 -0.089645 
144 0.072204 
145 -0.067124 
146 0.048943 
147 -0.045591 
148 0.003748 
149 0.040512 
150 -0.041621 
151 0.133000 
152 -0.115477 
153 0.151476 
154 -0.153996 
155 0.066354 
156 -0.073546 
157 -0.010956 
158 0.038385 
159 -0.032339 
160 0.037191 
161 -0.006057 
162 -0.058291 
163 0.041566 
164 -0.047505 
165 0.007915 
166 0.091439 
167 -0.121167 
168 0.243163 
169 -0.251498 
170 0.238099 
171 -0.222182 
172 0.108861 
173 -0.061135 
174 -0.042387 
175 0.089221 
176 -0.069741 
177 0.080869 
178 -0.023275 
179 0.028448 
180 -0.006542 
181 0.030669 
182 -0.111738 
183 0.163670 
184 -0.256973 
185 0.238868 
186 -0.281638 
187 0.200003 
188 -0.120078 
189 0.039604 
190 0.070304 
191 -0.092604 
192 0.162645 
193 -0.130213 
194 0.112060 
195 -0.066825 
196 0.046150 
197 -0.022504 
198 0.036181 
199 -0.058309 
200 0.067874 
201 -0.152182 
202 0.082916 
203 -0.172597 
204 0.087724 
205 -0.067772 
206 0.066607 
207 0.051186 
208 -0.013691 
209 0.129666 
210 -0.092152 
211 0.139810 
212 -0.150929 
213 0.117860 
214 -0.137838 
215 0.067228 
216 -0.064664 
217 0.013370 
218 0.024309 
219 -0.039620 
220 0.059129 
221 -0.050110 
222 0.085652 
223 -0.054966 
224 0.068211 
225 -0.085632 
226 0.072756 
227 -0.104188 
228 0.110992 
229 -0.090775 
230 0.106213 
231 -0.043865 
232 0.014630 
233 0.031887 
234 -0.091311 
235 0.120092 
236 -0.127729 
237 0.139317 
238 -0.105433 
239 0.085847 
240 -0.042010 
241 0.003341 
242 -0.017257 
243 -0.008107 
244 -0.005389 
245 0.044853 
246 -0.046053 
247 0.097923 
248 -0.055413 
249 0.072566 
250 -0.042176 
251 -0.016738 
252 0.056018 
253 -0.122876 
254 0.131003 
255 -0.148150 
256 0.163609 
257 -0.093266 
258 0.065473 
259 0.034063 
260 -0.068340 
261 0.147396 
262 -0.167356 
263 0.199996 
264 -0.173570 
265 0.141106 
266 -0.139642 
267 0.078229 
268 -0.084671 
269 0.069314 
270 -0.060549 
271 0.107320 
272 -0.075930 
273 0.121130 
274 -0.070858 
275 0.077344 
276 -0.027042 
277 -0.004708 
278 0.046428 
279 -0.081315 
280 0.072811 
281 -0.109641 
282 0.078351 
283 -0.087162 
284 0.063316 
285 -0.052963 
286 0.083474 
287 -0.055730 
288 0.063600 
289 -0.048923 
290 0.029648 
291 0.006777 
292 -0.055522 
293 0.101730 
294 -0.130595 
295 0.162772 
296 -0.175774 
297 0.166727 
298 -0.128386 
299 0.114137 
300 -0.082053 
301 0.061357 
302 -0.054156 
303 0.038212 
304 -0.053990 
305 0.064975 
306 -0.036989 
307 0.034011 
308 -0.013251 
309 -0.032702 
310 0.033533 
311 -0.087964 
312 0.089041 
313 -0.064977 
314 0.082052 
315 -0.029117 
316 0.045638 
317 -0.001870 
318 0.013964 
319 -0.016879 
320 0.029847 
321 -0.037738 
322 0.018774 
323 -0.037301 
324 -0.012463 
325 0.025235 
326 -0.075384 
327 0.074940 
328 -0.074586 
329 0.065784 
330 -0.057274 
331 0.024331 
332 0.014299 
333 -0.011223 
334 0.030612 
335 -0.012898 
336 0.025105 
337 -0.023477 
338 0.024687 
339 -0.058721 
340 0.079498 
341 -0.110743 
342 0.103931 
343 -0.121921 
344 0.090843 
345 -0.067776 
346 0.017262 
347 0.026879 
348 -0.032384 
349 0.043678 
350 -0.056394 
351 0.023015 
352 -0.038255 
353 0.028400 
354 -0.038131 
355 0.082405 
356 -0.081461 
357 0.103588 
358 -0.105259 
359 0.064617 
360 -0.049399 
361 -0.006865 
362 0.049031 
363 -0.074277 
364 0.088547 
365 -0.098432 
366 0.067159 
367 -0.076722 
368 0.064871 
369 -0.066852 
370 0.104408 
371 -0.113630 
372 0.106040 
373 -0.126006 
374 0.067355 
375 -0.037641 
376 -0.028969 
377 0.108956 
378 -0.117406 
379 0.150641 
380 -0.168435 
381 0.109865 
382 -0.114861 
383 0.073381 
384 -0.054796 
385 0.082122 
386 -0.052847 
387 0.077791 
388 -0.114835 
389 0.061225 
390 -0.089833 
391 0.036497 
392 -0.022398 
393 0.005983 
394 0.023214 
395 -0.019242 
396 0.009413 
397 -0.022432 
398 0.010294 
399 -0.018210 
400 0.042625 
401 -0.019139 
402 0.062105 
403 -0.022944 
404 0.023094 
405 -0.009741 
406 -0.047192 
407 0.018547 
408 -0.071537 
409 0.024983 
410 -0.052170 
411 0.040056 
412 -0.037403 
413 0.065746 
414 -0.075899 
415 0.122863 
416 -0.106482 
417 0.131305 
418 -0.091729 
419 0.058509 
420 -0.049602 
421 -0.059536 
422 -0.011268 
423 -0.042893 
424 0.015445 
425 0.044821 
426 -0.011526 
427 0.071388 
428 -0.018015 
429 -0.021632 
430 0.035749 
431 -0.090533 
432 0.079469 
433 -0.078223 
434 0.003477 
435 0.031414 
436 -0.117520 
437 0.137849 
438 -0.132958 
439 0.122064 
440 -0.025449 
441 0.021275 
442 0.049285 
443 -0.047718 
444 0.005787 
445 0.018055 
446 -0.088772 
447 0.101251 
448 -0.098910 
449 0.064909 
450 0.018460 
451 -0.115475 
452 0.141579 
453 -0.183629 
454 0.166124 
455 -0.093785 
456 0.029082 
457 0.077787 
458 -0.112489 
459 0.115417 
460 -0.127611 
461 0.052828 
462 -0.013955 
463 -0.019658 
464 0.036787 
465 0.046561 
466 -0.054706 
467 0.141785 
468 -0.197866 
469 0.158455 
470 -0.169131 
471 0.061942 
472 0.010990 
473 -0.076295 
474 0.144237 
475 -0.152104 
476 0.113885 
477 -0.082534 
478 0.029354 
479 0.016221 
480 0.012776 
481 -0.012882 
482 0.070302 
483 -0.120969 
484 0.139725 
485 -0.187582 
486 0.141183 
487 -0.112838 
488 0.071402 
489 -0.021667 
490 -0.002894 
491 0.017079 
492 -0.023252 
493 0.002418 
494 -0.019371 
495 0.055838 
496 -0.051291 
497 0.113231 
498 -0.136045 
499 0.143515 
500 -0.148654 
501 0.085949 
502 -0.059018 
503 -0.000294 
504 0.030343 
505 -0.074207 
506 0.058292 
507 -0.030843 
508 0.035964 
509 0.019664 
510 0.014905 
511 0.014028 
512 0.017731 
513 -0.044563 
514 0.041417 
515 -0.066251 
516 0.005926 
517 -0.036477 
518 -0.038611 
519 0.028188 
520 -0.065998 
521 0.059398 
522 -0.033512 
523 0.076793 
524 -0.028364 
525 0.100924 
526 -0.066720 
527 0.115912 
528 -0.131314 
529 0.086080 
530 -0.105665 
531 -0.008892 
532 0.001127 
533 -0.074247 
534 0.109663 
535 -0.073827 
536 0.094237 
537 -0.007444 
538 -0.004801 
539 0.024880 
540 -0.064085 
541 0.028578 
542 -0.023669 
543 -0.013141 
544 0.014610 
545 0.005367 
546 -0.032147 
547 0.079566 
548 -0.108940 
549 0.165591 
550 -0.133740 
551 0.126975 
552 -0.075436 
553 0.035392 
554 -0.005716 
555 -0.012420 
556 0.008767 
557 0.031761 
558 -0.072276 
559 0.075174 
560 -0.087886 
561 0.051145 
562 -0.015674 
563 -0.041439 
564 0.114360 
565 -0.115629 
566 0.138970 
567 -0.102091 
568 0.081587 
569 -0.038870 
570 -0.025980 
571 0.034617 
572 -0.043335 
573 0.057735 
574 -0.030511 
575 0.053368 
576 -0.018721 
577 0.033441 
578 -0.051993 
579 0.042486 
580 -0.064026 
581 0.017830 
582 -0.074811 
583 0.023772 
584 -0.050296 
585 0.055778 
586 -0.024269 
587 0.114784 
588 -0.034667 
589 0.080489 
590 -0.040191 
591 0.006112 
592 -0.000036 
593 -0.075837 
594 0.070180 
595 -0.089850 
596 0.101475 
597 -0.090380 
598 0.081081 
599 -0.068699 
600 0.034427 
601 -0.045712 
602 0.031823 
603 0.018810 
604 0.016337 
605 0.060946 
606 -0.016450 
607 0.058696 
608 -0.051407 
609 0.033942 
610 -0.030124 
611 0.013132 
612 -0.033685 
613 0.030166 
614 -0.050270 
615 0.065505 
616 -0.074153 
617 0.085922 
618 -0.026747 
619 0.028546 
620 0.034916 
621 -0.050617 
622 0.052334 
623 -0.074040 
624 -0.016323 
625 0.008739 
626 -0.054296 
627 0.084971 
628 -0.028238 
629 0.044213 
630 0.049581 
631 -0.072604 
632 0.114216 
633 -0.096523 
634 0.064108 
635 0.004389 
636 -0.055415 
637 0.095739 
638 -0.114229 
639 0.070955 
640 -0.017513 
641 -0.043099 
642 0.108952 
643 -0.110392 
644 0.116237 
645 -0.034981 
646 -0.037077 
647 0.101859 
648 -0.156316 
649 0.152783 
650 -0.121198 
651 0.078949 
652 0.036864 
653 -0.043550 
654 0.092080 
655 -0.073007 
656 0.035502 
657 0.023635 
658 -0.061582 
659 0.102648 
660 -0.086294 
661 0.050695 
662 -0.047834 
663 -0.037983 
664 0.020100 
665 -0.031082 
666 0.029856 
667 0.043544 
668 -0.018016 
669 0.064368 
670 -0.050399 
671 0.006353 
672 0.008247 
673 -0.032420 
674 0.078047 
675 -0.031322 
676 0.030405 
677 -0.009779 
678 -0.051332 
679 -0.000788 
680 -0.048255 
681 -0.002085 
682 0.041442 
683 -0.054500 
684 0.089641 
685 -0.073274 
686 0.074943 
687 -0.053059 
688 0.004297 
689 -0.000216 
690 -0.027595 
691 0.026330 
692 -0.041480 
693 0.058289 
694 -0.057177 
695 0.079969 
696 -0.095399 
697 0.113840 
698 -0.088681 
699 0.088704 
700 -0.059445 
701 0.004248 
702 0.007014 
703 -0.075649 
704 0.037068 
705 -0.058056 
706 0.009690 
707 -0.008671 
708 -0.041436 
709 0.035365 
710 -0.044412 
711 0.034019 
712 0.008162 
713 0.031721 
714 0.033899 
715 0.039305 
716 -0.021563 
717 0.043879 
718 -0.109632 
719 0.035587 
720 -0.110513 
721 0.006431 
722 -0.045026 
723 -0.008216 
724 0.014091 
725 0.011395 
726 -0.013533 
727 0.078566 
728 -0.065788 
729 0.098901 
730 -0.092390 
731 0.056542 
732 -0.033699 
733 -0.048826 
734 0.027550 
735 -0.089220 
736 0.055992 
737 -0.036044 
738 0.006728 
739 0.057458 
740 -0.076054 
741 0.089201 
742 -0.109384 
743 0.053542 
744 -0.052088 
745 0.007555 
746 0.014655 
747 -0.026477 
748 0.003729 
749 -0.003493 
750 -0.038312 
751 0.064531 
752 -0.081265 
753 0.098214 
754 -0.067881 
755 0.048976 
756 -0.046931 
757 -0.000006 
758 0.004883 
759 -0.037615 
760 0.008263 
761 -0.036282 
762 0.041604 
763 -0.044775 
764 0.072696 
765 -0.087066 
766 0.119906 
767 -0.135330 
768 0.093426 
769 -0.080278 
770 0.020572 
771 0.039197 
772 -0.122693 
773 0.148642 
774 -0.202533 
775 0.171769 
776 -0.174044 
777 0.140155 
778 -0.054890 
779 0.050467 
780 0.008564 
781 -0.011520 
782 0.007633 
783 -0.048064 
784 0.002321 
785 -0.064983 
786 0.042744 
787 -0.083337 
788 0.102239 
789 -0.094905 
790 0.092166 
791 -0.061316 
792 0.048307 
793 -0.002676 
794 -0.015883 
795 0.009644 
796 -0.019416 
797 -0.024095 
798 0.009341 
799 -0.029499 
800 0.026253 
801 0.016062 
802 -0.065625 
803 0.109944 
804 -0.160878 
805 0.185357 
806 -0.210578 
807 0.187791 
808 -0.145759 
809 0.102815 
810 -0.069826 
811 0.021921 
812 0.006909 
813 -0.032128 
814 0.031201 
815 -0.041079 
816 0.047137 
817 -0.051819 
818 0.049156 
819 -0.049741 
820 0.046935 
821 -0.028029 
822 0.036285 
823 0.005687 
824 0.007352 
825 -0.001543 
826 -0.004708 
827 -0.007411 
828 -0.009018 
829 0.004325 
830 -0.010784 
831 0.039225 
832 -0.065512 
833 0.075629 
834 -0.079798 
835 0.100340 
836 -0.059752 
837 0.076669 
838 -0.011807 
839 0.034354 
840 -0.015229 
841 0.037675 
842 -0.031010 
843 0.048425 
844 -0.073757 
845 0.035134 
846 -0.028578 
847 0.000093 
848 0.037808 
849 -0.045607 
850 0.078245 
851 -0.051177 
852 0.020489 
853 0.016235 
854 -0.030127 
855 0.084862 
856 -0.090577 
857 0.108143 
858 -0.094526 
859 0.095531 
860 -0.107608 
861 0.113310 
862 -0.109948 
863 0.140044 
864 -0.116103 
865 0.122161 
866 -0.082174 
867 0.053313 
868 -0.003755 
869 -0.022393 
870 0.055303 
871 -0.065116 
872 0.057256 
873 -0.064369 
874 0.027624 
875 -0.031393 
876 0.060547 
877 -0.042984 
878 0.081052 
879 -0.082676 
880 0.074632 
881 -0.072043 
882 0.014302 
883 0.053624 
884 -0.053069 
885 0.151832 
886 -0.150879 
887 0.179928 
888 -0.162143 
889 0.123164 
890 -0.139902 
891 0.095589 
892 -0.092905 
893 0.095324 
894 -0.088662 
895 0.112104 
896 -0.054250 
897 0.076743 
898 -0.024116 
899 -0.016605 
900 0.050850 
901 -0.082915 
902 0.075962 
903 -0.080279 
904 0.058491 
905 0.004846 
906 -0.025614 
907 0.068769 
908 -0.087391 
909 0.115029 
910 -0.085799 
911 0.081374 
912 -0.046367 
913 0.013864 
914 -0.006307 
915 -0.051930 
916 0.024542 
917 0.044497 
918 0.052001 
919 0.098853 
920 -0.122820 
921 0.073585 
922 -0.255298 
923 0.011357 
924 -0.178299 
925 0.090524 
926 0.149844 
927 0.083081 
928 0.256093 
929 -0.004033 
930 0.173694 
931 -0.128862 
932 -0.112448 
933 -0.179950 
934 -0.136182 
935 -0.133429 
936 0.030888 
937 -0.044659 
938 0.237949 
939 -0.054634 
940 0.127199 
941 0.005119 
942 -0.038240 
943 0.157962 
944 -0.178279 
945 0.201685 
946 -0.145433 
947 0.091205 
948 -0.002101 
949 -0.051379 
950 0.066890 
951 -0.066507 
952 -0.028097 
953 0.050973 
954 -0.131844 
955 0.134571 
956 -0.093288 
957 0.023172 
958 0.072840 
959 -0.162125 
960 0.217807 
961 -0.226248 
962 0.177675 
963 -0.078990 
964 0.016572 
965 0.057047 
966 -0.103705 
967 0.056648 
968 -0.039960 
969 -0.054649 
970 0.069579 
971 -0.062533 
972 0.068900 
973 0.041784 
974 -0.115023 
975 0.162546 
976 -0.236483 
977 0.136445 
978 -0.144523 
979 0.038790 
980 0.045208 
981 -0.042160 
982 0.086172 
983 -0.012176 
984 -0.037203 
985 0.071733 
986 -0.116755 
987 0.085804 
988 -0.029899 
989 -0.035371 
990 0.102562 
991 -0.148832 
992 0.111363 
993 -0.100118 
994 -0.014503 
995 0.083665 
996 -0.145950 
997 0.202726 
998 -0.181951 
999 0.151723 
1000 -0.122886 
1001 0.086224 
1002 -0.087792 
1003 0.117991 
1004 -0.163333 
1005 0.209561 
1006 -0.242872 
1007 0.191821 
1008 -0.195376 
1009 0.083511 
1010 0.001713 
1011 -0.088855 
1012 0.172050 
1013 -0.173029 
1014 0.195701 
1015 -0.167326 
1016 0.120908 
1017 -0.074814 
1018 0.031542 
1019 -0.033046 
1020 -0.019468 
1021 -0.000692 
1022 -0.044126 
1023 0.022433 
