0 1.367403 
1 1.398606 
2 1.425083 
3 1.450231 
4 1.411438 
5 1.453717 
6 1.343256 
7 1.457208 
8 1.345251 
9 1.455480 
10 1.257360 
11 1.396722 
12 1.329226 
13 1.491604 
14 1.356905 
15 1.444043 
16 1.417578 
17 1.424955 
18 1.421289 
19 1.385746 
20 1.512736 
21 1.308772 
22 1.360266 
23 1.215134 
24 1.491561 
25 1.290496 
26 1.462668 
27 1.306144 
28 1.533304 
29 1.402115 
30 1.521226 
31 1.453309 
32 1.410725 
33 1.307387 
34 1.327366 
35 1.414820 
36 1.243326 
37 1.284997 
38 1.300218 
39 1.526514 
40 1.419280 
41 1.502453 
42 1.527945 
43 1.531959 
44 1.344262 
45 1.215239 
46 1.359570 
47 1.381107 
48 1.466307 
49 1.159797 
50 1.346695 
51 1.297098 
52 1.623755 
53 1.364854 
54 1.516240 
55 1.277329 
56 1.468681 
57 1.322983 
58 1.475217 
59 1.365840 
60 1.412858 
61 1.350357 
62 1.359105 
63 1.405146 
64 1.384080 
65 1.420956 
66 1.340165 
67 1.404344 
68 1.360451 
69 1.450338 
70 1.378457 
71 1.418855 
72 1.339457 
73 1.386013 
74 1.361622 
75 1.408201 
76 1.366365 
77 1.406701 
78 1.338914 
79 1.407719 
80 1.349219 
81 1.454129 
82 1.340363 
83 1.409884 
84 1.292649 
85 1.442031 
86 1.332896 
87 1.457778 
88 1.313575 
89 1.423389 
90 1.317938 
91 1.422084 
92 1.381211 
93 1.402268 
94 1.348065 
95 1.335262 
96 1.384148 
97 1.389151 
98 1.432015 
99 1.344788 
100 1.396369 
101 1.357204 
102 1.400216 
103 1.386415 
104 1.364818 
105 1.388320 
106 1.298766 
107 1.404105 
108 1.316097 
109 1.475566 
110 1.287971 
111 1.443971 
112 1.275398 
113 1.468912 
114 1.338163 
115 1.417635 
116 1.333041 
117 1.335116 
118 1.382733 
119 1.308495 
120 1.466423 
121 1.273564 
122 1.493381 
123 1.206480 
124 1.514261 
125 1.247859 
126 1.547722 
127 1.241637 
128 1.455251 
129 1.246484 
130 1.435634 
131 1.337512 
132 1.391720 
133 1.366619 
134 1.321761 
135 1.415862 
136 1.320207 
137 1.462189 
138 1.304365 
139 1.417149 
140 1.307080 
141 1.403436 
142 1.363535 
143 1.364203 
144 1.405706 
145 1.284061 
146 1.449481 
147 1.245303 
148 1.542234 
149 1.232256 
150 1.524383 
151 1.175614 
152 1.536417 
153 1.241158 
154 1.522423 
155 1.255093 
156 1.427621 
157 1.326519 
158 1.379836 
159 1.437811 
160 1.302577 
161 1.477615 
162 1.208390 
163 1.514148 
164 1.199569 
165 1.568390 
166 1.202939 
167 1.528955 
168 1.208594 
169 1.497382 
170 1.300127 
171 1.451139 
172 1.337979 
173 1.341225 
174 1.372991 
175 1.337304 
176 1.463556 
177 1.313754 
178 1.442095 
179 1.296684 
180 1.447115 
181 1.342467 
182 1.415734 
183 1.369181 
184 1.328525 
185 1.390644 
186 1.320275 
187 1.484670 
188 1.299790 
189 1.465194 
190 1.250230 
191 1.484472 
192 1.276513 
193 1.478030 
194 1.301217 
195 1.429570 
196 1.303326 
197 1.406851 
198 1.388741 
199 1.396372 
200 1.384822 
201 1.335513 
202 1.409822 
203 1.345368 
204 1.414886 
205 1.340450 
206 1.407452 
207 1.364694 
208 1.386973 
209 1.410697 
210 1.385445 
211 1.416316 
212 1.319700 
213 1.396356 
214 1.331076 
215 1.436113 
216 1.345144 
217 1.390672 
218 1.347915 
219 1.374607 
220 1.416295 
221 1.379039 
222 1.438406 
223 1.320216 
224 1.430870 
225 1.322311 
226 1.465087 
227 1.334167 
228 1.444925 
229 1.315483 
230 1.402782 
231 1.385237 
232 1.426140 
233 1.415795 
234 1.347571 
235 1.396972 
236 1.355719 
237 1.450885 
238 1.348939 
239 1.428680 
240 1.340099 
241 1.407862 
242 1.390865 
243 1.410762 
244 1.416014 
245 1.340227 
246 1.409322 
247 1.321860 
248 1.453794 
249 1.330941 
250 1.467627 
251 1.319284 
252 1.444517 
253 1.351115 
254 1.460521 
255 1.389531 
256 1.370188 
257 1.374456 
258 1.333714 
259 1.460624 
260 1.339413 
261 1.484753 
262 1.287575 
263 1.497344 
264 1.297462 
265 1.518062 
266 1.309055 
267 1.466990 
268 1.296384 
269 1.415215 
270 1.364146 
271 1.424651 
272 1.413690 
273 1.345692 
274 1.418135 
275 1.338567 
276 1.486600 
277 1.332415 
278 1.457840 
279 1.302694 
280 1.437228 
281 1.355927 
282 1.442449 
283 1.392298 
284 1.379291 
285 1.399156 
286 1.350631 
287 1.463030 
288 1.331574 
289 1.477663 
290 1.304946 
291 1.459261 
292 1.307871 
293 1.477264 
294 1.358667 
295 1.432817 
296 1.344605 
297 1.400908 
298 1.418970 
299 1.386470 
300 1.438987 
301 1.329282 
302 1.445325 
303 1.314871 
304 1.480012 
305 1.334829 
306 1.475040 
307 1.312501 
308 1.455700 
309 1.342138 
310 1.460087 
311 1.379500 
312 1.404125 
313 1.350023 
314 1.372501 
315 1.413302 
316 1.409059 
317 1.419208 
318 1.363213 
319 1.406490 
320 1.392351 
321 1.433282 
322 1.402146 
323 1.388595 
324 1.372782 
325 1.368395 
326 1.415368 
327 1.400750 
328 1.425188 
329 1.373743 
330 1.402771 
331 1.391026 
332 1.427861 
333 1.406001 
334 1.397632 
335 1.391804 
336 1.364250 
337 1.409099 
338 1.382938 
339 1.435937 
340 1.363214 
341 1.402994 
342 1.373020 
343 1.426852 
344 1.403227 
345 1.408449 
346 1.382825 
347 1.373832 
348 1.410600 
349 1.395949 
350 1.431144 
351 1.366115 
352 1.401626 
353 1.366045 
354 1.422354 
355 1.391991 
356 1.419548 
357 1.385670 
358 1.379440 
359 1.410093 
360 1.406716 
361 1.442505 
362 1.360460 
363 1.405880 
364 1.357150 
365 1.437479 
366 1.382984 
367 1.431899 
368 1.371915 
369 1.389019 
370 1.383036 
371 1.413076 
372 1.447064 
373 1.373066 
374 1.413419 
375 1.336853 
376 1.453825 
377 1.367320 
378 1.455024 
379 1.336305 
380 1.427456 
381 1.340992 
382 1.428180 
383 1.405832 
384 1.425503 
385 1.391621 
386 1.347208 
387 1.419905 
388 1.394933 
389 1.452404 
390 1.351891 
391 1.412665 
392 1.362929 
393 1.431193 
394 1.393691 
395 1.406685 
396 1.411322 
397 1.338028 
398 1.426349 
399 1.343990 
400 1.497739 
401 1.321865 
402 1.468902 
403 1.288139 
404 1.510344 
405 1.330544 
406 1.489605 
407 1.310684 
408 1.425493 
409 1.335628 
410 1.431216 
411 1.414666 
412 1.401245 
413 1.402864 
414 1.346484 
415 1.456340 
416 1.362535 
417 1.475004 
418 1.310711 
419 1.444248 
420 1.317187 
421 1.455633 
422 1.365959 
423 1.461050 
424 1.365731 
425 1.394118 
426 1.375562 
427 1.417311 
428 1.439323 
429 1.370969 
430 1.392337 
431 1.355906 
432 1.440787 
433 1.388961 
434 1.438816 
435 1.377359 
436 1.407012 
437 1.378495 
438 1.412514 
439 1.421033 
440 1.404566 
441 1.399425 
442 1.352900 
443 1.412241 
444 1.392200 
445 1.441924 
446 1.382940 
447 1.399259 
448 1.362257 
449 1.415390 
450 1.426026 
451 1.411891 
452 1.389951 
453 1.350199 
454 1.417346 
455 1.394289 
456 1.441485 
457 1.367165 
458 1.418375 
459 1.369128 
460 1.427988 
461 1.395948 
462 1.434804 
463 1.392818 
464 1.367182 
465 1.391485 
466 1.400757 
467 1.458632 
468 1.375277 
469 1.402551 
470 1.355803 
471 1.434578 
472 1.388604 
473 1.436758 
474 1.380111 
475 1.384243 
476 1.369744 
477 1.401299 
478 1.432891 
479 1.389784 
480 1.391039 
481 1.359105 
482 1.420104 
483 1.393760 
484 1.430891 
485 1.399630 
486 1.403108 
487 1.373327 
488 1.397355 
489 1.432265 
490 1.405270 
491 1.397985 
492 1.346782 
493 1.411567 
494 1.400289 
495 1.434123 
496 1.384641 
497 1.403188 
498 1.378667 
499 1.394141 
500 1.416766 
501 1.400582 
502 1.422972 
503 1.339943 
504 1.416984 
505 1.359624 
506 1.450528 
507 1.352702 
508 1.429561 
509 1.338491 
510 1.429458 
511 1.375346 
512 1.456871 
513 1.397023 
514 1.387049 
515 1.371069 
516 1.395404 
517 1.426111 
518 1.384188 
519 1.397109 
520 1.361691 
521 1.412111 
522 1.391884 
523 1.429150 
524 1.417770 
525 1.381838 
526 1.386790 
527 1.352587 
528 1.440763 
529 1.371908 
530 1.429726 
531 1.320295 
532 1.431128 
533 1.369307 
534 1.467921 
535 1.365689 
536 1.409901 
537 1.355996 
538 1.383217 
539 1.410473 
540 1.395472 
541 1.439267 
542 1.334249 
543 1.436272 
544 1.335905 
545 1.500727 
546 1.315868 
547 1.468964 
548 1.276250 
549 1.465508 
550 1.305636 
551 1.483407 
552 1.338692 
553 1.447990 
554 1.333037 
555 1.432088 
556 1.380787 
557 1.420495 
558 1.372149 
559 1.353178 
560 1.383137 
561 1.391550 
562 1.423757 
563 1.389816 
564 1.396243 
565 1.377911 
566 1.392699 
567 1.407465 
568 1.393978 
569 1.418043 
570 1.344601 
571 1.397155 
572 1.361427 
573 1.444372 
574 1.374309 
575 1.407138 
576 1.352543 
577 1.404750 
578 1.383328 
579 1.413715 
580 1.388047 
581 1.368026 
582 1.367047 
583 1.366740 
584 1.427791 
585 1.395259 
586 1.406634 
587 1.357899 
588 1.403173 
589 1.368226 
590 1.422395 
591 1.377978 
592 1.401765 
593 1.343215 
594 1.404153 
595 1.388017 
596 1.447690 
597 1.364544 
598 1.410596 
599 1.341382 
600 1.439630 
601 1.351782 
602 1.452522 
603 1.323914 
604 1.423587 
605 1.316533 
606 1.484070 
607 1.355095 
608 1.458968 
609 1.309959 
610 1.429193 
611 1.343053 
612 1.431591 
613 1.350145 
614 1.411910 
615 1.353707 
616 1.389479 
617 1.398672 
618 1.423469 
619 1.427173 
620 1.359120 
621 1.390956 
622 1.383138 
623 1.442935 
624 1.379059 
625 1.393536 
626 1.350908 
627 1.407176 
628 1.386013 
629 1.431797 
630 1.397995 
631 1.404789 
632 1.351479 
633 1.414860 
634 1.373719 
635 1.457179 
636 1.340551 
637 1.435797 
638 1.308255 
639 1.470627 
640 1.322203 
641 1.506416 
642 1.298403 
643 1.480287 
644 1.269963 
645 1.504776 
646 1.315213 
647 1.494287 
648 1.298633 
649 1.453582 
650 1.348006 
651 1.455197 
652 1.384238 
653 1.405780 
654 1.395274 
655 1.351296 
656 1.427192 
657 1.373696 
658 1.463645 
659 1.327458 
660 1.428572 
661 1.346762 
662 1.472175 
663 1.369908 
664 1.432707 
665 1.368443 
666 1.403707 
667 1.393313 
668 1.393612 
669 1.425632 
670 1.368888 
671 1.396693 
672 1.351591 
673 1.439184 
674 1.409302 
675 1.444445 
676 1.382868 
677 1.369826 
678 1.406472 
679 1.386923 
680 1.458025 
681 1.336868 
682 1.434945 
683 1.336310 
684 1.492548 
685 1.345753 
686 1.489496 
687 1.319368 
688 1.460666 
689 1.314144 
690 1.471299 
691 1.358339 
692 1.458644 
693 1.343366 
694 1.421995 
695 1.382364 
696 1.453519 
697 1.410677 
698 1.400463 
699 1.366001 
700 1.387200 
701 1.420843 
702 1.421944 
703 1.412796 
704 1.385526 
705 1.418242 
706 1.389546 
707 1.445141 
708 1.383129 
709 1.432680 
710 1.349779 
711 1.419634 
712 1.371427 
713 1.466038 
714 1.384376 
715 1.442300 
716 1.355739 
717 1.453453 
718 1.382031 
719 1.447772 
720 1.352523 
721 1.413117 
722 1.353943 
723 1.446610 
724 1.389578 
725 1.460878 
726 1.375676 
727 1.434100 
728 1.370318 
729 1.460398 
730 1.392705 
731 1.457440 
732 1.341725 
733 1.418711 
734 1.362228 
735 1.467336 
736 1.379476 
737 1.441719 
738 1.359389 
739 1.435347 
740 1.385625 
741 1.455269 
742 1.406633 
743 1.410965 
744 1.373294 
745 1.392389 
746 1.428474 
747 1.421009 
748 1.416388 
749 1.381483 
750 1.418347 
751 1.395833 
752 1.447909 
753 1.397630 
754 1.415797 
755 1.361643 
756 1.412594 
757 1.418005 
758 1.447191 
759 1.414830 
760 1.407096 
761 1.391563 
762 1.414925 
763 1.421421 
764 1.419566 
765 1.388698 
766 1.384402 
767 1.384153 
768 1.442070 
769 1.418131 
770 1.453581 
771 1.371175 
772 1.414126 
773 1.358111 
774 1.467641 
775 1.373736 
776 1.458707 
777 1.316911 
778 1.447990 
779 1.365281 
780 1.492701 
781 1.366444 
782 1.452826 
783 1.342176 
784 1.439322 
785 1.381057 
786 1.457813 
787 1.403507 
788 1.392124 
789 1.379892 
790 1.396199 
791 1.442847 
792 1.408693 
793 1.411093 
794 1.345555 
795 1.433227 
796 1.381418 
797 1.478390 
798 1.372708 
799 1.444330 
800 1.346137 
801 1.444452 
802 1.366655 
803 1.473139 
804 1.371870 
805 1.433909 
806 1.339868 
807 1.445170 
808 1.389649 
809 1.450858 
810 1.357185 
811 1.409801 
812 1.364923 
813 1.437438 
814 1.406790 
815 1.421017 
816 1.386051 
817 1.379362 
818 1.409824 
819 1.411081 
820 1.429715 
821 1.376356 
822 1.399175 
823 1.365070 
824 1.452768 
825 1.402145 
826 1.456567 
827 1.374797 
828 1.423866 
829 1.362237 
830 1.439874 
831 1.399552 
832 1.431518 
833 1.352088 
834 1.407892 
835 1.410353 
836 1.453174 
837 1.413187 
838 1.388926 
839 1.377288 
840 1.400965 
841 1.409304 
842 1.411567 
843 1.404569 
844 1.391558 
845 1.388884 
846 1.406826 
847 1.418471 
848 1.434182 
849 1.395545 
850 1.391211 
851 1.382917 
852 1.437551 
853 1.408412 
854 1.439721 
855 1.375127 
856 1.430086 
857 1.363405 
858 1.450226 
859 1.384092 
860 1.455815 
861 1.341466 
862 1.430177 
863 1.362588 
864 1.481599 
865 1.355433 
866 1.440609 
867 1.344247 
868 1.446612 
869 1.377322 
870 1.467859 
871 1.381572 
872 1.419045 
873 1.353735 
874 1.423017 
875 1.407733 
876 1.426217 
877 1.394776 
878 1.411733 
879 1.411697 
880 1.420513 
881 1.430875 
882 1.421334 
883 1.404341 
884 1.363673 
885 1.417393 
886 1.418323 
887 1.449670 
888 1.390938 
889 1.407237 
890 1.381014 
891 1.415602 
892 1.412331 
893 1.446101 
894 1.422336 
895 1.395381 
896 1.402668 
897 1.413031 
898 1.443959 
899 1.402158 
900 1.404126 
901 1.383412 
902 1.424581 
903 1.407222 
904 1.428687 
905 1.398142 
906 1.413691 
907 1.409366 
908 1.452020 
909 1.464741 
910 1.443459 
911 1.395113 
912 1.393331 
913 1.399200 
914 1.443267 
915 1.392911 
916 1.432134 
917 1.367268 
918 1.447729 
919 1.373698 
920 1.507433 
921 1.409803 
922 1.475148 
923 1.338282 
924 1.444513 
925 1.391337 
926 1.452609 
927 1.392603 
928 1.401240 
929 1.425570 
930 1.411330 
931 1.474497 
932 1.397388 
933 1.489380 
934 1.346345 
935 1.492062 
936 1.357533 
937 1.517085 
938 1.339751 
939 1.460503 
940 1.343703 
941 1.463529 
942 1.383953 
943 1.417053 
944 1.406065 
945 1.387160 
946 1.446618 
947 1.395543 
948 1.509957 
949 1.377262 
950 1.478643 
951 1.322489 
952 1.482255 
953 1.334789 
954 1.476308 
955 1.345793 
956 1.436026 
957 1.354797 
958 1.414222 
959 1.453224 
960 1.461604 
961 1.459730 
962 1.361196 
963 1.443756 
964 1.385763 
965 1.460091 
966 1.350719 
967 1.426668 
968 1.378307 
969 1.437095 
970 1.395900 
971 1.434374 
972 1.431076 
973 1.419167 
974 1.433436 
975 1.417842 
976 1.429095 
977 1.346804 
978 1.368999 
979 1.352701 
980 1.418896 
981 1.432301 
982 1.448108 
983 1.431716 
984 1.405306 
985 1.396865 
986 1.424459 
987 1.463565 
988 1.422526 
989 1.380436 
990 1.358240 
991 1.380645 
992 1.432905 
993 1.387151 
994 1.433965 
995 1.367162 
996 1.468685 
997 1.355301 
998 1.472165 
999 1.354557 
1000 1.488961 
1001 1.338903 
1002 1.445428 
1003 1.357982 
1004 1.467316 
1005 1.390835 
1006 1.404598 
1007 1.369793 
1008 1.406425 
1009 1.441933 
1010 1.396165 
1011 1.415279 
1012 1.351020 
1013 1.421902 
1014 1.376934 
1015 1.446380 
1016 1.414579 
1017 1.439156 
1018 1.386409 
1019 1.390496 
1020 1.413553 
1021 1.402315 
1022 1.391518 
1023 1.350458 
