0 0.231294 
1 0.001133 
2 -0.087499 
3 -0.084294 
4 0.123509 
5 0.116480 
6 -0.077015 
7 -0.107020 
8 0.117008 
9 0.090663 
10 -0.007376 
11 -0.123226 
12 0.086562 
13 0.105670 
14 -0.033137 
15 -0.103125 
16 0.070813 
17 0.047755 
18 0.104860 
19 -0.163954 
20 0.052400 
21 0.042553 
22 0.098453 
23 -0.128619 
24 0.058662 
25 0.000845 
26 0.063956 
27 -0.046715 
28 -0.089727 
29 0.160495 
30 -0.074919 
31 0.008237 
32 -0.029140 
33 -0.024870 
34 0.130433 
35 -0.072959 
36 -0.026573 
37 0.010223 
38 0.044463 
39 0.068605 
40 -0.103291 
41 0.039012 
42 0.025997 
43 0.070788 
44 -0.116954 
45 -0.012601 
46 0.121553 
47 -0.043783 
48 -0.032535 
49 -0.075634 
50 -0.004708 
51 0.125188 
52 -0.151336 
53 -0.032486 
54 0.102176 
55 -0.043059 
56 -0.047574 
57 -0.152557 
58 0.099839 
59 0.091667 
60 -0.113790 
61 -0.145025 
62 0.080239 
63 0.054315 
64 -0.031984 
65 -0.129540 
66 0.054722 
67 0.116003 
68 -0.064201 
69 -0.185267 
70 0.054427 
71 0.079054 
72 -0.017410 
73 -0.159330 
74 0.032312 
75 0.043901 
76 -0.080076 
77 -0.035390 
78 -0.045471 
79 0.092493 
80 0.003879 
81 -0.114879 
82 -0.007663 
83 0.087578 
84 0.029615 
85 -0.127691 
86 0.083125 
87 0.088593 
88 -0.058841 
89 -0.004273 
90 -0.083995 
91 0.157729 
92 -0.067850 
93 0.050729 
94 -0.035218 
95 0.035366 
96 0.102052 
97 -0.134464 
98 0.075039 
99 0.023058 
100 0.093449 
101 -0.023990 
102 -0.004947 
103 0.016018 
104 0.015084 
105 0.039222 
106 0.010787 
107 -0.006856 
108 0.072888 
109 -0.108454 
110 0.090192 
111 -0.109633 
112 0.104375 
113 -0.029814 
114 0.039889 
115 -0.090174 
116 0.006007 
117 0.020162 
118 -0.056750 
119 0.025092 
120 -0.012479 
121 0.000011 
122 0.012243 
123 -0.131821 
124 0.049997 
125 -0.011142 
126 -0.003202 
127 -0.080993 
128 0.062590 
129 -0.030259 
130 -0.041244 
131 -0.002634 
132 -0.054961 
133 0.081208 
134 0.002724 
135 -0.082118 
136 0.037102 
137 -0.037340 
138 -0.002728 
139 -0.042326 
140 0.093187 
141 -0.016225 
142 -0.067371 
143 0.016512 
144 -0.047420 
145 0.095705 
146 -0.046066 
147 -0.080748 
148 0.106797 
149 -0.032597 
150 0.028898 
151 -0.146933 
152 0.143342 
153 0.032778 
154 -0.061684 
155 -0.025929 
156 -0.038578 
157 0.103877 
158 -0.046989 
159 -0.087288 
160 0.082954 
161 -0.001108 
162 -0.012650 
163 -0.097872 
164 0.099668 
165 0.059330 
166 -0.113588 
167 0.024965 
168 0.010385 
169 0.127449 
170 -0.131966 
171 0.008001 
172 0.038506 
173 0.085935 
174 -0.035567 
175 -0.074323 
176 0.046110 
177 0.109574 
178 -0.066003 
179 -0.089154 
180 0.017054 
181 0.138219 
182 -0.074667 
183 -0.019716 
184 -0.080177 
185 0.134537 
186 -0.000248 
187 -0.076324 
188 0.043615 
189 -0.048793 
190 0.111893 
191 -0.097927 
192 -0.014168 
193 0.057415 
194 0.032429 
195 -0.041161 
196 -0.077284 
197 0.053472 
198 0.009083 
199 -0.015967 
200 -0.024597 
201 -0.103066 
202 0.162814 
203 -0.100466 
204 -0.053566 
205 -0.045814 
206 0.103661 
207 0.027804 
208 -0.145459 
209 0.042687 
210 0.026154 
211 0.053883 
212 -0.026009 
213 -0.132013 
214 0.108335 
215 0.032891 
216 -0.062147 
217 -0.086836 
218 0.059232 
219 0.096198 
220 -0.107310 
221 -0.107942 
222 0.058696 
223 0.130599 
224 -0.133353 
225 0.011215 
226 0.041200 
227 0.062029 
228 -0.018775 
229 -0.084767 
230 0.104357 
231 0.101978 
232 -0.041751 
233 -0.109361 
234 0.074326 
235 0.125464 
236 -0.020090 
237 -0.158046 
238 0.110795 
239 0.059153 
240 0.007929 
241 -0.128432 
242 0.041318 
243 0.052353 
244 0.070014 
245 -0.144212 
246 0.036094 
247 0.027551 
248 0.012513 
249 -0.058071 
250 0.017483 
251 -0.001331 
252 0.096980 
253 -0.108509 
254 0.013820 
255 -0.014799 
256 0.069129 
257 -0.029069 
258 -0.079195 
259 0.072731 
260 -0.025123 
261 -0.001930 
262 -0.070038 
263 -0.007374 
264 0.068150 
265 -0.066806 
266 -0.023474 
267 -0.032195 
268 0.055223 
269 0.017818 
270 -0.073372 
271 -0.019974 
272 0.059943 
273 0.080876 
274 -0.075849 
275 -0.091274 
276 0.143730 
277 -0.026133 
278 0.023614 
279 -0.135719 
280 0.092073 
281 0.021316 
282 -0.050201 
283 -0.074990 
284 0.085167 
285 0.023348 
286 -0.083021 
287 -0.024197 
288 0.039990 
289 0.066289 
290 -0.095162 
291 -0.053614 
292 0.127987 
293 0.060712 
294 -0.091372 
295 -0.114234 
296 0.127833 
297 0.063737 
298 -0.052922 
299 -0.086950 
300 0.063706 
301 0.140861 
302 -0.140151 
303 -0.072444 
304 0.116433 
305 0.067830 
306 -0.015232 
307 -0.125052 
308 0.020761 
309 0.146221 
310 -0.069887 
311 -0.032108 
312 0.004387 
313 0.084136 
314 -0.031284 
315 -0.063104 
316 0.043682 
317 0.058320 
318 -0.005985 
319 -0.022150 
320 -0.054025 
321 0.100514 
322 -0.007073 
323 -0.058913 
324 0.019082 
325 0.016971 
326 0.038160 
327 -0.078623 
328 0.015410 
329 -0.045846 
330 0.099395 
331 -0.048223 
332 -0.016540 
333 0.007737 
334 0.028200 
335 0.022359 
336 -0.046916 
337 -0.063509 
338 0.111327 
339 -0.022358 
340 -0.033668 
341 -0.058279 
342 0.064692 
343 -0.003649 
344 -0.089082 
345 -0.009118 
346 0.027441 
347 0.053092 
348 -0.124721 
349 -0.025542 
350 -0.004833 
351 0.116249 
352 -0.117931 
353 -0.081134 
354 0.116909 
355 0.026750 
356 -0.078006 
357 -0.114556 
358 0.120818 
359 0.106651 
360 -0.086270 
361 -0.106413 
362 0.028575 
363 0.141100 
364 -0.069950 
365 -0.071538 
366 0.021187 
367 0.107555 
368 -0.034442 
369 -0.130911 
370 0.073737 
371 0.047411 
372 -0.010690 
373 -0.043275 
374 -0.010188 
375 0.080366 
376 -0.010768 
377 -0.086910 
378 0.061351 
379 0.062353 
380 0.028386 
381 -0.153960 
382 0.081765 
383 0.040280 
384 -0.011017 
385 -0.031637 
386 0.002287 
387 0.008526 
388 0.037302 
389 -0.058892 
390 -0.012953 
391 0.049169 
392 0.056127 
393 -0.073952 
394 -0.014615 
395 0.026542 
396 -0.014275 
397 0.055095 
398 -0.071730 
399 0.012543 
400 0.053571 
401 -0.025172 
402 0.006532 
403 -0.047939 
404 0.043533 
405 -0.007350 
406 0.021482 
407 -0.083322 
408 0.069791 
409 -0.011158 
410 -0.035976 
411 -0.022363 
412 0.032446 
413 0.016016 
414 -0.001939 
415 -0.092343 
416 0.089623 
417 -0.024058 
418 0.051619 
419 -0.134444 
420 0.107515 
421 0.007885 
422 0.034983 
423 -0.081683 
424 -0.001829 
425 0.084744 
426 -0.072505 
427 0.015688 
428 -0.031803 
429 0.005700 
430 0.033198 
431 -0.128344 
432 0.094823 
433 -0.011527 
434 -0.026966 
435 -0.018767 
436 -0.023335 
437 0.051754 
438 -0.064046 
439 -0.010221 
440 0.059465 
441 0.041310 
442 -0.108287 
443 -0.033606 
444 0.044509 
445 0.038697 
446 -0.019234 
447 -0.113718 
448 0.016535 
449 0.074659 
450 -0.080026 
451 -0.019136 
452 0.004469 
453 0.043721 
454 -0.026209 
455 -0.050078 
456 0.044669 
457 0.039107 
458 0.024760 
459 -0.097456 
460 0.077535 
461 0.015978 
462 0.043343 
463 -0.091313 
464 0.062510 
465 0.067366 
466 -0.027486 
467 -0.041643 
468 -0.016733 
469 0.068260 
470 0.023439 
471 -0.091739 
472 -0.035077 
473 0.048094 
474 -0.005077 
475 -0.018105 
476 -0.105467 
477 0.078310 
478 0.024347 
479 -0.069670 
480 -0.028034 
481 0.014122 
482 0.075716 
483 -0.026921 
484 -0.065480 
485 0.009768 
486 0.052185 
487 0.028178 
488 -0.110205 
489 0.033929 
490 0.018459 
491 0.020692 
492 -0.074933 
493 -0.027718 
494 0.066500 
495 0.019648 
496 -0.084272 
497 -0.053962 
498 0.131473 
499 0.009367 
500 -0.106966 
501 -0.005652 
502 0.063083 
503 0.083393 
504 -0.098873 
505 -0.062326 
506 0.125992 
507 0.036798 
508 -0.008831 
509 -0.122952 
510 0.113114 
511 0.087516 
512 -0.053033 
513 -0.101541 
514 0.069652 
515 0.111611 
516 -0.061510 
517 -0.128381 
518 0.102599 
519 0.068888 
520 -0.072495 
521 -0.068621 
522 0.042628 
523 0.074827 
524 0.001452 
525 -0.135042 
526 0.056295 
527 0.081784 
528 -0.035378 
529 -0.090652 
530 -0.036784 
531 0.173810 
532 -0.055441 
533 -0.120483 
534 -0.020836 
535 0.034450 
536 0.043663 
537 -0.100000 
538 -0.027906 
539 0.023698 
540 0.056951 
541 -0.126381 
542 0.006029 
543 0.009322 
544 0.031098 
545 -0.049302 
546 0.002951 
547 -0.059050 
548 0.044590 
549 -0.047428 
550 -0.010034 
551 0.016734 
552 0.011748 
553 -0.059671 
554 -0.007534 
555 -0.050990 
556 0.121290 
557 -0.059711 
558 -0.023080 
559 -0.005300 
560 0.049299 
561 -0.003957 
562 -0.023977 
563 -0.022459 
564 0.088630 
565 0.024995 
566 -0.097687 
567 -0.010359 
568 0.087262 
569 0.035490 
570 -0.036144 
571 -0.068996 
572 0.074680 
573 0.111100 
574 -0.114758 
575 -0.035052 
576 0.047399 
577 0.070846 
578 -0.086036 
579 -0.024512 
580 0.049102 
581 0.074180 
582 -0.057229 
583 -0.076892 
584 0.094494 
585 0.091014 
586 -0.058499 
587 -0.103138 
588 0.143056 
589 0.020966 
590 -0.043678 
591 -0.035277 
592 0.041090 
593 0.089578 
594 -0.054252 
595 -0.134756 
596 0.083766 
597 0.071855 
598 -0.041667 
599 -0.129077 
600 0.100557 
601 0.001313 
602 -0.064615 
603 -0.062908 
604 0.070368 
605 0.051663 
606 -0.065962 
607 -0.079361 
608 0.002595 
609 0.113599 
610 -0.077277 
611 -0.044074 
612 0.024620 
613 0.086931 
614 -0.069120 
615 -0.063234 
616 -0.012057 
617 0.125094 
618 -0.011316 
619 -0.113324 
620 0.018376 
621 0.020403 
622 0.016432 
623 -0.028656 
624 -0.048719 
625 0.043668 
626 0.001168 
627 -0.003296 
628 -0.039190 
629 -0.031657 
630 0.029200 
631 0.022754 
632 -0.032871 
633 -0.086749 
634 0.047375 
635 -0.013135 
636 -0.058001 
637 -0.005162 
638 0.019716 
639 0.004200 
640 -0.068327 
641 0.013730 
642 0.022568 
643 0.000934 
644 0.006089 
645 -0.076290 
646 0.121106 
647 0.037535 
648 -0.072093 
649 -0.043070 
650 0.129805 
651 0.027109 
652 -0.051985 
653 -0.081269 
654 0.061407 
655 0.173477 
656 -0.166688 
657 -0.023128 
658 0.064095 
659 0.082060 
660 0.012966 
661 -0.140676 
662 0.074858 
663 0.076064 
664 -0.043953 
665 -0.046833 
666 0.027187 
667 0.085941 
668 -0.053314 
669 -0.041845 
670 -0.010746 
671 0.133740 
672 -0.012992 
673 -0.104761 
674 0.073897 
675 0.003608 
676 0.009590 
677 -0.063190 
678 0.042673 
679 0.004423 
680 0.068897 
681 -0.144997 
682 0.039500 
683 -0.015940 
684 -0.000160 
685 0.000704 
686 -0.004986 
687 -0.030310 
688 0.006605 
689 0.000898 
690 0.014319 
691 -0.000383 
692 0.065997 
693 -0.054161 
694 0.031130 
695 0.006359 
696 -0.020971 
697 0.029997 
698 0.001701 
699 -0.057266 
700 0.032396 
701 0.017874 
702 -0.057962 
703 -0.017083 
704 0.043778 
705 -0.009132 
706 -0.038900 
707 -0.033224 
708 0.024930 
709 0.028313 
710 -0.011788 
711 -0.077924 
712 0.034287 
713 0.063293 
714 -0.026634 
715 -0.044448 
716 -0.010462 
717 0.054056 
718 -0.053175 
719 0.010148 
720 -0.021441 
721 0.020920 
722 0.045786 
723 -0.125866 
724 0.084254 
725 -0.073155 
726 0.015981 
727 -0.041804 
728 0.070240 
729 -0.096514 
730 0.019305 
731 -0.055336 
732 0.013424 
733 0.135329 
734 -0.179060 
735 0.006945 
736 0.123595 
737 -0.037850 
738 0.007597 
739 -0.064797 
740 0.077294 
741 0.062115 
742 -0.035256 
743 -0.065143 
744 0.025128 
745 0.088521 
746 -0.039986 
747 -0.007983 
748 0.009275 
749 0.025774 
750 0.000078 
751 -0.004177 
752 0.007148 
753 0.034034 
754 -0.012292 
755 -0.007219 
756 0.041391 
757 0.033765 
758 -0.009699 
759 -0.003100 
760 0.008000 
761 0.041330 
762 -0.009619 
763 -0.015784 
764 0.000035 
765 0.019672 
766 -0.008035 
767 -0.011945 
768 -0.004064 
769 -0.023282 
770 0.086347 
771 -0.062922 
772 -0.003783 
773 -0.020266 
774 0.058652 
775 -0.029082 
776 -0.020109 
777 0.022671 
778 0.036703 
779 -0.000381 
780 -0.070876 
781 0.007427 
782 0.046069 
783 0.050306 
784 -0.055314 
785 -0.094850 
786 0.147537 
787 -0.004474 
788 -0.022356 
789 -0.051745 
790 0.087192 
791 0.092408 
792 -0.141612 
793 -0.022578 
794 0.039193 
795 0.099947 
796 -0.079996 
797 -0.046072 
798 -0.004735 
799 0.058923 
800 -0.035661 
801 -0.116147 
802 0.068816 
803 0.034498 
804 -0.024152 
805 -0.115580 
806 0.015294 
807 0.044478 
808 -0.011810 
809 -0.041556 
810 -0.011413 
811 0.045402 
812 -0.004429 
813 -0.107503 
814 0.115950 
815 -0.063095 
816 0.011029 
817 -0.051740 
818 0.005980 
819 0.023412 
820 0.003554 
821 -0.111839 
822 0.064391 
823 0.052460 
824 -0.069341 
825 -0.013819 
826 -0.015769 
827 -0.013201 
828 0.083637 
829 -0.141304 
830 0.041550 
831 0.022644 
832 0.012524 
833 -0.072174 
834 -0.025030 
835 -0.039935 
836 0.062217 
837 0.043006 
838 -0.011483 
839 -0.062693 
840 0.040177 
841 0.079503 
842 -0.015860 
843 0.040901 
844 0.057356 
845 -0.033297 
846 0.104122 
847 -0.081001 
848 0.040732 
849 0.090796 
850 0.044793 
851 -0.011692 
852 0.049357 
853 0.017196 
854 -0.010132 
855 0.071325 
856 0.030662 
857 0.015640 
858 0.040245 
859 -0.049568 
860 0.031263 
861 0.021278 
862 0.020998 
863 -0.093284 
864 0.165452 
865 -0.088262 
866 -0.018999 
867 -0.049897 
868 0.054556 
869 0.061074 
870 -0.037283 
871 -0.069213 
872 -0.008981 
873 0.074219 
874 -0.059534 
875 -0.045925 
876 0.027837 
877 0.027447 
878 -0.020822 
879 -0.095080 
880 -0.001177 
881 0.083758 
882 -0.101387 
883 -0.033515 
884 -0.031904 
885 0.105640 
886 -0.171503 
887 -0.058101 
888 0.049342 
889 -0.045291 
890 0.036665 
891 -0.118900 
892 0.033388 
893 0.063589 
894 -0.111285 
895 -0.031387 
896 0.097478 
897 0.070318 
898 -0.076528 
899 -0.001828 
900 -0.010628 
901 0.038333 
902 0.017498 
903 -0.131318 
904 0.120447 
905 0.023690 
906 -0.041718 
907 -0.075709 
908 -0.027183 
909 0.098287 
910 0.085773 
911 -0.193290 
912 0.121626 
913 -0.045931 
914 0.042982 
915 -0.078466 
916 -0.044734 
917 0.117784 
918 0.005465 
919 -0.027455 
920 -0.076485 
921 -0.027148 
922 0.064601 
923 0.024397 
924 -0.007112 
925 -0.024818 
926 0.073705 
927 -0.044557 
928 -0.087285 
929 0.079465 
930 0.054169 
931 0.018405 
932 -0.058459 
933 -0.024910 
934 0.025291 
935 0.034573 
936 -0.094474 
937 0.020744 
938 0.191134 
939 -0.051872 
940 -0.070401 
941 -0.023708 
942 0.115829 
943 0.119961 
944 -0.078534 
945 -0.080400 
946 0.124604 
947 0.086393 
948 -0.101516 
949 -0.118686 
950 0.212241 
951 0.080128 
952 -0.005274 
953 -0.192816 
954 0.139988 
955 0.083203 
956 0.028921 
957 -0.068456 
958 0.057097 
959 0.209675 
960 -0.163313 
961 -0.111206 
962 -0.004496 
963 0.077351 
964 -0.032910 
965 -0.090700 
966 -0.098989 
967 0.071851 
968 -0.032951 
969 -0.133838 
970 0.034205 
971 0.150148 
972 0.038386 
973 -0.066522 
974 -0.057371 
975 0.004036 
976 0.012608 
977 0.068368 
978 -0.056692 
979 -0.005187 
980 -0.032433 
981 -0.225243 
982 0.046733 
983 -0.057124 
984 0.045684 
985 -0.012948 
986 -0.012221 
987 -0.076304 
988 0.004208 
989 0.055658 
990 -0.063294 
991 0.069159 
992 0.034344 
993 -0.020566 
994 -0.023798 
995 -0.209998 
996 0.046931 
997 0.072906 
998 -0.087539 
999 -0.110357 
1000 0.098531 
1001 0.096279 
1002 -0.120134 
1003 -0.030657 
1004 0.133181 
1005 0.117614 
1006 0.027650 
1007 -0.209039 
1008 -0.035143 
1009 0.141220 
1010 -0.040873 
1011 -0.173076 
1012 0.002773 
1013 0.036779 
1014 0.069897 
1015 -0.000284 
1016 -0.014492 
1017 0.054378 
1018 0.117674 
1019 -0.181135 
1020 0.207300 
1021 0.690531 
1022 0.132788 
1023 -0.257954 
