0 0.022505 
1 -0.003993 
2 -0.130509 
3 0.073334 
4 -0.057157 
5 0.083459 
6 -0.099686 
7 0.092042 
8 -0.046098 
9 0.012950 
10 -0.044087 
11 -0.036984 
12 0.022780 
13 -0.018218 
14 0.029839 
15 -0.029812 
16 -0.013490 
17 -0.017359 
18 -0.093879 
19 -0.034798 
20 -0.056579 
21 0.060360 
22 -0.048022 
23 0.017411 
24 0.057546 
25 0.112197 
26 0.060874 
27 -0.036497 
28 -0.001323 
29 -0.050912 
30 -0.016385 
31 -0.101845 
32 -0.045486 
33 -0.033021 
34 0.056770 
35 0.001806 
36 0.027954 
37 0.033831 
38 0.045996 
39 -0.027910 
40 0.005954 
41 0.020737 
42 0.030613 
43 -0.079894 
44 -0.002932 
45 -0.057095 
46 0.060434 
47 -0.071380 
48 0.100714 
49 -0.029742 
50 0.115687 
51 -0.016868 
52 0.051784 
53 -0.018502 
54 -0.033583 
55 -0.053667 
56 -0.116323 
57 -0.013849 
58 -0.044194 
59 0.016868 
60 0.037312 
61 0.062811 
62 0.177433 
63 -0.026543 
64 0.058337 
65 -0.106508 
66 0.091005 
67 -0.036087 
68 0.063689 
69 -0.046894 
70 -0.076119 
71 -0.099898 
72 -0.071045 
73 0.021589 
74 0.071036 
75 0.093545 
76 0.096432 
77 0.029121 
78 0.077528 
79 0.047353 
80 0.068607 
81 0.003582 
82 -0.026548 
83 -0.045525 
84 -0.099222 
85 -0.062266 
86 -0.008674 
87 0.025766 
88 0.093847 
89 -0.037332 
90 0.171605 
91 0.040937 
92 0.185193 
93 -0.119751 
94 0.051474 
95 -0.050261 
96 0.012015 
97 -0.067138 
98 -0.062996 
99 0.054572 
100 -0.004588 
101 0.061209 
102 0.020991 
103 0.071536 
104 0.028262 
105 0.002571 
106 0.049547 
107 0.022593 
108 0.011202 
109 0.033628 
110 -0.038069 
111 0.029690 
112 -0.097441 
113 0.044141 
114 -0.078286 
115 0.027456 
116 0.012409 
117 0.036953 
118 0.102827 
119 0.015037 
120 0.100091 
121 -0.096398 
122 0.010910 
123 -0.051886 
124 0.066791 
125 -0.029855 
126 -0.075366 
127 0.024513 
128 0.125073 
129 0.116336 
130 -0.087012 
131 -0.107792 
132 0.041614 
133 0.122929 
134 -0.020819 
135 -0.076524 
136 -0.022622 
137 0.150415 
138 -0.123788 
139 -0.010819 
140 -0.101261 
141 0.151328 
142 -0.142037 
143 0.028961 
144 0.031918 
145 0.131093 
146 0.044083 
147 0.071213 
148 0.088829 
149 -0.093890 
150 -0.118877 
151 -0.035530 
152 -0.021772 
153 -0.186328 
154 -0.191496 
155 0.095840 
156 0.192086 
157 0.130900 
158 0.047468 
159 0.207987 
160 0.079095 
161 -0.125560 
162 -0.307419 
163 -0.026790 
164 0.032949 
165 0.074507 
166 -0.275365 
167 -0.042896 
168 0.043894 
169 0.248363 
170 0.005830 
171 -0.036789 
172 -0.066387 
173 0.035136 
174 0.047556 
175 -0.024157 
176 -0.067783 
177 0.079047 
178 0.040358 
179 0.075473 
180 -0.185531 
181 0.030533 
182 -0.110054 
183 0.062014 
184 -0.111766 
185 0.015230 
186 -0.032341 
187 0.061350 
188 0.041672 
189 0.035175 
190 -0.021718 
191 0.001201 
192 -0.089135 
193 0.034395 
194 -0.078552 
195 0.048308 
196 -0.108915 
197 0.003184 
198 -0.019187 
199 0.014941 
200 0.064371 
201 -0.003872 
202 0.061495 
203 -0.081645 
204 -0.017253 
205 0.014582 
206 0.003616 
207 0.028844 
208 -0.145123 
209 0.107825 
210 -0.064286 
211 0.087685 
212 -0.116323 
213 0.060963 
214 -0.004082 
215 0.035940 
216 -0.038361 
217 -0.037227 
218 -0.040978 
219 0.001699 
220 -0.081897 
221 0.033441 
222 -0.027249 
223 0.111388 
224 -0.009535 
225 0.054771 
226 0.025320 
227 -0.067944 
228 -0.003930 
229 -0.163254 
230 0.035641 
231 -0.106394 
232 0.065979 
233 -0.041167 
234 0.016895 
235 0.066083 
236 -0.017644 
237 0.072642 
238 -0.085942 
239 0.059215 
240 -0.053763 
241 0.024987 
242 0.015425 
243 -0.023599 
244 0.044053 
245 -0.049066 
246 0.036622 
247 -0.049319 
248 -0.026201 
249 0.010445 
250 -0.041857 
251 0.024848 
252 -0.052629 
253 0.087563 
254 0.030114 
255 0.015488 
256 0.024054 
257 -0.089474 
258 0.034185 
259 -0.096597 
260 0.093171 
261 -0.059180 
262 0.061644 
263 -0.005429 
264 0.026576 
265 -0.022391 
266 -0.034111 
267 0.019746 
268 -0.003811 
269 0.001860 
270 0.008300 
271 0.010421 
272 0.069017 
273 -0.017884 
274 -0.024297 
275 -0.054323 
276 0.026490 
277 0.003866 
278 -0.037325 
279 -0.077476 
280 0.063913 
281 0.053768 
282 0.139075 
283 -0.089021 
284 0.083485 
285 -0.097970 
286 0.064149 
287 -0.113420 
288 0.012822 
289 -0.021071 
290 -0.002345 
291 0.086148 
292 -0.019435 
293 0.075279 
294 -0.056039 
295 0.045161 
296 -0.008408 
297 -0.004893 
298 0.014391 
299 -0.087555 
300 0.063990 
301 -0.043354 
302 0.065524 
303 -0.058125 
304 0.038530 
305 0.012590 
306 0.030245 
307 0.013078 
308 0.052953 
309 -0.009321 
310 0.035470 
311 -0.125067 
312 0.037178 
313 -0.112977 
314 0.093478 
315 -0.114584 
316 0.039090 
317 -0.014270 
318 0.102856 
319 0.086812 
320 -0.015837 
321 0.047765 
322 0.000030 
323 0.013804 
324 -0.109716 
325 -0.096585 
326 0.025009 
327 0.001777 
328 0.068818 
329 -0.054385 
330 0.073838 
331 0.018549 
332 0.015926 
333 -0.037113 
334 -0.046327 
335 0.003036 
336 -0.041163 
337 0.011091 
338 0.039868 
339 -0.020609 
340 0.017737 
341 -0.053829 
342 0.083543 
343 -0.065624 
344 0.000709 
345 -0.086081 
346 0.011738 
347 0.002424 
348 -0.018506 
349 0.017231 
350 -0.000524 
351 0.034709 
352 -0.043307 
353 -0.033776 
354 -0.006573 
355 -0.016579 
356 0.002221 
357 -0.040259 
358 0.024343 
359 -0.017061 
360 -0.014561 
361 -0.044905 
362 -0.009852 
363 0.015650 
364 -0.007187 
365 -0.022241 
366 0.003104 
367 0.033556 
368 0.047326 
369 -0.016775 
370 -0.085427 
371 -0.073930 
372 -0.065826 
373 0.024083 
374 -0.034595 
375 0.088037 
376 -0.032840 
377 0.021366 
378 -0.070757 
379 0.066024 
380 -0.017425 
381 -0.054071 
382 -0.088814 
383 -0.045313 
384 0.010675 
385 -0.026711 
386 0.008576 
387 0.021765 
388 0.037853 
389 -0.004811 
390 -0.034831 
391 -0.021119 
392 -0.059947 
393 -0.013932 
394 -0.053849 
395 0.022591 
396 -0.044981 
397 0.052695 
398 -0.051117 
399 0.062743 
400 -0.074984 
401 0.044031 
402 -0.090287 
403 0.065502 
404 -0.030741 
405 0.054104 
406 -0.050588 
407 0.001283 
408 -0.038482 
409 0.014435 
410 -0.012424 
411 -0.003906 
412 -0.032323 
413 0.012027 
414 -0.023676 
415 0.037106 
416 0.053447 
417 0.074996 
418 -0.041871 
419 -0.076141 
420 -0.056929 
421 0.007158 
422 -0.017405 
423 -0.006270 
424 -0.009810 
425 0.132641 
426 -0.025335 
427 0.030419 
428 -0.087836 
429 0.124319 
430 -0.080596 
431 -0.003986 
432 -0.106560 
433 0.073736 
434 0.049311 
435 0.090529 
436 0.024549 
437 -0.012079 
438 -0.063589 
439 -0.002755 
440 -0.007600 
441 0.029490 
442 -0.082827 
443 0.011804 
444 0.022016 
445 0.099228 
446 -0.016897 
447 0.042275 
448 0.026583 
449 0.068599 
450 -0.029181 
451 0.031357 
452 -0.052197 
453 0.059577 
454 -0.076479 
455 0.075590 
456 -0.084459 
457 0.084874 
458 -0.030792 
459 0.068659 
460 -0.038148 
461 0.039820 
462 0.057369 
463 0.071893 
464 0.011244 
465 -0.021654 
466 -0.016763 
467 0.012102 
468 -0.053969 
469 0.016215 
470 0.032699 
471 0.120102 
472 0.022135 
473 -0.025482 
474 -0.018113 
475 0.011294 
476 0.026310 
477 -0.054440 
478 -0.005761 
479 0.010565 
480 0.026588 
481 0.068356 
482 0.047525 
483 0.084012 
484 -0.028377 
485 0.058058 
486 -0.003594 
487 0.019042 
488 -0.053730 
489 -0.025967 
490 0.043641 
491 0.030905 
492 0.016510 
493 -0.023796 
494 0.057196 
495 0.057579 
496 0.006252 
497 -0.027146 
498 0.012086 
499 0.058977 
500 0.040670 
501 0.018581 
502 0.014775 
503 -0.001722 
504 -0.010876 
505 -0.016578 
506 -0.011795 
507 0.028606 
508 0.012039 
509 0.052065 
510 0.021184 
511 0.024543 
512 0.021852 
513 0.008354 
514 0.028552 
515 -0.056787 
516 0.063886 
517 -0.039307 
518 0.051549 
519 -0.051763 
520 0.057868 
521 0.016836 
522 0.049579 
523 0.026380 
524 0.018369 
525 -0.016561 
526 0.009738 
527 -0.004284 
528 0.077499 
529 0.007643 
530 0.094039 
531 0.016088 
532 0.097795 
533 0.000022 
534 -0.037605 
535 -0.039146 
536 -0.033133 
537 0.036362 
538 -0.039614 
539 0.025725 
540 0.039118 
541 0.050489 
542 0.077992 
543 -0.010744 
544 0.102309 
545 -0.047470 
546 0.044961 
547 -0.066074 
548 0.048579 
549 0.006157 
550 0.002273 
551 0.019877 
552 0.026441 
553 0.081702 
554 0.019468 
555 -0.044787 
556 -0.003028 
557 -0.019166 
558 0.070997 
559 -0.056534 
560 0.038710 
561 -0.032004 
562 0.059914 
563 -0.008327 
564 0.014989 
565 0.025834 
566 0.065952 
567 0.033551 
568 0.036050 
569 -0.011319 
570 0.072193 
571 -0.072838 
572 0.013852 
573 -0.078736 
574 0.059217 
575 -0.035372 
576 0.044295 
577 0.030537 
578 0.059865 
579 0.042407 
580 0.007052 
581 -0.021171 
582 -0.010802 
583 -0.046856 
584 0.016417 
585 -0.051111 
586 0.020135 
587 -0.016017 
588 0.087098 
589 0.076850 
590 0.024023 
591 -0.016844 
592 -0.069073 
593 -0.009820 
594 -0.036708 
595 -0.030701 
596 0.002635 
597 0.027834 
598 0.113818 
599 -0.041524 
600 -0.005228 
601 -0.079710 
602 0.028758 
603 -0.018093 
604 -0.035717 
605 -0.043381 
606 -0.026716 
607 0.077596 
608 0.024215 
609 -0.007427 
610 -0.003080 
611 0.027462 
612 0.040411 
613 -0.041732 
614 0.015570 
615 0.027515 
616 -0.010929 
617 -0.048788 
618 -0.067052 
619 0.032028 
620 -0.024285 
621 -0.032731 
622 -0.041267 
623 -0.003691 
624 0.066186 
625 0.006236 
626 0.067839 
627 -0.053875 
628 0.016901 
629 -0.025263 
630 -0.003866 
631 -0.016768 
632 -0.054679 
633 0.032147 
634 0.002474 
635 0.050301 
636 -0.009644 
637 -0.052474 
638 -0.006248 
639 -0.083084 
640 -0.015088 
641 -0.062314 
642 0.036235 
643 0.044442 
644 0.012858 
645 0.085497 
646 -0.080325 
647 0.077629 
648 -0.069836 
649 0.081456 
650 -0.089338 
651 0.001384 
652 -0.022725 
653 -0.010494 
654 -0.007201 
655 -0.035857 
656 0.033229 
657 0.039240 
658 -0.041403 
659 0.020124 
660 -0.050537 
661 0.110924 
662 -0.059343 
663 0.049670 
664 -0.036660 
665 -0.041935 
666 -0.049486 
667 -0.092857 
668 0.059756 
669 -0.033932 
670 0.078988 
671 0.018848 
672 0.041482 
673 0.028852 
674 -0.086876 
675 0.044173 
676 -0.076797 
677 0.038309 
678 -0.162419 
679 -0.003069 
680 0.000853 
681 0.079277 
682 0.013256 
683 -0.012236 
684 -0.019484 
685 0.038925 
686 -0.016816 
687 -0.009191 
688 -0.107550 
689 0.082179 
690 -0.043586 
691 0.057601 
692 -0.055149 
693 0.077334 
694 -0.001462 
695 0.000273 
696 -0.009966 
697 0.014018 
698 -0.028137 
699 -0.067467 
700 -0.077444 
701 0.027823 
702 -0.025308 
703 0.017928 
704 -0.047509 
705 0.073455 
706 0.021706 
707 0.018509 
708 -0.058248 
709 -0.024552 
710 0.028837 
711 -0.007881 
712 -0.072338 
713 -0.050956 
714 -0.020855 
715 0.044115 
716 -0.033552 
717 0.056390 
718 -0.047949 
719 0.047549 
720 -0.089209 
721 0.008848 
722 -0.061445 
723 0.030188 
724 -0.065165 
725 -0.015189 
726 -0.046128 
727 0.053946 
728 -0.010120 
729 0.042275 
730 -0.016886 
731 0.048356 
732 -0.031465 
733 -0.000495 
734 -0.079720 
735 -0.041838 
736 -0.091510 
737 -0.039788 
738 -0.009177 
739 0.044882 
740 0.046915 
741 0.031850 
742 0.057009 
743 0.002638 
744 -0.024775 
745 -0.082775 
746 -0.031443 
747 -0.029331 
748 -0.046694 
749 -0.055831 
750 -0.018312 
751 0.102819 
752 -0.024106 
753 -0.015856 
754 -0.079272 
755 0.061236 
756 -0.065837 
757 -0.050773 
758 -0.057315 
759 0.030915 
760 0.016446 
761 -0.025024 
762 -0.006720 
763 0.042057 
764 0.007609 
765 -0.037238 
766 -0.102601 
767 -0.003606 
768 -0.045986 
769 -0.025711 
770 -0.026900 
771 -0.013423 
772 0.018806 
773 -0.095170 
774 0.019503 
775 -0.065152 
776 0.082237 
777 -0.032875 
778 0.058774 
779 0.001302 
780 -0.026100 
781 -0.038738 
782 -0.084804 
783 0.006636 
784 -0.076528 
785 -0.028030 
786 -0.035709 
787 0.020107 
788 0.061957 
789 -0.017847 
790 0.019270 
791 -0.035175 
792 0.052244 
793 -0.074622 
794 -0.075501 
795 -0.108601 
796 -0.030376 
797 -0.014253 
798 0.029738 
799 0.010377 
800 0.019496 
801 0.002036 
802 -0.005801 
803 -0.039055 
804 -0.026281 
805 0.009920 
806 -0.048299 
807 -0.028832 
808 -0.054471 
809 0.045932 
810 -0.017890 
811 -0.002621 
812 -0.031871 
813 0.001468 
814 0.038031 
815 -0.030582 
816 0.048590 
817 -0.037134 
818 0.030313 
819 -0.094550 
820 0.018924 
821 -0.050271 
822 0.049212 
823 -0.036989 
824 0.071663 
825 -0.016023 
826 0.080524 
827 -0.034535 
828 0.070080 
829 -0.040519 
830 -0.007808 
831 -0.118949 
832 -0.013105 
833 -0.017072 
834 0.025480 
835 0.012497 
836 0.087643 
837 0.051115 
838 0.050604 
839 -0.038671 
840 0.024787 
841 -0.045428 
842 -0.000918 
843 -0.032962 
844 0.027633 
845 0.058765 
846 0.022758 
847 0.059192 
848 -0.024812 
849 0.034392 
850 -0.025205 
851 -0.014320 
852 0.016828 
853 -0.020202 
854 0.123155 
855 -0.029361 
856 0.091780 
857 -0.009593 
858 0.132829 
859 0.017658 
860 0.023672 
861 -0.001583 
862 -0.002540 
863 0.047264 
864 0.019914 
865 0.018322 
866 0.027680 
867 0.007917 
868 0.054846 
869 -0.002942 
870 0.071827 
871 0.045705 
872 0.022990 
873 0.071272 
874 0.018795 
875 0.112748 
876 -0.042491 
877 0.036434 
878 -0.080687 
879 -0.033865 
880 -0.004354 
881 0.015365 
882 0.129487 
883 0.056699 
884 0.108601 
885 0.030634 
886 -0.010150 
887 0.029117 
888 -0.098399 
889 0.067050 
890 -0.109694 
891 0.104349 
892 -0.059526 
893 0.060430 
894 0.030383 
895 0.058524 
896 0.160146 
897 -0.020586 
898 0.060038 
899 -0.102799 
900 0.049269 
901 0.012823 
902 -0.007404 
903 0.036363 
904 -0.024206 
905 0.087363 
906 -0.067142 
907 0.046659 
908 0.025764 
909 0.043548 
910 0.025068 
911 -0.014042 
912 0.072920 
913 0.009402 
914 -0.008889 
915 -0.034829 
916 -0.064270 
917 0.065862 
918 -0.043714 
919 0.056009 
920 -0.008245 
921 0.074929 
922 0.004054 
923 -0.044718 
924 0.033559 
925 -0.004471 
926 0.001103 
927 -0.105675 
928 -0.121971 
929 0.011817 
930 -0.026767 
931 0.130225 
932 -0.034339 
933 0.102245 
934 -0.034685 
935 0.039151 
936 -0.017244 
937 -0.088802 
938 -0.010346 
939 -0.072439 
940 -0.025640 
941 -0.038889 
942 0.001508 
943 0.128938 
944 -0.088284 
945 0.105808 
946 -0.129218 
947 0.087563 
948 -0.170762 
949 0.027041 
950 -0.033031 
951 -0.003942 
952 -0.027929 
953 -0.064408 
954 0.039333 
955 -0.010263 
956 -0.012335 
957 0.022626 
958 -0.043259 
959 0.007583 
960 -0.192786 
961 -0.011556 
962 -0.059205 
963 0.006788 
964 -0.112435 
965 -0.053158 
966 0.057011 
967 0.037655 
968 0.002635 
969 -0.009154 
970 -0.027253 
971 0.050455 
972 -0.128784 
973 0.008607 
974 -0.172921 
975 -0.031403 
976 -0.131855 
977 0.014854 
978 0.044394 
979 0.026740 
980 0.045649 
981 -0.106668 
982 -0.012805 
983 -0.070019 
984 -0.021070 
985 -0.010817 
986 -0.059480 
987 0.017699 
988 -0.089691 
989 0.034295 
990 -0.026459 
991 0.014847 
992 -0.013542 
993 -0.087221 
994 -0.062343 
995 -0.067772 
996 0.022392 
997 0.005800 
998 -0.064022 
999 0.052716 
1000 -0.071467 
1001 0.047248 
1002 -0.163423 
1003 0.042098 
1004 -0.074290 
1005 0.008166 
1006 -0.037848 
1007 -0.011606 
1008 0.025626 
1009 -0.067215 
1010 0.014418 
1011 -0.026282 
1012 -0.033254 
1013 -0.054517 
1014 -0.078117 
1015 0.026557 
1016 -0.034078 
1017 0.032853 
1018 -0.031338 
1019 0.029084 
1020 0.001673 
1021 -0.043670 
1022 -0.057332 
1023 0.028534 
