0 0.000500 
1 0.000366 
2 0.000014 
3 -0.000373 
4 -0.000713 
5 -0.000949 
6 -0.000991 
7 -0.000761 
8 -0.000306 
9 0.000177 
10 0.000542 
11 0.000761 
12 0.000756 
13 0.000498 
14 0.000101 
15 -0.000311 
16 -0.000668 
17 -0.000849 
18 -0.000773 
19 -0.000497 
20 -0.000107 
21 0.000324 
22 0.000659 
23 0.000666 
24 0.000351 
25 -0.000043 
26 -0.000353 
27 -0.000562 
28 -0.000580 
29 -0.000331 
30 0.000107 
31 0.000489 
32 0.000671 
33 0.000694 
34 0.000577 
35 0.000332 
36 0.000083 
37 -0.000058 
38 -0.000160 
39 -0.000309 
40 -0.000317 
41 0.000005 
42 0.000391 
43 0.000424 
44 0.000193 
45 0.000048 
46 -0.000024 
47 -0.000238 
48 -0.000479 
49 -0.000485 
50 -0.000213 
51 0.000172 
52 0.000585 
53 0.000930 
54 0.001034 
55 0.000864 
56 0.000653 
57 0.000586 
58 0.000555 
59 0.000416 
60 0.000247 
61 0.000033 
62 -0.000348 
63 -0.000724 
64 -0.000784 
65 -0.000545 
66 -0.000303 
67 -0.000107 
68 0.000292 
69 0.000894 
70 0.001340 
71 0.001410 
72 0.001154 
73 0.000635 
74 -0.000002 
75 -0.000478 
76 -0.000590 
77 -0.000331 
78 0.000146 
79 0.000754 
80 0.001388 
81 0.001781 
82 0.001720 
83 0.001261 
84 0.000586 
85 -0.000069 
86 -0.000530 
87 -0.000767 
88 -0.000778 
89 -0.000552 
90 -0.000163 
91 0.000232 
92 0.000625 
93 0.001080 
94 0.001522 
95 0.001759 
96 0.001719 
97 0.001465 
98 0.001028 
99 0.000486 
100 0.000107 
101 -0.000056 
102 -0.000319 
103 -0.000743 
104 -0.000890 
105 -0.000522 
106 0.000112 
107 0.000729 
108 0.001167 
109 0.001305 
110 0.001029 
111 0.000523 
112 0.000158 
113 -0.000121 
114 -0.000433 
115 -0.000634 
116 -0.000490 
117 -0.000024 
118 0.000594 
119 0.001174 
120 0.001397 
121 0.001086 
122 0.000656 
123 0.000565 
124 0.000545 
125 0.000036 
126 -0.000882 
127 -0.001579 
128 -0.001544 
129 -0.000883 
130 -0.000037 
131 0.000618 
132 0.000962 
133 0.001048 
134 0.000970 
135 0.000676 
136 0.000143 
137 -0.000466 
138 -0.000860 
139 -0.000718 
140 -0.000006 
141 0.000942 
142 0.001589 
143 0.001658 
144 0.001374 
145 0.000942 
146 0.000424 
147 -0.000152 
148 -0.000617 
149 -0.000864 
150 -0.000849 
151 -0.000549 
152 -0.000214 
153 -0.000223 
154 -0.000440 
155 -0.000343 
156 0.000383 
157 0.001174 
158 0.001223 
159 0.000510 
160 -0.000341 
161 -0.001170 
162 -0.002079 
163 -0.002685 
164 -0.002360 
165 -0.001180 
166 0.000204 
167 0.001626 
168 0.003190 
169 0.004286 
170 0.003906 
171 0.002147 
172 0.000000 
173 -0.001907 
174 -0.003443 
175 -0.004167 
176 -0.003682 
177 -0.002127 
178 -0.000087 
179 0.001980 
180 0.003536 
181 0.003719 
182 0.002141 
183 -0.000367 
184 -0.002584 
185 -0.003784 
186 -0.004004 
187 -0.003465 
188 -0.002057 
189 0.000106 
190 0.002148 
191 0.003119 
192 0.003098 
193 0.002675 
194 0.001916 
195 0.000793 
196 -0.000256 
197 -0.001079 
198 -0.001913 
199 -0.002771 
200 -0.003220 
201 -0.003081 
202 -0.002239 
203 -0.000642 
204 0.001169 
205 0.002344 
206 0.002671 
207 0.002635 
208 0.002616 
209 0.002306 
210 0.001380 
211 -0.000196 
212 -0.001646 
213 -0.002174 
214 -0.001792 
215 -0.000987 
216 0.000173 
217 0.001392 
218 0.002057 
219 0.001886 
220 0.001168 
221 0.000165 
222 -0.001283 
223 -0.002764 
224 -0.003640 
225 -0.004097 
226 -0.004437 
227 -0.003972 
228 -0.002123 
229 0.000349 
230 0.002524 
231 0.004108 
232 0.004987 
233 0.004803 
234 0.003546 
235 0.001506 
236 -0.000861 
237 -0.002765 
238 -0.003593 
239 -0.003231 
240 -0.002251 
241 -0.001567 
242 -0.001123 
243 0.000011 
244 0.002166 
245 0.003876 
246 0.003780 
247 0.002224 
248 0.000192 
249 -0.002127 
250 -0.004384 
251 -0.005188 
252 -0.004042 
253 -0.001824 
254 0.000581 
255 0.003032 
256 0.004992 
257 0.005429 
258 0.003669 
259 0.000718 
260 -0.001670 
261 -0.003153 
262 -0.003908 
263 -0.003483 
264 -0.001698 
265 0.000501 
266 0.002333 
267 0.003692 
268 0.004022 
269 0.002703 
270 0.000686 
271 -0.000352 
272 -0.000471 
273 -0.000566 
274 -0.000312 
275 0.000501 
276 0.001059 
277 0.000769 
278 0.000149 
279 -0.000359 
280 -0.000939 
281 -0.001634 
282 -0.002023 
283 -0.001674 
284 -0.000830 
285 -0.000214 
286 -0.000059 
287 0.000263 
288 0.001294 
289 0.002368 
290 0.002272 
291 0.001093 
292 0.000190 
293 0.000366 
294 0.001508 
295 0.002620 
296 0.002451 
297 0.000613 
298 -0.001492 
299 -0.002015 
300 -0.000917 
301 -0.000142 
302 -0.001270 
303 -0.003257 
304 -0.003838 
305 -0.002268 
306 -0.000045 
307 0.001603 
308 0.002806 
309 0.003685 
310 0.003513 
311 0.002375 
312 0.000975 
313 -0.001002 
314 -0.003761 
315 -0.005574 
316 -0.004438 
317 -0.001001 
318 0.002443 
319 0.004369 
320 0.004560 
321 0.003160 
322 0.000733 
323 -0.001433 
324 -0.002946 
325 -0.004401 
326 -0.005686 
327 -0.005421 
328 -0.002776 
329 0.001063 
330 0.004023 
331 0.005389 
332 0.005478 
333 0.004576 
334 0.003508 
335 0.002398 
336 0.000360 
337 -0.002811 
338 -0.005719 
339 -0.006807 
340 -0.006561 
341 -0.006164 
342 -0.005205 
343 -0.003038 
344 -0.000452 
345 0.002135 
346 0.004782 
347 0.006266 
348 0.004805 
349 0.000756 
350 -0.002991 
351 -0.004702 
352 -0.004547 
353 -0.002757 
354 0.000142 
355 0.002872 
356 0.004922 
357 0.006885 
358 0.008148 
359 0.007152 
360 0.004111 
361 0.000768 
362 -0.002577 
363 -0.006116 
364 -0.008214 
365 -0.007422 
366 -0.004802 
367 -0.002026 
368 0.000543 
369 0.002667 
370 0.003550 
371 0.003831 
372 0.004222 
373 0.003976 
374 0.002594 
375 0.001263 
376 0.000942 
377 0.000990 
378 0.001102 
379 0.001234 
380 0.000778 
381 -0.000430 
382 -0.000837 
383 0.000419 
384 0.001802 
385 0.002058 
386 0.001272 
387 -0.000047 
388 -0.001436 
389 -0.001804 
390 -0.001129 
391 -0.000629 
392 -0.000775 
393 -0.000476 
394 0.001052 
395 0.002963 
396 0.003599 
397 0.002797 
398 0.001956 
399 0.002283 
400 0.003503 
401 0.003802 
402 0.001710 
403 -0.001444 
404 -0.003408 
405 -0.003666 
406 -0.003271 
407 -0.002776 
408 -0.002180 
409 -0.001530 
410 -0.000562 
411 0.001111 
412 0.003130 
413 0.003695 
414 0.001915 
415 -0.001250 
416 -0.003930 
417 -0.005286 
418 -0.005415 
419 -0.004271 
420 -0.002114 
421 -0.000050 
422 0.000940 
423 0.001929 
424 0.003058 
425 0.002712 
426 0.000631 
427 -0.001777 
428 -0.002716 
429 -0.002148 
430 -0.000988 
431 0.000717 
432 0.003450 
433 0.005210 
434 0.003881 
435 0.000237 
436 -0.003198 
437 -0.005717 
438 -0.007900 
439 -0.008708 
440 -0.006416 
441 -0.002437 
442 0.000794 
443 0.003660 
444 0.006770 
445 0.007844 
446 0.005914 
447 0.003031 
448 0.001113 
449 -0.000906 
450 -0.003863 
451 -0.006303 
452 -0.007147 
453 -0.006381 
454 -0.003766 
455 0.000126 
456 0.003138 
457 0.003889 
458 0.003356 
459 0.003054 
460 0.002125 
461 -0.000766 
462 -0.005325 
463 -0.009467 
464 -0.010751 
465 -0.008677 
466 -0.004102 
467 0.001377 
468 0.005660 
469 0.007545 
470 0.007301 
471 0.005556 
472 0.002188 
473 -0.002969 
474 -0.008111 
475 -0.010761 
476 -0.009898 
477 -0.006865 
478 -0.003963 
479 -0.002204 
480 -0.001655 
481 -0.001597 
482 -0.001663 
483 -0.002437 
484 -0.004286 
485 -0.006596 
486 -0.007489 
487 -0.006196 
488 -0.004281 
489 -0.002872 
490 -0.000863 
491 0.002041 
492 0.003326 
493 0.001437 
494 -0.001474 
495 -0.003278 
496 -0.004817 
497 -0.006861 
498 -0.007374 
499 -0.005218 
500 -0.002471 
501 -0.001156 
502 -0.000748 
503 -0.000335 
504 -0.000819 
505 -0.002557 
506 -0.003714 
507 -0.003820 
508 -0.004014 
509 -0.003701 
510 -0.000685 
511 0.003958 
512 0.006446 
513 0.004692 
514 0.000098 
515 -0.004894 
516 -0.009165 
517 -0.012032 
518 -0.012433 
519 -0.009384 
520 -0.003493 
521 0.002715 
522 0.007353 
523 0.010035 
524 0.009785 
525 0.006257 
526 0.001016 
527 -0.004257 
528 -0.008620 
529 -0.010644 
530 -0.009411 
531 -0.005753 
532 -0.000850 
533 0.004330 
534 0.008212 
535 0.008134 
536 0.004226 
537 -0.000531 
538 -0.004146 
539 -0.006456 
540 -0.006552 
541 -0.003651 
542 0.001312 
543 0.005506 
544 0.007406 
545 0.007577 
546 0.006318 
547 0.003770 
548 0.001211 
549 -0.000194 
550 -0.001213 
551 -0.002763 
552 -0.002886 
553 0.000403 
554 0.004287 
555 0.004480 
556 0.002039 
557 0.000628 
558 0.000043 
559 -0.001960 
560 -0.004240 
561 -0.004251 
562 -0.001645 
563 0.001958 
564 0.005760 
565 0.008855 
566 0.009679 
567 0.008025 
568 0.006126 
569 0.005585 
570 0.005287 
571 0.004002 
572 0.002535 
573 0.000738 
574 -0.002430 
575 -0.005441 
576 -0.005770 
577 -0.003741 
578 -0.001859 
579 -0.000422 
580 0.002640 
581 0.007245 
582 0.010574 
583 0.011044 
584 0.009069 
585 0.005160 
586 0.000491 
587 -0.002841 
588 -0.003484 
589 -0.001584 
590 0.001703 
591 0.005831 
592 0.010043 
593 0.012445 
594 0.011734 
595 0.008556 
596 0.004171 
597 0.000074 
598 -0.002705 
599 -0.004035 
600 -0.004026 
601 -0.002697 
602 -0.000436 
603 0.001824 
604 0.004023 
605 0.006580 
606 0.009111 
607 0.010480 
608 0.010248 
609 0.008832 
610 0.006392 
611 0.003336 
612 0.001191 
613 0.000293 
614 -0.001102 
615 -0.003360 
616 -0.004134 
617 -0.002216 
618 0.001016 
619 0.004039 
620 0.006048 
621 0.006487 
622 0.004935 
623 0.002459 
624 0.000878 
625 -0.000210 
626 -0.001480 
627 -0.002318 
628 -0.001680 
629 0.000311 
630 0.002920 
631 0.005285 
632 0.006024 
633 0.004508 
634 0.002674 
635 0.002406 
636 0.002441 
637 0.000436 
638 -0.003216 
639 -0.005979 
640 -0.005825 
641 -0.003192 
642 0.000109 
643 0.002541 
644 0.003701 
645 0.003917 
646 0.003565 
647 0.002421 
648 0.000429 
649 -0.001777 
650 -0.003174 
651 -0.002615 
652 0.000012 
653 0.003479 
654 0.005814 
655 0.006029 
656 0.004955 
657 0.003364 
658 0.001514 
659 -0.000487 
660 -0.002082 
661 -0.002928 
662 -0.002881 
663 -0.001875 
664 -0.000699 
665 -0.000555 
666 -0.001066 
667 -0.000709 
668 0.001397 
669 0.003557 
670 0.003477 
671 0.001241 
672 -0.001277 
673 -0.003587 
674 -0.005976 
675 -0.007448 
676 -0.006428 
677 -0.003221 
678 0.000425 
679 0.004088 
680 0.008024 
681 0.010685 
682 0.009588 
683 0.005082 
684 -0.000280 
685 -0.004902 
686 -0.008476 
687 -0.010025 
688 -0.008712 
689 -0.004970 
690 -0.000237 
691 0.004424 
692 0.007816 
693 0.008076 
694 0.004446 
695 -0.001130 
696 -0.005927 
697 -0.008407 
698 -0.008714 
699 -0.007394 
700 -0.004312 
701 0.000192 
702 0.004305 
703 0.006167 
704 0.006005 
705 0.005014 
706 0.003389 
707 0.001172 
708 -0.000770 
709 -0.002198 
710 -0.003604 
711 -0.005038 
712 -0.005749 
713 -0.005442 
714 -0.003907 
715 -0.001103 
716 0.001964 
717 0.003846 
718 0.004285 
719 0.004147 
720 0.004066 
721 0.003538 
722 0.002061 
723 -0.000427 
724 -0.002694 
725 -0.003452 
726 -0.002719 
727 -0.001338 
728 0.000484 
729 0.002248 
730 0.003063 
731 0.002595 
732 0.001377 
733 -0.000135 
734 -0.002159 
735 -0.004128 
736 -0.005160 
737 -0.005554 
738 -0.005806 
739 -0.005046 
740 -0.002541 
741 0.000652 
742 0.003354 
743 0.005270 
744 0.006319 
745 0.006032 
746 0.004386 
747 0.001794 
748 -0.001119 
749 -0.003366 
750 -0.004247 
751 -0.003687 
752 -0.002440 
753 -0.001628 
754 -0.001148 
755 0.000111 
756 0.002508 
757 0.004361 
758 0.004183 
759 0.002424 
760 0.000205 
761 -0.002243 
762 -0.004541 
763 -0.005279 
764 -0.004019 
765 -0.001705 
766 0.000774 
767 0.003262 
768 0.005180 
769 0.005500 
770 0.003647 
771 0.000705 
772 -0.001600 
773 -0.002974 
774 -0.003627 
775 -0.003175 
776 -0.001479 
777 0.000570 
778 0.002230 
779 0.003402 
780 0.003617 
781 0.002390 
782 0.000604 
783 -0.000294 
784 -0.000369 
785 -0.000399 
786 -0.000150 
787 0.000526 
788 0.000979 
789 0.000730 
790 0.000188 
791 -0.000279 
792 -0.000773 
793 -0.001301 
794 -0.001543 
795 -0.001186 
796 -0.000443 
797 0.000096 
798 0.000207 
799 0.000366 
800 0.000984 
801 0.001622 
802 0.001466 
803 0.000610 
804 0.000005 
805 0.000195 
806 0.001073 
807 0.001920 
808 0.001860 
809 0.000642 
810 -0.000784 
811 -0.001225 
812 -0.000671 
813 -0.000300 
814 -0.001031 
815 -0.002206 
816 -0.002465 
817 -0.001397 
818 0.000047 
819 0.001076 
820 0.001742 
821 0.002155 
822 0.001950 
823 0.001204 
824 0.000348 
825 -0.000753 
826 -0.002205 
827 -0.003100 
828 -0.002411 
829 -0.000528 
830 0.001288 
831 0.002241 
832 0.002276 
833 0.001531 
834 0.000305 
835 -0.000768 
836 -0.001497 
837 -0.002185 
838 -0.002793 
839 -0.002661 
840 -0.001405 
841 0.000403 
842 0.001790 
843 0.002426 
844 0.002454 
845 0.002011 
846 0.001491 
847 0.000979 
848 0.000107 
849 -0.001215 
850 -0.002412 
851 -0.002853 
852 -0.002745 
853 -0.002564 
854 -0.002141 
855 -0.001247 
856 -0.000227 
857 0.000748 
858 0.001715 
859 0.002236 
860 0.001675 
861 0.000192 
862 -0.001152 
863 -0.001747 
864 -0.001669 
865 -0.001010 
866 0.000021 
867 0.000956 
868 0.001616 
869 0.002217 
870 0.002566 
871 0.002182 
872 0.001190 
873 0.000168 
874 -0.000834 
875 -0.001906 
876 -0.002526 
877 -0.002256 
878 -0.001462 
879 -0.000659 
880 0.000071 
881 0.000673 
882 0.000909 
883 0.000982 
884 0.001111 
885 0.001069 
886 0.000695 
887 0.000332 
888 0.000255 
889 0.000274 
890 0.000291 
891 0.000308 
892 0.000183 
893 -0.000127 
894 -0.000230 
895 0.000086 
896 0.000427 
897 0.000475 
898 0.000265 
899 -0.000060 
900 -0.000384 
901 -0.000458 
902 -0.000288 
903 -0.000159 
904 -0.000178 
905 -0.000099 
906 0.000244 
907 0.000655 
908 0.000768 
909 0.000563 
910 0.000352 
911 0.000397 
912 0.000638 
913 0.000708 
914 0.000325 
915 -0.000248 
916 -0.000583 
917 -0.000605 
918 -0.000531 
919 -0.000464 
920 -0.000398 
921 -0.000325 
922 -0.000179 
923 0.000122 
924 0.000492 
925 0.000616 
926 0.000344 
927 -0.000155 
928 -0.000573 
929 -0.000785 
930 -0.000808 
931 -0.000635 
932 -0.000305 
933 0.000014 
934 0.000169 
935 0.000328 
936 0.000503 
937 0.000449 
938 0.000134 
939 -0.000221 
940 -0.000353 
941 -0.000263 
942 -0.000091 
943 0.000150 
944 0.000528 
945 0.000763 
946 0.000571 
947 0.000067 
948 -0.000397 
949 -0.000725 
950 -0.000999 
951 -0.001095 
952 -0.000796 
953 -0.000290 
954 0.000114 
955 0.000472 
956 0.000860 
957 0.000996 
958 0.000767 
959 0.000425 
960 0.000196 
961 -0.000050 
962 -0.000406 
963 -0.000697 
964 -0.000795 
965 -0.000703 
966 -0.000402 
967 0.000039 
968 0.000380 
969 0.000472 
970 0.000416 
971 0.000379 
972 0.000268 
973 -0.000052 
974 -0.000537 
975 -0.000964 
976 -0.001084 
977 -0.000858 
978 -0.000383 
979 0.000176 
980 0.000608 
981 0.000799 
982 0.000775 
983 0.000596 
984 0.000256 
985 -0.000252 
986 -0.000746 
987 -0.000990 
988 -0.000894 
989 -0.000592 
990 -0.000308 
991 -0.000142 
992 -0.000095 
993 -0.000098 
994 -0.000113 
995 -0.000190 
996 -0.000359 
997 -0.000563 
998 -0.000637 
999 -0.000521 
1000 -0.000353 
1001 -0.000228 
1002 -0.000052 
1003 0.000200 
1004 0.000313 
1005 0.000158 
1006 -0.000086 
1007 -0.000240 
1008 -0.000371 
1009 -0.000540 
1010 -0.000580 
1011 -0.000405 
1012 -0.000184 
1013 -0.000078 
1014 -0.000040 
1015 0.000002 
1016 -0.000029 
1017 -0.000167 
1018 -0.000270 
1019 -0.000294 
1020 -0.000325 
1021 -0.000310 
1022 -0.000072 
1023 0.000305 
