0 0.052623 
1 0.151351 
2 -0.041215 
3 0.161539 
4 -0.030040 
5 0.095200 
6 0.027624 
7 -0.117145 
8 0.085409 
9 -0.111530 
10 0.055309 
11 -0.046903 
12 0.125215 
13 0.124153 
14 -0.117990 
15 0.029709 
16 0.010921 
17 0.004079 
18 0.075196 
19 -0.192850 
20 0.201855 
21 -0.074877 
22 0.060940 
23 0.062758 
24 -0.027450 
25 -0.006500 
26 0.109610 
27 -0.080375 
28 0.141549 
29 -0.151578 
30 0.083132 
31 -0.090627 
32 0.127176 
33 -0.007631 
34 0.048759 
35 -0.080640 
36 0.086793 
37 0.032786 
38 -0.054457 
39 0.073869 
40 -0.054298 
41 0.007097 
42 0.051507 
43 -0.138952 
44 0.009020 
45 -0.103563 
46 0.038258 
47 0.101103 
48 -0.013846 
49 0.126826 
50 -0.089053 
51 0.235890 
52 -0.000331 
53 -0.081220 
54 0.096478 
55 -0.209573 
56 0.127713 
57 -0.032392 
58 -0.004333 
59 0.039384 
60 -0.054420 
61 0.127357 
62 0.000062 
63 0.021862 
64 -0.134142 
65 -0.081657 
66 -0.005962 
67 -0.004175 
68 0.125772 
69 0.037121 
70 0.093892 
71 0.040127 
72 0.027244 
73 0.054855 
74 -0.025354 
75 0.033075 
76 -0.173780 
77 -0.136062 
78 -0.048809 
79 -0.094891 
80 0.224907 
81 0.034607 
82 0.159375 
83 0.062865 
84 -0.014841 
85 0.125399 
86 -0.200360 
87 0.002393 
88 -0.150718 
89 -0.056124 
90 0.127247 
91 -0.054769 
92 0.091828 
93 0.127198 
94 -0.016896 
95 0.219932 
96 -0.160115 
97 -0.000634 
98 -0.125314 
99 -0.082449 
100 -0.045262 
101 -0.048451 
102 0.069708 
103 -0.104685 
104 0.117958 
105 0.069078 
106 0.177203 
107 0.109256 
108 -0.075181 
109 0.079646 
110 -0.147711 
111 -0.007982 
112 -0.055997 
113 -0.202088 
114 0.086983 
115 -0.222683 
116 0.148911 
117 -0.020141 
118 0.006428 
119 0.141527 
120 0.025701 
121 0.057569 
122 0.003713 
123 -0.021584 
124 0.001878 
125 -0.192509 
126 0.004416 
127 -0.143591 
128 0.038759 
129 -0.012603 
130 0.098060 
131 -0.064581 
132 0.053049 
133 -0.041846 
134 0.035273 
135 -0.002757 
136 -0.118572 
137 0.013494 
138 -0.004960 
139 -0.024344 
140 0.161041 
141 -0.080006 
142 0.008751 
143 -0.068261 
144 -0.176924 
145 0.029207 
146 -0.153143 
147 -0.024614 
148 -0.002280 
149 0.037548 
150 0.222743 
151 -0.014978 
152 -0.031221 
153 0.016058 
154 -0.062219 
155 -0.009071 
156 -0.163528 
157 -0.208967 
158 0.041341 
159 -0.152561 
160 0.134139 
161 -0.026156 
162 0.071744 
163 -0.016952 
164 0.079302 
165 0.097935 
166 -0.006442 
167 -0.124706 
168 -0.131147 
169 -0.162156 
170 -0.006781 
171 -0.020108 
172 -0.009581 
173 0.045695 
174 0.026204 
175 -0.104880 
176 0.047353 
177 -0.072432 
178 0.030891 
179 -0.045605 
180 -0.113521 
181 0.074306 
182 -0.138325 
183 -0.018051 
184 -0.016262 
185 -0.075930 
186 0.115599 
187 -0.215968 
188 0.171232 
189 -0.067380 
190 -0.040744 
191 -0.034619 
192 0.034852 
193 -0.005396 
194 -0.041992 
195 -0.243130 
196 -0.030018 
197 -0.149227 
198 0.004334 
199 0.089011 
200 0.107344 
201 0.077143 
202 -0.033231 
203 -0.013938 
204 0.088018 
205 -0.056089 
206 -0.196637 
207 -0.110522 
208 -0.125297 
209 -0.012320 
210 -0.034815 
211 -0.091782 
212 0.086117 
213 -0.014177 
214 0.051365 
215 0.160173 
216 -0.073789 
217 0.020262 
218 -0.097995 
219 0.038754 
220 0.025292 
221 -0.243982 
222 -0.105753 
223 -0.101965 
224 -0.066806 
225 -0.018117 
226 -0.022162 
227 0.091150 
228 0.130329 
229 -0.043202 
230 0.106583 
231 -0.073808 
232 -0.031124 
233 -0.028739 
234 -0.173866 
235 -0.230444 
236 -0.052728 
237 -0.038771 
238 0.096082 
239 0.140812 
240 0.051652 
241 0.130044 
242 0.029820 
243 -0.115734 
244 -0.058469 
245 -0.294880 
246 -0.002481 
247 -0.186801 
248 0.048097 
249 -0.097283 
250 0.149545 
251 0.057553 
252 0.184615 
253 -0.108848 
254 0.156270 
255 -0.231069 
256 -0.014634 
257 -0.145970 
258 0.019226 
259 -0.025745 
260 -0.087513 
261 -0.019269 
262 0.080128 
263 0.075979 
264 0.091665 
265 -0.117156 
266 -0.004624 
267 -0.010709 
268 -0.069258 
269 -0.005178 
270 0.029985 
271 -0.091934 
272 0.021474 
273 -0.096290 
274 0.003369 
275 0.038778 
276 -0.210815 
277 0.098793 
278 -0.083752 
279 0.014092 
280 0.019188 
281 0.032809 
282 0.147876 
283 -0.044847 
284 0.097378 
285 0.005088 
286 -0.176742 
287 -0.039611 
288 -0.168180 
289 0.037269 
290 -0.059293 
291 -0.140146 
292 0.141260 
293 -0.083816 
294 0.094489 
295 0.034117 
296 0.064624 
297 0.096700 
298 -0.030255 
299 -0.037540 
300 -0.060551 
301 -0.095328 
302 0.010132 
303 -0.065535 
304 -0.116637 
305 -0.045107 
306 -0.012372 
307 0.044102 
308 0.116815 
309 0.035665 
310 0.022686 
311 0.105439 
312 -0.085314 
313 0.014395 
314 -0.065617 
315 -0.211520 
316 0.122743 
317 -0.135152 
318 0.181733 
319 -0.069899 
320 0.074973 
321 0.092131 
322 -0.025129 
323 0.080332 
324 -0.124485 
325 -0.189737 
326 0.042709 
327 -0.179479 
328 0.113849 
329 -0.055162 
330 0.041694 
331 0.149339 
332 0.001451 
333 0.076829 
334 -0.028103 
335 -0.053700 
336 -0.003108 
337 -0.106766 
338 -0.029679 
339 -0.089833 
340 0.031252 
341 0.013092 
342 0.101049 
343 0.023358 
344 0.079821 
345 0.082118 
346 -0.097811 
347 0.083652 
348 -0.198207 
349 0.030185 
350 0.034291 
351 -0.161053 
352 0.117280 
353 -0.132645 
354 0.179048 
355 0.009380 
356 0.054159 
357 0.063169 
358 -0.071691 
359 -0.039216 
360 -0.003034 
361 -0.004762 
362 0.073557 
363 -0.158082 
364 0.086340 
365 -0.066990 
366 0.126773 
367 0.067370 
368 0.064243 
369 -0.010833 
370 -0.108067 
371 0.095441 
372 -0.123108 
373 0.032359 
374 -0.126435 
375 -0.025018 
376 0.150452 
377 -0.014355 
378 0.054582 
379 -0.005236 
380 0.080197 
381 0.116781 
382 -0.025944 
383 0.013935 
384 -0.037838 
385 -0.129158 
386 0.095380 
387 -0.163946 
388 0.157792 
389 -0.096674 
390 0.010539 
391 0.077796 
392 0.025649 
393 0.054087 
394 -0.007851 
395 0.103725 
396 0.030211 
397 -0.078431 
398 0.062943 
399 0.022781 
400 0.119082 
401 -0.029326 
402 -0.029042 
403 -0.062604 
404 -0.091432 
405 0.027364 
406 -0.064994 
407 0.076797 
408 -0.111524 
409 0.183054 
410 0.108641 
411 0.089863 
412 0.110531 
413 -0.109638 
414 0.096008 
415 -0.006727 
416 -0.110184 
417 -0.067538 
418 -0.251045 
419 0.128787 
420 -0.032150 
421 0.169137 
422 0.167840 
423 -0.028833 
424 0.161840 
425 -0.041485 
426 0.155097 
427 0.015132 
428 -0.147763 
429 -0.088035 
430 -0.061026 
431 -0.013989 
432 -0.023455 
433 0.023307 
434 0.121378 
435 0.015761 
436 0.085699 
437 -0.008689 
438 0.074866 
439 -0.012040 
440 0.011470 
441 0.051612 
442 -0.011821 
443 -0.006602 
444 -0.140398 
445 -0.011219 
446 0.083971 
447 -0.094705 
448 0.168546 
449 -0.007050 
450 0.108234 
451 0.027838 
452 -0.003348 
453 0.074979 
454 0.076269 
455 -0.143139 
456 0.021197 
457 -0.152347 
458 0.092676 
459 -0.143865 
460 0.163559 
461 0.119165 
462 0.022679 
463 0.021660 
464 0.094726 
465 0.040259 
466 -0.008085 
467 -0.139728 
468 0.031591 
469 -0.042642 
470 -0.015287 
471 -0.007318 
472 0.036456 
473 -0.005212 
474 0.102784 
475 0.055452 
476 0.120840 
477 -0.039603 
478 -0.051361 
479 0.038511 
480 0.053330 
481 0.085073 
482 -0.046537 
483 -0.071153 
484 0.075417 
485 -0.052172 
486 -0.058159 
487 -0.030395 
488 -0.021624 
489 0.077403 
490 0.014514 
491 0.023073 
492 0.126204 
493 -0.023807 
494 0.067644 
495 -0.065124 
496 0.156689 
497 -0.099669 
498 -0.030892 
499 0.062401 
500 -0.025838 
501 0.024949 
502 -0.021161 
503 0.056867 
504 -0.032554 
505 -0.023350 
506 -0.061265 
507 0.130132 
508 0.053136 
509 0.011536 
510 0.047187 
511 0.079847 
512 0.037568 
513 -0.051659 
514 -0.044994 
515 -0.020600 
516 -0.071781 
517 -0.095389 
518 0.126033 
519 0.019920 
520 0.083590 
521 -0.120149 
522 0.087763 
523 0.086583 
524 0.083813 
525 -0.117665 
526 0.071987 
527 -0.154204 
528 0.073509 
529 -0.042698 
530 0.175040 
531 -0.010939 
532 0.044397 
533 0.008843 
534 -0.023684 
535 0.004280 
536 -0.121844 
537 -0.040635 
538 0.016314 
539 0.023175 
540 0.013958 
541 -0.023840 
542 0.097217 
543 0.101200 
544 0.111120 
545 -0.061119 
546 0.003784 
547 -0.065978 
548 -0.162636 
549 -0.005263 
550 -0.062157 
551 0.026585 
552 0.019516 
553 -0.008670 
554 0.201898 
555 -0.041699 
556 0.108048 
557 0.035098 
558 0.061431 
559 -0.052041 
560 -0.180113 
561 -0.068930 
562 0.054204 
563 -0.107068 
564 0.077234 
565 0.001502 
566 0.110057 
567 0.027413 
568 0.101565 
569 -0.083502 
570 0.022666 
571 -0.117614 
572 0.006145 
573 0.022337 
574 -0.033677 
575 -0.042340 
576 -0.023140 
577 0.042892 
578 0.269202 
579 -0.133647 
580 0.132225 
581 -0.136925 
582 0.055884 
583 -0.017760 
584 -0.137472 
585 -0.037437 
586 -0.038220 
587 -0.048969 
588 0.172108 
589 -0.047862 
590 0.173591 
591 -0.068689 
592 0.128874 
593 -0.031900 
594 -0.026401 
595 -0.115892 
596 -0.083866 
597 -0.069722 
598 0.073735 
599 -0.075940 
600 0.108528 
601 -0.036085 
602 0.115736 
603 -0.091581 
604 0.049525 
605 -0.053673 
606 0.014670 
607 -0.111351 
608 -0.050090 
609 0.137970 
610 -0.002359 
611 0.138575 
612 0.018544 
613 0.057518 
614 0.038202 
615 -0.163764 
616 0.043671 
617 -0.138229 
618 -0.106235 
619 -0.094467 
620 -0.091199 
621 0.108548 
622 0.150112 
623 0.025181 
624 0.205425 
625 -0.085706 
626 0.041457 
627 -0.039841 
628 -0.060573 
629 -0.032553 
630 -0.160855 
631 -0.107914 
632 -0.054793 
633 0.057666 
634 0.064379 
635 0.003767 
636 0.174104 
637 0.041283 
638 0.065691 
639 -0.202896 
640 0.045707 
641 -0.144930 
642 0.050427 
643 -0.043293 
644 -0.012132 
645 -0.018726 
646 -0.003736 
647 0.133236 
648 0.119732 
649 -0.099477 
650 0.045577 
651 -0.299891 
652 0.104701 
653 -0.194630 
654 0.029555 
655 -0.009971 
656 0.100782 
657 0.130255 
658 0.097741 
659 -0.053387 
660 0.163842 
661 -0.118333 
662 0.053749 
663 -0.271381 
664 -0.001639 
665 -0.211224 
666 -0.019082 
667 -0.044880 
668 0.110060 
669 0.133857 
670 0.032603 
671 0.169147 
672 0.127802 
673 -0.079067 
674 -0.028443 
675 -0.141618 
676 0.073821 
677 -0.148106 
678 -0.165438 
679 -0.057121 
680 -0.040994 
681 0.125881 
682 0.042851 
683 0.050541 
684 0.143682 
685 -0.123494 
686 0.138506 
687 -0.111758 
688 0.030423 
689 -0.127605 
690 0.039699 
691 0.041904 
692 0.016477 
693 -0.141054 
694 0.008832 
695 0.106460 
696 0.087414 
697 -0.057165 
698 -0.082400 
699 -0.037048 
700 -0.043281 
701 -0.062555 
702 0.088177 
703 0.102933 
704 0.002719 
705 -0.044184 
706 0.004863 
707 0.027662 
708 0.079081 
709 -0.127032 
710 0.029189 
711 -0.094188 
712 0.080240 
713 -0.116446 
714 0.065582 
715 0.050477 
716 -0.015574 
717 -0.023500 
718 0.016171 
719 -0.003399 
720 0.028870 
721 -0.123207 
722 0.180942 
723 0.032338 
724 0.006976 
725 -0.011441 
726 0.063291 
727 -0.062310 
728 -0.075305 
729 -0.127257 
730 0.132352 
731 -0.026323 
732 -0.051269 
733 0.047454 
734 0.118124 
735 -0.025245 
736 0.027867 
737 -0.006158 
738 0.057010 
739 -0.021256 
740 -0.077156 
741 0.119876 
742 -0.066264 
743 -0.032257 
744 -0.038010 
745 0.085688 
746 0.095475 
747 -0.131952 
748 -0.086780 
749 -0.005843 
750 0.105530 
751 0.092585 
752 0.049009 
753 0.104166 
754 0.065997 
755 -0.092221 
756 0.038532 
757 0.014051 
758 0.039246 
759 -0.109413 
760 -0.116566 
761 0.052810 
762 0.010619 
763 -0.077806 
764 0.108309 
765 0.013407 
766 0.094956 
767 0.028667 
768 -0.005226 
769 0.216096 
770 -0.064172 
771 0.068619 
772 0.013519 
773 0.014934 
774 0.074989 
775 -0.114351 
776 -0.055876 
777 0.002899 
778 -0.054992 
779 0.050316 
780 0.145639 
781 0.008436 
782 0.054044 
783 -0.113832 
784 0.213742 
785 0.060768 
786 -0.017526 
787 -0.008006 
788 0.103425 
789 0.028031 
790 0.064784 
791 -0.086723 
792 0.067631 
793 -0.001633 
794 -0.036182 
795 -0.032238 
796 -0.013819 
797 -0.178827 
798 0.065120 
799 0.082586 
800 0.273267 
801 0.146002 
802 0.087847 
803 0.073465 
804 0.084719 
805 -0.048985 
806 0.002956 
807 -0.143597 
808 -0.102431 
809 -0.030957 
810 -0.088916 
811 0.073429 
812 0.097713 
813 0.123865 
814 0.207026 
815 0.057405 
816 0.228612 
817 -0.118958 
818 0.017296 
819 -0.084337 
820 -0.012050 
821 -0.073066 
822 -0.070271 
823 0.076752 
824 0.162511 
825 -0.008948 
826 0.194857 
827 0.006090 
828 0.183570 
829 0.010156 
830 -0.057740 
831 -0.033373 
832 -0.045755 
833 0.021231 
834 0.031123 
835 0.115690 
836 0.034673 
837 0.149735 
838 0.057541 
839 0.055894 
840 0.047301 
841 -0.166222 
842 0.072343 
843 0.031517 
844 0.017965 
845 -0.016468 
846 -0.050371 
847 0.145874 
848 0.159035 
849 0.027231 
850 0.191934 
851 -0.102918 
852 0.158963 
853 -0.162404 
854 0.071209 
855 -0.073409 
856 0.074390 
857 -0.045170 
858 0.157397 
859 -0.013759 
860 0.195979 
861 -0.030725 
862 0.182697 
863 -0.063036 
864 0.158241 
865 -0.100615 
866 0.106581 
867 -0.182190 
868 0.124222 
869 -0.033757 
870 0.189853 
871 0.093060 
872 0.080046 
873 0.044959 
874 0.067828 
875 0.035331 
876 -0.044579 
877 -0.107787 
878 0.120155 
879 -0.129723 
880 0.117341 
881 -0.003454 
882 0.129841 
883 0.191571 
884 0.099910 
885 0.133186 
886 0.034137 
887 -0.094145 
888 0.040681 
889 -0.185319 
890 0.096935 
891 -0.101145 
892 0.183948 
893 -0.071930 
894 0.195481 
895 -0.016938 
896 0.120868 
897 0.146690 
898 0.131470 
899 0.105615 
900 -0.028633 
901 -0.175643 
902 0.211293 
903 -0.115559 
904 0.181362 
905 -0.078723 
906 -0.016135 
907 0.064094 
908 -0.016951 
909 0.185376 
910 0.035511 
911 -0.064958 
912 0.179958 
913 -0.094244 
914 0.249940 
915 -0.129455 
916 0.168966 
917 0.098052 
918 0.111638 
919 0.016051 
920 0.058438 
921 -0.182882 
922 0.173896 
923 -0.203148 
924 0.240326 
925 -0.200410 
926 0.227380 
927 0.077248 
928 0.237908 
929 -0.037474 
930 0.167075 
931 -0.082542 
932 0.156103 
933 -0.174575 
934 0.063279 
935 -0.094405 
936 0.110175 
937 0.004632 
938 0.108020 
939 0.018103 
940 0.181252 
941 0.088351 
942 0.093022 
943 0.011667 
944 0.055526 
945 -0.085672 
946 0.172062 
947 -0.028589 
948 0.073080 
949 -0.015844 
950 0.097812 
951 0.011526 
952 0.058829 
953 0.013917 
954 0.016677 
955 0.092075 
956 0.022672 
957 0.075762 
958 0.010311 
959 0.095277 
960 0.025318 
961 -0.077017 
962 0.114666 
963 0.009177 
964 0.152115 
965 -0.109897 
966 0.061945 
967 0.137523 
968 0.113836 
969 0.006745 
970 -0.007278 
971 0.062743 
972 0.034169 
973 -0.111874 
974 0.116322 
975 0.000116 
976 0.121080 
977 0.000661 
978 0.049730 
979 0.101719 
980 -0.115562 
981 0.147406 
982 0.139761 
983 -0.013071 
984 -0.066690 
985 -0.069616 
986 0.158871 
987 -0.022877 
988 -0.018340 
989 -0.054187 
990 0.092915 
991 0.020984 
992 0.067706 
993 -0.076021 
994 0.134888 
995 0.062261 
996 0.082781 
997 0.020352 
998 0.086286 
999 -0.093734 
1000 0.048380 
1001 0.007323 
1002 0.082251 
1003 0.020977 
1004 -0.166540 
1005 0.091117 
1006 0.143006 
1007 -0.057368 
1008 0.049422 
1009 -0.136040 
1010 0.171159 
1011 -0.076941 
1012 -0.016563 
1013 0.059787 
1014 0.083962 
1015 0.147340 
1016 0.074124 
1017 0.032997 
1018 0.048431 
1019 -0.133005 
1020 -0.015244 
1021 -0.068336 
1022 0.042392 
1023 -0.086461 
