0 0.024622 
1 0.007039 
2 -0.012857 
3 -0.026261 
4 0.020455 
5 0.025700 
6 0.049241 
7 0.080914 
8 0.053232 
9 0.120574 
10 -0.005517 
11 0.093972 
12 -0.069956 
13 0.049934 
14 -0.086001 
15 0.031845 
16 -0.027855 
17 0.033636 
18 0.015368 
19 0.039760 
20 0.054056 
21 0.072375 
22 0.054276 
23 0.111772 
24 0.011100 
25 0.076685 
26 -0.084316 
27 0.020801 
28 -0.129426 
29 -0.022791 
30 -0.057361 
31 0.048569 
32 0.084551 
33 0.064256 
34 0.128104 
35 0.029488 
36 0.087718 
37 -0.033082 
38 0.019178 
39 -0.035122 
40 -0.025434 
41 -0.007238 
42 -0.035629 
43 0.044288 
44 -0.041828 
45 0.076495 
46 -0.032551 
47 0.114826 
48 -0.030428 
49 0.126520 
50 -0.047571 
51 0.105205 
52 -0.071400 
53 0.082033 
54 -0.056854 
55 0.042774 
56 -0.030572 
57 -0.004182 
58 0.010391 
59 -0.024829 
60 0.056689 
61 -0.000532 
62 0.070893 
63 0.017234 
64 0.022582 
65 0.022609 
66 -0.048892 
67 0.022868 
68 -0.085594 
69 0.045398 
70 -0.037462 
71 0.074260 
72 0.022396 
73 0.074236 
74 0.054982 
75 0.057482 
76 0.024180 
77 0.026019 
78 -0.045141 
79 0.011897 
80 -0.116697 
81 0.046666 
82 -0.114628 
83 0.093892 
84 -0.077973 
85 0.128659 
86 0.008949 
87 0.134842 
88 0.054157 
89 0.055656 
90 0.014091 
91 -0.066152 
92 -0.059303 
93 -0.093015 
94 -0.005722 
95 0.024563 
96 0.044914 
97 0.064055 
98 0.028529 
99 0.060057 
100 0.037699 
101 0.066354 
102 0.052983 
103 0.007096 
104 -0.022950 
105 -0.113953 
106 -0.108079 
107 -0.101242 
108 -0.024314 
109 0.101063 
110 0.117522 
111 0.216320 
112 0.086630 
113 0.140646 
114 -0.099845 
115 -0.066210 
116 -0.225191 
117 -0.058389 
118 -0.084101 
119 0.118878 
120 0.080432 
121 0.138623 
122 -0.027573 
123 -0.008820 
124 -0.068278 
125 0.029663 
126 0.023172 
127 0.060876 
128 0.044708 
129 0.044830 
130 0.021804 
131 0.015172 
132 -0.001641 
133 0.037112 
134 -0.013460 
135 0.061206 
136 -0.026414 
137 0.069870 
138 -0.048962 
139 0.027739 
140 -0.072287 
141 0.009863 
142 -0.005359 
143 0.055506 
144 0.073945 
145 0.060845 
146 0.053830 
147 -0.000602 
148 -0.041744 
149 -0.047951 
150 -0.079188 
151 0.032449 
152 -0.005047 
153 0.124876 
154 0.045198 
155 0.117979 
156 0.010207 
157 -0.003112 
158 -0.046861 
159 -0.075595 
160 -0.018330 
161 -0.056446 
162 0.044873 
163 0.001726 
164 0.060801 
165 0.029580 
166 0.040257 
167 0.041328 
168 0.031845 
169 0.033483 
170 0.015063 
171 -0.038237 
172 0.008382 
173 -0.091402 
174 0.029119 
175 -0.083888 
176 0.092765 
177 -0.014755 
178 0.082543 
179 0.019545 
180 0.019340 
181 0.053354 
182 -0.071127 
183 0.076981 
184 -0.105548 
185 0.124962 
186 -0.099879 
187 0.143915 
188 -0.082209 
189 0.097955 
190 -0.096378 
191 0.041008 
192 -0.093311 
193 0.033409 
194 -0.024920 
195 0.114652 
196 0.013682 
197 0.126816 
198 -0.030556 
199 0.078214 
200 -0.114328 
201 0.038596 
202 -0.095251 
203 0.067660 
204 -0.023496 
205 0.076930 
206 0.037390 
207 0.037252 
208 0.042708 
209 -0.021409 
210 0.074016 
211 -0.031203 
212 0.098949 
213 -0.052971 
214 0.085406 
215 -0.085875 
216 0.051252 
217 -0.076512 
218 0.081486 
219 -0.001683 
220 0.115049 
221 0.039150 
222 0.079546 
223 -0.000800 
224 -0.002159 
225 -0.026792 
226 -0.028264 
227 -0.001772 
228 0.006872 
229 0.090486 
230 0.057168 
231 0.131357 
232 0.024202 
233 0.093581 
234 -0.073790 
235 0.043175 
236 -0.087048 
237 0.076133 
238 -0.058003 
239 0.079765 
240 -0.021127 
241 0.063324 
242 0.018391 
243 0.046495 
244 0.067878 
245 0.044006 
246 0.102895 
247 0.031087 
248 0.053861 
249 -0.021180 
250 -0.041182 
251 -0.025553 
252 -0.064718 
253 0.099825 
254 -0.005967 
255 0.202837 
256 -0.024915 
257 0.159417 
258 -0.108820 
259 0.054523 
260 -0.119848 
261 0.050349 
262 -0.001699 
263 0.096607 
264 0.067080 
265 0.087727 
266 0.031431 
267 0.047576 
268 -0.027757 
269 0.053407 
270 -0.044094 
271 0.083207 
272 -0.035201 
273 0.079858 
274 -0.009451 
275 0.045169 
276 0.014720 
277 -0.024069 
278 0.046409 
279 -0.052572 
280 0.094204 
281 -0.047881 
282 0.093349 
283 -0.028597 
284 0.092321 
285 0.044772 
286 0.083323 
287 0.071260 
288 0.022760 
289 0.029677 
290 -0.058014 
291 -0.049898 
292 -0.082468 
293 -0.058818 
294 0.002616 
295 0.038262 
296 0.136818 
297 0.108467 
298 0.111106 
299 0.043547 
300 -0.021158 
301 -0.011451 
302 -0.094541 
303 0.016977 
304 -0.084001 
305 0.079057 
306 -0.043595 
307 0.101564 
308 -0.019388 
309 0.082263 
310 -0.008976 
311 0.050277 
312 0.007339 
313 0.019036 
314 -0.002717 
315 -0.028854 
316 -0.028024 
317 -0.023093 
318 -0.010278 
319 0.033209 
320 0.004680 
321 0.076328 
322 -0.034172 
323 0.071247 
324 -0.096470 
325 0.038236 
326 -0.109784 
327 0.059770 
328 -0.049240 
329 0.063011 
330 0.019918 
331 0.052449 
332 0.037797 
333 -0.026881 
334 -0.006502 
335 -0.089921 
336 -0.033588 
337 -0.067140 
338 0.001970 
339 0.036423 
340 0.055818 
341 0.069847 
342 0.014637 
343 0.008475 
344 -0.047641 
345 -0.060384 
346 -0.032987 
347 -0.053707 
348 0.037363 
349 -0.021918 
350 0.072830 
351 -0.003472 
352 0.052140 
353 0.001851 
354 -0.008995 
355 0.002144 
356 -0.054602 
357 0.006994 
358 -0.068815 
359 0.009017 
360 -0.022644 
361 0.031871 
362 0.040661 
363 0.011388 
364 0.060806 
365 -0.010054 
366 0.037753 
367 -0.037975 
368 -0.017466 
369 -0.030498 
370 -0.051608 
371 0.026286 
372 -0.057580 
373 0.089187 
374 -0.046271 
375 0.112506 
376 -0.063167 
377 0.089245 
378 -0.072468 
379 0.046163 
380 -0.076549 
381 0.023747 
382 -0.031511 
383 0.028078 
384 0.011303 
385 0.032092 
386 0.019950 
387 0.010593 
388 -0.017970 
389 0.010542 
390 -0.039422 
391 0.035921 
392 -0.064692 
393 0.050465 
394 -0.066928 
395 0.083126 
396 -0.016363 
397 0.075411 
398 -0.008579 
399 -0.006510 
400 -0.013787 
401 -0.059415 
402 0.028793 
403 -0.032397 
404 0.093996 
405 0.016977 
406 0.077892 
407 0.013214 
408 0.006265 
409 -0.025200 
410 -0.083927 
411 -0.045633 
412 -0.055315 
413 -0.008928 
414 0.023823 
415 0.015373 
416 0.109218 
417 0.016290 
418 0.119256 
419 -0.025235 
420 0.068374 
421 -0.051156 
422 -0.017672 
423 -0.054693 
424 -0.076165 
425 -0.023200 
426 -0.066755 
427 0.044656 
428 0.013814 
429 0.086654 
430 0.075726 
431 0.055084 
432 0.050799 
433 -0.028545 
434 -0.025861 
435 -0.087341 
436 -0.093409 
437 -0.016021 
438 -0.039593 
439 0.151142 
440 0.004275 
441 0.213778 
442 -0.059431 
443 0.132806 
444 -0.177528 
445 0.045097 
446 -0.164113 
447 0.064855 
448 -0.063100 
449 0.098694 
450 0.010934 
451 0.060311 
452 -0.000952 
453 -0.027150 
454 -0.009653 
455 -0.034683 
456 0.037814 
457 -0.018250 
458 0.044402 
459 -0.004269 
460 0.031799 
461 0.018251 
462 0.003683 
463 0.034349 
464 -0.034985 
465 0.037442 
466 -0.058253 
467 0.031208 
468 -0.043634 
469 0.010670 
470 -0.017100 
471 -0.002346 
472 0.054489 
473 -0.000387 
474 0.063221 
475 -0.038455 
476 0.013360 
477 -0.056515 
478 -0.036561 
479 -0.015046 
480 -0.017665 
481 0.065505 
482 0.030257 
483 0.086142 
484 0.031147 
485 -0.005411 
486 -0.013015 
487 -0.101971 
488 -0.015387 
489 -0.091408 
490 0.029191 
491 -0.012353 
492 0.040999 
493 0.067681 
494 -0.001294 
495 0.096201 
496 -0.064794 
497 0.087679 
498 -0.088768 
499 0.057295 
500 -0.085976 
501 0.007607 
502 -0.038626 
503 0.011473 
504 0.011980 
505 0.042763 
506 0.030005 
507 0.078641 
508 -0.055300 
509 0.066827 
510 -0.152522 
511 0.107729 
512 -0.177442 
513 0.159829 
514 -0.137678 
515 0.181244 
516 -0.084896 
517 0.133188 
518 -0.036433 
519 0.035171 
520 -0.008569 
521 -0.052533 
522 0.030787 
523 -0.075885 
524 0.079841 
525 -0.044210 
526 0.099110 
527 -0.020596 
528 0.057890 
529 -0.017474 
530 0.010177 
531 -0.001122 
532 -0.013162 
533 0.025139 
534 -0.017387 
535 0.026860 
536 -0.005929 
537 0.041214 
538 0.026719 
539 0.032789 
540 0.041046 
541 -0.002007 
542 0.007145 
543 -0.060407 
544 -0.033614 
545 -0.039195 
546 -0.016568 
547 0.050201 
548 0.025561 
549 0.142321 
550 0.020001 
551 0.108659 
552 -0.064140 
553 0.016026 
554 -0.113591 
555 -0.045073 
556 -0.080434 
557 -0.021156 
558 0.007123 
559 0.051994 
560 0.077132 
561 0.115737 
562 0.049304 
563 0.081972 
564 -0.079639 
565 0.012634 
566 -0.165725 
567 0.008071 
568 -0.125139 
569 0.064083 
570 -0.020136 
571 0.094232 
572 0.050086 
573 0.050808 
574 0.028407 
575 -0.017093 
576 -0.009814 
577 -0.018155 
578 -0.043303 
579 0.044273 
580 -0.069936 
581 0.096492 
582 -0.107478 
583 0.130706 
584 -0.117683 
585 0.082102 
586 -0.113751 
587 0.027641 
588 -0.028636 
589 -0.022101 
590 0.063560 
591 -0.051074 
592 0.135075 
593 -0.075969 
594 0.123665 
595 -0.093955 
596 0.060782 
597 -0.070301 
598 -0.000569 
599 -0.024244 
600 -0.049455 
601 0.032846 
602 -0.049995 
603 0.070722 
604 -0.018163 
605 0.054673 
606 -0.010564 
607 -0.029991 
608 -0.019181 
609 -0.091783 
610 0.015213 
611 -0.054843 
612 0.061272 
613 0.019067 
614 0.072965 
615 0.075180 
616 -0.000274 
617 0.061412 
618 -0.095399 
619 -0.000506 
620 -0.155502 
621 -0.012295 
622 -0.078506 
623 0.032071 
624 0.019107 
625 0.079381 
626 0.068627 
627 0.062076 
628 -0.021557 
629 -0.004455 
630 -0.131995 
631 0.003341 
632 -0.128535 
633 0.085952 
634 -0.060954 
635 0.139736 
636 -0.000438 
637 0.079892 
638 -0.007753 
639 -0.029624 
640 -0.007534 
641 -0.091533 
642 0.017777 
643 -0.065305 
644 0.035180 
645 -0.015487 
646 -0.006802 
647 0.042636 
648 -0.037163 
649 0.110696 
650 -0.059945 
651 0.123892 
652 -0.069734 
653 0.078870 
654 -0.070368 
655 -0.008506 
656 -0.039298 
657 -0.063996 
658 0.026312 
659 -0.044728 
660 0.126112 
661 0.003669 
662 0.123176 
663 -0.023031 
664 0.020882 
665 -0.062802 
666 -0.048125 
667 -0.007124 
668 -0.017578 
669 0.096184 
670 0.033662 
671 0.116262 
672 -0.003445 
673 0.026148 
674 -0.058985 
675 -0.067706 
676 -0.033247 
677 -0.044457 
678 0.094664 
679 0.018067 
680 0.145820 
681 0.031662 
682 0.111249 
683 0.007223 
684 -0.003873 
685 -0.016844 
686 -0.092127 
687 0.010873 
688 -0.110358 
689 0.066617 
690 -0.059439 
691 0.131400 
692 0.022350 
693 0.135155 
694 0.051779 
695 0.075972 
696 0.020643 
697 -0.017316 
698 -0.030480 
699 -0.054632 
700 -0.043809 
701 -0.011181 
702 -0.002353 
703 0.080848 
704 0.050885 
705 0.100074 
706 0.015148 
707 0.020195 
708 -0.009234 
709 -0.035059 
710 0.025311 
711 -0.037122 
712 0.101649 
713 -0.014244 
714 0.100575 
715 -0.042394 
716 0.030680 
717 -0.056208 
718 -0.017203 
719 0.011706 
720 0.005233 
721 0.088192 
722 -0.009531 
723 0.074698 
724 -0.045620 
725 0.051668 
726 -0.038279 
727 0.026094 
728 -0.011151 
729 -0.000554 
730 0.002746 
731 -0.029401 
732 0.024832 
733 -0.003329 
734 0.053633 
735 0.045080 
736 0.040317 
737 0.048825 
738 -0.042363 
739 -0.001851 
740 -0.129420 
741 -0.030767 
742 -0.086311 
743 0.034750 
744 0.040960 
745 0.072134 
746 0.120638 
747 0.021463 
748 0.065915 
749 -0.094157 
750 -0.024659 
751 -0.101797 
752 -0.045174 
753 0.010399 
754 -0.040233 
755 0.114752 
756 -0.064241 
757 0.137412 
758 -0.123788 
759 0.105036 
760 -0.129403 
761 0.064344 
762 -0.078873 
763 0.054098 
764 -0.027650 
765 -0.015771 
766 -0.031559 
767 -0.029178 
768 0.002873 
769 0.020913 
770 0.049272 
771 0.053361 
772 0.016468 
773 -0.015400 
774 -0.047207 
775 -0.095441 
776 -0.044444 
777 -0.100945 
778 0.043412 
779 -0.074767 
780 0.100614 
781 -0.050171 
782 0.083619 
783 -0.064152 
784 0.009730 
785 -0.044148 
786 -0.047691 
787 -0.003820 
788 -0.068816 
789 0.052965 
790 -0.062611 
791 0.060043 
792 -0.068743 
793 0.025938 
794 -0.064227 
795 -0.025436 
796 -0.041538 
797 -0.041751 
798 0.005738 
799 -0.049272 
800 0.036808 
801 -0.040406 
802 0.032092 
803 -0.036024 
804 -0.018315 
805 -0.039485 
806 -0.088660 
807 -0.024680 
808 -0.102918 
809 0.048453 
810 -0.031366 
811 0.107471 
812 0.003101 
813 0.043098 
814 -0.029308 
815 -0.073834 
816 -0.080022 
817 -0.153265 
818 -0.073295 
819 -0.064847 
820 -0.012064 
821 0.057596 
822 -0.030257 
823 0.127686 
824 -0.115095 
825 0.130151 
826 -0.187378 
827 0.109289 
828 -0.175958 
829 0.052262 
830 -0.119993 
831 -0.020500 
832 -0.025615 
833 -0.073767 
834 0.047114 
835 -0.085536 
836 0.060538 
837 -0.062256 
838 0.012960 
839 -0.008994 
840 -0.079867 
841 0.026521 
842 -0.131398 
843 0.061294 
844 -0.113865 
845 0.054209 
846 -0.045913 
847 -0.007692 
848 -0.009918 
849 -0.094261 
850 0.009196 
851 -0.151744 
852 0.008267 
853 -0.072687 
854 0.048006 
855 0.027201 
856 0.006907 
857 0.078563 
858 -0.093804 
859 0.012149 
860 -0.201031 
861 -0.036216 
862 -0.158544 
863 -0.011958 
864 -0.020626 
865 0.008295 
866 0.068901 
867 -0.026877 
868 0.077454 
869 -0.104204 
870 -0.004599 
871 -0.152696 
872 -0.075739 
873 -0.120885 
874 -0.085391 
875 0.016580 
876 -0.041625 
877 0.107269 
878 -0.058157 
879 0.107485 
880 -0.112676 
881 0.025956 
882 -0.162902 
883 -0.040615 
884 -0.128049 
885 -0.027403 
886 -0.054223 
887 0.007748 
888 0.009366 
889 0.028024 
890 -0.011976 
891 -0.011765 
892 -0.075999 
893 -0.038952 
894 -0.122304 
895 -0.034023 
896 -0.087980 
897 0.012508 
898 -0.033923 
899 0.022565 
900 0.006081 
901 0.002531 
902 -0.016999 
903 -0.042689 
904 -0.047935 
905 -0.033609 
906 -0.084307 
907 0.013134 
908 -0.115249 
909 0.072821 
910 -0.120512 
911 0.126798 
912 -0.100624 
913 0.101150 
914 -0.088733 
915 0.016214 
916 -0.068145 
917 -0.071081 
918 0.015763 
919 -0.098206 
920 0.060826 
921 -0.120044 
922 0.090424 
923 -0.090185 
924 0.055064 
925 -0.055603 
926 0.026778 
927 0.009262 
928 -0.024792 
929 0.051147 
930 -0.052700 
931 0.056863 
932 -0.096606 
933 0.027697 
934 -0.083994 
935 0.012912 
936 -0.058973 
937 0.019829 
938 -0.012547 
939 0.050617 
940 0.010496 
941 0.070450 
942 -0.024726 
943 0.060920 
944 -0.063421 
945 0.064225 
946 -0.063969 
947 0.069195 
948 -0.033659 
949 0.025672 
950 -0.039369 
951 -0.061015 
952 -0.014231 
953 -0.065782 
954 0.081004 
955 0.001340 
956 0.135702 
957 0.041086 
958 0.068602 
959 -0.001354 
960 -0.069600 
961 0.003928 
962 -0.083680 
963 0.086348 
964 -0.000102 
965 0.152497 
966 0.041484 
967 0.036615 
968 0.005097 
969 -0.056993 
970 0.004135 
971 -0.077032 
972 0.060935 
973 0.049417 
974 0.071343 
975 0.118202 
976 -0.014525 
977 0.126276 
978 -0.122003 
979 0.126953 
980 -0.113926 
981 0.126201 
982 -0.039836 
983 0.111439 
984 0.053865 
985 0.042481 
986 0.118467 
987 -0.020833 
988 0.113490 
989 -0.051576 
990 0.118463 
991 -0.035006 
992 0.060666 
993 -0.040649 
994 0.021125 
995 0.003201 
996 0.052597 
997 0.096662 
998 0.109720 
999 0.132703 
1000 0.076115 
1001 0.081513 
1002 -0.014022 
1003 0.037167 
1004 -0.081890 
1005 0.039598 
1006 -0.076976 
1007 0.106375 
1008 0.004331 
1009 0.163124 
1010 0.047341 
1011 0.120417 
1012 0.046594 
1013 0.043997 
1014 0.032051 
1015 -0.024573 
1016 0.012014 
1017 -0.031077 
1018 0.030913 
1019 0.030458 
1020 0.076490 
1021 0.101379 
1022 0.079228 
1023 0.066419 
