0 -0.000043 
1 -0.000032 
2 -0.000047 
3 -0.000046 
4 0.000026 
5 0.000108 
6 0.000136 
7 0.000143 
8 0.000151 
9 0.000083 
10 -0.000067 
11 -0.000180 
12 -0.000193 
13 -0.000151 
14 -0.000065 
15 0.000103 
16 0.000318 
17 0.000452 
18 0.000438 
19 0.000320 
20 0.000140 
21 -0.000104 
22 -0.000359 
23 -0.000542 
24 -0.000594 
25 -0.000461 
26 -0.000145 
27 0.000211 
28 0.000442 
29 0.000511 
30 0.000492 
31 0.000355 
32 0.000036 
33 -0.000341 
34 -0.000581 
35 -0.000633 
36 -0.000586 
37 -0.000450 
38 -0.000196 
39 0.000076 
40 0.000242 
41 0.000271 
42 0.000200 
43 0.000044 
44 -0.000140 
45 -0.000278 
46 -0.000362 
47 -0.000419 
48 -0.000422 
49 -0.000345 
50 -0.000227 
51 -0.000114 
52 -0.000013 
53 0.000052 
54 0.000051 
55 0.000023 
56 0.000032 
57 0.000051 
58 0.000000 
59 -0.000132 
60 -0.000248 
61 -0.000297 
62 -0.000301 
63 -0.000262 
64 -0.000187 
65 -0.000088 
66 0.000036 
67 0.000171 
68 0.000224 
69 0.000110 
70 -0.000082 
71 -0.000206 
72 -0.000239 
73 -0.000266 
74 -0.000276 
75 -0.000193 
76 -0.000052 
77 0.000043 
78 0.000046 
79 0.000004 
80 -0.000035 
81 -0.000052 
82 -0.000087 
83 -0.000144 
84 -0.000168 
85 -0.000150 
86 -0.000099 
87 -0.000035 
88 0.000031 
89 0.000119 
90 0.000256 
91 0.000380 
92 0.000372 
93 0.000225 
94 0.000058 
95 -0.000060 
96 -0.000196 
97 -0.000345 
98 -0.000354 
99 -0.000174 
100 0.000031 
101 0.000124 
102 0.000177 
103 0.000282 
104 0.000323 
105 0.000158 
106 -0.000114 
107 -0.000327 
108 -0.000487 
109 -0.000528 
110 -0.000340 
111 -0.000020 
112 0.000235 
113 0.000414 
114 0.000603 
115 0.000646 
116 0.000337 
117 -0.000260 
118 -0.000819 
119 -0.001033 
120 -0.000815 
121 -0.000233 
122 0.000492 
123 0.001151 
124 0.001659 
125 0.001920 
126 0.001677 
127 0.000914 
128 0.000083 
129 -0.000474 
130 -0.000771 
131 -0.000824 
132 -0.000420 
133 0.000381 
134 0.001102 
135 0.001474 
136 0.001660 
137 0.001762 
138 0.001563 
139 0.001070 
140 0.000593 
141 0.000320 
142 0.000161 
143 -0.000002 
144 -0.000114 
145 -0.000122 
146 -0.000027 
147 0.000130 
148 0.000293 
149 0.000451 
150 0.000702 
151 0.001019 
152 0.001220 
153 0.001220 
154 0.001161 
155 0.001085 
156 0.000852 
157 0.000465 
158 0.000134 
159 -0.000041 
160 -0.000101 
161 0.000000 
162 0.000323 
163 0.000643 
164 0.000674 
165 0.000568 
166 0.000635 
167 0.000824 
168 0.000823 
169 0.000641 
170 0.000605 
171 0.000709 
172 0.000641 
173 0.000329 
174 0.000074 
175 0.000102 
176 0.000264 
177 0.000363 
178 0.000482 
179 0.000689 
180 0.000800 
181 0.000657 
182 0.000402 
183 0.000266 
184 0.000159 
185 0.000022 
186 0.000072 
187 0.000366 
188 0.000555 
189 0.000413 
190 0.000184 
191 0.000099 
192 0.000102 
193 0.000187 
194 0.000409 
195 0.000539 
196 0.000269 
197 -0.000278 
198 -0.000676 
199 -0.000782 
200 -0.000811 
201 -0.000867 
202 -0.000748 
203 -0.000266 
204 0.000446 
205 0.001082 
206 0.001382 
207 0.001108 
208 0.000384 
209 -0.000245 
210 -0.000473 
211 -0.000635 
212 -0.000891 
213 -0.000977 
214 -0.000676 
215 -0.000184 
216 0.000239 
217 0.000358 
218 0.000025 
219 -0.000596 
220 -0.000909 
221 -0.000749 
222 -0.000481 
223 -0.000362 
224 -0.000132 
225 0.000239 
226 0.000119 
227 -0.000819 
228 -0.001959 
229 -0.002619 
230 -0.002745 
231 -0.002563 
232 -0.001909 
233 -0.000759 
234 0.000321 
235 0.000682 
236 0.000220 
237 -0.000710 
238 -0.001888 
239 -0.003003 
240 -0.003503 
241 -0.003105 
242 -0.002113 
243 -0.001020 
244 -0.000019 
245 0.000775 
246 0.000988 
247 0.000464 
248 -0.000453 
249 -0.001387 
250 -0.001964 
251 -0.001853 
252 -0.001256 
253 -0.000605 
254 -0.000171 
255 0.000102 
256 0.000164 
257 -0.000229 
258 -0.000904 
259 -0.001428 
260 -0.001655 
261 -0.001849 
262 -0.002017 
263 -0.001794 
264 -0.001145 
265 -0.000695 
266 -0.000571 
267 -0.000453 
268 -0.000309 
269 -0.000145 
270 -0.000094 
271 -0.000403 
272 -0.001200 
273 -0.001981 
274 -0.002109 
275 -0.001672 
276 -0.001130 
277 -0.000583 
278 0.000187 
279 0.000904 
280 0.001155 
281 0.000843 
282 0.000024 
283 -0.001068 
284 -0.001980 
285 -0.002187 
286 -0.001664 
287 -0.000576 
288 0.000841 
289 0.002134 
290 0.002735 
291 0.002600 
292 0.002079 
293 0.000951 
294 -0.000895 
295 -0.002653 
296 -0.003207 
297 -0.002612 
298 -0.001572 
299 -0.000381 
300 0.001039 
301 0.002048 
302 0.002071 
303 0.001334 
304 0.000557 
305 -0.000055 
306 -0.000523 
307 -0.000686 
308 -0.000421 
309 0.000209 
310 0.000889 
311 0.001425 
312 0.001569 
313 0.001322 
314 0.000929 
315 0.000655 
316 0.000292 
317 -0.000380 
318 -0.000878 
319 -0.000804 
320 -0.000386 
321 0.000305 
322 0.001398 
323 0.002549 
324 0.003148 
325 0.003187 
326 0.003173 
327 0.002883 
328 0.001748 
329 0.000019 
330 -0.001208 
331 -0.001175 
332 -0.000078 
333 0.001210 
334 0.002134 
335 0.002848 
336 0.003799 
337 0.004710 
338 0.004862 
339 0.003890 
340 0.002341 
341 0.000868 
342 -0.000231 
343 -0.000840 
344 -0.001020 
345 -0.000790 
346 0.000032 
347 0.001673 
348 0.003615 
349 0.004887 
350 0.004943 
351 0.004077 
352 0.002719 
353 0.000980 
354 -0.000914 
355 -0.002275 
356 -0.002553 
357 -0.001855 
358 -0.000676 
359 0.000826 
360 0.002803 
361 0.004769 
362 0.006036 
363 0.006037 
364 0.004534 
365 0.001892 
366 -0.000920 
367 -0.003098 
368 -0.004411 
369 -0.004423 
370 -0.002530 
371 0.000824 
372 0.004037 
373 0.005992 
374 0.006629 
375 0.005790 
376 0.003371 
377 0.000215 
378 -0.002245 
379 -0.003667 
380 -0.004175 
381 -0.003565 
382 -0.001853 
383 0.000018 
384 0.001293 
385 0.002215 
386 0.002805 
387 0.002570 
388 0.001341 
389 -0.000067 
390 -0.000998 
391 -0.001557 
392 -0.001672 
393 -0.001112 
394 -0.000305 
395 0.000228 
396 0.000588 
397 0.001091 
398 0.001182 
399 0.000501 
400 0.000039 
401 0.000427 
402 0.000761 
403 0.000578 
404 0.000421 
405 0.000342 
406 -0.000228 
407 -0.001114 
408 -0.001454 
409 -0.001137 
410 -0.000873 
411 -0.000578 
412 -0.000009 
413 0.000469 
414 0.000330 
415 -0.000174 
416 -0.000523 
417 -0.001090 
418 -0.001767 
419 -0.001644 
420 -0.000943 
421 -0.000678 
422 -0.001098 
423 -0.001474 
424 -0.001760 
425 -0.002224 
426 -0.002620 
427 -0.002618 
428 -0.002407 
429 -0.001790 
430 -0.000668 
431 0.000248 
432 0.000437 
433 0.000275 
434 0.000055 
435 -0.000757 
436 -0.001938 
437 -0.002479 
438 -0.002246 
439 -0.002251 
440 -0.002519 
441 -0.001983 
442 -0.000721 
443 0.000210 
444 0.000513 
445 0.000941 
446 0.001734 
447 0.002130 
448 0.001498 
449 0.000225 
450 -0.000963 
451 -0.001966 
452 -0.002715 
453 -0.003428 
454 -0.003821 
455 -0.003118 
456 -0.000731 
457 0.002326 
458 0.003960 
459 0.003680 
460 0.002320 
461 0.000601 
462 -0.001544 
463 -0.004181 
464 -0.006643 
465 -0.007851 
466 -0.006887 
467 -0.003973 
468 -0.000615 
469 0.001820 
470 0.002914 
471 0.003002 
472 0.002344 
473 0.001021 
474 -0.000654 
475 -0.002226 
476 -0.003025 
477 -0.002870 
478 -0.002316 
479 -0.001838 
480 -0.001439 
481 -0.000758 
482 0.000183 
483 0.000829 
484 0.001207 
485 0.001891 
486 0.002658 
487 0.002496 
488 0.000854 
489 -0.001009 
490 -0.001775 
491 -0.001450 
492 -0.000688 
493 0.000374 
494 0.001789 
495 0.002810 
496 0.002392 
497 0.000632 
498 -0.001423 
499 -0.002917 
500 -0.003335 
501 -0.002596 
502 -0.001415 
503 -0.000348 
504 0.000706 
505 0.001474 
506 0.001155 
507 0.000075 
508 -0.000459 
509 -0.000230 
510 -0.000226 
511 -0.000589 
512 -0.000543 
513 -0.000273 
514 -0.000389 
515 -0.000374 
516 0.000447 
517 0.001333 
518 0.001545 
519 0.001513 
520 0.001562 
521 0.000714 
522 -0.001099 
523 -0.002403 
524 -0.002466 
525 -0.001848 
526 -0.000717 
527 0.001386 
528 0.004007 
529 0.005596 
530 0.005370 
531 0.003884 
532 0.001649 
533 -0.001341 
534 -0.004436 
535 -0.006629 
536 -0.007207 
537 -0.005570 
538 -0.001792 
539 0.002456 
540 0.005230 
541 0.006104 
542 0.005869 
543 0.004216 
544 0.000486 
545 -0.003872 
546 -0.006647 
547 -0.007268 
548 -0.006705 
549 -0.005113 
550 -0.002236 
551 0.000807 
552 0.002660 
553 0.002988 
554 0.002215 
555 0.000545 
556 -0.001410 
557 -0.002883 
558 -0.003787 
559 -0.004355 
560 -0.004350 
561 -0.003539 
562 -0.002321 
563 -0.001149 
564 -0.000097 
565 0.000583 
566 0.000602 
567 0.000339 
568 0.000371 
569 0.000476 
570 -0.000060 
571 -0.001280 
572 -0.002317 
573 -0.002721 
574 -0.002721 
575 -0.002324 
576 -0.001622 
577 -0.000715 
578 0.000379 
579 0.001532 
580 0.001975 
581 0.001053 
582 -0.000501 
583 -0.001531 
584 -0.001872 
585 -0.002142 
586 -0.002228 
587 -0.001544 
588 -0.000376 
589 0.000463 
590 0.000610 
591 0.000346 
592 0.000029 
593 -0.000203 
594 -0.000580 
595 -0.001089 
596 -0.001324 
597 -0.001195 
598 -0.000751 
599 -0.000195 
600 0.000337 
601 0.000961 
602 0.001866 
603 0.002639 
604 0.002543 
605 0.001563 
606 0.000494 
607 -0.000251 
608 -0.001088 
609 -0.002004 
610 -0.002090 
611 -0.001081 
612 0.000080 
613 0.000632 
614 0.000966 
615 0.001581 
616 0.001824 
617 0.000965 
618 -0.000441 
619 -0.001527 
620 -0.002336 
621 -0.002515 
622 -0.001545 
623 0.000064 
624 0.001308 
625 0.002140 
626 0.002981 
627 0.003096 
628 0.001579 
629 -0.001204 
630 -0.003717 
631 -0.004592 
632 -0.003510 
633 -0.000841 
634 0.002389 
635 0.005251 
636 0.007371 
637 0.008353 
638 0.007179 
639 0.003879 
640 0.000371 
641 -0.001948 
642 -0.003142 
643 -0.003295 
644 -0.001629 
645 0.001544 
646 0.004345 
647 0.005756 
648 0.006386 
649 0.006635 
650 0.005761 
651 0.003848 
652 0.002026 
653 0.000970 
654 0.000377 
655 -0.000165 
656 -0.000484 
657 -0.000427 
658 -0.000024 
659 0.000560 
660 0.001138 
661 0.001669 
662 0.002447 
663 0.003359 
664 0.003862 
665 0.003731 
666 0.003424 
667 0.003078 
668 0.002313 
669 0.001167 
670 0.000256 
671 -0.000163 
672 -0.000240 
673 0.000127 
674 0.001064 
675 0.001935 
676 0.001985 
677 0.001657 
678 0.001776 
679 0.002193 
680 0.002123 
681 0.001622 
682 0.001518 
683 0.001761 
684 0.001577 
685 0.000811 
686 0.000201 
687 0.000271 
688 0.000644 
689 0.000857 
690 0.001110 
691 0.001559 
692 0.001787 
693 0.001448 
694 0.000882 
695 0.000602 
696 0.000403 
697 0.000147 
698 0.000275 
699 0.000884 
700 0.001242 
701 0.000902 
702 0.000396 
703 0.000187 
704 0.000166 
705 0.000314 
706 0.000736 
707 0.000979 
708 0.000468 
709 -0.000548 
710 -0.001268 
711 -0.001425 
712 -0.001429 
713 -0.001485 
714 -0.001242 
715 -0.000383 
716 0.000841 
717 0.001898 
718 0.002363 
719 0.001863 
720 0.000641 
721 -0.000388 
722 -0.000730 
723 -0.000947 
724 -0.001317 
725 -0.001442 
726 -0.000993 
727 -0.000272 
728 0.000349 
729 0.000528 
730 0.000056 
731 -0.000817 
732 -0.001224 
733 -0.000949 
734 -0.000553 
735 -0.000411 
736 -0.000134 
737 0.000340 
738 0.000156 
739 -0.001106 
740 -0.002584 
741 -0.003384 
742 -0.003478 
743 -0.003206 
744 -0.002371 
745 -0.000950 
746 0.000346 
747 0.000745 
748 0.000169 
749 -0.000919 
750 -0.002250 
751 -0.003468 
752 -0.003952 
753 -0.003424 
754 -0.002276 
755 -0.001077 
756 -0.000028 
757 0.000772 
758 0.000938 
759 0.000345 
760 -0.000611 
761 -0.001530 
762 -0.002040 
763 -0.001829 
764 -0.001149 
765 -0.000464 
766 -0.000036 
767 0.000214 
768 0.000240 
769 -0.000188 
770 -0.000880 
771 -0.001400 
772 -0.001621 
773 -0.001804 
774 -0.001949 
775 -0.001715 
776 -0.001073 
777 -0.000597 
778 -0.000409 
779 -0.000247 
780 -0.000097 
781 0.000035 
782 0.000032 
783 -0.000308 
784 -0.001058 
785 -0.001750 
786 -0.001851 
787 -0.001454 
788 -0.000949 
789 -0.000439 
790 0.000225 
791 0.000805 
792 0.000981 
793 0.000696 
794 0.000014 
795 -0.000855 
796 -0.001555 
797 -0.001696 
798 -0.001282 
799 -0.000448 
800 0.000610 
801 0.001547 
802 0.001965 
803 0.001847 
804 0.001453 
805 0.000647 
806 -0.000617 
807 -0.001785 
808 -0.002135 
809 -0.001730 
810 -0.001039 
811 -0.000258 
812 0.000652 
813 0.001286 
814 0.001308 
815 0.000873 
816 0.000411 
817 0.000036 
818 -0.000265 
819 -0.000397 
820 -0.000294 
821 0.000017 
822 0.000372 
823 0.000671 
824 0.000773 
825 0.000680 
826 0.000516 
827 0.000406 
828 0.000226 
829 -0.000134 
830 -0.000418 
831 -0.000417 
832 -0.000239 
833 0.000087 
834 0.000620 
835 0.001177 
836 0.001460 
837 0.001473 
838 0.001462 
839 0.001321 
840 0.000794 
841 0.000007 
842 -0.000539 
843 -0.000515 
844 -0.000026 
845 0.000525 
846 0.000895 
847 0.001161 
848 0.001531 
849 0.001889 
850 0.001934 
851 0.001522 
852 0.000891 
853 0.000307 
854 -0.000115 
855 -0.000343 
856 -0.000406 
857 -0.000315 
858 -0.000000 
859 0.000620 
860 0.001335 
861 0.001776 
862 0.001759 
863 0.001410 
864 0.000900 
865 0.000276 
866 -0.000379 
867 -0.000828 
868 -0.000897 
869 -0.000638 
870 -0.000226 
871 0.000277 
872 0.000909 
873 0.001512 
874 0.001879 
875 0.001847 
876 0.001358 
877 0.000540 
878 -0.000306 
879 -0.000938 
880 -0.001303 
881 -0.001288 
882 -0.000729 
883 0.000230 
884 0.001121 
885 0.001641 
886 0.001791 
887 0.001545 
888 0.000882 
889 0.000035 
890 -0.000615 
891 -0.000986 
892 -0.001119 
893 -0.000965 
894 -0.000530 
895 -0.000053 
896 0.000278 
897 0.000525 
898 0.000690 
899 0.000650 
900 0.000364 
901 0.000024 
902 -0.000216 
903 -0.000377 
904 -0.000431 
905 -0.000321 
906 -0.000143 
907 -0.000011 
908 0.000093 
909 0.000231 
910 0.000273 
911 0.000140 
912 0.000037 
913 0.000096 
914 0.000138 
915 0.000080 
916 0.000038 
917 0.000023 
918 -0.000076 
919 -0.000224 
920 -0.000266 
921 -0.000190 
922 -0.000135 
923 -0.000092 
924 0.000003 
925 0.000076 
926 0.000040 
927 -0.000054 
928 -0.000114 
929 -0.000206 
930 -0.000312 
931 -0.000285 
932 -0.000163 
933 -0.000114 
934 -0.000174 
935 -0.000229 
936 -0.000270 
937 -0.000339 
938 -0.000399 
939 -0.000401 
940 -0.000372 
941 -0.000284 
942 -0.000123 
943 0.000010 
944 0.000044 
945 0.000031 
946 0.000013 
947 -0.000088 
948 -0.000239 
949 -0.000309 
950 -0.000283 
951 -0.000293 
952 -0.000338 
953 -0.000279 
954 -0.000125 
955 -0.000007 
956 0.000037 
957 0.000100 
958 0.000208 
959 0.000266 
960 0.000195 
961 0.000044 
962 -0.000098 
963 -0.000218 
964 -0.000308 
965 -0.000392 
966 -0.000436 
967 -0.000356 
968 -0.000091 
969 0.000242 
970 0.000419 
971 0.000388 
972 0.000244 
973 0.000066 
974 -0.000151 
975 -0.000414 
976 -0.000656 
977 -0.000770 
978 -0.000669 
979 -0.000381 
980 -0.000055 
981 0.000176 
982 0.000275 
983 0.000277 
984 0.000212 
985 0.000091 
986 -0.000059 
987 -0.000197 
988 -0.000264 
989 -0.000246 
990 -0.000195 
991 -0.000152 
992 -0.000118 
993 -0.000059 
994 0.000020 
995 0.000072 
996 0.000101 
997 0.000158 
998 0.000222 
999 0.000208 
1000 0.000070 
1001 -0.000084 
1002 -0.000142 
1003 -0.000108 
1004 -0.000037 
1005 0.000054 
1006 0.000170 
1007 0.000248 
1008 0.000202 
1009 0.000047 
1010 -0.000130 
1011 -0.000257 
1012 -0.000291 
1013 -0.000225 
1014 -0.000118 
1015 -0.000019 
1016 0.000077 
1017 0.000145 
1018 0.000121 
1019 0.000031 
1020 -0.000021 
1021 -0.000015 
1022 -0.000025 
1023 -0.000061 
