0 0.000428 
1 -0.000134 
2 -0.000742 
3 -0.001038 
4 -0.000877 
5 -0.000463 
6 -0.000034 
7 0.000404 
8 0.000738 
9 0.000741 
10 0.000466 
11 0.000188 
12 -0.000109 
13 -0.000416 
14 -0.000383 
15 -0.000008 
16 0.000268 
17 0.000282 
18 0.000231 
19 0.000228 
20 0.000167 
21 -0.000082 
22 -0.000322 
23 -0.000244 
24 0.000114 
25 0.000504 
26 0.000809 
27 0.000964 
28 0.000904 
29 0.000708 
30 0.000426 
31 0.000028 
32 -0.000296 
33 -0.000412 
34 -0.000328 
35 0.000019 
36 0.000495 
37 0.000701 
38 0.000461 
39 0.000046 
40 -0.000247 
41 -0.000437 
42 -0.000560 
43 -0.000492 
44 -0.000192 
45 0.000220 
46 0.000642 
47 0.001085 
48 0.001308 
49 0.000940 
50 0.000124 
51 -0.000601 
52 -0.000875 
53 -0.000772 
54 -0.000585 
55 -0.000325 
56 0.000155 
57 0.000679 
58 0.000958 
59 0.000999 
60 0.000818 
61 0.000350 
62 -0.000242 
63 -0.000552 
64 -0.000486 
65 -0.000125 
66 0.000275 
67 0.000386 
68 0.000254 
69 0.000238 
70 0.000237 
71 0.000165 
72 0.000190 
73 0.000278 
74 0.000340 
75 0.000385 
76 0.000306 
77 0.000173 
78 0.000115 
79 -0.000108 
80 -0.000568 
81 -0.000655 
82 0.000107 
83 0.000884 
84 0.000863 
85 0.000500 
86 0.000422 
87 0.000354 
88 -0.000235 
89 -0.001215 
90 -0.001687 
91 -0.001459 
92 -0.001130 
93 -0.000874 
94 -0.000394 
95 0.000235 
96 0.000727 
97 0.000792 
98 0.000282 
99 -0.000500 
100 -0.000870 
101 -0.000566 
102 -0.000057 
103 0.000114 
104 0.000255 
105 0.000930 
106 0.001605 
107 0.001227 
108 0.000028 
109 -0.000692 
110 -0.000823 
111 -0.000899 
112 -0.000531 
113 0.000474 
114 0.001161 
115 0.001104 
116 0.001101 
117 0.001299 
118 0.000959 
119 -0.000194 
120 -0.001363 
121 -0.001460 
122 -0.000610 
123 -0.000190 
124 -0.000469 
125 -0.000330 
126 0.000114 
127 -0.000148 
128 -0.000757 
129 -0.000704 
130 -0.000164 
131 0.000124 
132 0.000036 
133 0.000001 
134 0.000523 
135 0.001351 
136 0.001406 
137 0.000616 
138 0.000038 
139 -0.000261 
140 -0.000634 
141 -0.000545 
142 -0.000069 
143 0.000218 
144 0.000349 
145 0.000444 
146 0.000952 
147 0.001977 
148 0.002216 
149 0.000932 
150 -0.000263 
151 -0.000220 
152 -0.000256 
153 -0.001169 
154 -0.001768 
155 -0.001374 
156 -0.000562 
157 0.000207 
158 0.000920 
159 0.001733 
160 0.002213 
161 0.001355 
162 -0.000519 
163 -0.001718 
164 -0.001923 
165 -0.002174 
166 -0.002153 
167 -0.001202 
168 0.000081 
169 0.000895 
170 0.001176 
171 0.000836 
172 0.000078 
173 -0.000205 
174 -0.000209 
175 -0.000560 
176 -0.000626 
177 0.000175 
178 0.001066 
179 0.001173 
180 0.000639 
181 0.000281 
182 0.000427 
183 0.000558 
184 0.000120 
185 -0.000434 
186 -0.000037 
187 0.001262 
188 0.001929 
189 0.001651 
190 0.001605 
191 0.002099 
192 0.001872 
193 0.000490 
194 -0.001004 
195 -0.001302 
196 -0.000276 
197 0.000367 
198 -0.000326 
199 -0.000776 
200 0.000376 
201 0.000885 
202 -0.000320 
203 -0.000836 
204 -0.000074 
205 -0.000014 
206 -0.000340 
207 0.000105 
208 0.000624 
209 0.000145 
210 -0.001357 
211 -0.002481 
212 -0.002188 
213 -0.001511 
214 -0.002078 
215 -0.002441 
216 -0.000855 
217 0.001095 
218 0.001346 
219 0.000540 
220 0.000143 
221 0.000149 
222 0.000257 
223 -0.000513 
224 -0.001940 
225 -0.002245 
226 -0.001129 
227 -0.000514 
228 -0.001020 
229 -0.000952 
230 0.000350 
231 0.001276 
232 0.000518 
233 -0.000239 
234 0.000831 
235 0.001997 
236 0.000881 
237 -0.001240 
238 -0.001798 
239 -0.001088 
240 -0.001270 
241 -0.002049 
242 -0.001816 
243 -0.000979 
244 -0.001003 
245 -0.001397 
246 -0.000841 
247 0.000059 
248 -0.000149 
249 -0.001450 
250 -0.002731 
251 -0.002850 
252 -0.001910 
253 -0.000951 
254 -0.000642 
255 -0.000596 
256 -0.000404 
257 -0.000220 
258 -0.000335 
259 -0.000569 
260 -0.001198 
261 -0.002448 
262 -0.003255 
263 -0.002312 
264 -0.000165 
265 0.001302 
266 0.001802 
267 0.001725 
268 0.000556 
269 -0.000973 
270 -0.001342 
271 -0.001150 
272 -0.000989 
273 -0.000008 
274 0.001394 
275 0.001332 
276 -0.000234 
277 -0.001530 
278 -0.001772 
279 -0.001718 
280 -0.002383 
281 -0.003376 
282 -0.003031 
283 -0.000853 
284 0.000296 
285 -0.001192 
286 -0.001986 
287 -0.001053 
288 -0.000839 
289 -0.001200 
290 -0.000228 
291 0.000657 
292 0.000258 
293 -0.000207 
294 0.000060 
295 0.000071 
296 -0.000670 
297 -0.001661 
298 -0.001810 
299 -0.000335 
300 0.001894 
301 0.002808 
302 0.003264 
303 0.004646 
304 0.005234 
305 0.004139 
306 0.002990 
307 0.002151 
308 0.000352 
309 -0.001646 
310 -0.001244 
311 0.001118 
312 0.002315 
313 0.001374 
314 0.000720 
315 0.001418 
316 0.001493 
317 0.000127 
318 -0.000838 
319 -0.000051 
320 0.001008 
321 0.001006 
322 0.000437 
323 -0.000034 
324 0.000756 
325 0.002271 
326 0.002677 
327 0.001844 
328 0.000349 
329 -0.000898 
330 -0.000558 
331 0.000291 
332 -0.000600 
333 -0.001845 
334 -0.000520 
335 0.001740 
336 0.001078 
337 -0.000528 
338 0.000697 
339 0.003117 
340 0.003233 
341 0.001609 
342 0.001211 
343 0.003876 
344 0.006821 
345 0.006426 
346 0.003591 
347 0.002153 
348 0.002306 
349 0.000778 
350 -0.002289 
351 -0.003811 
352 -0.002794 
353 -0.000957 
354 0.001192 
355 0.004409 
356 0.007789 
357 0.009154 
358 0.007724 
359 0.004813 
360 0.002042 
361 -0.000709 
362 -0.004175 
363 -0.005562 
364 -0.002985 
365 -0.000217 
366 0.000119 
367 0.001035 
368 0.003826 
369 0.004736 
370 0.003098 
371 0.001188 
372 -0.000383 
373 -0.000815 
374 0.000391 
375 0.001487 
376 0.002654 
377 0.005077 
378 0.006160 
379 0.004710 
380 0.003380 
381 0.002751 
382 0.001674 
383 -0.000053 
384 -0.002065 
385 -0.002750 
386 -0.001020 
387 0.001622 
388 0.002669 
389 0.002774 
390 0.002636 
391 0.001000 
392 -0.001225 
393 -0.000967 
394 0.000543 
395 0.000121 
396 -0.000953 
397 0.000466 
398 0.003615 
399 0.005947 
400 0.006054 
401 0.002897 
402 -0.002245 
403 -0.005480 
404 -0.005589 
405 -0.004862 
406 -0.004542 
407 -0.002793 
408 0.001396 
409 0.006309 
410 0.008086 
411 0.005750 
412 0.003579 
413 0.003430 
414 0.001124 
415 -0.004327 
416 -0.006620 
417 -0.002980 
418 0.000979 
419 0.001668 
420 0.000906 
421 0.001201 
422 0.001159 
423 -0.001175 
424 -0.004343 
425 -0.005392 
426 -0.004683 
427 -0.004383 
428 -0.004163 
429 -0.000750 
430 0.004657 
431 0.006418 
432 0.004041 
433 0.001306 
434 -0.000490 
435 -0.003092 
436 -0.005909 
437 -0.006465 
438 -0.004701 
439 -0.002231 
440 -0.000559 
441 -0.001507 
442 -0.004500 
443 -0.005870 
444 -0.005258 
445 -0.005833 
446 -0.007304 
447 -0.007126 
448 -0.003034 
449 0.004928 
450 0.011149 
451 0.010567 
452 0.006723 
453 0.003791 
454 -0.001255 
455 -0.009467 
456 -0.013164 
457 -0.010169 
458 -0.006604 
459 -0.003799 
460 0.001935 
461 0.009172 
462 0.011902 
463 0.007556 
464 0.001358 
465 -0.001320 
466 -0.002582 
467 -0.005102 
468 -0.005820 
469 -0.001928 
470 0.003161 
471 0.004651 
472 0.003619 
473 0.002493 
474 -0.000516 
475 -0.006821 
476 -0.012081 
477 -0.011440 
478 -0.006109 
479 -0.000308 
480 0.004185 
481 0.006634 
482 0.007503 
483 0.007559 
484 0.005245 
485 0.000644 
486 -0.002661 
487 -0.002362 
488 0.000487 
489 0.004303 
490 0.006529 
491 0.005358 
492 0.002036 
493 -0.002379 
494 -0.007051 
495 -0.008543 
496 -0.005689 
497 -0.001575 
498 0.002976 
499 0.007064 
500 0.008018 
501 0.005307 
502 0.000961 
503 -0.003572 
504 -0.007627 
505 -0.009891 
506 -0.008920 
507 -0.003064 
508 0.004942 
509 0.008960 
510 0.009115 
511 0.008277 
512 0.005023 
513 -0.001998 
514 -0.009603 
515 -0.013284 
516 -0.011266 
517 -0.006083 
518 -0.000720 
519 0.004715 
520 0.008829 
521 0.008830 
522 0.005396 
523 0.001953 
524 -0.001693 
525 -0.005452 
526 -0.005029 
527 -0.000452 
528 0.002888 
529 0.003028 
530 0.002383 
531 0.002354 
532 0.001617 
533 -0.001338 
534 -0.004175 
535 -0.003245 
536 0.000955 
537 0.005470 
538 0.008956 
539 0.010677 
540 0.009929 
541 0.007636 
542 0.004392 
543 -0.000112 
544 -0.003737 
545 -0.005005 
546 -0.004037 
547 -0.000201 
548 0.004963 
549 0.007150 
550 0.004521 
551 0.000081 
552 -0.003005 
553 -0.004970 
554 -0.006202 
555 -0.005457 
556 -0.002364 
557 0.001802 
558 0.006006 
559 0.010353 
560 0.012455 
561 0.008766 
562 0.000828 
563 -0.006089 
564 -0.008617 
565 -0.007570 
566 -0.005773 
567 -0.003334 
568 0.001060 
569 0.005755 
570 0.008177 
571 0.008469 
572 0.006809 
573 0.002692 
574 -0.002388 
575 -0.004965 
576 -0.004365 
577 -0.001336 
578 0.001956 
579 0.002826 
580 0.001730 
581 0.001579 
582 0.001574 
583 0.001016 
584 0.001201 
585 0.001845 
586 0.002297 
587 0.002617 
588 0.002021 
589 0.001050 
590 0.000634 
591 -0.000967 
592 -0.004195 
593 -0.004756 
594 0.000530 
595 0.005808 
596 0.005607 
597 0.003146 
598 0.002616 
599 0.002159 
600 -0.001649 
601 -0.007856 
602 -0.010742 
603 -0.009214 
604 -0.007086 
605 -0.005428 
606 -0.002487 
607 0.001275 
608 0.004132 
609 0.004451 
610 0.001476 
611 -0.002952 
612 -0.004967 
613 -0.003223 
614 -0.000397 
615 0.000531 
616 0.001263 
617 0.004796 
618 0.008241 
619 0.006215 
620 0.000059 
621 -0.003549 
622 -0.004163 
623 -0.004501 
624 -0.002683 
625 0.002148 
626 0.005380 
627 0.005053 
628 0.004997 
629 0.005857 
630 0.004251 
631 -0.000971 
632 -0.006130 
633 -0.006494 
634 -0.002762 
635 -0.000942 
636 -0.002109 
637 -0.001504 
638 0.000336 
639 -0.000740 
640 -0.003183 
641 -0.002930 
642 -0.000773 
643 0.000355 
644 0.000013 
645 -0.000128 
646 0.001827 
647 0.004875 
648 0.005012 
649 0.002093 
650 -0.000007 
651 -0.001061 
652 -0.002352 
653 -0.002017 
654 -0.000370 
655 0.000592 
656 0.001009 
657 0.001315 
658 0.002974 
659 0.006249 
660 0.006943 
661 0.002797 
662 -0.000973 
663 -0.000838 
664 -0.000942 
665 -0.003683 
666 -0.005435 
667 -0.004208 
668 -0.001792 
669 0.000440 
670 0.002456 
671 0.004713 
672 0.005999 
673 0.003557 
674 -0.001597 
675 -0.004813 
676 -0.005301 
677 -0.005898 
678 -0.005766 
679 -0.003247 
680 0.000057 
681 0.002090 
682 0.002752 
683 0.001874 
684 -0.000004 
685 -0.000686 
686 -0.000679 
687 -0.001497 
688 -0.001635 
689 0.000228 
690 0.002254 
691 0.002470 
692 0.001252 
693 0.000447 
694 0.000760 
695 0.001024 
696 0.000065 
697 -0.001125 
698 -0.000292 
699 0.002395 
700 0.003737 
701 0.003146 
702 0.003023 
703 0.003965 
704 0.003474 
705 0.000751 
706 -0.002135 
707 -0.002683 
708 -0.000748 
709 0.000434 
710 -0.000858 
711 -0.001673 
712 0.000424 
713 0.001324 
714 -0.000800 
715 -0.001678 
716 -0.000351 
717 -0.000258 
718 -0.000810 
719 -0.000073 
720 0.000773 
721 -0.000034 
722 -0.002460 
723 -0.004235 
724 -0.003727 
725 -0.002643 
726 -0.003495 
727 -0.004013 
728 -0.001562 
729 0.001375 
730 0.001723 
731 0.000510 
732 -0.000074 
733 -0.000067 
734 0.000085 
735 -0.000997 
736 -0.002966 
737 -0.003347 
738 -0.001795 
739 -0.000955 
740 -0.001620 
741 -0.001514 
742 0.000202 
743 0.001392 
744 0.000407 
745 -0.000560 
746 0.000783 
747 0.002216 
748 0.000828 
749 -0.001744 
750 -0.002394 
751 -0.001529 
752 -0.001731 
753 -0.002624 
754 -0.002330 
755 -0.001356 
756 -0.001365 
757 -0.001779 
758 -0.001140 
759 -0.000143 
760 -0.000370 
761 -0.001764 
762 -0.003108 
763 -0.003202 
764 -0.002190 
765 -0.001174 
766 -0.000841 
767 -0.000785 
768 -0.000590 
769 -0.000400 
770 -0.000511 
771 -0.000731 
772 -0.001323 
773 -0.002490 
774 -0.003225 
775 -0.002328 
776 -0.000347 
777 0.000982 
778 0.001423 
779 0.001336 
780 0.000295 
781 -0.001038 
782 -0.001349 
783 -0.001172 
784 -0.001024 
785 -0.000189 
786 0.000972 
787 0.000913 
788 -0.000358 
789 -0.001392 
790 -0.001570 
791 -0.001518 
792 -0.002015 
793 -0.002753 
794 -0.002459 
795 -0.000801 
796 0.000054 
797 -0.001041 
798 -0.001616 
799 -0.000924 
800 -0.000753 
801 -0.000988 
802 -0.000288 
803 0.000329 
804 0.000046 
805 -0.000276 
806 -0.000097 
807 -0.000092 
808 -0.000575 
809 -0.001209 
810 -0.001290 
811 -0.000345 
812 0.001053 
813 0.001608 
814 0.001874 
815 0.002693 
816 0.003023 
817 0.002351 
818 0.001655 
819 0.001154 
820 0.000104 
821 -0.001036 
822 -0.000798 
823 0.000530 
824 0.001189 
825 0.000664 
826 0.000304 
827 0.000672 
828 0.000707 
829 -0.000010 
830 -0.000507 
831 -0.000095 
832 0.000445 
833 0.000438 
834 0.000153 
835 -0.000079 
836 0.000308 
837 0.001030 
838 0.001213 
839 0.000809 
840 0.000114 
841 -0.000460 
842 -0.000299 
843 0.000084 
844 -0.000309 
845 -0.000850 
846 -0.000261 
847 0.000712 
848 0.000431 
849 -0.000241 
850 0.000277 
851 0.001265 
852 0.001291 
853 0.000622 
854 0.000456 
855 0.001500 
856 0.002632 
857 0.002457 
858 0.001357 
859 0.000802 
860 0.000849 
861 0.000278 
862 -0.000840 
863 -0.001376 
864 -0.000997 
865 -0.000336 
866 0.000416 
867 0.001516 
868 0.002646 
869 0.003076 
870 0.002569 
871 0.001584 
872 0.000668 
873 -0.000225 
874 -0.001323 
875 -0.001743 
876 -0.000925 
877 -0.000068 
878 0.000035 
879 0.000310 
880 0.001137 
881 0.001390 
882 0.000897 
883 0.000341 
884 -0.000110 
885 -0.000229 
886 0.000106 
887 0.000404 
888 0.000717 
889 0.001356 
890 0.001624 
891 0.001227 
892 0.000868 
893 0.000695 
894 0.000413 
895 -0.000021 
896 -0.000517 
897 -0.000678 
898 -0.000254 
899 0.000374 
900 0.000613 
901 0.000629 
902 0.000589 
903 0.000209 
904 -0.000291 
905 -0.000229 
906 0.000106 
907 0.000013 
908 -0.000218 
909 0.000084 
910 0.000742 
911 0.001214 
912 0.001222 
913 0.000570 
914 -0.000463 
915 -0.001096 
916 -0.001106 
917 -0.000957 
918 -0.000888 
919 -0.000550 
920 0.000236 
921 0.001136 
922 0.001446 
923 0.001005 
924 0.000605 
925 0.000569 
926 0.000159 
927 -0.000776 
928 -0.001157 
929 -0.000537 
930 0.000123 
931 0.000230 
932 0.000102 
933 0.000147 
934 0.000140 
935 -0.000224 
936 -0.000713 
937 -0.000868 
938 -0.000753 
939 -0.000699 
940 -0.000658 
941 -0.000153 
942 0.000626 
943 0.000869 
944 0.000522 
945 0.000133 
946 -0.000115 
947 -0.000469 
948 -0.000843 
949 -0.000906 
950 -0.000663 
951 -0.000333 
952 -0.000114 
953 -0.000233 
954 -0.000609 
955 -0.000774 
956 -0.000690 
957 -0.000756 
958 -0.000925 
959 -0.000895 
960 -0.000403 
961 0.000533 
962 0.001248 
963 0.001170 
964 0.000722 
965 0.000382 
966 -0.000183 
967 -0.001084 
968 -0.001474 
969 -0.001135 
970 -0.000743 
971 -0.000440 
972 0.000164 
973 0.000912 
974 0.001183 
975 0.000729 
976 0.000096 
977 -0.000171 
978 -0.000292 
979 -0.000536 
980 -0.000603 
981 -0.000223 
982 0.000266 
983 0.000405 
984 0.000305 
985 0.000199 
986 -0.000081 
987 -0.000662 
988 -0.001139 
989 -0.001073 
990 -0.000584 
991 -0.000060 
992 0.000342 
993 0.000558 
994 0.000633 
995 0.000635 
996 0.000430 
997 0.000030 
998 -0.000254 
999 -0.000228 
1000 0.000017 
1001 0.000340 
1002 0.000526 
1003 0.000427 
1004 0.000150 
1005 -0.000216 
1006 -0.000600 
1007 -0.000719 
1008 -0.000481 
1009 -0.000144 
1010 0.000228 
1011 0.000560 
1012 0.000636 
1013 0.000414 
1014 0.000064 
1015 -0.000302 
1016 -0.000627 
1017 -0.000807 
1018 -0.000728 
1019 -0.000256 
1020 0.000386 
1021 0.000707 
1022 0.000720 
1023 0.000653 
