0 0.000209 
1 0.000249 
2 0.000341 
3 0.000282 
4 0.000027 
5 -0.000136 
6 -0.000005 
7 0.000238 
8 0.000286 
9 0.000139 
10 0.000053 
11 0.000091 
12 0.000040 
13 -0.000158 
14 -0.000290 
15 -0.000203 
16 -0.000016 
17 0.000130 
18 0.000323 
19 0.000571 
20 0.000616 
21 0.000417 
22 0.000200 
23 0.000059 
24 -0.000080 
25 -0.000188 
26 -0.000233 
27 -0.000278 
28 -0.000313 
29 -0.000306 
30 -0.000233 
31 -0.000177 
32 -0.000130 
33 -0.000010 
34 0.000021 
35 -0.000146 
36 -0.000351 
37 -0.000442 
38 -0.000544 
39 -0.000731 
40 -0.000676 
41 -0.000211 
42 0.000311 
43 0.000469 
44 0.000303 
45 0.000126 
46 -0.000071 
47 -0.000380 
48 -0.000660 
49 -0.000794 
50 -0.000791 
51 -0.000681 
52 -0.000476 
53 -0.000263 
54 -0.000006 
55 0.000293 
56 0.000309 
57 -0.000079 
58 -0.000361 
59 -0.000150 
60 0.000117 
61 -0.000082 
62 -0.000398 
63 -0.000185 
64 0.000307 
65 0.000211 
66 -0.000559 
67 -0.001054 
68 -0.000872 
69 -0.000633 
70 -0.000682 
71 -0.000681 
72 -0.000476 
73 -0.000342 
74 -0.000353 
75 -0.000297 
76 -0.000133 
77 0.000007 
78 0.000030 
79 0.000013 
80 0.000072 
81 0.000037 
82 -0.000405 
83 -0.001192 
84 -0.001711 
85 -0.001563 
86 -0.001085 
87 -0.000610 
88 -0.000108 
89 0.000513 
90 0.001086 
91 0.001189 
92 0.000673 
93 -0.000198 
94 -0.000896 
95 -0.001225 
96 -0.001378 
97 -0.001268 
98 -0.000630 
99 0.000385 
100 0.001224 
101 0.001474 
102 0.001078 
103 0.000399 
104 -0.000357 
105 -0.001336 
106 -0.002325 
107 -0.002644 
108 -0.001976 
109 -0.000879 
110 0.000068 
111 0.000942 
112 0.001620 
113 0.001611 
114 0.000920 
115 0.000080 
116 -0.000224 
117 0.000027 
118 0.000206 
119 0.000116 
120 0.000008 
121 -0.000070 
122 -0.000108 
123 -0.000025 
124 0.000304 
125 0.000931 
126 0.001908 
127 0.002843 
128 0.003038 
129 0.002450 
130 0.001626 
131 0.000736 
132 -0.000080 
133 -0.000209 
134 0.000756 
135 0.002261 
136 0.003267 
137 0.003320 
138 0.002771 
139 0.002110 
140 0.001407 
141 0.000901 
142 0.000984 
143 0.001641 
144 0.002432 
145 0.002818 
146 0.002647 
147 0.002044 
148 0.001233 
149 0.000274 
150 -0.000390 
151 0.000196 
152 0.002010 
153 0.003563 
154 0.003807 
155 0.003545 
156 0.003554 
157 0.002826 
158 0.001141 
159 -0.000126 
160 -0.000073 
161 0.000650 
162 0.001151 
163 0.001827 
164 0.003241 
165 0.004595 
166 0.004581 
167 0.003044 
168 0.001338 
169 0.000438 
170 -0.000033 
171 -0.000067 
172 0.000923 
173 0.002602 
174 0.004156 
175 0.005454 
176 0.006233 
177 0.005951 
178 0.004505 
179 0.002635 
180 0.000932 
181 -0.000341 
182 -0.001017 
183 -0.001290 
184 -0.001164 
185 -0.000306 
186 0.001264 
187 0.002892 
188 0.004104 
189 0.005119 
190 0.005815 
191 0.004989 
192 0.002322 
193 -0.000291 
194 -0.001232 
195 -0.001720 
196 -0.002956 
197 -0.003155 
198 -0.000725 
199 0.002219 
200 0.003190 
201 0.002944 
202 0.003132 
203 0.003243 
204 0.002203 
205 0.000596 
206 -0.000444 
207 -0.000970 
208 -0.001302 
209 -0.001345 
210 -0.000896 
211 -0.000159 
212 0.001126 
213 0.002718 
214 0.003407 
215 0.003156 
216 0.003203 
217 0.003569 
218 0.002859 
219 0.000398 
220 -0.002328 
221 -0.004498 
222 -0.006354 
223 -0.007231 
224 -0.006252 
225 -0.003896 
226 -0.001942 
227 -0.001042 
228 -0.000511 
229 -0.000543 
230 -0.001361 
231 -0.002526 
232 -0.003838 
233 -0.005401 
234 -0.006479 
235 -0.006108 
236 -0.004701 
237 -0.004241 
238 -0.005384 
239 -0.006114 
240 -0.005558 
241 -0.005366 
242 -0.006636 
243 -0.007705 
244 -0.006441 
245 -0.003393 
246 -0.001517 
247 -0.001873 
248 -0.002529 
249 -0.002571 
250 -0.003252 
251 -0.004979 
252 -0.006353 
253 -0.006925 
254 -0.007687 
255 -0.008104 
256 -0.007234 
257 -0.006002 
258 -0.005499 
259 -0.004861 
260 -0.003172 
261 -0.001816 
262 -0.002119 
263 -0.003296 
264 -0.004709 
265 -0.006582 
266 -0.008374 
267 -0.008782 
268 -0.008010 
269 -0.007218 
270 -0.006007 
271 -0.003690 
272 -0.001751 
273 -0.002030 
274 -0.003450 
275 -0.004224 
276 -0.004828 
277 -0.006214 
278 -0.007339 
279 -0.007099 
280 -0.006325 
281 -0.006418 
282 -0.006683 
283 -0.005314 
284 -0.002992 
285 -0.001075 
286 0.000469 
287 0.001267 
288 0.000355 
289 -0.001819 
290 -0.003507 
291 -0.004162 
292 -0.004675 
293 -0.005027 
294 -0.004029 
295 -0.001608 
296 0.000740 
297 0.001651 
298 0.001460 
299 0.000696 
300 -0.000886 
301 -0.002534 
302 -0.002620 
303 -0.001185 
304 0.000186 
305 0.000904 
306 0.002061 
307 0.003802 
308 0.003081 
309 -0.001006 
310 -0.004997 
311 -0.006373 
312 -0.006362 
313 -0.005627 
314 -0.002165 
315 0.002984 
316 0.005034 
317 0.003282 
318 0.002380 
319 0.004072 
320 0.004961 
321 0.004130 
322 0.004397 
323 0.005310 
324 0.004531 
325 0.003197 
326 0.003428 
327 0.004233 
328 0.004206 
329 0.004931 
330 0.007391 
331 0.009523 
332 0.010142 
333 0.010725 
334 0.011430 
335 0.010245 
336 0.007220 
337 0.005409 
338 0.005609 
339 0.005242 
340 0.004027 
341 0.005652 
342 0.011447 
343 0.016813 
344 0.016873 
345 0.013487 
346 0.010168 
347 0.006445 
348 0.001573 
349 -0.001555 
350 -0.000697 
351 0.001745 
352 0.003226 
353 0.005266 
354 0.009098 
355 0.011591 
356 0.009905 
357 0.006423 
358 0.005038 
359 0.005039 
360 0.004366 
361 0.004079 
362 0.004785 
363 0.005049 
364 0.005433 
365 0.008672 
366 0.014765 
367 0.019231 
368 0.018827 
369 0.014895 
370 0.010132 
371 0.005427 
372 0.000893 
373 -0.001925 
374 -0.002546 
375 -0.001209 
376 0.002516 
377 0.007410 
378 0.010950 
379 0.011405 
380 0.010664 
381 0.010729 
382 0.009423 
383 0.005411 
384 0.001427 
385 0.000426 
386 -0.000099 
387 -0.003394 
388 -0.006563 
389 -0.005108 
390 -0.000925 
391 0.001648 
392 0.002738 
393 0.004832 
394 0.006879 
395 0.005921 
396 0.003249 
397 0.002338 
398 0.001953 
399 -0.000168 
400 -0.001938 
401 -0.001260 
402 0.000017 
403 -0.000424 
404 -0.001826 
405 -0.001882 
406 0.000215 
407 0.002974 
408 0.005091 
409 0.006221 
410 0.005580 
411 0.002889 
412 -0.000744 
413 -0.004228 
414 -0.007230 
415 -0.009526 
416 -0.009371 
417 -0.006594 
418 -0.003995 
419 -0.002713 
420 -0.001178 
421 0.002133 
422 0.004973 
423 0.004853 
424 0.002315 
425 -0.001275 
426 -0.005587 
427 -0.009768 
428 -0.012538 
429 -0.014024 
430 -0.014180 
431 -0.011803 
432 -0.005897 
433 0.000387 
434 0.003741 
435 0.004939 
436 0.005074 
437 0.002194 
438 -0.003713 
439 -0.009551 
440 -0.013772 
441 -0.017113 
442 -0.018806 
443 -0.016476 
444 -0.009741 
445 -0.001933 
446 0.003738 
447 0.006376 
448 0.006790 
449 0.005391 
450 0.002000 
451 -0.002259 
452 -0.005779 
453 -0.008619 
454 -0.010595 
455 -0.010275 
456 -0.007945 
457 -0.006274 
458 -0.006151 
459 -0.004550 
460 -0.000140 
461 0.003908 
462 0.004454 
463 0.001415 
464 -0.003320 
465 -0.008221 
466 -0.012952 
467 -0.017322 
468 -0.019489 
469 -0.017390 
470 -0.011263 
471 -0.004324 
472 0.000711 
473 0.003674 
474 0.005603 
475 0.006938 
476 0.006561 
477 0.002495 
478 -0.003691 
479 -0.007949 
480 -0.010076 
481 -0.012241 
482 -0.014457 
483 -0.013896 
484 -0.009226 
485 -0.002479 
486 0.005014 
487 0.011729 
488 0.014166 
489 0.010795 
490 0.005726 
491 0.002649 
492 -0.000530 
493 -0.005888 
494 -0.010231 
495 -0.009582 
496 -0.005476 
497 -0.001416 
498 0.003344 
499 0.007684 
500 0.008494 
501 0.006611 
502 0.004009 
503 0.000596 
504 -0.004221 
505 -0.008736 
506 -0.009453 
507 -0.007327 
508 -0.004909 
509 -0.002344 
510 0.000489 
511 0.002291 
512 0.002598 
513 0.003078 
514 0.004237 
515 0.003494 
516 0.000251 
517 -0.001760 
518 0.000236 
519 0.003788 
520 0.004608 
521 0.002620 
522 0.001314 
523 0.001625 
524 0.000793 
525 -0.001865 
526 -0.003621 
527 -0.002630 
528 -0.000319 
529 0.001721 
530 0.004512 
531 0.007911 
532 0.008603 
533 0.005972 
534 0.002851 
535 0.000751 
536 -0.000847 
537 -0.001861 
538 -0.002365 
539 -0.003096 
540 -0.003546 
541 -0.003243 
542 -0.002247 
543 -0.001714 
544 -0.001325 
545 0.000118 
546 0.000783 
547 -0.000778 
548 -0.002940 
549 -0.004077 
550 -0.005420 
551 -0.007606 
552 -0.007200 
553 -0.002534 
554 0.002914 
555 0.004947 
556 0.003761 
557 0.002109 
558 -0.000177 
559 -0.003608 
560 -0.006452 
561 -0.007606 
562 -0.007394 
563 -0.006213 
564 -0.004150 
565 -0.002000 
566 0.000537 
567 0.003336 
568 0.003424 
569 -0.000214 
570 -0.002974 
571 -0.001389 
572 0.000863 
573 -0.000679 
574 -0.003203 
575 -0.001435 
576 0.002578 
577 0.001839 
578 -0.004263 
579 -0.008099 
580 -0.006550 
581 -0.004579 
582 -0.004906 
583 -0.005006 
584 -0.003745 
585 -0.003047 
586 -0.003112 
587 -0.002257 
588 -0.000556 
589 0.000602 
590 0.000741 
591 0.000736 
592 0.001206 
593 0.000545 
594 -0.003162 
595 -0.008761 
596 -0.011897 
597 -0.010454 
598 -0.007147 
599 -0.003921 
600 -0.000274 
601 0.004004 
602 0.007281 
603 0.007220 
604 0.003757 
605 -0.001263 
606 -0.005061 
607 -0.006766 
608 -0.007549 
609 -0.007008 
610 -0.003737 
611 0.001618 
612 0.006293 
613 0.007910 
614 0.005911 
615 0.002397 
616 -0.001418 
617 -0.006556 
618 -0.011934 
619 -0.013688 
620 -0.010124 
621 -0.004513 
622 0.000073 
623 0.004292 
624 0.007727 
625 0.007807 
626 0.004401 
627 0.000283 
628 -0.001076 
629 0.000185 
630 0.000937 
631 0.000433 
632 -0.000059 
633 -0.000473 
634 -0.000850 
635 -0.000642 
636 0.000817 
637 0.003557 
638 0.007628 
639 0.011492 
640 0.012381 
641 0.009985 
642 0.006428 
643 0.002687 
644 -0.000401 
645 -0.000658 
646 0.002958 
647 0.008157 
648 0.011352 
649 0.011312 
650 0.009471 
651 0.007418 
652 0.005088 
653 0.003226 
654 0.003359 
655 0.005567 
656 0.008215 
657 0.009277 
658 0.008417 
659 0.006401 
660 0.003923 
661 0.000815 
662 -0.001570 
663 0.000016 
664 0.005506 
665 0.010116 
666 0.010709 
667 0.010033 
668 0.010497 
669 0.008772 
670 0.003879 
671 -0.000200 
672 -0.000682 
673 0.000854 
674 0.002173 
675 0.004324 
676 0.008410 
677 0.012077 
678 0.012128 
679 0.008303 
680 0.003865 
681 0.001180 
682 -0.000393 
683 -0.000537 
684 0.001933 
685 0.005794 
686 0.009270 
687 0.012482 
688 0.014681 
689 0.014109 
690 0.010493 
691 0.005905 
692 0.001910 
693 -0.000949 
694 -0.002438 
695 -0.003073 
696 -0.002832 
697 -0.000935 
698 0.002591 
699 0.006241 
700 0.008796 
701 0.010615 
702 0.011665 
703 0.009757 
704 0.004296 
705 -0.000953 
706 -0.002699 
707 -0.003361 
708 -0.005500 
709 -0.005894 
710 -0.001524 
711 0.003798 
712 0.005612 
713 0.005329 
714 0.005800 
715 0.005899 
716 0.003750 
717 0.000764 
718 -0.000834 
719 -0.001455 
720 -0.002040 
721 -0.002266 
722 -0.001425 
723 0.000032 
724 0.002078 
725 0.004245 
726 0.005007 
727 0.004573 
728 0.004678 
729 0.005161 
730 0.004133 
731 0.000832 
732 -0.002792 
733 -0.005915 
734 -0.008802 
735 -0.010191 
736 -0.008888 
737 -0.005746 
738 -0.003119 
739 -0.001748 
740 -0.000820 
741 -0.000705 
742 -0.001595 
743 -0.002869 
744 -0.004411 
745 -0.006476 
746 -0.008005 
747 -0.007659 
748 -0.006032 
749 -0.005581 
750 -0.006917 
751 -0.007503 
752 -0.006475 
753 -0.005951 
754 -0.007209 
755 -0.008316 
756 -0.006887 
757 -0.003550 
758 -0.001567 
759 -0.002086 
760 -0.002924 
761 -0.002928 
762 -0.003383 
763 -0.004931 
764 -0.006308 
765 -0.006974 
766 -0.007747 
767 -0.008071 
768 -0.007136 
769 -0.005903 
770 -0.005354 
771 -0.004632 
772 -0.002981 
773 -0.001759 
774 -0.002053 
775 -0.002999 
776 -0.004101 
777 -0.005712 
778 -0.007352 
779 -0.007719 
780 -0.006951 
781 -0.006163 
782 -0.005069 
783 -0.003109 
784 -0.001585 
785 -0.001943 
786 -0.003036 
787 -0.003383 
788 -0.003628 
789 -0.004688 
790 -0.005634 
791 -0.005481 
792 -0.004834 
793 -0.004806 
794 -0.004985 
795 -0.004081 
796 -0.002495 
797 -0.001058 
798 0.000262 
799 0.001067 
800 0.000544 
801 -0.000964 
802 -0.002143 
803 -0.002607 
804 -0.003050 
805 -0.003478 
806 -0.002983 
807 -0.001427 
808 0.000168 
809 0.000851 
810 0.000867 
811 0.000573 
812 -0.000255 
813 -0.001244 
814 -0.001400 
815 -0.000685 
816 0.000013 
817 0.000356 
818 0.000984 
819 0.001984 
820 0.001599 
821 -0.000674 
822 -0.002877 
823 -0.003622 
824 -0.003594 
825 -0.003142 
826 -0.001217 
827 0.001556 
828 0.002625 
829 0.001685 
830 0.001187 
831 0.002014 
832 0.002442 
833 0.002038 
834 0.002207 
835 0.002694 
836 0.002337 
837 0.001652 
838 0.001630 
839 0.001854 
840 0.001742 
841 0.002049 
842 0.003173 
843 0.004153 
844 0.004498 
845 0.004878 
846 0.005277 
847 0.004724 
848 0.003263 
849 0.002294 
850 0.002212 
851 0.001974 
852 0.001497 
853 0.002255 
854 0.004649 
855 0.006727 
856 0.006627 
857 0.005221 
858 0.003929 
859 0.002515 
860 0.000625 
861 -0.000660 
862 -0.000410 
863 0.000570 
864 0.001260 
865 0.002038 
866 0.003314 
867 0.004101 
868 0.003487 
869 0.002248 
870 0.001663 
871 0.001549 
872 0.001298 
873 0.001239 
874 0.001516 
875 0.001656 
876 0.001834 
877 0.002874 
878 0.004701 
879 0.005906 
880 0.005593 
881 0.004325 
882 0.002938 
883 0.001592 
884 0.000268 
885 -0.000533 
886 -0.000645 
887 -0.000201 
888 0.000840 
889 0.002129 
890 0.002998 
891 0.003019 
892 0.002749 
893 0.002751 
894 0.002441 
895 0.001431 
896 0.000398 
897 0.000121 
898 0.000024 
899 -0.000684 
900 -0.001374 
901 -0.001060 
902 -0.000191 
903 0.000309 
904 0.000543 
905 0.001044 
906 0.001514 
907 0.001318 
908 0.000794 
909 0.000665 
910 0.000590 
911 0.000096 
912 -0.000314 
913 -0.000189 
914 0.000048 
915 -0.000088 
916 -0.000395 
917 -0.000387 
918 0.000056 
919 0.000602 
920 0.001008 
921 0.001227 
922 0.001117 
923 0.000621 
924 -0.000048 
925 -0.000663 
926 -0.001159 
927 -0.001522 
928 -0.001498 
929 -0.001071 
930 -0.000680 
931 -0.000482 
932 -0.000212 
933 0.000367 
934 0.000865 
935 0.000855 
936 0.000442 
937 -0.000104 
938 -0.000725 
939 -0.001345 
940 -0.001807 
941 -0.002095 
942 -0.002132 
943 -0.001719 
944 -0.000778 
945 0.000150 
946 0.000598 
947 0.000755 
948 0.000786 
949 0.000362 
950 -0.000509 
951 -0.001295 
952 -0.001761 
953 -0.002118 
954 -0.002347 
955 -0.002083 
956 -0.001221 
957 -0.000229 
958 0.000434 
959 0.000707 
960 0.000775 
961 0.000677 
962 0.000301 
963 -0.000231 
964 -0.000652 
965 -0.000937 
966 -0.001138 
967 -0.001147 
968 -0.000937 
969 -0.000728 
970 -0.000646 
971 -0.000447 
972 -0.000008 
973 0.000389 
974 0.000443 
975 0.000134 
976 -0.000351 
977 -0.000842 
978 -0.001310 
979 -0.001747 
980 -0.001963 
981 -0.001738 
982 -0.001104 
983 -0.000396 
984 0.000111 
985 0.000401 
986 0.000568 
987 0.000657 
988 0.000573 
989 0.000156 
990 -0.000428 
991 -0.000794 
992 -0.000936 
993 -0.001074 
994 -0.001231 
995 -0.001169 
996 -0.000777 
997 -0.000228 
998 0.000379 
999 0.000934 
1000 0.001157 
1001 0.000912 
1002 0.000515 
1003 0.000260 
1004 -0.000021 
1005 -0.000484 
1006 -0.000854 
1007 -0.000810 
1008 -0.000484 
1009 -0.000155 
1010 0.000251 
1011 0.000635 
1012 0.000716 
1013 0.000546 
1014 0.000305 
1015 0.000013 
1016 -0.000376 
1017 -0.000736 
1018 -0.000792 
1019 -0.000613 
1020 -0.000401 
1021 -0.000174 
1022 0.000064 
1023 0.000200 
