0 0.000165 
1 0.000130 
2 0.000046 
3 -0.000031 
4 -0.000041 
5 0.000002 
6 0.000034 
7 0.000052 
8 0.000107 
9 0.000149 
10 0.000117 
11 0.000034 
12 -0.000000 
13 0.000032 
14 0.000056 
15 0.000076 
16 0.000108 
17 0.000184 
18 0.000261 
19 0.000266 
20 0.000200 
21 0.000128 
22 0.000105 
23 0.000129 
24 0.000165 
25 0.000168 
26 0.000137 
27 0.000075 
28 0.000054 
29 0.000108 
30 0.000189 
31 0.000209 
32 0.000185 
33 0.000107 
34 0.000007 
35 -0.000052 
36 -0.000059 
37 -0.000058 
38 -0.000040 
39 0.000005 
40 0.000091 
41 0.000229 
42 0.000326 
43 0.000334 
44 0.000294 
45 0.000236 
46 0.000171 
47 0.000154 
48 0.000166 
49 0.000181 
50 0.000194 
51 0.000201 
52 0.000222 
53 0.000203 
54 0.000102 
55 0.000019 
56 -0.000014 
57 -0.000047 
58 -0.000089 
59 -0.000076 
60 -0.000020 
61 0.000075 
62 0.000175 
63 0.000318 
64 0.000467 
65 0.000520 
66 0.000442 
67 0.000314 
68 0.000229 
69 0.000204 
70 0.000244 
71 0.000333 
72 0.000389 
73 0.000355 
74 0.000256 
75 0.000197 
76 0.000155 
77 0.000067 
78 0.000008 
79 0.000014 
80 0.000009 
81 -0.000045 
82 -0.000068 
83 0.000016 
84 0.000169 
85 0.000288 
86 0.000368 
87 0.000426 
88 0.000446 
89 0.000382 
90 0.000323 
91 0.000266 
92 0.000252 
93 0.000317 
94 0.000423 
95 0.000507 
96 0.000546 
97 0.000493 
98 0.000415 
99 0.000297 
100 0.000064 
101 -0.000172 
102 -0.000357 
103 -0.000487 
104 -0.000459 
105 -0.000281 
106 -0.000015 
107 0.000292 
108 0.000570 
109 0.000725 
110 0.000712 
111 0.000561 
112 0.000360 
113 0.000271 
114 0.000298 
115 0.000337 
116 0.000329 
117 0.000312 
118 0.000263 
119 0.000220 
120 0.000226 
121 0.000209 
122 0.000142 
123 0.000007 
124 -0.000162 
125 -0.000308 
126 -0.000386 
127 -0.000275 
128 -0.000048 
129 0.000090 
130 0.000056 
131 -0.000052 
132 -0.000143 
133 -0.000186 
134 -0.000260 
135 -0.000293 
136 -0.000147 
137 0.000147 
138 0.000648 
139 0.001247 
140 0.001652 
141 0.001617 
142 0.001219 
143 0.000567 
144 -0.000110 
145 -0.000775 
146 -0.001416 
147 -0.001861 
148 -0.002069 
149 -0.001973 
150 -0.001448 
151 -0.000598 
152 0.000258 
153 0.000855 
154 0.001106 
155 0.001186 
156 0.001103 
157 0.000674 
158 0.000096 
159 -0.000435 
160 -0.000850 
161 -0.000978 
162 -0.000744 
163 -0.000418 
164 0.000075 
165 0.000627 
166 0.001092 
167 0.001305 
168 0.000924 
169 0.000191 
170 -0.000570 
171 -0.001285 
172 -0.001806 
173 -0.001814 
174 -0.001393 
175 -0.000830 
176 -0.000399 
177 -0.000254 
178 -0.000153 
179 -0.000143 
180 -0.000339 
181 -0.000647 
182 -0.000764 
183 -0.000672 
184 -0.000408 
185 -0.000026 
186 0.000196 
187 0.000269 
188 0.000490 
189 0.001067 
190 0.001563 
191 0.001392 
192 0.000385 
193 -0.000909 
194 -0.001975 
195 -0.002626 
196 -0.002735 
197 -0.002311 
198 -0.001673 
199 -0.001165 
200 -0.000688 
201 -0.000084 
202 0.000504 
203 0.000814 
204 0.000781 
205 0.000395 
206 -0.000215 
207 -0.000872 
208 -0.001344 
209 -0.001645 
210 -0.001822 
211 -0.001639 
212 -0.000883 
213 0.000173 
214 0.000961 
215 0.001039 
216 0.000506 
217 -0.000463 
218 -0.001441 
219 -0.002151 
220 -0.002168 
221 -0.001583 
222 -0.000911 
223 -0.000277 
224 0.000374 
225 0.000612 
226 0.000393 
227 -0.000066 
228 -0.000904 
229 -0.001814 
230 -0.002317 
231 -0.002462 
232 -0.002199 
233 -0.001553 
234 -0.000696 
235 0.000336 
236 0.001397 
237 0.001791 
238 0.001366 
239 0.000369 
240 -0.000972 
241 -0.002223 
242 -0.002943 
243 -0.003161 
244 -0.002829 
245 -0.001996 
246 -0.000938 
247 0.000225 
248 0.001233 
249 0.001719 
250 0.001607 
251 0.000918 
252 -0.000083 
253 -0.001003 
254 -0.001947 
255 -0.002736 
256 -0.002785 
257 -0.001958 
258 -0.000599 
259 0.000577 
260 0.000998 
261 0.000690 
262 -0.000182 
263 -0.001299 
264 -0.002073 
265 -0.002307 
266 -0.001855 
267 -0.000842 
268 0.000313 
269 0.001216 
270 0.001595 
271 0.001282 
272 0.000432 
273 -0.000755 
274 -0.001955 
275 -0.002528 
276 -0.002303 
277 -0.001767 
278 -0.001059 
279 -0.000174 
280 0.000948 
281 0.001965 
282 0.002074 
283 0.001184 
284 -0.000203 
285 -0.001769 
286 -0.002926 
287 -0.003180 
288 -0.002484 
289 -0.001370 
290 0.000113 
291 0.001350 
292 0.002159 
293 0.002616 
294 0.002543 
295 0.002074 
296 0.001070 
297 -0.000399 
298 -0.002105 
299 -0.003382 
300 -0.003808 
301 -0.003255 
302 -0.001794 
303 0.000052 
304 0.001232 
305 0.001369 
306 0.000905 
307 0.000276 
308 -0.000376 
309 -0.000956 
310 -0.001232 
311 -0.000967 
312 -0.000513 
313 0.000150 
314 0.001237 
315 0.002378 
316 0.002972 
317 0.002500 
318 0.001336 
319 0.000121 
320 -0.001184 
321 -0.002505 
322 -0.002933 
323 -0.002344 
324 -0.001253 
325 -0.000107 
326 0.000981 
327 0.001608 
328 0.001521 
329 0.000560 
330 -0.001067 
331 -0.002724 
332 -0.003877 
333 -0.003908 
334 -0.002503 
335 -0.000223 
336 0.001946 
337 0.003377 
338 0.003903 
339 0.003571 
340 0.002677 
341 0.001760 
342 0.000886 
343 -0.000068 
344 -0.001265 
345 -0.002085 
346 -0.002235 
347 -0.001821 
348 -0.000926 
349 0.000192 
350 0.000961 
351 0.000804 
352 -0.000384 
353 -0.001671 
354 -0.002409 
355 -0.002849 
356 -0.002619 
357 -0.001453 
358 0.000446 
359 0.001996 
360 0.002936 
361 0.003275 
362 0.003120 
363 0.002460 
364 0.001241 
365 -0.000107 
366 -0.001207 
367 -0.002129 
368 -0.002476 
369 -0.001834 
370 -0.000559 
371 0.000827 
372 0.002009 
373 0.002127 
374 0.001166 
375 -0.000926 
376 -0.003009 
377 -0.004170 
378 -0.004192 
379 -0.003430 
380 -0.001743 
381 0.000202 
382 0.001630 
383 0.002772 
384 0.003538 
385 0.004105 
386 0.004169 
387 0.003393 
388 0.001549 
389 -0.000575 
390 -0.002363 
391 -0.003296 
392 -0.002869 
393 -0.001613 
394 -0.000305 
395 0.000614 
396 0.001131 
397 0.000811 
398 -0.000048 
399 -0.001459 
400 -0.002523 
401 -0.002853 
402 -0.002913 
403 -0.002264 
404 -0.000651 
405 0.001192 
406 0.002903 
407 0.004260 
408 0.005073 
409 0.005062 
410 0.003678 
411 0.001050 
412 -0.001754 
413 -0.003927 
414 -0.004748 
415 -0.003890 
416 -0.002185 
417 -0.000810 
418 0.000668 
419 0.002226 
420 0.002819 
421 0.002234 
422 0.000812 
423 -0.000793 
424 -0.002370 
425 -0.003605 
426 -0.004145 
427 -0.003066 
428 -0.000928 
429 0.001075 
430 0.002705 
431 0.003898 
432 0.004619 
433 0.004665 
434 0.004011 
435 0.002158 
436 -0.000203 
437 -0.002281 
438 -0.003071 
439 -0.002645 
440 -0.001996 
441 -0.001232 
442 0.000215 
443 0.001490 
444 0.001381 
445 -0.000091 
446 -0.001574 
447 -0.002431 
448 -0.002974 
449 -0.002961 
450 -0.001516 
451 0.000883 
452 0.003171 
453 0.004473 
454 0.004925 
455 0.004511 
456 0.003490 
457 0.002398 
458 0.001113 
459 -0.000882 
460 -0.002842 
461 -0.003652 
462 -0.003072 
463 -0.001651 
464 0.000230 
465 0.002114 
466 0.003307 
467 0.002651 
468 0.000750 
469 -0.000764 
470 -0.001572 
471 -0.002107 
472 -0.002357 
473 -0.001637 
474 0.000018 
475 0.001821 
476 0.002896 
477 0.003243 
478 0.003126 
479 0.002488 
480 0.002015 
481 0.002126 
482 0.002346 
483 0.001851 
484 0.000715 
485 0.000063 
486 0.000462 
487 0.001207 
488 0.001652 
489 0.001477 
490 0.000729 
491 -0.000430 
492 -0.001627 
493 -0.002103 
494 -0.001666 
495 -0.000631 
496 0.000324 
497 0.001315 
498 0.002249 
499 0.002763 
500 0.002844 
501 0.002390 
502 0.001447 
503 0.000552 
504 0.000117 
505 0.000249 
506 0.000579 
507 0.001238 
508 0.001928 
509 0.002120 
510 0.002181 
511 0.002198 
512 0.002220 
513 0.001778 
514 0.000713 
515 -0.000257 
516 -0.000383 
517 0.000163 
518 0.000559 
519 0.000782 
520 0.001464 
521 0.001978 
522 0.001574 
523 0.000536 
524 0.000102 
525 0.000490 
526 0.000789 
527 0.001046 
528 0.001437 
529 0.002359 
530 0.003272 
531 0.003321 
532 0.002513 
533 0.001625 
534 0.001343 
535 0.001606 
536 0.002019 
537 0.002044 
538 0.001680 
539 0.000974 
540 0.000732 
541 0.001341 
542 0.002250 
543 0.002466 
544 0.002194 
545 0.001306 
546 0.000193 
547 -0.000450 
548 -0.000533 
549 -0.000521 
550 -0.000318 
551 0.000163 
552 0.001059 
553 0.002483 
554 0.003476 
555 0.003530 
556 0.003105 
557 0.002495 
558 0.001839 
559 0.001652 
560 0.001765 
561 0.001893 
562 0.001995 
563 0.002038 
564 0.002224 
565 0.002015 
566 0.001046 
567 0.000279 
568 -0.000009 
569 -0.000308 
570 -0.000673 
571 -0.000562 
572 -0.000065 
573 0.000767 
574 0.001611 
575 0.002814 
576 0.004048 
577 0.004456 
578 0.003779 
579 0.002708 
580 0.001986 
581 0.001764 
582 0.002055 
583 0.002722 
584 0.003127 
585 0.002842 
586 0.002067 
587 0.001596 
588 0.001274 
589 0.000617 
590 0.000177 
591 0.000210 
592 0.000174 
593 -0.000196 
594 -0.000342 
595 0.000240 
596 0.001280 
597 0.002054 
598 0.002547 
599 0.002892 
600 0.002983 
601 0.002532 
602 0.002122 
603 0.001742 
604 0.001628 
605 0.001999 
606 0.002608 
607 0.003080 
608 0.003284 
609 0.002947 
610 0.002469 
611 0.001770 
612 0.000448 
613 -0.000862 
614 -0.001863 
615 -0.002541 
616 -0.002358 
617 -0.001392 
618 0.000010 
619 0.001581 
620 0.002966 
621 0.003703 
622 0.003587 
623 0.002809 
624 0.001810 
625 0.001362 
626 0.001467 
627 0.001633 
628 0.001584 
629 0.001504 
630 0.001265 
631 0.001051 
632 0.001054 
633 0.000967 
634 0.000671 
635 0.000097 
636 -0.000613 
637 -0.001209 
638 -0.001528 
639 -0.001062 
640 -0.000136 
641 0.000411 
642 0.000272 
643 -0.000150 
644 -0.000494 
645 -0.000653 
646 -0.000924 
647 -0.001036 
648 -0.000483 
649 0.000587 
650 0.002362 
651 0.004452 
652 0.005811 
653 0.005619 
654 0.004195 
655 0.001932 
656 -0.000350 
657 -0.002541 
658 -0.004607 
659 -0.005991 
660 -0.006604 
661 -0.006234 
662 -0.004525 
663 -0.001841 
664 0.000808 
665 0.002620 
666 0.003340 
667 0.003530 
668 0.003228 
669 0.001944 
670 0.000266 
671 -0.001232 
672 -0.002377 
673 -0.002695 
674 -0.002025 
675 -0.001118 
676 0.000210 
677 0.001665 
678 0.002865 
679 0.003391 
680 0.002381 
681 0.000505 
682 -0.001404 
683 -0.003154 
684 -0.004392 
685 -0.004358 
686 -0.003302 
687 -0.001934 
688 -0.000897 
689 -0.000552 
690 -0.000317 
691 -0.000288 
692 -0.000733 
693 -0.001409 
694 -0.001649 
695 -0.001424 
696 -0.000839 
697 -0.000027 
698 0.000439 
699 0.000594 
700 0.001045 
701 0.002203 
702 0.003180 
703 0.002808 
704 0.000793 
705 -0.001737 
706 -0.003764 
707 -0.004957 
708 -0.005100 
709 -0.004248 
710 -0.003018 
711 -0.002062 
712 -0.001184 
713 -0.000103 
714 0.000926 
715 0.001460 
716 0.001400 
717 0.000731 
718 -0.000294 
719 -0.001370 
720 -0.002123 
721 -0.002597 
722 -0.002853 
723 -0.002536 
724 -0.001316 
725 0.000352 
726 0.001566 
727 0.001675 
728 0.000850 
729 -0.000602 
730 -0.002034 
731 -0.003047 
732 -0.003029 
733 -0.002151 
734 -0.001171 
735 -0.000273 
736 0.000637 
737 0.000952 
738 0.000643 
739 0.000012 
740 -0.001104 
741 -0.002288 
742 -0.002910 
743 -0.003059 
744 -0.002686 
745 -0.001833 
746 -0.000739 
747 0.000554 
748 0.001850 
749 0.002317 
750 0.001788 
751 0.000582 
752 -0.000994 
753 -0.002436 
754 -0.003240 
755 -0.003455 
756 -0.003044 
757 -0.002086 
758 -0.000899 
759 0.000380 
760 0.001473 
761 0.001986 
762 0.001857 
763 0.001123 
764 0.000077 
765 -0.000866 
766 -0.001813 
767 -0.002579 
768 -0.002604 
769 -0.001757 
770 -0.000406 
771 0.000734 
772 0.001129 
773 0.000830 
774 0.000009 
775 -0.001022 
776 -0.001713 
777 -0.001909 
778 -0.001484 
779 -0.000567 
780 0.000458 
781 0.001240 
782 0.001559 
783 0.001284 
784 0.000560 
785 -0.000435 
786 -0.001420 
787 -0.001874 
788 -0.001674 
789 -0.001226 
790 -0.000649 
791 0.000053 
792 0.000922 
793 0.001688 
794 0.001755 
795 0.001074 
796 0.000035 
797 -0.001114 
798 -0.001942 
799 -0.002099 
800 -0.001582 
801 -0.000778 
802 0.000261 
803 0.001113 
804 0.001657 
805 0.001947 
806 0.001880 
807 0.001552 
808 0.000878 
809 -0.000084 
810 -0.001179 
811 -0.001972 
812 -0.002220 
813 -0.001852 
814 -0.000940 
815 0.000192 
816 0.000902 
817 0.000976 
818 0.000693 
819 0.000324 
820 -0.000056 
821 -0.000383 
822 -0.000534 
823 -0.000378 
824 -0.000124 
825 0.000241 
826 0.000820 
827 0.001420 
828 0.001716 
829 0.001446 
830 0.000827 
831 0.000203 
832 -0.000457 
833 -0.001112 
834 -0.001312 
835 -0.001008 
836 -0.000470 
837 0.000084 
838 0.000599 
839 0.000889 
840 0.000837 
841 0.000388 
842 -0.000357 
843 -0.001099 
844 -0.001602 
845 -0.001601 
846 -0.000978 
847 0.000008 
848 0.000927 
849 0.001515 
850 0.001717 
851 0.001559 
852 0.001181 
853 0.000803 
854 0.000449 
855 0.000069 
856 -0.000399 
857 -0.000712 
858 -0.000767 
859 -0.000605 
860 -0.000271 
861 0.000144 
862 0.000423 
863 0.000363 
864 -0.000058 
865 -0.000505 
866 -0.000754 
867 -0.000897 
868 -0.000809 
869 -0.000410 
870 0.000221 
871 0.000721 
872 0.001013 
873 0.001110 
874 0.001045 
875 0.000829 
876 0.000444 
877 0.000029 
878 -0.000305 
879 -0.000578 
880 -0.000672 
881 -0.000473 
882 -0.000097 
883 0.000305 
884 0.000637 
885 0.000659 
886 0.000381 
887 -0.000198 
888 -0.000758 
889 -0.001057 
890 -0.001052 
891 -0.000844 
892 -0.000405 
893 0.000092 
894 0.000450 
895 0.000733 
896 0.000919 
897 0.001052 
898 0.001056 
899 0.000855 
900 0.000408 
901 -0.000095 
902 -0.000505 
903 -0.000709 
904 -0.000605 
905 -0.000322 
906 -0.000033 
907 0.000166 
908 0.000276 
909 0.000208 
910 0.000027 
911 -0.000264 
912 -0.000477 
913 -0.000538 
914 -0.000548 
915 -0.000418 
916 -0.000101 
917 0.000256 
918 0.000582 
919 0.000834 
920 0.000976 
921 0.000960 
922 0.000692 
923 0.000201 
924 -0.000300 
925 -0.000675 
926 -0.000806 
927 -0.000647 
928 -0.000350 
929 -0.000119 
930 0.000124 
931 0.000380 
932 0.000472 
933 0.000372 
934 0.000140 
935 -0.000115 
936 -0.000357 
937 -0.000543 
938 -0.000621 
939 -0.000457 
940 -0.000138 
941 0.000156 
942 0.000388 
943 0.000555 
944 0.000651 
945 0.000652 
946 0.000556 
947 0.000297 
948 -0.000028 
949 -0.000306 
950 -0.000408 
951 -0.000350 
952 -0.000262 
953 -0.000162 
954 0.000023 
955 0.000180 
956 0.000163 
957 -0.000019 
958 -0.000198 
959 -0.000297 
960 -0.000356 
961 -0.000351 
962 -0.000181 
963 0.000094 
964 0.000351 
965 0.000493 
966 0.000538 
967 0.000488 
968 0.000372 
969 0.000251 
970 0.000109 
971 -0.000103 
972 -0.000307 
973 -0.000386 
974 -0.000324 
975 -0.000177 
976 0.000014 
977 0.000202 
978 0.000319 
979 0.000251 
980 0.000064 
981 -0.000083 
982 -0.000160 
983 -0.000209 
984 -0.000231 
985 -0.000161 
986 -0.000006 
987 0.000160 
988 0.000258 
989 0.000288 
990 0.000276 
991 0.000215 
992 0.000170 
993 0.000178 
994 0.000195 
995 0.000152 
996 0.000053 
997 -0.000002 
998 0.000033 
999 0.000097 
1000 0.000134 
1001 0.000118 
1002 0.000054 
1003 -0.000043 
1004 -0.000142 
1005 -0.000181 
1006 -0.000142 
1007 -0.000055 
1008 0.000024 
1009 0.000105 
1010 0.000180 
1011 0.000222 
1012 0.000227 
1013 0.000189 
1014 0.000111 
1015 0.000038 
1016 0.000005 
1017 0.000018 
1018 0.000046 
1019 0.000099 
1020 0.000153 
1021 0.000166 
1022 0.000170 
1023 0.000172 
