0 -0.006537 
1 -0.019811 
2 -0.003058 
3 0.004606 
4 0.005012 
5 0.001150 
6 -0.005424 
7 0.008865 
8 0.002222 
9 0.006173 
10 -0.011741 
11 0.000490 
12 -0.001522 
13 -0.000171 
14 -0.001856 
15 -0.002134 
16 0.004691 
17 -0.009918 
18 -0.000641 
19 -0.008551 
20 0.010637 
21 -0.014224 
22 -0.004561 
23 -0.009814 
24 0.029069 
25 0.010284 
26 0.000119 
27 -0.028284 
28 -0.002686 
29 0.004419 
30 0.001868 
31 -0.009825 
32 -0.007481 
33 -0.003109 
34 -0.001078 
35 0.011772 
36 0.011158 
37 0.005637 
38 -0.013183 
39 -0.010027 
40 -0.003254 
41 0.001206 
42 -0.011738 
43 -0.006719 
44 0.007642 
45 0.016382 
46 -0.002336 
47 -0.007909 
48 -0.001114 
49 0.012147 
50 -0.005318 
51 -0.009038 
52 -0.013612 
53 0.007076 
54 0.005093 
55 0.013177 
56 -0.004468 
57 -0.002772 
58 0.001966 
59 0.016038 
60 0.002152 
61 -0.014297 
62 -0.015671 
63 -0.000455 
64 0.009817 
65 0.000552 
66 -0.002737 
67 -0.001863 
68 0.006085 
69 0.002928 
70 0.002306 
71 0.009263 
72 0.007393 
73 -0.003853 
74 -0.017321 
75 -0.003698 
76 0.001303 
77 0.011472 
78 -0.002525 
79 0.007317 
80 -0.003920 
81 0.000368 
82 -0.002080 
83 0.007467 
84 0.001210 
85 -0.003314 
86 -0.002847 
87 -0.001445 
88 0.004683 
89 0.002296 
90 0.009406 
91 -0.002836 
92 -0.007550 
93 -0.020067 
94 -0.002759 
95 0.007270 
96 0.016317 
97 -0.007041 
98 -0.003657 
99 -0.001192 
100 0.020027 
101 -0.007486 
102 -0.013623 
103 -0.028441 
104 0.004307 
105 0.001107 
106 0.009907 
107 -0.014216 
108 0.012232 
109 0.015301 
110 0.017985 
111 -0.010510 
112 -0.010671 
113 -0.007928 
114 -0.003921 
115 -0.009422 
116 -0.017373 
117 -0.000620 
118 -0.002241 
119 0.016408 
120 0.001816 
121 0.010827 
122 -0.005306 
123 0.006231 
124 -0.011567 
125 -0.000222 
126 -0.009060 
127 0.001047 
128 -0.004379 
129 -0.001181 
130 0.003292 
131 0.002589 
132 0.002646 
133 -0.010762 
134 -0.004896 
135 -0.007196 
136 0.001328 
137 -0.005354 
138 -0.000833 
139 0.004879 
140 0.004602 
141 0.005423 
142 -0.008089 
143 0.000730 
144 -0.017538 
145 -0.001157 
146 -0.009609 
147 0.010614 
148 -0.013221 
149 0.004613 
150 -0.001520 
151 0.017819 
152 -0.005685 
153 -0.009477 
154 -0.012580 
155 -0.005939 
156 -0.004341 
157 -0.016166 
158 -0.006005 
159 -0.005960 
160 0.016973 
161 -0.001502 
162 0.003565 
163 -0.017141 
164 0.003297 
165 -0.001472 
166 0.007719 
167 -0.015316 
168 -0.012502 
169 -0.005416 
170 0.012106 
171 0.000904 
172 -0.012436 
173 -0.007241 
174 0.004899 
175 0.003564 
176 -0.010443 
177 -0.006061 
178 0.003590 
179 0.012300 
180 0.002123 
181 -0.003612 
182 -0.004969 
183 0.002942 
184 -0.002338 
185 -0.000825 
186 -0.008628 
187 -0.001234 
188 -0.011182 
189 0.003779 
190 0.003057 
191 0.015649 
192 -0.004840 
193 -0.005613 
194 -0.008952 
195 0.001431 
196 0.003187 
197 -0.005092 
198 -0.012231 
199 -0.019798 
200 0.001499 
201 0.003105 
202 0.017308 
203 -0.003311 
204 0.004415 
205 -0.007879 
206 0.000271 
207 -0.010934 
208 -0.007736 
209 -0.008855 
210 -0.008464 
211 0.000379 
212 -0.004657 
213 0.008461 
214 0.001098 
215 0.015804 
216 -0.001101 
217 -0.000694 
218 -0.019584 
219 -0.009707 
220 -0.005110 
221 0.004304 
222 0.004411 
223 -0.002844 
224 0.008451 
225 0.006973 
226 0.014553 
227 -0.007469 
228 -0.008224 
229 -0.011306 
230 0.006125 
231 0.002789 
232 -0.010249 
233 -0.009209 
234 0.001438 
235 0.023437 
236 0.000000 
237 0.000633 
238 -0.014012 
239 0.013730 
240 -0.008424 
241 0.002758 
242 -0.011898 
243 0.015601 
244 0.002460 
245 0.001922 
246 -0.012571 
247 -0.002051 
248 -0.007727 
249 -0.004581 
250 -0.000120 
251 0.002934 
252 -0.004486 
253 -0.006358 
254 0.006644 
255 0.013214 
256 0.008153 
257 -0.005587 
258 -0.017055 
259 -0.012736 
260 -0.006578 
261 0.007945 
262 0.001296 
263 -0.002368 
264 -0.007811 
265 0.004885 
266 0.008217 
267 0.004013 
268 -0.007417 
269 -0.014702 
270 -0.004643 
271 -0.003003 
272 0.001947 
273 -0.005084 
274 0.005121 
275 0.003430 
276 0.010222 
277 0.000613 
278 -0.003781 
279 -0.008973 
280 -0.004704 
281 0.004377 
282 -0.001518 
283 -0.007698 
284 -0.009755 
285 0.013321 
286 0.013776 
287 0.008034 
288 -0.009984 
289 -0.006155 
290 0.000394 
291 -0.004035 
292 -0.008384 
293 -0.011417 
294 0.006871 
295 0.000459 
296 0.009046 
297 -0.005968 
298 0.006972 
299 -0.006061 
300 0.008404 
301 -0.002478 
302 -0.002962 
303 -0.019326 
304 -0.005573 
305 -0.000154 
306 0.003271 
307 -0.005004 
308 -0.003623 
309 -0.003659 
310 0.000006 
311 -0.000250 
312 0.002098 
313 -0.001445 
314 0.000184 
315 -0.001486 
316 0.000729 
317 -0.003026 
318 -0.005176 
319 -0.004974 
320 -0.000603 
321 0.006389 
322 -0.006882 
323 -0.009243 
324 -0.010987 
325 0.009197 
326 0.000743 
327 0.009085 
328 -0.006507 
329 0.003127 
330 -0.004030 
331 0.010853 
332 0.000434 
333 -0.009300 
334 -0.017512 
335 -0.003280 
336 0.010851 
337 0.001334 
338 -0.002667 
339 -0.006420 
340 0.011987 
341 0.008925 
342 0.002272 
343 -0.013142 
344 -0.007187 
345 0.001152 
346 -0.007575 
347 -0.003991 
348 -0.007310 
349 0.011835 
350 -0.004581 
351 0.007190 
352 -0.008403 
353 0.007397 
354 -0.011152 
355 -0.000142 
356 -0.000945 
357 0.010559 
358 0.005429 
359 -0.010850 
360 -0.005588 
361 -0.001908 
362 0.017037 
363 -0.019585 
364 -0.011371 
365 -0.025740 
366 0.016403 
367 -0.002650 
368 0.013844 
369 -0.009155 
370 0.019534 
371 0.008153 
372 0.004645 
373 -0.024513 
374 -0.018094 
375 -0.002353 
376 -0.002125 
377 -0.008451 
378 -0.017312 
379 0.004221 
380 0.004187 
381 0.014030 
382 0.000536 
383 0.006290 
384 -0.000798 
385 -0.002372 
386 -0.006239 
387 -0.008396 
388 0.001103 
389 -0.003737 
390 0.002616 
391 -0.007953 
392 0.004573 
393 -0.006032 
394 0.006299 
395 0.000329 
396 0.008490 
397 -0.002290 
398 -0.002911 
399 -0.007585 
400 -0.002214 
401 0.009184 
402 0.002491 
403 -0.005028 
404 -0.017765 
405 0.000078 
406 0.004799 
407 0.006035 
408 -0.006094 
409 0.001940 
410 0.001196 
411 0.001760 
412 -0.000373 
413 -0.000662 
414 -0.007188 
415 -0.008154 
416 -0.005924 
417 0.000007 
418 -0.010013 
419 -0.008037 
420 -0.005958 
421 0.021759 
422 0.008024 
423 0.004377 
424 -0.019121 
425 0.002226 
426 -0.004797 
427 0.004267 
428 -0.016981 
429 -0.008835 
430 -0.011886 
431 0.003859 
432 0.004483 
433 0.003226 
434 -0.000814 
435 0.004259 
436 0.009973 
437 0.000294 
438 -0.011062 
439 -0.012704 
440 -0.005617 
441 0.005679 
442 -0.002522 
443 0.002081 
444 -0.005616 
445 0.011278 
446 -0.004947 
447 0.007836 
448 -0.006041 
449 0.007874 
450 -0.014432 
451 -0.001628 
452 -0.007137 
453 0.005157 
454 -0.001008 
455 0.004259 
456 0.005425 
457 0.000029 
458 -0.001567 
459 -0.009083 
460 0.001212 
461 -0.004911 
462 0.007099 
463 0.000081 
464 0.003093 
465 -0.009888 
466 0.001360 
467 0.000265 
468 0.004069 
469 -0.010285 
470 -0.012985 
471 -0.005113 
472 0.006575 
473 -0.001372 
474 -0.002520 
475 0.002939 
476 0.015391 
477 0.002353 
478 -0.011370 
479 -0.022371 
480 -0.003678 
481 -0.001737 
482 0.004325 
483 -0.007781 
484 0.000279 
485 0.004468 
486 0.014254 
487 0.005731 
488 -0.004209 
489 -0.007154 
490 -0.005637 
491 0.003249 
492 -0.007120 
493 -0.009267 
494 -0.006820 
495 0.012398 
496 0.007805 
497 -0.000296 
498 -0.004184 
499 -0.002905 
500 0.001820 
501 -0.005471 
502 0.009491 
503 0.002937 
504 0.009998 
505 -0.010302 
506 0.004391 
507 -0.005773 
508 0.006138 
509 -0.010419 
510 -0.006519 
511 -0.007886 
512 -0.001784 
513 0.001848 
514 -0.003131 
515 0.010574 
516 0.004614 
517 0.013249 
518 -0.008206 
519 -0.001828 
520 -0.017239 
521 -0.002586 
522 -0.008022 
523 -0.005056 
524 -0.012780 
525 -0.008552 
526 0.008360 
527 0.008007 
528 0.012100 
529 -0.006792 
530 0.000876 
531 -0.008321 
532 0.003704 
533 -0.007988 
534 -0.007447 
535 -0.010826 
536 -0.000841 
537 0.011499 
538 0.003402 
539 0.003344 
540 -0.012353 
541 0.005732 
542 -0.001172 
543 0.003183 
544 -0.019888 
545 -0.003052 
546 0.001833 
547 0.002778 
548 -0.007789 
549 -0.006458 
550 0.012868 
551 0.007026 
552 0.001347 
553 -0.020800 
554 0.003569 
555 0.000042 
556 0.016192 
557 -0.009790 
558 -0.000389 
559 -0.005583 
560 0.010462 
561 -0.005783 
562 -0.005416 
563 -0.012107 
564 -0.005250 
565 -0.005242 
566 -0.001578 
567 -0.002778 
568 0.002005 
569 0.005846 
570 0.000465 
571 -0.000595 
572 -0.001791 
573 0.001296 
574 -0.008954 
575 -0.010169 
576 -0.009080 
577 0.004824 
578 -0.002517 
579 0.001670 
580 -0.006327 
581 0.003783 
582 -0.006169 
583 0.002095 
584 -0.009343 
585 -0.002431 
586 -0.004110 
587 0.008523 
588 0.002148 
589 -0.006689 
590 -0.006199 
591 0.001797 
592 0.012162 
593 -0.006558 
594 -0.015573 
595 -0.021266 
596 0.005981 
597 0.003544 
598 0.006402 
599 -0.008866 
600 0.002241 
601 0.008765 
602 0.008339 
603 -0.001528 
604 -0.016867 
605 -0.005758 
606 -0.005515 
607 0.010017 
608 -0.011800 
609 0.001330 
610 -0.000651 
611 0.023037 
612 -0.003508 
613 -0.001322 
614 -0.008084 
615 0.006472 
616 -0.005679 
617 -0.011719 
618 -0.005424 
619 0.003889 
620 0.005073 
621 -0.006382 
622 -0.001076 
623 0.001033 
624 0.003869 
625 -0.002573 
626 -0.005933 
627 0.000666 
628 -0.009288 
629 0.002659 
630 -0.006829 
631 0.016234 
632 -0.010324 
633 0.005901 
634 -0.019562 
635 0.006210 
636 -0.012165 
637 0.012923 
638 -0.006317 
639 0.000855 
640 -0.012692 
641 0.003139 
642 0.012322 
643 0.004278 
644 -0.006003 
645 -0.018530 
646 0.004453 
647 -0.001790 
648 0.005727 
649 -0.016184 
650 0.004898 
651 0.004803 
652 0.016109 
653 -0.002251 
654 -0.004061 
655 -0.002920 
656 0.006371 
657 0.002713 
658 -0.012932 
659 -0.017695 
660 -0.004908 
661 0.012182 
662 0.011875 
663 -0.007573 
664 -0.001759 
665 0.001910 
666 0.020137 
667 -0.004853 
668 0.002113 
669 -0.012842 
670 0.003831 
671 -0.016624 
672 0.005671 
673 0.002956 
674 0.014582 
675 -0.007495 
676 -0.004011 
677 -0.003035 
678 0.005161 
679 -0.000835 
680 -0.008922 
681 -0.002995 
682 -0.000745 
683 0.007385 
684 0.000698 
685 -0.003336 
686 -0.003001 
687 0.001234 
688 0.004443 
689 -0.012500 
690 -0.006798 
691 -0.008224 
692 0.015583 
693 -0.003100 
694 -0.003111 
695 -0.017789 
696 0.007914 
697 -0.004050 
698 -0.002034 
699 -0.015455 
700 -0.000791 
701 0.004267 
702 0.008392 
703 0.006668 
704 -0.001725 
705 0.001125 
706 -0.000346 
707 0.009736 
708 -0.007601 
709 -0.011363 
710 -0.017509 
711 0.004771 
712 -0.003931 
713 0.003673 
714 -0.006098 
715 0.012505 
716 0.004171 
717 0.010222 
718 -0.007327 
719 0.006187 
720 -0.006913 
721 0.008682 
722 -0.010530 
723 -0.000627 
724 -0.016160 
725 0.008262 
726 0.000286 
727 0.009023 
728 -0.009508 
729 -0.001129 
730 -0.000494 
731 0.002472 
732 0.002581 
733 -0.001663 
734 0.007965 
735 -0.011537 
736 0.000649 
737 -0.011906 
738 0.011844 
739 -0.017272 
740 -0.005989 
741 -0.016574 
742 0.013592 
743 0.003013 
744 0.001946 
745 -0.006906 
746 0.000907 
747 0.013749 
748 -0.000521 
749 -0.005475 
750 -0.024463 
751 -0.000413 
752 -0.002791 
753 0.007415 
754 -0.017089 
755 -0.007439 
756 0.005070 
757 0.020373 
758 0.014082 
759 -0.014789 
760 -0.004833 
761 -0.006761 
762 0.010477 
763 -0.019607 
764 -0.001857 
765 -0.014824 
766 0.010786 
767 -0.006700 
768 0.007379 
769 0.000637 
770 0.007323 
771 -0.000046 
772 -0.003207 
773 -0.001032 
774 -0.007877 
775 -0.003059 
776 -0.011676 
777 0.000807 
778 -0.000174 
779 0.009010 
780 -0.002102 
781 -0.000767 
782 -0.002510 
783 0.004175 
784 0.001558 
785 -0.008377 
786 -0.012745 
787 -0.001717 
788 0.004917 
789 0.002816 
790 -0.013328 
791 -0.002944 
792 -0.002044 
793 0.008269 
794 -0.016902 
795 -0.004250 
796 -0.009926 
797 0.013009 
798 -0.003685 
799 0.007574 
800 -0.009880 
801 0.003940 
802 -0.003183 
803 0.000932 
804 -0.016673 
805 -0.015863 
806 -0.004456 
807 0.005954 
808 0.005652 
809 -0.007329 
810 -0.000015 
811 0.010255 
812 0.007764 
813 -0.007940 
814 -0.017121 
815 -0.003009 
816 -0.003812 
817 0.001600 
818 -0.012154 
819 0.002251 
820 -0.006951 
821 0.006362 
822 -0.002625 
823 0.008406 
824 -0.007412 
825 -0.004570 
826 -0.007864 
827 -0.000297 
828 0.004711 
829 0.000073 
830 0.000348 
831 -0.009761 
832 0.004977 
833 -0.003926 
834 0.003719 
835 -0.018226 
836 -0.008395 
837 -0.007479 
838 0.017273 
839 0.004037 
840 -0.001496 
841 -0.009171 
842 0.004812 
843 0.001670 
844 -0.007864 
845 -0.013990 
846 -0.010705 
847 -0.007320 
848 0.000467 
849 0.006355 
850 0.006563 
851 -0.000920 
852 0.009104 
853 0.010829 
854 0.008035 
855 -0.021167 
856 -0.018403 
857 -0.009814 
858 0.007533 
859 -0.011890 
860 -0.012406 
861 -0.002703 
862 0.019259 
863 0.009122 
864 -0.006797 
865 -0.009710 
866 0.004343 
867 0.004398 
868 -0.002033 
869 -0.010805 
870 -0.006545 
871 -0.001816 
872 0.011747 
873 0.003409 
874 0.001978 
875 -0.016339 
876 -0.003404 
877 -0.017510 
878 -0.006504 
879 -0.004045 
880 0.024778 
881 0.018935 
882 0.005977 
883 -0.002244 
884 0.006591 
885 0.004999 
886 -0.016368 
887 -0.019607 
888 -0.018678 
889 -0.001697 
890 -0.015288 
891 -0.001736 
892 0.011293 
893 0.029465 
894 0.012322 
895 -0.000684 
896 -0.002078 
897 -0.004354 
898 0.004149 
899 -0.004028 
900 -0.002364 
901 -0.016949 
902 -0.000639 
903 0.009688 
904 0.017944 
905 -0.000541 
906 -0.007295 
907 -0.000715 
908 0.009095 
909 0.002935 
910 -0.023937 
911 -0.007602 
912 0.000101 
913 0.016330 
914 -0.009331 
915 0.001156 
916 -0.001962 
917 0.009457 
918 -0.003682 
919 -0.001976 
920 0.000347 
921 0.002846 
922 0.007161 
923 -0.003980 
924 -0.001971 
925 -0.008236 
926 0.010902 
927 -0.000676 
928 0.003571 
929 -0.010224 
930 -0.002817 
931 0.002591 
932 0.010598 
933 0.013921 
934 0.000340 
935 0.001780 
936 -0.015022 
937 0.000903 
938 -0.004799 
939 0.007006 
940 -0.015439 
941 -0.005701 
942 -0.001601 
943 0.016009 
944 0.005245 
945 0.000425 
946 0.004931 
947 -0.001402 
948 0.005521 
949 -0.011572 
950 0.002855 
951 -0.014578 
952 0.009550 
953 -0.010215 
954 0.010984 
955 -0.010870 
956 0.009589 
957 -0.013242 
958 0.006339 
959 -0.007782 
960 0.000831 
961 -0.014769 
962 0.004643 
963 0.003413 
964 0.003721 
965 -0.003490 
966 -0.004443 
967 0.000416 
968 0.002316 
969 0.006858 
970 -0.016175 
971 -0.014162 
972 -0.013198 
973 0.018980 
974 -0.003697 
975 0.002528 
976 -0.018213 
977 0.018574 
978 -0.006394 
979 0.014763 
980 -0.013682 
981 0.013468 
982 -0.014701 
983 -0.000269 
984 -0.019015 
985 0.002422 
986 -0.002001 
987 0.002129 
988 0.008575 
989 0.005947 
990 0.007357 
991 -0.021513 
992 -0.002873 
993 -0.007019 
994 0.013533 
995 -0.017204 
996 -0.003886 
997 -0.006775 
998 0.009813 
999 0.009463 
1000 -0.001754 
1001 0.004116 
1002 -0.015615 
1003 0.010392 
1004 -0.022076 
1005 0.005857 
1006 -0.027045 
1007 0.019067 
1008 -0.007998 
1009 0.020998 
1010 -0.024410 
1011 -0.002896 
1012 -0.015392 
1013 0.010038 
1014 -0.005575 
1015 -0.011481 
1016 -0.004602 
1017 -0.002678 
1018 0.011439 
1019 -0.005798 
1020 0.008542 
1021 -0.010379 
1022 0.009586 
1023 -0.008661 
