0 0.901840 
1 0.871052 
2 0.950704 
3 0.884157 
4 0.943740 
5 0.845048 
6 0.894370 
7 0.833700 
8 0.900198 
9 0.870534 
10 0.936559 
11 0.903234 
12 0.971686 
13 0.908619 
14 0.960758 
15 0.918942 
16 0.950003 
17 0.918604 
18 0.950530 
19 1.000857 
20 0.984700 
21 0.973659 
22 0.949065 
23 0.930326 
24 0.898419 
25 0.957061 
26 0.991222 
27 1.031472 
28 0.991256 
29 1.009529 
30 0.991810 
31 0.979145 
32 0.971914 
33 1.012747 
34 1.002999 
35 1.037425 
36 1.013886 
37 1.107089 
38 1.012455 
39 1.069134 
40 0.950909 
41 1.069960 
42 0.915755 
43 1.038600 
44 0.908982 
45 1.074325 
46 0.976864 
47 1.155713 
48 1.091545 
49 1.204093 
50 1.077493 
51 1.106302 
52 0.996083 
53 0.991414 
54 0.895911 
55 0.965793 
56 0.956735 
57 1.094155 
58 1.097936 
59 1.168176 
60 1.064319 
61 1.086233 
62 1.043717 
63 1.071291 
64 1.068419 
65 1.089764 
66 1.098342 
67 1.055092 
68 1.142022 
69 1.091913 
70 1.126190 
71 0.981135 
72 1.077177 
73 0.986988 
74 1.107518 
75 1.029462 
76 1.183869 
77 1.050909 
78 1.151397 
79 1.017683 
80 1.137379 
81 1.017520 
82 1.111325 
83 1.040676 
84 1.121730 
85 1.063858 
86 1.116427 
87 1.069633 
88 1.112731 
89 1.040615 
90 1.103120 
91 1.024058 
92 1.110527 
93 1.035301 
94 1.138098 
95 1.037208 
96 1.133055 
97 1.046261 
98 1.116265 
99 1.030577 
100 1.118170 
101 1.050118 
102 1.088498 
103 1.044906 
104 1.096287 
105 1.068974 
106 1.071829 
107 1.060942 
108 1.053340 
109 1.028864 
110 1.043881 
111 1.075522 
112 1.091248 
113 1.078183 
114 1.043630 
115 1.052624 
116 1.040812 
117 1.034643 
118 1.037805 
119 1.042165 
120 1.023630 
121 1.012098 
122 1.024400 
123 1.021648 
124 0.999317 
125 1.013567 
126 1.028484 
127 1.081589 
128 1.044371 
129 1.071718 
130 0.988492 
131 0.997803 
132 0.964018 
133 1.000483 
134 0.999759 
135 1.022011 
136 1.013068 
137 0.988811 
138 0.977549 
139 0.956495 
140 0.966034 
141 0.972342 
142 1.005244 
143 1.045318 
144 1.014554 
145 0.953265 
146 0.910415 
147 0.910209 
148 0.909692 
149 0.936582 
150 0.977686 
151 0.966611 
152 0.942246 
153 0.916288 
154 0.931008 
155 0.943046 
156 0.883937 
157 0.925004 
158 0.883910 
159 0.907408 
160 0.868740 
161 0.868492 
162 0.888410 
163 0.837900 
164 0.886314 
165 0.890778 
166 0.955881 
167 0.881415 
168 0.903538 
169 0.816687 
170 0.839161 
171 0.782911 
172 0.828988 
173 0.805239 
174 0.844917 
175 0.790137 
176 0.846557 
177 0.756121 
178 0.849854 
179 0.765183 
180 0.860698 
181 0.791122 
182 0.845679 
183 0.736909 
184 0.783550 
185 0.681044 
186 0.774722 
187 0.705351 
188 0.776363 
189 0.708017 
190 0.792713 
191 0.709452 
192 0.761986 
193 0.699147 
194 0.738480 
195 0.660095 
196 0.683914 
197 0.690738 
198 0.703100 
199 0.694633 
200 0.680198 
201 0.687980 
202 0.637525 
203 0.652894 
204 0.643308 
205 0.631800 
206 0.634595 
207 0.600377 
208 0.617453 
209 0.601159 
210 0.606450 
211 0.598890 
212 0.611725 
213 0.587848 
214 0.585495 
215 0.580687 
216 0.543761 
217 0.560999 
218 0.504381 
219 0.579890 
220 0.506123 
221 0.593245 
222 0.512306 
223 0.580646 
224 0.456250 
225 0.528496 
226 0.413923 
227 0.521795 
228 0.447014 
229 0.582060 
230 0.483868 
231 0.569868 
232 0.424412 
233 0.482985 
234 0.373896 
235 0.445078 
236 0.376947 
237 0.465667 
238 0.407322 
239 0.482517 
240 0.428611 
241 0.463173 
242 0.350302 
243 0.393863 
244 0.297787 
245 0.384936 
246 0.333267 
247 0.455810 
248 0.360045 
249 0.407422 
250 0.330956 
251 0.355304 
252 0.298616 
253 0.305855 
254 0.316605 
255 0.320717 
256 0.332069 
257 0.328653 
258 0.321849 
259 0.302209 
260 0.232286 
261 0.278417 
262 0.230615 
263 0.318847 
264 0.236640 
265 0.336446 
266 0.234869 
267 0.287316 
268 0.211852 
269 0.257874 
270 0.210611 
271 0.219430 
272 0.220282 
273 0.201578 
274 0.208090 
275 0.173774 
276 0.201274 
277 0.161192 
278 0.202683 
279 0.176745 
280 0.224221 
281 0.181137 
282 0.220417 
283 0.144363 
284 0.167337 
285 0.091634 
286 0.158401 
287 0.131385 
288 0.163190 
289 0.137053 
290 0.151771 
291 0.082548 
292 0.102108 
293 0.089237 
294 0.150698 
295 0.109454 
296 0.157168 
297 0.105499 
298 0.125271 
299 0.039235 
300 0.071063 
301 0.030024 
302 0.044452 
303 0.041818 
304 0.055011 
305 0.098393 
306 0.053671 
307 0.094385 
308 0.050846 
309 0.082824 
310 -0.002621 
311 0.049529 
312 -0.009102 
313 0.016904 
314 -0.016703 
315 0.037809 
316 -0.000624 
317 0.036745 
318 0.000915 
319 0.042463 
320 -0.012144 
321 0.032530 
322 -0.004136 
323 0.009945 
324 -0.019773 
325 -0.013795 
326 -0.044248 
327 -0.029155 
328 -0.048547 
329 -0.017055 
330 -0.045192 
331 -0.006567 
332 -0.034394 
333 0.025276 
334 -0.054073 
335 -0.016748 
336 -0.092887 
337 -0.050684 
338 -0.110731 
339 -0.052916 
340 -0.068629 
341 -0.045200 
342 -0.071758 
343 -0.029528 
344 -0.044925 
345 -0.055261 
346 -0.085062 
347 -0.067509 
348 -0.104416 
349 -0.067774 
350 -0.087009 
351 -0.052241 
352 -0.076303 
353 -0.094096 
354 -0.088444 
355 -0.098007 
356 -0.098535 
357 -0.108942 
358 -0.072176 
359 -0.100695 
360 -0.064763 
361 -0.108901 
362 -0.063848 
363 -0.124981 
364 -0.092204 
365 -0.136758 
366 -0.098771 
367 -0.130561 
368 -0.067503 
369 -0.110969 
370 -0.088497 
371 -0.132563 
372 -0.113855 
373 -0.155589 
374 -0.091179 
375 -0.106143 
376 -0.057515 
377 -0.126725 
378 -0.091841 
379 -0.144524 
380 -0.120363 
381 -0.142834 
382 -0.090084 
383 -0.094579 
384 -0.096948 
385 -0.125078 
386 -0.098608 
387 -0.133822 
388 -0.114060 
389 -0.129060 
390 -0.085073 
391 -0.109036 
392 -0.083261 
393 -0.119810 
394 -0.090364 
395 -0.172955 
396 -0.124517 
397 -0.163350 
398 -0.073987 
399 -0.124002 
400 -0.063581 
401 -0.122239 
402 -0.098232 
403 -0.164187 
404 -0.123284 
405 -0.146671 
406 -0.101567 
407 -0.105183 
408 -0.059245 
409 -0.088884 
410 -0.076663 
411 -0.118941 
412 -0.110612 
413 -0.161165 
414 -0.093425 
415 -0.140768 
416 -0.064134 
417 -0.114032 
418 -0.043389 
419 -0.114380 
420 -0.083695 
421 -0.129552 
422 -0.084826 
423 -0.116540 
424 -0.082203 
425 -0.083580 
426 -0.075239 
427 -0.087798 
428 -0.092706 
429 -0.066251 
430 -0.094765 
431 -0.095448 
432 -0.121547 
433 -0.083007 
434 -0.105027 
435 -0.062019 
436 -0.062361 
437 -0.049129 
438 -0.083052 
439 -0.060833 
440 -0.076135 
441 -0.061989 
442 -0.090126 
443 -0.066080 
444 -0.087405 
445 -0.053534 
446 -0.069918 
447 -0.018393 
448 -0.061980 
449 -0.015860 
450 -0.078069 
451 -0.028442 
452 -0.088688 
453 -0.065046 
454 -0.089868 
455 -0.050038 
456 -0.066220 
457 -0.025221 
458 -0.035691 
459 -0.033980 
460 -0.050925 
461 -0.039814 
462 -0.038065 
463 -0.034982 
464 -0.016789 
465 -0.014987 
466 -0.031474 
467 -0.052228 
468 -0.044911 
469 -0.058161 
470 -0.057326 
471 -0.022695 
472 -0.009160 
473 0.023170 
474 0.005366 
475 0.023467 
476 0.009276 
477 -0.024757 
478 -0.031443 
479 -0.038879 
480 -0.013880 
481 -0.024266 
482 0.025562 
483 0.006278 
484 0.021074 
485 -0.035865 
486 0.003745 
487 -0.010262 
488 0.015527 
489 0.019606 
490 0.050330 
491 0.004522 
492 0.021030 
493 -0.022869 
494 0.014333 
495 -0.035115 
496 0.027201 
497 -0.003879 
498 0.066371 
499 0.004743 
500 0.055261 
501 -0.014955 
502 0.021780 
503 0.001819 
504 0.060704 
505 0.039815 
506 0.063193 
507 0.032785 
508 0.039583 
509 0.014684 
510 0.011359 
511 0.021874 
512 0.023719 
513 0.028777 
514 0.063544 
515 0.074435 
516 0.058212 
517 0.060873 
518 0.018443 
519 0.057999 
520 0.008528 
521 0.051798 
522 0.037753 
523 0.060540 
524 0.024018 
525 0.061802 
526 0.052856 
527 0.072854 
528 0.059929 
529 0.098041 
530 0.051491 
531 0.054199 
532 0.015858 
533 0.062136 
534 0.028274 
535 0.073120 
536 0.065115 
537 0.082005 
538 0.051906 
539 0.078246 
540 0.070286 
541 0.083901 
542 0.062416 
543 0.071900 
544 0.042393 
545 0.070929 
546 0.037478 
547 0.082154 
548 0.044581 
549 0.074087 
550 0.050244 
551 0.099137 
552 0.060607 
553 0.093534 
554 0.042344 
555 0.058729 
556 0.015888 
557 0.066935 
558 0.057491 
559 0.078203 
560 0.061729 
561 0.076734 
562 0.055180 
563 0.065021 
564 0.073557 
565 0.079912 
566 0.056269 
567 0.067813 
568 0.054962 
569 0.071807 
570 0.044912 
571 0.073166 
572 0.050537 
573 0.066284 
574 0.046905 
575 0.078811 
576 0.094360 
577 0.064422 
578 0.072560 
579 0.042379 
580 0.042403 
581 0.005842 
582 0.054729 
583 0.062895 
584 0.081050 
585 0.044082 
586 0.064144 
587 0.031228 
588 0.033395 
589 0.033185 
590 0.039933 
591 0.044389 
592 0.038612 
593 0.061251 
594 0.052169 
595 0.047053 
596 0.008107 
597 -0.009219 
598 -0.001287 
599 -0.001044 
600 0.065933 
601 0.046448 
602 0.080887 
603 0.025490 
604 0.054346 
605 -0.022916 
606 0.012318 
607 -0.015769 
608 0.011458 
609 -0.005641 
610 0.018673 
611 0.014873 
612 -0.007792 
613 -0.034020 
614 0.014577 
615 -0.026568 
616 0.045829 
617 -0.016306 
618 0.065388 
619 -0.030816 
620 -0.000169 
621 -0.080471 
622 -0.027617 
623 -0.074382 
624 -0.028956 
625 -0.029169 
626 0.016023 
627 -0.022324 
628 -0.007106 
629 -0.027783 
630 -0.022592 
631 -0.056047 
632 -0.052144 
633 -0.040721 
634 -0.068001 
635 -0.042142 
636 -0.077772 
637 -0.050038 
638 -0.097688 
639 -0.047567 
640 -0.080809 
641 -0.036520 
642 -0.076779 
643 -0.050507 
644 -0.100334 
645 -0.091018 
646 -0.128562 
647 -0.086249 
648 -0.145501 
649 -0.072895 
650 -0.130713 
651 -0.045056 
652 -0.133492 
653 -0.057498 
654 -0.138553 
655 -0.092141 
656 -0.180042 
657 -0.095303 
658 -0.159452 
659 -0.108103 
660 -0.150339 
661 -0.104813 
662 -0.169814 
663 -0.129208 
664 -0.181801 
665 -0.120014 
666 -0.185457 
667 -0.130967 
668 -0.157589 
669 -0.111566 
670 -0.159505 
671 -0.143206 
672 -0.194117 
673 -0.190435 
674 -0.226671 
675 -0.196782 
676 -0.198032 
677 -0.192902 
678 -0.211051 
679 -0.195170 
680 -0.208101 
681 -0.190021 
682 -0.183006 
683 -0.196777 
684 -0.200286 
685 -0.250644 
686 -0.227467 
687 -0.269548 
688 -0.222151 
689 -0.237378 
690 -0.202049 
691 -0.215312 
692 -0.241036 
693 -0.243609 
694 -0.272569 
695 -0.281289 
696 -0.269873 
697 -0.268290 
698 -0.232921 
699 -0.265028 
700 -0.219385 
701 -0.288028 
702 -0.276847 
703 -0.332622 
704 -0.276701 
705 -0.318018 
706 -0.252491 
707 -0.268216 
708 -0.259233 
709 -0.321003 
710 -0.313976 
711 -0.343541 
712 -0.356726 
713 -0.354444 
714 -0.327935 
715 -0.299911 
716 -0.278758 
717 -0.277728 
718 -0.292110 
719 -0.320832 
720 -0.353456 
721 -0.381741 
722 -0.339901 
723 -0.360024 
724 -0.329815 
725 -0.359760 
726 -0.331876 
727 -0.366409 
728 -0.361864 
729 -0.346605 
730 -0.360562 
731 -0.345064 
732 -0.378366 
733 -0.349530 
734 -0.394181 
735 -0.350092 
736 -0.393150 
737 -0.372717 
738 -0.397823 
739 -0.381407 
740 -0.419254 
741 -0.392356 
742 -0.425893 
743 -0.388139 
744 -0.416305 
745 -0.370775 
746 -0.379942 
747 -0.361615 
748 -0.408615 
749 -0.409361 
750 -0.443554 
751 -0.432970 
752 -0.461617 
753 -0.410439 
754 -0.408125 
755 -0.365737 
756 -0.420434 
757 -0.362962 
758 -0.433301 
759 -0.410213 
760 -0.473968 
761 -0.421812 
762 -0.468860 
763 -0.432945 
764 -0.448725 
765 -0.422547 
766 -0.436200 
767 -0.427074 
768 -0.421585 
769 -0.406404 
770 -0.435999 
771 -0.404025 
772 -0.468063 
773 -0.434634 
774 -0.496322 
775 -0.440004 
776 -0.483122 
777 -0.442052 
778 -0.458981 
779 -0.429938 
780 -0.453409 
781 -0.442302 
782 -0.440634 
783 -0.441593 
784 -0.429083 
785 -0.430970 
786 -0.437388 
787 -0.462798 
788 -0.458318 
789 -0.487034 
790 -0.458252 
791 -0.482431 
792 -0.449236 
793 -0.436968 
794 -0.428528 
795 -0.433829 
796 -0.446240 
797 -0.458655 
798 -0.474240 
799 -0.486589 
800 -0.438238 
801 -0.457217 
802 -0.433675 
803 -0.453924 
804 -0.413151 
805 -0.481554 
806 -0.439758 
807 -0.498989 
808 -0.429580 
809 -0.479064 
810 -0.400033 
811 -0.443410 
812 -0.420206 
813 -0.478952 
814 -0.432179 
815 -0.466250 
816 -0.404265 
817 -0.455921 
818 -0.399736 
819 -0.469420 
820 -0.438893 
821 -0.484926 
822 -0.395032 
823 -0.447491 
824 -0.356078 
825 -0.412859 
826 -0.350620 
827 -0.454200 
828 -0.399176 
829 -0.494491 
830 -0.450705 
831 -0.494553 
832 -0.415897 
833 -0.429353 
834 -0.347181 
835 -0.362037 
836 -0.336703 
837 -0.400098 
838 -0.394103 
839 -0.435058 
840 -0.422619 
841 -0.425838 
842 -0.402578 
843 -0.386884 
844 -0.366921 
845 -0.382523 
846 -0.359757 
847 -0.378642 
848 -0.376086 
849 -0.366063 
850 -0.337202 
851 -0.304450 
852 -0.347853 
853 -0.312292 
854 -0.389421 
855 -0.355095 
856 -0.428590 
857 -0.315549 
858 -0.363199 
859 -0.279330 
860 -0.337008 
861 -0.274445 
862 -0.337761 
863 -0.292888 
864 -0.333286 
865 -0.279110 
866 -0.343612 
867 -0.301776 
868 -0.336223 
869 -0.282055 
870 -0.285326 
871 -0.257846 
872 -0.251208 
873 -0.237887 
874 -0.256913 
875 -0.227093 
876 -0.276728 
877 -0.241630 
878 -0.295826 
879 -0.228974 
880 -0.272117 
881 -0.168362 
882 -0.211856 
883 -0.174612 
884 -0.206067 
885 -0.202885 
886 -0.178827 
887 -0.214407 
888 -0.154023 
889 -0.203142 
890 -0.142247 
891 -0.197491 
892 -0.136539 
893 -0.174606 
894 -0.138803 
895 -0.163169 
896 -0.108193 
897 -0.126801 
898 -0.094031 
899 -0.123719 
900 -0.081653 
901 -0.126647 
902 -0.082181 
903 -0.115812 
904 -0.043344 
905 -0.119909 
906 -0.026942 
907 -0.102551 
908 0.007871 
909 -0.065618 
910 0.030314 
911 -0.047151 
912 0.036373 
913 -0.049905 
914 0.042924 
915 -0.012786 
916 0.056870 
917 0.010411 
918 0.035180 
919 -0.006359 
920 0.035428 
921 0.024443 
922 0.076820 
923 0.076189 
924 0.133368 
925 0.115688 
926 0.143310 
927 0.088452 
928 0.146208 
929 0.048629 
930 0.114777 
931 0.081845 
932 0.177264 
933 0.156315 
934 0.213051 
935 0.202230 
936 0.197789 
937 0.163514 
938 0.162709 
939 0.193383 
940 0.231343 
941 0.237302 
942 0.275881 
943 0.258483 
944 0.254030 
945 0.211596 
946 0.253210 
947 0.248744 
948 0.269254 
949 0.302087 
950 0.372326 
951 0.362848 
952 0.341900 
953 0.314772 
954 0.250895 
955 0.285127 
956 0.276719 
957 0.387578 
958 0.369233 
959 0.432718 
960 0.367494 
961 0.425812 
962 0.372350 
963 0.453073 
964 0.397449 
965 0.478199 
966 0.412944 
967 0.480211 
968 0.418977 
969 0.468813 
970 0.413851 
971 0.483498 
972 0.458493 
973 0.511324 
974 0.511058 
975 0.582786 
976 0.539937 
977 0.569688 
978 0.520576 
979 0.576787 
980 0.507690 
981 0.570871 
982 0.539164 
983 0.586687 
984 0.550127 
985 0.609878 
986 0.607353 
987 0.637933 
988 0.625785 
989 0.634996 
990 0.640980 
991 0.636113 
992 0.646302 
993 0.660174 
994 0.643385 
995 0.644245 
996 0.645854 
997 0.689066 
998 0.679759 
999 0.732832 
1000 0.726220 
1001 0.741704 
1002 0.723644 
1003 0.740146 
1004 0.737975 
1005 0.739522 
1006 0.735717 
1007 0.721843 
1008 0.760491 
1009 0.711396 
1010 0.822823 
1011 0.759334 
1012 0.861409 
1013 0.762889 
1014 0.871841 
1015 0.785256 
1016 0.852088 
1017 0.784397 
1018 0.862587 
1019 0.774183 
1020 0.833533 
1021 0.779704 
1022 0.844234 
1023 0.813019 
