0 -0.375661 
1 -0.074520 
2 1.478551 
3 0.391551 
4 -0.282052 
5 0.126641 
6 -0.129238 
7 0.032541 
8 0.005324 
9 -0.069271 
10 0.164175 
11 -0.080334 
12 -0.021736 
13 0.005399 
14 -0.120302 
15 0.093710 
16 -0.005888 
17 0.036696 
18 0.031318 
19 -0.086608 
20 -0.053151 
21 0.076557 
22 0.007905 
23 -0.073082 
24 0.224663 
25 -0.105977 
26 -0.233883 
27 0.271622 
28 -0.231175 
29 -0.035072 
30 0.265838 
31 -0.231572 
32 0.072924 
33 -0.040099 
34 -0.081343 
35 0.057740 
36 0.034040 
37 -0.005481 
38 0.079747 
39 -0.016417 
40 -0.110523 
41 0.162817 
42 -0.066269 
43 -0.103276 
44 0.267333 
45 -0.171830 
46 -0.009706 
47 0.056985 
48 0.004405 
49 -0.066392 
50 0.085026 
51 -0.040247 
52 0.029860 
53 -0.127051 
54 0.135046 
55 -0.066862 
56 -0.006738 
57 0.027337 
58 -0.006584 
59 -0.007247 
60 -0.127378 
61 0.206582 
62 -0.157154 
63 -0.022427 
64 0.225998 
65 -0.233907 
66 0.168734 
67 -0.054985 
68 -0.058574 
69 0.116599 
70 -0.119150 
71 0.039420 
72 0.032582 
73 -0.078453 
74 -0.005263 
75 0.093044 
76 -0.125099 
77 -0.026295 
78 0.114814 
79 -0.172341 
80 0.072324 
81 0.029809 
82 -0.166135 
83 0.134052 
84 -0.118821 
85 -0.036698 
86 0.213234 
87 -0.210644 
88 0.073484 
89 0.120752 
90 -0.133343 
91 -0.024373 
92 0.250440 
93 -0.247130 
94 0.105543 
95 0.143249 
96 -0.162299 
97 0.001381 
98 0.106777 
99 -0.121577 
100 0.085611 
101 -0.019398 
102 -0.016252 
103 0.008967 
104 -0.049306 
105 0.085024 
106 0.068634 
107 -0.065986 
108 0.034607 
109 0.075487 
110 -0.038163 
111 -0.055254 
112 0.254098 
113 -0.197218 
114 0.050987 
115 0.072743 
116 -0.023944 
117 -0.093490 
118 0.141605 
119 0.020912 
120 -0.110363 
121 0.076330 
122 -0.009975 
123 0.013976 
124 -0.064047 
125 0.111059 
126 0.040791 
127 -0.200161 
128 0.162151 
129 0.022503 
130 -0.196761 
131 0.198923 
132 0.034187 
133 -0.185700 
134 0.135935 
135 -0.023232 
136 -0.058200 
137 0.041139 
138 -0.006011 
139 0.021569 
140 -0.032192 
141 -0.063930 
142 0.076873 
143 0.000821 
144 -0.184116 
145 0.234213 
146 -0.092791 
147 -0.253988 
148 0.317110 
149 -0.126007 
150 -0.177003 
151 0.256659 
152 -0.126474 
153 -0.131193 
154 0.177943 
155 -0.097201 
156 0.028713 
157 -0.035772 
158 0.023233 
159 -0.078557 
160 0.015335 
161 -0.089945 
162 0.089388 
163 -0.051421 
164 -0.051409 
165 0.043026 
166 -0.009267 
167 -0.152034 
168 0.101978 
169 0.029250 
170 -0.109515 
171 0.102563 
172 0.048237 
173 -0.161739 
174 0.107574 
175 -0.002589 
176 -0.014442 
177 0.008235 
178 0.033220 
179 0.023498 
180 -0.029044 
181 -0.004606 
182 0.093148 
183 -0.124304 
184 0.047276 
185 0.174907 
186 -0.210767 
187 0.113267 
188 0.085641 
189 -0.183896 
190 0.078357 
191 0.050450 
192 -0.080125 
193 0.048336 
194 0.063021 
195 -0.078008 
196 0.100064 
197 -0.113875 
198 0.029678 
199 0.129182 
200 -0.181973 
201 0.132944 
202 0.113011 
203 -0.247273 
204 0.186720 
205 0.054447 
206 -0.132392 
207 0.121842 
208 0.074529 
209 -0.129546 
210 0.056295 
211 0.024450 
212 -0.054431 
213 0.042034 
214 0.032418 
215 -0.096850 
216 0.123070 
217 -0.234044 
218 0.118569 
219 0.054984 
220 -0.153588 
221 0.046074 
222 0.103197 
223 -0.181864 
224 0.100408 
225 0.030530 
226 -0.002783 
227 -0.074939 
228 0.114990 
229 -0.060023 
230 -0.025573 
231 0.036072 
232 -0.005414 
233 -0.029631 
234 -0.000436 
235 -0.009006 
236 0.043711 
237 -0.120709 
238 0.145082 
239 0.023341 
240 -0.069312 
241 0.059755 
242 -0.087645 
243 -0.020767 
244 0.037473 
245 0.019013 
246 -0.001544 
247 0.042111 
248 -0.099187 
249 0.002803 
250 0.032178 
251 -0.069249 
252 0.055377 
253 0.074870 
254 -0.096355 
255 0.108591 
256 -0.084441 
257 -0.022426 
258 0.111373 
259 -0.022076 
260 -0.044008 
261 0.070780 
262 -0.085525 
263 -0.122965 
264 0.203587 
265 -0.147006 
266 0.032996 
267 0.096020 
268 -0.165221 
269 -0.013691 
270 0.058654 
271 -0.046226 
272 0.112212 
273 -0.068045 
274 0.041003 
275 0.010932 
276 -0.151623 
277 0.075130 
278 0.087581 
279 -0.072273 
280 0.091712 
281 0.004235 
282 -0.089208 
283 -0.096531 
284 0.216261 
285 -0.125211 
286 0.051889 
287 0.070797 
288 -0.084700 
289 -0.087906 
290 0.049057 
291 0.099797 
292 -0.073152 
293 0.056499 
294 0.004657 
295 -0.105346 
296 -0.009005 
297 0.028983 
298 0.036192 
299 -0.053855 
300 0.055805 
301 0.031938 
302 -0.185250 
303 0.057258 
304 0.079766 
305 -0.162028 
306 0.155240 
307 -0.045316 
308 -0.041523 
309 0.001162 
310 -0.079113 
311 0.087813 
312 -0.078314 
313 0.025184 
314 0.106015 
315 -0.075037 
316 -0.065645 
317 0.117555 
318 -0.048311 
319 -0.140643 
320 0.272183 
321 -0.116177 
322 -0.001543 
323 0.098836 
324 -0.037388 
325 -0.038254 
326 0.042538 
327 -0.025707 
328 0.061551 
329 -0.052233 
330 0.035233 
331 0.008387 
332 -0.046395 
333 -0.042604 
334 0.125850 
335 -0.076524 
336 0.011741 
337 0.039011 
338 0.017620 
339 -0.162535 
340 0.242020 
341 -0.041507 
342 -0.031963 
343 0.094277 
344 0.022885 
345 -0.084182 
346 0.069499 
347 0.083865 
348 -0.043010 
349 0.078741 
350 0.009916 
351 -0.098818 
352 0.063853 
353 -0.062916 
354 0.101101 
355 -0.062229 
356 0.029703 
357 0.032822 
358 -0.095549 
359 0.013921 
360 -0.018808 
361 0.064751 
362 -0.062471 
363 0.041766 
364 0.014702 
365 -0.089152 
366 0.033005 
367 0.014254 
368 -0.012179 
369 -0.022575 
370 0.069547 
371 -0.028893 
372 -0.067802 
373 0.039374 
374 0.058190 
375 -0.185401 
376 0.152692 
377 0.004102 
378 -0.167232 
379 0.108915 
380 -0.079988 
381 -0.036974 
382 -0.061662 
383 0.035178 
384 0.036905 
385 -0.151881 
386 0.125548 
387 -0.109199 
388 0.029438 
389 -0.088233 
390 0.121875 
391 0.005732 
392 -0.123699 
393 0.184475 
394 -0.079969 
395 -0.159518 
396 0.181073 
397 -0.014559 
398 -0.072479 
399 0.055375 
400 0.029121 
401 -0.114353 
402 -0.034020 
403 0.091641 
404 -0.003862 
405 -0.076901 
406 0.066784 
407 -0.045009 
408 -0.056467 
409 0.007894 
410 0.085844 
411 0.013477 
412 -0.117232 
413 0.074876 
414 0.013475 
415 -0.110211 
416 0.051653 
417 0.159674 
418 -0.111113 
419 -0.043696 
420 0.192440 
421 -0.147393 
422 -0.047446 
423 0.229314 
424 -0.070401 
425 0.007478 
426 0.008870 
427 0.056124 
428 -0.091630 
429 -0.028254 
430 0.227619 
431 -0.137067 
432 0.027991 
433 0.017143 
434 -0.041541 
435 -0.075463 
436 0.120031 
437 0.017659 
438 0.013651 
439 -0.016661 
440 -0.003383 
441 0.036327 
442 -0.120459 
443 0.109806 
444 0.136881 
445 -0.217095 
446 0.161883 
447 -0.023973 
448 -0.138144 
449 0.106839 
450 0.064152 
451 -0.143045 
452 0.127257 
453 -0.082395 
454 0.028971 
455 -0.052207 
456 0.069270 
457 0.001821 
458 -0.077524 
459 0.098737 
460 -0.079153 
461 0.050398 
462 -0.024791 
463 -0.004597 
464 0.022280 
465 -0.085356 
466 0.079936 
467 -0.052418 
468 0.012016 
469 -0.011450 
470 0.043040 
471 -0.011569 
472 -0.116483 
473 0.168261 
474 -0.054717 
475 -0.052836 
476 0.128227 
477 -0.109391 
478 -0.043316 
479 0.070185 
480 0.001965 
481 0.012359 
482 -0.034356 
483 0.052444 
484 -0.079712 
485 -0.023813 
486 0.082001 
487 -0.004879 
488 0.037460 
489 -0.042699 
490 0.038896 
491 -0.074903 
492 0.017746 
493 0.032889 
494 0.086948 
495 -0.083109 
496 -0.016712 
497 0.036295 
498 -0.090772 
499 -0.020483 
500 0.226685 
501 -0.146968 
502 -0.027964 
503 0.038184 
504 -0.132862 
505 0.038614 
506 0.093293 
507 0.025554 
508 -0.029007 
509 -0.071835 
510 0.097177 
511 -0.171545 
512 0.075475 
513 0.071649 
514 0.044766 
515 -0.027929 
516 -0.041435 
517 -0.019489 
518 -0.099835 
519 0.027301 
520 0.101216 
521 -0.065433 
522 0.015100 
523 -0.016411 
524 -0.114773 
525 -0.014510 
526 0.083032 
527 0.006011 
528 -0.039361 
529 0.028548 
530 -0.024588 
531 -0.058069 
532 0.033623 
533 0.045580 
534 -0.084380 
535 0.025312 
536 0.097707 
537 -0.183567 
538 0.139007 
539 0.040066 
540 -0.117656 
541 0.088298 
542 0.031309 
543 -0.089586 
544 0.045790 
545 -0.013474 
546 -0.002225 
547 -0.061645 
548 0.045948 
549 -0.004129 
550 -0.062780 
551 0.044851 
552 -0.065743 
553 -0.012206 
554 0.072423 
555 -0.080580 
556 0.203968 
557 -0.161912 
558 0.116254 
559 -0.011916 
560 -0.058988 
561 0.020821 
562 0.123083 
563 -0.048305 
564 0.010011 
565 0.076477 
566 -0.137155 
567 -0.006514 
568 0.115354 
569 -0.063090 
570 0.075804 
571 -0.009228 
572 -0.059801 
573 -0.025888 
574 0.058498 
575 -0.018747 
576 0.135894 
577 -0.137965 
578 0.076737 
579 -0.028740 
580 -0.047406 
581 0.086045 
582 0.038873 
583 0.057635 
584 -0.030511 
585 0.019940 
586 -0.015808 
587 -0.071157 
588 0.096654 
589 0.108525 
590 -0.064496 
591 -0.036279 
592 0.108039 
593 -0.228618 
594 0.094850 
595 0.118114 
596 -0.064540 
597 0.037270 
598 -0.070807 
599 0.013502 
600 -0.048321 
601 -0.023946 
602 0.094688 
603 -0.014824 
604 -0.025481 
605 -0.004361 
606 0.053643 
607 -0.138695 
608 0.000564 
609 0.144205 
610 -0.068107 
611 -0.125631 
612 0.185856 
613 -0.089856 
614 -0.184290 
615 0.222171 
616 -0.016002 
617 -0.261249 
618 0.221010 
619 -0.016942 
620 -0.170543 
621 0.092906 
622 -0.000968 
623 -0.098178 
624 0.050400 
625 -0.008259 
626 0.082422 
627 -0.124638 
628 0.022611 
629 0.041182 
630 -0.154779 
631 0.105224 
632 0.027351 
633 -0.009527 
634 -0.061284 
635 0.006418 
636 0.007604 
637 -0.126242 
638 0.126922 
639 0.020420 
640 -0.052247 
641 0.017686 
642 -0.049356 
643 -0.076613 
644 0.067782 
645 0.090015 
646 -0.031057 
647 0.008796 
648 0.051863 
649 -0.133920 
650 0.005398 
651 0.122257 
652 -0.064701 
653 0.071370 
654 0.034016 
655 -0.122372 
656 -0.030626 
657 0.012619 
658 0.063352 
659 0.039769 
660 0.067504 
661 -0.068676 
662 0.013979 
663 -0.100233 
664 0.062664 
665 0.094081 
666 0.012380 
667 -0.018715 
668 0.037401 
669 -0.065244 
670 -0.072774 
671 0.075913 
672 0.113840 
673 -0.162067 
674 0.150078 
675 -0.047273 
676 -0.097263 
677 0.049839 
678 0.027446 
679 0.038514 
680 0.021711 
681 -0.064413 
682 0.043965 
683 -0.114671 
684 0.011870 
685 0.068072 
686 0.008865 
687 -0.122708 
688 0.105010 
689 0.030349 
690 -0.155698 
691 0.117765 
692 0.140905 
693 -0.215379 
694 0.087908 
695 0.107341 
696 -0.164371 
697 0.051843 
698 0.085511 
699 -0.024131 
700 -0.117454 
701 0.103612 
702 0.008664 
703 -0.129636 
704 0.141424 
705 0.003680 
706 -0.025284 
707 -0.110814 
708 0.181902 
709 -0.094609 
710 -0.023631 
711 0.086092 
712 -0.026206 
713 -0.034990 
714 -0.056981 
715 0.190988 
716 -0.112267 
717 -0.169938 
718 0.321145 
719 -0.218898 
720 -0.063387 
721 0.254719 
722 -0.088418 
723 -0.080195 
724 0.167514 
725 -0.095463 
726 -0.021574 
727 -0.080520 
728 0.257453 
729 -0.157545 
730 0.044965 
731 0.074294 
732 -0.117206 
733 -0.023841 
734 0.029052 
735 0.048015 
736 0.029598 
737 -0.078296 
738 0.092410 
739 -0.111082 
740 -0.018796 
741 -0.002777 
742 0.095991 
743 -0.096811 
744 0.055499 
745 0.051291 
746 -0.110742 
747 -0.030564 
748 0.136160 
749 -0.083258 
750 0.052403 
751 -0.062163 
752 0.037583 
753 -0.030208 
754 -0.035163 
755 0.102071 
756 -0.075697 
757 -0.030448 
758 0.017062 
759 -0.033244 
760 -0.070558 
761 0.021562 
762 0.028896 
763 -0.074210 
764 0.011947 
765 0.009010 
766 0.025132 
767 -0.147638 
768 0.080703 
769 0.070629 
770 -0.156168 
771 0.102534 
772 0.149215 
773 -0.271537 
774 0.212580 
775 -0.040603 
776 -0.128210 
777 0.143468 
778 -0.029004 
779 0.026914 
780 -0.065135 
781 0.018914 
782 -0.018339 
783 -0.119529 
784 0.161358 
785 -0.111211 
786 0.078204 
787 -0.109610 
788 0.033384 
789 0.003936 
790 -0.041797 
791 0.042990 
792 0.037974 
793 -0.052239 
794 0.043414 
795 -0.015297 
796 0.040531 
797 0.012131 
798 0.214422 
799 -0.179464 
800 0.048790 
801 0.002990 
802 -0.140763 
803 0.189554 
804 0.053506 
805 0.004445 
806 0.018998 
807 -0.112524 
808 -0.009848 
809 -0.083356 
810 0.175493 
811 0.016064 
812 -0.011577 
813 0.052925 
814 -0.091056 
815 -0.043307 
816 0.019287 
817 0.027847 
818 0.153076 
819 -0.045716 
820 0.007084 
821 -0.012998 
822 -0.180406 
823 0.106687 
824 -0.002335 
825 0.097101 
826 0.004542 
827 -0.133663 
828 0.114967 
829 -0.226351 
830 0.153533 
831 0.058385 
832 -0.061973 
833 0.038495 
834 0.004232 
835 -0.104632 
836 -0.021391 
837 0.179600 
838 -0.158498 
839 0.143060 
840 -0.010097 
841 -0.160173 
842 0.156114 
843 -0.110263 
844 0.028282 
845 0.066680 
846 -0.011729 
847 -0.080806 
848 0.076694 
849 -0.098454 
850 0.017844 
851 0.048060 
852 -0.014058 
853 -0.047156 
854 0.101175 
855 -0.055387 
856 -0.104884 
857 0.157053 
858 -0.141613 
859 0.055118 
860 0.121129 
861 -0.070582 
862 0.045532 
863 -0.066949 
864 0.080421 
865 -0.184071 
866 0.110073 
867 -0.011317 
868 -0.022278 
869 0.074184 
870 -0.125701 
871 0.092169 
872 -0.149867 
873 0.007035 
874 0.184527 
875 -0.230929 
876 0.105872 
877 0.024347 
878 -0.105740 
879 0.022849 
880 0.027046 
881 0.091309 
882 -0.060930 
883 -0.045035 
884 0.179265 
885 -0.222427 
886 -0.030874 
887 0.227071 
888 -0.091830 
889 -0.125137 
890 0.288664 
891 -0.240537 
892 -0.121125 
893 0.227487 
894 -0.047103 
895 -0.118504 
896 0.175347 
897 -0.197705 
898 0.083611 
899 -0.077626 
900 0.005350 
901 0.136819 
902 -0.136438 
903 0.061299 
904 -0.026761 
905 -0.048872 
906 -0.019428 
907 0.015379 
908 0.163593 
909 -0.204360 
910 0.237406 
911 -0.046648 
912 -0.162217 
913 0.244327 
914 -0.023038 
915 0.032390 
916 -0.024138 
917 -0.064862 
918 0.010694 
919 0.046689 
920 0.094486 
921 -0.026367 
922 -0.000315 
923 -0.055353 
924 0.030291 
925 -0.083160 
926 0.021045 
927 0.143600 
928 -0.127034 
929 -0.042882 
930 0.107286 
931 -0.197016 
932 0.001274 
933 0.122777 
934 -0.155423 
935 0.047484 
936 -0.014933 
937 -0.009014 
938 0.032234 
939 -0.034899 
940 0.147784 
941 0.003018 
942 -0.043117 
943 0.014199 
944 0.182916 
945 -0.238853 
946 0.233418 
947 0.028692 
948 -0.148162 
949 0.017693 
950 0.054255 
951 -0.132523 
952 0.109068 
953 -0.070540 
954 0.091280 
955 -0.095683 
956 0.020992 
957 -0.019306 
958 0.036426 
959 -0.052192 
960 0.129938 
961 -0.017471 
962 -0.038417 
963 0.015457 
964 0.194247 
965 -0.257136 
966 0.253500 
967 0.048380 
968 -0.181341 
969 0.201885 
970 -0.005997 
971 -0.102132 
972 0.102007 
973 -0.018436 
974 -0.178243 
975 -0.007795 
976 0.103288 
977 -0.147104 
978 0.098630 
979 -0.051001 
980 -0.021623 
981 0.051547 
982 -0.187284 
983 0.225880 
984 -0.098472 
985 -0.031129 
986 0.168088 
987 -0.002461 
988 -0.128185 
989 0.096543 
990 0.048509 
991 -0.209344 
992 0.044735 
993 0.118951 
994 -0.076529 
995 0.004338 
996 0.054342 
997 0.071896 
998 -0.157041 
999 -0.193365 
1000 0.266262 
1001 -0.230473 
1002 -0.118067 
1003 0.072209 
1004 -0.153087 
1005 -0.214795 
1006 0.153889 
1007 0.093917 
1008 -0.070374 
1009 -0.003748 
1010 0.457917 
1011 -0.238192 
1012 -0.326212 
1013 0.393954 
1014 0.030156 
1015 -0.356933 
1016 0.223324 
1017 0.090826 
1018 -0.299650 
1019 -0.169265 
1020 0.636115 
1021 -0.067778 
1022 0.055271 
1023 0.024013 
