0 0.678204 
1 -0.116565 
2 -0.031136 
3 0.088199 
4 -0.038027 
5 0.024347 
6 0.089526 
7 0.000357 
8 -0.097919 
9 0.052000 
10 -0.013418 
11 -0.018395 
12 0.101248 
13 0.041881 
14 0.011276 
15 -0.000662 
16 0.019232 
17 -0.037341 
18 0.012559 
19 0.079528 
20 0.006798 
21 0.031823 
22 0.001707 
23 0.020819 
24 -0.062239 
25 0.054521 
26 -0.020393 
27 -0.062911 
28 0.072939 
29 -0.052313 
30 0.033951 
31 0.017446 
32 -0.023017 
33 -0.021359 
34 -0.078219 
35 -0.003126 
36 -0.015996 
37 -0.015524 
38 0.054635 
39 -0.007382 
40 -0.094525 
41 -0.012764 
42 -0.026517 
43 -0.081534 
44 0.074379 
45 -0.006999 
46 -0.036201 
47 0.034999 
48 -0.029622 
49 -0.018981 
50 -0.040562 
51 0.066294 
52 -0.045292 
53 0.017704 
54 0.009756 
55 -0.005360 
56 0.004700 
57 0.001876 
58 0.030283 
59 -0.043890 
60 0.043691 
61 0.014864 
62 -0.022838 
63 0.017246 
64 0.022273 
65 -0.046397 
66 0.037330 
67 0.030327 
68 -0.050924 
69 0.041294 
70 -0.025535 
71 -0.042702 
72 0.041478 
73 -0.048928 
74 0.043413 
75 -0.032292 
76 -0.047639 
77 0.045631 
78 -0.081074 
79 0.034421 
80 0.000993 
81 -0.015293 
82 -0.071467 
83 0.038304 
84 -0.060184 
85 -0.021496 
86 0.051236 
87 -0.039254 
88 0.003992 
89 -0.021403 
90 0.022743 
91 -0.048619 
92 0.085789 
93 -0.005414 
94 0.028119 
95 -0.028226 
96 0.055390 
97 0.006196 
98 -0.005616 
99 0.123917 
100 -0.036680 
101 0.014710 
102 0.076525 
103 -0.078716 
104 0.097011 
105 0.002571 
106 0.069202 
107 -0.024067 
108 0.015688 
109 0.045793 
110 -0.088957 
111 0.093243 
112 -0.016201 
113 -0.011207 
114 0.060067 
115 -0.049349 
116 0.041370 
117 -0.091631 
118 0.040340 
119 -0.036850 
120 -0.011763 
121 0.082726 
122 -0.015617 
123 -0.015110 
124 -0.009053 
125 -0.020604 
126 -0.078696 
127 0.093302 
128 -0.026229 
129 0.018395 
130 -0.005666 
131 -0.034247 
132 -0.058891 
133 0.019850 
134 -0.033890 
135 0.064817 
136 -0.079326 
137 0.032204 
138 -0.011536 
139 -0.124772 
140 0.106596 
141 -0.013906 
142 -0.048897 
143 0.061831 
144 -0.079928 
145 -0.031237 
146 0.046308 
147 0.025474 
148 -0.002722 
149 0.019474 
150 0.005356 
151 -0.011562 
152 -0.018300 
153 0.058749 
154 -0.022099 
155 0.016666 
156 0.027312 
157 -0.012884 
158 0.006108 
159 0.021168 
160 0.013538 
161 -0.030996 
162 -0.027763 
163 0.053351 
164 -0.078539 
165 0.052762 
166 0.047303 
167 -0.075173 
168 0.045693 
169 -0.040604 
170 -0.015621 
171 0.010721 
172 -0.032579 
173 0.050003 
174 -0.094334 
175 0.053119 
176 -0.020314 
177 -0.048740 
178 0.020485 
179 -0.000228 
180 -0.043367 
181 0.020396 
182 0.055898 
183 -0.063784 
184 0.019409 
185 -0.007973 
186 -0.070915 
187 0.037985 
188 0.001195 
189 0.022641 
190 -0.024091 
191 0.009733 
192 -0.001879 
193 -0.077578 
194 0.082958 
195 0.035860 
196 -0.038498 
197 0.093629 
198 -0.066627 
199 0.004542 
200 0.047186 
201 0.017533 
202 0.050292 
203 0.013777 
204 0.032553 
205 0.000879 
206 -0.040547 
207 0.034439 
208 0.012883 
209 0.007044 
210 0.029417 
211 0.044368 
212 -0.067326 
213 0.052569 
214 0.003245 
215 -0.082166 
216 0.053571 
217 -0.058457 
218 -0.008225 
219 0.020566 
220 -0.050218 
221 0.012640 
222 -0.053070 
223 -0.016347 
224 0.020476 
225 -0.048682 
226 0.020287 
227 0.017064 
228 -0.057062 
229 0.007973 
230 0.028906 
231 -0.081346 
232 0.060130 
233 -0.026375 
234 -0.048309 
235 0.019465 
236 0.024914 
237 0.001777 
238 0.040579 
239 0.021404 
240 0.005251 
241 -0.015387 
242 0.019695 
243 0.059245 
244 -0.002000 
245 0.039833 
246 0.051446 
247 -0.071268 
248 0.018136 
249 0.045500 
250 -0.050619 
251 0.043390 
252 0.019271 
253 -0.035503 
254 0.048138 
255 0.020578 
256 0.014518 
257 0.043928 
258 -0.048137 
259 0.028525 
260 -0.030905 
261 -0.023670 
262 0.051395 
263 -0.030769 
264 -0.003872 
265 0.014377 
266 -0.081277 
267 -0.030723 
268 0.035101 
269 -0.088892 
270 0.046897 
271 0.025458 
272 -0.055018 
273 0.061098 
274 -0.037846 
275 -0.018568 
276 -0.031947 
277 -0.007652 
278 0.007072 
279 -0.013216 
280 0.022149 
281 -0.028234 
282 -0.010027 
283 -0.024716 
284 0.006672 
285 0.034000 
286 -0.037926 
287 0.076773 
288 -0.025029 
289 -0.015910 
290 0.054845 
291 -0.022988 
292 0.037743 
293 -0.003504 
294 0.010992 
295 -0.025278 
296 -0.018205 
297 0.061432 
298 -0.038887 
299 0.027846 
300 0.027619 
301 -0.087368 
302 0.033187 
303 0.002146 
304 0.040804 
305 0.008628 
306 0.031082 
307 -0.016502 
308 -0.059425 
309 0.013582 
310 -0.007505 
311 -0.026282 
312 0.010666 
313 0.024833 
314 -0.063829 
315 0.012980 
316 0.017203 
317 -0.045288 
318 0.018992 
319 0.005527 
320 -0.034553 
321 0.004262 
322 -0.022942 
323 0.036233 
324 -0.025556 
325 -0.018960 
326 0.067330 
327 -0.102551 
328 0.060988 
329 0.015440 
330 -0.098713 
331 0.076975 
332 -0.017116 
333 -0.017825 
334 0.052373 
335 0.027918 
336 -0.039016 
337 0.025268 
338 -0.013811 
339 0.024371 
340 0.004404 
341 0.073310 
342 0.004474 
343 -0.017618 
344 0.046631 
345 -0.006119 
346 0.031104 
347 0.007989 
348 0.047777 
349 0.002230 
350 -0.035831 
351 0.069630 
352 -0.034819 
353 -0.010164 
354 0.064527 
355 -0.074066 
356 0.035296 
357 -0.005057 
358 0.005822 
359 0.002167 
360 -0.032727 
361 0.017171 
362 -0.083133 
363 0.005575 
364 0.009052 
365 -0.056913 
366 0.008234 
367 0.015745 
368 -0.069851 
369 0.017690 
370 0.019649 
371 -0.053908 
372 0.003098 
373 0.022019 
374 -0.056191 
375 0.011883 
376 0.020808 
377 -0.007459 
378 -0.000963 
379 -0.014692 
380 0.039641 
381 -0.041519 
382 0.017535 
383 0.079660 
384 -0.100689 
385 0.094340 
386 0.007655 
387 0.015356 
388 0.053834 
389 0.014306 
390 0.040487 
391 -0.089300 
392 0.064204 
393 0.000274 
394 -0.017695 
395 0.111534 
396 -0.019442 
397 -0.040289 
398 0.010517 
399 -0.003549 
400 -0.025319 
401 0.027660 
402 0.062924 
403 -0.071252 
404 0.031558 
405 -0.026736 
406 -0.059682 
407 0.040006 
408 -0.072186 
409 0.029152 
410 -0.057152 
411 -0.036218 
412 0.044271 
413 -0.073297 
414 0.028801 
415 -0.008402 
416 -0.042294 
417 -0.015761 
418 0.053414 
419 -0.060024 
420 0.041340 
421 0.022497 
422 -0.064734 
423 0.020408 
424 -0.004367 
425 -0.012318 
426 0.001061 
427 0.005643 
428 -0.006252 
429 -0.004556 
430 0.047869 
431 0.056050 
432 -0.006160 
433 0.018565 
434 0.050756 
435 -0.044478 
436 0.031444 
437 0.042352 
438 -0.028640 
439 0.029276 
440 0.017260 
441 -0.035756 
442 0.033100 
443 -0.017270 
444 0.024965 
445 -0.042805 
446 0.006675 
447 0.006973 
448 0.039784 
449 -0.008267 
450 0.043630 
451 -0.033343 
452 -0.084325 
453 0.046502 
454 -0.057716 
455 -0.006244 
456 0.082195 
457 -0.084282 
458 -0.036752 
459 0.030190 
460 -0.105022 
461 0.054268 
462 -0.002225 
463 -0.000807 
464 0.021829 
465 -0.059584 
466 0.051461 
467 -0.045035 
468 0.000076 
469 0.018495 
470 -0.047127 
471 0.008536 
472 0.006686 
473 0.019826 
474 -0.044840 
475 0.057715 
476 -0.016843 
477 -0.013237 
478 0.049494 
479 -0.004815 
480 0.051544 
481 -0.009792 
482 0.048805 
483 -0.018705 
484 0.002216 
485 0.108435 
486 -0.074632 
487 0.034586 
488 0.035805 
489 -0.066464 
490 0.066896 
491 0.012309 
492 0.037002 
493 -0.006098 
494 0.005774 
495 0.004225 
496 -0.029245 
497 0.034726 
498 0.036200 
499 -0.007997 
500 -0.021277 
501 0.009220 
502 -0.021001 
503 -0.045216 
504 0.050419 
505 -0.052525 
506 -0.022610 
507 0.022705 
508 -0.050478 
509 0.025040 
510 -0.027967 
511 0.019088 
512 -0.035392 
513 -0.031756 
514 0.017772 
515 -0.057123 
516 0.028293 
517 0.018037 
518 -0.071828 
519 0.000633 
520 0.011054 
521 -0.028675 
522 0.000799 
523 0.062196 
524 -0.047505 
525 0.010678 
526 0.029062 
527 -0.010477 
528 -0.005512 
529 0.057203 
530 -0.017899 
531 0.013395 
532 0.007745 
533 0.035836 
534 0.026365 
535 -0.046433 
536 0.065063 
537 -0.025703 
538 -0.032115 
539 0.099902 
540 -0.012200 
541 -0.052408 
542 0.100015 
543 -0.073570 
544 -0.028393 
545 0.076062 
546 -0.051662 
547 -0.005134 
548 0.021116 
549 -0.041080 
550 -0.021664 
551 0.006034 
552 0.024954 
553 -0.036120 
554 -0.038030 
555 -0.004099 
556 -0.036655 
557 -0.022199 
558 0.081023 
559 -0.061039 
560 -0.018375 
561 0.010786 
562 -0.052827 
563 0.010607 
564 0.016768 
565 0.029575 
566 0.021578 
567 -0.049368 
568 0.042643 
569 -0.034126 
570 0.003173 
571 0.082919 
572 -0.018921 
573 0.013792 
574 0.031841 
575 -0.007571 
576 -0.015896 
577 0.035455 
578 0.020386 
579 -0.038201 
580 0.051671 
581 0.032763 
582 -0.051774 
583 0.059502 
584 0.000126 
585 -0.052439 
586 0.020479 
587 0.038175 
588 -0.014768 
589 -0.000699 
590 0.062497 
591 -0.097516 
592 0.025126 
593 -0.014778 
594 0.004731 
595 0.007573 
596 -0.014186 
597 0.029168 
598 -0.072696 
599 -0.017789 
600 0.012115 
601 -0.047479 
602 0.007467 
603 0.022884 
604 -0.052947 
605 -0.020113 
606 0.042423 
607 -0.049376 
608 -0.006465 
609 0.038890 
610 -0.061760 
611 0.026747 
612 0.007533 
613 0.007071 
614 -0.003200 
615 0.004542 
616 0.026355 
617 -0.032310 
618 0.035285 
619 0.043303 
620 -0.030900 
621 0.014617 
622 0.029602 
623 0.004590 
624 0.014495 
625 0.085942 
626 -0.027808 
627 -0.011897 
628 -0.000306 
629 -0.007332 
630 -0.000864 
631 0.053012 
632 0.063457 
633 -0.029734 
634 0.010511 
635 -0.010696 
636 -0.041009 
637 0.019955 
638 0.038519 
639 0.029206 
640 -0.012853 
641 0.027594 
642 -0.008016 
643 -0.076625 
644 0.042611 
645 -0.048423 
646 -0.020854 
647 0.057062 
648 -0.023012 
649 -0.007348 
650 -0.023479 
651 -0.033756 
652 -0.050935 
653 -0.015464 
654 0.017498 
655 0.018766 
656 0.009170 
657 -0.004873 
658 -0.051117 
659 -0.069991 
660 0.000087 
661 0.009618 
662 0.005678 
663 0.024295 
664 0.008967 
665 -0.047754 
666 -0.013293 
667 0.049063 
668 -0.040429 
669 0.045922 
670 0.025739 
671 -0.021837 
672 0.002398 
673 0.052419 
674 -0.014241 
675 0.025395 
676 0.039135 
677 -0.019244 
678 0.009330 
679 0.006978 
680 0.001090 
681 0.032162 
682 -0.042693 
683 0.082949 
684 -0.016946 
685 -0.018859 
686 0.081458 
687 -0.074156 
688 0.000631 
689 0.011771 
690 -0.014337 
691 -0.006964 
692 0.060953 
693 -0.017516 
694 -0.069125 
695 0.023012 
696 -0.060651 
697 0.013310 
698 0.004604 
699 0.037960 
700 -0.037726 
701 -0.046859 
702 0.030691 
703 -0.096743 
704 0.010574 
705 0.043438 
706 -0.041306 
707 0.012034 
708 0.045417 
709 -0.029793 
710 -0.022898 
711 0.028797 
712 -0.034547 
713 -0.004511 
714 0.075459 
715 0.001544 
716 0.042536 
717 -0.001293 
718 -0.023987 
719 0.003498 
720 -0.038169 
721 0.096360 
722 -0.018696 
723 0.059355 
724 -0.033580 
725 0.032699 
726 -0.078611 
727 0.053595 
728 0.081330 
729 -0.059416 
730 0.085482 
731 -0.069810 
732 -0.041960 
733 -0.020888 
734 0.028381 
735 -0.017149 
736 0.024758 
737 0.023179 
738 -0.051084 
739 -0.004277 
740 -0.017770 
741 0.024613 
742 -0.055732 
743 0.030274 
744 0.022970 
745 -0.056870 
746 0.056062 
747 0.011208 
748 -0.081288 
749 0.053732 
750 -0.040743 
751 -0.004276 
752 0.005248 
753 0.030794 
754 -0.035809 
755 -0.023966 
756 0.072417 
757 -0.053109 
758 0.030254 
759 0.046366 
760 -0.025129 
761 -0.038471 
762 0.045066 
763 -0.015811 
764 0.008148 
765 0.082252 
766 -0.028477 
767 -0.011328 
768 -0.059471 
769 0.075924 
770 -0.070136 
771 0.055211 
772 0.058118 
773 -0.051271 
774 0.002489 
775 -0.013753 
776 -0.007791 
777 -0.035126 
778 0.074385 
779 -0.031007 
780 0.023848 
781 0.015409 
782 0.034042 
783 -0.034902 
784 -0.042156 
785 0.000227 
786 -0.047066 
787 0.001898 
788 0.089036 
789 -0.024290 
790 -0.004681 
791 0.027290 
792 -0.093146 
793 -0.016580 
794 0.037387 
795 0.048707 
796 -0.031938 
797 0.062863 
798 -0.029460 
799 -0.068473 
800 0.080388 
801 -0.050927 
802 0.031933 
803 -0.031118 
804 0.027400 
805 -0.061448 
806 0.030636 
807 0.005534 
808 0.010272 
809 -0.012852 
810 0.016615 
811 0.035128 
812 -0.068318 
813 0.061450 
814 0.000925 
815 -0.070588 
816 0.090934 
817 -0.022685 
818 -0.018306 
819 0.054871 
820 -0.060431 
821 -0.026678 
822 -0.025054 
823 0.044314 
824 0.036779 
825 0.004986 
826 0.041140 
827 -0.056626 
828 -0.037827 
829 -0.021426 
830 0.089844 
831 -0.052560 
832 0.116541 
833 -0.035622 
834 -0.108172 
835 0.029846 
836 -0.074310 
837 0.011633 
838 0.035397 
839 -0.029638 
840 0.036704 
841 -0.043149 
842 -0.005183 
843 0.022828 
844 -0.070454 
845 0.029527 
846 0.017000 
847 -0.029130 
848 0.056910 
849 -0.006944 
850 -0.009608 
851 -0.029870 
852 0.028783 
853 -0.034730 
854 0.076909 
855 0.067016 
856 -0.000070 
857 -0.036384 
858 0.009909 
859 0.010293 
860 -0.040958 
861 0.149025 
862 -0.032510 
863 0.038312 
864 0.047852 
865 -0.063775 
866 -0.024652 
867 0.072342 
868 0.007604 
869 0.052396 
870 0.000483 
871 0.008993 
872 0.024976 
873 -0.075999 
874 0.044781 
875 -0.050222 
876 -0.062252 
877 0.064079 
878 -0.074436 
879 0.021563 
880 0.006595 
881 -0.066454 
882 -0.033486 
883 -0.018675 
884 0.000310 
885 0.007459 
886 -0.009956 
887 -0.049046 
888 -0.011453 
889 -0.065768 
890 -0.001319 
891 0.087293 
892 -0.086327 
893 0.046138 
894 -0.087549 
895 -0.050203 
896 0.056154 
897 -0.026506 
898 0.041727 
899 -0.011111 
900 0.016062 
901 -0.047230 
902 -0.019347 
903 0.050641 
904 0.057830 
905 0.017392 
906 0.026043 
907 -0.000096 
908 -0.034099 
909 0.067908 
910 -0.029196 
911 -0.004675 
912 0.000377 
913 0.041452 
914 -0.008895 
915 0.072510 
916 0.081609 
917 -0.092736 
918 0.032643 
919 -0.018507 
920 -0.002556 
921 0.105152 
922 0.027325 
923 0.013917 
924 -0.015320 
925 -0.038983 
926 0.011263 
927 -0.068831 
928 0.082571 
929 -0.083889 
930 -0.013342 
931 -0.012362 
932 0.000756 
933 0.056914 
934 -0.062509 
935 0.100988 
936 -0.061808 
937 0.002342 
938 -0.029624 
939 -0.047854 
940 0.034815 
941 -0.088943 
942 0.091682 
943 -0.118165 
944 0.124232 
945 -0.006182 
946 -0.009469 
947 0.060013 
948 -0.034715 
949 -0.005940 
950 0.046915 
951 -0.024810 
952 0.029950 
953 0.001160 
954 0.000660 
955 -0.034836 
956 -0.039127 
957 0.040031 
958 0.005686 
959 -0.068430 
960 0.059234 
961 -0.066275 
962 -0.018129 
963 0.084777 
964 0.048064 
965 -0.026035 
966 0.098438 
967 -0.080869 
968 -0.016331 
969 0.012825 
970 0.013517 
971 0.017411 
972 -0.004315 
973 -0.018537 
974 0.026555 
975 -0.116379 
976 0.098300 
977 0.000217 
978 -0.052143 
979 0.115424 
980 -0.073886 
981 0.009672 
982 0.001934 
983 0.028786 
984 -0.105568 
985 -0.015649 
986 0.031799 
987 -0.117735 
988 0.127840 
989 -0.032851 
990 0.006430 
991 -0.047065 
992 -0.062404 
993 0.015467 
994 0.015354 
995 0.127109 
996 0.039993 
997 -0.119063 
998 0.041410 
999 -0.091115 
1000 -0.143594 
1001 0.018208 
1002 -0.059106 
1003 -0.039443 
1004 0.045125 
1005 0.032330 
1006 0.008984 
1007 0.128940 
1008 0.017767 
1009 -0.086696 
1010 -0.089836 
1011 0.048104 
1012 0.011058 
1013 -0.019458 
1014 0.053961 
1015 0.085734 
1016 -0.145387 
1017 -0.015458 
1018 0.139465 
1019 -0.051771 
1020 0.090844 
1021 0.019096 
1022 -0.044370 
1023 0.304724 
