0 0.182663 
1 -0.205168 
2 0.049439 
3 -0.015174 
4 -0.038298 
5 -0.016120 
6 0.023354 
7 -0.064234 
8 0.013541 
9 0.009244 
10 -0.000270 
11 -0.094410 
12 0.089235 
13 -0.053828 
14 -0.021505 
15 0.029620 
16 -0.023082 
17 0.020194 
18 -0.058593 
19 0.108515 
20 -0.081641 
21 0.057281 
22 -0.038699 
23 0.064034 
24 -0.035025 
25 0.038364 
26 -0.025109 
27 -0.002551 
28 0.019917 
29 -0.009736 
30 0.010598 
31 -0.044515 
32 0.054151 
33 -0.017694 
34 -0.047078 
35 0.038148 
36 0.011394 
37 -0.076247 
38 0.075869 
39 0.016083 
40 -0.063676 
41 0.069748 
42 -0.027997 
43 0.045584 
44 -0.013276 
45 0.013762 
46 0.021422 
47 0.019081 
48 0.002371 
49 -0.016956 
50 0.073982 
51 -0.044572 
52 -0.003863 
53 0.030550 
54 -0.001643 
55 -0.005583 
56 -0.021306 
57 0.011691 
58 -0.028249 
59 -0.013258 
60 0.006495 
61 0.006610 
62 -0.018120 
63 0.015926 
64 -0.101058 
65 0.078244 
66 -0.029205 
67 0.005392 
68 0.029751 
69 -0.011483 
70 0.023053 
71 -0.070627 
72 0.011237 
73 0.030139 
74 0.058485 
75 -0.098722 
76 0.058693 
77 -0.009803 
78 0.010986 
79 -0.074914 
80 0.037767 
81 0.073392 
82 -0.073083 
83 0.001763 
84 0.002690 
85 -0.002257 
86 0.003050 
87 0.004396 
88 -0.018100 
89 0.016787 
90 0.029530 
91 -0.101711 
92 0.098459 
93 -0.047948 
94 0.020328 
95 -0.011890 
96 0.013119 
97 0.036646 
98 -0.006114 
99 -0.014618 
100 0.008952 
101 0.070176 
102 -0.046723 
103 0.008444 
104 -0.000802 
105 0.062203 
106 -0.066261 
107 -0.013421 
108 0.013714 
109 0.003868 
110 -0.026801 
111 -0.035282 
112 0.030372 
113 -0.017745 
114 -0.008054 
115 -0.061426 
116 0.055194 
117 -0.009285 
118 0.007685 
119 0.000588 
120 -0.028100 
121 0.025535 
122 -0.035162 
123 0.068691 
124 -0.074633 
125 0.088523 
126 -0.065841 
127 0.030378 
128 -0.042613 
129 0.055464 
130 -0.000760 
131 -0.035582 
132 0.041087 
133 -0.040434 
134 0.059872 
135 -0.077726 
136 0.105069 
137 -0.063728 
138 0.065075 
139 -0.068679 
140 0.063895 
141 -0.041366 
142 0.018174 
143 0.034275 
144 -0.066778 
145 0.043459 
146 -0.025444 
147 0.018661 
148 -0.023676 
149 0.033641 
150 -0.013417 
151 0.022493 
152 -0.048899 
153 0.049870 
154 -0.003316 
155 -0.024746 
156 0.024611 
157 -0.032206 
158 -0.010899 
159 -0.004855 
160 0.029228 
161 -0.061048 
162 0.019999 
163 -0.000435 
164 -0.054597 
165 0.041951 
166 -0.033589 
167 0.046095 
168 -0.060830 
169 0.063961 
170 -0.110933 
171 0.075815 
172 0.006751 
173 -0.053357 
174 0.044324 
175 -0.023978 
176 -0.001974 
177 -0.007636 
178 0.018175 
179 -0.060187 
180 0.089001 
181 -0.046767 
182 0.010657 
183 0.033209 
184 -0.006178 
185 -0.007358 
186 0.048773 
187 0.008413 
188 -0.021919 
189 0.040153 
190 -0.037444 
191 0.063290 
192 -0.016551 
193 -0.013677 
194 0.025458 
195 -0.056119 
196 0.044242 
197 -0.048751 
198 0.091318 
199 -0.052220 
200 0.039515 
201 -0.056071 
202 0.013255 
203 0.063311 
204 -0.004474 
205 0.011995 
206 -0.038214 
207 0.073649 
208 -0.055507 
209 0.033535 
210 -0.013408 
211 0.049843 
212 -0.045114 
213 0.022052 
214 -0.037823 
215 0.054304 
216 -0.049632 
217 -0.018568 
218 0.046236 
219 -0.031297 
220 0.047539 
221 -0.022902 
222 0.026849 
223 -0.057449 
224 0.060867 
225 -0.006574 
226 -0.000102 
227 -0.020988 
228 -0.012033 
229 0.021574 
230 -0.033806 
231 -0.008948 
232 -0.008331 
233 0.015575 
234 0.005311 
235 -0.008583 
236 -0.023694 
237 0.001851 
238 0.042010 
239 -0.035331 
240 -0.010031 
241 0.046185 
242 0.012449 
243 -0.092428 
244 0.024912 
245 0.018132 
246 -0.028624 
247 0.007645 
248 -0.023102 
249 0.029557 
250 -0.057867 
251 0.060264 
252 -0.067624 
253 0.079108 
254 -0.067470 
255 0.003986 
256 0.011628 
257 0.036982 
258 -0.008920 
259 -0.068828 
260 0.075581 
261 -0.052247 
262 0.039824 
263 -0.043332 
264 0.047793 
265 -0.032915 
266 0.027676 
267 -0.019195 
268 -0.000954 
269 0.042580 
270 -0.042949 
271 0.041989 
272 0.000009 
273 0.009263 
274 -0.033180 
275 0.028267 
276 -0.003878 
277 -0.003132 
278 0.032990 
279 -0.020256 
280 0.002519 
281 -0.028464 
282 0.024490 
283 -0.019893 
284 0.077963 
285 -0.050015 
286 -0.018577 
287 0.041645 
288 -0.026011 
289 0.011645 
290 -0.006860 
291 0.017230 
292 -0.034767 
293 0.004318 
294 -0.019817 
295 0.018798 
296 -0.007247 
297 -0.029085 
298 0.011812 
299 0.051177 
300 -0.059972 
301 0.019080 
302 0.021993 
303 -0.015886 
304 0.018081 
305 -0.016170 
306 0.061697 
307 -0.028595 
308 0.010508 
309 -0.022547 
310 0.041662 
311 0.017238 
312 -0.058991 
313 0.055436 
314 -0.028376 
315 0.058661 
316 -0.085438 
317 0.010041 
318 0.015110 
319 0.018561 
320 0.008462 
321 -0.088300 
322 0.122023 
323 -0.061827 
324 -0.007553 
325 -0.034639 
326 0.088374 
327 -0.025427 
328 -0.022604 
329 0.013269 
330 -0.007233 
331 0.026462 
332 -0.028924 
333 0.030765 
334 -0.034911 
335 0.032980 
336 -0.040326 
337 -0.011591 
338 -0.003531 
339 0.031188 
340 -0.058482 
341 0.013719 
342 0.025812 
343 -0.015489 
344 -0.021900 
345 0.004596 
346 0.024443 
347 -0.007510 
348 0.007363 
349 -0.001510 
350 0.017468 
351 -0.001608 
352 -0.000826 
353 0.006199 
354 0.001510 
355 0.051721 
356 -0.081765 
357 0.056542 
358 0.005936 
359 0.010890 
360 -0.029637 
361 -0.000412 
362 0.009829 
363 0.003264 
364 0.046310 
365 -0.103943 
366 0.070359 
367 -0.021665 
368 -0.002891 
369 -0.012812 
370 0.014951 
371 0.002024 
372 -0.023590 
373 0.016853 
374 -0.010444 
375 0.008163 
376 0.011645 
377 -0.003391 
378 -0.019785 
379 0.039356 
380 0.004647 
381 0.009355 
382 0.001633 
383 -0.003597 
384 0.007505 
385 -0.010591 
386 0.026401 
387 -0.020345 
388 0.010831 
389 -0.058111 
390 0.034882 
391 -0.036291 
392 -0.035809 
393 0.045888 
394 -0.036808 
395 -0.001108 
396 -0.021305 
397 0.040718 
398 -0.065930 
399 0.027402 
400 0.014686 
401 0.011436 
402 -0.020217 
403 -0.014833 
404 -0.016166 
405 0.041301 
406 0.015535 
407 -0.057429 
408 0.037901 
409 -0.007729 
410 -0.004567 
411 -0.030058 
412 0.026179 
413 0.009823 
414 0.028538 
415 -0.042405 
416 -0.025164 
417 0.084478 
418 -0.076119 
419 0.018061 
420 -0.026724 
421 0.031935 
422 -0.025731 
423 -0.041754 
424 0.019509 
425 -0.001515 
426 0.027513 
427 -0.063196 
428 0.063772 
429 0.004317 
430 0.014342 
431 0.009933 
432 0.024294 
433 0.004920 
434 -0.014935 
435 0.033808 
436 -0.010093 
437 0.029455 
438 -0.032396 
439 0.016091 
440 -0.006134 
441 0.013075 
442 -0.051626 
443 0.068683 
444 0.009418 
445 -0.045998 
446 0.057056 
447 -0.050244 
448 0.045156 
449 0.006382 
450 -0.020917 
451 -0.018212 
452 0.053081 
453 -0.067961 
454 -0.023273 
455 0.038562 
456 -0.026637 
457 -0.005767 
458 0.017517 
459 -0.006138 
460 -0.003376 
461 0.012589 
462 -0.009729 
463 0.043723 
464 0.004504 
465 0.002673 
466 -0.013788 
467 0.035457 
468 -0.017352 
469 -0.064141 
470 0.084518 
471 -0.075385 
472 0.023564 
473 -0.018281 
474 0.007564 
475 -0.025154 
476 -0.018741 
477 0.015180 
478 -0.004765 
479 0.056255 
480 -0.085210 
481 0.053368 
482 -0.039156 
483 0.019688 
484 -0.017963 
485 0.003233 
486 0.039364 
487 -0.020728 
488 -0.031100 
489 -0.019554 
490 0.062584 
491 -0.004546 
492 -0.018899 
493 0.013184 
494 0.027187 
495 -0.016149 
496 -0.055258 
497 0.072235 
498 -0.049182 
499 0.030489 
500 -0.036165 
501 -0.004546 
502 -0.020357 
503 0.019754 
504 -0.032762 
505 -0.016080 
506 0.030601 
507 -0.046755 
508 0.030272 
509 -0.046633 
510 0.063352 
511 -0.017642 
512 0.011209 
513 -0.017318 
514 0.034011 
515 -0.033927 
516 0.057780 
517 -0.046359 
518 0.029032 
519 -0.030424 
520 -0.002313 
521 0.029795 
522 -0.028297 
523 0.037864 
524 -0.038346 
525 0.044173 
526 -0.072977 
527 0.060151 
528 -0.011768 
529 -0.013087 
530 -0.014808 
531 -0.005464 
532 0.049418 
533 -0.089806 
534 0.073235 
535 -0.009177 
536 -0.028352 
537 0.048847 
538 -0.013483 
539 0.043668 
540 -0.029151 
541 0.056676 
542 -0.065270 
543 0.080895 
544 -0.020704 
545 0.011515 
546 -0.017966 
547 -0.004047 
548 0.054027 
549 -0.074108 
550 0.026668 
551 -0.038525 
552 0.060011 
553 -0.061688 
554 0.028171 
555 -0.065252 
556 0.067198 
557 -0.065414 
558 0.017711 
559 0.028773 
560 -0.036471 
561 0.042308 
562 -0.037268 
563 -0.006136 
564 0.025951 
565 0.048137 
566 -0.033112 
567 0.013846 
568 -0.001782 
569 0.021207 
570 -0.019356 
571 0.026799 
572 0.005382 
573 -0.014408 
574 0.001694 
575 -0.021877 
576 0.007131 
577 -0.001399 
578 0.019613 
579 -0.091773 
580 0.047213 
581 -0.033705 
582 -0.003185 
583 0.033500 
584 -0.088028 
585 0.100623 
586 -0.075417 
587 0.037946 
588 -0.032471 
589 0.065150 
590 -0.032068 
591 -0.002730 
592 0.052286 
593 -0.064912 
594 0.101151 
595 -0.093503 
596 0.082322 
597 -0.065867 
598 0.047406 
599 -0.040592 
600 -0.010762 
601 0.024951 
602 -0.030177 
603 0.012041 
604 -0.025564 
605 0.002603 
606 -0.017908 
607 0.041058 
608 -0.051950 
609 0.041085 
610 -0.003987 
611 -0.030900 
612 0.035261 
613 -0.021451 
614 -0.009048 
615 0.023671 
616 0.006961 
617 -0.049149 
618 0.029395 
619 0.001120 
620 0.033967 
621 -0.013879 
622 -0.013826 
623 0.043554 
624 -0.019797 
625 0.036397 
626 -0.028849 
627 0.040678 
628 -0.048728 
629 0.043269 
630 -0.038804 
631 0.013282 
632 -0.032926 
633 0.025350 
634 -0.014378 
635 -0.054879 
636 0.046347 
637 -0.056297 
638 0.088775 
639 -0.029579 
640 -0.000182 
641 -0.007822 
642 0.060546 
643 -0.068242 
644 0.011993 
645 0.065855 
646 -0.037226 
647 0.020783 
648 -0.064263 
649 0.000438 
650 0.034546 
651 0.012979 
652 -0.041958 
653 0.036244 
654 0.023613 
655 -0.062703 
656 0.011687 
657 0.030261 
658 0.048525 
659 -0.044294 
660 0.011122 
661 -0.054046 
662 0.067374 
663 -0.018589 
664 -0.086245 
665 0.079235 
666 -0.007124 
667 -0.005897 
668 -0.032570 
669 0.072207 
670 -0.079662 
671 0.071133 
672 -0.023322 
673 0.011040 
674 0.046436 
675 -0.024347 
676 -0.028278 
677 0.017098 
678 0.015146 
679 -0.059403 
680 0.045577 
681 -0.028560 
682 0.004002 
683 -0.030209 
684 0.017966 
685 -0.034138 
686 0.011750 
687 -0.004371 
688 -0.031375 
689 0.071917 
690 -0.073865 
691 0.019133 
692 -0.022043 
693 0.018077 
694 -0.019940 
695 0.018269 
696 0.045967 
697 -0.104026 
698 0.076377 
699 -0.076501 
700 0.100081 
701 -0.015792 
702 -0.013060 
703 -0.024244 
704 0.054877 
705 -0.008016 
706 -0.024746 
707 0.034353 
708 -0.030378 
709 0.015932 
710 -0.050465 
711 0.056903 
712 -0.044712 
713 0.033518 
714 -0.069435 
715 0.042101 
716 -0.004296 
717 0.012051 
718 -0.038765 
719 0.006842 
720 0.056426 
721 -0.059677 
722 0.057466 
723 -0.020720 
724 0.044853 
725 -0.006949 
726 0.007420 
727 0.034548 
728 -0.008339 
729 0.018659 
730 -0.002756 
731 0.027874 
732 -0.008161 
733 0.053467 
734 -0.087880 
735 0.016894 
736 0.010206 
737 -0.010078 
738 -0.019022 
739 -0.009665 
740 -0.013273 
741 -0.051057 
742 0.065526 
743 -0.072010 
744 0.076921 
745 -0.063100 
746 0.049283 
747 -0.015882 
748 0.015537 
749 0.062551 
750 -0.039991 
751 0.048505 
752 -0.062503 
753 0.061169 
754 -0.027078 
755 0.042893 
756 -0.058124 
757 0.041512 
758 -0.009394 
759 0.000282 
760 0.007959 
761 -0.066679 
762 0.048223 
763 -0.015914 
764 -0.017479 
765 -0.017526 
766 0.028521 
767 -0.061043 
768 -0.005317 
769 0.014537 
770 -0.051005 
771 0.036638 
772 -0.056817 
773 0.054320 
774 -0.042125 
775 0.060536 
776 -0.029314 
777 0.011106 
778 0.035887 
779 -0.020371 
780 0.030822 
781 -0.003190 
782 -0.002735 
783 -0.035112 
784 0.039066 
785 -0.064030 
786 0.024673 
787 -0.019057 
788 -0.022921 
789 -0.045313 
790 0.014811 
791 -0.006188 
792 -0.002691 
793 0.037793 
794 -0.054220 
795 -0.001022 
796 -0.000689 
797 0.082872 
798 -0.072506 
799 0.020094 
800 0.001486 
801 -0.013967 
802 0.034090 
803 -0.034003 
804 0.058390 
805 -0.047541 
806 0.064766 
807 -0.065694 
808 0.035754 
809 0.010805 
810 0.010260 
811 0.035493 
812 -0.091062 
813 0.094374 
814 -0.037369 
815 0.014479 
816 -0.077210 
817 0.076289 
818 -0.006330 
819 0.025836 
820 -0.052896 
821 0.030114 
822 0.012246 
823 -0.018454 
824 0.036740 
825 -0.031617 
826 0.100616 
827 -0.074441 
828 0.021572 
829 -0.002812 
830 0.045026 
831 0.005492 
832 -0.032411 
833 -0.003285 
834 0.054332 
835 0.047944 
836 -0.115132 
837 0.016873 
838 0.041636 
839 -0.055374 
840 0.043590 
841 -0.000540 
842 -0.016390 
843 -0.052298 
844 0.012270 
845 -0.028973 
846 0.042668 
847 -0.026369 
848 0.019823 
849 -0.055828 
850 0.024451 
851 -0.015153 
852 0.035000 
853 0.026429 
854 -0.039189 
855 0.035244 
856 -0.052107 
857 0.053139 
858 -0.085633 
859 0.090015 
860 -0.088920 
861 0.096152 
862 -0.052079 
863 -0.012084 
864 0.056342 
865 -0.029565 
866 -0.029456 
867 0.025553 
868 0.047144 
869 -0.065004 
870 -0.000268 
871 -0.050645 
872 0.040741 
873 -0.021173 
874 -0.091176 
875 -0.012596 
876 0.062748 
877 -0.055738 
878 0.011176 
879 0.012121 
880 -0.060693 
881 0.028873 
882 0.016549 
883 0.003018 
884 0.064604 
885 -0.009355 
886 -0.007375 
887 -0.058606 
888 0.103944 
889 -0.055217 
890 0.033169 
891 -0.008920 
892 0.017442 
893 -0.042490 
894 -0.006698 
895 -0.005496 
896 -0.001974 
897 0.031160 
898 -0.121666 
899 0.107453 
900 -0.041948 
901 -0.011167 
902 -0.037138 
903 0.084581 
904 -0.042642 
905 0.028742 
906 -0.003156 
907 -0.033566 
908 0.008369 
909 0.062297 
910 0.019097 
911 -0.018821 
912 0.064033 
913 -0.026632 
914 0.019354 
915 0.055680 
916 -0.002097 
917 -0.012548 
918 0.027602 
919 -0.020755 
920 -0.002267 
921 0.011306 
922 -0.034486 
923 -0.029983 
924 -0.008588 
925 -0.038888 
926 0.025602 
927 -0.045426 
928 0.019390 
929 -0.097394 
930 0.074988 
931 -0.030603 
932 0.033960 
933 0.003574 
934 0.009228 
935 -0.045676 
936 0.039965 
937 0.054284 
938 -0.015780 
939 0.024998 
940 -0.046431 
941 0.051701 
942 -0.035737 
943 0.005857 
944 -0.004591 
945 -0.007230 
946 -0.024552 
947 0.034231 
948 -0.005160 
949 -0.066415 
950 0.017616 
951 -0.032533 
952 0.066451 
953 0.026274 
954 -0.102527 
955 0.026727 
956 0.026417 
957 0.015167 
958 -0.009914 
959 0.040704 
960 -0.006386 
961 0.020287 
962 -0.101937 
963 0.009761 
964 0.061551 
965 0.025661 
966 -0.070298 
967 -0.091374 
968 0.131843 
969 -0.060065 
970 0.018578 
971 -0.035933 
972 0.037732 
973 -0.001587 
974 0.065033 
975 -0.106162 
976 0.009602 
977 0.031448 
978 -0.037422 
979 0.041137 
980 -0.026050 
981 -0.034506 
982 -0.048163 
983 -0.024842 
984 -0.039071 
985 0.132467 
986 -0.073772 
987 0.025895 
988 0.021716 
989 -0.009617 
990 -0.001595 
991 0.133721 
992 0.027278 
993 -0.123115 
994 0.102034 
995 -0.000299 
996 -0.041454 
997 -0.050637 
998 0.032080 
999 -0.029859 
1000 -0.050991 
1001 0.042573 
1002 -0.086690 
1003 0.071244 
1004 -0.062220 
1005 -0.022008 
1006 0.162592 
1007 0.061609 
1008 -0.075587 
1009 -0.112179 
1010 -0.020508 
1011 0.028895 
1012 0.083012 
1013 -0.143941 
1014 -0.019708 
1015 0.087832 
1016 0.172466 
1017 -0.142608 
1018 0.051827 
1019 0.143887 
1020 -0.064896 
1021 0.021766 
1022 0.468080 
1023 0.234788 
