0 0.568426 
1 -0.373454 
2 0.061141 
3 -0.037629 
4 0.036609 
5 -0.120712 
6 0.152606 
7 -0.003126 
8 -0.001126 
9 -0.132797 
10 0.081987 
11 -0.058664 
12 0.061625 
13 0.045547 
14 0.022053 
15 -0.078735 
16 0.059299 
17 -0.004715 
18 -0.038553 
19 0.109204 
20 -0.009835 
21 0.065803 
22 -0.051603 
23 -0.098204 
24 0.116653 
25 -0.004728 
26 -0.064866 
27 0.192307 
28 -0.162505 
29 0.002702 
30 -0.038334 
31 0.109548 
32 -0.044024 
33 -0.000586 
34 0.051666 
35 -0.004075 
36 -0.077259 
37 0.062978 
38 -0.028670 
39 0.062408 
40 0.001151 
41 0.018673 
42 -0.025977 
43 -0.058847 
44 0.057935 
45 0.077355 
46 -0.077636 
47 0.068724 
48 -0.042744 
49 -0.020275 
50 -0.019057 
51 0.035581 
52 -0.008418 
53 -0.048335 
54 0.047110 
55 0.012081 
56 -0.130098 
57 -0.037234 
58 0.127823 
59 0.009763 
60 -0.083535 
61 -0.051464 
62 0.066823 
63 0.016837 
64 -0.038128 
65 -0.058755 
66 0.073235 
67 0.054091 
68 -0.025171 
69 -0.099316 
70 0.043510 
71 0.076901 
72 -0.023808 
73 -0.061649 
74 0.073185 
75 -0.015306 
76 -0.024712 
77 0.015374 
78 -0.052040 
79 0.094547 
80 -0.019294 
81 -0.107140 
82 0.095690 
83 -0.012559 
84 -0.034818 
85 0.021964 
86 0.012804 
87 -0.005355 
88 0.056529 
89 -0.073159 
90 0.029614 
91 0.065153 
92 -0.057033 
93 -0.009622 
94 0.060965 
95 -0.002222 
96 -0.002386 
97 0.037588 
98 -0.003711 
99 -0.036975 
100 0.029669 
101 0.055173 
102 -0.029413 
103 0.011119 
104 -0.047762 
105 0.094287 
106 -0.024445 
107 -0.042681 
108 -0.052174 
109 0.137043 
110 -0.032800 
111 -0.079432 
112 0.025672 
113 -0.012180 
114 0.105402 
115 -0.061465 
116 -0.000055 
117 -0.021873 
118 0.042642 
119 -0.048714 
120 0.050682 
121 -0.042850 
122 -0.001729 
123 0.122060 
124 -0.160750 
125 0.015541 
126 0.005887 
127 -0.030624 
128 0.051046 
129 0.053199 
130 -0.131714 
131 0.027522 
132 0.045153 
133 -0.079507 
134 -0.013607 
135 0.069867 
136 -0.051258 
137 0.040441 
138 -0.106587 
139 -0.024369 
140 0.054833 
141 0.030306 
142 -0.045637 
143 0.030611 
144 -0.023632 
145 -0.060146 
146 0.035663 
147 0.019289 
148 0.027263 
149 0.045044 
150 -0.065291 
151 0.000292 
152 0.056268 
153 -0.092370 
154 0.023835 
155 0.078583 
156 0.020030 
157 -0.041220 
158 -0.068402 
159 0.025072 
160 0.069483 
161 -0.018277 
162 -0.053513 
163 0.021551 
164 0.083261 
165 -0.096407 
166 -0.009925 
167 -0.017568 
168 0.100516 
169 0.003157 
170 -0.068137 
171 -0.051062 
172 0.099351 
173 -0.012156 
174 -0.019140 
175 0.037724 
176 0.001108 
177 -0.001835 
178 -0.002275 
179 -0.003904 
180 -0.015442 
181 0.068689 
182 -0.072100 
183 0.084552 
184 -0.089962 
185 -0.005737 
186 0.053807 
187 0.029941 
188 -0.093041 
189 0.006853 
190 0.023428 
191 -0.013767 
192 0.039740 
193 -0.051735 
194 0.026754 
195 0.030099 
196 -0.031517 
197 -0.030772 
198 0.001366 
199 0.007152 
200 0.093909 
201 -0.113456 
202 0.012819 
203 0.052817 
204 -0.019882 
205 -0.082106 
206 0.099108 
207 0.023841 
208 -0.100757 
209 0.014047 
210 -0.027956 
211 0.033337 
212 0.018833 
213 -0.070842 
214 0.017106 
215 0.003299 
216 -0.036464 
217 -0.029887 
218 0.049883 
219 -0.059855 
220 0.102893 
221 -0.093185 
222 -0.018714 
223 -0.014762 
224 0.067232 
225 -0.012812 
226 -0.025643 
227 0.025941 
228 -0.028422 
229 0.031579 
230 -0.010110 
231 -0.018815 
232 0.055762 
233 0.011454 
234 -0.000090 
235 0.010590 
236 -0.096776 
237 0.110949 
238 0.020389 
239 0.010680 
240 -0.083856 
241 0.064792 
242 -0.029806 
243 -0.005641 
244 -0.004894 
245 0.019606 
246 0.028239 
247 -0.005358 
248 -0.087418 
249 0.079089 
250 -0.040867 
251 0.049490 
252 -0.052892 
253 0.114402 
254 -0.104890 
255 -0.002315 
256 -0.014059 
257 0.043960 
258 0.047395 
259 -0.042923 
260 -0.079853 
261 0.091672 
262 -0.013556 
263 -0.071141 
264 0.062345 
265 -0.017675 
266 0.006111 
267 -0.021669 
268 -0.037047 
269 -0.004959 
270 0.061536 
271 -0.024382 
272 -0.073940 
273 0.026701 
274 0.006015 
275 0.020593 
276 -0.057527 
277 -0.007183 
278 0.070385 
279 -0.029017 
280 -0.035270 
281 0.005966 
282 0.032130 
283 -0.061324 
284 0.087694 
285 -0.059477 
286 -0.018512 
287 0.001331 
288 0.019363 
289 -0.041916 
290 0.065755 
291 -0.071733 
292 0.073522 
293 -0.077707 
294 0.023801 
295 -0.039036 
296 0.112624 
297 -0.078491 
298 0.044635 
299 -0.043574 
300 -0.047761 
301 0.076710 
302 -0.024363 
303 0.008599 
304 0.013974 
305 0.015413 
306 -0.027663 
307 0.015060 
308 -0.014521 
309 0.091054 
310 0.011835 
311 -0.036119 
312 -0.001464 
313 0.059296 
314 -0.053257 
315 0.087881 
316 -0.020330 
317 0.025392 
318 -0.056292 
319 0.062664 
320 -0.105600 
321 0.108149 
322 -0.042900 
323 0.011662 
324 0.007366 
325 -0.036647 
326 -0.060650 
327 0.066510 
328 -0.032607 
329 -0.004246 
330 -0.025205 
331 0.042029 
332 -0.087251 
333 0.078091 
334 -0.041780 
335 0.009046 
336 0.040396 
337 -0.062196 
338 0.029621 
339 0.038589 
340 -0.043589 
341 0.000506 
342 0.040617 
343 -0.045008 
344 0.053482 
345 -0.077856 
346 -0.015353 
347 0.035962 
348 0.029558 
349 -0.058532 
350 0.029265 
351 -0.017701 
352 0.021210 
353 0.006364 
354 -0.051150 
355 0.071017 
356 0.028806 
357 -0.104170 
358 0.030479 
359 0.094606 
360 -0.092128 
361 0.055997 
362 0.024867 
363 -0.052601 
364 -0.000536 
365 0.037856 
366 0.014745 
367 0.009327 
368 0.083041 
369 -0.130603 
370 0.040520 
371 -0.018561 
372 0.067819 
373 -0.064396 
374 0.035330 
375 -0.031956 
376 0.024508 
377 -0.050833 
378 -0.036651 
379 0.096079 
380 -0.022603 
381 -0.009478 
382 -0.030101 
383 0.007860 
384 -0.016915 
385 0.043693 
386 0.027870 
387 -0.002480 
388 -0.063737 
389 0.029506 
390 0.009892 
391 -0.017470 
392 0.009627 
393 0.049808 
394 -0.017407 
395 -0.008802 
396 0.009982 
397 -0.092033 
398 0.087147 
399 0.015533 
400 -0.041803 
401 -0.007314 
402 0.011668 
403 -0.024323 
404 -0.026885 
405 0.024679 
406 -0.025162 
407 0.089712 
408 -0.047543 
409 -0.091549 
410 0.087665 
411 -0.042303 
412 0.058953 
413 -0.004632 
414 0.007038 
415 -0.060260 
416 0.015486 
417 -0.016648 
418 0.016495 
419 0.047770 
420 -0.029611 
421 0.020047 
422 -0.069699 
423 0.012374 
424 0.018624 
425 0.031647 
426 -0.031199 
427 0.033991 
428 -0.075665 
429 0.041676 
430 -0.015699 
431 -0.024387 
432 -0.018331 
433 0.106631 
434 -0.121549 
435 -0.005073 
436 -0.005322 
437 0.070305 
438 -0.057368 
439 0.032976 
440 -0.032583 
441 0.027964 
442 0.003172 
443 -0.053696 
444 0.037284 
445 0.075859 
446 -0.040377 
447 -0.059130 
448 0.082495 
449 -0.024254 
450 0.005306 
451 0.010498 
452 -0.013407 
453 0.028774 
454 0.027686 
455 -0.076578 
456 0.031368 
457 0.035180 
458 0.015623 
459 -0.066760 
460 0.026737 
461 -0.005891 
462 0.036527 
463 -0.058112 
464 0.048471 
465 0.034445 
466 -0.033656 
467 -0.013021 
468 0.020422 
469 0.002583 
470 0.015717 
471 0.001026 
472 0.035571 
473 -0.062920 
474 0.011251 
475 -0.057814 
476 0.106568 
477 -0.065083 
478 -0.017640 
479 0.006594 
480 -0.040236 
481 -0.023115 
482 0.041462 
483 -0.008078 
484 -0.052168 
485 0.072808 
486 -0.096020 
487 -0.016540 
488 0.061256 
489 -0.024527 
490 -0.027544 
491 0.064694 
492 -0.034837 
493 -0.079979 
494 0.059038 
495 -0.012169 
496 0.031704 
497 0.036618 
498 -0.107730 
499 0.045395 
500 0.071817 
501 -0.054720 
502 -0.023498 
503 0.073982 
504 -0.016095 
505 0.023913 
506 -0.089172 
507 0.038984 
508 0.037751 
509 0.049528 
510 -0.109301 
511 0.083090 
512 -0.068769 
513 0.042849 
514 0.043182 
515 -0.053079 
516 -0.007124 
517 0.046500 
518 0.000062 
519 -0.044217 
520 -0.000759 
521 0.006198 
522 0.045249 
523 0.006827 
524 -0.052972 
525 -0.016635 
526 0.033338 
527 0.025184 
528 -0.009248 
529 -0.000402 
530 -0.034533 
531 0.061466 
532 -0.082554 
533 -0.015319 
534 0.057484 
535 0.029654 
536 -0.066026 
537 -0.057041 
538 0.047236 
539 -0.002003 
540 -0.015813 
541 -0.000023 
542 0.060544 
543 -0.039936 
544 -0.026902 
545 -0.026234 
546 0.081314 
547 -0.013327 
548 0.053031 
549 -0.115518 
550 0.052511 
551 0.026166 
552 -0.020033 
553 -0.065720 
554 0.117168 
555 -0.018908 
556 -0.009681 
557 -0.040297 
558 -0.018652 
559 0.048813 
560 0.035286 
561 -0.044895 
562 0.015133 
563 0.000059 
564 -0.082711 
565 0.019088 
566 0.071543 
567 -0.081101 
568 0.047632 
569 -0.020699 
570 -0.045289 
571 0.015629 
572 -0.014551 
573 -0.008884 
574 0.100795 
575 -0.083995 
576 -0.006578 
577 -0.019332 
578 0.062998 
579 -0.065426 
580 0.038857 
581 0.013281 
582 0.001421 
583 0.000650 
584 -0.062604 
585 0.092339 
586 -0.039400 
587 0.059914 
588 -0.035819 
589 0.023417 
590 -0.013946 
591 -0.009584 
592 0.004725 
593 0.026558 
594 0.041092 
595 -0.049019 
596 -0.016975 
597 0.019870 
598 0.009815 
599 0.017671 
600 -0.043268 
601 0.064064 
602 -0.033219 
603 0.047113 
604 -0.068480 
605 0.056470 
606 0.031829 
607 -0.054555 
608 0.024982 
609 -0.030379 
610 0.001124 
611 0.060689 
612 -0.052461 
613 0.006828 
614 0.000664 
615 0.003398 
616 0.003818 
617 -0.047305 
618 0.037101 
619 -0.004164 
620 0.032892 
621 -0.099097 
622 0.054317 
623 -0.021243 
624 0.035104 
625 -0.046373 
626 0.021642 
627 -0.049717 
628 0.078467 
629 -0.033187 
630 0.011449 
631 0.009322 
632 0.021548 
633 -0.001882 
634 -0.023494 
635 -0.014482 
636 0.028966 
637 0.050564 
638 -0.010937 
639 -0.064016 
640 0.051835 
641 -0.027369 
642 0.008036 
643 -0.008939 
644 0.002435 
645 0.030458 
646 -0.037575 
647 -0.004230 
648 -0.036440 
649 0.015754 
650 0.028072 
651 -0.006792 
652 -0.011825 
653 -0.077857 
654 0.049584 
655 -0.027556 
656 0.027429 
657 0.019995 
658 0.014004 
659 -0.067118 
660 0.015266 
661 0.002435 
662 -0.026332 
663 0.086852 
664 -0.048122 
665 0.015738 
666 -0.018164 
667 -0.003570 
668 -0.045854 
669 0.059969 
670 -0.028984 
671 0.053946 
672 -0.036424 
673 -0.056304 
674 0.018142 
675 0.057824 
676 -0.058905 
677 0.060677 
678 -0.027828 
679 0.007296 
680 -0.021334 
681 0.011511 
682 -0.021621 
683 0.086990 
684 0.001353 
685 -0.031741 
686 -0.051054 
687 0.071517 
688 -0.057567 
689 0.109976 
690 -0.037872 
691 -0.034898 
692 0.037781 
693 0.010990 
694 -0.039725 
695 0.012368 
696 0.063511 
697 -0.094354 
698 0.091343 
699 -0.115719 
700 0.045225 
701 -0.033190 
702 0.051959 
703 -0.054352 
704 0.052907 
705 -0.087223 
706 0.018152 
707 -0.009596 
708 -0.006138 
709 0.081973 
710 -0.042128 
711 -0.059901 
712 0.000441 
713 0.046343 
714 -0.049206 
715 0.032035 
716 0.002878 
717 0.019301 
718 -0.046424 
719 -0.034225 
720 0.028955 
721 0.032112 
722 0.014040 
723 -0.082061 
724 0.034335 
725 -0.033590 
726 0.000108 
727 0.058522 
728 -0.096608 
729 0.068140 
730 -0.026823 
731 0.027877 
732 -0.063465 
733 0.037160 
734 0.024401 
735 0.024090 
736 -0.058999 
737 0.098653 
738 -0.068372 
739 -0.001744 
740 0.053845 
741 -0.004265 
742 0.002150 
743 0.014855 
744 0.002765 
745 -0.061926 
746 0.081447 
747 -0.051871 
748 0.042250 
749 0.000833 
750 -0.066050 
751 0.036244 
752 0.013884 
753 -0.057315 
754 0.035560 
755 0.051509 
756 -0.106048 
757 0.004820 
758 0.087850 
759 -0.119979 
760 0.069844 
761 0.034923 
762 -0.018120 
763 -0.037895 
764 0.035089 
765 -0.005623 
766 0.062006 
767 -0.027831 
768 -0.020332 
769 0.030942 
770 0.007356 
771 -0.029742 
772 0.020237 
773 0.007585 
774 0.016322 
775 -0.045749 
776 -0.011437 
777 0.029781 
778 -0.019842 
779 0.034867 
780 -0.018846 
781 0.006713 
782 -0.054836 
783 0.104475 
784 -0.147980 
785 0.097878 
786 0.054177 
787 -0.073910 
788 -0.127746 
789 0.176646 
790 -0.046718 
791 -0.045958 
792 -0.006403 
793 0.054533 
794 -0.069852 
795 0.071411 
796 -0.124625 
797 0.025426 
798 0.117809 
799 -0.048954 
800 -0.128585 
801 0.124869 
802 -0.090082 
803 -0.023616 
804 0.101467 
805 -0.102060 
806 0.058092 
807 -0.013776 
808 -0.038885 
809 -0.093914 
810 0.168520 
811 -0.086999 
812 0.005849 
813 0.035894 
814 -0.004914 
815 -0.106661 
816 0.091953 
817 -0.022688 
818 0.087790 
819 -0.036739 
820 -0.030068 
821 0.010277 
822 0.053504 
823 -0.049018 
824 0.072379 
825 0.010419 
826 0.064485 
827 -0.104269 
828 -0.002141 
829 0.008468 
830 0.088344 
831 -0.020926 
832 0.010599 
833 0.001984 
834 -0.099658 
835 0.117553 
836 -0.074231 
837 0.063420 
838 -0.002200 
839 0.036105 
840 -0.135797 
841 0.167630 
842 -0.186826 
843 0.160426 
844 -0.099641 
845 0.128195 
846 -0.066426 
847 -0.021451 
848 0.005675 
849 0.005210 
850 0.026404 
851 0.017837 
852 -0.084711 
853 0.171674 
854 -0.181899 
855 0.032071 
856 0.045712 
857 0.011216 
858 -0.072502 
859 0.110922 
860 -0.120448 
861 0.045222 
862 -0.027449 
863 -0.028808 
864 0.125692 
865 -0.059641 
866 -0.077674 
867 0.047776 
868 0.039226 
869 -0.048253 
870 0.054158 
871 -0.053753 
872 0.045050 
873 -0.020835 
874 -0.030149 
875 -0.013958 
876 0.102026 
877 -0.051999 
878 -0.059244 
879 0.068939 
880 -0.044607 
881 -0.055749 
882 0.065989 
883 0.010826 
884 -0.038545 
885 0.007237 
886 -0.075808 
887 0.047184 
888 0.044729 
889 -0.073850 
890 0.005739 
891 0.119064 
892 -0.117413 
893 -0.024641 
894 0.015731 
895 0.077182 
896 0.034167 
897 -0.071935 
898 -0.049271 
899 0.123368 
900 -0.022757 
901 0.001917 
902 0.009580 
903 0.032171 
904 -0.009983 
905 -0.018562 
906 0.063880 
907 0.007828 
908 -0.005501 
909 0.013662 
910 -0.019054 
911 0.043541 
912 -0.027883 
913 0.029975 
914 0.016549 
915 0.025577 
916 0.021808 
917 -0.096874 
918 0.058066 
919 0.038710 
920 -0.020703 
921 -0.063458 
922 0.105738 
923 -0.045854 
924 -0.071429 
925 -0.053386 
926 0.077558 
927 0.048656 
928 -0.061109 
929 -0.129445 
930 0.047366 
931 -0.031720 
932 0.037459 
933 -0.049854 
934 0.019636 
935 0.033185 
936 -0.052240 
937 -0.064532 
938 -0.021242 
939 0.036653 
940 0.049666 
941 -0.065771 
942 -0.029728 
943 0.047821 
944 -0.138304 
945 0.074479 
946 0.006402 
947 0.005977 
948 -0.045556 
949 0.009973 
950 -0.024561 
951 0.035614 
952 -0.015574 
953 0.012100 
954 0.068106 
955 -0.022982 
956 -0.083642 
957 0.066535 
958 -0.007097 
959 0.149141 
960 -0.054462 
961 -0.009703 
962 -0.035549 
963 0.014390 
964 -0.023868 
965 0.046814 
966 0.012876 
967 -0.029563 
968 -0.064650 
969 0.104347 
970 -0.136298 
971 -0.015533 
972 0.099687 
973 -0.026814 
974 0.121884 
975 -0.194334 
976 0.038375 
977 -0.033952 
978 0.093266 
979 -0.002382 
980 0.062354 
981 0.055293 
982 -0.084027 
983 -0.142192 
984 0.096075 
985 0.129902 
986 -0.062649 
987 -0.025643 
988 0.068651 
989 -0.034959 
990 0.010876 
991 -0.072724 
992 0.126721 
993 0.079431 
994 -0.053870 
995 -0.123521 
996 0.134556 
997 -0.000945 
998 -0.143884 
999 -0.009257 
1000 0.064095 
1001 -0.010721 
1002 -0.143302 
1003 0.027326 
1004 -0.008100 
1005 0.019310 
1006 0.049357 
1007 -0.037504 
1008 0.096422 
1009 0.065887 
1010 -0.175550 
1011 0.033395 
1012 0.095730 
1013 -0.018148 
1014 -0.159715 
1015 0.058261 
1016 0.160819 
1017 0.145438 
1018 -0.076817 
1019 -0.042907 
1020 -0.001911 
1021 -0.118082 
1022 0.179346 
1023 0.557295 
