0 -0.000461 
1 -0.000111 
2 -0.000087 
3 -0.000315 
4 -0.000548 
5 -0.000706 
6 -0.000875 
7 -0.001037 
8 -0.001043 
9 -0.000907 
10 -0.000777 
11 -0.000690 
12 -0.000625 
13 -0.000599 
14 -0.000634 
15 -0.000722 
16 -0.000851 
17 -0.000999 
18 -0.001110 
19 -0.001077 
20 -0.000900 
21 -0.000666 
22 -0.000435 
23 -0.000237 
24 -0.000142 
25 -0.000225 
26 -0.000479 
27 -0.000753 
28 -0.000908 
29 -0.001004 
30 -0.001073 
31 -0.001032 
32 -0.000822 
33 -0.000601 
34 -0.000569 
35 -0.000685 
36 -0.000743 
37 -0.000709 
38 -0.000708 
39 -0.000727 
40 -0.000645 
41 -0.000494 
42 -0.000391 
43 -0.000328 
44 -0.000303 
45 -0.000381 
46 -0.000540 
47 -0.000501 
48 -0.000180 
49 0.000098 
50 0.000124 
51 0.000078 
52 0.000121 
53 0.000256 
54 0.000466 
55 0.000614 
56 0.000446 
57 0.000004 
58 -0.000369 
59 -0.000505 
60 -0.000529 
61 -0.000495 
62 -0.000298 
63 0.000087 
64 0.000562 
65 0.001068 
66 0.001510 
67 0.001686 
68 0.001443 
69 0.000859 
70 0.000210 
71 -0.000223 
72 -0.000305 
73 -0.000063 
74 0.000321 
75 0.000678 
76 0.000923 
77 0.001053 
78 0.001098 
79 0.001152 
80 0.001216 
81 0.001091 
82 0.000723 
83 0.000373 
84 0.000199 
85 0.000107 
86 0.000141 
87 0.000448 
88 0.000864 
89 0.001191 
90 0.001501 
91 0.001799 
92 0.001839 
93 0.001494 
94 0.000966 
95 0.000463 
96 0.000120 
97 0.000175 
98 0.000642 
99 0.001083 
100 0.001140 
101 0.000974 
102 0.000865 
103 0.000889 
104 0.001014 
105 0.001204 
106 0.001478 
107 0.001797 
108 0.002067 
109 0.002310 
110 0.002387 
111 0.001914 
112 0.000875 
113 -0.000179 
114 -0.000630 
115 -0.000437 
116 0.000059 
117 0.000692 
118 0.001516 
119 0.002395 
120 0.002886 
121 0.002720 
122 0.002091 
123 0.001420 
124 0.000956 
125 0.000758 
126 0.000829 
127 0.000993 
128 0.000989 
129 0.000824 
130 0.000892 
131 0.001341 
132 0.001912 
133 0.002378 
134 0.002573 
135 0.002268 
136 0.001607 
137 0.001206 
138 0.001205 
139 0.001026 
140 0.000446 
141 0.000056 
142 0.000221 
143 0.000526 
144 0.000707 
145 0.000967 
146 0.001238 
147 0.001240 
148 0.001240 
149 0.001601 
150 0.001945 
151 0.001608 
152 0.000537 
153 -0.000617 
154 -0.001271 
155 -0.001340 
156 -0.000888 
157 -0.000221 
158 0.000164 
159 0.000062 
160 -0.000019 
161 0.000247 
162 0.000348 
163 -0.000076 
164 -0.000523 
165 -0.000742 
166 -0.001286 
167 -0.002340 
168 -0.003016 
169 -0.002539 
170 -0.001419 
171 -0.000523 
172 -0.000108 
173 -0.000124 
174 -0.000385 
175 -0.000330 
176 0.000164 
177 0.000413 
178 -0.000209 
179 -0.001355 
180 -0.002159 
181 -0.002389 
182 -0.002261 
183 -0.001767 
184 -0.001087 
185 -0.000645 
186 -0.000697 
187 -0.001154 
188 -0.001558 
189 -0.001579 
190 -0.001369 
191 -0.001189 
192 -0.000887 
193 -0.000254 
194 0.000429 
195 0.000549 
196 -0.000019 
197 -0.000698 
198 -0.000889 
199 -0.000658 
200 -0.000361 
201 -0.000347 
202 -0.000404 
203 -0.000176 
204 0.000073 
205 -0.000185 
206 -0.001012 
207 -0.001616 
208 -0.001119 
209 -0.000090 
210 0.000352 
211 0.000022 
212 -0.000342 
213 -0.000291 
214 -0.000058 
215 0.000051 
216 0.000184 
217 0.000025 
218 -0.000991 
219 -0.002564 
220 -0.003457 
221 -0.002865 
222 -0.001302 
223 0.000114 
224 0.000860 
225 0.000999 
226 0.000720 
227 0.000489 
228 0.000211 
229 -0.000792 
230 -0.002026 
231 -0.002414 
232 -0.002081 
233 -0.001911 
234 -0.001707 
235 -0.000903 
236 -0.000006 
237 0.000272 
238 -0.000251 
239 -0.001577 
240 -0.003426 
241 -0.004697 
242 -0.004732 
243 -0.004244 
244 -0.003644 
245 -0.002371 
246 -0.000496 
247 0.000870 
248 0.001123 
249 0.000577 
250 -0.000236 
251 -0.000769 
252 -0.000514 
253 0.000185 
254 0.000525 
255 0.000309 
256 -0.000259 
257 -0.000819 
258 -0.000994 
259 -0.000826 
260 -0.000906 
261 -0.002032 
262 -0.003788 
263 -0.004946 
264 -0.004446 
265 -0.002682 
266 -0.000851 
267 0.000469 
268 0.001349 
269 0.001862 
270 0.001783 
271 0.001274 
272 0.000853 
273 0.000486 
274 0.000062 
275 -0.000032 
276 0.000462 
277 0.000869 
278 0.000439 
279 -0.000710 
280 -0.001541 
281 -0.001422 
282 -0.000950 
283 -0.001164 
284 -0.002182 
285 -0.002906 
286 -0.002353 
287 -0.000461 
288 0.002429 
289 0.005197 
290 0.006494 
291 0.005791 
292 0.003698 
293 0.000473 
294 -0.003107 
295 -0.005157 
296 -0.004447 
297 -0.002136 
298 0.000088 
299 0.001748 
300 0.002872 
301 0.002756 
302 0.001231 
303 -0.000615 
304 -0.002100 
305 -0.003053 
306 -0.003353 
307 -0.003057 
308 -0.002588 
309 -0.001799 
310 0.000223 
311 0.003436 
312 0.005910 
313 0.005823 
314 0.003079 
315 -0.001046 
316 -0.004332 
317 -0.005405 
318 -0.004567 
319 -0.003060 
320 -0.001900 
321 -0.001350 
322 -0.001435 
323 -0.001805 
324 -0.001440 
325 0.000102 
326 0.002290 
327 0.004105 
328 0.004880 
329 0.004421 
330 0.002492 
331 -0.000875 
332 -0.004355 
333 -0.005790 
334 -0.003986 
335 -0.000207 
336 0.003201 
337 0.004519 
338 0.003664 
339 0.002222 
340 0.002230 
341 0.003874 
342 0.004784 
343 0.003380 
344 0.000651 
345 -0.001500 
346 -0.002422 
347 -0.001545 
348 0.001142 
349 0.003357 
350 0.002806 
351 0.000620 
352 -0.000619 
353 -0.000817 
354 -0.001584 
355 -0.002274 
356 -0.001193 
357 0.001172 
358 0.002572 
359 0.002456 
360 0.001904 
361 0.001530 
362 0.001334 
363 0.001444 
364 0.002059 
365 0.002631 
366 0.002158 
367 0.000804 
368 -0.000918 
369 -0.002976 
370 -0.004167 
371 -0.002739 
372 0.000091 
373 0.001523 
374 0.001489 
375 0.002131 
376 0.003500 
377 0.003698 
378 0.002586 
379 0.001265 
380 0.000138 
381 0.000388 
382 0.003204 
383 0.006686 
384 0.007245 
385 0.004650 
386 0.000681 
387 -0.003469 
388 -0.006575 
389 -0.006325 
390 -0.003282 
391 -0.001036 
392 -0.000647 
393 0.000076 
394 0.001851 
395 0.003468 
396 0.004197 
397 0.003804 
398 0.001980 
399 -0.000139 
400 -0.000382 
401 0.000719 
402 0.000675 
403 0.000281 
404 0.002562 
405 0.006538 
406 0.008167 
407 0.006979 
408 0.006409 
409 0.007328 
410 0.007178 
411 0.004764 
412 0.001479 
413 -0.001129 
414 -0.002111 
415 -0.000403 
416 0.003959 
417 0.008370 
418 0.010999 
419 0.012275 
420 0.011578 
421 0.008373 
422 0.004384 
423 0.001793 
424 -0.000329 
425 -0.003365 
426 -0.005633 
427 -0.004411 
428 -0.000199 
429 0.004279 
430 0.007577 
431 0.009517 
432 0.010512 
433 0.010163 
434 0.008505 
435 0.006351 
436 0.004248 
437 0.002163 
438 0.000933 
439 0.000666 
440 0.000925 
441 0.002228 
442 0.004200 
443 0.004947 
444 0.004153 
445 0.003590 
446 0.004441 
447 0.005124 
448 0.004413 
449 0.003915 
450 0.004137 
451 0.003025 
452 0.000243 
453 -0.002152 
454 -0.002967 
455 -0.002360 
456 -0.000198 
457 0.003308 
458 0.005973 
459 0.006399 
460 0.005987 
461 0.005567 
462 0.003672 
463 0.000289 
464 -0.002146 
465 -0.003429 
466 -0.004986 
467 -0.006313 
468 -0.005677 
469 -0.002659 
470 0.000874 
471 0.002757 
472 0.002261 
473 -0.000195 
474 -0.002806 
475 -0.003683 
476 -0.002543 
477 -0.001539 
478 -0.001980 
479 -0.002194 
480 -0.001263 
481 -0.000538 
482 -0.000544 
483 -0.000355 
484 -0.000688 
485 -0.003406 
486 -0.006535 
487 -0.006218 
488 -0.003343 
489 -0.001668 
490 -0.001740 
491 -0.001714 
492 -0.001275 
493 -0.001219 
494 -0.001474 
495 -0.002777 
496 -0.006054 
497 -0.009575 
498 -0.010269 
499 -0.008320 
500 -0.005467 
501 -0.001958 
502 0.001457 
503 0.002572 
504 0.000777 
505 -0.002147 
506 -0.005532 
507 -0.010001 
508 -0.014371 
509 -0.016220 
510 -0.015067 
511 -0.011476 
512 -0.006172 
513 -0.001884 
514 -0.001727 
515 -0.004651 
516 -0.007583 
517 -0.009572 
518 -0.011674 
519 -0.013593 
520 -0.013469 
521 -0.011586 
522 -0.009834 
523 -0.008654 
524 -0.007800 
525 -0.007518 
526 -0.008036 
527 -0.009185 
528 -0.010717 
529 -0.012400 
530 -0.013633 
531 -0.013148 
532 -0.010894 
533 -0.007994 
534 -0.005212 
535 -0.002846 
536 -0.001664 
537 -0.002600 
538 -0.005579 
539 -0.008749 
540 -0.010509 
541 -0.011636 
542 -0.012426 
543 -0.011844 
544 -0.009303 
545 -0.006685 
546 -0.006151 
547 -0.007223 
548 -0.007698 
549 -0.007284 
550 -0.007260 
551 -0.007457 
552 -0.006643 
553 -0.005169 
554 -0.004170 
555 -0.003545 
556 -0.003280 
557 -0.003984 
558 -0.005402 
559 -0.004792 
560 -0.001428 
561 0.001412 
562 0.001678 
563 0.001144 
564 0.001384 
565 0.002449 
566 0.004191 
567 0.005352 
568 0.003713 
569 -0.000269 
570 -0.003522 
571 -0.004641 
572 -0.004738 
573 -0.004342 
574 -0.002620 
575 0.000599 
576 0.004509 
577 0.008603 
578 0.012054 
579 0.013280 
580 0.011160 
581 0.006361 
582 0.001087 
583 -0.002375 
584 -0.002948 
585 -0.000972 
586 0.002038 
587 0.004810 
588 0.006696 
589 0.007607 
590 0.007812 
591 0.008060 
592 0.008299 
593 0.007111 
594 0.004309 
595 0.001827 
596 0.000691 
597 0.000176 
598 0.000560 
599 0.002757 
600 0.005554 
601 0.007656 
602 0.009604 
603 0.011395 
604 0.011465 
605 0.009127 
606 0.005755 
607 0.002701 
608 0.000751 
609 0.001209 
610 0.004003 
611 0.006552 
612 0.006876 
613 0.005986 
614 0.005404 
615 0.005470 
616 0.006000 
617 0.006851 
618 0.008125 
619 0.009597 
620 0.010809 
621 0.011924 
622 0.012265 
623 0.009895 
624 0.004802 
625 -0.000259 
626 -0.002319 
627 -0.001345 
628 0.000940 
629 0.003756 
630 0.007368 
631 0.011094 
632 0.012948 
633 0.011887 
634 0.008957 
635 0.006029 
636 0.004102 
637 0.003372 
638 0.003790 
639 0.004568 
640 0.004646 
641 0.004037 
642 0.004241 
643 0.005800 
644 0.007718 
645 0.009145 
646 0.009498 
647 0.008025 
648 0.005411 
649 0.003951 
650 0.004027 
651 0.003504 
652 0.001618 
653 0.000421 
654 0.001080 
655 0.002085 
656 0.002558 
657 0.003240 
658 0.003917 
659 0.003704 
660 0.003537 
661 0.004608 
662 0.005717 
663 0.004760 
664 0.001587 
665 -0.001769 
666 -0.003572 
667 -0.003655 
668 -0.002273 
669 -0.000388 
670 0.000564 
671 0.000082 
672 -0.000304 
673 0.000332 
674 0.000551 
675 -0.000592 
676 -0.001689 
677 -0.002130 
678 -0.003430 
679 -0.006031 
680 -0.007617 
681 -0.006289 
682 -0.003439 
683 -0.001240 
684 -0.000282 
685 -0.000391 
686 -0.001067 
687 -0.000955 
688 0.000214 
689 0.000848 
690 -0.000478 
691 -0.002930 
692 -0.004531 
693 -0.004839 
694 -0.004427 
695 -0.003339 
696 -0.001950 
697 -0.001127 
698 -0.001367 
699 -0.002428 
700 -0.003310 
701 -0.003353 
702 -0.002889 
703 -0.002447 
704 -0.001742 
705 -0.000418 
706 0.000949 
707 0.001190 
708 0.000100 
709 -0.001218 
710 -0.001631 
711 -0.001234 
712 -0.000674 
713 -0.000599 
714 -0.000648 
715 -0.000214 
716 0.000256 
717 -0.000153 
718 -0.001529 
719 -0.002523 
720 -0.001701 
721 -0.000072 
722 0.000539 
723 -0.000103 
724 -0.000773 
725 -0.000772 
726 -0.000464 
727 -0.000307 
728 -0.000077 
729 -0.000283 
730 -0.001734 
731 -0.003952 
732 -0.005146 
733 -0.004234 
734 -0.002014 
735 -0.000074 
736 0.000874 
737 0.000963 
738 0.000512 
739 0.000166 
740 -0.000210 
741 -0.001488 
742 -0.002974 
743 -0.003287 
744 -0.002684 
745 -0.002361 
746 -0.002081 
747 -0.001120 
748 -0.000099 
749 0.000139 
750 -0.000601 
751 -0.002266 
752 -0.004474 
753 -0.005915 
754 -0.005846 
755 -0.005130 
756 -0.004272 
757 -0.002677 
758 -0.000450 
759 0.001150 
760 0.001438 
761 0.000761 
762 -0.000245 
763 -0.000906 
764 -0.000648 
765 0.000126 
766 0.000557 
767 0.000427 
768 -0.000061 
769 -0.000551 
770 -0.000681 
771 -0.000511 
772 -0.000625 
773 -0.001751 
774 -0.003432 
775 -0.004508 
776 -0.004045 
777 -0.002431 
778 -0.000762 
779 0.000432 
780 0.001207 
781 0.001650 
782 0.001595 
783 0.001193 
784 0.000886 
785 0.000617 
786 0.000267 
787 0.000159 
788 0.000499 
789 0.000716 
790 0.000247 
791 -0.000742 
792 -0.001400 
793 -0.001260 
794 -0.000812 
795 -0.000843 
796 -0.001466 
797 -0.001901 
798 -0.001451 
799 -0.000109 
800 0.001831 
801 0.003587 
802 0.004288 
803 0.003647 
804 0.002132 
805 -0.000060 
806 -0.002386 
807 -0.003625 
808 -0.003046 
809 -0.001470 
810 -0.000003 
811 0.001056 
812 0.001730 
813 0.001614 
814 0.000657 
815 -0.000480 
816 -0.001408 
817 -0.002017 
818 -0.002213 
819 -0.002036 
820 -0.001746 
821 -0.001254 
822 -0.000044 
823 0.001814 
824 0.003215 
825 0.003191 
826 0.001717 
827 -0.000517 
828 -0.002309 
829 -0.002912 
830 -0.002499 
831 -0.001745 
832 -0.001165 
833 -0.000857 
834 -0.000829 
835 -0.000931 
836 -0.000678 
837 0.000124 
838 0.001181 
839 0.001996 
840 0.002282 
841 0.002001 
842 0.001075 
843 -0.000470 
844 -0.002021 
845 -0.002617 
846 -0.001771 
847 -0.000088 
848 0.001397 
849 0.001971 
850 0.001628 
851 0.001034 
852 0.001020 
853 0.001650 
854 0.001973 
855 0.001380 
856 0.000294 
857 -0.000540 
858 -0.000886 
859 -0.000543 
860 0.000468 
861 0.001281 
862 0.001069 
863 0.000275 
864 -0.000167 
865 -0.000237 
866 -0.000497 
867 -0.000711 
868 -0.000317 
869 0.000482 
870 0.000928 
871 0.000862 
872 0.000648 
873 0.000499 
874 0.000423 
875 0.000458 
876 0.000654 
877 0.000835 
878 0.000690 
879 0.000271 
880 -0.000251 
881 -0.000853 
882 -0.001194 
883 -0.000789 
884 0.000012 
885 0.000428 
886 0.000442 
887 0.000627 
888 0.000980 
889 0.000992 
890 0.000648 
891 0.000257 
892 -0.000059 
893 0.000005 
894 0.000738 
895 0.001637 
896 0.001800 
897 0.001192 
898 0.000257 
899 -0.000726 
900 -0.001464 
901 -0.001417 
902 -0.000725 
903 -0.000220 
904 -0.000134 
905 0.000023 
906 0.000404 
907 0.000743 
908 0.000896 
909 0.000821 
910 0.000449 
911 0.000025 
912 -0.000002 
913 0.000235 
914 0.000222 
915 0.000136 
916 0.000576 
917 0.001325 
918 0.001603 
919 0.001361 
920 0.001269 
921 0.001457 
922 0.001431 
923 0.000990 
924 0.000406 
925 -0.000051 
926 -0.000223 
927 0.000074 
928 0.000810 
929 0.001517 
930 0.001902 
931 0.002067 
932 0.001920 
933 0.001385 
934 0.000753 
935 0.000364 
936 0.000052 
937 -0.000403 
938 -0.000738 
939 -0.000548 
940 0.000070 
941 0.000705 
942 0.001152 
943 0.001397 
944 0.001500 
945 0.001415 
946 0.001161 
947 0.000851 
948 0.000559 
949 0.000289 
950 0.000154 
951 0.000149 
952 0.000200 
953 0.000370 
954 0.000608 
955 0.000671 
956 0.000530 
957 0.000428 
958 0.000510 
959 0.000573 
960 0.000469 
961 0.000405 
962 0.000439 
963 0.000321 
964 0.000013 
965 -0.000248 
966 -0.000331 
967 -0.000267 
968 -0.000040 
969 0.000334 
970 0.000613 
971 0.000644 
972 0.000583 
973 0.000527 
974 0.000327 
975 -0.000014 
976 -0.000249 
977 -0.000358 
978 -0.000495 
979 -0.000614 
980 -0.000543 
981 -0.000248 
982 0.000083 
983 0.000247 
984 0.000184 
985 -0.000057 
986 -0.000306 
987 -0.000388 
988 -0.000277 
989 -0.000175 
990 -0.000206 
991 -0.000216 
992 -0.000122 
993 -0.000046 
994 -0.000042 
995 -0.000029 
996 -0.000066 
997 -0.000308 
998 -0.000584 
999 -0.000562 
1000 -0.000316 
1001 -0.000167 
1002 -0.000167 
1003 -0.000158 
1004 -0.000112 
1005 -0.000095 
1006 -0.000109 
1007 -0.000215 
1008 -0.000489 
1009 -0.000785 
1010 -0.000850 
1011 -0.000697 
1012 -0.000471 
1013 -0.000192 
1014 0.000084 
1015 0.000179 
1016 0.000038 
1017 -0.000195 
1018 -0.000462 
1019 -0.000813 
1020 -0.001160 
1021 -0.001309 
1022 -0.001213 
1023 -0.000921 
