0 0.470690 
1 0.026444 
2 0.078521 
3 -0.006394 
4 0.230529 
5 0.021418 
6 0.061491 
7 -0.058355 
8 -0.114371 
9 -0.054901 
10 0.045376 
11 -0.012220 
12 -0.011888 
13 0.147548 
14 -0.174986 
15 0.190078 
16 -0.078147 
17 0.096518 
18 0.021184 
19 0.016620 
20 0.029306 
21 0.021925 
22 0.021226 
23 -0.058387 
24 -0.055148 
25 -0.072527 
26 0.187696 
27 -0.004698 
28 0.085366 
29 -0.037057 
30 0.044817 
31 -0.044836 
32 0.063073 
33 0.201960 
34 0.103514 
35 -0.009375 
36 -0.123197 
37 -0.025887 
38 -0.019412 
39 0.053191 
40 0.157478 
41 0.129513 
42 -0.224357 
43 0.058504 
44 0.068352 
45 -0.123211 
46 0.291801 
47 -0.038013 
48 -0.002716 
49 -0.133164 
50 -0.035382 
51 0.052622 
52 -0.029929 
53 0.165410 
54 -0.058200 
55 0.123418 
56 0.013499 
57 -0.010537 
58 -0.069071 
59 -0.104543 
60 -0.032294 
61 0.078779 
62 0.101658 
63 0.009960 
64 -0.004119 
65 -0.098427 
66 0.125732 
67 -0.032677 
68 0.317091 
69 0.095763 
70 -0.147363 
71 0.011608 
72 -0.184932 
73 0.091299 
74 0.042705 
75 0.106107 
76 -0.143198 
77 -0.082908 
78 0.050803 
79 0.108930 
80 0.046575 
81 0.001542 
82 -0.061063 
83 -0.023421 
84 0.194396 
85 -0.008956 
86 0.116047 
87 -0.283320 
88 0.156964 
89 0.049126 
90 0.122260 
91 0.120830 
92 -0.188727 
93 -0.062038 
94 -0.120466 
95 0.163986 
96 0.008098 
97 0.170412 
98 -0.014304 
99 0.006793 
100 -0.052503 
101 0.048329 
102 0.142364 
103 -0.006543 
104 0.172329 
105 -0.064731 
106 0.042428 
107 -0.158007 
108 0.103633 
109 -0.033215 
110 -0.044657 
111 0.151130 
112 -0.126033 
113 0.059604 
114 -0.026744 
115 0.076045 
116 -0.030522 
117 0.050673 
118 -0.105407 
119 0.120723 
120 0.047231 
121 -0.111413 
122 0.066083 
123 -0.022754 
124 0.165200 
125 -0.035598 
126 0.095526 
127 0.032334 
128 -0.079737 
129 -0.050816 
130 -0.095826 
131 0.143324 
132 0.055043 
133 0.082863 
134 -0.072530 
135 0.010702 
136 -0.056573 
137 0.136522 
138 0.038219 
139 0.138112 
140 0.015209 
141 -0.036429 
142 0.111281 
143 -0.025528 
144 0.066662 
145 -0.124027 
146 0.061245 
147 -0.071238 
148 -0.011764 
149 0.043587 
150 -0.066353 
151 0.063308 
152 -0.034095 
153 0.147833 
154 0.017445 
155 0.194744 
156 -0.072436 
157 0.040976 
158 -0.143600 
159 0.095965 
160 0.003952 
161 -0.067062 
162 0.109281 
163 -0.101814 
164 0.191493 
165 -0.183398 
166 0.124458 
167 0.063401 
168 0.157480 
169 -0.043049 
170 -0.153651 
171 0.056529 
172 -0.032541 
173 0.104546 
174 0.109258 
175 0.187625 
176 -0.097632 
177 0.091179 
178 -0.118930 
179 0.141884 
180 -0.146667 
181 -0.101619 
182 0.009590 
183 0.044788 
184 0.240953 
185 -0.090123 
186 0.000591 
187 -0.080863 
188 0.110019 
189 0.087451 
190 0.088514 
191 0.013081 
192 -0.084863 
193 -0.095473 
194 0.023333 
195 0.145052 
196 0.020621 
197 0.032371 
198 -0.183216 
199 -0.015639 
200 0.010439 
201 0.033235 
202 0.235078 
203 -0.121250 
204 0.072428 
205 -0.002327 
206 -0.008421 
207 0.079239 
208 0.097557 
209 0.011748 
210 -0.022955 
211 0.058701 
212 0.041076 
213 -0.017401 
214 -0.151642 
215 -0.005563 
216 0.018916 
217 0.152419 
218 0.091404 
219 0.019268 
220 -0.069343 
221 -0.152519 
222 0.223857 
223 0.063490 
224 0.117333 
225 -0.012602 
226 0.033632 
227 -0.131000 
228 0.046406 
229 -0.047898 
230 0.071840 
231 -0.022454 
232 -0.039810 
233 0.016433 
234 -0.136943 
235 0.122695 
236 0.089303 
237 0.112780 
238 0.016681 
239 -0.008522 
240 -0.042354 
241 0.038589 
242 0.086285 
243 0.071299 
244 0.011596 
245 -0.047695 
246 -0.038370 
247 -0.057389 
248 0.119109 
249 -0.111092 
250 0.118560 
251 -0.058792 
252 0.149631 
253 0.118746 
254 -0.040714 
255 -0.079610 
256 -0.107135 
257 0.144710 
258 0.071007 
259 0.082524 
260 0.030011 
261 -0.007970 
262 -0.050744 
263 -0.043196 
264 0.063933 
265 -0.003488 
266 -0.024327 
267 -0.110079 
268 -0.066647 
269 0.000273 
270 0.172091 
271 -0.012466 
272 0.023283 
273 0.184688 
274 0.017995 
275 0.101710 
276 -0.060059 
277 0.007304 
278 0.002236 
279 -0.087891 
280 0.057061 
281 0.020020 
282 -0.003532 
283 0.053911 
284 -0.001911 
285 -0.042789 
286 0.047070 
287 0.039387 
288 0.194059 
289 -0.043736 
290 0.108862 
291 -0.080736 
292 -0.115705 
293 0.220976 
294 0.039385 
295 0.115409 
296 -0.130171 
297 0.031834 
298 -0.175927 
299 -0.033938 
300 0.051834 
301 0.063353 
302 -0.015797 
303 -0.031424 
304 0.090918 
305 -0.018554 
306 0.141877 
307 -0.122024 
308 0.063780 
309 -0.003535 
310 0.116731 
311 0.090232 
312 -0.075048 
313 -0.032532 
314 -0.064814 
315 0.035409 
316 0.008776 
317 0.191043 
318 -0.037159 
319 -0.036296 
320 -0.205073 
321 0.159169 
322 0.088727 
323 0.127798 
324 0.119801 
325 -0.101081 
326 0.048682 
327 -0.032495 
328 0.120821 
329 -0.039419 
330 -0.016048 
331 -0.075236 
332 0.030295 
333 0.052525 
334 0.014600 
335 0.038396 
336 -0.108542 
337 0.026395 
338 -0.001000 
339 0.188921 
340 -0.039495 
341 0.030836 
342 -0.041834 
343 -0.053716 
344 0.148680 
345 -0.015879 
346 0.185478 
347 -0.057363 
348 -0.055138 
349 -0.026103 
350 0.025547 
351 0.018638 
352 -0.047216 
353 0.022112 
354 -0.070060 
355 0.094102 
356 0.028720 
357 0.092201 
358 0.077336 
359 0.122529 
360 -0.145662 
361 0.034220 
362 0.016937 
363 -0.080653 
364 0.135812 
365 -0.105326 
366 0.117531 
367 -0.146235 
368 0.087981 
369 0.054073 
370 0.006464 
371 0.000768 
372 -0.047551 
373 0.082897 
374 0.032875 
375 0.165219 
376 -0.112158 
377 -0.034302 
378 -0.069843 
379 0.172810 
380 0.040747 
381 0.041421 
382 -0.040341 
383 -0.114130 
384 0.072996 
385 -0.086051 
386 0.270353 
387 -0.101938 
388 -0.048760 
389 -0.030936 
390 0.144346 
391 0.042910 
392 0.092015 
393 -0.037106 
394 -0.048389 
395 0.134326 
396 -0.125049 
397 0.144112 
398 -0.044553 
399 0.083701 
400 -0.011777 
401 -0.046537 
402 0.006076 
403 -0.071697 
404 0.065737 
405 -0.079726 
406 0.121014 
407 -0.003545 
408 0.015848 
409 -0.008190 
410 0.071579 
411 0.059619 
412 0.021173 
413 -0.005896 
414 -0.077964 
415 0.089971 
416 -0.108001 
417 0.042390 
418 -0.053571 
419 -0.049635 
420 0.092451 
421 0.020179 
422 0.067862 
423 -0.020098 
424 -0.005473 
425 0.005850 
426 0.168839 
427 0.068778 
428 0.044832 
429 -0.085391 
430 0.028918 
431 0.001049 
432 0.122596 
433 0.124048 
434 -0.040916 
435 0.090769 
436 -0.283720 
437 0.091700 
438 -0.006105 
439 0.068898 
440 0.018089 
441 -0.059673 
442 0.125652 
443 0.027726 
444 0.141687 
445 -0.078180 
446 0.024975 
447 -0.126744 
448 0.060072 
449 -0.076634 
450 0.066190 
451 -0.015315 
452 -0.020366 
453 0.038585 
454 -0.112419 
455 0.170481 
456 -0.091737 
457 0.146263 
458 -0.072118 
459 -0.032876 
460 0.054266 
461 -0.003818 
462 0.061231 
463 0.061297 
464 0.072165 
465 0.021927 
466 0.070752 
467 -0.029988 
468 0.043529 
469 -0.137827 
470 -0.000355 
471 -0.059120 
472 0.120458 
473 0.104818 
474 -0.018335 
475 0.009699 
476 -0.129682 
477 0.170264 
478 0.066247 
479 0.108824 
480 0.037028 
481 -0.060868 
482 -0.161840 
483 0.080144 
484 0.029602 
485 0.103151 
486 0.143775 
487 -0.103257 
488 -0.018071 
489 -0.125394 
490 -0.008128 
491 0.030621 
492 0.094905 
493 0.065049 
494 -0.040315 
495 0.053656 
496 0.136732 
497 0.080389 
498 -0.066483 
499 -0.069024 
500 -0.000244 
501 0.088448 
502 -0.018916 
503 0.045990 
504 -0.089262 
505 -0.092781 
506 0.197274 
507 -0.043513 
508 0.145500 
509 -0.016020 
510 -0.130131 
511 -0.023620 
512 -0.051985 
513 0.155852 
514 0.059282 
515 0.018462 
516 0.007213 
517 0.075203 
518 -0.018620 
519 0.030877 
520 -0.053485 
521 0.008404 
522 -0.102579 
523 0.012519 
524 0.117756 
525 -0.016412 
526 0.128900 
527 -0.153951 
528 0.108820 
529 0.015226 
530 0.079761 
531 0.059735 
532 0.009409 
533 -0.033974 
534 -0.001333 
535 -0.030587 
536 0.089772 
537 0.152763 
538 -0.060250 
539 0.060009 
540 -0.138478 
541 0.068200 
542 -0.091544 
543 0.109073 
544 0.112394 
545 -0.009991 
546 0.024044 
547 -0.132890 
548 0.266605 
549 0.003698 
550 -0.009162 
551 0.003276 
552 -0.119074 
553 0.035337 
554 0.140519 
555 -0.074935 
556 -0.114235 
557 -0.013792 
558 -0.032629 
559 0.117266 
560 0.061897 
561 0.045262 
562 -0.145043 
563 -0.044720 
564 0.171207 
565 0.083762 
566 0.115286 
567 -0.134272 
568 0.036958 
569 -0.032223 
570 -0.019717 
571 0.054971 
572 0.055943 
573 -0.048834 
574 0.013166 
575 0.057085 
576 0.025867 
577 0.118290 
578 -0.112826 
579 0.160746 
580 -0.047661 
581 0.104000 
582 0.110791 
583 -0.079355 
584 0.084041 
585 -0.096893 
586 0.047061 
587 -0.094254 
588 0.134091 
589 0.004244 
590 0.027470 
591 -0.146908 
592 0.010029 
593 -0.047871 
594 0.048552 
595 0.164851 
596 -0.068001 
597 0.129974 
598 -0.235617 
599 0.189463 
600 -0.013851 
601 0.051189 
602 0.154449 
603 -0.127467 
604 -0.059331 
605 0.001687 
606 0.062560 
607 -0.061468 
608 0.014947 
609 -0.121709 
610 0.130841 
611 0.015338 
612 0.169719 
613 -0.050151 
614 -0.023851 
615 0.087214 
616 0.028791 
617 0.270005 
618 -0.136928 
619 0.018616 
620 -0.094636 
621 -0.029188 
622 0.087588 
623 -0.016023 
624 0.061299 
625 -0.014551 
626 -0.005589 
627 -0.086585 
628 0.052731 
629 0.036225 
630 0.142897 
631 -0.131775 
632 0.093921 
633 0.093347 
634 0.046215 
635 0.082506 
636 -0.071459 
637 0.073342 
638 -0.214456 
639 0.104302 
640 0.048424 
641 -0.019951 
642 0.081949 
643 -0.170949 
644 -0.008882 
645 -0.009442 
646 0.182082 
647 0.078448 
648 0.082290 
649 -0.070099 
650 0.102640 
651 -0.089706 
652 0.045452 
653 0.080781 
654 -0.067956 
655 0.164634 
656 -0.089446 
657 0.079335 
658 -0.179017 
659 0.011908 
660 0.028787 
661 -0.107987 
662 0.129911 
663 0.009191 
664 0.104075 
665 -0.061332 
666 0.050882 
667 0.007281 
668 0.144612 
669 -0.061626 
670 0.203221 
671 -0.108428 
672 -0.123504 
673 -0.025486 
674 -0.033133 
675 0.209789 
676 -0.043072 
677 0.079117 
678 -0.082969 
679 0.000021 
680 -0.021943 
681 0.155039 
682 0.064580 
683 0.061370 
684 -0.036124 
685 0.016934 
686 0.166383 
687 -0.094508 
688 0.246831 
689 -0.201143 
690 0.033430 
691 -0.027819 
692 -0.025859 
693 0.081294 
694 -0.132116 
695 0.057951 
696 -0.054628 
697 0.060217 
698 0.134539 
699 0.064442 
700 -0.014836 
701 0.033964 
702 -0.045024 
703 0.014694 
704 0.013762 
705 -0.079571 
706 0.007520 
707 -0.054091 
708 0.191325 
709 -0.061457 
710 -0.000966 
711 0.001445 
712 -0.027192 
713 0.122300 
714 -0.074945 
715 0.064341 
716 0.108255 
717 0.001923 
718 0.043640 
719 0.036607 
720 -0.051675 
721 0.113586 
722 0.016971 
723 0.065947 
724 -0.093816 
725 -0.139165 
726 0.010418 
727 0.029258 
728 0.300910 
729 -0.060726 
730 -0.061742 
731 -0.006395 
732 -0.020517 
733 0.188845 
734 -0.030240 
735 0.113291 
736 -0.089440 
737 0.019616 
738 0.030984 
739 0.119812 
740 -0.119237 
741 0.033362 
742 -0.103026 
743 0.054030 
744 0.047093 
745 -0.075192 
746 0.099998 
747 -0.111087 
748 0.101023 
749 0.015555 
750 0.076004 
751 0.083011 
752 -0.018628 
753 -0.018008 
754 -0.040127 
755 0.079105 
756 0.087543 
757 0.016136 
758 -0.122527 
759 0.023896 
760 -0.149164 
761 0.169862 
762 -0.055055 
763 0.182100 
764 -0.008147 
765 -0.077460 
766 0.124946 
767 0.058782 
768 0.065700 
769 -0.020479 
770 0.040983 
771 -0.031388 
772 0.088450 
773 -0.028073 
774 0.080141 
775 -0.078370 
776 -0.028920 
777 -0.098112 
778 -0.086464 
779 0.201300 
780 -0.007996 
781 0.097019 
782 -0.128823 
783 -0.101939 
784 0.168163 
785 0.027577 
786 0.187202 
787 0.001363 
788 0.004168 
789 -0.058323 
790 -0.016199 
791 0.044244 
792 0.089490 
793 -0.194882 
794 0.055846 
795 0.066551 
796 -0.011763 
797 0.121882 
798 -0.091233 
799 0.072232 
800 -0.070788 
801 0.067895 
802 0.166165 
803 0.026051 
804 0.063544 
805 -0.161427 
806 0.029031 
807 0.017809 
808 0.111959 
809 0.007623 
810 -0.074815 
811 -0.173414 
812 0.084131 
813 -0.120744 
814 0.179860 
815 0.022127 
816 -0.050924 
817 0.069788 
818 -0.004612 
819 0.220646 
820 -0.056767 
821 0.036116 
822 -0.075420 
823 0.075720 
824 0.160003 
825 0.016882 
826 0.059351 
827 -0.113614 
828 -0.038703 
829 -0.135688 
830 0.129588 
831 -0.001065 
832 0.200453 
833 -0.131712 
834 0.004498 
835 0.015760 
836 -0.038363 
837 0.277371 
838 0.043969 
839 0.146639 
840 -0.214902 
841 -0.134308 
842 0.012814 
843 -0.024593 
844 0.115189 
845 0.015888 
846 0.003246 
847 -0.043632 
848 0.102573 
849 -0.078114 
850 -0.017607 
851 -0.139404 
852 0.212335 
853 -0.003530 
854 0.086980 
855 0.114484 
856 -0.142760 
857 0.055032 
858 -0.030842 
859 0.154751 
860 0.033926 
861 -0.041708 
862 0.032974 
863 -0.107237 
864 -0.147058 
865 0.133108 
866 0.221787 
867 -0.022731 
868 0.001503 
869 -0.074840 
870 0.195026 
871 -0.018849 
872 0.113545 
873 0.030584 
874 -0.077248 
875 0.082964 
876 -0.120983 
877 0.303042 
878 -0.086142 
879 0.013159 
880 -0.059638 
881 0.005172 
882 -0.032774 
883 0.122069 
884 -0.093626 
885 -0.018389 
886 0.081112 
887 0.015828 
888 0.200418 
889 -0.159082 
890 0.200431 
891 -0.131324 
892 -0.108650 
893 0.013398 
894 -0.052786 
895 0.102737 
896 -0.137203 
897 0.177132 
898 -0.033609 
899 0.002079 
900 0.030314 
901 0.136692 
902 -0.036249 
903 0.028525 
904 -0.102927 
905 0.050483 
906 0.111249 
907 -0.001514 
908 0.178380 
909 -0.131826 
910 0.073689 
911 -0.034168 
912 0.040256 
913 -0.012075 
914 -0.044439 
915 -0.054690 
916 -0.095703 
917 0.104938 
918 0.037655 
919 0.106264 
920 0.037508 
921 0.002462 
922 0.064811 
923 0.125094 
924 -0.006988 
925 0.060025 
926 -0.067855 
927 -0.235634 
928 0.075421 
929 -0.000038 
930 0.153749 
931 0.027074 
932 -0.048832 
933 -0.057073 
934 -0.069704 
935 0.072281 
936 0.027410 
937 0.183731 
938 -0.031184 
939 0.006346 
940 0.032179 
941 0.124369 
942 -0.006101 
943 -0.012361 
944 0.003313 
945 -0.093118 
946 0.032490 
947 -0.191194 
948 0.225522 
949 -0.091582 
950 0.019292 
951 0.129769 
952 -0.017849 
953 0.114729 
954 -0.012280 
955 -0.060793 
956 -0.071888 
957 0.131628 
958 0.117996 
959 0.153687 
960 -0.046150 
961 -0.058942 
962 -0.158312 
963 -0.092296 
964 0.149225 
965 0.018482 
966 0.084268 
967 -0.188706 
968 0.062096 
969 -0.072452 
970 0.128263 
971 0.167389 
972 0.148821 
973 -0.086109 
974 -0.055620 
975 0.025430 
976 0.075458 
977 0.159062 
978 -0.119414 
979 0.052502 
980 -0.169648 
981 0.119459 
982 -0.007217 
983 0.020965 
984 -0.020959 
985 -0.131223 
986 0.208740 
987 0.015096 
988 0.086207 
989 -0.106796 
990 -0.080540 
991 -0.000900 
992 0.188621 
993 0.120809 
994 0.083039 
995 -0.227209 
996 -0.055902 
997 0.008001 
998 -0.103848 
999 0.107335 
1000 0.017191 
1001 0.062845 
1002 -0.031830 
1003 0.016786 
1004 0.135448 
1005 0.018022 
1006 0.120782 
1007 0.081145 
1008 0.003067 
1009 0.041897 
1010 -0.021735 
1011 0.007249 
1012 0.011250 
1013 0.096383 
1014 0.017822 
1015 -0.089774 
1016 0.054655 
1017 0.081141 
1018 -0.168488 
1019 0.163050 
1020 -0.156248 
1021 0.053075 
1022 0.230351 
1023 0.161463 
