0 0.413273 
1 -0.107780 
2 0.164426 
3 -0.196668 
4 0.076383 
5 0.187528 
6 -0.200784 
7 0.052927 
8 0.235771 
9 -0.149857 
10 0.020581 
11 0.222746 
12 -0.062086 
13 -0.038673 
14 0.138221 
15 0.028023 
16 -0.202037 
17 0.223043 
18 0.046359 
19 -0.199686 
20 0.142619 
21 0.091452 
22 -0.195048 
23 0.060227 
24 0.146072 
25 -0.148878 
26 0.001523 
27 0.198235 
28 -0.201317 
29 -0.069226 
30 0.187143 
31 -0.119341 
32 -0.188767 
33 0.199213 
34 -0.108083 
35 -0.199711 
36 0.165420 
37 -0.094843 
38 -0.172648 
39 0.117057 
40 0.042722 
41 -0.242974 
42 0.158146 
43 0.043658 
44 -0.144560 
45 0.037323 
46 0.124205 
47 -0.143326 
48 0.049423 
49 0.087268 
50 -0.124786 
51 -0.015323 
52 0.169012 
53 -0.079506 
54 -0.045399 
55 0.106720 
56 0.014749 
57 -0.050496 
58 0.134830 
59 0.021549 
60 -0.023201 
61 0.117869 
62 0.077272 
63 -0.123467 
64 0.101606 
65 0.097370 
66 -0.050825 
67 -0.019854 
68 0.121781 
69 -0.096603 
70 0.006004 
71 0.047654 
72 -0.070365 
73 -0.078349 
74 0.156116 
75 -0.087296 
76 -0.080829 
77 0.062564 
78 -0.016989 
79 -0.158663 
80 0.122472 
81 -0.078435 
82 -0.021441 
83 0.029488 
84 -0.030772 
85 -0.100375 
86 -0.005489 
87 0.030868 
88 -0.044964 
89 -0.035988 
90 0.042660 
91 -0.061157 
92 -0.019106 
93 0.033545 
94 0.005519 
95 -0.048790 
96 0.073036 
97 -0.005049 
98 -0.036786 
99 0.040510 
100 0.095558 
101 -0.105237 
102 0.061115 
103 0.004374 
104 0.002757 
105 -0.033988 
106 0.054057 
107 -0.026006 
108 -0.029495 
109 0.106164 
110 -0.029737 
111 -0.045975 
112 0.084029 
113 0.013572 
114 -0.020086 
115 0.034487 
116 0.082148 
117 -0.076877 
118 0.089414 
119 0.016941 
120 -0.074179 
121 0.051573 
122 0.071301 
123 -0.100285 
124 0.024813 
125 0.026607 
126 -0.071561 
127 0.007132 
128 0.061590 
129 -0.078251 
130 0.023175 
131 0.043514 
132 -0.066274 
133 -0.015536 
134 0.044161 
135 0.003782 
136 -0.105109 
137 0.118215 
138 -0.048829 
139 -0.044144 
140 0.059657 
141 -0.035673 
142 -0.074445 
143 0.046612 
144 0.024435 
145 -0.060338 
146 0.000845 
147 0.041903 
148 -0.131461 
149 0.021389 
150 0.027763 
151 -0.057298 
152 -0.007542 
153 0.051826 
154 -0.039213 
155 -0.044081 
156 0.041773 
157 0.014146 
158 -0.093842 
159 0.086434 
160 -0.004483 
161 -0.043844 
162 0.037462 
163 0.063919 
164 -0.080644 
165 0.075764 
166 0.062364 
167 -0.084874 
168 0.050632 
169 0.059488 
170 0.004386 
171 -0.015000 
172 0.092568 
173 -0.004134 
174 -0.076800 
175 0.123867 
176 -0.082175 
177 0.033898 
178 0.038171 
179 0.032360 
180 -0.073785 
181 0.062327 
182 0.023982 
183 -0.086581 
184 0.035591 
185 0.082795 
186 -0.090118 
187 0.062515 
188 -0.018786 
189 -0.050600 
190 -0.037293 
191 0.082567 
192 -0.063977 
193 -0.051344 
194 0.086585 
195 -0.069626 
196 -0.081944 
197 0.054243 
198 -0.049594 
199 -0.085598 
200 0.072097 
201 0.010258 
202 -0.158306 
203 0.097373 
204 -0.033799 
205 -0.111917 
206 0.019794 
207 0.056296 
208 -0.095216 
209 0.034970 
210 0.039772 
211 -0.101990 
212 0.003359 
213 0.110607 
214 -0.086050 
215 0.005408 
216 0.095872 
217 -0.034592 
218 -0.019718 
219 0.073958 
220 0.019882 
221 -0.051785 
222 0.138925 
223 -0.008573 
224 -0.051881 
225 0.092249 
226 0.041131 
227 -0.019159 
228 0.045677 
229 0.018306 
230 -0.012322 
231 -0.006535 
232 0.086795 
233 -0.079106 
234 0.048180 
235 0.068419 
236 -0.064728 
237 -0.003706 
238 0.031486 
239 -0.007315 
240 -0.027289 
241 0.046744 
242 0.010143 
243 -0.051818 
244 0.032972 
245 -0.086124 
246 -0.052506 
247 0.036026 
248 0.014306 
249 -0.060227 
250 -0.009504 
251 -0.020774 
252 -0.061777 
253 -0.019049 
254 -0.012252 
255 -0.034732 
256 0.041832 
257 -0.038336 
258 0.024407 
259 -0.056530 
260 0.025143 
261 -0.000311 
262 0.001281 
263 0.007375 
264 0.028747 
265 -0.006149 
266 0.009071 
267 -0.011362 
268 0.043972 
269 -0.006691 
270 0.018339 
271 0.059602 
272 -0.025482 
273 -0.005693 
274 0.095255 
275 -0.061035 
276 0.020280 
277 0.057321 
278 -0.016970 
279 -0.035643 
280 0.110518 
281 -0.079338 
282 0.003470 
283 0.093424 
284 -0.042971 
285 -0.041062 
286 0.050570 
287 -0.026759 
288 -0.023508 
289 0.061155 
290 0.015766 
291 -0.082834 
292 0.086547 
293 -0.044218 
294 -0.043659 
295 0.021937 
296 0.009273 
297 -0.042425 
298 -0.010600 
299 0.037879 
300 -0.072484 
301 0.011780 
302 0.000403 
303 -0.049738 
304 0.027833 
305 0.008338 
306 -0.024795 
307 -0.030217 
308 0.016956 
309 -0.002262 
310 -0.059090 
311 0.058349 
312 -0.028432 
313 -0.003554 
314 -0.014860 
315 -0.000215 
316 -0.056092 
317 0.027229 
318 0.016372 
319 -0.029741 
320 0.007419 
321 0.061711 
322 -0.069105 
323 0.011721 
324 0.044826 
325 -0.035875 
326 0.018678 
327 0.086339 
328 -0.070663 
329 0.024295 
330 0.057214 
331 -0.019483 
332 -0.007593 
333 0.069629 
334 -0.020502 
335 0.026875 
336 0.039488 
337 -0.013144 
338 -0.006222 
339 0.087685 
340 -0.014383 
341 -0.007637 
342 0.010005 
343 -0.012298 
344 0.017939 
345 0.024302 
346 -0.027751 
347 0.019863 
348 -0.031400 
349 -0.009825 
350 -0.049836 
351 0.022643 
352 -0.024124 
353 0.015742 
354 -0.019548 
355 -0.051629 
356 -0.007761 
357 0.008791 
358 -0.092400 
359 0.063524 
360 -0.053367 
361 0.013182 
362 -0.018310 
363 -0.006142 
364 -0.078034 
365 0.072349 
366 -0.035680 
367 -0.000499 
368 -0.003813 
369 0.017550 
370 -0.058286 
371 0.052392 
372 -0.023911 
373 -0.019775 
374 0.052078 
375 0.018279 
376 -0.026300 
377 0.031177 
378 0.020445 
379 -0.019031 
380 0.042382 
381 0.047714 
382 -0.027405 
383 0.059725 
384 0.025666 
385 -0.013113 
386 0.018049 
387 0.052516 
388 -0.030691 
389 0.020434 
390 0.016405 
391 0.003966 
392 0.007470 
393 -0.001863 
394 0.001785 
395 -0.019012 
396 0.005203 
397 0.030213 
398 -0.047625 
399 -0.033994 
400 0.034069 
401 -0.021110 
402 -0.010226 
403 -0.018553 
404 -0.015134 
405 -0.068643 
406 0.014761 
407 -0.004088 
408 -0.030196 
409 0.035189 
410 0.014675 
411 -0.070094 
412 -0.018870 
413 0.026245 
414 -0.023967 
415 0.009994 
416 0.046205 
417 -0.023607 
418 -0.011664 
419 0.004907 
420 -0.028796 
421 -0.029028 
422 0.050645 
423 0.004601 
424 -0.023679 
425 0.009486 
426 -0.012313 
427 -0.009873 
428 0.000320 
429 0.036438 
430 -0.009461 
431 -0.003790 
432 0.058794 
433 -0.033537 
434 -0.016003 
435 0.067902 
436 0.001114 
437 -0.042198 
438 0.072649 
439 -0.009538 
440 -0.038006 
441 0.071906 
442 0.030704 
443 -0.120551 
444 0.120243 
445 -0.024944 
446 -0.070713 
447 0.081561 
448 0.036675 
449 -0.083467 
450 0.060983 
451 0.015847 
452 -0.073892 
453 0.041875 
454 0.082283 
455 -0.114261 
456 0.041117 
457 0.041707 
458 -0.049358 
459 -0.047972 
460 0.099688 
461 -0.094692 
462 -0.023040 
463 0.080252 
464 -0.054587 
465 -0.065783 
466 0.098502 
467 -0.109971 
468 -0.015214 
469 0.017161 
470 0.025263 
471 -0.090373 
472 0.071467 
473 -0.014044 
474 -0.074290 
475 0.034158 
476 -0.005074 
477 -0.073807 
478 0.059387 
479 0.014845 
480 -0.028184 
481 -0.032002 
482 0.047869 
483 -0.056644 
484 -0.000193 
485 0.063167 
486 -0.018277 
487 0.014017 
488 0.071119 
489 -0.017758 
490 -0.029220 
491 0.074999 
492 0.026582 
493 -0.015086 
494 0.081506 
495 -0.009234 
496 0.008335 
497 0.047808 
498 0.010097 
499 -0.002783 
500 0.011505 
501 0.026859 
502 0.005754 
503 -0.016862 
504 0.045854 
505 -0.004225 
506 -0.027076 
507 -0.014716 
508 0.000420 
509 -0.033835 
510 0.028837 
511 0.002377 
512 -0.043274 
513 -0.022837 
514 0.013922 
515 -0.057787 
516 -0.033325 
517 0.012255 
518 -0.005821 
519 -0.072654 
520 0.035013 
521 -0.009464 
522 -0.088622 
523 0.047069 
524 -0.025076 
525 -0.078185 
526 0.054784 
527 0.006535 
528 -0.043212 
529 -0.007290 
530 0.046611 
531 -0.073507 
532 0.007784 
533 0.062507 
534 -0.049867 
535 0.041161 
536 0.046079 
537 -0.046465 
538 -0.025940 
539 0.088951 
540 0.001106 
541 -0.006629 
542 0.072572 
543 -0.008953 
544 0.005624 
545 0.069488 
546 -0.027427 
547 -0.006388 
548 0.039886 
549 0.058169 
550 -0.067493 
551 0.057984 
552 -0.001003 
553 -0.038491 
554 0.043951 
555 -0.024849 
556 0.012293 
557 -0.026057 
558 0.061563 
559 -0.075806 
560 -0.017985 
561 0.074662 
562 -0.057535 
563 0.018329 
564 -0.030822 
565 -0.015348 
566 0.004292 
567 0.035523 
568 -0.030428 
569 -0.030518 
570 0.009143 
571 0.017337 
572 -0.066384 
573 0.038354 
574 -0.016336 
575 0.033455 
576 -0.013400 
577 -0.027570 
578 -0.025803 
579 0.032277 
580 -0.001442 
581 -0.033457 
582 -0.004297 
583 -0.008851 
584 0.013615 
585 -0.015054 
586 -0.037128 
587 -0.019467 
588 0.037719 
589 -0.033104 
590 0.011944 
591 0.029244 
592 -0.005010 
593 -0.010949 
594 0.011011 
595 -0.044029 
596 0.026228 
597 0.079621 
598 -0.028397 
599 -0.003197 
600 0.030831 
601 -0.025894 
602 0.012760 
603 0.055706 
604 -0.037142 
605 0.038523 
606 0.041531 
607 -0.008988 
608 -0.012159 
609 0.054230 
610 -0.022830 
611 0.023112 
612 0.019508 
613 -0.018628 
614 0.025134 
615 0.030633 
616 -0.045430 
617 0.017918 
618 -0.001305 
619 0.002608 
620 -0.021399 
621 -0.003595 
622 -0.002668 
623 -0.047174 
624 0.066402 
625 -0.083067 
626 -0.013735 
627 0.013589 
628 -0.025796 
629 -0.052310 
630 0.031586 
631 -0.015381 
632 -0.051144 
633 0.021727 
634 -0.062013 
635 -0.052827 
636 0.073731 
637 -0.024888 
638 -0.036700 
639 0.002716 
640 -0.025683 
641 -0.010583 
642 -0.014043 
643 0.040415 
644 -0.025459 
645 0.039917 
646 0.025098 
647 -0.041411 
648 0.052039 
649 0.025298 
650 -0.008333 
651 0.026571 
652 0.055176 
653 -0.018929 
654 0.070981 
655 0.032419 
656 -0.034366 
657 0.029507 
658 0.043263 
659 -0.021647 
660 0.041309 
661 0.056171 
662 -0.019568 
663 0.009637 
664 0.039244 
665 -0.054504 
666 -0.019077 
667 0.075272 
668 -0.061898 
669 -0.006792 
670 0.043464 
671 -0.048274 
672 -0.033592 
673 0.021921 
674 -0.072203 
675 -0.023142 
676 0.005183 
677 -0.010693 
678 -0.044417 
679 0.026300 
680 -0.007146 
681 -0.079650 
682 0.045726 
683 -0.011068 
684 -0.048209 
685 0.048129 
686 -0.026031 
687 -0.003514 
688 0.017804 
689 0.007491 
690 -0.071403 
691 0.033214 
692 0.014988 
693 -0.046183 
694 0.033031 
695 0.021235 
696 -0.062596 
697 0.019750 
698 -0.003132 
699 -0.017760 
700 0.033236 
701 0.051653 
702 -0.046567 
703 0.015026 
704 0.035801 
705 -0.029905 
706 0.011995 
707 0.046931 
708 -0.000547 
709 0.009704 
710 0.068658 
711 -0.041880 
712 -0.010639 
713 0.041526 
714 0.018064 
715 0.017861 
716 -0.003431 
717 0.045932 
718 -0.020092 
719 0.041487 
720 -0.010471 
721 -0.039184 
722 0.022310 
723 0.019689 
724 -0.003733 
725 0.002592 
726 -0.028392 
727 0.037527 
728 -0.084899 
729 0.038002 
730 -0.054161 
731 0.014807 
732 -0.012084 
733 0.014293 
734 -0.026424 
735 -0.024960 
736 0.018587 
737 -0.034434 
738 -0.025413 
739 0.042315 
740 -0.025285 
741 -0.018852 
742 0.013880 
743 -0.031275 
744 -0.047539 
745 0.033942 
746 0.002009 
747 -0.074073 
748 0.050829 
749 0.000830 
750 -0.076709 
751 0.077350 
752 -0.004825 
753 -0.047253 
754 -0.006189 
755 0.092990 
756 -0.079562 
757 0.058854 
758 0.099318 
759 -0.072115 
760 -0.013060 
761 0.107196 
762 -0.049770 
763 0.001931 
764 0.147749 
765 -0.032320 
766 -0.041645 
767 0.107620 
768 -0.043726 
769 -0.079940 
770 0.147686 
771 0.017523 
772 -0.070670 
773 0.083420 
774 -0.003556 
775 -0.090887 
776 0.026088 
777 0.042274 
778 -0.097946 
779 0.003958 
780 0.109859 
781 -0.154967 
782 -0.026966 
783 0.096834 
784 -0.120930 
785 -0.005286 
786 0.057988 
787 -0.081138 
788 -0.066286 
789 0.118349 
790 -0.040298 
791 -0.097743 
792 0.100809 
793 -0.053635 
794 -0.081230 
795 0.096531 
796 0.008570 
797 -0.067657 
798 0.032757 
799 -0.007194 
800 -0.117703 
801 0.030720 
802 0.096834 
803 -0.102845 
804 0.064025 
805 -0.031121 
806 0.017725 
807 -0.044364 
808 0.068483 
809 -0.028579 
810 0.006929 
811 0.081510 
812 0.011870 
813 -0.052398 
814 0.056790 
815 0.033190 
816 -0.001758 
817 -0.016384 
818 0.032076 
819 0.019823 
820 -0.025255 
821 0.113846 
822 -0.060650 
823 0.003717 
824 0.029481 
825 0.032050 
826 -0.085506 
827 0.107679 
828 0.050321 
829 -0.049004 
830 0.037527 
831 0.005886 
832 -0.092922 
833 0.042136 
834 0.092333 
835 -0.125450 
836 0.045831 
837 0.026259 
838 -0.044487 
839 -0.053655 
840 0.096091 
841 -0.082667 
842 -0.003676 
843 0.067387 
844 -0.082093 
845 -0.066855 
846 0.103655 
847 -0.052631 
848 -0.098037 
849 0.061365 
850 -0.041909 
851 -0.076120 
852 0.065513 
853 0.010806 
854 -0.110383 
855 0.057338 
856 -0.024208 
857 -0.120210 
858 0.063512 
859 0.047340 
860 -0.050623 
861 -0.016969 
862 0.076076 
863 -0.093668 
864 0.028218 
865 0.090485 
866 -0.038019 
867 0.013114 
868 0.168483 
869 -0.097242 
870 -0.051453 
871 0.131506 
872 -0.019702 
873 -0.003965 
874 0.139506 
875 -0.069187 
876 -0.005269 
877 0.133363 
878 0.016409 
879 -0.087276 
880 0.124198 
881 -0.027886 
882 -0.077012 
883 0.067226 
884 0.020231 
885 -0.075340 
886 0.061477 
887 -0.029981 
888 -0.123333 
889 0.004197 
890 0.043742 
891 -0.113649 
892 0.075140 
893 0.002674 
894 -0.139190 
895 0.008975 
896 -0.030502 
897 -0.050888 
898 0.054761 
899 0.039750 
900 -0.059959 
901 -0.044711 
902 0.001098 
903 -0.036591 
904 0.029507 
905 0.005573 
906 -0.008779 
907 -0.022738 
908 0.012976 
909 -0.013468 
910 -0.027021 
911 -0.010026 
912 0.013444 
913 -0.013693 
914 0.006742 
915 0.021231 
916 0.071409 
917 -0.045566 
918 -0.002474 
919 0.041756 
920 0.001945 
921 0.025305 
922 0.141991 
923 -0.071980 
924 0.083112 
925 0.048641 
926 -0.038628 
927 -0.038430 
928 0.126553 
929 -0.076567 
930 -0.025198 
931 0.171282 
932 -0.074433 
933 -0.082161 
934 0.106379 
935 -0.072163 
936 -0.086127 
937 0.176886 
938 -0.028253 
939 -0.149079 
940 0.138661 
941 0.022579 
942 -0.143360 
943 0.108555 
944 0.004211 
945 -0.140969 
946 0.037247 
947 0.073534 
948 -0.159537 
949 0.045827 
950 0.121473 
951 -0.181504 
952 -0.064650 
953 0.165300 
954 -0.073922 
955 0.001994 
956 0.178606 
957 -0.184230 
958 -0.035341 
959 0.115999 
960 -0.022541 
961 -0.151002 
962 0.251269 
963 -0.096315 
964 -0.135089 
965 0.140192 
966 -0.077383 
967 -0.109491 
968 0.121402 
969 0.032654 
970 -0.151532 
971 0.138385 
972 0.082697 
973 -0.170079 
974 0.120479 
975 0.152713 
976 -0.230142 
977 0.110592 
978 0.105766 
979 -0.076631 
980 0.009647 
981 0.130755 
982 -0.199290 
983 -0.041758 
984 0.185872 
985 -0.061633 
986 -0.016132 
987 0.165128 
988 -0.108091 
989 -0.062800 
990 0.144927 
991 -0.035422 
992 -0.111799 
993 0.166625 
994 -0.046073 
995 -0.119589 
996 0.002481 
997 -0.000302 
998 -0.142146 
999 0.070962 
1000 -0.178885 
1001 -0.133314 
1002 0.071085 
1003 -0.002296 
1004 -0.040718 
1005 0.127997 
1006 -0.001272 
1007 0.007429 
1008 0.010496 
1009 0.107635 
1010 -0.147828 
1011 0.159034 
1012 0.116631 
1013 -0.282691 
1014 -0.040933 
1015 0.081700 
1016 -0.149580 
1017 0.193522 
1018 0.129612 
1019 -0.036196 
1020 0.017078 
1021 -0.237094 
1022 0.159953 
1023 0.432025 
