0 0.000067 
1 0.000079 
2 0.000059 
3 0.000012 
4 -0.000046 
5 -0.000093 
6 -0.000112 
7 -0.000106 
8 -0.000079 
9 -0.000023 
10 0.000039 
11 0.000078 
12 0.000067 
13 0.000015 
14 -0.000037 
15 -0.000071 
16 -0.000081 
17 -0.000092 
18 -0.000104 
19 -0.000128 
20 -0.000163 
21 -0.000177 
22 -0.000152 
23 -0.000091 
24 -0.000023 
25 0.000038 
26 0.000083 
27 0.000096 
28 0.000067 
29 0.000012 
30 -0.000066 
31 -0.000175 
32 -0.000296 
33 -0.000366 
34 -0.000348 
35 -0.000250 
36 -0.000115 
37 -0.000011 
38 0.000033 
39 0.000034 
40 0.000018 
41 0.000009 
42 0.000011 
43 -0.000011 
44 -0.000085 
45 -0.000192 
46 -0.000264 
47 -0.000267 
48 -0.000211 
49 -0.000135 
50 -0.000082 
51 -0.000069 
52 -0.000095 
53 -0.000121 
54 -0.000111 
55 -0.000038 
56 0.000044 
57 0.000076 
58 0.000044 
59 -0.000023 
60 -0.000077 
61 -0.000115 
62 -0.000153 
63 -0.000203 
64 -0.000236 
65 -0.000221 
66 -0.000154 
67 -0.000041 
68 0.000064 
69 0.000109 
70 0.000062 
71 -0.000042 
72 -0.000143 
73 -0.000199 
74 -0.000192 
75 -0.000137 
76 -0.000028 
77 0.000126 
78 0.000275 
79 0.000385 
80 0.000414 
81 0.000340 
82 0.000186 
83 0.000015 
84 -0.000107 
85 -0.000128 
86 -0.000050 
87 0.000100 
88 0.000286 
89 0.000473 
90 0.000659 
91 0.000797 
92 0.000882 
93 0.000893 
94 0.000828 
95 0.000711 
96 0.000553 
97 0.000404 
98 0.000301 
99 0.000261 
100 0.000277 
101 0.000336 
102 0.000425 
103 0.000556 
104 0.000729 
105 0.000886 
106 0.001012 
107 0.001068 
108 0.000996 
109 0.000814 
110 0.000599 
111 0.000401 
112 0.000233 
113 0.000121 
114 0.000078 
115 0.000118 
116 0.000247 
117 0.000448 
118 0.000654 
119 0.000780 
120 0.000771 
121 0.000672 
122 0.000526 
123 0.000364 
124 0.000185 
125 -0.000010 
126 -0.000169 
127 -0.000244 
128 -0.000225 
129 -0.000135 
130 0.000022 
131 0.000206 
132 0.000364 
133 0.000496 
134 0.000629 
135 0.000761 
136 0.000860 
137 0.000858 
138 0.000664 
139 0.000341 
140 0.000001 
141 -0.000269 
142 -0.000420 
143 -0.000461 
144 -0.000348 
145 -0.000089 
146 0.000336 
147 0.000830 
148 0.001230 
149 0.001404 
150 0.001299 
151 0.000962 
152 0.000505 
153 0.000053 
154 -0.000346 
155 -0.000661 
156 -0.000808 
157 -0.000742 
158 -0.000503 
159 -0.000154 
160 0.000274 
161 0.000680 
162 0.000924 
163 0.000929 
164 0.000734 
165 0.000432 
166 0.000115 
167 -0.000182 
168 -0.000418 
169 -0.000609 
170 -0.000779 
171 -0.000823 
172 -0.000616 
173 -0.000216 
174 0.000180 
175 0.000449 
176 0.000589 
177 0.000655 
178 0.000696 
179 0.000705 
180 0.000645 
181 0.000504 
182 0.000250 
183 -0.000053 
184 -0.000258 
185 -0.000311 
186 -0.000191 
187 -0.000020 
188 0.000139 
189 0.000287 
190 0.000446 
191 0.000616 
192 0.000705 
193 0.000694 
194 0.000522 
195 0.000245 
196 -0.000018 
197 -0.000146 
198 -0.000157 
199 -0.000171 
200 -0.000246 
201 -0.000309 
202 -0.000344 
203 -0.000366 
204 -0.000407 
205 -0.000484 
206 -0.000515 
207 -0.000511 
208 -0.000579 
209 -0.000740 
210 -0.000924 
211 -0.001092 
212 -0.001195 
213 -0.001208 
214 -0.001103 
215 -0.000968 
216 -0.000971 
217 -0.001108 
218 -0.001206 
219 -0.001215 
220 -0.001248 
221 -0.001370 
222 -0.001481 
223 -0.001462 
224 -0.001380 
225 -0.001349 
226 -0.001386 
227 -0.001397 
228 -0.001381 
229 -0.001379 
230 -0.001306 
231 -0.001181 
232 -0.001064 
233 -0.000972 
234 -0.000887 
235 -0.000774 
236 -0.000692 
237 -0.000789 
238 -0.001055 
239 -0.001406 
240 -0.001653 
241 -0.001698 
242 -0.001562 
243 -0.001382 
244 -0.001255 
245 -0.001159 
246 -0.001025 
247 -0.000676 
248 -0.000195 
249 0.000138 
250 0.000016 
251 -0.000571 
252 -0.001182 
253 -0.001425 
254 -0.001321 
255 -0.001159 
256 -0.001213 
257 -0.001465 
258 -0.001557 
259 -0.001204 
260 -0.000475 
261 0.000308 
262 0.000756 
263 0.000760 
264 0.000546 
265 0.000421 
266 0.000382 
267 0.000244 
268 -0.000105 
269 -0.000628 
270 -0.001041 
271 -0.000964 
272 -0.000337 
273 0.000533 
274 0.001255 
275 0.001571 
276 0.001598 
277 0.001464 
278 0.001228 
279 0.000904 
280 0.000481 
281 0.000058 
282 -0.000216 
283 -0.000227 
284 0.000094 
285 0.000527 
286 0.000885 
287 0.001141 
288 0.001296 
289 0.001379 
290 0.001374 
291 0.001330 
292 0.001278 
293 0.001088 
294 0.000757 
295 0.000311 
296 -0.000111 
297 -0.000435 
298 -0.000683 
299 -0.000804 
300 -0.000675 
301 -0.000291 
302 0.000261 
303 0.000838 
304 0.001130 
305 0.000812 
306 0.000118 
307 -0.000531 
308 -0.000913 
309 -0.001110 
310 -0.001179 
311 -0.001046 
312 -0.000676 
313 -0.000172 
314 0.000274 
315 0.000502 
316 0.000452 
317 -0.000098 
318 -0.000951 
319 -0.001528 
320 -0.001420 
321 -0.000780 
322 -0.000068 
323 0.000310 
324 0.000365 
325 0.000251 
326 0.000260 
327 0.000463 
328 0.000664 
329 0.000479 
330 -0.000012 
331 -0.000421 
332 -0.000190 
333 0.000601 
334 0.001322 
335 0.001463 
336 0.000875 
337 -0.000096 
338 -0.000764 
339 -0.000684 
340 0.000205 
341 0.001358 
342 0.002035 
343 0.002063 
344 0.001796 
345 0.001638 
346 0.001663 
347 0.001588 
348 0.001077 
349 0.000175 
350 -0.000445 
351 -0.000368 
352 0.000376 
353 0.001292 
354 0.002040 
355 0.002297 
356 0.002069 
357 0.001673 
358 0.001385 
359 0.001356 
360 0.001521 
361 0.001772 
362 0.001896 
363 0.001887 
364 0.001785 
365 0.001783 
366 0.001881 
367 0.001910 
368 0.001780 
369 0.001505 
370 0.001183 
371 0.001058 
372 0.001253 
373 0.001627 
374 0.001904 
375 0.001912 
376 0.001689 
377 0.001413 
378 0.001144 
379 0.000791 
380 0.000487 
381 0.000388 
382 0.000541 
383 0.000976 
384 0.001468 
385 0.001863 
386 0.001990 
387 0.001701 
388 0.001035 
389 0.000129 
390 -0.000888 
391 -0.001939 
392 -0.002723 
393 -0.002775 
394 -0.002044 
395 -0.000894 
396 -0.000014 
397 0.000184 
398 -0.000288 
399 -0.000932 
400 -0.001277 
401 -0.001007 
402 -0.000549 
403 -0.000445 
404 -0.000997 
405 -0.001840 
406 -0.002433 
407 -0.002464 
408 -0.002098 
409 -0.001679 
410 -0.001321 
411 -0.000952 
412 -0.000488 
413 0.000189 
414 0.001081 
415 0.001759 
416 0.001904 
417 0.001503 
418 0.000756 
419 -0.000011 
420 -0.000816 
421 -0.001313 
422 -0.001257 
423 -0.000649 
424 0.000150 
425 0.001129 
426 0.002201 
427 0.003222 
428 0.003812 
429 0.003857 
430 0.003303 
431 0.002046 
432 0.000356 
433 -0.001187 
434 -0.001953 
435 -0.001608 
436 -0.000382 
437 0.001288 
438 0.002846 
439 0.003819 
440 0.003932 
441 0.003239 
442 0.002209 
443 0.001145 
444 0.000216 
445 -0.000623 
446 -0.001049 
447 -0.000691 
448 0.000451 
449 0.001659 
450 0.002303 
451 0.002258 
452 0.001844 
453 0.001316 
454 0.000866 
455 0.000594 
456 0.000421 
457 0.000221 
458 -0.000035 
459 -0.000107 
460 -0.000129 
461 -0.000243 
462 -0.000588 
463 -0.001059 
464 -0.001390 
465 -0.001278 
466 -0.000644 
467 0.000417 
468 0.001626 
469 0.002496 
470 0.002418 
471 0.001272 
472 -0.000552 
473 -0.002628 
474 -0.004547 
475 -0.006101 
476 -0.006778 
477 -0.006118 
478 -0.004268 
479 -0.001829 
480 0.000377 
481 0.001602 
482 0.001483 
483 0.000168 
484 -0.001588 
485 -0.003285 
486 -0.004615 
487 -0.005395 
488 -0.005510 
489 -0.004979 
490 -0.004204 
491 -0.003550 
492 -0.003014 
493 -0.002826 
494 -0.002930 
495 -0.003270 
496 -0.003420 
497 -0.003077 
498 -0.002301 
499 -0.001406 
500 -0.000703 
501 -0.000296 
502 -0.000316 
503 -0.000681 
504 -0.001273 
505 -0.002021 
506 -0.002752 
507 -0.003084 
508 -0.002686 
509 -0.001770 
510 -0.000668 
511 0.000272 
512 0.000828 
513 0.000985 
514 0.000729 
515 0.000146 
516 -0.000579 
517 -0.001169 
518 -0.001406 
519 -0.001329 
520 -0.000983 
521 -0.000290 
522 0.000480 
523 0.000955 
524 0.000819 
525 0.000169 
526 -0.000459 
527 -0.000872 
528 -0.000996 
529 -0.001118 
530 -0.001264 
531 -0.001546 
532 -0.001952 
533 -0.002116 
534 -0.001811 
535 -0.001084 
536 -0.000279 
537 0.000431 
538 0.000951 
539 0.001096 
540 0.000758 
541 0.000126 
542 -0.000757 
543 -0.001973 
544 -0.003308 
545 -0.004063 
546 -0.003837 
547 -0.002739 
548 -0.001254 
549 -0.000125 
550 0.000340 
551 0.000354 
552 0.000177 
553 0.000085 
554 0.000108 
555 -0.000122 
556 -0.000871 
557 -0.001947 
558 -0.002652 
559 -0.002657 
560 -0.002082 
561 -0.001320 
562 -0.000798 
563 -0.000672 
564 -0.000900 
565 -0.001137 
566 -0.001037 
567 -0.000360 
568 0.000392 
569 0.000677 
570 0.000383 
571 -0.000211 
572 -0.000682 
573 -0.001002 
574 -0.001315 
575 -0.001730 
576 -0.001983 
577 -0.001837 
578 -0.001267 
579 -0.000334 
580 0.000516 
581 0.000868 
582 0.000486 
583 -0.000328 
584 -0.001104 
585 -0.001511 
586 -0.001442 
587 -0.001020 
588 -0.000208 
589 0.000914 
590 0.001974 
591 0.002738 
592 0.002908 
593 0.002367 
594 0.001285 
595 0.000107 
596 -0.000717 
597 -0.000845 
598 -0.000326 
599 0.000652 
600 0.001834 
601 0.002998 
602 0.004133 
603 0.004941 
604 0.005407 
605 0.005412 
606 0.004959 
607 0.004211 
608 0.003239 
609 0.002338 
610 0.001725 
611 0.001480 
612 0.001550 
613 0.001861 
614 0.002324 
615 0.003002 
616 0.003884 
617 0.004666 
618 0.005268 
619 0.005495 
620 0.005066 
621 0.004092 
622 0.002980 
623 0.001972 
624 0.001137 
625 0.000587 
626 0.000378 
627 0.000560 
628 0.001153 
629 0.002057 
630 0.002963 
631 0.003491 
632 0.003410 
633 0.002941 
634 0.002276 
635 0.001558 
636 0.000787 
637 -0.000033 
638 -0.000686 
639 -0.000982 
640 -0.000895 
641 -0.000526 
642 0.000097 
643 0.000808 
644 0.001407 
645 0.001888 
646 0.002364 
647 0.002827 
648 0.003156 
649 0.003112 
650 0.002384 
651 0.001214 
652 0.000010 
653 -0.000922 
654 -0.001429 
655 -0.001550 
656 -0.001154 
657 -0.000288 
658 0.001105 
659 0.002688 
660 0.003932 
661 0.004437 
662 0.004061 
663 0.002975 
664 0.001546 
665 0.000164 
666 -0.001027 
667 -0.001945 
668 -0.002353 
669 -0.002136 
670 -0.001432 
671 -0.000433 
672 0.000767 
673 0.001878 
674 0.002524 
675 0.002506 
676 0.001960 
677 0.001143 
678 0.000305 
679 -0.000466 
680 -0.001063 
681 -0.001535 
682 -0.001943 
683 -0.002030 
684 -0.001502 
685 -0.000521 
686 0.000430 
687 0.001059 
688 0.001374 
689 0.001515 
690 0.001591 
691 0.001593 
692 0.001441 
693 0.001114 
694 0.000546 
695 -0.000118 
696 -0.000555 
697 -0.000662 
698 -0.000406 
699 -0.000047 
700 0.000278 
701 0.000578 
702 0.000890 
703 0.001219 
704 0.001380 
705 0.001343 
706 0.000996 
707 0.000458 
708 -0.000042 
709 -0.000283 
710 -0.000300 
711 -0.000321 
712 -0.000453 
713 -0.000560 
714 -0.000614 
715 -0.000648 
716 -0.000710 
717 -0.000833 
718 -0.000877 
719 -0.000862 
720 -0.000966 
721 -0.001219 
722 -0.001505 
723 -0.001758 
724 -0.001902 
725 -0.001903 
726 -0.001721 
727 -0.001497 
728 -0.001486 
729 -0.001676 
730 -0.001803 
731 -0.001797 
732 -0.001826 
733 -0.001982 
734 -0.002119 
735 -0.002071 
736 -0.001935 
737 -0.001872 
738 -0.001904 
739 -0.001899 
740 -0.001858 
741 -0.001836 
742 -0.001721 
743 -0.001543 
744 -0.001377 
745 -0.001246 
746 -0.001127 
747 -0.000975 
748 -0.000864 
749 -0.000971 
750 -0.001279 
751 -0.001682 
752 -0.001957 
753 -0.001988 
754 -0.001813 
755 -0.001590 
756 -0.001430 
757 -0.001310 
758 -0.001147 
759 -0.000755 
760 -0.000226 
761 0.000132 
762 0.000003 
763 -0.000613 
764 -0.001238 
765 -0.001476 
766 -0.001356 
767 -0.001177 
768 -0.001221 
769 -0.001456 
770 -0.001532 
771 -0.001175 
772 -0.000469 
773 0.000275 
774 0.000692 
775 0.000689 
776 0.000487 
777 0.000368 
778 0.000329 
779 0.000203 
780 -0.000105 
781 -0.000558 
782 -0.000908 
783 -0.000834 
784 -0.000298 
785 0.000430 
786 0.001021 
787 0.001268 
788 0.001277 
789 0.001157 
790 0.000958 
791 0.000694 
792 0.000360 
793 0.000033 
794 -0.000175 
795 -0.000182 
796 0.000058 
797 0.000375 
798 0.000630 
799 0.000807 
800 0.000909 
801 0.000958 
802 0.000945 
803 0.000905 
804 0.000860 
805 0.000723 
806 0.000496 
807 0.000196 
808 -0.000082 
809 -0.000291 
810 -0.000447 
811 -0.000518 
812 -0.000432 
813 -0.000190 
814 0.000150 
815 0.000499 
816 0.000668 
817 0.000473 
818 0.000060 
819 -0.000318 
820 -0.000534 
821 -0.000640 
822 -0.000671 
823 -0.000590 
824 -0.000380 
825 -0.000101 
826 0.000139 
827 0.000259 
828 0.000230 
829 -0.000060 
830 -0.000499 
831 -0.000788 
832 -0.000724 
833 -0.000396 
834 -0.000040 
835 0.000144 
836 0.000169 
837 0.000111 
838 0.000115 
839 0.000209 
840 0.000300 
841 0.000213 
842 -0.000011 
843 -0.000193 
844 -0.000089 
845 0.000257 
846 0.000566 
847 0.000620 
848 0.000363 
849 -0.000048 
850 -0.000324 
851 -0.000287 
852 0.000077 
853 0.000539 
854 0.000802 
855 0.000804 
856 0.000691 
857 0.000623 
858 0.000625 
859 0.000590 
860 0.000394 
861 0.000059 
862 -0.000167 
863 -0.000137 
864 0.000128 
865 0.000448 
866 0.000702 
867 0.000782 
868 0.000696 
869 0.000556 
870 0.000454 
871 0.000440 
872 0.000489 
873 0.000563 
874 0.000596 
875 0.000587 
876 0.000548 
877 0.000542 
878 0.000565 
879 0.000568 
880 0.000524 
881 0.000436 
882 0.000338 
883 0.000298 
884 0.000349 
885 0.000450 
886 0.000521 
887 0.000517 
888 0.000452 
889 0.000373 
890 0.000298 
891 0.000202 
892 0.000122 
893 0.000095 
894 0.000132 
895 0.000239 
896 0.000357 
897 0.000449 
898 0.000474 
899 0.000400 
900 0.000238 
901 0.000025 
902 -0.000208 
903 -0.000444 
904 -0.000614 
905 -0.000618 
906 -0.000451 
907 -0.000197 
908 -0.000007 
909 0.000035 
910 -0.000064 
911 -0.000196 
912 -0.000265 
913 -0.000207 
914 -0.000113 
915 -0.000092 
916 -0.000198 
917 -0.000358 
918 -0.000466 
919 -0.000466 
920 -0.000394 
921 -0.000312 
922 -0.000243 
923 -0.000183 
924 -0.000099 
925 0.000021 
926 0.000175 
927 0.000289 
928 0.000310 
929 0.000240 
930 0.000113 
931 -0.000013 
932 -0.000143 
933 -0.000221 
934 -0.000210 
935 -0.000112 
936 0.000012 
937 0.000160 
938 0.000320 
939 0.000469 
940 0.000550 
941 0.000550 
942 0.000464 
943 0.000281 
944 0.000040 
945 -0.000176 
946 -0.000279 
947 -0.000229 
948 -0.000062 
949 0.000161 
950 0.000364 
951 0.000486 
952 0.000495 
953 0.000402 
954 0.000268 
955 0.000132 
956 0.000016 
957 -0.000086 
958 -0.000137 
959 -0.000093 
960 0.000043 
961 0.000184 
962 0.000257 
963 0.000249 
964 0.000199 
965 0.000138 
966 0.000087 
967 0.000056 
968 0.000036 
969 0.000014 
970 -0.000013 
971 -0.000021 
972 -0.000023 
973 -0.000034 
974 -0.000070 
975 -0.000117 
976 -0.000150 
977 -0.000137 
978 -0.000073 
979 0.000032 
980 0.000150 
981 0.000233 
982 0.000224 
983 0.000113 
984 -0.000061 
985 -0.000255 
986 -0.000431 
987 -0.000571 
988 -0.000629 
989 -0.000565 
990 -0.000393 
991 -0.000172 
992 0.000026 
993 0.000134 
994 0.000122 
995 0.000007 
996 -0.000146 
997 -0.000292 
998 -0.000404 
999 -0.000469 
1000 -0.000476 
1001 -0.000429 
1002 -0.000362 
1003 -0.000305 
1004 -0.000259 
1005 -0.000243 
1006 -0.000250 
1007 -0.000277 
1008 -0.000289 
1009 -0.000260 
1010 -0.000195 
1011 -0.000122 
1012 -0.000065 
1013 -0.000032 
1014 -0.000033 
1015 -0.000063 
1016 -0.000110 
1017 -0.000170 
1018 -0.000228 
1019 -0.000255 
1020 -0.000223 
1021 -0.000149 
1022 -0.000061 
1023 0.000014 
