0 -0.000225 
1 -0.000424 
2 -0.000786 
3 -0.000929 
4 -0.000891 
5 -0.000882 
6 -0.000845 
7 -0.000661 
8 -0.000413 
9 -0.000249 
10 -0.000126 
11 -0.000000 
12 -0.000040 
13 -0.000337 
14 -0.000644 
15 -0.000727 
16 -0.000667 
17 -0.000602 
18 -0.000507 
19 -0.000374 
20 -0.000242 
21 -0.000157 
22 -0.000216 
23 -0.000431 
24 -0.000610 
25 -0.000641 
26 -0.000573 
27 -0.000447 
28 -0.000247 
29 0.000059 
30 0.000418 
31 0.000603 
32 0.000454 
33 0.000139 
34 -0.000146 
35 -0.000408 
36 -0.000674 
37 -0.000795 
38 -0.000733 
39 -0.000669 
40 -0.000620 
41 -0.000424 
42 -0.000159 
43 -0.000074 
44 -0.000198 
45 -0.000366 
46 -0.000511 
47 -0.000606 
48 -0.000629 
49 -0.000586 
50 -0.000448 
51 -0.000271 
52 -0.000188 
53 -0.000263 
54 -0.000357 
55 -0.000337 
56 -0.000237 
57 -0.000090 
58 0.000088 
59 0.000232 
60 0.000391 
61 0.000576 
62 0.000650 
63 0.000564 
64 0.000511 
65 0.000616 
66 0.000774 
67 0.000910 
68 0.001100 
69 0.001217 
70 0.000977 
71 0.000539 
72 0.000426 
73 0.000691 
74 0.000818 
75 0.000594 
76 0.000461 
77 0.000782 
78 0.001215 
79 0.001210 
80 0.000880 
81 0.000722 
82 0.000728 
83 0.000489 
84 0.000019 
85 -0.000243 
86 -0.000172 
87 0.000123 
88 0.000620 
89 0.001262 
90 0.001817 
91 0.001994 
92 0.001675 
93 0.000950 
94 0.000162 
95 -0.000376 
96 -0.000700 
97 -0.000898 
98 -0.000745 
99 0.000087 
100 0.001294 
101 0.002160 
102 0.002465 
103 0.002741 
104 0.003108 
105 0.002810 
106 0.001794 
107 0.001009 
108 0.000819 
109 0.000785 
110 0.000572 
111 0.000338 
112 0.000456 
113 0.000968 
114 0.001496 
115 0.001749 
116 0.002009 
117 0.002356 
118 0.002476 
119 0.002253 
120 0.002055 
121 0.001986 
122 0.001871 
123 0.001517 
124 0.000995 
125 0.000743 
126 0.000986 
127 0.001259 
128 0.001289 
129 0.001416 
130 0.001883 
131 0.002116 
132 0.001618 
133 0.000929 
134 0.000938 
135 0.001354 
136 0.001116 
137 0.000160 
138 -0.000320 
139 0.000351 
140 0.001216 
141 0.001355 
142 0.001106 
143 0.001293 
144 0.001985 
145 0.002432 
146 0.002276 
147 0.001808 
148 0.001293 
149 0.000739 
150 0.000257 
151 0.000263 
152 0.000614 
153 0.000821 
154 0.001080 
155 0.001492 
156 0.001558 
157 0.001090 
158 0.000588 
159 0.000390 
160 0.000393 
161 0.000335 
162 0.000258 
163 0.000195 
164 -0.000058 
165 -0.000547 
166 -0.000801 
167 -0.000704 
168 -0.000897 
169 -0.001827 
170 -0.002756 
171 -0.002667 
172 -0.001761 
173 -0.000986 
174 -0.000548 
175 -0.000181 
176 -0.000033 
177 -0.000290 
178 -0.000787 
179 -0.001320 
180 -0.002084 
181 -0.002807 
182 -0.002576 
183 -0.001246 
184 0.000040 
185 0.000225 
186 -0.000600 
187 -0.001343 
188 -0.001349 
189 -0.001057 
190 -0.001060 
191 -0.001679 
192 -0.002453 
193 -0.002686 
194 -0.002629 
195 -0.003008 
196 -0.003792 
197 -0.004314 
198 -0.004124 
199 -0.003446 
200 -0.002569 
201 -0.001362 
202 -0.000421 
203 -0.000976 
204 -0.002743 
205 -0.003978 
206 -0.004216 
207 -0.004525 
208 -0.005004 
209 -0.005034 
210 -0.004448 
211 -0.003414 
212 -0.002348 
213 -0.001991 
214 -0.002147 
215 -0.002389 
216 -0.003173 
217 -0.004391 
218 -0.004845 
219 -0.004019 
220 -0.002505 
221 -0.001432 
222 -0.001186 
223 -0.000785 
224 0.000344 
225 0.000881 
226 -0.000376 
227 -0.002218 
228 -0.003244 
229 -0.003672 
230 -0.003706 
231 -0.003095 
232 -0.002181 
233 -0.001497 
234 -0.000889 
235 -0.000155 
236 -0.000117 
237 -0.001892 
238 -0.004809 
239 -0.006064 
240 -0.004613 
241 -0.002883 
242 -0.002649 
243 -0.002422 
244 -0.000670 
245 0.000747 
246 -0.000392 
247 -0.003179 
248 -0.005125 
249 -0.005377 
250 -0.004550 
251 -0.003075 
252 -0.001049 
253 0.000789 
254 0.001596 
255 0.001413 
256 -0.000024 
257 -0.002877 
258 -0.005792 
259 -0.006777 
260 -0.005216 
261 -0.002294 
262 0.000832 
263 0.003878 
264 0.006267 
265 0.006600 
266 0.004359 
267 0.000997 
268 -0.002107 
269 -0.004315 
270 -0.004720 
271 -0.002627 
272 0.000379 
273 0.002100 
274 0.002485 
275 0.002223 
276 0.001353 
277 -0.000087 
278 -0.000898 
279 0.000126 
280 0.002061 
281 0.002741 
282 0.001973 
283 0.001316 
284 0.001061 
285 0.000347 
286 -0.001035 
287 -0.002583 
288 -0.003694 
289 -0.003205 
290 -0.000882 
291 0.001178 
292 0.001424 
293 0.000946 
294 0.002458 
295 0.005871 
296 0.007543 
297 0.005581 
298 0.003236 
299 0.003067 
300 0.002918 
301 0.001317 
302 0.000480 
303 0.002225 
304 0.005264 
305 0.007309 
306 0.007080 
307 0.005360 
308 0.003123 
309 0.000615 
310 -0.001784 
311 -0.002456 
312 -0.000502 
313 0.002726 
314 0.005590 
315 0.007533 
316 0.007720 
317 0.005344 
318 0.001267 
319 -0.002792 
320 -0.005340 
321 -0.005904 
322 -0.005094 
323 -0.003240 
324 -0.000042 
325 0.003493 
326 0.005133 
327 0.004828 
328 0.005038 
329 0.006393 
330 0.006715 
331 0.005000 
332 0.002915 
333 0.002195 
334 0.002731 
335 0.002494 
336 0.001045 
337 0.000218 
338 0.001216 
339 0.003127 
340 0.004885 
341 0.006596 
342 0.008615 
343 0.010318 
344 0.009952 
345 0.006901 
346 0.003034 
347 0.000063 
348 -0.002910 
349 -0.006271 
350 -0.007872 
351 -0.006703 
352 -0.004445 
353 -0.002086 
354 0.001009 
355 0.004370 
356 0.006288 
357 0.005746 
358 0.003700 
359 0.002390 
360 0.001613 
361 -0.000771 
362 -0.004220 
363 -0.005722 
364 -0.004528 
365 -0.002468 
366 -0.000167 
367 0.001794 
368 0.002124 
369 0.001541 
370 0.001653 
371 0.002761 
372 0.004387 
373 0.005862 
374 0.006643 
375 0.006889 
376 0.005996 
377 0.003180 
378 -0.000964 
379 -0.004961 
380 -0.007954 
381 -0.009157 
382 -0.007046 
383 -0.001343 
384 0.005804 
385 0.012103 
386 0.015500 
387 0.015306 
388 0.011545 
389 0.004923 
390 -0.002956 
391 -0.010016 
392 -0.014245 
393 -0.013961 
394 -0.008812 
395 -0.001275 
396 0.004850 
397 0.008228 
398 0.009085 
399 0.008211 
400 0.006233 
401 0.003135 
402 -0.000655 
403 -0.003094 
404 -0.003371 
405 -0.002451 
406 -0.001471 
407 -0.001091 
408 -0.001619 
409 -0.002887 
410 -0.003463 
411 -0.001929 
412 0.001481 
413 0.004804 
414 0.006199 
415 0.005658 
416 0.005706 
417 0.006843 
418 0.005378 
419 -0.000862 
420 -0.007213 
421 -0.007364 
422 -0.003241 
423 -0.000637 
424 0.000297 
425 0.002777 
426 0.005333 
427 0.004009 
428 -0.000043 
429 -0.002296 
430 -0.001122 
431 -0.000052 
432 -0.000403 
433 0.000824 
434 0.004746 
435 0.007368 
436 0.006282 
437 0.003134 
438 0.000609 
439 -0.000980 
440 -0.002468 
441 -0.003754 
442 -0.004944 
443 -0.005468 
444 -0.003505 
445 0.000316 
446 0.003300 
447 0.003714 
448 0.002177 
449 0.000432 
450 -0.000621 
451 -0.001663 
452 -0.003435 
453 -0.005466 
454 -0.005998 
455 -0.003685 
456 -0.000618 
457 0.000422 
458 -0.000174 
459 0.000131 
460 0.002258 
461 0.004127 
462 0.002680 
463 -0.000954 
464 -0.002682 
465 -0.002392 
466 -0.003156 
467 -0.004723 
468 -0.003953 
469 -0.000023 
470 0.004241 
471 0.005981 
472 0.004485 
473 0.001940 
474 -0.000047 
475 -0.002638 
476 -0.005575 
477 -0.005896 
478 -0.004141 
479 -0.003503 
480 -0.004601 
481 -0.005159 
482 -0.003501 
483 -0.001617 
484 -0.002575 
485 -0.005785 
486 -0.007315 
487 -0.006150 
488 -0.005158 
489 -0.005467 
490 -0.004920 
491 -0.002764 
492 -0.000645 
493 -0.000055 
494 -0.000104 
495 -0.000444 
496 -0.002075 
497 -0.006002 
498 -0.009944 
499 -0.010818 
500 -0.009259 
501 -0.007802 
502 -0.006312 
503 -0.003643 
504 -0.001211 
505 -0.000220 
506 0.000376 
507 0.001134 
508 0.000461 
509 -0.002467 
510 -0.004862 
511 -0.004040 
512 -0.002780 
513 -0.005351 
514 -0.009850 
515 -0.011545 
516 -0.010988 
517 -0.010778 
518 -0.010190 
519 -0.007802 
520 -0.004707 
521 -0.002780 
522 -0.001430 
523 -0.000063 
524 -0.000726 
525 -0.004467 
526 -0.008182 
527 -0.009031 
528 -0.008149 
529 -0.007299 
530 -0.006126 
531 -0.004469 
532 -0.002806 
533 -0.001736 
534 -0.002416 
535 -0.004932 
536 -0.007053 
537 -0.007477 
538 -0.006741 
539 -0.005350 
540 -0.003121 
541 0.000380 
542 0.004546 
543 0.006721 
544 0.005069 
545 0.001504 
546 -0.001697 
547 -0.004566 
548 -0.007423 
549 -0.008629 
550 -0.007771 
551 -0.006904 
552 -0.006349 
553 -0.004425 
554 -0.001806 
555 -0.000994 
556 -0.002286 
557 -0.004020 
558 -0.005469 
559 -0.006322 
560 -0.006407 
561 -0.005868 
562 -0.004474 
563 -0.002744 
564 -0.001907 
565 -0.002556 
566 -0.003408 
567 -0.003253 
568 -0.002407 
569 -0.001123 
570 0.000455 
571 0.001721 
572 0.003150 
573 0.004867 
574 0.005646 
575 0.005003 
576 0.004589 
577 0.005381 
578 0.006496 
579 0.007379 
580 0.008683 
581 0.009397 
582 0.007322 
583 0.003832 
584 0.003029 
585 0.005264 
586 0.006480 
587 0.004977 
588 0.004027 
589 0.006231 
590 0.009037 
591 0.008551 
592 0.005801 
593 0.004439 
594 0.004388 
595 0.002816 
596 -0.000165 
597 -0.001643 
598 -0.000959 
599 0.001084 
600 0.004277 
601 0.008232 
602 0.011509 
603 0.012359 
604 0.010163 
605 0.005565 
606 0.000696 
607 -0.002573 
608 -0.004467 
609 -0.005517 
610 -0.004489 
611 0.000387 
612 0.007321 
613 0.012298 
614 0.014066 
615 0.015478 
616 0.017178 
617 0.015277 
618 0.009620 
619 0.005211 
620 0.003945 
621 0.003604 
622 0.002521 
623 0.001481 
624 0.002235 
625 0.004870 
626 0.007481 
627 0.008682 
628 0.009778 
629 0.011129 
630 0.011393 
631 0.010140 
632 0.009053 
633 0.008608 
634 0.008047 
635 0.006504 
636 0.004280 
637 0.003224 
638 0.004218 
639 0.005291 
640 0.005346 
641 0.005769 
642 0.007490 
643 0.008239 
644 0.006179 
645 0.003491 
646 0.003548 
647 0.005183 
648 0.004423 
649 0.001074 
650 -0.000539 
651 0.001866 
652 0.004769 
653 0.005010 
654 0.003903 
655 0.004306 
656 0.006403 
657 0.007727 
658 0.007195 
659 0.005785 
660 0.004262 
661 0.002558 
662 0.001015 
663 0.000957 
664 0.001943 
665 0.002507 
666 0.003264 
667 0.004489 
668 0.004702 
669 0.003393 
670 0.002027 
671 0.001491 
672 0.001410 
673 0.001062 
674 0.000665 
675 0.000379 
676 -0.000361 
677 -0.001659 
678 -0.002196 
679 -0.001712 
680 -0.001990 
681 -0.004206 
682 -0.006432 
683 -0.006170 
684 -0.004020 
685 -0.002307 
686 -0.001405 
687 -0.000577 
688 -0.000158 
689 -0.000633 
690 -0.001672 
691 -0.002827 
692 -0.004526 
693 -0.006151 
694 -0.005654 
695 -0.002730 
696 0.000085 
697 0.000509 
698 -0.001181 
699 -0.002656 
700 -0.002617 
701 -0.002036 
702 -0.002098 
703 -0.003377 
704 -0.004874 
705 -0.005217 
706 -0.004958 
707 -0.005551 
708 -0.006948 
709 -0.007890 
710 -0.007538 
711 -0.006303 
712 -0.004706 
713 -0.002499 
714 -0.000753 
715 -0.001650 
716 -0.004671 
717 -0.006771 
718 -0.007140 
719 -0.007604 
720 -0.008344 
721 -0.008338 
722 -0.007306 
723 -0.005557 
724 -0.003787 
725 -0.003143 
726 -0.003267 
727 -0.003502 
728 -0.004576 
729 -0.006326 
730 -0.006953 
731 -0.005732 
732 -0.003573 
733 -0.002132 
734 -0.001904 
735 -0.001408 
736 0.000168 
737 0.000957 
738 -0.000677 
739 -0.003055 
740 -0.004308 
741 -0.004771 
742 -0.004741 
743 -0.003936 
744 -0.002816 
745 -0.002032 
746 -0.001348 
747 -0.000493 
748 -0.000478 
749 -0.002620 
750 -0.006057 
751 -0.007411 
752 -0.005494 
753 -0.003259 
754 -0.002826 
755 -0.002487 
756 -0.000502 
757 0.001017 
758 -0.000365 
759 -0.003536 
760 -0.005711 
761 -0.005979 
762 -0.005038 
763 -0.003373 
764 -0.001123 
765 0.000900 
766 0.001816 
767 0.001664 
768 0.000195 
769 -0.002687 
770 -0.005598 
771 -0.006600 
772 -0.005136 
773 -0.002369 
774 0.000582 
775 0.003418 
776 0.005611 
777 0.005908 
778 0.003867 
779 0.000835 
780 -0.001916 
781 -0.003822 
782 -0.004129 
783 -0.002299 
784 0.000273 
785 0.001731 
786 0.002055 
787 0.001834 
788 0.001123 
789 -0.000034 
790 -0.000673 
791 0.000130 
792 0.001617 
793 0.002099 
794 0.001455 
795 0.000896 
796 0.000658 
797 0.000116 
798 -0.000864 
799 -0.001893 
800 -0.002556 
801 -0.002073 
802 -0.000366 
803 0.001055 
804 0.001132 
805 0.000660 
806 0.001499 
807 0.003588 
808 0.004546 
809 0.003224 
810 0.001776 
811 0.001789 
812 0.001806 
813 0.000885 
814 0.000412 
815 0.001477 
816 0.003261 
817 0.004398 
818 0.004184 
819 0.003130 
820 0.001803 
821 0.000340 
822 -0.001037 
823 -0.001431 
824 -0.000388 
825 0.001336 
826 0.002881 
827 0.003971 
828 0.004145 
829 0.002964 
830 0.000883 
831 -0.001204 
832 -0.002536 
833 -0.002866 
834 -0.002493 
835 -0.001594 
836 -0.000051 
837 0.001631 
838 0.002403 
839 0.002268 
840 0.002371 
841 0.002988 
842 0.003116 
843 0.002327 
844 0.001392 
845 0.001072 
846 0.001310 
847 0.001211 
848 0.000581 
849 0.000203 
850 0.000588 
851 0.001344 
852 0.002015 
853 0.002646 
854 0.003391 
855 0.004009 
856 0.003829 
857 0.002633 
858 0.001158 
859 0.000057 
860 -0.001014 
861 -0.002209 
862 -0.002758 
863 -0.002309 
864 -0.001474 
865 -0.000615 
866 0.000467 
867 0.001602 
868 0.002226 
869 0.002017 
870 0.001298 
871 0.000811 
872 0.000511 
873 -0.000263 
874 -0.001329 
875 -0.001756 
876 -0.001353 
877 -0.000694 
878 0.000034 
879 0.000645 
880 0.000747 
881 0.000571 
882 0.000589 
883 0.000874 
884 0.001285 
885 0.001641 
886 0.001795 
887 0.001809 
888 0.001545 
889 0.000810 
890 -0.000236 
891 -0.001210 
892 -0.001901 
893 -0.002128 
894 -0.001536 
895 -0.000096 
896 0.001640 
897 0.003112 
898 0.003840 
899 0.003695 
900 0.002729 
901 0.001145 
902 -0.000668 
903 -0.002232 
904 -0.003108 
905 -0.002961 
906 -0.001764 
907 -0.000102 
908 0.001201 
909 0.001884 
910 0.002019 
911 0.001783 
912 0.001326 
913 0.000667 
914 -0.000094 
915 -0.000560 
916 -0.000595 
917 -0.000409 
918 -0.000227 
919 -0.000162 
920 -0.000259 
921 -0.000480 
922 -0.000566 
923 -0.000282 
924 0.000330 
925 0.000917 
926 0.001164 
927 0.001074 
928 0.001071 
929 0.001236 
930 0.000968 
931 -0.000066 
932 -0.001092 
933 -0.001107 
934 -0.000447 
935 -0.000039 
936 0.000103 
937 0.000481 
938 0.000861 
939 0.000658 
940 0.000063 
941 -0.000259 
942 -0.000085 
943 0.000069 
944 0.000012 
945 0.000164 
946 0.000681 
947 0.001018 
948 0.000853 
949 0.000423 
950 0.000093 
951 -0.000103 
952 -0.000281 
953 -0.000427 
954 -0.000562 
955 -0.000618 
956 -0.000374 
957 0.000087 
958 0.000434 
959 0.000467 
960 0.000266 
961 0.000049 
962 -0.000079 
963 -0.000202 
964 -0.000405 
965 -0.000628 
966 -0.000667 
967 -0.000384 
968 -0.000028 
969 0.000092 
970 0.000024 
971 0.000047 
972 0.000256 
973 0.000430 
974 0.000263 
975 -0.000113 
976 -0.000282 
977 -0.000241 
978 -0.000303 
979 -0.000442 
980 -0.000353 
981 0.000033 
982 0.000436 
983 0.000585 
984 0.000428 
985 0.000178 
986 -0.000014 
987 -0.000255 
988 -0.000516 
989 -0.000529 
990 -0.000357 
991 -0.000292 
992 -0.000389 
993 -0.000445 
994 -0.000307 
995 -0.000150 
996 -0.000239 
997 -0.000518 
998 -0.000646 
999 -0.000541 
1000 -0.000451 
1001 -0.000470 
1002 -0.000420 
1003 -0.000235 
1004 -0.000052 
1005 0.000005 
1006 0.000004 
1007 -0.000024 
1008 -0.000160 
1009 -0.000490 
1010 -0.000828 
1011 -0.000917 
1012 -0.000802 
1013 -0.000690 
1014 -0.000569 
1015 -0.000348 
1016 -0.000140 
1017 -0.000045 
1018 0.000017 
1019 0.000088 
1020 0.000037 
1021 -0.000201 
1022 -0.000403 
1023 -0.000352 
