0 0.000061 
1 -0.000036 
2 -0.000155 
3 -0.000202 
4 -0.000240 
5 -0.000277 
6 -0.000186 
7 -0.000148 
8 -0.000251 
9 -0.000256 
10 -0.000157 
11 -0.000066 
12 0.000007 
13 -0.000104 
14 -0.000257 
15 -0.000156 
16 0.000044 
17 0.000136 
18 0.000156 
19 0.000129 
20 0.000041 
21 -0.000012 
22 0.000121 
23 0.000255 
24 0.000099 
25 -0.000113 
26 -0.000081 
27 0.000050 
28 0.000101 
29 0.000137 
30 0.000225 
31 0.000310 
32 0.000389 
33 0.000503 
34 0.000527 
35 0.000472 
36 0.000467 
37 0.000366 
38 0.000237 
39 0.000334 
40 0.000457 
41 0.000485 
42 0.000501 
43 0.000382 
44 0.000268 
45 0.000355 
46 0.000288 
47 -0.000109 
48 -0.000297 
49 -0.000027 
50 0.000208 
51 0.000085 
52 0.000003 
53 0.000167 
54 0.000154 
55 -0.000134 
56 -0.000174 
57 0.000081 
58 0.000057 
59 -0.000261 
60 -0.000281 
61 0.000063 
62 0.000305 
63 0.000275 
64 0.000034 
65 -0.000193 
66 -0.000116 
67 0.000163 
68 0.000205 
69 0.000114 
70 0.000110 
71 0.000081 
72 0.000093 
73 0.000351 
74 0.000527 
75 0.000290 
76 -0.000095 
77 -0.000135 
78 0.000428 
79 0.001024 
80 0.000926 
81 0.000491 
82 0.000334 
83 0.000407 
84 0.000542 
85 0.000622 
86 0.000652 
87 0.000626 
88 0.000318 
89 0.000176 
90 0.000573 
91 0.000846 
92 0.000625 
93 0.000180 
94 -0.000094 
95 0.000094 
96 0.000152 
97 -0.000204 
98 -0.000401 
99 -0.000404 
100 -0.000277 
101 0.000277 
102 0.000595 
103 0.000101 
104 -0.000472 
105 -0.000591 
106 -0.000451 
107 -0.000295 
108 -0.000172 
109 0.000075 
110 0.000169 
111 -0.000296 
112 -0.000763 
113 -0.000454 
114 0.000001 
115 -0.000129 
116 -0.000278 
117 -0.000115 
118 -0.000221 
119 -0.000582 
120 -0.000475 
121 0.000142 
122 0.000310 
123 -0.000018 
124 0.000015 
125 0.000190 
126 0.000088 
127 0.000179 
128 0.000272 
129 0.000162 
130 0.000483 
131 0.000833 
132 0.000399 
133 -0.000085 
134 -0.000062 
135 -0.000179 
136 -0.000564 
137 -0.000503 
138 0.000129 
139 0.000414 
140 -0.000084 
141 -0.000494 
142 -0.000263 
143 -0.000162 
144 -0.000355 
145 -0.000436 
146 -0.000602 
147 -0.000943 
148 -0.000945 
149 -0.000638 
150 -0.000521 
151 -0.000563 
152 -0.000241 
153 0.000212 
154 -0.000125 
155 -0.000764 
156 -0.000431 
157 0.000055 
158 -0.000180 
159 -0.000199 
160 0.000297 
161 0.000453 
162 -0.000024 
163 -0.000492 
164 -0.000224 
165 0.000288 
166 0.000226 
167 0.000450 
168 0.001354 
169 0.001508 
170 0.000726 
171 0.000321 
172 0.000513 
173 0.000823 
174 0.001086 
175 0.001303 
176 0.001376 
177 0.001178 
178 0.001179 
179 0.001458 
180 0.001488 
181 0.000912 
182 0.000130 
183 0.000274 
184 0.001275 
185 0.001485 
186 0.001026 
187 0.000554 
188 -0.000133 
189 -0.000236 
190 0.000287 
191 0.000285 
192 0.000040 
193 -0.000502 
194 -0.001067 
195 -0.000564 
196 0.000534 
197 0.000969 
198 0.000456 
199 -0.000493 
200 -0.000949 
201 -0.001201 
202 -0.000896 
203 0.000175 
204 0.000279 
205 -0.000714 
206 -0.000952 
207 -0.000044 
208 0.001405 
209 0.001775 
210 0.000489 
211 -0.000539 
212 -0.000738 
213 -0.000131 
214 0.000918 
215 0.001248 
216 0.001028 
217 0.000253 
218 -0.000618 
219 0.000297 
220 0.001877 
221 0.001871 
222 0.001581 
223 0.001481 
224 0.000459 
225 -0.000510 
226 -0.000381 
227 0.000374 
228 0.000547 
229 -0.000193 
230 -0.000617 
231 -0.000133 
232 0.000260 
233 -0.000137 
234 -0.000804 
235 -0.000852 
236 -0.000142 
237 0.000567 
238 0.000688 
239 -0.000240 
240 -0.001655 
241 -0.002350 
242 -0.002211 
243 -0.001624 
244 -0.000763 
245 -0.000156 
246 -0.000436 
247 -0.001183 
248 -0.001297 
249 -0.000866 
250 -0.001014 
251 -0.001524 
252 -0.001610 
253 -0.001797 
254 -0.001711 
255 -0.000335 
256 0.001133 
257 0.001368 
258 0.000779 
259 0.000265 
260 0.000246 
261 0.000301 
262 -0.000318 
263 -0.000975 
264 -0.001169 
265 -0.000730 
266 0.000542 
267 0.001647 
268 0.001646 
269 0.001114 
270 -0.000126 
271 -0.001608 
272 -0.001643 
273 -0.000710 
274 0.000297 
275 0.000503 
276 -0.000794 
277 -0.001308 
278 -0.000473 
279 -0.000874 
280 -0.001536 
281 -0.000497 
282 0.000194 
283 -0.001215 
284 -0.002744 
285 -0.003025 
286 -0.002924 
287 -0.002720 
288 -0.002012 
289 -0.001432 
290 -0.001452 
291 -0.002268 
292 -0.003266 
293 -0.002820 
294 -0.001588 
295 -0.001885 
296 -0.003304 
297 -0.003732 
298 -0.002412 
299 -0.000997 
300 -0.001124 
301 -0.001657 
302 -0.002171 
303 -0.003131 
304 -0.003260 
305 -0.002527 
306 -0.001141 
307 0.000682 
308 0.000494 
309 -0.001242 
310 -0.002233 
311 -0.001765 
312 -0.000386 
313 0.000050 
314 -0.001006 
315 -0.001668 
316 -0.001524 
317 0.000419 
318 0.002941 
319 0.001867 
320 -0.000187 
321 0.000485 
322 0.000808 
323 -0.000412 
324 -0.001144 
325 -0.000855 
326 -0.000264 
327 -0.000560 
328 -0.001389 
329 -0.000710 
330 0.000620 
331 -0.000151 
332 -0.002278 
333 -0.002457 
334 -0.000926 
335 -0.000898 
336 -0.001703 
337 -0.000776 
338 0.000728 
339 0.000371 
340 -0.001126 
341 -0.000827 
342 0.000686 
343 0.000479 
344 -0.000376 
345 0.000818 
346 0.002220 
347 0.001626 
348 0.000147 
349 -0.000625 
350 0.000794 
351 0.003017 
352 0.003254 
353 0.002633 
354 0.002615 
355 0.001939 
356 0.001571 
357 0.002550 
358 0.003613 
359 0.004337 
360 0.004931 
361 0.005073 
362 0.004444 
363 0.003770 
364 0.003993 
365 0.004642 
366 0.004367 
367 0.003108 
368 0.002525 
369 0.003913 
370 0.004553 
371 0.002483 
372 0.001115 
373 0.001763 
374 0.001774 
375 0.000583 
376 0.000163 
377 0.001113 
378 0.001748 
379 0.001231 
380 0.001079 
381 0.001378 
382 0.001115 
383 0.000355 
384 -0.000071 
385 0.000913 
386 0.002517 
387 0.002601 
388 0.002151 
389 0.002514 
390 0.003113 
391 0.003374 
392 0.002525 
393 0.000787 
394 -0.000113 
395 0.000893 
396 0.003267 
397 0.004636 
398 0.003714 
399 0.002772 
400 0.002996 
401 0.004124 
402 0.006454 
403 0.006941 
404 0.004606 
405 0.003345 
406 0.004204 
407 0.005601 
408 0.005839 
409 0.004171 
410 0.003176 
411 0.003700 
412 0.004239 
413 0.004838 
414 0.005909 
415 0.005348 
416 0.002434 
417 -0.000120 
418 -0.000019 
419 0.000538 
420 -0.000632 
421 -0.001132 
422 -0.000226 
423 0.000230 
424 0.000069 
425 -0.000175 
426 -0.001382 
427 -0.003006 
428 -0.003176 
429 -0.001873 
430 -0.000772 
431 -0.000891 
432 -0.000601 
433 0.000591 
434 0.000467 
435 -0.001837 
436 -0.003001 
437 -0.001784 
438 -0.001081 
439 -0.002075 
440 -0.002320 
441 -0.000562 
442 0.000149 
443 -0.001279 
444 -0.000946 
445 0.002920 
446 0.005195 
447 0.001224 
448 -0.004489 
449 -0.004375 
450 0.001055 
451 0.004319 
452 0.002900 
453 0.001437 
454 0.001487 
455 0.000358 
456 -0.001161 
457 0.000755 
458 0.003359 
459 0.001795 
460 -0.002290 
461 -0.003913 
462 -0.002042 
463 -0.000761 
464 -0.001532 
465 -0.002692 
466 -0.003788 
467 -0.004428 
468 -0.004536 
469 -0.004868 
470 -0.004819 
471 -0.005182 
472 -0.006343 
473 -0.007419 
474 -0.007374 
475 -0.005204 
476 -0.002515 
477 -0.003766 
478 -0.007335 
479 -0.007809 
480 -0.005566 
481 -0.004280 
482 -0.004403 
483 -0.004270 
484 -0.003355 
485 -0.003174 
486 -0.003892 
487 -0.004797 
488 -0.005700 
489 -0.005065 
490 -0.003554 
491 -0.004049 
492 -0.004211 
493 -0.001672 
494 -0.000211 
495 -0.002013 
496 -0.003093 
497 -0.001311 
498 0.000964 
499 0.001100 
500 0.000209 
501 0.000633 
502 0.001365 
503 0.000917 
504 0.001107 
505 0.002250 
506 0.001807 
507 -0.000232 
508 -0.002018 
509 -0.002273 
510 -0.000634 
511 0.000754 
512 0.000472 
513 -0.000736 
514 -0.002211 
515 -0.002785 
516 -0.003267 
517 -0.003724 
518 -0.002572 
519 -0.002080 
520 -0.003335 
521 -0.003382 
522 -0.002147 
523 -0.001012 
524 -0.000104 
525 -0.001459 
526 -0.003323 
527 -0.002071 
528 0.000369 
529 0.001492 
530 0.001734 
531 0.001419 
532 0.000372 
533 -0.000237 
534 0.001347 
535 0.002940 
536 0.001108 
537 -0.001361 
538 -0.000973 
539 0.000548 
540 0.001140 
541 0.001546 
542 0.002554 
543 0.003483 
544 0.004347 
545 0.005583 
546 0.005812 
547 0.005167 
548 0.005073 
549 0.003954 
550 0.002558 
551 0.003568 
552 0.004844 
553 0.005114 
554 0.005250 
555 0.004009 
556 0.002819 
557 0.003667 
558 0.002974 
559 -0.000986 
560 -0.002818 
561 -0.000159 
562 0.002117 
563 0.000931 
564 0.000155 
565 0.001702 
566 0.001573 
567 -0.001070 
568 -0.001410 
569 0.000904 
570 0.000685 
571 -0.002138 
572 -0.002295 
573 0.000701 
574 0.002762 
575 0.002493 
576 0.000466 
577 -0.001404 
578 -0.000732 
579 0.001549 
580 0.001870 
581 0.001135 
582 0.001089 
583 0.000849 
584 0.000925 
585 0.002884 
586 0.004180 
587 0.002387 
588 -0.000454 
589 -0.000732 
590 0.003337 
591 0.007538 
592 0.006763 
593 0.003667 
594 0.002545 
595 0.003011 
596 0.003890 
597 0.004381 
598 0.004536 
599 0.004324 
600 0.002309 
601 0.001388 
602 0.003862 
603 0.005513 
604 0.004101 
605 0.001362 
606 -0.000281 
607 0.000838 
608 0.001184 
609 -0.000885 
610 -0.001994 
611 -0.001981 
612 -0.001243 
613 0.001826 
614 0.003540 
615 0.000841 
616 -0.002214 
617 -0.002813 
618 -0.002042 
619 -0.001204 
620 -0.000558 
621 0.000691 
622 0.001144 
623 -0.001158 
624 -0.003407 
625 -0.001895 
626 0.000288 
627 -0.000318 
628 -0.000993 
629 -0.000224 
630 -0.000698 
631 -0.002305 
632 -0.001808 
633 0.000895 
634 0.001601 
635 0.000188 
636 0.000317 
637 0.001039 
638 0.000602 
639 0.000964 
640 0.001329 
641 0.000872 
642 0.002119 
643 0.003448 
644 0.001743 
645 -0.000132 
646 -0.000050 
647 -0.000483 
648 -0.001890 
649 -0.001648 
650 0.000623 
651 0.001620 
652 -0.000152 
653 -0.001581 
654 -0.000782 
655 -0.000448 
656 -0.001094 
657 -0.001362 
658 -0.001899 
659 -0.002987 
660 -0.002962 
661 -0.001960 
662 -0.001575 
663 -0.001695 
664 -0.000703 
665 0.000672 
666 -0.000342 
667 -0.002223 
668 -0.001233 
669 0.000177 
670 -0.000496 
671 -0.000549 
672 0.000830 
673 0.001235 
674 -0.000086 
675 -0.001344 
676 -0.000612 
677 0.000746 
678 0.000582 
679 0.001159 
680 0.003450 
681 0.003793 
682 0.001795 
683 0.000772 
684 0.001230 
685 0.001956 
686 0.002560 
687 0.003035 
688 0.003167 
689 0.002676 
690 0.002641 
691 0.003240 
692 0.003272 
693 0.001958 
694 0.000230 
695 0.000537 
696 0.002669 
697 0.003083 
698 0.002087 
699 0.001084 
700 -0.000347 
701 -0.000550 
702 0.000501 
703 0.000489 
704 0.000008 
705 -0.001052 
706 -0.002129 
707 -0.001156 
708 0.000916 
709 0.001712 
710 0.000746 
711 -0.000990 
712 -0.001799 
713 -0.002229 
714 -0.001668 
715 0.000216 
716 0.000396 
717 -0.001305 
718 -0.001688 
719 -0.000155 
720 0.002239 
721 0.002823 
722 0.000717 
723 -0.000936 
724 -0.001247 
725 -0.000289 
726 0.001341 
727 0.001834 
728 0.001478 
729 0.000303 
730 -0.000996 
731 0.000354 
732 0.002645 
733 0.002612 
734 0.002175 
735 0.002008 
736 0.000564 
737 -0.000778 
738 -0.000597 
739 0.000428 
740 0.000656 
741 -0.000326 
742 -0.000880 
743 -0.000249 
744 0.000253 
745 -0.000257 
746 -0.001095 
747 -0.001150 
748 -0.000268 
749 0.000598 
750 0.000736 
751 -0.000374 
752 -0.002035 
753 -0.002817 
754 -0.002626 
755 -0.001928 
756 -0.000940 
757 -0.000245 
758 -0.000551 
759 -0.001360 
760 -0.001472 
761 -0.000997 
762 -0.001148 
763 -0.001671 
764 -0.001741 
765 -0.001916 
766 -0.001808 
767 -0.000397 
768 0.001072 
769 0.001302 
770 0.000721 
771 0.000226 
772 0.000206 
773 0.000251 
774 -0.000337 
775 -0.000943 
776 -0.001115 
777 -0.000708 
778 0.000444 
779 0.001418 
780 0.001407 
781 0.000935 
782 -0.000131 
783 -0.001383 
784 -0.001397 
785 -0.000602 
786 0.000227 
787 0.000386 
788 -0.000668 
789 -0.001074 
790 -0.000404 
791 -0.000715 
792 -0.001222 
793 -0.000412 
794 0.000120 
795 -0.000930 
796 -0.002050 
797 -0.002231 
798 -0.002140 
799 -0.001973 
800 -0.001453 
801 -0.001036 
802 -0.001042 
803 -0.001594 
804 -0.002259 
805 -0.001937 
806 -0.001095 
807 -0.001278 
808 -0.002188 
809 -0.002439 
810 -0.001565 
811 -0.000650 
812 -0.000720 
813 -0.001041 
814 -0.001346 
815 -0.001911 
816 -0.001969 
817 -0.001517 
818 -0.000694 
819 0.000370 
820 0.000256 
821 -0.000734 
822 -0.001282 
823 -0.001009 
824 -0.000238 
825 0.000005 
826 -0.000564 
827 -0.000910 
828 -0.000822 
829 0.000203 
830 0.001501 
831 0.000934 
832 -0.000118 
833 0.000214 
834 0.000364 
835 -0.000242 
836 -0.000598 
837 -0.000455 
838 -0.000172 
839 -0.000309 
840 -0.000686 
841 -0.000368 
842 0.000240 
843 -0.000108 
844 -0.001051 
845 -0.001122 
846 -0.000451 
847 -0.000437 
848 -0.000773 
849 -0.000375 
850 0.000253 
851 0.000104 
852 -0.000504 
853 -0.000376 
854 0.000229 
855 0.000144 
856 -0.000190 
857 0.000269 
858 0.000799 
859 0.000568 
860 0.000013 
861 -0.000271 
862 0.000248 
863 0.001038 
864 0.001108 
865 0.000876 
866 0.000860 
867 0.000617 
868 0.000484 
869 0.000810 
870 0.001154 
871 0.001377 
872 0.001553 
873 0.001581 
874 0.001364 
875 0.001139 
876 0.001193 
877 0.001377 
878 0.001278 
879 0.000886 
880 0.000701 
881 0.001098 
882 0.001269 
883 0.000660 
884 0.000264 
885 0.000444 
886 0.000445 
887 0.000117 
888 0.000001 
889 0.000257 
890 0.000422 
891 0.000282 
892 0.000238 
893 0.000311 
894 0.000241 
895 0.000049 
896 -0.000056 
897 0.000184 
898 0.000567 
899 0.000580 
900 0.000469 
901 0.000548 
902 0.000679 
903 0.000731 
904 0.000532 
905 0.000142 
906 -0.000056 
907 0.000164 
908 0.000671 
909 0.000954 
910 0.000752 
911 0.000546 
912 0.000582 
913 0.000801 
914 0.001255 
915 0.001336 
916 0.000868 
917 0.000616 
918 0.000774 
919 0.001029 
920 0.001062 
921 0.000745 
922 0.000555 
923 0.000653 
924 0.000738 
925 0.000834 
926 0.001009 
927 0.000901 
928 0.000399 
929 -0.000033 
930 -0.000015 
931 0.000078 
932 -0.000111 
933 -0.000187 
934 -0.000040 
935 0.000033 
936 0.000009 
937 -0.000026 
938 -0.000206 
939 -0.000446 
940 -0.000467 
941 -0.000272 
942 -0.000111 
943 -0.000126 
944 -0.000083 
945 0.000086 
946 0.000071 
947 -0.000243 
948 -0.000396 
949 -0.000230 
950 -0.000134 
951 -0.000262 
952 -0.000289 
953 -0.000062 
954 0.000029 
955 -0.000148 
956 -0.000103 
957 0.000369 
958 0.000640 
959 0.000159 
960 -0.000519 
961 -0.000501 
962 0.000132 
963 0.000506 
964 0.000342 
965 0.000175 
966 0.000181 
967 0.000056 
968 -0.000110 
969 0.000097 
970 0.000373 
971 0.000203 
972 -0.000228 
973 -0.000393 
974 -0.000198 
975 -0.000065 
976 -0.000142 
977 -0.000256 
978 -0.000361 
979 -0.000420 
980 -0.000428 
981 -0.000457 
982 -0.000447 
983 -0.000477 
984 -0.000583 
985 -0.000678 
986 -0.000668 
987 -0.000463 
988 -0.000214 
989 -0.000327 
990 -0.000647 
991 -0.000686 
992 -0.000482 
993 -0.000365 
994 -0.000372 
995 -0.000357 
996 -0.000274 
997 -0.000256 
998 -0.000315 
999 -0.000392 
1000 -0.000468 
1001 -0.000412 
1002 -0.000284 
1003 -0.000323 
1004 -0.000335 
1005 -0.000123 
1006 -0.000002 
1007 -0.000152 
1008 -0.000241 
1009 -0.000094 
1010 0.000092 
1011 0.000103 
1012 0.000030 
1013 0.000064 
1014 0.000123 
1015 0.000086 
1016 0.000101 
1017 0.000192 
1018 0.000155 
1019 -0.000009 
1020 -0.000153 
1021 -0.000174 
1022 -0.000042 
1023 0.000069 
