0 -0.000012 
1 -0.000019 
2 -0.000262 
3 -0.000154 
4 0.000116 
5 0.000049 
6 -0.000106 
7 0.000033 
8 0.000179 
9 0.000052 
10 -0.000088 
11 -0.000047 
12 -0.000068 
13 -0.000252 
14 -0.000329 
15 -0.000204 
16 -0.000085 
17 -0.000098 
18 -0.000143 
19 -0.000058 
20 0.000159 
21 0.000354 
22 0.000406 
23 0.000287 
24 0.000104 
25 0.000065 
26 0.000143 
27 0.000074 
28 -0.000218 
29 -0.000460 
30 -0.000367 
31 -0.000072 
32 0.000036 
33 -0.000048 
34 0.000019 
35 0.000212 
36 0.000197 
37 0.000056 
38 0.000131 
39 0.000215 
40 -0.000016 
41 -0.000182 
42 0.000012 
43 0.000120 
44 -0.000175 
45 -0.000367 
46 -0.000092 
47 0.000152 
48 -0.000074 
49 -0.000247 
50 0.000200 
51 0.000740 
52 0.000558 
53 0.000026 
54 0.000003 
55 0.000252 
56 -0.000098 
57 -0.000758 
58 -0.000636 
59 0.000158 
60 0.000384 
61 0.000027 
62 0.000214 
63 0.000870 
64 0.000877 
65 0.000212 
66 -0.000217 
67 -0.000252 
68 -0.000323 
69 -0.000343 
70 -0.000045 
71 0.000366 
72 0.000643 
73 0.000850 
74 0.001022 
75 0.000880 
76 0.000433 
77 0.000082 
78 -0.000038 
79 -0.000178 
80 -0.000321 
81 -0.000215 
82 0.000134 
83 0.000503 
84 0.000659 
85 0.000625 
86 0.000582 
87 0.000413 
88 0.000106 
89 0.000038 
90 0.000124 
91 -0.000067 
92 -0.000152 
93 0.000368 
94 0.000873 
95 0.000707 
96 0.000372 
97 0.000285 
98 0.000133 
99 -0.000086 
100 -0.000134 
101 -0.000090 
102 0.000021 
103 0.000451 
104 0.001052 
105 0.001181 
106 0.000799 
107 0.000572 
108 0.000677 
109 0.000697 
110 0.000334 
111 -0.000058 
112 0.000094 
113 0.000736 
114 0.001131 
115 0.001007 
116 0.000902 
117 0.000934 
118 0.000757 
119 0.000396 
120 0.000014 
121 -0.000357 
122 -0.000581 
123 -0.000312 
124 0.000289 
125 0.000584 
126 0.000723 
127 0.001087 
128 0.001213 
129 0.000815 
130 0.000190 
131 -0.000119 
132 0.000060 
133 0.000121 
134 -0.000149 
135 -0.000233 
136 0.000184 
137 0.000849 
138 0.001121 
139 0.000977 
140 0.001003 
141 0.001013 
142 0.000733 
143 0.000330 
144 0.000053 
145 -0.000017 
146 -0.000184 
147 -0.000237 
148 0.000483 
149 0.001318 
150 0.001093 
151 0.000480 
152 0.000761 
153 0.001398 
154 0.000905 
155 -0.000217 
156 -0.000296 
157 0.000399 
158 0.000599 
159 0.000145 
160 -0.000038 
161 0.000418 
162 0.000676 
163 0.000368 
164 0.000373 
165 0.000732 
166 0.000455 
167 -0.000217 
168 -0.000294 
169 -0.000007 
170 -0.000305 
171 -0.000856 
172 -0.000944 
173 -0.000633 
174 -0.000213 
175 0.000051 
176 0.000230 
177 0.000385 
178 0.000147 
179 -0.000312 
180 -0.000112 
181 0.000466 
182 0.000045 
183 -0.001157 
184 -0.001048 
185 0.000399 
186 0.000749 
187 -0.000397 
188 -0.001033 
189 -0.000385 
190 0.000188 
191 -0.000389 
192 -0.001189 
193 -0.001089 
194 -0.000430 
195 -0.000133 
196 -0.000127 
197 0.000089 
198 -0.000113 
199 -0.000823 
200 -0.000253 
201 0.000926 
202 0.000436 
203 -0.000651 
204 -0.000257 
205 0.000803 
206 0.000820 
207 0.000001 
208 -0.000317 
209 -0.000052 
210 -0.000018 
211 -0.000142 
212 -0.000312 
213 -0.000535 
214 -0.000603 
215 -0.000218 
216 0.000724 
217 0.000983 
218 -0.000113 
219 -0.000687 
220 0.000288 
221 0.000864 
222 0.000044 
223 -0.000870 
224 -0.001228 
225 -0.001977 
226 -0.002770 
227 -0.001965 
228 -0.000525 
229 -0.000449 
230 -0.000775 
231 -0.000026 
232 0.001142 
233 0.001180 
234 -0.000059 
235 -0.001086 
236 -0.001032 
237 -0.001166 
238 -0.001976 
239 -0.001502 
240 -0.000193 
241 -0.000671 
242 -0.001898 
243 -0.001702 
244 -0.001200 
245 -0.001623 
246 -0.001549 
247 -0.000379 
248 0.000175 
249 -0.000008 
250 0.000647 
251 0.001234 
252 0.000205 
253 -0.001144 
254 -0.001246 
255 -0.000854 
256 -0.001695 
257 -0.002677 
258 -0.001298 
259 0.001074 
260 0.000920 
261 -0.001085 
262 -0.000895 
263 0.001532 
264 0.001559 
265 -0.001622 
266 -0.002549 
267 0.000678 
268 0.002773 
269 0.000908 
270 -0.000741 
271 0.000646 
272 0.001823 
273 0.000521 
274 -0.000915 
275 -0.000704 
276 -0.000208 
277 -0.000537 
278 -0.000861 
279 -0.000461 
280 -0.000714 
281 -0.002119 
282 -0.002898 
283 -0.002155 
284 -0.001491 
285 -0.001452 
286 -0.001083 
287 0.000311 
288 0.001867 
289 0.002355 
290 0.001801 
291 0.000641 
292 -0.000688 
293 -0.001849 
294 -0.003116 
295 -0.004421 
296 -0.004545 
297 -0.002355 
298 0.000326 
299 0.000629 
300 -0.000001 
301 0.000777 
302 0.001442 
303 0.000404 
304 -0.000469 
305 -0.000082 
306 0.000280 
307 0.000155 
308 0.000455 
309 0.000892 
310 0.000532 
311 -0.000365 
312 -0.000899 
313 -0.000823 
314 -0.000832 
315 -0.000821 
316 -0.000248 
317 0.001117 
318 0.001665 
319 0.000507 
320 0.000107 
321 0.001921 
322 0.002436 
323 -0.000092 
324 -0.002365 
325 -0.002603 
326 -0.002659 
327 -0.002854 
328 -0.002193 
329 -0.001794 
330 -0.002461 
331 -0.002202 
332 -0.000668 
333 0.000310 
334 0.000093 
335 -0.000913 
336 -0.002142 
337 -0.002471 
338 -0.001323 
339 -0.000084 
340 0.000002 
341 -0.000394 
342 -0.000184 
343 0.000539 
344 0.001143 
345 0.000739 
346 -0.000748 
347 -0.002042 
348 -0.001859 
349 -0.001719 
350 -0.002989 
351 -0.003599 
352 -0.001379 
353 0.001625 
354 0.002271 
355 0.001258 
356 0.001476 
357 0.002645 
358 0.002047 
359 -0.000528 
360 -0.002646 
361 -0.002780 
362 -0.002409 
363 -0.002094 
364 -0.000839 
365 0.000898 
366 0.001607 
367 0.001273 
368 0.000197 
369 -0.002104 
370 -0.004051 
371 -0.003083 
372 -0.001239 
373 -0.002018 
374 -0.002642 
375 0.000606 
376 0.003996 
377 0.002839 
378 -0.000106 
379 -0.001174 
380 -0.001394 
381 -0.002810 
382 -0.004247 
383 -0.003463 
384 -0.001276 
385 0.000656 
386 0.002367 
387 0.004397 
388 0.004939 
389 0.003018 
390 0.001037 
391 0.000780 
392 -0.000283 
393 -0.002635 
394 -0.002617 
395 0.000201 
396 0.002095 
397 0.001485 
398 0.001319 
399 0.002729 
400 0.002716 
401 0.000456 
402 -0.001835 
403 -0.003063 
404 -0.003100 
405 -0.001043 
406 0.001979 
407 0.001890 
408 -0.000636 
409 0.000494 
410 0.004159 
411 0.002918 
412 -0.002680 
413 -0.004928 
414 -0.002292 
415 -0.000488 
416 -0.001443 
417 -0.001793 
418 -0.000441 
419 0.000954 
420 0.000506 
421 -0.000967 
422 -0.000286 
423 0.001492 
424 0.000684 
425 -0.000595 
426 0.000841 
427 0.002331 
428 0.001187 
429 0.000435 
430 0.001911 
431 0.002226 
432 0.000859 
433 0.000137 
434 -0.000556 
435 -0.002290 
436 -0.002509 
437 -0.000098 
438 0.002014 
439 0.002204 
440 0.002759 
441 0.004102 
442 0.004063 
443 0.001775 
444 -0.000584 
445 -0.001366 
446 -0.001416 
447 -0.001299 
448 -0.000659 
449 0.000744 
450 0.002755 
451 0.002954 
452 0.000167 
453 -0.001656 
454 -0.000476 
455 0.000348 
456 -0.001533 
457 -0.003795 
458 -0.002754 
459 0.000518 
460 0.001097 
461 -0.001070 
462 -0.002010 
463 -0.000194 
464 0.000854 
465 -0.001410 
466 -0.002319 
467 0.001131 
468 0.004352 
469 0.003349 
470 0.000978 
471 0.001193 
472 0.002137 
473 0.000628 
474 -0.001801 
475 -0.002781 
476 -0.002404 
477 -0.001751 
478 -0.001197 
479 -0.000384 
480 0.000953 
481 0.002624 
482 0.003310 
483 0.002316 
484 0.001436 
485 0.001683 
486 0.000433 
487 -0.002890 
488 -0.004595 
489 -0.003681 
490 -0.002809 
491 -0.002554 
492 -0.001116 
493 0.001317 
494 0.003601 
495 0.004553 
496 0.002587 
497 -0.000544 
498 -0.000920 
499 -0.000300 
500 -0.002845 
501 -0.006049 
502 -0.004844 
503 -0.000480 
504 0.001881 
505 0.000079 
506 -0.002748 
507 -0.001469 
508 0.001864 
509 0.000415 
510 -0.004084 
511 -0.004052 
512 -0.000126 
513 -0.000215 
514 -0.003242 
515 -0.001891 
516 0.001481 
517 0.000641 
518 -0.001296 
519 0.000441 
520 0.002251 
521 0.000677 
522 -0.001055 
523 -0.000541 
524 -0.000789 
525 -0.003029 
526 -0.003955 
527 -0.002426 
528 -0.000971 
529 -0.001132 
530 -0.001668 
531 -0.000646 
532 0.001949 
533 0.004254 
534 0.004860 
535 0.003443 
536 0.001283 
537 0.000830 
538 0.001741 
539 0.000937 
540 -0.002397 
541 -0.005138 
542 -0.004057 
543 -0.000725 
544 0.000485 
545 -0.000452 
546 0.000292 
547 0.002402 
548 0.002220 
549 0.000703 
550 0.001506 
551 0.002380 
552 -0.000066 
553 -0.001788 
554 0.000224 
555 0.001336 
556 -0.001671 
557 -0.003600 
558 -0.000816 
559 0.001606 
560 -0.000631 
561 -0.002313 
562 0.002011 
563 0.007157 
564 0.005368 
565 0.000334 
566 0.000108 
567 0.002394 
568 -0.000813 
569 -0.006756 
570 -0.005602 
571 0.001466 
572 0.003428 
573 0.000322 
574 0.001923 
575 0.007458 
576 0.007440 
577 0.001847 
578 -0.001701 
579 -0.001969 
580 -0.002523 
581 -0.002648 
582 -0.000279 
583 0.002920 
584 0.005023 
585 0.006546 
586 0.007762 
587 0.006622 
588 0.003263 
589 0.000679 
590 -0.000193 
591 -0.001188 
592 -0.002178 
593 -0.001421 
594 0.000996 
595 0.003493 
596 0.004498 
597 0.004217 
598 0.003881 
599 0.002734 
600 0.000732 
601 0.000284 
602 0.000815 
603 -0.000387 
604 -0.000906 
605 0.002251 
606 0.005242 
607 0.004194 
608 0.002183 
609 0.001651 
610 0.000755 
611 -0.000495 
612 -0.000773 
613 -0.000528 
614 0.000074 
615 0.002389 
616 0.005559 
617 0.006172 
618 0.004101 
619 0.002884 
620 0.003380 
621 0.003436 
622 0.001591 
623 -0.000352 
624 0.000379 
625 0.003444 
626 0.005270 
627 0.004626 
628 0.004082 
629 0.004179 
630 0.003322 
631 0.001668 
632 -0.000041 
633 -0.001657 
634 -0.002607 
635 -0.001430 
636 0.001119 
637 0.002325 
638 0.002872 
639 0.004309 
640 0.004760 
641 0.003118 
642 0.000625 
643 -0.000586 
644 0.000105 
645 0.000332 
646 -0.000690 
647 -0.000991 
648 0.000548 
649 0.002945 
650 0.003883 
651 0.003324 
652 0.003367 
653 0.003356 
654 0.002358 
655 0.000964 
656 0.000025 
657 -0.000207 
658 -0.000754 
659 -0.000913 
660 0.001392 
661 0.004007 
662 0.003254 
663 0.001327 
664 0.002176 
665 0.004073 
666 0.002561 
667 -0.000769 
668 -0.000988 
669 0.001026 
670 0.001579 
671 0.000277 
672 -0.000241 
673 0.001016 
674 0.001710 
675 0.000858 
676 0.000865 
677 0.001806 
678 0.001068 
679 -0.000677 
680 -0.000866 
681 -0.000135 
682 -0.000875 
683 -0.002223 
684 -0.002412 
685 -0.001637 
686 -0.000618 
687 0.000012 
688 0.000431 
689 0.000786 
690 0.000232 
691 -0.000807 
692 -0.000355 
693 0.000924 
694 -0.000007 
695 -0.002604 
696 -0.002344 
697 0.000739 
698 0.001462 
699 -0.000924 
700 -0.002216 
701 -0.000878 
702 0.000280 
703 -0.000867 
704 -0.002429 
705 -0.002213 
706 -0.000929 
707 -0.000358 
708 -0.000341 
709 0.000064 
710 -0.000307 
711 -0.001590 
712 -0.000547 
713 0.001560 
714 0.000683 
715 -0.001212 
716 -0.000515 
717 0.001300 
718 0.001321 
719 -0.000060 
720 -0.000583 
721 -0.000145 
722 -0.000089 
723 -0.000285 
724 -0.000549 
725 -0.000893 
726 -0.000987 
727 -0.000380 
728 0.001051 
729 0.001436 
730 -0.000206 
731 -0.001044 
732 0.000383 
733 0.001209 
734 0.000030 
735 -0.001257 
736 -0.001740 
737 -0.002757 
738 -0.003807 
739 -0.002682 
740 -0.000730 
741 -0.000620 
742 -0.001035 
743 -0.000054 
744 0.001441 
745 0.001473 
746 -0.000092 
747 -0.001366 
748 -0.001283 
749 -0.001435 
750 -0.002394 
751 -0.001805 
752 -0.000242 
753 -0.000794 
754 -0.002194 
755 -0.001942 
756 -0.001350 
757 -0.001805 
758 -0.001704 
759 -0.000406 
760 0.000197 
761 -0.000002 
762 0.000690 
763 0.001298 
764 0.000220 
765 -0.001165 
766 -0.001254 
767 -0.000843 
768 -0.001665 
769 -0.002610 
770 -0.001237 
771 0.001066 
772 0.000906 
773 -0.001002 
774 -0.000818 
775 0.001431 
776 0.001436 
777 -0.001458 
778 -0.002275 
779 0.000611 
780 0.002443 
781 0.000795 
782 -0.000632 
783 0.000548 
784 0.001531 
785 0.000427 
786 -0.000763 
787 -0.000585 
788 -0.000181 
789 -0.000440 
790 -0.000691 
791 -0.000373 
792 -0.000569 
793 -0.001641 
794 -0.002219 
795 -0.001643 
796 -0.001137 
797 -0.001099 
798 -0.000821 
799 0.000187 
800 0.001289 
801 0.001618 
802 0.001213 
803 0.000399 
804 -0.000513 
805 -0.001290 
806 -0.002122 
807 -0.002964 
808 -0.003015 
809 -0.001570 
810 0.000158 
811 0.000346 
812 -0.000054 
813 0.000426 
814 0.000829 
815 0.000189 
816 -0.000338 
817 -0.000106 
818 0.000105 
819 0.000029 
820 0.000198 
821 0.000441 
822 0.000233 
823 -0.000269 
824 -0.000561 
825 -0.000514 
826 -0.000513 
827 -0.000501 
828 -0.000196 
829 0.000516 
830 0.000791 
831 0.000190 
832 -0.000015 
833 0.000889 
834 0.001133 
835 -0.000117 
836 -0.001215 
837 -0.001318 
838 -0.001332 
839 -0.001411 
840 -0.001092 
841 -0.000896 
842 -0.001190 
843 -0.001063 
844 -0.000371 
845 0.000061 
846 -0.000035 
847 -0.000468 
848 -0.000986 
849 -0.001115 
850 -0.000629 
851 -0.000115 
852 -0.000078 
853 -0.000237 
854 -0.000150 
855 0.000135 
856 0.000367 
857 0.000205 
858 -0.000363 
859 -0.000846 
860 -0.000769 
861 -0.000710 
862 -0.001165 
863 -0.001373 
864 -0.000572 
865 0.000487 
866 0.000704 
867 0.000349 
868 0.000419 
869 0.000806 
870 0.000598 
871 -0.000254 
872 -0.000937 
873 -0.000969 
874 -0.000841 
875 -0.000731 
876 -0.000335 
877 0.000200 
878 0.000411 
879 0.000306 
880 -0.000016 
881 -0.000689 
882 -0.001245 
883 -0.000955 
884 -0.000423 
885 -0.000636 
886 -0.000800 
887 0.000096 
888 0.001010 
889 0.000691 
890 -0.000094 
891 -0.000371 
892 -0.000424 
893 -0.000780 
894 -0.001132 
895 -0.000923 
896 -0.000376 
897 0.000099 
898 0.000510 
899 0.000988 
900 0.001105 
901 0.000647 
902 0.000186 
903 0.000128 
904 -0.000110 
905 -0.000629 
906 -0.000616 
907 0.000001 
908 0.000407 
909 0.000273 
910 0.000237 
911 0.000526 
912 0.000518 
913 0.000058 
914 -0.000396 
915 -0.000632 
916 -0.000632 
917 -0.000228 
918 0.000349 
919 0.000329 
920 -0.000143 
921 0.000068 
922 0.000732 
923 0.000495 
924 -0.000501 
925 -0.000888 
926 -0.000421 
927 -0.000107 
928 -0.000267 
929 -0.000322 
930 -0.000095 
931 0.000135 
932 0.000060 
933 -0.000175 
934 -0.000065 
935 0.000214 
936 0.000088 
937 -0.000107 
938 0.000112 
939 0.000334 
940 0.000162 
941 0.000051 
942 0.000263 
943 0.000305 
944 0.000109 
945 0.000006 
946 -0.000088 
947 -0.000322 
948 -0.000348 
949 -0.000023 
950 0.000256 
951 0.000279 
952 0.000348 
953 0.000516 
954 0.000504 
955 0.000215 
956 -0.000078 
957 -0.000173 
958 -0.000176 
959 -0.000159 
960 -0.000082 
961 0.000083 
962 0.000315 
963 0.000335 
964 0.000015 
965 -0.000189 
966 -0.000056 
967 0.000035 
968 -0.000170 
969 -0.000412 
970 -0.000296 
971 0.000052 
972 0.000112 
973 -0.000114 
974 -0.000210 
975 -0.000023 
976 0.000083 
977 -0.000144 
978 -0.000233 
979 0.000109 
980 0.000423 
981 0.000322 
982 0.000092 
983 0.000111 
984 0.000199 
985 0.000057 
986 -0.000170 
987 -0.000259 
988 -0.000223 
989 -0.000162 
990 -0.000111 
991 -0.000038 
992 0.000082 
993 0.000229 
994 0.000288 
995 0.000199 
996 0.000122 
997 0.000142 
998 0.000034 
999 -0.000250 
1000 -0.000395 
1001 -0.000316 
1002 -0.000242 
1003 -0.000220 
1004 -0.000099 
1005 0.000104 
1006 0.000292 
1007 0.000370 
1008 0.000207 
1009 -0.000050 
1010 -0.000081 
1011 -0.000030 
1012 -0.000237 
1013 -0.000496 
1014 -0.000399 
1015 -0.000046 
1016 0.000144 
1017 -0.000001 
1018 -0.000227 
1019 -0.000125 
1020 0.000142 
1021 0.000025 
1022 -0.000335 
1023 -0.000333 
