0 -0.052735 
1 0.059336 
2 0.248978 
3 0.322254 
4 0.307565 
5 0.143311 
6 0.031368 
7 -0.293734 
8 -0.149709 
9 -0.324265 
10 -0.044785 
11 -0.091713 
12 0.022937 
13 0.114285 
14 0.072850 
15 0.178493 
16 0.138822 
17 0.083431 
18 0.249800 
19 -0.089213 
20 0.169344 
21 -0.229905 
22 -0.015922 
23 -0.269839 
24 -0.061344 
25 -0.163044 
26 0.063165 
27 0.028176 
28 0.349342 
29 0.248957 
30 0.432042 
31 0.064539 
32 0.060778 
33 -0.224824 
34 -0.268553 
35 -0.222311 
36 -0.271699 
37 0.076876 
38 0.033784 
39 0.251581 
40 0.202467 
41 0.157195 
42 0.275091 
43 0.036224 
44 0.131752 
45 -0.019988 
46 -0.177123 
47 -0.003560 
48 -0.201777 
49 0.029875 
50 0.049011 
51 0.032796 
52 0.232294 
53 0.064530 
54 0.132203 
55 0.142552 
56 -0.100559 
57 0.227922 
58 -0.283691 
59 0.157710 
60 -0.319811 
61 0.106955 
62 -0.100122 
63 0.195812 
64 0.181540 
65 0.231327 
66 0.271765 
67 0.121641 
68 0.085414 
69 -0.103935 
70 -0.201265 
71 -0.098348 
72 -0.295191 
73 0.016017 
74 -0.169747 
75 0.188542 
76 0.026548 
77 0.386624 
78 0.050759 
79 0.349023 
80 -0.146990 
81 0.084734 
82 -0.148846 
83 -0.162781 
84 0.040667 
85 -0.133697 
86 0.181069 
87 -0.014920 
88 0.028940 
89 0.084627 
90 0.019208 
91 0.208231 
92 0.049885 
93 0.073605 
94 -0.012151 
95 -0.151023 
96 -0.097090 
97 -0.165141 
98 -0.086536 
99 0.033957 
100 0.023924 
101 0.179190 
102 0.074317 
103 0.123539 
104 0.110189 
105 0.068460 
106 0.167261 
107 -0.192837 
108 0.044422 
109 -0.410041 
110 -0.010006 
111 -0.228019 
112 -0.019195 
113 0.104889 
114 0.017170 
115 0.197583 
116 -0.012680 
117 0.042255 
118 -0.041369 
119 -0.056554 
120 0.022405 
121 -0.034360 
122 0.044055 
123 -0.000953 
124 0.072399 
125 0.030279 
126 0.056150 
127 -0.081390 
128 -0.022998 
129 -0.116023 
130 -0.103054 
131 -0.089060 
132 -0.108939 
133 -0.060434 
134 -0.093921 
135 -0.091467 
136 -0.160634 
137 0.005475 
138 -0.063688 
139 0.318938 
140 0.081763 
141 0.341433 
142 -0.069918 
143 0.017161 
144 -0.318029 
145 -0.279838 
146 -0.294839 
147 -0.160658 
148 0.058874 
149 0.078391 
150 0.140979 
151 0.047868 
152 -0.037205 
153 -0.010076 
154 -0.233892 
155 0.047727 
156 -0.307825 
157 0.182352 
158 -0.106203 
159 0.248585 
160 0.020030 
161 0.037191 
162 -0.022859 
163 -0.180359 
164 -0.084700 
165 -0.199140 
166 0.018063 
167 -0.074355 
168 0.087685 
169 -0.130136 
170 -0.077785 
171 -0.251551 
172 -0.142081 
173 -0.119049 
174 0.023667 
175 0.005693 
176 0.123117 
177 -0.007431 
178 0.145574 
179 -0.101632 
180 0.058387 
181 -0.045934 
182 -0.033631 
183 -0.036367 
184 -0.085165 
185 -0.085744 
186 0.001661 
187 -0.164886 
188 0.051043 
189 -0.173546 
190 0.037766 
191 -0.150380 
192 0.050987 
193 -0.072772 
194 0.170719 
195 -0.002719 
196 0.102725 
197 -0.073365 
198 -0.062198 
199 -0.215935 
200 -0.083069 
201 -0.121425 
202 0.069281 
203 0.039159 
204 0.085946 
205 0.165791 
206 -0.092494 
207 0.161685 
208 -0.229866 
209 -0.004452 
210 -0.140117 
211 -0.192167 
212 0.024098 
213 -0.123815 
214 0.134800 
215 0.159831 
216 0.037959 
217 0.168475 
218 -0.195736 
219 0.037969 
220 -0.238731 
221 0.120404 
222 -0.121154 
223 0.284002 
224 -0.049261 
225 0.191106 
226 -0.135767 
227 0.001950 
228 -0.126240 
229 -0.035983 
230 0.013675 
231 0.031712 
232 -0.027074 
233 -0.007086 
234 -0.039469 
235 -0.037640 
236 -0.021751 
237 -0.049685 
238 0.019088 
239 0.132309 
240 0.109138 
241 0.216226 
242 0.154219 
243 0.108658 
244 0.042642 
245 -0.101522 
246 -0.190750 
247 -0.035872 
248 -0.262503 
249 0.149932 
250 -0.090931 
251 0.095770 
252 0.077308 
253 -0.141260 
254 0.215702 
255 -0.206194 
256 0.259296 
257 -0.033508 
258 0.238235 
259 0.103566 
260 0.103999 
261 0.012239 
262 0.016462 
263 -0.084042 
264 0.018158 
265 -0.155977 
266 0.080553 
267 -0.140732 
268 0.198286 
269 -0.071584 
270 0.164064 
271 -0.061344 
272 -0.023454 
273 -0.027132 
274 -0.084812 
275 -0.050453 
276 0.113814 
277 -0.006834 
278 0.361150 
279 0.076808 
280 0.230572 
281 0.104275 
282 -0.000115 
283 0.155466 
284 -0.182124 
285 0.122030 
286 -0.228869 
287 0.047845 
288 -0.187038 
289 0.034072 
290 -0.089537 
291 0.095890 
292 0.019335 
293 0.127939 
294 0.117671 
295 0.073822 
296 0.138574 
297 0.001895 
298 0.031642 
299 -0.025427 
300 -0.113019 
301 0.062451 
302 -0.096513 
303 0.255739 
304 -0.135981 
305 0.314216 
306 -0.227454 
307 0.144714 
308 -0.290504 
309 -0.031512 
310 -0.150442 
311 0.048778 
312 0.094150 
313 0.156662 
314 0.199709 
315 0.187632 
316 0.091999 
317 0.083794 
318 -0.023531 
319 -0.067370 
320 -0.085716 
321 -0.157464 
322 -0.041811 
323 0.006674 
324 -0.001202 
325 0.155106 
326 0.003495 
327 0.076601 
328 -0.016655 
329 -0.080759 
330 0.046369 
331 -0.122905 
332 0.088767 
333 -0.141701 
334 0.080796 
335 -0.170870 
336 0.018115 
337 -0.196731 
338 0.163886 
339 -0.096302 
340 0.357218 
341 0.022830 
342 0.338140 
343 0.027551 
344 0.111235 
345 -0.125607 
346 -0.151611 
347 -0.248426 
348 -0.225653 
349 -0.143032 
350 -0.038026 
351 0.082990 
352 0.177337 
353 0.102244 
354 0.204946 
355 -0.043305 
356 0.040950 
357 -0.090783 
358 -0.005894 
359 -0.046130 
360 0.032079 
361 -0.123214 
362 0.002760 
363 -0.169093 
364 -0.072530 
365 -0.062682 
366 -0.149525 
367 0.217147 
368 -0.148428 
369 0.372564 
370 -0.174194 
371 0.190658 
372 -0.225036 
373 -0.015028 
374 -0.211430 
375 -0.054849 
376 -0.126785 
377 0.075180 
378 0.108404 
379 0.127090 
380 0.171828 
381 0.013259 
382 -0.009888 
383 0.014325 
384 -0.139694 
385 0.029068 
386 -0.166246 
387 0.046500 
388 -0.203636 
389 0.025825 
390 -0.245834 
391 -0.024429 
392 -0.188172 
393 0.011827 
394 0.005255 
395 0.036650 
396 0.166236 
397 -0.038519 
398 0.120602 
399 -0.082022 
400 -0.015787 
401 -0.071911 
402 -0.024069 
403 -0.016593 
404 0.099060 
405 -0.084819 
406 0.109811 
407 -0.052839 
408 -0.042910 
409 -0.070699 
410 -0.119942 
411 -0.079356 
412 0.013315 
413 -0.040018 
414 0.117906 
415 -0.051728 
416 0.123849 
417 -0.131098 
418 0.067200 
419 -0.146510 
420 0.050805 
421 -0.117460 
422 0.090266 
423 -0.087131 
424 0.071079 
425 -0.101221 
426 0.030348 
427 -0.108602 
428 -0.032919 
429 -0.098063 
430 -0.036651 
431 0.041458 
432 -0.069596 
433 0.161643 
434 -0.167232 
435 0.069476 
436 -0.141112 
437 -0.103467 
438 0.015085 
439 -0.067678 
440 0.176371 
441 0.117556 
442 0.195745 
443 0.134401 
444 0.017899 
445 0.017170 
446 -0.152307 
447 -0.115472 
448 -0.281983 
449 -0.089397 
450 -0.236840 
451 0.102055 
452 -0.136485 
453 0.229379 
454 -0.068087 
455 0.185361 
456 0.006818 
457 0.069749 
458 0.057780 
459 0.032562 
460 0.003788 
461 -0.013275 
462 -0.111045 
463 -0.078838 
464 -0.191655 
465 0.007657 
466 -0.147498 
467 0.119316 
468 -0.013838 
469 0.135874 
470 0.077569 
471 0.066978 
472 0.018779 
473 -0.015080 
474 -0.111164 
475 -0.030905 
476 -0.115747 
477 0.035258 
478 -0.034822 
479 0.106912 
480 0.101533 
481 0.060357 
482 0.164913 
483 -0.041137 
484 0.105641 
485 -0.152597 
486 -0.000642 
487 -0.180117 
488 0.041729 
489 -0.157512 
490 0.043665 
491 -0.052076 
492 -0.014302 
493 0.054446 
494 0.018319 
495 0.114633 
496 0.033133 
497 0.069211 
498 0.057751 
499 -0.069970 
500 0.031798 
501 -0.210408 
502 0.097812 
503 -0.112763 
504 0.209010 
505 -0.010006 
506 0.288049 
507 0.048166 
508 0.213785 
509 -0.097360 
510 -0.091806 
511 -0.216494 
512 -0.185829 
513 -0.089510 
514 0.042480 
515 0.156047 
516 0.081412 
517 0.264897 
518 -0.067051 
519 0.182912 
520 -0.131559 
521 0.034792 
522 -0.002003 
523 -0.081230 
524 0.105334 
525 -0.183145 
526 0.094043 
527 -0.139695 
528 0.013765 
529 0.015944 
530 -0.035919 
531 0.157602 
532 -0.043582 
533 0.216808 
534 -0.078126 
535 0.170329 
536 -0.163366 
537 0.061220 
538 -0.166402 
539 0.009394 
540 0.017160 
541 0.138939 
542 0.167196 
543 0.258966 
544 0.130459 
545 0.132997 
546 -0.021749 
547 -0.057505 
548 -0.187162 
549 -0.101911 
550 -0.251547 
551 -0.024334 
552 -0.147182 
553 0.048068 
554 0.035897 
555 0.083962 
556 0.186584 
557 0.095357 
558 0.105056 
559 0.054234 
560 -0.011546 
561 0.029198 
562 -0.042565 
563 -0.031478 
564 0.019624 
565 -0.200204 
566 0.069485 
567 -0.178649 
568 0.139239 
569 0.028481 
570 0.263958 
571 0.080655 
572 0.222236 
573 -0.151576 
574 0.037530 
575 -0.191287 
576 -0.004052 
577 -0.067566 
578 0.043369 
579 0.145465 
580 0.040426 
581 0.198214 
582 -0.070768 
583 0.137709 
584 -0.111388 
585 -0.065802 
586 -0.030935 
587 -0.216475 
588 0.109476 
589 -0.216902 
590 0.254543 
591 -0.156054 
592 0.151726 
593 -0.078205 
594 0.022022 
595 0.097807 
596 0.024414 
597 0.135920 
598 -0.032260 
599 0.075233 
600 -0.207434 
601 0.032666 
602 -0.160951 
603 0.059904 
604 0.072602 
605 0.096390 
606 0.211842 
607 0.011563 
608 0.083158 
609 -0.109244 
610 -0.089528 
611 -0.105945 
612 -0.192454 
613 0.060092 
614 -0.202983 
615 0.245432 
616 -0.166517 
617 0.264920 
618 -0.111144 
619 0.176992 
620 -0.120928 
621 0.023512 
622 -0.034335 
623 0.003377 
624 0.029446 
625 0.035746 
626 -0.023342 
627 0.009214 
628 -0.035216 
629 -0.058661 
630 0.021104 
631 -0.060034 
632 0.120831 
633 -0.031175 
634 0.086904 
635 -0.036544 
636 -0.036110 
637 -0.017004 
638 -0.137994 
639 0.054864 
640 -0.102093 
641 0.082417 
642 0.034826 
643 0.063386 
644 0.110677 
645 0.005197 
646 0.022342 
647 -0.067757 
648 -0.065101 
649 -0.186672 
650 -0.048828 
651 -0.106118 
652 0.065295 
653 -0.081875 
654 0.079734 
655 -0.123847 
656 0.055542 
657 -0.106303 
658 0.055613 
659 -0.014998 
660 0.092479 
661 0.022505 
662 0.055984 
663 0.004003 
664 -0.026699 
665 0.008466 
666 -0.039353 
667 -0.020428 
668 0.046154 
669 -0.118117 
670 0.163888 
671 -0.147865 
672 0.210535 
673 -0.227836 
674 0.173152 
675 -0.278136 
676 -0.029032 
677 -0.068067 
678 -0.142900 
679 0.204362 
680 -0.122801 
681 0.225826 
682 -0.104054 
683 0.051944 
684 -0.128351 
685 -0.035252 
686 -0.113085 
687 -0.020401 
688 -0.076432 
689 0.029862 
690 -0.055084 
691 0.043628 
692 -0.009071 
693 0.050477 
694 0.009868 
695 0.047021 
696 -0.032295 
697 0.106730 
698 -0.096732 
699 0.084396 
700 -0.098491 
701 0.044449 
702 -0.221549 
703 0.090230 
704 -0.239081 
705 0.178584 
706 -0.062733 
707 0.215645 
708 0.115991 
709 0.113808 
710 0.019800 
711 -0.150172 
712 -0.131058 
713 -0.276845 
714 -0.118162 
715 -0.165490 
716 0.001849 
717 0.059957 
718 0.039723 
719 0.202002 
720 0.036868 
721 0.117818 
722 -0.027683 
723 -0.014207 
724 -0.000990 
725 -0.091104 
726 0.018052 
727 -0.072671 
728 -0.061788 
729 -0.105416 
730 -0.130461 
731 -0.167654 
732 0.010898 
733 -0.061391 
734 0.265964 
735 0.126568 
736 0.329490 
737 -0.049746 
738 0.137011 
739 -0.287122 
740 0.040428 
741 -0.286093 
742 0.029965 
743 -0.043000 
744 0.002951 
745 0.089811 
746 -0.018459 
747 0.068620 
748 0.020746 
749 -0.004858 
750 0.070606 
751 -0.115244 
752 0.067334 
753 -0.178957 
754 0.031857 
755 -0.141503 
756 -0.003995 
757 -0.149703 
758 0.006344 
759 0.004826 
760 0.022886 
761 0.221743 
762 -0.025861 
763 0.229570 
764 -0.144233 
765 0.068292 
766 -0.237129 
767 0.004050 
768 -0.118344 
769 0.086983 
770 0.042561 
771 0.071343 
772 0.110621 
773 0.080067 
774 -0.037654 
775 0.066259 
776 -0.202933 
777 -0.028555 
778 -0.146526 
779 -0.051011 
780 0.027806 
781 0.071254 
782 0.145402 
783 0.124157 
784 -0.024631 
785 0.078707 
786 -0.265938 
787 0.118831 
788 -0.258486 
789 0.144454 
790 -0.093497 
791 0.152281 
792 0.000115 
793 0.094923 
794 0.003796 
795 0.094381 
796 0.068789 
797 0.071120 
798 0.096639 
799 -0.061680 
800 0.003508 
801 -0.247199 
802 0.009375 
803 -0.264644 
804 0.127078 
805 -0.064883 
806 0.163557 
807 0.186277 
808 0.110093 
809 0.171286 
810 -0.003040 
811 -0.014083 
812 -0.043685 
813 -0.226788 
814 0.022718 
815 -0.289959 
816 0.219692 
817 -0.186002 
818 0.325283 
819 -0.113574 
820 0.295287 
821 -0.018042 
822 0.198231 
823 0.060788 
824 0.110689 
825 0.082505 
826 -0.046859 
827 -0.005651 
828 -0.195771 
829 -0.046519 
830 -0.205265 
831 0.048353 
832 -0.071974 
833 0.130272 
834 0.102484 
835 0.126333 
836 0.245476 
837 0.058836 
838 0.161216 
839 -0.087668 
840 -0.051540 
841 -0.212357 
842 -0.145289 
843 -0.057111 
844 0.010895 
845 0.184846 
846 0.071752 
847 0.266763 
848 -0.035833 
849 0.180983 
850 -0.215042 
851 0.092123 
852 -0.218441 
853 0.146336 
854 -0.037279 
855 0.159601 
856 0.090169 
857 0.071739 
858 0.081661 
859 0.015657 
860 0.073114 
861 0.002274 
862 0.025337 
863 0.073621 
864 -0.100839 
865 -0.008490 
866 -0.168274 
867 -0.001139 
868 0.061433 
869 0.180283 
870 0.181562 
871 0.189838 
872 0.102158 
873 0.014772 
874 -0.009004 
875 -0.141643 
876 -0.088403 
877 -0.170350 
878 -0.103823 
879 -0.038996 
880 0.131537 
881 0.120310 
882 0.326509 
883 0.010847 
884 0.200916 
885 -0.252928 
886 0.036407 
887 -0.350577 
888 -0.007779 
889 -0.097899 
890 0.051430 
891 0.180443 
892 0.120052 
893 0.314158 
894 0.156429 
895 0.208370 
896 0.055976 
897 -0.128762 
898 -0.057453 
899 -0.351504 
900 -0.011612 
901 -0.215321 
902 0.105787 
903 -0.102122 
904 0.035938 
905 -0.122494 
906 0.087674 
907 0.056620 
908 0.227084 
909 0.195527 
910 0.052206 
911 0.163334 
912 -0.171066 
913 0.049897 
914 -0.232315 
915 -0.037782 
916 -0.115916 
917 -0.089221 
918 0.074990 
919 -0.020176 
920 0.189435 
921 -0.010317 
922 0.115175 
923 -0.017169 
924 0.054369 
925 -0.026728 
926 -0.053164 
927 -0.081405 
928 -0.090144 
929 -0.067630 
930 -0.120341 
931 0.053269 
932 -0.073100 
933 0.262098 
934 -0.083204 
935 0.282115 
936 -0.141148 
937 0.125579 
938 -0.141618 
939 -0.148151 
940 -0.098346 
941 -0.237767 
942 0.012617 
943 -0.047288 
944 0.134724 
945 0.149932 
946 0.036383 
947 0.065564 
948 -0.174015 
949 -0.121187 
950 -0.240666 
951 -0.153289 
952 -0.027018 
953 0.048761 
954 0.194868 
955 0.079404 
956 0.233082 
957 -0.015051 
958 0.103181 
959 -0.295791 
960 -0.083113 
961 -0.409627 
962 -0.024262 
963 -0.357856 
964 0.160483 
965 -0.195945 
966 0.216105 
967 0.013188 
968 0.142667 
969 0.104022 
970 0.117233 
971 0.081848 
972 0.092970 
973 -0.120808 
974 -0.103664 
975 -0.359395 
976 -0.196504 
977 -0.214695 
978 -0.100289 
979 0.075964 
980 0.013436 
981 0.288717 
982 0.054214 
983 0.123667 
984 -0.021521 
985 -0.134225 
986 -0.068801 
987 -0.322523 
988 0.001984 
989 -0.246576 
990 0.165898 
991 -0.001838 
992 0.174042 
993 0.133066 
994 -0.057451 
995 0.021479 
996 -0.209197 
997 -0.037740 
998 -0.162786 
999 0.008716 
1000 -0.017642 
1001 0.032494 
1002 0.008385 
1003 -0.111240 
1004 -0.013390 
1005 -0.106522 
1006 0.137886 
1007 -0.016774 
1008 0.134664 
1009 0.035965 
1010 0.037883 
1011 0.034599 
1012 -0.200044 
1013 0.035813 
1014 -0.221850 
1015 0.092071 
1016 -0.088102 
1017 0.127781 
1018 0.018454 
1019 0.070478 
1020 -0.048771 
1021 -0.112116 
1022 -0.173271 
1023 -0.224286 
