0 0.124436 
1 0.535434 
2 -0.555577 
3 -0.369379 
4 0.153004 
5 0.309794 
6 -0.266345 
7 -0.535980 
8 0.313742 
9 0.088278 
10 -0.581239 
11 -0.183819 
12 -0.273776 
13 0.818045 
14 -0.635757 
15 -0.160302 
16 -0.092952 
17 0.143694 
18 0.219701 
19 -0.992836 
20 -0.072726 
21 0.747646 
22 -0.429006 
23 -0.878569 
24 0.443779 
25 0.666896 
26 -0.787937 
27 0.010914 
28 -0.653481 
29 0.479527 
30 0.012593 
31 -0.552383 
32 0.312029 
33 -0.157921 
34 0.357966 
35 -1.037511 
36 0.172849 
37 0.131690 
38 0.093590 
39 -0.457994 
40 -0.682863 
41 1.302443 
42 -0.689293 
43 -0.428995 
44 -0.055977 
45 0.541847 
46 -0.422610 
47 -0.730066 
48 0.175913 
49 0.538677 
50 -0.309562 
51 -0.234926 
52 -0.466099 
53 -0.022084 
54 0.821153 
55 -0.971926 
56 -0.381260 
57 0.342571 
58 0.503057 
59 -0.929550 
60 -0.149304 
61 0.697628 
62 -0.374306 
63 -0.242648 
64 -0.549961 
65 0.481323 
66 -0.214097 
67 -0.073422 
68 -0.427575 
69 -0.051347 
70 0.592464 
71 -0.926492 
72 0.344423 
73 -0.227608 
74 0.289563 
75 -0.448040 
76 -0.479200 
77 0.104191 
78 0.555749 
79 -0.247671 
80 -1.008818 
81 0.534345 
82 0.508112 
83 -0.857980 
84 -0.114438 
85 -0.125531 
86 0.485408 
87 -0.391805 
88 -0.412247 
89 0.249965 
90 0.021285 
91 0.011115 
92 -1.028598 
93 0.578234 
94 -0.048170 
95 0.168514 
96 -0.754825 
97 -0.104699 
98 1.030336 
99 -0.764461 
100 -1.039366 
101 1.320073 
102 -0.896052 
103 0.448842 
104 -1.127498 
105 0.863695 
106 -0.066497 
107 -0.410350 
108 0.095938 
109 -0.771042 
110 0.870833 
111 -0.438069 
112 -0.310432 
113 -0.165322 
114 0.114886 
115 0.444717 
116 -0.889926 
117 -0.114761 
118 0.578676 
119 -0.319046 
120 -0.326464 
121 -0.529115 
122 0.748692 
123 -0.215892 
124 -0.602941 
125 0.234185 
126 -0.003514 
127 0.051795 
128 -0.397968 
129 -0.099581 
130 0.064753 
131 -0.285984 
132 0.174452 
133 -0.890167 
134 0.727234 
135 0.261383 
136 -1.063215 
137 0.094783 
138 -0.009647 
139 0.817740 
140 -1.166408 
141 -0.178542 
142 0.962208 
143 -0.935094 
144 0.076265 
145 -0.178913 
146 -0.037446 
147 0.134370 
148 -0.096967 
149 -0.833855 
150 0.619148 
151 0.216041 
152 -0.674295 
153 -0.133703 
154 0.056257 
155 0.247851 
156 -0.288693 
157 -1.136707 
158 1.283548 
159 0.044230 
160 -1.257221 
161 0.359168 
162 0.222378 
163 -0.020186 
164 -0.307129 
165 -0.457865 
166 -0.128894 
167 0.384823 
168 0.293881 
169 -1.278622 
170 0.746024 
171 0.162799 
172 -1.116803 
173 -0.287864 
174 0.382752 
175 1.071218 
176 -1.200705 
177 -0.042093 
178 -0.165290 
179 0.651294 
180 -0.555306 
181 -0.249802 
182 0.192282 
183 -0.186431 
184 -0.101340 
185 -0.338939 
186 -0.052390 
187 0.622841 
188 -0.670853 
189 -0.230072 
190 -0.319105 
191 0.409696 
192 0.510814 
193 -1.184514 
194 -0.058444 
195 0.896841 
196 -0.791773 
197 -0.386888 
198 0.090803 
199 0.544942 
200 -0.859171 
201 0.370053 
202 -0.515409 
203 -0.020036 
204 0.661398 
205 -0.992329 
206 -0.083620 
207 0.401124 
208 -0.264754 
209 0.010879 
210 -0.852411 
211 0.785562 
212 0.049143 
213 -0.957449 
214 0.028634 
215 0.674208 
216 -0.268951 
217 -0.759561 
218 0.262782 
219 -0.013607 
220 0.081034 
221 -0.354860 
222 -0.373001 
223 0.178343 
224 0.377633 
225 -0.636549 
226 -0.056828 
227 -0.055932 
228 0.412581 
229 -0.654823 
230 -0.438207 
231 0.306967 
232 0.228658 
233 -0.492275 
234 -0.408718 
235 0.792141 
236 -0.278348 
237 -0.602194 
238 0.169416 
239 -0.169505 
240 -0.152943 
241 0.129680 
242 -0.527900 
243 0.225792 
244 0.142864 
245 -0.307364 
246 -0.364219 
247 -0.134105 
248 0.838909 
249 -1.052330 
250 0.039371 
251 0.136763 
252 -0.062744 
253 -0.042544 
254 -0.796409 
255 0.812202 
256 -0.245351 
257 -0.486771 
258 -0.102544 
259 0.063798 
260 0.088189 
261 -0.001593 
262 -0.527623 
263 -0.078243 
264 0.225689 
265 0.109963 
266 -0.857818 
267 0.106142 
268 0.674222 
269 -0.473786 
270 -0.852800 
271 0.256288 
272 0.668320 
273 -0.431838 
274 -0.818592 
275 0.649982 
276 -0.282537 
277 0.211275 
278 -0.734847 
279 0.165385 
280 0.301628 
281 -0.289567 
282 -0.373559 
283 -0.425533 
284 0.768618 
285 -0.285982 
286 -0.742950 
287 0.088133 
288 0.438417 
289 0.365712 
290 -1.417983 
291 0.612872 
292 0.205860 
293 -0.670101 
294 0.017187 
295 -0.002258 
296 -0.287606 
297 0.403063 
298 -0.491996 
299 -0.297429 
300 0.520913 
301 -0.066870 
302 -0.676924 
303 0.024861 
304 0.055219 
305 0.080181 
306 -0.237760 
307 -0.631715 
308 0.922366 
309 -0.332861 
310 -0.716971 
311 0.181124 
312 0.021652 
313 0.041670 
314 -0.456432 
315 0.017286 
316 -0.026860 
317 0.064951 
318 0.148751 
319 -0.876133 
320 0.262631 
321 0.235664 
322 -0.149762 
323 -0.612740 
324 0.048114 
325 0.599633 
326 -0.791593 
327 -0.251415 
328 0.413089 
329 0.100533 
330 -0.402454 
331 -0.609824 
332 0.589037 
333 -0.326756 
334 -0.022904 
335 -0.064865 
336 -0.383465 
337 0.490293 
338 -0.356648 
339 -0.566965 
340 0.120696 
341 0.521265 
342 -0.248021 
343 -1.070632 
344 0.507618 
345 0.193206 
346 0.146984 
347 -0.708175 
348 -0.234163 
349 0.896104 
350 -1.295611 
351 0.387746 
352 0.023982 
353 0.047362 
354 -0.171946 
355 -0.196030 
356 -0.231262 
357 0.036418 
358 0.316066 
359 -0.831895 
360 0.040618 
361 0.352515 
362 -0.131678 
363 -0.567261 
364 0.101660 
365 0.492238 
366 -0.492347 
367 -0.659752 
368 0.239285 
369 0.446611 
370 -0.626328 
371 0.112789 
372 -0.331508 
373 0.087778 
374 0.069190 
375 -0.118556 
376 -0.708164 
377 0.609405 
378 0.108264 
379 -1.017214 
380 0.187055 
381 0.431325 
382 -0.157095 
383 -0.469633 
384 -0.465261 
385 0.887895 
386 -0.325915 
387 -0.777299 
388 0.356495 
389 0.058258 
390 -0.002131 
391 -0.541794 
392 -0.235782 
393 0.486015 
394 -0.279442 
395 -0.056442 
396 -0.582358 
397 0.035747 
398 0.807085 
399 -0.808591 
400 -0.638299 
401 0.624214 
402 0.424033 
403 -0.886062 
404 -0.491079 
405 1.102160 
406 -0.728200 
407 -0.155755 
408 -0.101407 
409 -0.232571 
410 0.425658 
411 -0.360045 
412 -0.457783 
413 0.150477 
414 0.552244 
415 -0.830434 
416 -0.441610 
417 0.494768 
418 0.301332 
419 -0.575359 
420 -0.559009 
421 0.486792 
422 0.256054 
423 -0.701708 
424 -0.423079 
425 0.353314 
426 0.276235 
427 -0.290763 
428 -0.690939 
429 0.637607 
430 -0.322304 
431 0.056314 
432 -0.417678 
433 -0.427757 
434 0.796929 
435 -0.309457 
436 -0.499329 
437 -0.121828 
438 0.612953 
439 -0.369965 
440 -0.755337 
441 0.249644 
442 0.332754 
443 -0.279904 
444 -0.373142 
445 -0.036459 
446 0.330712 
447 -0.398290 
448 -0.321931 
449 -0.047198 
450 0.360351 
451 -0.184003 
452 -0.422270 
453 -0.277089 
454 0.383894 
455 0.466744 
456 -1.388059 
457 0.242980 
458 0.500200 
459 -0.307957 
460 -0.398499 
461 -0.069080 
462 0.182128 
463 0.250471 
464 -1.101135 
465 0.632706 
466 -0.191692 
467 -0.107152 
468 -0.194333 
469 -0.361833 
470 0.456510 
471 -0.236243 
472 -0.039954 
473 -0.467285 
474 0.352811 
475 0.115105 
476 -0.932855 
477 0.073396 
478 0.317962 
479 0.428746 
480 -1.309030 
481 0.033075 
482 0.813931 
483 -0.394037 
484 -0.430518 
485 -0.081673 
486 0.042130 
487 0.362479 
488 -0.637362 
489 -0.013696 
490 -0.133709 
491 0.502618 
492 -0.668211 
493 -0.613309 
494 0.596398 
495 0.164988 
496 -0.525084 
497 -0.556231 
498 0.713519 
499 0.045541 
500 -0.900244 
501 0.256493 
502 0.107177 
503 -0.116378 
504 -0.094015 
505 -0.816734 
506 0.658269 
507 -0.066610 
508 0.055020 
509 -0.812879 
510 0.223991 
511 0.545969 
512 -0.695777 
513 -0.309770 
514 -0.040281 
515 0.699104 
516 -0.599309 
517 -0.531438 
518 0.320254 
519 0.145106 
520 -0.218970 
521 -0.681205 
522 0.289678 
523 0.315500 
524 -0.411702 
525 -0.264658 
526 0.068811 
527 0.241869 
528 -0.282130 
529 -0.508791 
530 0.046076 
531 0.296651 
532 0.107426 
533 -1.149777 
534 0.272058 
535 0.990396 
536 -0.990636 
537 -0.436270 
538 0.186008 
539 0.324897 
540 -0.101067 
541 -0.594672 
542 -0.023508 
543 0.307087 
544 -0.237517 
545 -0.274198 
546 -0.398791 
547 0.488997 
548 0.174013 
549 -0.785935 
550 -0.235039 
551 0.464908 
552 0.235689 
553 -1.093630 
554 0.084766 
555 0.810863 
556 -0.467485 
557 -0.554931 
558 -0.055229 
559 0.553512 
560 -0.362894 
561 -0.621955 
562 0.219535 
563 0.084990 
564 0.136083 
565 -0.235237 
566 -0.901662 
567 0.803042 
568 -0.198549 
569 -0.070574 
570 -0.846027 
571 0.719082 
572 0.169218 
573 -0.913006 
574 0.037215 
575 0.222157 
576 0.125581 
577 -0.643813 
578 -0.115659 
579 0.392569 
580 -0.405993 
581 0.258511 
582 -0.583696 
583 0.201377 
584 0.326088 
585 -0.853439 
586 0.001945 
587 -0.012886 
588 0.350764 
589 -0.440928 
590 -0.640014 
591 0.618199 
592 0.227493 
593 -0.586415 
594 -0.498561 
595 0.470306 
596 0.130169 
597 -0.624655 
598 -0.170917 
599 0.189130 
600 0.193972 
601 -0.224489 
602 -0.538727 
603 -0.024259 
604 0.255316 
605 -0.224578 
606 -0.232537 
607 -0.351272 
608 0.872755 
609 -0.630741 
610 -0.463893 
611 0.092387 
612 0.518612 
613 -0.488427 
614 -0.819737 
615 0.706527 
616 -0.175915 
617 -0.097752 
618 -0.533047 
619 0.084528 
620 0.493038 
621 -0.353577 
622 -0.450966 
623 -0.357528 
624 0.825430 
625 -0.184966 
626 -0.932694 
627 0.265902 
628 0.199452 
629 0.159693 
630 -1.038689 
631 0.254631 
632 0.460822 
633 -0.527830 
634 -0.315646 
635 -0.286514 
636 0.807725 
637 -0.286252 
638 -0.728584 
639 0.612504 
640 -0.469029 
641 0.024633 
642 -0.276373 
643 -0.303925 
644 0.393801 
645 0.141692 
646 -0.504894 
647 -0.751150 
648 0.885123 
649 0.156680 
650 -1.136726 
651 0.138510 
652 0.285135 
653 0.397118 
654 -1.220330 
655 0.305590 
656 0.289816 
657 -0.490797 
658 0.489884 
659 -1.283347 
660 0.638992 
661 0.346361 
662 -0.624903 
663 -0.235808 
664 -0.080037 
665 0.711871 
666 -0.742085 
667 -0.367181 
668 0.398006 
669 0.128404 
670 -0.621781 
671 -0.517082 
672 0.839033 
673 -0.076874 
674 -0.694801 
675 0.255612 
676 -0.511144 
677 0.619383 
678 -0.390212 
679 -0.613500 
680 0.203127 
681 0.522667 
682 -0.517984 
683 -0.713744 
684 0.352298 
685 0.265200 
686 -0.182130 
687 -0.719263 
688 0.117789 
689 0.607800 
690 -0.637156 
691 -0.169273 
692 0.342852 
693 -0.016237 
694 -0.447120 
695 -0.087816 
696 -0.103551 
697 0.181099 
698 -0.132131 
699 -0.695795 
700 0.201069 
701 0.340694 
702 -0.237750 
703 -0.505287 
704 0.032870 
705 0.422152 
706 -0.267114 
707 -0.854740 
708 0.281220 
709 0.626528 
710 -0.648056 
711 -0.226970 
712 0.282507 
713 -0.448699 
714 0.312489 
715 -0.462076 
716 -0.360540 
717 0.580074 
718 -0.108530 
719 -0.451845 
720 -0.072766 
721 -0.075608 
722 0.539494 
723 -0.982934 
724 -0.184678 
725 0.779672 
726 -0.372683 
727 -0.432995 
728 -0.238808 
729 0.806772 
730 -0.593270 
731 -0.508739 
732 0.034184 
733 0.216230 
734 0.136792 
735 -0.466053 
736 -0.297429 
737 0.227014 
738 0.336645 
739 -0.608356 
740 -0.624664 
741 0.621321 
742 0.188629 
743 -0.614246 
744 -0.554305 
745 0.683716 
746 0.003748 
747 -0.650003 
748 0.092710 
749 0.160989 
750 -0.191187 
751 -0.252708 
752 -0.256847 
753 0.083185 
754 0.088762 
755 -0.139474 
756 -0.633894 
757 0.313776 
758 0.755286 
759 -1.200031 
760 -0.280194 
761 0.488914 
762 0.111317 
763 -0.259131 
764 -0.887714 
765 0.802524 
766 0.041824 
767 -0.515997 
768 -0.432818 
769 0.330640 
770 0.082475 
771 -0.388612 
772 0.049851 
773 -0.704525 
774 0.945709 
775 -0.425702 
776 -0.439691 
777 0.113501 
778 -0.085063 
779 0.291150 
780 -1.089648 
781 0.463971 
782 0.355333 
783 -0.604046 
784 -0.123819 
785 -0.312354 
786 0.687429 
787 -0.459998 
788 -0.643804 
789 0.549095 
790 -0.465142 
791 0.646766 
792 -0.962994 
793 -0.122829 
794 0.744697 
795 -0.437225 
796 -0.336800 
797 -0.658588 
798 0.984685 
799 -0.175757 
800 -0.794442 
801 0.112322 
802 0.324023 
803 0.178289 
804 -1.251351 
805 0.655418 
806 0.031735 
807 -0.588885 
808 0.372463 
809 -0.762344 
810 0.895846 
811 -0.604443 
812 -0.302365 
813 0.138292 
814 -0.472865 
815 1.044010 
816 -1.401936 
817 0.003610 
818 0.630069 
819 -0.152418 
820 -0.329456 
821 -0.776104 
822 1.194722 
823 -0.467577 
824 -0.695372 
825 0.274782 
826 -0.264274 
827 0.329173 
828 -0.399826 
829 -0.414968 
830 0.368629 
831 -0.062996 
832 0.124388 
833 -0.899321 
834 0.383884 
835 0.273720 
836 -0.812185 
837 0.091523 
838 -0.110242 
839 0.825057 
840 -1.209424 
841 -0.106311 
842 0.474960 
843 -0.276537 
844 -0.019953 
845 -0.615264 
846 0.655490 
847 -0.209976 
848 -0.314200 
849 0.053505 
850 -0.700163 
851 1.014917 
852 -0.606059 
853 -0.688851 
854 0.494670 
855 0.083318 
856 0.104071 
857 -1.120403 
858 0.407648 
859 0.424816 
860 -0.525896 
861 -0.240885 
862 0.059723 
863 0.234168 
864 -0.266637 
865 -0.590476 
866 0.373885 
867 0.004774 
868 -0.078187 
869 -0.600936 
870 -0.190700 
871 0.575149 
872 0.053960 
873 -1.186129 
874 0.550418 
875 0.573224 
876 -0.776896 
877 -0.254499 
878 -0.202952 
879 0.819188 
880 -0.355476 
881 -1.006800 
882 0.494562 
883 -0.065814 
884 0.266362 
885 -0.473454 
886 -0.215596 
887 0.173038 
888 -0.044901 
889 -0.338208 
890 -0.391618 
891 0.654964 
892 -0.207099 
893 -0.508819 
894 -0.316575 
895 0.731793 
896 -0.062857 
897 -1.069352 
898 0.258345 
899 0.396687 
900 -0.266837 
901 -0.225357 
902 -0.577833 
903 0.936542 
904 -0.554065 
905 -0.086732 
906 -0.486254 
907 0.205877 
908 0.315045 
909 -0.421933 
910 -0.424850 
911 0.206892 
912 0.572848 
913 -0.490240 
914 -1.089703 
915 0.954234 
916 -0.116083 
917 -0.868479 
918 0.482629 
919 -0.374410 
920 0.661420 
921 -0.527714 
922 -0.389588 
923 0.047927 
924 0.266312 
925 -0.405457 
926 -0.243557 
927 0.084786 
928 0.202594 
929 0.027378 
930 -1.155907 
931 0.777425 
932 0.270010 
933 -0.979515 
934 0.149391 
935 -0.262568 
936 0.902888 
937 -0.762697 
938 -0.682801 
939 0.696547 
940 -0.268467 
941 -0.019759 
942 -0.427133 
943 -0.040387 
944 0.510054 
945 -0.583118 
946 -0.058867 
947 -0.385916 
948 0.527077 
949 -0.238359 
950 -0.970682 
951 0.810970 
952 -0.177724 
953 -0.043210 
954 -0.724004 
955 0.375778 
956 0.207563 
957 -0.198043 
958 -0.522532 
959 0.033488 
960 0.397845 
961 -0.444844 
962 -0.557198 
963 0.134667 
964 0.085998 
965 0.798458 
966 -1.594164 
967 0.092144 
968 0.856123 
969 -0.530402 
970 -0.115664 
971 -0.877133 
972 1.279140 
973 -0.581772 
974 -0.807867 
975 0.784914 
976 -0.521838 
977 0.519561 
978 -0.935406 
979 -0.020427 
980 0.485795 
981 -0.683719 
982 0.260524 
983 -0.608552 
984 0.444843 
985 0.102326 
986 -0.576524 
987 -0.199340 
988 0.182817 
989 0.647184 
990 -1.322416 
991 -0.122410 
992 0.699203 
993 -0.123706 
994 -0.433549 
995 -0.646195 
996 0.926790 
997 -0.394647 
998 -0.155965 
999 -0.532134 
1000 0.062477 
1001 0.453478 
1002 -0.433125 
1003 -0.408207 
1004 0.143704 
1005 0.367502 
1006 -0.433263 
1007 -1.030737 
1008 1.052798 
1009 0.102540 
1010 -0.871729 
1011 0.001001 
1012 0.097356 
1013 0.410442 
1014 -1.060882 
1015 0.167027 
1016 0.239622 
1017 -0.115854 
1018 -0.100591 
1019 -0.810405 
1020 0.523702 
1021 0.144092 
1022 -0.095670 
1023 -0.827715 
