0 0.000174 
1 0.000267 
2 0.000327 
3 0.000432 
4 0.000414 
5 0.000179 
6 -0.000096 
7 -0.000168 
8 -0.000006 
9 0.000085 
10 -0.000068 
11 -0.000266 
12 -0.000322 
13 -0.000241 
14 -0.000131 
15 -0.000076 
16 -0.000080 
17 -0.000205 
18 -0.000341 
19 -0.000329 
20 -0.000325 
21 -0.000418 
22 -0.000408 
23 -0.000456 
24 -0.000719 
25 -0.000906 
26 -0.000787 
27 -0.000441 
28 -0.000163 
29 -0.000184 
30 -0.000379 
31 -0.000537 
32 -0.000539 
33 -0.000360 
34 -0.000179 
35 -0.000252 
36 -0.000547 
37 -0.000818 
38 -0.000771 
39 -0.000258 
40 0.000238 
41 0.000233 
42 -0.000037 
43 -0.000187 
44 -0.000171 
45 -0.000146 
46 -0.000132 
47 -0.000018 
48 0.000091 
49 -0.000116 
50 -0.000446 
51 -0.000420 
52 -0.000144 
53 -0.000142 
54 -0.000411 
55 -0.000465 
56 -0.000341 
57 -0.000245 
58 -0.000109 
59 0.000028 
60 -0.000059 
61 -0.000259 
62 -0.000346 
63 -0.000267 
64 -0.000300 
65 -0.000494 
66 -0.000529 
67 -0.000404 
68 -0.000499 
69 -0.000838 
70 -0.000854 
71 -0.000289 
72 0.000166 
73 0.000022 
74 -0.000243 
75 -0.000309 
76 -0.000293 
77 -0.000133 
78 0.000252 
79 0.000514 
80 0.000264 
81 -0.000134 
82 0.000065 
83 0.000483 
84 0.000285 
85 -0.000166 
86 -0.000141 
87 0.000232 
88 0.000575 
89 0.000948 
90 0.001243 
91 0.001063 
92 0.000582 
93 0.000261 
94 0.000532 
95 0.001108 
96 0.001067 
97 0.000836 
98 0.001053 
99 0.001013 
100 0.000777 
101 0.000966 
102 0.000997 
103 0.000661 
104 0.000361 
105 0.000324 
106 0.000588 
107 0.000597 
108 0.000620 
109 0.001345 
110 0.001539 
111 0.000946 
112 0.000824 
113 0.001077 
114 0.001275 
115 0.001173 
116 0.000726 
117 0.000594 
118 0.000521 
119 0.000294 
120 0.000632 
121 0.001156 
122 0.001162 
123 0.000893 
124 0.000538 
125 0.000599 
126 0.001200 
127 0.001525 
128 0.001490 
129 0.001581 
130 0.001704 
131 0.001786 
132 0.001575 
133 0.001085 
134 0.000727 
135 0.000427 
136 0.000278 
137 0.000558 
138 0.001192 
139 0.001795 
140 0.001775 
141 0.000916 
142 0.000192 
143 0.000117 
144 0.000176 
145 0.000305 
146 0.000333 
147 -0.000011 
148 0.000338 
149 0.001426 
150 0.001836 
151 0.001237 
152 0.000333 
153 -0.000335 
154 -0.000874 
155 -0.001329 
156 -0.000835 
157 0.000375 
158 0.000562 
159 -0.000265 
160 -0.000177 
161 0.001137 
162 0.001892 
163 0.001160 
164 0.000240 
165 -0.000146 
166 -0.000515 
167 -0.000410 
168 0.000914 
169 0.002060 
170 0.001341 
171 -0.000147 
172 -0.000327 
173 0.000549 
174 0.000728 
175 -0.000010 
176 -0.000563 
177 -0.000460 
178 0.000252 
179 0.001320 
180 0.001977 
181 0.001684 
182 0.000903 
183 -0.000019 
184 -0.001084 
185 -0.001609 
186 -0.001156 
187 -0.000319 
188 -0.000081 
189 -0.000568 
190 -0.000871 
191 -0.000316 
192 -0.000101 
193 -0.000811 
194 -0.001678 
195 -0.002256 
196 -0.002606 
197 -0.002799 
198 -0.002659 
199 -0.001713 
200 -0.000343 
201 0.000016 
202 -0.000505 
203 -0.001141 
204 -0.002055 
205 -0.003484 
206 -0.004492 
207 -0.004118 
208 -0.002615 
209 -0.001244 
210 -0.000715 
211 -0.000492 
212 -0.000137 
213 -0.000106 
214 -0.001342 
215 -0.003065 
216 -0.003812 
217 -0.003645 
218 -0.002572 
219 -0.001237 
220 -0.001326 
221 -0.001458 
222 -0.000480 
223 -0.000279 
224 -0.000930 
225 -0.001413 
226 -0.002269 
227 -0.002703 
228 -0.002506 
229 -0.002501 
230 -0.001565 
231 -0.000289 
232 -0.000450 
233 -0.001166 
234 -0.001598 
235 -0.001801 
236 -0.002163 
237 -0.003477 
238 -0.004015 
239 -0.002452 
240 -0.000951 
241 -0.000328 
242 0.000056 
243 -0.000709 
244 -0.002331 
245 -0.003779 
246 -0.003659 
247 -0.001288 
248 -0.000151 
249 -0.002359 
250 -0.003626 
251 -0.001442 
252 0.000747 
253 0.000892 
254 0.000121 
255 -0.000562 
256 -0.001535 
257 -0.002111 
258 -0.001347 
259 0.000069 
260 0.000514 
261 0.000199 
262 -0.000086 
263 -0.000305 
264 -0.000309 
265 -0.000545 
266 -0.000768 
267 -0.000746 
268 -0.001191 
269 -0.001016 
270 0.000593 
271 0.002007 
272 0.002128 
273 0.001234 
274 -0.000493 
275 -0.002244 
276 -0.002412 
277 -0.001731 
278 -0.001840 
279 -0.002630 
280 -0.002253 
281 -0.000175 
282 0.001585 
283 0.001634 
284 0.000737 
285 0.000387 
286 0.000581 
287 0.000886 
288 0.000904 
289 0.000098 
290 -0.000699 
291 -0.000606 
292 0.001016 
293 0.003528 
294 0.004293 
295 0.002661 
296 0.001675 
297 0.001119 
298 0.000044 
299 0.001905 
300 0.005312 
301 0.005161 
302 0.003377 
303 0.003349 
304 0.003985 
305 0.004085 
306 0.003292 
307 0.001541 
308 0.000676 
309 0.001413 
310 0.002929 
311 0.005546 
312 0.007206 
313 0.005389 
314 0.002418 
315 0.001653 
316 0.002655 
317 0.002942 
318 0.002077 
319 0.001047 
320 0.000888 
321 0.002014 
322 0.003220 
323 0.003719 
324 0.003587 
325 0.002462 
326 0.000289 
327 -0.000798 
328 0.000825 
329 0.003715 
330 0.004556 
331 0.001904 
332 -0.000395 
333 0.001279 
334 0.003969 
335 0.004674 
336 0.003781 
337 0.001138 
338 -0.002442 
339 -0.002639 
340 0.000982 
341 0.003814 
342 0.003410 
343 0.001550 
344 0.000403 
345 0.000953 
346 0.001680 
347 0.001706 
348 0.001459 
349 -0.000603 
350 -0.002782 
351 -0.002121 
352 0.000241 
353 0.002588 
354 0.003692 
355 0.002053 
356 -0.000203 
357 -0.001537 
358 -0.002501 
359 -0.002225 
360 -0.001560 
361 -0.002341 
362 -0.002965 
363 -0.001776 
364 0.000136 
365 0.001027 
366 -0.000283 
367 -0.002850 
368 -0.004328 
369 -0.003656 
370 -0.000919 
371 0.000698 
372 -0.000958 
373 -0.002870 
374 -0.003765 
375 -0.004613 
376 -0.004838 
377 -0.003839 
378 -0.002037 
379 -0.000719 
380 -0.001372 
381 -0.002871 
382 -0.003293 
383 -0.003417 
384 -0.003716 
385 -0.003372 
386 -0.002399 
387 -0.001651 
388 -0.002211 
389 -0.003748 
390 -0.004666 
391 -0.005155 
392 -0.006188 
393 -0.006303 
394 -0.004694 
395 -0.003991 
396 -0.005324 
397 -0.005546 
398 -0.003115 
399 -0.001822 
400 -0.003641 
401 -0.005050 
402 -0.004934 
403 -0.005672 
404 -0.006318 
405 -0.005341 
406 -0.004467 
407 -0.004927 
408 -0.006301 
409 -0.006548 
410 -0.005216 
411 -0.004655 
412 -0.004373 
413 -0.002882 
414 -0.000937 
415 0.001316 
416 0.002766 
417 0.001998 
418 0.000242 
419 -0.001420 
420 -0.003709 
421 -0.004493 
422 -0.004241 
423 -0.004383 
424 -0.004231 
425 -0.002669 
426 0.000563 
427 0.004415 
428 0.007223 
429 0.008160 
430 0.006697 
431 0.004316 
432 0.003801 
433 0.003046 
434 -0.000191 
435 -0.002384 
436 -0.000520 
437 0.001716 
438 0.001954 
439 0.001272 
440 0.001326 
441 0.001821 
442 0.002635 
443 0.003046 
444 0.003068 
445 0.003090 
446 0.002577 
447 0.002869 
448 0.004791 
449 0.005001 
450 0.002623 
451 0.000825 
452 0.000907 
453 0.002114 
454 0.003604 
455 0.004478 
456 0.004393 
457 0.002921 
458 0.002486 
459 0.004648 
460 0.005934 
461 0.005767 
462 0.005985 
463 0.005622 
464 0.004471 
465 0.004321 
466 0.007060 
467 0.010200 
468 0.008748 
469 0.006159 
470 0.007782 
471 0.009465 
472 0.008429 
473 0.006727 
474 0.005495 
475 0.005057 
476 0.005221 
477 0.006904 
478 0.010177 
479 0.010111 
480 0.006354 
481 0.004258 
482 0.004911 
483 0.005829 
484 0.006394 
485 0.006873 
486 0.007586 
487 0.006807 
488 0.004413 
489 0.004080 
490 0.006654 
491 0.006930 
492 0.002946 
493 -0.000259 
494 0.000007 
495 0.000937 
496 0.001217 
497 0.000689 
498 0.000273 
499 0.001500 
500 0.003331 
501 0.004315 
502 0.006069 
503 0.007200 
504 0.005502 
505 0.003174 
506 0.001355 
507 0.000528 
508 0.000934 
509 0.001096 
510 0.000449 
511 0.000482 
512 0.002144 
513 0.003292 
514 0.004043 
515 0.005342 
516 0.005105 
517 0.002172 
518 -0.001256 
519 -0.002150 
520 -0.000156 
521 0.000953 
522 -0.000972 
523 -0.003430 
524 -0.004132 
525 -0.003139 
526 -0.001796 
527 -0.001116 
528 -0.001178 
529 -0.002690 
530 -0.004342 
531 -0.004198 
532 -0.004155 
533 -0.005236 
534 -0.005106 
535 -0.005649 
536 -0.008722 
537 -0.010863 
538 -0.009449 
539 -0.005426 
540 -0.002227 
541 -0.002481 
542 -0.004686 
543 -0.006428 
544 -0.006434 
545 -0.004430 
546 -0.002421 
547 -0.003200 
548 -0.006369 
549 -0.009239 
550 -0.008661 
551 -0.003168 
552 0.002049 
553 0.001962 
554 -0.000878 
555 -0.002429 
556 -0.002251 
557 -0.001986 
558 -0.001835 
559 -0.000675 
560 0.000388 
561 -0.001623 
562 -0.004806 
563 -0.004518 
564 -0.001872 
565 -0.001863 
566 -0.004330 
567 -0.004799 
568 -0.003635 
569 -0.002745 
570 -0.001516 
571 -0.000300 
572 -0.001056 
573 -0.002786 
574 -0.003509 
575 -0.002799 
576 -0.003031 
577 -0.004605 
578 -0.004841 
579 -0.003795 
580 -0.004542 
581 -0.007192 
582 -0.007238 
583 -0.002769 
584 0.000760 
585 -0.000330 
586 -0.002333 
587 -0.002801 
588 -0.002665 
589 -0.001478 
590 0.001305 
591 0.003158 
592 0.001382 
593 -0.001394 
594 0.000005 
595 0.002835 
596 0.001460 
597 -0.001557 
598 -0.001386 
599 0.001048 
600 0.003243 
601 0.005572 
602 0.007368 
603 0.006191 
604 0.003212 
605 0.001246 
606 0.002870 
607 0.006254 
608 0.005930 
609 0.004511 
610 0.005682 
611 0.005384 
612 0.004006 
613 0.005001 
614 0.005120 
615 0.003253 
616 0.001630 
617 0.001422 
618 0.002790 
619 0.002827 
620 0.002904 
621 0.006507 
622 0.007397 
623 0.004394 
624 0.003754 
625 0.004925 
626 0.005806 
627 0.005250 
628 0.003118 
629 0.002475 
630 0.002113 
631 0.001077 
632 0.002575 
633 0.004842 
634 0.004823 
635 0.003618 
636 0.002078 
637 0.002301 
638 0.004757 
639 0.006026 
640 0.005832 
641 0.006117 
642 0.006526 
643 0.006756 
644 0.005864 
645 0.003932 
646 0.002555 
647 0.001421 
648 0.000873 
649 0.001891 
650 0.004158 
651 0.006246 
652 0.006099 
653 0.003065 
654 0.000558 
655 0.000290 
656 0.000488 
657 0.000919 
658 0.001014 
659 -0.000105 
660 0.001018 
661 0.004429 
662 0.005659 
663 0.003748 
664 0.000941 
665 -0.001077 
666 -0.002667 
667 -0.003973 
668 -0.002481 
669 0.001034 
670 0.001553 
671 -0.000797 
672 -0.000536 
673 0.003096 
674 0.005120 
675 0.003095 
676 0.000611 
677 -0.000412 
678 -0.001374 
679 -0.001081 
680 0.002305 
681 0.005179 
682 0.003323 
683 -0.000390 
684 -0.000830 
685 0.001284 
686 0.001695 
687 -0.000069 
688 -0.001365 
689 -0.001120 
690 0.000519 
691 0.002921 
692 0.004362 
693 0.003665 
694 0.001926 
695 -0.000096 
696 -0.002378 
697 -0.003469 
698 -0.002498 
699 -0.000738 
700 -0.000247 
701 -0.001235 
702 -0.001837 
703 -0.000719 
704 -0.000293 
705 -0.001675 
706 -0.003319 
707 -0.004396 
708 -0.005014 
709 -0.005327 
710 -0.005025 
711 -0.003258 
712 -0.000766 
713 -0.000115 
714 -0.001032 
715 -0.002127 
716 -0.003681 
717 -0.006094 
718 -0.007739 
719 -0.007054 
720 -0.004517 
721 -0.002246 
722 -0.001378 
723 -0.001015 
724 -0.000435 
725 -0.000369 
726 -0.002270 
727 -0.004890 
728 -0.005983 
729 -0.005680 
730 -0.004038 
731 -0.002030 
732 -0.002148 
733 -0.002320 
734 -0.000914 
735 -0.000631 
736 -0.001527 
737 -0.002171 
738 -0.003308 
739 -0.003859 
740 -0.003565 
741 -0.003532 
742 -0.002275 
743 -0.000600 
744 -0.000799 
745 -0.001693 
746 -0.002208 
747 -0.002432 
748 -0.002849 
749 -0.004417 
750 -0.005023 
751 -0.003116 
752 -0.001328 
753 -0.000594 
754 -0.000146 
755 -0.001011 
756 -0.002816 
757 -0.004397 
758 -0.004198 
759 -0.001553 
760 -0.000301 
761 -0.002660 
762 -0.003985 
763 -0.001657 
764 0.000621 
765 0.000768 
766 -0.000021 
767 -0.000713 
768 -0.001666 
769 -0.002208 
770 -0.001438 
771 -0.000055 
772 0.000374 
773 0.000073 
774 -0.000199 
775 -0.000398 
776 -0.000399 
777 -0.000604 
778 -0.000795 
779 -0.000770 
780 -0.001159 
781 -0.000997 
782 0.000393 
783 0.001590 
784 0.001673 
785 0.000923 
786 -0.000498 
787 -0.001909 
788 -0.002013 
789 -0.001447 
790 -0.001518 
791 -0.002120 
792 -0.001808 
793 -0.000206 
794 0.001130 
795 0.001156 
796 0.000478 
797 0.000218 
798 0.000360 
799 0.000584 
800 0.000593 
801 0.000022 
802 -0.000536 
803 -0.000465 
804 0.000652 
805 0.002346 
806 0.002838 
807 0.001736 
808 0.001073 
809 0.000707 
810 0.000016 
811 0.001198 
812 0.003322 
813 0.003195 
814 0.002070 
815 0.002033 
816 0.002392 
817 0.002423 
818 0.001932 
819 0.000903 
820 0.000395 
821 0.000819 
822 0.001666 
823 0.003108 
824 0.003989 
825 0.002957 
826 0.001322 
827 0.000903 
828 0.001419 
829 0.001554 
830 0.001095 
831 0.000561 
832 0.000478 
833 0.001039 
834 0.001622 
835 0.001851 
836 0.001769 
837 0.001212 
838 0.000171 
839 -0.000331 
840 0.000429 
841 0.001748 
842 0.002113 
843 0.000901 
844 -0.000127 
845 0.000605 
846 0.001763 
847 0.002044 
848 0.001646 
849 0.000520 
850 -0.000964 
851 -0.001032 
852 0.000448 
853 0.001580 
854 0.001399 
855 0.000654 
856 0.000198 
857 0.000406 
858 0.000674 
859 0.000677 
860 0.000582 
861 -0.000180 
862 -0.000968 
863 -0.000719 
864 0.000124 
865 0.000941 
866 0.001306 
867 0.000727 
868 -0.000048 
869 -0.000491 
870 -0.000804 
871 -0.000709 
872 -0.000490 
873 -0.000737 
874 -0.000928 
875 -0.000547 
876 0.000048 
877 0.000322 
878 -0.000081 
879 -0.000850 
880 -0.001280 
881 -0.001072 
882 -0.000270 
883 0.000192 
884 -0.000277 
885 -0.000808 
886 -0.001051 
887 -0.001275 
888 -0.001325 
889 -0.001046 
890 -0.000559 
891 -0.000208 
892 -0.000376 
893 -0.000755 
894 -0.000853 
895 -0.000877 
896 -0.000941 
897 -0.000845 
898 -0.000604 
899 -0.000420 
900 -0.000549 
901 -0.000902 
902 -0.001104 
903 -0.001202 
904 -0.001424 
905 -0.001435 
906 -0.001067 
907 -0.000902 
908 -0.001175 
909 -0.001209 
910 -0.000687 
911 -0.000412 
912 -0.000778 
913 -0.001054 
914 -0.001023 
915 -0.001158 
916 -0.001273 
917 -0.001070 
918 -0.000894 
919 -0.000972 
920 -0.001218 
921 -0.001247 
922 -0.000989 
923 -0.000874 
924 -0.000815 
925 -0.000545 
926 -0.000203 
927 0.000182 
928 0.000420 
929 0.000283 
930 -0.000012 
931 -0.000288 
932 -0.000660 
933 -0.000777 
934 -0.000728 
935 -0.000742 
936 -0.000711 
937 -0.000465 
938 0.000029 
939 0.000603 
940 0.001007 
941 0.001131 
942 0.000907 
943 0.000557 
944 0.000476 
945 0.000362 
946 -0.000090 
947 -0.000387 
948 -0.000135 
949 0.000166 
950 0.000196 
951 0.000106 
952 0.000111 
953 0.000172 
954 0.000270 
955 0.000317 
956 0.000316 
957 0.000314 
958 0.000249 
959 0.000282 
960 0.000505 
961 0.000524 
962 0.000244 
963 0.000035 
964 0.000044 
965 0.000178 
966 0.000344 
967 0.000437 
968 0.000422 
969 0.000260 
970 0.000212 
971 0.000438 
972 0.000566 
973 0.000541 
974 0.000558 
975 0.000516 
976 0.000395 
977 0.000378 
978 0.000648 
979 0.000953 
980 0.000805 
981 0.000547 
982 0.000697 
983 0.000851 
984 0.000744 
985 0.000580 
986 0.000461 
987 0.000416 
988 0.000429 
989 0.000580 
990 0.000872 
991 0.000860 
992 0.000519 
993 0.000332 
994 0.000389 
995 0.000469 
996 0.000517 
997 0.000555 
998 0.000615 
999 0.000545 
1000 0.000341 
1001 0.000312 
1002 0.000529 
1003 0.000551 
1004 0.000216 
1005 -0.000050 
1006 -0.000027 
1007 0.000051 
1008 0.000076 
1009 0.000034 
1010 0.000003 
1011 0.000105 
1012 0.000254 
1013 0.000335 
1014 0.000477 
1015 0.000567 
1016 0.000428 
1017 0.000241 
1018 0.000096 
1019 0.000030 
1020 0.000064 
1021 0.000077 
1022 0.000028 
1023 0.000033 
