0 0.019071 
1 -0.005422 
2 0.036711 
3 0.012214 
4 0.054997 
5 -0.002554 
6 0.044864 
7 -0.022657 
8 -0.002594 
9 -0.054097 
10 -0.004615 
11 -0.012614 
12 -0.011036 
13 -0.003008 
14 -0.020684 
15 0.011734 
16 -0.050090 
17 0.037069 
18 -0.029169 
19 0.050297 
20 -0.063573 
21 0.037164 
22 -0.079124 
23 0.034195 
24 -0.090952 
25 0.045145 
26 -0.089679 
27 0.031730 
28 -0.109335 
29 0.033784 
30 -0.104061 
31 0.043330 
32 -0.086381 
33 0.071444 
34 -0.072711 
35 0.086807 
36 -0.070888 
37 0.056790 
38 -0.116669 
39 -0.008801 
40 -0.130931 
41 -0.013656 
42 -0.077399 
43 0.011509 
44 -0.016947 
45 -0.011108 
46 0.009974 
47 -0.036160 
48 0.026674 
49 -0.089868 
50 0.022768 
51 -0.127858 
52 0.019775 
53 -0.138740 
54 0.040510 
55 -0.114193 
56 0.051554 
57 -0.104917 
58 0.036163 
59 -0.082091 
60 0.021780 
61 -0.025129 
62 0.045712 
63 0.030863 
64 -0.000128 
65 -0.002711 
66 -0.118222 
67 -0.092928 
68 -0.216601 
69 -0.073035 
70 -0.114451 
71 0.098260 
72 0.041896 
73 0.187858 
74 0.050675 
75 0.072230 
76 -0.121586 
77 -0.115942 
78 -0.215124 
79 -0.110983 
80 -0.093021 
81 0.011160 
82 0.005665 
83 0.023802 
84 -0.019362 
85 -0.005331 
86 0.000648 
87 0.023155 
88 0.023777 
89 0.012895 
90 -0.018923 
91 -0.027655 
92 -0.049701 
93 -0.045196 
94 -0.057467 
95 -0.024360 
96 -0.015770 
97 0.022384 
98 0.005167 
99 0.028688 
100 -0.006482 
101 0.006723 
102 -0.050584 
103 -0.020177 
104 -0.056815 
105 -0.012406 
106 -0.031331 
107 0.023185 
108 0.001068 
109 0.031964 
110 -0.006687 
111 0.003914 
112 -0.027356 
113 -0.006124 
114 -0.004175 
115 -0.002476 
116 -0.000384 
117 -0.017716 
118 0.020832 
119 -0.030532 
120 0.034851 
121 -0.031777 
122 0.059431 
123 -0.064578 
124 0.049032 
125 -0.069938 
126 0.068380 
127 -0.062013 
128 0.076299 
129 -0.033175 
130 0.068585 
131 -0.048939 
132 0.022696 
133 -0.033215 
134 0.024165 
135 0.001691 
136 0.027824 
137 0.028170 
138 0.005429 
139 0.015154 
140 -0.022802 
141 0.012735 
142 -0.020572 
143 0.029713 
144 0.007089 
145 0.041887 
146 0.012139 
147 0.023431 
148 0.008715 
149 -0.006466 
150 0.011202 
151 0.009772 
152 0.027017 
153 -0.013745 
154 0.016461 
155 -0.019296 
156 0.016408 
157 -0.004991 
158 0.034961 
159 0.016773 
160 0.028676 
161 0.015887 
162 0.011944 
163 0.014537 
164 -0.001171 
165 0.023089 
166 -0.002545 
167 0.020355 
168 -0.006108 
169 0.015636 
170 -0.000020 
171 0.008950 
172 0.026074 
173 0.018268 
174 0.048778 
175 0.001586 
176 0.040867 
177 -0.026407 
178 0.025217 
179 -0.039260 
180 0.035569 
181 -0.021679 
182 0.048425 
183 -0.013438 
184 0.037933 
185 -0.016997 
186 0.036254 
187 -0.011402 
188 0.036199 
189 -0.004552 
190 0.043890 
191 -0.019921 
192 0.025130 
193 -0.033886 
194 0.035997 
195 -0.023885 
196 0.050219 
197 -0.014762 
198 0.057972 
199 -0.023182 
200 0.052162 
201 -0.024770 
202 0.045169 
203 -0.042952 
204 0.028045 
205 -0.037298 
206 0.027153 
207 -0.017913 
208 0.034728 
209 0.009194 
210 0.025152 
211 0.017263 
212 0.011347 
213 0.026626 
214 -0.020197 
215 0.011074 
216 -0.030640 
217 0.030938 
218 -0.014774 
219 0.039597 
220 -0.004521 
221 0.028753 
222 -0.009357 
223 0.012108 
224 0.005507 
225 0.024517 
226 0.018053 
227 0.011821 
228 -0.002403 
229 -0.016907 
230 -0.038567 
231 -0.019110 
232 -0.015114 
233 0.040745 
234 0.016871 
235 0.066857 
236 0.004189 
237 0.051301 
238 -0.044049 
239 0.025668 
240 -0.070870 
241 0.021156 
242 -0.068655 
243 0.049992 
244 -0.025537 
245 0.081080 
246 -0.006159 
247 0.059750 
248 -0.028072 
249 0.007805 
250 -0.051834 
251 -0.011116 
252 -0.016118 
253 0.008932 
254 0.029318 
255 0.025626 
256 0.054118 
257 0.006194 
258 0.025782 
259 -0.041287 
260 0.001035 
261 -0.052686 
262 -0.003185 
263 -0.036217 
264 0.040577 
265 0.020004 
266 0.057995 
267 0.008218 
268 0.030185 
269 -0.030291 
270 -0.009504 
271 -0.048166 
272 0.019187 
273 -0.025669 
274 0.036951 
275 -0.008311 
276 0.059689 
277 -0.022476 
278 0.032320 
279 -0.036773 
280 0.023868 
281 -0.043869 
282 0.016989 
283 -0.017202 
284 0.026718 
285 -0.009448 
286 0.016350 
287 -0.000446 
288 0.011352 
289 0.004682 
290 0.001142 
291 0.001161 
292 -0.017193 
293 0.001878 
294 -0.013573 
295 0.012527 
296 -0.011933 
297 0.020290 
298 -0.000324 
299 0.033762 
300 -0.005606 
301 0.015074 
302 -0.032887 
303 -0.008547 
304 -0.041673 
305 0.013416 
306 -0.011396 
307 0.045864 
308 0.006681 
309 0.048152 
310 -0.027940 
311 0.009924 
312 -0.063938 
313 0.007930 
314 -0.048057 
315 0.052187 
316 -0.005035 
317 0.063875 
318 -0.015876 
319 0.034416 
320 -0.038338 
321 -0.006014 
322 -0.039242 
323 0.006901 
324 -0.006640 
325 0.016441 
326 0.016851 
327 0.024930 
328 0.003368 
329 -0.009842 
330 -0.007948 
331 0.002643 
332 -0.010259 
333 -0.003997 
334 -0.005497 
335 0.015659 
336 -0.001661 
337 0.017819 
338 0.009613 
339 0.017087 
340 -0.012248 
341 -0.010853 
342 -0.010638 
343 -0.008839 
344 0.005593 
345 -0.002722 
346 0.031883 
347 -0.000357 
348 0.032846 
349 -0.019567 
350 0.035836 
351 -0.025402 
352 0.030181 
353 -0.035345 
354 0.033866 
355 -0.027756 
356 0.022338 
357 -0.021495 
358 0.031649 
359 -0.000053 
360 0.024880 
361 0.012485 
362 0.010783 
363 0.005877 
364 -0.013486 
365 0.010739 
366 -0.016966 
367 0.017679 
368 -0.010154 
369 0.034327 
370 0.005571 
371 0.039023 
372 0.015780 
373 0.033326 
374 0.002057 
375 0.000669 
376 -0.023433 
377 -0.011283 
378 -0.013013 
379 0.019316 
380 0.015403 
381 0.052293 
382 0.015238 
383 0.044320 
384 -0.027118 
385 0.021236 
386 -0.055292 
387 0.034300 
388 -0.051242 
389 0.069499 
390 -0.029044 
391 0.102817 
392 -0.027116 
393 0.093788 
394 -0.050959 
395 0.055257 
396 -0.073417 
397 0.044704 
398 -0.047628 
399 0.054645 
400 -0.017125 
401 0.064409 
402 0.001652 
403 0.039180 
404 -0.002410 
405 0.025403 
406 -0.002300 
407 0.001097 
408 -0.000160 
409 0.000592 
410 0.010214 
411 0.004278 
412 0.028720 
413 0.011633 
414 0.026276 
415 -0.000717 
416 0.017761 
417 -0.006693 
418 0.015047 
419 -0.008327 
420 0.024659 
421 -0.008982 
422 0.029006 
423 -0.010770 
424 0.039501 
425 -0.006028 
426 0.046931 
427 -0.018937 
428 0.028038 
429 -0.030678 
430 0.020996 
431 -0.023621 
432 0.033333 
433 -0.001393 
434 0.036161 
435 -0.009927 
436 0.013060 
437 -0.020370 
438 -0.004373 
439 -0.030245 
440 0.002168 
441 -0.005507 
442 0.009695 
443 -0.001836 
444 0.023442 
445 0.003079 
446 0.022124 
447 -0.008735 
448 0.014243 
449 -0.031847 
450 -0.012903 
451 -0.046994 
452 -0.001977 
453 -0.021099 
454 0.017326 
455 0.010376 
456 0.022671 
457 0.000278 
458 -0.020032 
459 -0.011533 
460 -0.041491 
461 -0.011946 
462 -0.046730 
463 0.009547 
464 -0.038487 
465 0.020954 
466 -0.038493 
467 0.021298 
468 -0.054006 
469 0.000739 
470 -0.053338 
471 0.007152 
472 -0.038498 
473 0.008377 
474 -0.027998 
475 -0.005442 
476 -0.041658 
477 -0.024214 
478 -0.030425 
479 -0.006195 
480 -0.010689 
481 -0.005333 
482 -0.018775 
483 -0.025034 
484 -0.048531 
485 -0.035074 
486 -0.037541 
487 -0.017737 
488 -0.027545 
489 -0.013267 
490 -0.031521 
491 -0.030830 
492 -0.047123 
493 -0.049642 
494 -0.032387 
495 -0.039199 
496 -0.008604 
497 -0.034884 
498 0.011972 
499 -0.041968 
500 0.000546 
501 -0.086989 
502 -0.021418 
503 -0.094741 
504 -0.010715 
505 -0.079221 
506 0.018329 
507 -0.044203 
508 0.023152 
509 -0.047470 
510 -0.006833 
511 -0.062582 
512 -0.035650 
513 -0.074246 
514 -0.047133 
515 -0.055719 
516 -0.037743 
517 -0.029005 
518 -0.007358 
519 -0.005371 
520 -0.021194 
521 -0.038330 
522 -0.057461 
523 -0.068574 
524 -0.066304 
525 -0.046163 
526 -0.017388 
527 -0.018857 
528 -0.014298 
529 -0.028897 
530 -0.022415 
531 -0.053559 
532 -0.040010 
533 -0.051427 
534 -0.040199 
535 -0.057111 
536 -0.033087 
537 -0.022202 
538 -0.008948 
539 -0.016406 
540 -0.013521 
541 -0.028416 
542 -0.044449 
543 -0.068476 
544 -0.048108 
545 -0.052943 
546 -0.025180 
547 -0.044581 
548 -0.003952 
549 -0.038849 
550 -0.001415 
551 -0.035050 
552 0.005376 
553 -0.036218 
554 -0.014410 
555 -0.055846 
556 -0.027708 
557 -0.046266 
558 -0.026297 
559 -0.030425 
560 -0.024724 
561 -0.011907 
562 -0.016950 
563 0.008816 
564 -0.014503 
565 0.014521 
566 -0.039341 
567 -0.031122 
568 -0.074488 
569 -0.031692 
570 -0.041136 
571 0.002810 
572 0.011359 
573 0.037152 
574 0.021934 
575 -0.020068 
576 -0.033491 
577 -0.049853 
578 -0.022423 
579 -0.046675 
580 0.015150 
581 -0.010138 
582 0.036917 
583 -0.013438 
584 0.045186 
585 -0.009891 
586 0.024961 
587 -0.044006 
588 0.011851 
589 -0.041978 
590 0.012110 
591 -0.031314 
592 0.037804 
593 -0.023665 
594 0.030959 
595 -0.019113 
596 0.054623 
597 -0.016808 
598 0.045820 
599 -0.033282 
600 0.030741 
601 -0.041641 
602 0.024694 
603 -0.014529 
604 0.047294 
605 0.020408 
606 0.043175 
607 0.023194 
608 0.010311 
609 0.013535 
610 -0.009760 
611 0.034227 
612 0.000181 
613 0.060048 
614 -0.002535 
615 0.067431 
616 -0.001341 
617 0.057375 
618 -0.023313 
619 0.040060 
620 -0.007125 
621 0.041010 
622 0.022383 
623 0.053868 
624 0.061198 
625 0.043676 
626 0.048075 
627 0.011498 
628 0.039370 
629 -0.016792 
630 0.037541 
631 0.005324 
632 0.071086 
633 0.042834 
634 0.093709 
635 0.058996 
636 0.067214 
637 0.037806 
638 0.021112 
639 0.040887 
640 0.007105 
641 0.049213 
642 0.002459 
643 0.094976 
644 0.034119 
645 0.118041 
646 0.030858 
647 0.103501 
648 0.003293 
649 0.063316 
650 -0.005337 
651 0.073730 
652 0.023100 
653 0.075877 
654 0.045753 
655 0.092250 
656 0.057571 
657 0.064352 
658 0.035230 
659 0.045910 
660 0.033584 
661 0.045680 
662 0.058470 
663 0.085762 
664 0.083896 
665 0.080279 
666 0.071136 
667 0.062845 
668 0.033580 
669 0.036723 
670 0.038026 
671 0.061043 
672 0.064455 
673 0.070699 
674 0.068476 
675 0.065291 
676 0.065309 
677 0.051612 
678 0.059229 
679 0.049650 
680 0.051883 
681 0.044333 
682 0.054697 
683 0.058100 
684 0.057571 
685 0.053873 
686 0.047935 
687 0.063757 
688 0.051939 
689 0.076893 
690 0.060012 
691 0.083501 
692 0.043515 
693 0.069489 
694 0.024842 
695 0.055700 
696 0.017862 
697 0.058007 
698 0.039250 
699 0.080439 
700 0.044871 
701 0.062508 
702 0.036158 
703 0.054844 
704 0.031832 
705 0.056182 
706 0.038542 
707 0.048644 
708 0.018062 
709 0.044338 
710 0.031426 
711 0.055925 
712 0.032201 
713 0.063962 
714 0.043764 
715 0.043393 
716 0.023014 
717 0.035756 
718 0.021176 
719 0.012749 
720 0.022339 
721 0.029489 
722 0.042759 
723 0.026582 
724 0.045829 
725 0.027234 
726 0.042816 
727 0.009631 
728 0.025445 
729 0.008180 
730 0.014371 
731 0.012280 
732 0.014578 
733 0.026270 
734 -0.000830 
735 0.027742 
736 -0.017334 
737 0.034739 
738 -0.026267 
739 0.042143 
740 -0.033004 
741 0.051828 
742 -0.027815 
743 0.053673 
744 -0.041239 
745 0.038024 
746 -0.035500 
747 0.024812 
748 -0.048655 
749 0.005876 
750 -0.028381 
751 -0.000586 
752 -0.022543 
753 0.006001 
754 0.001291 
755 -0.010598 
756 -0.022384 
757 -0.032933 
758 -0.020510 
759 -0.039486 
760 -0.024666 
761 -0.014767 
762 -0.012458 
763 -0.013822 
764 -0.022667 
765 -0.011392 
766 -0.052929 
767 -0.050426 
768 -0.077897 
769 -0.036153 
770 -0.046971 
771 -0.000539 
772 -0.011528 
773 0.012287 
774 -0.040306 
775 -0.038157 
776 -0.078103 
777 -0.068889 
778 -0.089941 
779 -0.054923 
780 -0.038274 
781 -0.016428 
782 -0.016060 
783 -0.024318 
784 -0.034919 
785 -0.063140 
786 -0.073422 
787 -0.077126 
788 -0.065322 
789 -0.066257 
790 -0.048915 
791 -0.035942 
792 -0.022769 
793 -0.049923 
794 -0.047760 
795 -0.081729 
796 -0.072076 
797 -0.088329 
798 -0.049189 
799 -0.062566 
800 -0.030437 
801 -0.060894 
802 -0.035908 
803 -0.076319 
804 -0.057970 
805 -0.083778 
806 -0.052534 
807 -0.077499 
808 -0.068329 
809 -0.075660 
810 -0.081855 
811 -0.056197 
812 -0.074843 
813 -0.026670 
814 -0.090900 
815 -0.020368 
816 -0.116186 
817 -0.016166 
818 -0.132174 
819 -0.013021 
820 -0.131401 
821 0.000593 
822 -0.142193 
823 0.006472 
824 -0.116516 
825 0.025042 
826 -0.129794 
827 -0.010771 
828 -0.146480 
829 -0.034435 
830 -0.138821 
831 -0.030116 
832 -0.090811 
833 -0.034722 
834 -0.070681 
835 -0.040720 
836 -0.051112 
837 -0.069642 
838 -0.050120 
839 -0.081057 
840 -0.047134 
841 -0.112648 
842 -0.038896 
843 -0.111231 
844 -0.011618 
845 -0.094385 
846 0.008525 
847 -0.091694 
848 0.000115 
849 -0.101310 
850 -0.011344 
851 -0.094437 
852 -0.028513 
853 -0.090037 
854 -0.051743 
855 -0.083016 
856 -0.050112 
857 -0.036932 
858 -0.046844 
859 -0.027534 
860 -0.074242 
861 -0.030033 
862 -0.084457 
863 -0.009976 
864 -0.084654 
865 0.009814 
866 -0.076620 
867 -0.000413 
868 -0.084251 
869 -0.005221 
870 -0.077113 
871 -0.012660 
872 -0.053120 
873 -0.000283 
874 -0.034052 
875 -0.021869 
876 -0.034650 
877 -0.020781 
878 -0.020746 
879 -0.038656 
880 -0.030989 
881 -0.045301 
882 -0.032102 
883 -0.037734 
884 -0.011572 
885 -0.014132 
886 -0.011068 
887 -0.017751 
888 -0.030125 
889 -0.001370 
890 -0.023817 
891 0.029183 
892 -0.026147 
893 0.020156 
894 -0.074525 
895 -0.007595 
896 -0.079662 
897 0.035353 
898 -0.019559 
899 0.082411 
900 -0.006512 
901 0.059987 
902 -0.064290 
903 0.007846 
904 -0.073382 
905 0.024297 
906 -0.045513 
907 0.053049 
908 -0.009570 
909 0.066981 
910 -0.005877 
911 0.048136 
912 -0.035939 
913 0.020724 
914 -0.038847 
915 0.037696 
916 -0.002552 
917 0.063549 
918 0.007668 
919 0.053911 
920 -0.005496 
921 0.034198 
922 0.006310 
923 0.042673 
924 0.025567 
925 0.040213 
926 0.032500 
927 0.030639 
928 0.043233 
929 0.020019 
930 0.046339 
931 0.014474 
932 0.060647 
933 0.010765 
934 0.080447 
935 -0.009421 
936 0.082660 
937 -0.025274 
938 0.093006 
939 -0.024570 
940 0.114534 
941 -0.010901 
942 0.126163 
943 0.008168 
944 0.109811 
945 -0.012754 
946 0.068243 
947 -0.014363 
948 0.052233 
949 0.024291 
950 0.064835 
951 0.090220 
952 0.073309 
953 0.109729 
954 0.021094 
955 0.107333 
956 -0.016238 
957 0.099995 
958 -0.041145 
959 0.101007 
960 -0.032611 
961 0.120193 
962 0.002931 
963 0.144725 
964 0.045866 
965 0.126119 
966 0.022083 
967 0.069209 
968 0.009984 
969 0.020602 
970 0.018572 
971 0.046261 
972 0.078068 
973 0.063133 
974 0.082405 
975 0.069641 
976 0.080671 
977 0.060488 
978 0.044412 
979 0.043655 
980 0.000140 
981 0.065791 
982 0.017298 
983 0.107891 
984 0.020351 
985 0.118839 
986 -0.003388 
987 0.096042 
988 -0.022813 
989 0.079450 
990 -0.025935 
991 0.058276 
992 -0.004311 
993 0.067324 
994 0.041517 
995 0.065039 
996 0.076184 
997 0.052319 
998 0.063460 
999 0.000348 
1000 0.034342 
1001 -0.028677 
1002 0.040248 
1003 0.004705 
1004 0.075563 
1005 0.043034 
1006 0.071497 
1007 0.049526 
1008 0.031245 
1009 0.021274 
1010 -0.022862 
1011 0.033341 
1012 -0.015939 
1013 0.054068 
1014 -0.019003 
1015 0.076675 
1016 0.000475 
1017 0.080815 
1018 -0.001879 
1019 0.051336 
1020 -0.023406 
1021 -0.006865 
1022 -0.030068 
1023 0.006750 
