0 -0.000135 
1 -0.000125 
2 -0.000068 
3 -0.000118 
4 -0.000254 
5 -0.000292 
6 -0.000207 
7 -0.000184 
8 -0.000267 
9 -0.000282 
10 -0.000153 
11 0.000004 
12 0.000072 
13 0.000050 
14 0.000009 
15 -0.000052 
16 -0.000181 
17 -0.000382 
18 -0.000553 
19 -0.000558 
20 -0.000367 
21 -0.000104 
22 0.000124 
23 0.000269 
24 0.000328 
25 0.000285 
26 0.000099 
27 -0.000214 
28 -0.000504 
29 -0.000632 
30 -0.000554 
31 -0.000379 
32 -0.000212 
33 -0.000016 
34 0.000244 
35 0.000486 
36 0.000537 
37 0.000386 
38 0.000184 
39 -0.000035 
40 -0.000337 
41 -0.000644 
42 -0.000798 
43 -0.000778 
44 -0.000587 
45 -0.000206 
46 0.000252 
47 0.000578 
48 0.000673 
49 0.000554 
50 0.000280 
51 -0.000081 
52 -0.000400 
53 -0.000543 
54 -0.000514 
55 -0.000399 
56 -0.000261 
57 -0.000043 
58 0.000228 
59 0.000344 
60 0.000277 
61 0.000236 
62 0.000248 
63 0.000145 
64 -0.000064 
65 -0.000129 
66 0.000011 
67 0.000144 
68 0.000112 
69 -0.000003 
70 -0.000023 
71 0.000084 
72 0.000140 
73 0.000068 
74 0.000061 
75 0.000205 
76 0.000321 
77 0.000317 
78 0.000290 
79 0.000243 
80 0.000137 
81 0.000050 
82 0.000041 
83 -0.000003 
84 -0.000127 
85 -0.000088 
86 0.000201 
87 0.000446 
88 0.000444 
89 0.000427 
90 0.000610 
91 0.000683 
92 0.000358 
93 -0.000064 
94 -0.000157 
95 -0.000068 
96 -0.000065 
97 0.000064 
98 0.000464 
99 0.000863 
100 0.000963 
101 0.000771 
102 0.000419 
103 0.000068 
104 -0.000057 
105 0.000102 
106 0.000329 
107 0.000421 
108 0.000454 
109 0.000579 
110 0.000706 
111 0.000706 
112 0.000606 
113 0.000443 
114 0.000190 
115 -0.000051 
116 0.000006 
117 0.000352 
118 0.000589 
119 0.000541 
120 0.000532 
121 0.000740 
122 0.000866 
123 0.000593 
124 0.000152 
125 0.000063 
126 0.000361 
127 0.000541 
128 0.000465 
129 0.000465 
130 0.000734 
131 0.000977 
132 0.000844 
133 0.000365 
134 0.000011 
135 0.000023 
136 0.000097 
137 -0.000019 
138 0.000002 
139 0.000469 
140 0.000936 
141 0.001046 
142 0.001038 
143 0.001041 
144 0.000873 
145 0.000450 
146 0.000123 
147 0.000035 
148 0.000004 
149 -0.000139 
150 -0.000213 
151 0.000027 
152 0.000573 
153 0.001121 
154 0.001345 
155 0.001082 
156 0.000647 
157 0.000455 
158 0.000360 
159 -0.000084 
160 -0.000502 
161 -0.000189 
162 0.000425 
163 0.000547 
164 0.000425 
165 0.000594 
166 0.000730 
167 0.000445 
168 0.000096 
169 0.000108 
170 0.000288 
171 0.000202 
172 -0.000119 
173 -0.000311 
174 -0.000227 
175 0.000108 
176 0.000463 
177 0.000533 
178 0.000444 
179 0.000608 
180 0.000960 
181 0.000877 
182 0.000187 
183 -0.000446 
184 -0.000561 
185 -0.000550 
186 -0.000736 
187 -0.000808 
188 -0.000552 
189 -0.000089 
190 0.000432 
191 0.000792 
192 0.000712 
193 0.000294 
194 0.000139 
195 0.000384 
196 0.000237 
197 -0.000493 
198 -0.000778 
199 -0.000345 
200 -0.000125 
201 -0.000581 
202 -0.000865 
203 -0.000413 
204 0.000120 
205 0.000187 
206 0.000255 
207 0.000471 
208 0.000350 
209 -0.000197 
210 -0.000645 
211 -0.000922 
212 -0.001158 
213 -0.000883 
214 0.000116 
215 0.000828 
216 0.000575 
217 -0.000009 
218 -0.000434 
219 -0.000998 
220 -0.001690 
221 -0.001788 
222 -0.000956 
223 0.000201 
224 0.000997 
225 0.001303 
226 0.000830 
227 -0.000355 
228 -0.001274 
229 -0.001197 
230 -0.001027 
231 -0.001684 
232 -0.002107 
233 -0.000992 
234 0.000653 
235 0.000968 
236 0.000167 
237 -0.000095 
238 0.000207 
239 -0.000187 
240 -0.001394 
241 -0.002094 
242 -0.001653 
243 -0.001064 
244 -0.000917 
245 -0.000837 
246 -0.000505 
247 -0.000059 
248 0.000094 
249 -0.000167 
250 -0.000640 
251 -0.000921 
252 -0.000874 
253 -0.000682 
254 -0.000482 
255 -0.000384 
256 -0.000524 
257 -0.000645 
258 -0.000561 
259 -0.000581 
260 -0.000718 
261 -0.000514 
262 0.000227 
263 0.000719 
264 0.000196 
265 -0.000731 
266 -0.001169 
267 -0.001259 
268 -0.001308 
269 -0.000908 
270 0.000051 
271 0.000735 
272 0.000533 
273 0.000024 
274 -0.000301 
275 -0.000777 
276 -0.001260 
277 -0.001165 
278 -0.000655 
279 -0.000550 
280 -0.000489 
281 0.000062 
282 0.000110 
283 -0.000990 
284 -0.001996 
285 -0.001474 
286 -0.000192 
287 0.000350 
288 -0.000040 
289 -0.000250 
290 0.000276 
291 0.000728 
292 0.000087 
293 -0.001207 
294 -0.001713 
295 -0.000991 
296 0.000153 
297 0.000771 
298 0.000684 
299 0.000349 
300 0.000094 
301 -0.000276 
302 -0.000916 
303 -0.001463 
304 -0.001520 
305 -0.001164 
306 -0.000640 
307 -0.000026 
308 0.000316 
309 0.000466 
310 0.000955 
311 0.001591 
312 0.001474 
313 0.000663 
314 0.000095 
315 0.000015 
316 -0.000210 
317 -0.000972 
318 -0.001559 
319 -0.001329 
320 -0.000430 
321 0.000617 
322 0.001108 
323 0.000698 
324 0.000059 
325 0.000286 
326 0.001167 
327 0.001279 
328 0.000360 
329 -0.000364 
330 -0.000277 
331 -0.000006 
332 0.000036 
333 0.000006 
334 0.000057 
335 0.000208 
336 0.000409 
337 0.000577 
338 0.000551 
339 0.000607 
340 0.001266 
341 0.002227 
342 0.002452 
343 0.001982 
344 0.001453 
345 0.000792 
346 -0.000611 
347 -0.002148 
348 -0.002568 
349 -0.001838 
350 -0.000450 
351 0.001665 
352 0.003840 
353 0.004857 
354 0.004801 
355 0.004205 
356 0.002460 
357 -0.000468 
358 -0.002917 
359 -0.003663 
360 -0.003310 
361 -0.002621 
362 -0.001369 
363 0.000947 
364 0.003833 
365 0.005773 
366 0.006250 
367 0.005647 
368 0.003735 
369 0.000696 
370 -0.001567 
371 -0.002383 
372 -0.003195 
373 -0.003875 
374 -0.002547 
375 0.000084 
376 0.001653 
377 0.002170 
378 0.002954 
379 0.003524 
380 0.002829 
381 0.001535 
382 0.000763 
383 0.000164 
384 -0.000742 
385 -0.000398 
386 0.001576 
387 0.002746 
388 0.001639 
389 0.000340 
390 0.000411 
391 0.000522 
392 0.000221 
393 0.000965 
394 0.002286 
395 0.002487 
396 0.001596 
397 0.000872 
398 -0.000032 
399 -0.001713 
400 -0.002583 
401 -0.001334 
402 0.000409 
403 0.001030 
404 0.001728 
405 0.003656 
406 0.004868 
407 0.003474 
408 0.001174 
409 0.000110 
410 -0.000440 
411 -0.001621 
412 -0.002473 
413 -0.001989 
414 -0.000480 
415 0.001124 
416 0.002223 
417 0.002867 
418 0.003388 
419 0.003786 
420 0.002929 
421 0.000930 
422 -0.000627 
423 -0.001067 
424 -0.001770 
425 -0.002890 
426 -0.002306 
427 0.000713 
428 0.003137 
429 0.002518 
430 0.001101 
431 0.001070 
432 0.000855 
433 -0.001220 
434 -0.002987 
435 -0.002447 
436 -0.001195 
437 -0.001074 
438 -0.000578 
439 0.001092 
440 0.001897 
441 0.000936 
442 0.000064 
443 -0.000026 
444 -0.000931 
445 -0.002655 
446 -0.002672 
447 -0.000586 
448 0.000886 
449 0.000189 
450 -0.001137 
451 -0.001134 
452 -0.000379 
453 -0.000510 
454 -0.001812 
455 -0.002888 
456 -0.002566 
457 -0.001080 
458 0.000257 
459 0.000407 
460 -0.000306 
461 -0.000372 
462 0.000503 
463 0.000356 
464 -0.001963 
465 -0.004852 
466 -0.005679 
467 -0.004145 
468 -0.002500 
469 -0.001936 
470 -0.001163 
471 0.000954 
472 0.002863 
473 0.001914 
474 -0.001196 
475 -0.003377 
476 -0.003771 
477 -0.004392 
478 -0.005677 
479 -0.005336 
480 -0.002933 
481 -0.000515 
482 0.000952 
483 0.001910 
484 0.001740 
485 -0.000205 
486 -0.002271 
487 -0.003303 
488 -0.004880 
489 -0.007431 
490 -0.008025 
491 -0.004969 
492 -0.000908 
493 0.000886 
494 0.001026 
495 0.001458 
496 0.001728 
497 0.000129 
498 -0.002908 
499 -0.005395 
500 -0.005752 
501 -0.003931 
502 -0.002053 
503 -0.001970 
504 -0.002166 
505 -0.000837 
506 0.000026 
507 -0.001916 
508 -0.004221 
509 -0.003476 
510 -0.001095 
511 -0.000697 
512 -0.001692 
513 -0.001592 
514 -0.000897 
515 -0.001527 
516 -0.003213 
517 -0.003648 
518 -0.002571 
519 -0.002293 
520 -0.003333 
521 -0.003528 
522 -0.001920 
523 0.000048 
524 0.000926 
525 0.000705 
526 0.000224 
527 -0.000528 
528 -0.002093 
529 -0.004520 
530 -0.006584 
531 -0.006651 
532 -0.004346 
533 -0.001168 
534 0.001544 
535 0.003234 
536 0.003901 
537 0.003388 
538 0.001234 
539 -0.002346 
540 -0.005631 
541 -0.007022 
542 -0.006093 
543 -0.004102 
544 -0.002222 
545 -0.000058 
546 0.002784 
547 0.005401 
548 0.005919 
549 0.004254 
550 0.002067 
551 -0.000233 
552 -0.003361 
553 -0.006522 
554 -0.008069 
555 -0.007801 
556 -0.005779 
557 -0.001879 
558 0.002706 
559 0.005905 
560 0.006793 
561 0.005584 
562 0.002903 
563 -0.000566 
564 -0.003562 
565 -0.004855 
566 -0.004548 
567 -0.003464 
568 -0.002195 
569 -0.000219 
570 0.002202 
571 0.003210 
572 0.002594 
573 0.002228 
574 0.002336 
575 0.001464 
576 -0.000279 
577 -0.000798 
578 0.000375 
579 0.001457 
580 0.001183 
581 0.000258 
582 0.000081 
583 0.000885 
584 0.001276 
585 0.000698 
586 0.000639 
587 0.001711 
588 0.002563 
589 0.002531 
590 0.002332 
591 0.001988 
592 0.001225 
593 0.000615 
594 0.000551 
595 0.000234 
596 -0.000623 
597 -0.000381 
598 0.001506 
599 0.003070 
600 0.003019 
601 0.002885 
602 0.004026 
603 0.004472 
604 0.002449 
605 -0.000130 
606 -0.000699 
607 -0.000190 
608 -0.000189 
609 0.000551 
610 0.002831 
611 0.005058 
612 0.005565 
613 0.004458 
614 0.002505 
615 0.000607 
616 -0.000054 
617 0.000789 
618 0.001954 
619 0.002389 
620 0.002508 
621 0.003085 
622 0.003667 
623 0.003616 
624 0.003092 
625 0.002281 
626 0.001068 
627 -0.000064 
628 0.000201 
629 0.001781 
630 0.002829 
631 0.002578 
632 0.002511 
633 0.003402 
634 0.003908 
635 0.002700 
636 0.000808 
637 0.000429 
638 0.001636 
639 0.002324 
640 0.001977 
641 0.001955 
642 0.002993 
643 0.003907 
644 0.003365 
645 0.001533 
646 0.000208 
647 0.000254 
648 0.000516 
649 0.000086 
650 0.000154 
651 0.001788 
652 0.003388 
653 0.003727 
654 0.003672 
655 0.003657 
656 0.003074 
657 0.001661 
658 0.000586 
659 0.000292 
660 0.000178 
661 -0.000299 
662 -0.000563 
663 0.000147 
664 0.001783 
665 0.003415 
666 0.004060 
667 0.003265 
668 0.001990 
669 0.001444 
670 0.001181 
671 -0.000072 
672 -0.001229 
673 -0.000356 
674 0.001309 
675 0.001606 
676 0.001246 
677 0.001667 
678 0.001999 
679 0.001241 
680 0.000339 
681 0.000372 
682 0.000828 
683 0.000611 
684 -0.000188 
685 -0.000665 
686 -0.000469 
687 0.000325 
688 0.001147 
689 0.001295 
690 0.001079 
691 0.001449 
692 0.002229 
693 0.002025 
694 0.000494 
695 -0.000883 
696 -0.001125 
697 -0.001095 
698 -0.001485 
699 -0.001633 
700 -0.001094 
701 -0.000145 
702 0.000900 
703 0.001603 
704 0.001438 
705 0.000627 
706 0.000344 
707 0.000824 
708 0.000555 
709 -0.000801 
710 -0.001322 
711 -0.000541 
712 -0.000168 
713 -0.001008 
714 -0.001520 
715 -0.000732 
716 0.000191 
717 0.000315 
718 0.000451 
719 0.000825 
720 0.000629 
721 -0.000257 
722 -0.000966 
723 -0.001405 
724 -0.001778 
725 -0.001336 
726 0.000219 
727 0.001290 
728 0.000879 
729 -0.000006 
730 -0.000625 
731 -0.001441 
732 -0.002429 
733 -0.002536 
734 -0.001324 
735 0.000314 
736 0.001408 
737 0.001809 
738 0.001141 
739 -0.000479 
740 -0.001697 
741 -0.001572 
742 -0.001346 
743 -0.002206 
744 -0.002726 
745 -0.001267 
746 0.000818 
747 0.001196 
748 0.000201 
749 -0.000102 
750 0.000265 
751 -0.000225 
752 -0.001671 
753 -0.002485 
754 -0.001961 
755 -0.001270 
756 -0.001075 
757 -0.000945 
758 -0.000540 
759 -0.000030 
760 0.000142 
761 -0.000145 
762 -0.000658 
763 -0.000963 
764 -0.000914 
765 -0.000718 
766 -0.000515 
767 -0.000413 
768 -0.000544 
769 -0.000654 
770 -0.000561 
771 -0.000572 
772 -0.000694 
773 -0.000496 
774 0.000198 
775 0.000643 
776 0.000148 
777 -0.000697 
778 -0.001084 
779 -0.001149 
780 -0.001179 
781 -0.000820 
782 0.000014 
783 0.000596 
784 0.000416 
785 -0.000015 
786 -0.000284 
787 -0.000674 
788 -0.001066 
789 -0.000993 
790 -0.000587 
791 -0.000499 
792 -0.000442 
793 -0.000009 
794 0.000038 
795 -0.000778 
796 -0.001508 
797 -0.001104 
798 -0.000162 
799 0.000228 
800 -0.000056 
801 -0.000207 
802 0.000159 
803 0.000465 
804 0.000018 
805 -0.000859 
806 -0.001190 
807 -0.000701 
808 0.000057 
809 0.000460 
810 0.000402 
811 0.000192 
812 0.000036 
813 -0.000191 
814 -0.000584 
815 -0.000917 
816 -0.000947 
817 -0.000732 
818 -0.000423 
819 -0.000062 
820 0.000138 
821 0.000225 
822 0.000501 
823 0.000854 
824 0.000786 
825 0.000335 
826 0.000023 
827 -0.000024 
828 -0.000141 
829 -0.000533 
830 -0.000826 
831 -0.000692 
832 -0.000222 
833 0.000308 
834 0.000546 
835 0.000336 
836 0.000020 
837 0.000132 
838 0.000550 
839 0.000583 
840 0.000129 
841 -0.000207 
842 -0.000144 
843 0.000000 
844 0.000025 
845 0.000012 
846 0.000049 
847 0.000129 
848 0.000206 
849 0.000242 
850 0.000192 
851 0.000193 
852 0.000458 
853 0.000850 
854 0.000953 
855 0.000788 
856 0.000604 
857 0.000362 
858 -0.000170 
859 -0.000753 
860 -0.000912 
861 -0.000653 
862 -0.000166 
863 0.000573 
864 0.001330 
865 0.001674 
866 0.001646 
867 0.001438 
868 0.000849 
869 -0.000127 
870 -0.000926 
871 -0.001156 
872 -0.001031 
873 -0.000809 
874 -0.000418 
875 0.000300 
876 0.001181 
877 0.001759 
878 0.001887 
879 0.001696 
880 0.001126 
881 0.000238 
882 -0.000407 
883 -0.000630 
884 -0.000852 
885 -0.001038 
886 -0.000667 
887 0.000049 
888 0.000462 
889 0.000587 
890 0.000784 
891 0.000926 
892 0.000743 
893 0.000415 
894 0.000228 
895 0.000088 
896 -0.000131 
897 -0.000048 
898 0.000419 
899 0.000682 
900 0.000406 
901 0.000092 
902 0.000102 
903 0.000124 
904 0.000058 
905 0.000228 
906 0.000520 
907 0.000563 
908 0.000370 
909 0.000217 
910 0.000028 
911 -0.000319 
912 -0.000495 
913 -0.000241 
914 0.000105 
915 0.000223 
916 0.000353 
917 0.000718 
918 0.000941 
919 0.000671 
920 0.000238 
921 0.000042 
922 -0.000055 
923 -0.000266 
924 -0.000412 
925 -0.000324 
926 -0.000061 
927 0.000213 
928 0.000397 
929 0.000499 
930 0.000579 
931 0.000638 
932 0.000492 
933 0.000168 
934 -0.000079 
935 -0.000148 
936 -0.000258 
937 -0.000430 
938 -0.000339 
939 0.000113 
940 0.000468 
941 0.000373 
942 0.000168 
943 0.000166 
944 0.000136 
945 -0.000154 
946 -0.000396 
947 -0.000319 
948 -0.000149 
949 -0.000133 
950 -0.000068 
951 0.000148 
952 0.000247 
953 0.000120 
954 0.000007 
955 -0.000004 
956 -0.000114 
957 -0.000322 
958 -0.000319 
959 -0.000066 
960 0.000109 
961 0.000027 
962 -0.000125 
963 -0.000123 
964 -0.000036 
965 -0.000051 
966 -0.000195 
967 -0.000312 
968 -0.000276 
969 -0.000114 
970 0.000029 
971 0.000045 
972 -0.000029 
973 -0.000035 
974 0.000055 
975 0.000039 
976 -0.000195 
977 -0.000483 
978 -0.000562 
979 -0.000406 
980 -0.000242 
981 -0.000186 
982 -0.000110 
983 0.000092 
984 0.000271 
985 0.000179 
986 -0.000112 
987 -0.000312 
988 -0.000346 
989 -0.000399 
990 -0.000512 
991 -0.000478 
992 -0.000262 
993 -0.000047 
994 0.000081 
995 0.000163 
996 0.000147 
997 -0.000021 
998 -0.000197 
999 -0.000283 
1000 -0.000414 
1001 -0.000625 
1002 -0.000672 
1003 -0.000413 
1004 -0.000074 
1005 0.000074 
1006 0.000085 
1007 0.000119 
1008 0.000139 
1009 0.000008 
1010 -0.000237 
1011 -0.000436 
1012 -0.000464 
1013 -0.000317 
1014 -0.000166 
1015 -0.000159 
1016 -0.000176 
1017 -0.000071 
1018 -0.000003 
1019 -0.000156 
1020 -0.000337 
1021 -0.000275 
1022 -0.000082 
1023 -0.000050 
