0 -0.000251 
1 -0.000277 
2 -0.000311 
3 -0.000335 
4 -0.000346 
5 -0.000332 
6 -0.000286 
7 -0.000229 
8 -0.000175 
9 -0.000159 
10 -0.000177 
11 -0.000215 
12 -0.000263 
13 -0.000323 
14 -0.000362 
15 -0.000357 
16 -0.000324 
17 -0.000295 
18 -0.000284 
19 -0.000277 
20 -0.000291 
21 -0.000369 
22 -0.000459 
23 -0.000502 
24 -0.000497 
25 -0.000477 
26 -0.000458 
27 -0.000415 
28 -0.000381 
29 -0.000417 
30 -0.000481 
31 -0.000516 
32 -0.000531 
33 -0.000557 
34 -0.000571 
35 -0.000545 
36 -0.000496 
37 -0.000469 
38 -0.000465 
39 -0.000490 
40 -0.000547 
41 -0.000620 
42 -0.000658 
43 -0.000651 
44 -0.000628 
45 -0.000583 
46 -0.000517 
47 -0.000448 
48 -0.000410 
49 -0.000414 
50 -0.000427 
51 -0.000457 
52 -0.000500 
53 -0.000522 
54 -0.000496 
55 -0.000446 
56 -0.000430 
57 -0.000416 
58 -0.000384 
59 -0.000366 
60 -0.000385 
61 -0.000419 
62 -0.000442 
63 -0.000438 
64 -0.000395 
65 -0.000332 
66 -0.000276 
67 -0.000269 
68 -0.000294 
69 -0.000309 
70 -0.000322 
71 -0.000338 
72 -0.000330 
73 -0.000282 
74 -0.000225 
75 -0.000185 
76 -0.000152 
77 -0.000115 
78 -0.000130 
79 -0.000215 
80 -0.000301 
81 -0.000326 
82 -0.000309 
83 -0.000255 
84 -0.000132 
85 0.000003 
86 0.000059 
87 0.000059 
88 0.000046 
89 0.000029 
90 0.000011 
91 0.000017 
92 0.000089 
93 0.000189 
94 0.000267 
95 0.000321 
96 0.000319 
97 0.000245 
98 0.000162 
99 0.000117 
100 0.000118 
101 0.000174 
102 0.000266 
103 0.000396 
104 0.000532 
105 0.000600 
106 0.000593 
107 0.000586 
108 0.000591 
109 0.000546 
110 0.000495 
111 0.000509 
112 0.000598 
113 0.000680 
114 0.000747 
115 0.000778 
116 0.000780 
117 0.000738 
118 0.000711 
119 0.000745 
120 0.000813 
121 0.000901 
122 0.001003 
123 0.001097 
124 0.001125 
125 0.001101 
126 0.001105 
127 0.001103 
128 0.001098 
129 0.001154 
130 0.001307 
131 0.001447 
132 0.001496 
133 0.001502 
134 0.001480 
135 0.001381 
136 0.001225 
137 0.001131 
138 0.001181 
139 0.001349 
140 0.001577 
141 0.001852 
142 0.002134 
143 0.002274 
144 0.002216 
145 0.001990 
146 0.001755 
147 0.001563 
148 0.001451 
149 0.001522 
150 0.001803 
151 0.002128 
152 0.002317 
153 0.002349 
154 0.002294 
155 0.002106 
156 0.001887 
157 0.001749 
158 0.001733 
159 0.001749 
160 0.001824 
161 0.002011 
162 0.002214 
163 0.002279 
164 0.002276 
165 0.002311 
166 0.002315 
167 0.002269 
168 0.002236 
169 0.002248 
170 0.002221 
171 0.002089 
172 0.002000 
173 0.002000 
174 0.002031 
175 0.002116 
176 0.002259 
177 0.002406 
178 0.002486 
179 0.002535 
180 0.002601 
181 0.002560 
182 0.002340 
183 0.002155 
184 0.002102 
185 0.002153 
186 0.002280 
187 0.002490 
188 0.002656 
189 0.002644 
190 0.002490 
191 0.002313 
192 0.002123 
193 0.001967 
194 0.001928 
195 0.002070 
196 0.002300 
197 0.002448 
198 0.002548 
199 0.002585 
200 0.002497 
201 0.002182 
202 0.001783 
203 0.001573 
204 0.001480 
205 0.001429 
206 0.001495 
207 0.001628 
208 0.001668 
209 0.001432 
210 0.001076 
211 0.000748 
212 0.000358 
213 -0.000024 
214 -0.000188 
215 -0.000118 
216 0.000035 
217 0.000077 
218 0.000088 
219 -0.000009 
220 -0.000297 
221 -0.000664 
222 -0.000988 
223 -0.001192 
224 -0.001334 
225 -0.001391 
226 -0.001417 
227 -0.001543 
228 -0.001827 
229 -0.002229 
230 -0.002612 
231 -0.002916 
232 -0.002991 
233 -0.002861 
234 -0.002557 
235 -0.002241 
236 -0.002159 
237 -0.002304 
238 -0.002664 
239 -0.003091 
240 -0.003524 
241 -0.003887 
242 -0.003955 
243 -0.003871 
244 -0.003754 
245 -0.003715 
246 -0.003836 
247 -0.004117 
248 -0.004405 
249 -0.004651 
250 -0.004731 
251 -0.004698 
252 -0.004620 
253 -0.004466 
254 -0.004435 
255 -0.004551 
256 -0.004766 
257 -0.004965 
258 -0.005182 
259 -0.005266 
260 -0.005121 
261 -0.004871 
262 -0.004755 
263 -0.004766 
264 -0.004853 
265 -0.005115 
266 -0.005514 
267 -0.005830 
268 -0.006010 
269 -0.006054 
270 -0.005852 
271 -0.005313 
272 -0.004658 
273 -0.004201 
274 -0.004109 
275 -0.004283 
276 -0.004499 
277 -0.004588 
278 -0.004439 
279 -0.004239 
280 -0.004053 
281 -0.003873 
282 -0.003840 
283 -0.004014 
284 -0.004320 
285 -0.004518 
286 -0.004563 
287 -0.004414 
288 -0.004025 
289 -0.003624 
290 -0.003359 
291 -0.003414 
292 -0.003696 
293 -0.004127 
294 -0.004527 
295 -0.004787 
296 -0.004736 
297 -0.004443 
298 -0.003956 
299 -0.003412 
300 -0.003151 
301 -0.003334 
302 -0.003709 
303 -0.004108 
304 -0.004611 
305 -0.005193 
306 -0.005528 
307 -0.005429 
308 -0.005182 
309 -0.004910 
310 -0.004544 
311 -0.004103 
312 -0.003947 
313 -0.004049 
314 -0.004056 
315 -0.003925 
316 -0.003702 
317 -0.003534 
318 -0.003292 
319 -0.003023 
320 -0.002881 
321 -0.002824 
322 -0.002830 
323 -0.002836 
324 -0.002755 
325 -0.002356 
326 -0.001755 
327 -0.001288 
328 -0.001136 
329 -0.001197 
330 -0.001209 
331 -0.001046 
332 -0.000710 
333 -0.000138 
334 0.000737 
335 0.001559 
336 0.001957 
337 0.002070 
338 0.002095 
339 0.001949 
340 0.001649 
341 0.001577 
342 0.001706 
343 0.002000 
344 0.002301 
345 0.002787 
346 0.003284 
347 0.003423 
348 0.003490 
349 0.003649 
350 0.003719 
351 0.003705 
352 0.003616 
353 0.003516 
354 0.003412 
355 0.003460 
356 0.004020 
357 0.005085 
358 0.006116 
359 0.006638 
360 0.006652 
361 0.006348 
362 0.005731 
363 0.005127 
364 0.004986 
365 0.005240 
366 0.005678 
367 0.006186 
368 0.006842 
369 0.007364 
370 0.007404 
371 0.007049 
372 0.006526 
373 0.006067 
374 0.005849 
375 0.006010 
376 0.006466 
377 0.006933 
378 0.007225 
379 0.007322 
380 0.007206 
381 0.006949 
382 0.006616 
383 0.006555 
384 0.006635 
385 0.006809 
386 0.006858 
387 0.006773 
388 0.006415 
389 0.005775 
390 0.005269 
391 0.005134 
392 0.005220 
393 0.005321 
394 0.005507 
395 0.005766 
396 0.005812 
397 0.005593 
398 0.005179 
399 0.004682 
400 0.004307 
401 0.004227 
402 0.004250 
403 0.004173 
404 0.004118 
405 0.004156 
406 0.004176 
407 0.004160 
408 0.004411 
409 0.004882 
410 0.005349 
411 0.005702 
412 0.005994 
413 0.006075 
414 0.005890 
415 0.005400 
416 0.004902 
417 0.004707 
418 0.004920 
419 0.005598 
420 0.006260 
421 0.006610 
422 0.006538 
423 0.006298 
424 0.005817 
425 0.005040 
426 0.004260 
427 0.003990 
428 0.004360 
429 0.005098 
430 0.005951 
431 0.006488 
432 0.006596 
433 0.006138 
434 0.005457 
435 0.004827 
436 0.004376 
437 0.003790 
438 0.003205 
439 0.002844 
440 0.002650 
441 0.002517 
442 0.002305 
443 0.002093 
444 0.001834 
445 0.001381 
446 0.001004 
447 0.000737 
448 0.000460 
449 0.000156 
450 -0.000146 
451 -0.000528 
452 -0.000911 
453 -0.001121 
454 -0.001070 
455 -0.001095 
456 -0.001428 
457 -0.001619 
458 -0.001687 
459 -0.001884 
460 -0.002357 
461 -0.002683 
462 -0.002797 
463 -0.003048 
464 -0.003268 
465 -0.003315 
466 -0.003210 
467 -0.003273 
468 -0.003545 
469 -0.003739 
470 -0.003829 
471 -0.003811 
472 -0.003678 
473 -0.003410 
474 -0.003305 
475 -0.003650 
476 -0.004065 
477 -0.004236 
478 -0.004371 
479 -0.004490 
480 -0.004505 
481 -0.004524 
482 -0.004591 
483 -0.004830 
484 -0.005029 
485 -0.005258 
486 -0.005645 
487 -0.005909 
488 -0.005865 
489 -0.005630 
490 -0.005254 
491 -0.004851 
492 -0.004527 
493 -0.004490 
494 -0.004830 
495 -0.005150 
496 -0.005136 
497 -0.005002 
498 -0.004954 
499 -0.005073 
500 -0.004965 
501 -0.004750 
502 -0.004715 
503 -0.004653 
504 -0.004496 
505 -0.004268 
506 -0.004082 
507 -0.003798 
508 -0.003366 
509 -0.003070 
510 -0.002967 
511 -0.002990 
512 -0.003160 
513 -0.003481 
514 -0.003889 
515 -0.004178 
516 -0.004307 
517 -0.004122 
518 -0.003558 
519 -0.002846 
520 -0.002173 
521 -0.001966 
522 -0.002188 
523 -0.002642 
524 -0.003226 
525 -0.003940 
526 -0.004406 
527 -0.004323 
528 -0.003907 
529 -0.003544 
530 -0.003392 
531 -0.003296 
532 -0.003463 
533 -0.004362 
534 -0.005402 
535 -0.005868 
536 -0.005766 
537 -0.005497 
538 -0.005241 
539 -0.004727 
540 -0.004305 
541 -0.004698 
542 -0.005386 
543 -0.005741 
544 -0.005883 
545 -0.006136 
546 -0.006239 
547 -0.005911 
548 -0.005326 
549 -0.004980 
550 -0.004887 
551 -0.005104 
552 -0.005660 
553 -0.006379 
554 -0.006726 
555 -0.006604 
556 -0.006315 
557 -0.005798 
558 -0.005081 
559 -0.004344 
560 -0.003926 
561 -0.003933 
562 -0.004017 
563 -0.004259 
564 -0.004621 
565 -0.004789 
566 -0.004495 
567 -0.003996 
568 -0.003810 
569 -0.003654 
570 -0.003318 
571 -0.003123 
572 -0.003259 
573 -0.003519 
574 -0.003686 
575 -0.003616 
576 -0.003221 
577 -0.002667 
578 -0.002168 
579 -0.002077 
580 -0.002253 
581 -0.002344 
582 -0.002424 
583 -0.002523 
584 -0.002432 
585 -0.002051 
586 -0.001604 
587 -0.001298 
588 -0.001040 
589 -0.000762 
590 -0.000857 
591 -0.001442 
592 -0.002026 
593 -0.002180 
594 -0.002048 
595 -0.001668 
596 -0.000827 
597 0.000084 
598 0.000457 
599 0.000451 
600 0.000368 
601 0.000255 
602 0.000146 
603 0.000183 
604 0.000627 
605 0.001234 
606 0.001689 
607 0.001991 
608 0.001953 
609 0.001497 
610 0.001006 
611 0.000748 
612 0.000748 
613 0.001054 
614 0.001546 
615 0.002223 
616 0.002911 
617 0.003225 
618 0.003143 
619 0.003072 
620 0.003067 
621 0.002807 
622 0.002523 
623 0.002562 
624 0.002963 
625 0.003320 
626 0.003601 
627 0.003699 
628 0.003661 
629 0.003418 
630 0.003249 
631 0.003354 
632 0.003618 
633 0.003957 
634 0.004353 
635 0.004704 
636 0.004764 
637 0.004605 
638 0.004566 
639 0.004498 
640 0.004415 
641 0.004580 
642 0.005114 
643 0.005585 
644 0.005703 
645 0.005656 
646 0.005508 
647 0.005081 
648 0.004448 
649 0.004056 
650 0.004185 
651 0.004723 
652 0.005456 
653 0.006338 
654 0.007224 
655 0.007615 
656 0.007334 
657 0.006504 
658 0.005665 
659 0.004979 
660 0.004564 
661 0.004728 
662 0.005544 
663 0.006477 
664 0.006975 
665 0.006992 
666 0.006745 
667 0.006113 
668 0.005404 
669 0.004939 
670 0.004833 
671 0.004823 
672 0.004975 
673 0.005430 
674 0.005918 
675 0.006028 
676 0.005953 
677 0.005980 
678 0.005920 
679 0.005734 
680 0.005576 
681 0.005544 
682 0.005406 
683 0.005020 
684 0.004745 
685 0.004694 
686 0.004714 
687 0.004862 
688 0.005142 
689 0.005423 
690 0.005542 
691 0.005583 
692 0.005657 
693 0.005493 
694 0.004945 
695 0.004486 
696 0.004324 
697 0.004388 
698 0.004611 
699 0.005000 
700 0.005284 
701 0.005200 
702 0.004832 
703 0.004420 
704 0.003993 
705 0.003644 
706 0.003531 
707 0.003764 
708 0.004154 
709 0.004384 
710 0.004517 
711 0.004535 
712 0.004329 
713 0.003722 
714 0.002978 
715 0.002579 
716 0.002390 
717 0.002276 
718 0.002367 
719 0.002568 
720 0.002607 
721 0.002194 
722 0.001595 
723 0.001047 
724 0.000417 
725 -0.000185 
726 -0.000432 
727 -0.000310 
728 -0.000063 
729 0.000011 
730 0.000034 
731 -0.000108 
732 -0.000524 
733 -0.001051 
734 -0.001504 
735 -0.001774 
736 -0.001950 
737 -0.002002 
738 -0.002009 
739 -0.002156 
740 -0.002506 
741 -0.003006 
742 -0.003471 
743 -0.003823 
744 -0.003881 
745 -0.003674 
746 -0.003254 
747 -0.002822 
748 -0.002687 
749 -0.002829 
750 -0.003227 
751 -0.003699 
752 -0.004166 
753 -0.004545 
754 -0.004573 
755 -0.004429 
756 -0.004246 
757 -0.004156 
758 -0.004242 
759 -0.004503 
760 -0.004769 
761 -0.004983 
762 -0.005012 
763 -0.004923 
764 -0.004787 
765 -0.004574 
766 -0.004494 
767 -0.004558 
768 -0.004720 
769 -0.004862 
770 -0.005021 
771 -0.005049 
772 -0.004855 
773 -0.004566 
774 -0.004404 
775 -0.004363 
776 -0.004391 
777 -0.004578 
778 -0.004886 
779 -0.005115 
780 -0.005216 
781 -0.005198 
782 -0.004966 
783 -0.004454 
784 -0.003853 
785 -0.003432 
786 -0.003322 
787 -0.003430 
788 -0.003568 
789 -0.003597 
790 -0.003437 
791 -0.003241 
792 -0.003060 
793 -0.002888 
794 -0.002830 
795 -0.002928 
796 -0.003125 
797 -0.003236 
798 -0.003236 
799 -0.003094 
800 -0.002786 
801 -0.002475 
802 -0.002262 
803 -0.002272 
804 -0.002438 
805 -0.002705 
806 -0.002946 
807 -0.003088 
808 -0.003023 
809 -0.002799 
810 -0.002455 
811 -0.002082 
812 -0.001898 
813 -0.001991 
814 -0.002199 
815 -0.002418 
816 -0.002695 
817 -0.003014 
818 -0.003180 
819 -0.003088 
820 -0.002913 
821 -0.002726 
822 -0.002491 
823 -0.002220 
824 -0.002110 
825 -0.002142 
826 -0.002122 
827 -0.002029 
828 -0.001893 
829 -0.001789 
830 -0.001648 
831 -0.001491 
832 -0.001401 
833 -0.001354 
834 -0.001340 
835 -0.001328 
836 -0.001274 
837 -0.001071 
838 -0.000777 
839 -0.000553 
840 -0.000480 
841 -0.000505 
842 -0.000506 
843 -0.000427 
844 -0.000272 
845 -0.000016 
846 0.000364 
847 0.000711 
848 0.000871 
849 0.000906 
850 0.000903 
851 0.000831 
852 0.000696 
853 0.000655 
854 0.000696 
855 0.000800 
856 0.000907 
857 0.001082 
858 0.001258 
859 0.001295 
860 0.001303 
861 0.001344 
862 0.001353 
863 0.001331 
864 0.001282 
865 0.001231 
866 0.001181 
867 0.001183 
868 0.001361 
869 0.001703 
870 0.002025 
871 0.002174 
872 0.002153 
873 0.002030 
874 0.001808 
875 0.001595 
876 0.001533 
877 0.001593 
878 0.001708 
879 0.001840 
880 0.002013 
881 0.002142 
882 0.002128 
883 0.001999 
884 0.001827 
885 0.001676 
886 0.001596 
887 0.001621 
888 0.001726 
889 0.001832 
890 0.001890 
891 0.001893 
892 0.001841 
893 0.001753 
894 0.001647 
895 0.001610 
896 0.001610 
897 0.001633 
898 0.001627 
899 0.001588 
900 0.001486 
901 0.001318 
902 0.001184 
903 0.001137 
904 0.001141 
905 0.001150 
906 0.001177 
907 0.001221 
908 0.001217 
909 0.001157 
910 0.001058 
911 0.000943 
912 0.000855 
913 0.000827 
914 0.000821 
915 0.000797 
916 0.000778 
917 0.000777 
918 0.000772 
919 0.000760 
920 0.000798 
921 0.000875 
922 0.000949 
923 0.001001 
924 0.001041 
925 0.001043 
926 0.000998 
927 0.000903 
928 0.000808 
929 0.000767 
930 0.000794 
931 0.000894 
932 0.000989 
933 0.001034 
934 0.001011 
935 0.000961 
936 0.000875 
937 0.000745 
938 0.000619 
939 0.000572 
940 0.000620 
941 0.000721 
942 0.000836 
943 0.000903 
944 0.000909 
945 0.000835 
946 0.000734 
947 0.000640 
948 0.000573 
949 0.000488 
950 0.000407 
951 0.000355 
952 0.000327 
953 0.000308 
954 0.000278 
955 0.000248 
956 0.000214 
957 0.000156 
958 0.000110 
959 0.000077 
960 0.000044 
961 0.000010 
962 -0.000025 
963 -0.000069 
964 -0.000111 
965 -0.000135 
966 -0.000128 
967 -0.000130 
968 -0.000165 
969 -0.000182 
970 -0.000187 
971 -0.000206 
972 -0.000253 
973 -0.000285 
974 -0.000294 
975 -0.000317 
976 -0.000337 
977 -0.000338 
978 -0.000324 
979 -0.000326 
980 -0.000348 
981 -0.000363 
982 -0.000368 
983 -0.000363 
984 -0.000348 
985 -0.000321 
986 -0.000309 
987 -0.000339 
988 -0.000374 
989 -0.000387 
990 -0.000396 
991 -0.000402 
992 -0.000400 
993 -0.000397 
994 -0.000399 
995 -0.000417 
996 -0.000432 
997 -0.000450 
998 -0.000480 
999 -0.000500 
1000 -0.000493 
1001 -0.000471 
1002 -0.000437 
1003 -0.000401 
1004 -0.000372 
1005 -0.000366 
1006 -0.000393 
1007 -0.000418 
1008 -0.000416 
1009 -0.000404 
1010 -0.000399 
1011 -0.000408 
1012 -0.000398 
1013 -0.000380 
1014 -0.000377 
1015 -0.000371 
1016 -0.000357 
1017 -0.000339 
1018 -0.000323 
1019 -0.000300 
1020 -0.000265 
1021 -0.000241 
1022 -0.000232 
1023 -0.000234 
