0 0.036706 
1 0.009788 
2 -0.008097 
3 0.001852 
4 0.005468 
5 -0.019022 
6 -0.011973 
7 0.007588 
8 0.039351 
9 -0.008493 
10 -0.001816 
11 0.000245 
12 0.020590 
13 -0.042680 
14 -0.029188 
15 -0.003889 
16 0.059246 
17 0.026585 
18 0.036871 
19 0.048741 
20 0.033599 
21 -0.031505 
22 -0.044620 
23 -0.060408 
24 -0.076680 
25 -0.086701 
26 0.007396 
27 0.066523 
28 0.103805 
29 0.062546 
30 0.082868 
31 0.008884 
32 -0.019975 
33 -0.109980 
34 -0.041664 
35 -0.061175 
36 0.007285 
37 -0.064650 
38 0.011838 
39 0.034379 
40 0.079339 
41 0.037255 
42 0.006906 
43 -0.042265 
44 -0.039025 
45 0.017408 
46 0.018941 
47 0.004314 
48 -0.027688 
49 0.012412 
50 0.044478 
51 0.012988 
52 -0.023290 
53 -0.052864 
54 0.003102 
55 -0.028220 
56 0.022652 
57 -0.011167 
58 0.053110 
59 0.000253 
60 -0.004874 
61 -0.043080 
62 0.002078 
63 -0.013604 
64 -0.003575 
65 -0.030633 
66 -0.003125 
67 0.005892 
68 0.026477 
69 0.026554 
70 0.002193 
71 -0.022691 
72 -0.033132 
73 -0.012594 
74 -0.012249 
75 -0.007757 
76 0.002751 
77 0.003025 
78 0.028110 
79 -0.007919 
80 -0.008523 
81 -0.034498 
82 -0.002963 
83 -0.046546 
84 -0.001039 
85 -0.011814 
86 0.054119 
87 -0.003691 
88 0.016286 
89 -0.029600 
90 0.014113 
91 -0.029547 
92 -0.024461 
93 -0.029762 
94 -0.016316 
95 -0.025639 
96 -0.009277 
97 0.027368 
98 0.050571 
99 0.013555 
100 -0.033061 
101 -0.018365 
102 -0.035257 
103 -0.021125 
104 -0.019998 
105 0.009082 
106 0.008981 
107 -0.005645 
108 -0.001566 
109 0.018473 
110 0.019936 
111 -0.038022 
112 -0.020884 
113 -0.044542 
114 -0.013012 
115 -0.019526 
116 0.038401 
117 0.015106 
118 0.008864 
119 -0.006714 
120 0.003185 
121 -0.003431 
122 -0.045226 
123 -0.011125 
124 -0.024204 
125 0.002935 
126 -0.022472 
127 0.031535 
128 0.028413 
129 0.014038 
130 -0.034561 
131 0.001390 
132 -0.008434 
133 -0.018696 
134 -0.039274 
135 0.014695 
136 0.017468 
137 0.018755 
138 -0.007379 
139 0.016374 
140 -0.004852 
141 -0.026525 
142 -0.042187 
143 0.020489 
144 0.006161 
145 -0.001986 
146 0.015212 
147 0.017465 
148 0.022857 
149 -0.035028 
150 0.028671 
151 -0.021333 
152 0.003593 
153 -0.067968 
154 0.013220 
155 -0.007349 
156 0.046661 
157 0.029812 
158 0.032403 
159 -0.004695 
160 -0.013162 
161 -0.017023 
162 -0.030703 
163 0.001471 
164 -0.015300 
165 0.046107 
166 -0.011926 
167 0.013119 
168 0.010584 
169 0.061629 
170 -0.001619 
171 -0.014525 
172 -0.052382 
173 0.006519 
174 -0.004273 
175 0.034042 
176 -0.001001 
177 0.060280 
178 -0.005879 
179 0.016364 
180 -0.027891 
181 0.022797 
182 -0.019865 
183 0.011319 
184 -0.007604 
185 0.022066 
186 0.003314 
187 0.028733 
188 0.036148 
189 0.011824 
190 -0.008023 
191 -0.017320 
192 -0.019918 
193 0.001304 
194 0.024062 
195 0.022756 
196 0.021749 
197 0.025446 
198 0.025927 
199 0.011091 
200 -0.001110 
201 -0.035312 
202 0.013714 
203 -0.018754 
204 0.009137 
205 0.005541 
206 0.059003 
207 0.025442 
208 0.031942 
209 -0.016075 
210 0.027934 
211 -0.004102 
212 -0.018538 
213 -0.044152 
214 0.001119 
215 0.029059 
216 0.048356 
217 0.032641 
218 0.024796 
219 -0.006567 
220 0.007270 
221 -0.005237 
222 0.012385 
223 -0.042992 
224 -0.002815 
225 0.002746 
226 0.028748 
227 0.030597 
228 0.029860 
229 0.032778 
230 -0.006911 
231 -0.015225 
232 -0.043457 
233 0.012778 
234 -0.011943 
235 0.033438 
236 -0.012091 
237 0.040631 
238 -0.001322 
239 0.045790 
240 -0.036641 
241 0.007992 
242 -0.033742 
243 0.014053 
244 -0.013694 
245 0.029576 
246 -0.003032 
247 0.034736 
248 -0.013608 
249 0.001218 
250 -0.016534 
251 -0.012016 
252 -0.020738 
253 -0.010689 
254 0.010217 
255 0.028511 
256 0.003399 
257 0.011176 
258 0.012884 
259 0.007324 
260 -0.038741 
261 -0.018816 
262 -0.040081 
263 0.012636 
264 0.008580 
265 0.024384 
266 0.002803 
267 0.020493 
268 -0.015818 
269 -0.000961 
270 -0.025179 
271 -0.033343 
272 -0.015463 
273 -0.014513 
274 0.012134 
275 0.017496 
276 0.026922 
277 0.018446 
278 -0.000964 
279 -0.032375 
280 -0.034020 
281 -0.015789 
282 -0.028963 
283 -0.017319 
284 -0.010853 
285 0.018887 
286 0.010823 
287 0.033749 
288 0.001992 
289 0.027084 
290 -0.055546 
291 -0.020373 
292 -0.042856 
293 0.009749 
294 -0.038876 
295 0.026381 
296 -0.029664 
297 0.030354 
298 -0.030265 
299 0.032657 
300 -0.039578 
301 0.020410 
302 -0.048418 
303 0.018239 
304 -0.028558 
305 0.009370 
306 -0.001430 
307 0.008885 
308 -0.018131 
309 -0.025253 
310 -0.026020 
311 -0.002605 
312 0.000142 
313 -0.024958 
314 -0.005136 
315 0.013361 
316 0.020254 
317 -0.003731 
318 -0.013643 
319 -0.035595 
320 -0.021597 
321 -0.028047 
322 0.025981 
323 -0.012623 
324 0.008011 
325 -0.025219 
326 0.041839 
327 -0.023531 
328 0.007961 
329 -0.046330 
330 -0.005986 
331 -0.041513 
332 -0.020215 
333 -0.013229 
334 0.044231 
335 0.033570 
336 0.012141 
337 -0.013704 
338 -0.018526 
339 -0.016961 
340 -0.016096 
341 -0.032569 
342 -0.024716 
343 -0.002555 
344 0.015603 
345 0.028357 
346 -0.009787 
347 0.000954 
348 -0.004520 
349 0.026567 
350 -0.045947 
351 0.005475 
352 -0.034637 
353 0.046432 
354 -0.036694 
355 0.031669 
356 -0.007992 
357 0.035978 
358 -0.060359 
359 0.019178 
360 -0.026677 
361 0.029887 
362 -0.041751 
363 0.030738 
364 -0.000010 
365 0.049798 
366 -0.044499 
367 0.020949 
368 -0.011951 
369 0.016976 
370 -0.050248 
371 0.014120 
372 -0.006863 
373 0.044339 
374 -0.008207 
375 0.009374 
376 0.004054 
377 0.002250 
378 -0.000536 
379 -0.016739 
380 -0.002750 
381 -0.021079 
382 0.037631 
383 -0.011192 
384 0.027725 
385 -0.010003 
386 0.040576 
387 -0.002944 
388 0.003244 
389 -0.026243 
390 0.008370 
391 -0.020842 
392 -0.011511 
393 0.023736 
394 0.024417 
395 0.014156 
396 -0.002309 
397 0.005972 
398 0.008168 
399 0.013243 
400 -0.018520 
401 0.012122 
402 -0.003183 
403 -0.008518 
404 -0.006526 
405 0.030329 
406 0.016606 
407 0.008340 
408 -0.009635 
409 0.001876 
410 -0.003176 
411 -0.003167 
412 -0.004380 
413 0.021644 
414 -0.006893 
415 0.010394 
416 0.008620 
417 0.030877 
418 0.001628 
419 -0.006505 
420 -0.003815 
421 0.016820 
422 -0.011709 
423 0.000743 
424 -0.001006 
425 0.005932 
426 0.002102 
427 0.007125 
428 -0.000165 
429 0.008615 
430 0.004764 
431 -0.001406 
432 0.009857 
433 0.019499 
434 0.017280 
435 0.007133 
436 -0.006862 
437 -0.022288 
438 0.002558 
439 -0.012006 
440 0.021022 
441 -0.030453 
442 0.015142 
443 -0.006691 
444 0.054165 
445 -0.009231 
446 0.031545 
447 -0.033321 
448 0.002368 
449 -0.022869 
450 0.026444 
451 -0.015769 
452 0.007693 
453 0.000343 
454 0.021562 
455 -0.011419 
456 -0.006393 
457 0.012980 
458 0.000385 
459 -0.019360 
460 0.002409 
461 0.014267 
462 -0.000055 
463 0.005519 
464 -0.005626 
465 0.007099 
466 0.002235 
467 0.007592 
468 -0.022683 
469 0.008378 
470 -0.021985 
471 0.028180 
472 -0.006928 
473 0.029065 
474 -0.027591 
475 -0.010178 
476 -0.034177 
477 0.022275 
478 0.007902 
479 0.014079 
480 0.009658 
481 0.002285 
482 0.006012 
483 0.001477 
484 -0.013622 
485 -0.016379 
486 -0.016588 
487 -0.006567 
488 -0.010952 
489 0.001281 
490 0.008332 
491 0.023409 
492 0.005729 
493 0.000006 
494 0.013022 
495 -0.017495 
496 -0.014140 
497 -0.019092 
498 0.000570 
499 -0.030363 
500 0.034766 
501 -0.009766 
502 0.028109 
503 -0.040890 
504 0.023648 
505 -0.009953 
506 0.029381 
507 -0.044689 
508 0.016805 
509 -0.038635 
510 0.030065 
511 -0.026757 
512 0.023553 
513 -0.023854 
514 0.042621 
515 -0.030556 
516 0.024414 
517 -0.015799 
518 0.021948 
519 -0.046391 
520 -0.003991 
521 -0.031653 
522 0.019505 
523 -0.010065 
524 0.025868 
525 0.006999 
526 -0.002159 
527 0.003822 
528 0.002994 
529 0.005761 
530 -0.028411 
531 0.013894 
532 -0.032262 
533 0.007973 
534 -0.019596 
535 0.026050 
536 -0.014422 
537 0.006409 
538 -0.006631 
539 0.011937 
540 -0.001817 
541 0.003956 
542 0.008802 
543 -0.007300 
544 0.027086 
545 -0.007789 
546 -0.007706 
547 -0.030950 
548 0.004069 
549 -0.017063 
550 0.021157 
551 0.002557 
552 0.032764 
553 -0.011650 
554 0.003285 
555 -0.012299 
556 0.005132 
557 -0.023033 
558 0.012613 
559 -0.012672 
560 0.012196 
561 0.004043 
562 0.037683 
563 -0.010767 
564 0.021778 
565 -0.026918 
566 -0.002723 
567 -0.037581 
568 0.011061 
569 -0.006191 
570 0.026118 
571 -0.009762 
572 0.039870 
573 -0.001489 
574 0.016133 
575 -0.031249 
576 0.008613 
577 -0.018109 
578 0.037551 
579 -0.028481 
580 0.011660 
581 -0.007565 
582 0.027892 
583 -0.019613 
584 0.006189 
585 -0.010419 
586 0.009855 
587 -0.004890 
588 0.009140 
589 0.029840 
590 -0.000247 
591 0.006327 
592 -0.008080 
593 0.008512 
594 -0.031771 
595 0.007206 
596 -0.008648 
597 0.019925 
598 -0.003229 
599 0.016162 
600 0.010533 
601 0.026615 
602 -0.016466 
603 -0.016377 
604 -0.015094 
605 0.005406 
606 0.010214 
607 0.000783 
608 0.004743 
609 0.012374 
610 0.017154 
611 -0.001548 
612 0.013383 
613 -0.012236 
614 -0.007704 
615 -0.014561 
616 0.018280 
617 -0.008410 
618 0.012349 
619 -0.021469 
620 0.023801 
621 -0.027512 
622 0.035160 
623 0.012338 
624 0.025177 
625 -0.030737 
626 -0.004527 
627 -0.006945 
628 0.004672 
629 0.005341 
630 -0.012240 
631 -0.010535 
632 0.002325 
633 0.019965 
634 0.018886 
635 -0.004079 
636 0.004296 
637 -0.009550 
638 0.007452 
639 -0.024056 
640 0.004304 
641 -0.012047 
642 0.013237 
643 -0.011691 
644 0.008788 
645 0.014785 
646 0.009922 
647 -0.013451 
648 -0.028543 
649 0.004169 
650 0.012461 
651 0.018634 
652 -0.004953 
653 -0.001096 
654 -0.020589 
655 -0.011517 
656 -0.000650 
657 0.006730 
658 -0.021300 
659 0.014219 
660 0.001140 
661 0.027484 
662 -0.007747 
663 0.021027 
664 -0.037938 
665 0.007758 
666 -0.047363 
667 0.006130 
668 -0.012989 
669 0.022785 
670 -0.001622 
671 0.015854 
672 0.000843 
673 0.005393 
674 0.003381 
675 -0.034949 
676 -0.009478 
677 -0.041225 
678 0.027299 
679 -0.020005 
680 0.038699 
681 -0.027872 
682 0.040974 
683 -0.038213 
684 0.017022 
685 -0.045973 
686 0.007467 
687 -0.027601 
688 0.021865 
689 -0.021077 
690 0.019013 
691 -0.013156 
692 0.001209 
693 -0.004748 
694 0.002863 
695 -0.011237 
696 -0.009459 
697 -0.012333 
698 -0.008968 
699 0.006254 
700 -0.017996 
701 0.000566 
702 -0.009212 
703 0.008455 
704 -0.017812 
705 0.004246 
706 -0.006493 
707 0.029673 
708 -0.021264 
709 0.000087 
710 -0.035543 
711 0.005164 
712 -0.044787 
713 -0.001621 
714 -0.018806 
715 0.051722 
716 -0.008889 
717 0.020223 
718 -0.031319 
719 0.021805 
720 -0.037649 
721 0.010580 
722 -0.024815 
723 0.035605 
724 -0.043503 
725 -0.000295 
726 -0.037650 
727 0.050535 
728 -0.021244 
729 0.028103 
730 -0.040539 
731 0.017924 
732 -0.032920 
733 0.031892 
734 0.002872 
735 0.012878 
736 -0.021386 
737 -0.012187 
738 -0.010622 
739 -0.022458 
740 -0.002926 
741 0.000884 
742 0.026418 
743 0.005503 
744 0.023173 
745 -0.000839 
746 0.015662 
747 -0.046637 
748 -0.019515 
749 -0.026008 
750 0.033640 
751 -0.006705 
752 0.016448 
753 0.003333 
754 0.024904 
755 -0.004912 
756 0.013711 
757 -0.009076 
758 -0.015813 
759 -0.026621 
760 0.004599 
761 0.012557 
762 0.006080 
763 0.018470 
764 0.004222 
765 0.008235 
766 -0.009139 
767 0.021910 
768 -0.005192 
769 0.006637 
770 -0.030346 
771 0.012246 
772 -0.002431 
773 0.025329 
774 0.002837 
775 0.012398 
776 -0.010117 
777 0.004264 
778 0.000865 
779 0.020610 
780 0.021245 
781 -0.019289 
782 -0.011035 
783 0.004045 
784 0.004796 
785 -0.010413 
786 0.033585 
787 0.026440 
788 0.003856 
789 -0.013316 
790 0.027707 
791 0.001469 
792 -0.011365 
793 -0.018744 
794 0.018664 
795 -0.004843 
796 0.001301 
797 0.017162 
798 0.024429 
799 0.017214 
800 -0.016662 
801 0.010199 
802 -0.005606 
803 0.018131 
804 -0.028098 
805 0.013063 
806 0.009492 
807 0.021275 
808 -0.003844 
809 -0.001509 
810 0.004320 
811 -0.006562 
812 0.014413 
813 0.012856 
814 0.034909 
815 -0.005682 
816 0.010996 
817 -0.006703 
818 -0.003326 
819 -0.024599 
820 -0.003941 
821 0.002353 
822 0.005639 
823 0.030906 
824 0.007481 
825 0.049223 
826 -0.012837 
827 0.051095 
828 -0.041383 
829 0.018064 
830 -0.072638 
831 0.047403 
832 -0.040147 
833 0.050862 
834 -0.036243 
835 0.067546 
836 -0.030153 
837 0.033290 
838 -0.034776 
839 0.050993 
840 -0.028563 
841 0.019219 
842 -0.036563 
843 0.032418 
844 0.003217 
845 0.030403 
846 -0.026376 
847 -0.016135 
848 -0.026928 
849 0.006770 
850 0.012518 
851 0.034642 
852 -0.000793 
853 -0.004302 
854 0.003766 
855 0.007135 
856 -0.004018 
857 -0.027921 
858 -0.000556 
859 -0.014069 
860 0.012187 
861 0.006395 
862 0.020995 
863 -0.013479 
864 0.017562 
865 -0.018261 
866 0.003107 
867 -0.036754 
868 0.016946 
869 -0.018323 
870 0.005891 
871 -0.016600 
872 0.046626 
873 0.002255 
874 0.017542 
875 -0.041475 
876 -0.003222 
877 -0.029611 
878 0.016900 
879 -0.028660 
880 0.001924 
881 -0.017446 
882 0.013828 
883 0.008490 
884 0.013071 
885 0.013201 
886 0.000985 
887 -0.011791 
888 -0.019927 
889 -0.009192 
890 -0.005507 
891 -0.031530 
892 -0.018136 
893 -0.007880 
894 0.005736 
895 0.023668 
896 -0.003062 
897 0.024799 
898 -0.009202 
899 0.012713 
900 -0.051501 
901 0.032330 
902 -0.023672 
903 0.016275 
904 -0.049967 
905 0.040998 
906 -0.000986 
907 0.021057 
908 -0.037907 
909 -0.008914 
910 -0.015725 
911 -0.009161 
912 0.024493 
913 0.001481 
914 0.008290 
915 -0.015134 
916 0.038209 
917 -0.011723 
918 0.002284 
919 -0.037350 
920 -0.006524 
921 -0.026963 
922 0.012539 
923 0.011101 
924 0.026359 
925 -0.017955 
926 -0.009291 
927 -0.011598 
928 -0.004686 
929 -0.016014 
930 -0.023827 
931 0.011850 
932 0.016194 
933 0.007403 
934 0.003704 
935 0.030585 
936 -0.005633 
937 -0.042848 
938 -0.057770 
939 -0.007367 
940 -0.014417 
941 0.007277 
942 0.007096 
943 0.028218 
944 0.013767 
945 0.018824 
946 0.004640 
947 -0.013962 
948 -0.046466 
949 -0.053813 
950 0.013929 
951 0.012497 
952 0.021766 
953 -0.020713 
954 0.027434 
955 0.000434 
956 0.010161 
957 -0.021771 
958 -0.004607 
959 -0.000181 
960 -0.007669 
961 -0.013959 
962 0.014187 
963 0.042815 
964 0.025945 
965 -0.003918 
966 -0.037346 
967 -0.035967 
968 -0.013794 
969 -0.010316 
970 0.025616 
971 -0.005442 
972 0.037808 
973 -0.006778 
974 0.054679 
975 -0.018293 
976 0.026367 
977 -0.062123 
978 0.007359 
979 -0.043400 
980 0.021031 
981 -0.031708 
982 0.050221 
983 -0.016837 
984 0.035674 
985 -0.025704 
986 0.039931 
987 -0.001133 
988 0.022957 
989 -0.040166 
990 0.002804 
991 -0.005196 
992 0.024204 
993 0.009983 
994 0.007527 
995 -0.014606 
996 0.000468 
997 -0.015516 
998 0.010956 
999 -0.006208 
1000 0.020135 
1001 -0.014927 
1002 0.029608 
1003 0.005960 
1004 0.052219 
1005 -0.009666 
1006 0.002085 
1007 -0.056649 
1008 -0.000908 
1009 -0.017744 
1010 0.009598 
1011 0.004723 
1012 0.028550 
1013 0.034170 
1014 0.013447 
1015 0.017875 
1016 0.033218 
1017 0.007724 
1018 -0.019383 
1019 -0.029134 
1020 -0.029854 
1021 -0.014739 
1022 0.007144 
1023 0.042610 
