0 -0.080787 
1 -0.008057 
2 0.055232 
3 -0.020336 
4 -0.074208 
5 0.021579 
6 0.084757 
7 -0.006451 
8 -0.015182 
9 0.050975 
10 0.046331 
11 -0.097001 
12 -0.093929 
13 -0.008873 
14 0.056128 
15 -0.042587 
16 -0.024705 
17 0.040232 
18 0.041948 
19 -0.008050 
20 -0.015080 
21 0.014856 
22 -0.034813 
23 -0.023890 
24 0.001237 
25 0.051575 
26 -0.038174 
27 0.020040 
28 0.033752 
29 0.053770 
30 -0.077662 
31 0.046459 
32 0.014108 
33 0.000713 
34 -0.143998 
35 0.058324 
36 0.061404 
37 0.013646 
38 -0.110066 
39 0.070488 
40 0.044986 
41 -0.008056 
42 -0.064133 
43 0.086640 
44 0.036090 
45 -0.070701 
46 -0.107081 
47 0.044982 
48 0.057211 
49 -0.045878 
50 -0.009961 
51 0.092802 
52 0.063627 
53 -0.051608 
54 0.002309 
55 0.047521 
56 -0.016647 
57 -0.121734 
58 -0.039424 
59 0.014937 
60 -0.026795 
61 -0.034015 
62 0.078607 
63 0.085250 
64 0.025929 
65 0.016996 
66 0.056890 
67 0.011399 
68 -0.103492 
69 -0.079616 
70 -0.019021 
71 -0.028258 
72 -0.113160 
73 0.018120 
74 0.101057 
75 0.095838 
76 -0.019209 
77 0.099246 
78 0.122900 
79 0.023550 
80 -0.149580 
81 -0.028239 
82 -0.012094 
83 -0.147138 
84 -0.199706 
85 0.001052 
86 0.145368 
87 0.080459 
88 0.054943 
89 0.117695 
90 0.129832 
91 -0.079001 
92 -0.129961 
93 -0.087164 
94 0.050443 
95 -0.074199 
96 -0.120456 
97 -0.107658 
98 0.114150 
99 0.079230 
100 0.071005 
101 0.007432 
102 0.020855 
103 -0.048264 
104 -0.000709 
105 0.008968 
106 0.021367 
107 -0.038844 
108 -0.015025 
109 0.046621 
110 0.027862 
111 -0.032687 
112 -0.031524 
113 0.061382 
114 0.011978 
115 -0.043570 
116 -0.062213 
117 0.046955 
118 0.010357 
119 -0.035378 
120 -0.029492 
121 0.050963 
122 0.011476 
123 -0.015453 
124 0.000927 
125 0.017062 
126 -0.008924 
127 -0.013403 
128 0.008259 
129 -0.010378 
130 -0.048667 
131 -0.010062 
132 0.047870 
133 -0.004526 
134 -0.069350 
135 0.018849 
136 0.077936 
137 0.015398 
138 -0.074579 
139 -0.004244 
140 0.040200 
141 -0.006026 
142 -0.093317 
143 0.020681 
144 0.026457 
145 -0.005528 
146 -0.065897 
147 0.044546 
148 0.016820 
149 0.001335 
150 -0.050679 
151 0.048496 
152 -0.016413 
153 -0.042837 
154 -0.026546 
155 0.047495 
156 -0.016416 
157 -0.030954 
158 0.010618 
159 0.026849 
160 -0.020522 
161 -0.041270 
162 0.034844 
163 0.017362 
164 -0.010797 
165 -0.034327 
166 0.026145 
167 -0.032292 
168 -0.018874 
169 -0.019016 
170 0.037932 
171 -0.041136 
172 -0.001849 
173 -0.007815 
174 0.041882 
175 -0.054969 
176 -0.004130 
177 0.007393 
178 0.036300 
179 -0.044569 
180 0.025879 
181 -0.012470 
182 -0.020147 
183 -0.065608 
184 0.015927 
185 0.023043 
186 -0.034279 
187 -0.043450 
188 0.049344 
189 0.055746 
190 -0.040872 
191 -0.006288 
192 0.053397 
193 0.018311 
194 -0.094259 
195 -0.037321 
196 0.033213 
197 -0.010868 
198 -0.068668 
199 0.016078 
200 0.071908 
201 -0.003876 
202 -0.035321 
203 0.007965 
204 0.043000 
205 -0.059814 
206 -0.039043 
207 0.008445 
208 0.037279 
209 -0.058855 
210 -0.002317 
211 0.046814 
212 0.020933 
213 -0.053285 
214 0.003847 
215 0.008021 
216 -0.054901 
217 -0.062089 
218 0.017595 
219 0.055627 
220 -0.060838 
221 -0.018176 
222 0.058088 
223 0.070022 
224 -0.073729 
225 -0.023643 
226 0.018018 
227 0.020476 
228 -0.109652 
229 -0.047977 
230 0.036835 
231 0.038500 
232 -0.065773 
233 0.000713 
234 0.052904 
235 0.029756 
236 -0.018968 
237 0.016866 
238 -0.000152 
239 -0.048157 
240 -0.044155 
241 0.001081 
242 -0.023948 
243 -0.048561 
244 0.024180 
245 0.072256 
246 -0.012156 
247 -0.035554 
248 0.032959 
249 0.042948 
250 -0.039222 
251 -0.070394 
252 0.011343 
253 0.024953 
254 -0.041891 
255 -0.043527 
256 0.040744 
257 0.021772 
258 -0.014000 
259 -0.012823 
260 0.035374 
261 -0.015509 
262 -0.041948 
263 -0.017813 
264 0.035902 
265 -0.026933 
266 -0.023542 
267 0.004234 
268 0.033021 
269 -0.033063 
270 0.012325 
271 0.014084 
272 0.027919 
273 -0.046520 
274 -0.008796 
275 -0.010150 
276 0.019980 
277 -0.038984 
278 0.031149 
279 -0.000313 
280 0.005822 
281 -0.032104 
282 0.022658 
283 -0.002170 
284 0.011896 
285 -0.000991 
286 0.032371 
287 0.004087 
288 -0.021381 
289 0.012059 
290 0.016997 
291 -0.015051 
292 -0.035903 
293 0.012917 
294 0.004314 
295 0.002977 
296 -0.005588 
297 0.045922 
298 0.007947 
299 -0.004330 
300 -0.005359 
301 0.014666 
302 -0.018743 
303 -0.012800 
304 0.009727 
305 0.013297 
306 0.010201 
307 0.028535 
308 0.013155 
309 0.004683 
310 -0.028653 
311 -0.008443 
312 -0.008954 
313 0.010574 
314 -0.013715 
315 0.037498 
316 0.010178 
317 0.020728 
318 -0.002840 
319 0.032649 
320 0.001328 
321 -0.010587 
322 0.005860 
323 0.031142 
324 -0.000506 
325 -0.035242 
326 0.044170 
327 0.017063 
328 0.011814 
329 -0.035012 
330 0.047865 
331 0.002772 
332 0.010044 
333 -0.043268 
334 0.044878 
335 0.007526 
336 0.027283 
337 -0.001892 
338 0.030407 
339 -0.031372 
340 0.010362 
341 0.013809 
342 0.015387 
343 -0.029536 
344 0.011011 
345 0.035556 
346 -0.009651 
347 -0.041826 
348 0.032988 
349 0.085977 
350 -0.006867 
351 -0.035872 
352 0.022662 
353 0.058805 
354 -0.030652 
355 -0.065706 
356 0.012495 
357 0.048463 
358 -0.017048 
359 -0.041805 
360 0.070485 
361 0.058874 
362 0.006153 
363 -0.019676 
364 0.048752 
365 -0.019099 
366 -0.027058 
367 -0.050711 
368 0.038711 
369 -0.035060 
370 0.008013 
371 0.013274 
372 0.067466 
373 -0.037581 
374 0.029925 
375 0.024028 
376 0.017401 
377 -0.089197 
378 -0.012624 
379 0.064145 
380 0.021872 
381 -0.071163 
382 -0.005246 
383 0.088587 
384 -0.008222 
385 -0.036167 
386 -0.033258 
387 0.069827 
388 -0.040353 
389 -0.022543 
390 -0.034113 
391 0.042332 
392 -0.051243 
393 0.021767 
394 0.019769 
395 0.037496 
396 -0.030442 
397 0.033368 
398 0.008083 
399 -0.023406 
400 -0.050833 
401 0.020100 
402 0.021602 
403 -0.060779 
404 -0.059623 
405 0.037948 
406 0.060272 
407 -0.015358 
408 -0.009184 
409 0.028480 
410 0.014373 
411 -0.064559 
412 -0.047504 
413 0.026118 
414 0.011646 
415 -0.044168 
416 0.012987 
417 0.036667 
418 -0.013655 
419 -0.029405 
420 0.031063 
421 0.018988 
422 -0.052483 
423 -0.050720 
424 0.021103 
425 -0.018710 
426 -0.044394 
427 -0.000754 
428 0.075329 
429 -0.017578 
430 -0.039422 
431 -0.012017 
432 0.063135 
433 -0.035241 
434 -0.049685 
435 -0.009035 
436 0.065551 
437 -0.044947 
438 -0.043982 
439 0.001236 
440 0.038300 
441 -0.040772 
442 -0.023922 
443 0.010192 
444 0.028389 
445 -0.044428 
446 -0.024241 
447 0.004191 
448 0.010257 
449 -0.020156 
450 0.006084 
451 -0.019571 
452 -0.022995 
453 -0.013433 
454 0.014412 
455 -0.015373 
456 -0.039771 
457 -0.003577 
458 0.041652 
459 0.010043 
460 -0.047988 
461 0.022564 
462 0.029248 
463 -0.018294 
464 -0.087945 
465 0.010428 
466 0.017582 
467 -0.009282 
468 -0.079606 
469 0.005672 
470 0.025704 
471 0.022502 
472 0.005691 
473 0.025284 
474 -0.013955 
475 -0.017292 
476 -0.016710 
477 -0.016860 
478 -0.032617 
479 -0.008178 
480 0.006212 
481 -0.005957 
482 -0.038078 
483 0.008679 
484 0.024721 
485 -0.001664 
486 -0.023008 
487 0.019983 
488 0.017641 
489 -0.006709 
490 -0.041129 
491 -0.009221 
492 0.014127 
493 -0.003901 
494 -0.022974 
495 0.007539 
496 0.014994 
497 -0.001404 
498 -0.012229 
499 -0.018635 
500 -0.019986 
501 -0.008848 
502 -0.004073 
503 -0.006065 
504 -0.032090 
505 0.007881 
506 0.039318 
507 0.015239 
508 -0.040807 
509 0.010918 
510 0.012041 
511 -0.010241 
512 -0.048495 
513 -0.006034 
514 0.012473 
515 0.001683 
516 -0.034500 
517 0.003403 
518 0.024531 
519 0.002340 
520 0.004939 
521 -0.015592 
522 0.002326 
523 -0.019655 
524 0.034264 
525 -0.019023 
526 -0.008464 
527 -0.040688 
528 0.051196 
529 -0.014943 
530 -0.028663 
531 -0.022745 
532 0.063432 
533 -0.011308 
534 -0.023374 
535 -0.000293 
536 0.045879 
537 -0.004347 
538 -0.052704 
539 -0.010573 
540 0.013151 
541 -0.003361 
542 -0.043399 
543 0.046040 
544 0.035224 
545 0.027173 
546 -0.037157 
547 0.016975 
548 -0.016665 
549 -0.010877 
550 -0.048912 
551 0.030774 
552 -0.018975 
553 0.009022 
554 0.000604 
555 0.046655 
556 -0.010182 
557 0.017139 
558 0.021217 
559 0.031367 
560 -0.045545 
561 -0.036314 
562 0.014129 
563 0.012670 
564 -0.045688 
565 0.009368 
566 0.049528 
567 0.025074 
568 -0.021013 
569 0.018322 
570 0.041211 
571 0.012357 
572 -0.024476 
573 0.020156 
574 0.004991 
575 -0.026714 
576 -0.029526 
577 0.032421 
578 0.014617 
579 0.015619 
580 -0.000352 
581 0.023074 
582 -0.019111 
583 0.012462 
584 0.026557 
585 0.048630 
586 -0.040574 
587 -0.003208 
588 0.040786 
589 0.027394 
590 -0.065336 
591 -0.015149 
592 0.053518 
593 0.016297 
594 -0.051899 
595 -0.030548 
596 0.095439 
597 0.023265 
598 -0.024503 
599 -0.026956 
600 0.092814 
601 0.003054 
602 0.013110 
603 -0.034770 
604 0.048823 
605 -0.043101 
606 0.014068 
607 0.008499 
608 0.020926 
609 -0.052076 
610 0.040133 
611 0.055745 
612 -0.010367 
613 -0.044343 
614 0.022022 
615 0.083043 
616 -0.037122 
617 -0.050885 
618 0.025428 
619 0.104335 
620 -0.052215 
621 -0.045018 
622 0.027435 
623 0.074963 
624 -0.041712 
625 -0.037965 
626 0.022516 
627 0.032228 
628 -0.036613 
629 -0.032966 
630 0.039526 
631 0.029978 
632 0.011860 
633 -0.000312 
634 0.008164 
635 -0.026622 
636 0.011546 
637 0.006966 
638 0.002645 
639 -0.054442 
640 -0.010962 
641 0.046980 
642 0.027232 
643 -0.039437 
644 0.023040 
645 0.059429 
646 -0.009608 
647 -0.070401 
648 -0.012647 
649 0.035563 
650 -0.000121 
651 -0.047839 
652 0.000249 
653 0.017685 
654 0.002896 
655 0.009619 
656 -0.004077 
657 -0.015765 
658 -0.001991 
659 0.021679 
660 -0.010645 
661 -0.036315 
662 -0.032218 
663 0.027177 
664 -0.007888 
665 -0.040465 
666 -0.011538 
667 0.051858 
668 -0.010284 
669 -0.046293 
670 -0.010997 
671 0.048658 
672 -0.006403 
673 -0.077330 
674 -0.035531 
675 0.025503 
676 -0.011774 
677 -0.049751 
678 0.011852 
679 0.028920 
680 0.001311 
681 -0.047594 
682 -0.011655 
683 -0.011828 
684 0.009488 
685 -0.034772 
686 0.013816 
687 -0.052036 
688 0.006004 
689 -0.034508 
690 0.020964 
691 -0.083133 
692 0.009139 
693 -0.025808 
694 0.049572 
695 -0.043484 
696 0.020419 
697 0.008282 
698 0.027950 
699 -0.079748 
700 -0.036649 
701 -0.002266 
702 -0.004106 
703 -0.045651 
704 -0.047747 
705 0.011527 
706 0.007677 
707 0.006615 
708 -0.027260 
709 0.021688 
710 -0.029476 
711 -0.002455 
712 -0.063204 
713 -0.003165 
714 0.001438 
715 0.028875 
716 -0.036736 
717 0.002988 
718 0.001126 
719 -0.001193 
720 -0.045068 
721 -0.053951 
722 -0.012039 
723 0.003279 
724 0.006449 
725 -0.038090 
726 0.027261 
727 0.017096 
728 0.035948 
729 -0.043703 
730 -0.003505 
731 -0.011352 
732 0.002967 
733 -0.049720 
734 -0.021207 
735 -0.018119 
736 0.003694 
737 0.022027 
738 -0.002500 
739 -0.005816 
740 -0.001499 
741 0.042728 
742 -0.000699 
743 -0.017404 
744 -0.036792 
745 0.039208 
746 -0.021034 
747 -0.061527 
748 -0.042388 
749 0.054230 
750 0.039487 
751 0.005971 
752 0.000330 
753 0.027391 
754 0.035194 
755 -0.028508 
756 -0.002711 
757 -0.038390 
758 -0.016121 
759 -0.036988 
760 0.040096 
761 -0.008153 
762 0.038084 
763 0.008227 
764 0.042489 
765 -0.017922 
766 -0.005338 
767 0.017412 
768 0.024337 
769 -0.049380 
770 -0.060563 
771 0.056669 
772 0.053297 
773 0.018944 
774 -0.043392 
775 0.064655 
776 0.021413 
777 -0.007380 
778 -0.059373 
779 0.049006 
780 0.012484 
781 -0.012110 
782 -0.011658 
783 0.032701 
784 0.027553 
785 0.008159 
786 0.031456 
787 0.017179 
788 -0.000472 
789 -0.027543 
790 0.061242 
791 -0.007789 
792 -0.027410 
793 -0.019552 
794 0.079404 
795 -0.001313 
796 -0.009364 
797 0.003030 
798 0.069876 
799 -0.012555 
800 -0.031056 
801 0.028273 
802 0.055531 
803 -0.035114 
804 -0.033220 
805 0.040886 
806 0.032259 
807 0.007333 
808 0.001964 
809 0.071284 
810 0.007596 
811 -0.014984 
812 -0.036855 
813 0.053865 
814 -0.000456 
815 0.004802 
816 -0.028343 
817 0.005177 
818 -0.021395 
819 0.020605 
820 0.005837 
821 0.033623 
822 -0.004828 
823 0.042847 
824 0.034164 
825 -0.002878 
826 -0.031281 
827 0.037598 
828 0.029062 
829 -0.055122 
830 -0.048988 
831 0.027607 
832 0.072109 
833 -0.053637 
834 -0.031249 
835 0.016966 
836 0.082774 
837 -0.024918 
838 0.023695 
839 -0.023935 
840 0.037038 
841 -0.046278 
842 0.011046 
843 -0.038740 
844 0.017469 
845 -0.027416 
846 0.040369 
847 -0.020908 
848 -0.024195 
849 0.002755 
850 0.074394 
851 -0.012137 
852 -0.055827 
853 0.002265 
854 0.081104 
855 -0.010468 
856 -0.073834 
857 0.003881 
858 0.074005 
859 -0.015898 
860 -0.090445 
861 -0.010830 
862 0.043818 
863 0.012543 
864 -0.068000 
865 -0.016800 
866 0.050499 
867 0.071771 
868 -0.027081 
869 -0.019742 
870 -0.014188 
871 0.009566 
872 -0.039508 
873 -0.036953 
874 -0.050162 
875 -0.002409 
876 0.012220 
877 0.021977 
878 -0.004067 
879 0.013233 
880 0.071673 
881 0.023264 
882 -0.048812 
883 -0.057172 
884 0.023812 
885 -0.027281 
886 -0.043726 
887 -0.066353 
888 0.041262 
889 0.034728 
890 0.007271 
891 -0.019746 
892 0.000211 
893 0.001342 
894 -0.007742 
895 0.009494 
896 -0.051875 
897 0.006530 
898 -0.033826 
899 0.039195 
900 -0.052463 
901 0.005688 
902 -0.031059 
903 0.069385 
904 -0.064758 
905 -0.010158 
906 -0.034119 
907 0.056376 
908 -0.033105 
909 -0.027498 
910 -0.036198 
911 0.029138 
912 -0.020107 
913 -0.023102 
914 0.002849 
915 0.019148 
916 0.012671 
917 -0.032410 
918 -0.019344 
919 -0.040753 
920 0.011480 
921 -0.028479 
922 0.014221 
923 -0.023095 
924 0.033209 
925 0.013302 
926 0.005036 
927 -0.078267 
928 0.000004 
929 0.006191 
930 -0.024850 
931 -0.074165 
932 -0.012326 
933 0.053145 
934 0.017161 
935 -0.022781 
936 0.007646 
937 0.054102 
938 -0.027771 
939 -0.025233 
940 -0.042710 
941 0.016781 
942 -0.016417 
943 -0.004844 
944 -0.046167 
945 -0.000168 
946 -0.040097 
947 -0.002881 
948 -0.031302 
949 0.025880 
950 0.017365 
951 0.010005 
952 -0.047053 
953 0.007234 
954 0.027260 
955 0.014871 
956 -0.060840 
957 -0.008412 
958 0.026984 
959 0.000197 
960 -0.074536 
961 -0.021329 
962 0.037452 
963 0.001797 
964 -0.071715 
965 -0.000873 
966 0.050743 
967 0.058068 
968 -0.016007 
969 -0.009957 
970 -0.029533 
971 -0.005583 
972 -0.055535 
973 0.007961 
974 -0.068121 
975 -0.016215 
976 0.003229 
977 0.062433 
978 -0.049502 
979 0.037233 
980 0.061941 
981 0.089736 
982 -0.111388 
983 -0.085877 
984 -0.007865 
985 0.046118 
986 -0.099716 
987 -0.022230 
988 0.033795 
989 0.052273 
990 -0.078715 
991 -0.025037 
992 0.030121 
993 0.065144 
994 -0.025715 
995 -0.010787 
996 -0.007031 
997 0.005877 
998 -0.026707 
999 0.000912 
1000 -0.051883 
1001 -0.038635 
1002 -0.018593 
1003 0.026734 
1004 -0.017515 
1005 -0.010318 
1006 0.032880 
1007 0.067143 
1008 -0.053516 
1009 -0.059016 
1010 -0.005279 
1011 0.018159 
1012 -0.055039 
1013 -0.015188 
1014 0.046143 
1015 0.047469 
1016 -0.057244 
1017 -0.052521 
1018 0.044330 
1019 0.054351 
1020 0.002768 
1021 0.009391 
1022 0.007947 
1023 -0.037960 
