0 0.064961 
1 0.066239 
2 0.058368 
3 0.109799 
4 0.020101 
5 0.129692 
6 0.046830 
7 0.114511 
8 0.076033 
9 0.119505 
10 0.107734 
11 0.048122 
12 0.053639 
13 0.037752 
14 0.087666 
15 0.064622 
16 0.063001 
17 0.067371 
18 0.077812 
19 0.098967 
20 0.074150 
21 0.116183 
22 0.096149 
23 0.136935 
24 0.018513 
25 0.094351 
26 -0.003914 
27 0.136103 
28 -0.006034 
29 0.123526 
30 0.045049 
31 0.130143 
32 0.086800 
33 0.044989 
34 0.149542 
35 0.002904 
36 0.172571 
37 -0.053677 
38 0.181353 
39 -0.058408 
40 0.091868 
41 -0.017472 
42 0.107753 
43 0.133278 
44 0.066757 
45 0.136421 
46 0.015310 
47 0.141582 
48 -0.004739 
49 0.086053 
50 0.017195 
51 0.074443 
52 0.040557 
53 0.047199 
54 0.050698 
55 0.076103 
56 0.061590 
57 0.120591 
58 0.049913 
59 0.120766 
60 -0.002128 
61 0.098067 
62 -0.011796 
63 0.082957 
64 0.025906 
65 0.083882 
66 0.040760 
67 0.041225 
68 0.065831 
69 0.051727 
70 0.075294 
71 0.018661 
72 0.098141 
73 0.032519 
74 0.099306 
75 -0.033393 
76 0.108110 
77 -0.005782 
78 0.121413 
79 -0.042172 
80 0.086733 
81 -0.003776 
82 0.059335 
83 0.008017 
84 0.017901 
85 0.106936 
86 0.019192 
87 0.094799 
88 -0.052687 
89 0.108351 
90 -0.013887 
91 0.050727 
92 -0.021669 
93 0.006698 
94 0.064561 
95 -0.034917 
96 0.141771 
97 -0.040771 
98 0.158204 
99 -0.149200 
100 0.126885 
101 -0.078993 
102 0.117554 
103 -0.091839 
104 0.033956 
105 0.076356 
106 -0.022154 
107 0.070087 
108 -0.142611 
109 0.185870 
110 -0.174799 
111 0.150226 
112 -0.147183 
113 0.192658 
114 -0.075387 
115 0.131898 
116 0.013743 
117 -0.021091 
118 -0.045358 
119 -0.066795 
120 0.080899 
121 -0.178090 
122 -0.047591 
123 -0.056168 
124 0.140550 
125 -0.005731 
126 0.062457 
127 0.148822 
128 0.120635 
129 -0.047924 
130 -0.193138 
131 -0.069839 
132 -0.011201 
133 0.017665 
134 -0.164368 
135 -0.060180 
136 -0.021153 
137 0.130685 
138 -0.005340 
139 0.024729 
140 -0.036624 
141 -0.008932 
142 -0.011328 
143 -0.066490 
144 0.032554 
145 -0.080725 
146 0.065720 
147 -0.096290 
148 0.061166 
149 -0.093612 
150 0.004231 
151 -0.061035 
152 -0.023626 
153 -0.010481 
154 -0.065842 
155 0.014875 
156 -0.058708 
157 0.003892 
158 -0.057282 
159 -0.013286 
160 0.002400 
161 -0.054300 
162 -0.012343 
163 -0.084816 
164 0.023547 
165 -0.070988 
166 -0.005599 
167 -0.083771 
168 -0.049658 
169 -0.052001 
170 -0.036064 
171 -0.004441 
172 -0.070541 
173 -0.025642 
174 -0.041364 
175 -0.020772 
176 -0.051229 
177 -0.086205 
178 -0.002939 
179 -0.073523 
180 0.025172 
181 -0.125879 
182 0.048533 
183 -0.089812 
184 0.031321 
185 -0.152142 
186 -0.020921 
187 -0.078076 
188 -0.026545 
189 -0.073236 
190 -0.075306 
191 0.013038 
192 -0.064957 
193 -0.008814 
194 -0.135421 
195 0.015422 
196 -0.089122 
197 0.005777 
198 -0.124693 
199 -0.019399 
200 -0.077833 
201 -0.001406 
202 -0.073585 
203 -0.052450 
204 -0.060395 
205 -0.041898 
206 -0.043589 
207 -0.091640 
208 -0.042988 
209 -0.066094 
210 -0.016679 
211 -0.075964 
212 -0.054741 
213 -0.033023 
214 -0.059638 
215 -0.017289 
216 -0.129801 
217 0.009520 
218 -0.121203 
219 0.017518 
220 -0.147847 
221 -0.024926 
222 -0.081742 
223 -0.034286 
224 -0.045465 
225 -0.111691 
226 -0.003292 
227 -0.105916 
228 0.039426 
229 -0.113570 
230 0.025541 
231 -0.091963 
232 -0.032771 
233 -0.096436 
234 -0.065394 
235 -0.054129 
236 -0.101957 
237 -0.026866 
238 -0.057424 
239 -0.002547 
240 -0.084352 
241 -0.014157 
242 -0.046704 
243 -0.032615 
244 -0.108291 
245 -0.083181 
246 -0.060278 
247 -0.048554 
248 -0.036225 
249 -0.081253 
250 -0.001150 
251 -0.072935 
252 0.008736 
253 -0.118365 
254 -0.012201 
255 -0.093103 
256 -0.015106 
257 -0.100502 
258 -0.059047 
259 -0.056557 
260 -0.011886 
261 -0.053861 
262 -0.047175 
263 -0.099833 
264 0.022637 
265 -0.100308 
266 0.022529 
267 -0.175802 
268 0.057991 
269 -0.109473 
270 0.036806 
271 -0.139392 
272 -0.046957 
273 -0.042649 
274 -0.055734 
275 0.003454 
276 -0.134409 
277 0.035989 
278 -0.107385 
279 0.036682 
280 -0.112795 
281 0.002217 
282 -0.059996 
283 -0.057508 
284 -0.057111 
285 -0.071323 
286 0.002755 
287 -0.053454 
288 -0.003465 
289 -0.053478 
290 -0.037486 
291 -0.044488 
292 -0.058547 
293 -0.015125 
294 -0.091870 
295 -0.030087 
296 -0.108277 
297 0.015612 
298 -0.077577 
299 0.020909 
300 -0.088709 
301 0.039932 
302 -0.059834 
303 0.005493 
304 -0.112127 
305 -0.002038 
306 -0.046766 
307 -0.011569 
308 -0.070091 
309 -0.051964 
310 -0.006771 
311 -0.050644 
312 -0.000268 
313 -0.102209 
314 0.038833 
315 -0.064362 
316 0.065565 
317 -0.104878 
318 0.006531 
319 -0.074057 
320 0.024382 
321 -0.044886 
322 -0.066369 
323 -0.019922 
324 -0.049480 
325 0.033495 
326 -0.102147 
327 0.016822 
328 -0.030886 
329 0.021111 
330 -0.053967 
331 -0.074522 
332 0.059752 
333 -0.042166 
334 0.060572 
335 -0.135424 
336 0.059947 
337 -0.086072 
338 0.023443 
339 -0.067740 
340 -0.022209 
341 0.012253 
342 -0.047606 
343 0.060384 
344 -0.075400 
345 0.062976 
346 -0.055206 
347 0.026485 
348 -0.067674 
349 -0.050567 
350 0.004440 
351 -0.054639 
352 0.031255 
353 -0.081391 
354 0.087781 
355 -0.032549 
356 0.084518 
357 -0.051807 
358 0.031991 
359 -0.032909 
360 -0.004219 
361 -0.022814 
362 -0.051740 
363 0.002502 
364 -0.058349 
365 0.040450 
366 -0.043585 
367 0.078631 
368 -0.016711 
369 0.070297 
370 -0.031075 
371 0.025244 
372 -0.027546 
373 -0.003214 
374 0.005884 
375 -0.019314 
376 0.003627 
377 -0.052822 
378 0.015572 
379 -0.000566 
380 0.020948 
381 0.014442 
382 0.004878 
383 0.079625 
384 -0.012258 
385 0.061521 
386 -0.061088 
387 0.074863 
388 -0.069240 
389 0.049286 
390 -0.076547 
391 0.063602 
392 -0.015424 
393 0.066253 
394 -0.007877 
395 0.035278 
396 0.049058 
397 0.030363 
398 0.023251 
399 -0.055564 
400 0.050233 
401 -0.017664 
402 0.082904 
403 -0.050428 
404 0.082181 
405 -0.015037 
406 0.099242 
407 -0.013033 
408 0.043976 
409 -0.009822 
410 0.051450 
411 0.023163 
412 0.018732 
413 0.016729 
414 0.036212 
415 0.037663 
416 0.019109 
417 0.025179 
418 0.045118 
419 0.043970 
420 0.050953 
421 0.036945 
422 0.051564 
423 0.017155 
424 0.045755 
425 0.036840 
426 0.046152 
427 0.014659 
428 0.011246 
429 0.057414 
430 0.056251 
431 0.068123 
432 0.002867 
433 0.066415 
434 0.027241 
435 0.066478 
436 0.012737 
437 0.064248 
438 0.075092 
439 0.062279 
440 0.053377 
441 0.002474 
442 0.105635 
443 0.063714 
444 0.082635 
445 -0.008560 
446 0.025239 
447 0.070836 
448 0.034996 
449 0.088876 
450 0.018247 
451 0.150871 
452 0.025021 
453 0.099042 
454 0.007915 
455 0.092370 
456 0.058067 
457 0.058584 
458 0.070082 
459 0.037858 
460 0.097005 
461 0.055261 
462 0.083179 
463 0.061283 
464 0.050385 
465 0.096526 
466 0.020681 
467 0.108233 
468 -0.006237 
469 0.136749 
470 0.010584 
471 0.145580 
472 0.031734 
473 0.148620 
474 0.039785 
475 0.110024 
476 0.052994 
477 0.104360 
478 0.071316 
479 0.055050 
480 0.068923 
481 0.041788 
482 0.107802 
483 0.020351 
484 0.137159 
485 0.032330 
486 0.164357 
487 0.020666 
488 0.158812 
489 0.054258 
490 0.132994 
491 0.037817 
492 0.060600 
493 0.084782 
494 0.066619 
495 0.104416 
496 0.029404 
497 0.123960 
498 0.077267 
499 0.122908 
500 0.081062 
501 0.092445 
502 0.113543 
503 0.036633 
504 0.099449 
505 0.021273 
506 0.144171 
507 0.047634 
508 0.132326 
509 0.044911 
510 0.112738 
511 0.086067 
512 0.107940 
513 0.077061 
514 0.067901 
515 0.087808 
516 0.092462 
517 0.077729 
518 0.079181 
519 0.076356 
520 0.106559 
521 0.067820 
522 0.081429 
523 0.065352 
524 0.101812 
525 0.107446 
526 0.081240 
527 0.108990 
528 0.062639 
529 0.136907 
530 0.027908 
531 0.129461 
532 0.019459 
533 0.141138 
534 0.012027 
535 0.129375 
536 0.040439 
537 0.123744 
538 0.061364 
539 0.103176 
540 0.099291 
541 0.069242 
542 0.093217 
543 0.024506 
544 0.119066 
545 0.021179 
546 0.120490 
547 0.047635 
548 0.140139 
549 0.067034 
550 0.047098 
551 0.073230 
552 0.036193 
553 0.153571 
554 -0.023839 
555 0.158279 
556 -0.031678 
557 0.207977 
558 -0.033005 
559 0.171420 
560 -0.021825 
561 0.147993 
562 0.030324 
563 0.094799 
564 0.074064 
565 0.044297 
566 0.124498 
567 -0.001733 
568 0.126365 
569 -0.031996 
570 0.145745 
571 -0.010959 
572 0.109149 
573 0.010973 
574 0.110989 
575 0.082050 
576 0.049173 
577 0.077558 
578 0.028984 
579 0.134296 
580 -0.006121 
581 0.087848 
582 0.007764 
583 0.109541 
584 0.040084 
585 0.024127 
586 0.073650 
587 0.010672 
588 0.134510 
589 -0.065087 
590 0.161370 
591 -0.053873 
592 0.203067 
593 -0.080707 
594 0.169992 
595 -0.044316 
596 0.135206 
597 -0.036350 
598 0.049384 
599 0.048644 
600 0.038407 
601 0.098211 
602 -0.034423 
603 0.143644 
604 -0.017935 
605 0.151348 
606 -0.053351 
607 0.089494 
608 -0.023459 
609 0.073047 
610 0.015497 
611 0.012628 
612 0.082134 
613 0.027152 
614 0.105602 
615 -0.007203 
616 0.102317 
617 0.030812 
618 0.054715 
619 -0.007309 
620 -0.008861 
621 0.056122 
622 0.009981 
623 0.060712 
624 -0.029539 
625 0.064580 
626 0.028584 
627 0.075922 
628 0.019678 
629 0.038642 
630 0.067633 
631 0.047011 
632 0.031419 
633 -0.009683 
634 0.021637 
635 0.044254 
636 0.001126 
637 0.027605 
638 -0.021170 
639 0.104900 
640 0.005672 
641 0.075738 
642 -0.043042 
643 0.085137 
644 0.006119 
645 0.059755 
646 -0.027419 
647 0.022934 
648 0.016221 
649 0.017241 
650 0.032653 
651 0.010637 
652 0.059678 
653 0.004572 
654 0.050964 
655 -0.007879 
656 0.034495 
657 -0.003179 
658 0.045457 
659 0.017742 
660 0.022558 
661 0.001681 
662 0.023782 
663 0.038405 
664 0.026263 
665 0.004206 
666 0.005213 
667 0.014321 
668 0.040181 
669 0.002470 
670 0.045225 
671 -0.019832 
672 0.068038 
673 -0.044370 
674 0.070806 
675 -0.085785 
676 0.085043 
677 -0.069913 
678 0.105604 
679 -0.062510 
680 0.101928 
681 -0.017249 
682 0.051061 
683 -0.009578 
684 0.016580 
685 0.043036 
686 -0.033076 
687 0.026701 
688 -0.036133 
689 0.071493 
690 -0.011420 
691 0.029407 
692 -0.000886 
693 0.016756 
694 0.025092 
695 -0.040303 
696 0.033479 
697 0.004563 
698 0.082735 
699 -0.017192 
700 0.002649 
701 -0.007210 
702 0.011460 
703 0.013487 
704 -0.024376 
705 0.045426 
706 -0.000355 
707 0.038832 
708 -0.051419 
709 0.051558 
710 0.004111 
711 0.061980 
712 -0.053323 
713 0.004227 
714 -0.014277 
715 0.041222 
716 0.007203 
717 -0.003292 
718 0.029846 
719 0.018310 
720 0.043389 
721 -0.024941 
722 0.004100 
723 0.000047 
724 0.004483 
725 -0.004899 
726 -0.047247 
727 0.033591 
728 0.001738 
729 0.048184 
730 -0.026808 
731 0.015782 
732 0.051777 
733 -0.006133 
734 0.039475 
735 -0.079396 
736 0.105565 
737 -0.050962 
738 0.054414 
739 -0.097177 
740 0.042250 
741 0.005128 
742 -0.021454 
743 0.010453 
744 -0.022851 
745 0.122478 
746 -0.042879 
747 0.065522 
748 -0.049315 
749 0.067169 
750 -0.055933 
751 -0.021469 
752 -0.016879 
753 -0.001529 
754 0.035398 
755 -0.021385 
756 0.068576 
757 -0.025851 
758 0.083333 
759 -0.064660 
760 0.074854 
761 -0.103169 
762 0.079185 
763 -0.103809 
764 0.087897 
765 -0.094563 
766 0.081941 
767 -0.032010 
768 0.071096 
769 -0.006910 
770 -0.000336 
771 0.009100 
772 -0.008201 
773 0.031293 
774 -0.022580 
775 -0.008033 
776 -0.004084 
777 -0.025867 
778 0.048165 
779 -0.044542 
780 0.067671 
781 -0.055902 
782 0.061140 
783 -0.041142 
784 0.018605 
785 0.007666 
786 -0.016869 
787 0.056898 
788 -0.080554 
789 0.077917 
790 -0.104537 
791 0.103670 
792 -0.104304 
793 0.083020 
794 -0.073569 
795 0.087267 
796 -0.020518 
797 0.003984 
798 -0.025298 
799 -0.041440 
800 0.043287 
801 -0.072935 
802 0.060227 
803 -0.093350 
804 0.086576 
805 -0.070588 
806 0.070873 
807 -0.058055 
808 0.039830 
809 -0.017402 
810 -0.023396 
811 0.005860 
812 -0.061976 
813 0.044515 
814 -0.089815 
815 0.068878 
816 -0.061786 
817 0.057410 
818 -0.050318 
819 0.016478 
820 0.006651 
821 -0.044345 
822 0.032115 
823 -0.072002 
824 0.083260 
825 -0.097680 
826 0.055517 
827 -0.109787 
828 0.043600 
829 -0.060208 
830 0.023005 
831 -0.023497 
832 -0.029910 
833 -0.000483 
834 -0.036432 
835 0.042495 
836 -0.045415 
837 0.029026 
838 -0.028424 
839 -0.021878 
840 -0.039273 
841 -0.059173 
842 0.068621 
843 -0.073659 
844 0.046237 
845 -0.157978 
846 0.101069 
847 -0.116107 
848 0.098626 
849 -0.123877 
850 0.087268 
851 -0.073180 
852 0.029608 
853 -0.058711 
854 -0.015531 
855 -0.017361 
856 -0.047219 
857 -0.001381 
858 -0.073346 
859 0.015261 
860 -0.026637 
861 0.019242 
862 -0.020043 
863 -0.015778 
864 0.017358 
865 -0.054035 
866 -0.000951 
867 -0.111667 
868 0.015337 
869 -0.083831 
870 0.035259 
871 -0.048970 
872 0.029736 
873 -0.031607 
874 -0.012848 
875 -0.004922 
876 -0.014666 
877 0.025832 
878 -0.074050 
879 -0.021605 
880 -0.096697 
881 0.002637 
882 -0.076306 
883 -0.002043 
884 -0.048362 
885 0.014098 
886 -0.023817 
887 -0.004007 
888 -0.000677 
889 0.011177 
890 -0.015626 
891 -0.015360 
892 -0.030404 
893 0.011784 
894 -0.072920 
895 -0.007868 
896 -0.099697 
897 0.063139 
898 -0.096454 
899 0.076719 
900 -0.082777 
901 0.091050 
902 -0.059953 
903 0.007929 
904 -0.031121 
905 -0.033110 
906 0.054996 
907 -0.117662 
908 0.053230 
909 -0.136009 
910 0.143603 
911 -0.090556 
912 0.085675 
913 -0.082602 
914 0.062745 
915 -0.036780 
916 -0.021466 
917 -0.001131 
918 -0.006479 
919 0.033699 
920 -0.047843 
921 0.018150 
922 0.000007 
923 0.032524 
924 -0.000798 
925 -0.001126 
926 0.019402 
927 0.008310 
928 0.025917 
929 -0.025213 
930 0.021009 
931 -0.027101 
932 0.038722 
933 -0.050814 
934 0.050710 
935 -0.030763 
936 0.076453 
937 -0.034368 
938 0.048470 
939 0.005983 
940 0.059294 
941 0.026019 
942 -0.015410 
943 0.034240 
944 -0.004929 
945 0.071353 
946 -0.011820 
947 0.049621 
948 0.011702 
949 0.011434 
950 0.017741 
951 0.002841 
952 0.082280 
953 -0.014189 
954 0.025463 
955 -0.040086 
956 0.075405 
957 0.041432 
958 0.052179 
959 0.023535 
960 0.050764 
961 0.064186 
962 0.002876 
963 0.038125 
964 -0.002430 
965 0.119489 
966 -0.008310 
967 0.097408 
968 -0.025663 
969 0.136619 
970 -0.016918 
971 0.078770 
972 -0.036781 
973 0.075476 
974 0.050861 
975 0.082193 
976 0.053025 
977 0.030487 
978 0.059579 
979 0.060502 
980 0.049236 
981 0.082160 
982 0.036661 
983 0.112359 
984 -0.042206 
985 0.059282 
986 -0.002313 
987 0.114472 
988 0.053974 
989 0.036404 
990 0.100869 
991 0.035625 
992 0.151591 
993 0.011334 
994 0.157202 
995 0.042663 
996 0.097370 
997 0.034230 
998 0.032009 
999 0.100555 
1000 0.003298 
1001 0.115343 
1002 0.000291 
1003 0.147627 
1004 0.035579 
1005 0.118590 
1006 0.055469 
1007 0.115016 
1008 0.110117 
1009 0.049088 
1010 0.056311 
1011 -0.002318 
1012 0.106477 
1013 -0.023815 
1014 0.140081 
1015 0.003820 
1016 0.237483 
1017 -0.007383 
1018 0.208173 
1019 -0.029962 
1020 0.216029 
1021 0.006607 
1022 0.148397 
1023 -0.005593 
