0 -0.000296 
1 0.000231 
2 -0.000279 
3 -0.001158 
4 -0.000937 
5 0.000208 
6 0.000570 
7 -0.000256 
8 -0.000818 
9 -0.000445 
10 -0.000028 
11 -0.000252 
12 -0.000575 
13 -0.000318 
14 0.000123 
15 -0.000103 
16 -0.000605 
17 -0.000275 
18 0.000723 
19 0.000911 
20 0.000006 
21 -0.000530 
22 0.000002 
23 0.000562 
24 0.000322 
25 -0.000178 
26 -0.000036 
27 0.000466 
28 0.000429 
29 0.000027 
30 0.000068 
31 0.000436 
32 0.000482 
33 0.000126 
34 -0.000045 
35 0.000326 
36 0.000640 
37 0.000491 
38 0.000331 
39 0.000406 
40 0.000474 
41 0.000344 
42 -0.000109 
43 -0.000449 
44 0.000105 
45 0.001161 
46 0.001325 
47 0.000569 
48 0.000413 
49 0.001050 
50 0.000996 
51 0.000051 
52 -0.000219 
53 0.000657 
54 0.001356 
55 0.001056 
56 0.000718 
57 0.001146 
58 0.001408 
59 0.000777 
60 0.000123 
61 0.000319 
62 0.000783 
63 0.000775 
64 0.000881 
65 0.001673 
66 0.002184 
67 0.001655 
68 0.000946 
69 0.000796 
70 0.000764 
71 0.000716 
72 0.000870 
73 0.001068 
74 0.001476 
75 0.002187 
76 0.002202 
77 0.001161 
78 0.000400 
79 0.000864 
80 0.001522 
81 0.001398 
82 0.000889 
83 0.000821 
84 0.001319 
85 0.001632 
86 0.001541 
87 0.001538 
88 0.001106 
89 -0.000151 
90 -0.000758 
91 0.000314 
92 0.001842 
93 0.002143 
94 0.001071 
95 0.000261 
96 0.000869 
97 0.001706 
98 0.001276 
99 0.000170 
100 -0.000252 
101 -0.000084 
102 -0.000022 
103 0.000502 
104 0.001943 
105 0.002617 
106 0.001344 
107 -0.000112 
108 -0.000216 
109 0.000248 
110 -0.000080 
111 -0.000614 
112 -0.000270 
113 0.000087 
114 -0.000560 
115 -0.000786 
116 0.001089 
117 0.002696 
118 0.001032 
119 -0.001882 
120 -0.002530 
121 -0.001276 
122 -0.000290 
123 -0.000129 
124 -0.000600 
125 -0.001154 
126 -0.000953 
127 -0.000354 
128 -0.000624 
129 -0.001515 
130 -0.001451 
131 -0.000487 
132 -0.000623 
133 -0.001872 
134 -0.001964 
135 -0.000606 
136 -0.000196 
137 -0.001801 
138 -0.002940 
139 -0.001916 
140 -0.000661 
141 -0.001412 
142 -0.002637 
143 -0.001767 
144 -0.000320 
145 -0.001183 
146 -0.002453 
147 -0.001737 
148 -0.001390 
149 -0.003130 
150 -0.004204 
151 -0.002177 
152 0.000228 
153 -0.000673 
154 -0.002526 
155 -0.001616 
156 0.000235 
157 -0.000565 
158 -0.003262 
159 -0.004095 
160 -0.002695 
161 -0.002561 
162 -0.004555 
163 -0.004846 
164 -0.001402 
165 0.001545 
166 -0.000188 
167 -0.003175 
168 -0.002411 
169 -0.000224 
170 -0.001703 
171 -0.005308 
172 -0.006582 
173 -0.004931 
174 -0.002974 
175 -0.002060 
176 -0.000934 
177 0.000695 
178 0.000573 
179 -0.002344 
180 -0.004547 
181 -0.002594 
182 -0.000260 
183 -0.002873 
184 -0.006014 
185 -0.003686 
186 0.000518 
187 0.000787 
188 -0.001179 
189 -0.001594 
190 -0.000893 
191 -0.000708 
192 -0.001832 
193 -0.003011 
194 -0.001532 
195 0.000933 
196 -0.000050 
197 -0.002248 
198 -0.001290 
199 0.000471 
200 -0.000046 
201 -0.001455 
202 -0.001306 
203 0.000080 
204 0.000692 
205 -0.000694 
206 -0.002078 
207 -0.000607 
208 0.001454 
209 0.000742 
210 -0.000122 
211 0.000725 
212 0.001039 
213 0.000546 
214 0.000518 
215 0.001129 
216 0.002604 
217 0.003638 
218 0.002129 
219 -0.001183 
220 -0.002406 
221 0.000290 
222 0.003533 
223 0.003505 
224 0.001778 
225 0.002194 
226 0.004525 
227 0.004590 
228 0.001651 
229 -0.000276 
230 -0.000111 
231 -0.000799 
232 -0.001487 
233 0.000834 
234 0.003978 
235 0.004289 
236 0.003282 
237 0.003680 
238 0.005348 
239 0.005483 
240 0.002333 
241 -0.000152 
242 0.002275 
243 0.005466 
244 0.002851 
245 -0.001616 
246 0.000268 
247 0.005672 
248 0.007125 
249 0.004661 
250 0.002309 
251 0.002110 
252 0.002289 
253 0.000927 
254 0.000148 
255 0.002534 
256 0.004110 
257 0.001260 
258 -0.000969 
259 0.001792 
260 0.005008 
261 0.004203 
262 0.000805 
263 -0.001609 
264 -0.000333 
265 0.003675 
266 0.005960 
267 0.004141 
268 0.001272 
269 0.000791 
270 0.000336 
271 -0.001510 
272 -0.000495 
273 0.003158 
274 0.003881 
275 0.000907 
276 -0.000849 
277 0.000736 
278 0.003047 
279 0.003113 
280 0.001422 
281 -0.000735 
282 -0.002847 
283 -0.003249 
284 -0.000780 
285 0.002323 
286 0.002050 
287 -0.000131 
288 0.000940 
289 0.002784 
290 0.000422 
291 -0.004985 
292 -0.006570 
293 -0.000977 
294 0.002782 
295 -0.002493 
296 -0.007277 
297 -0.002516 
298 0.003665 
299 0.001311 
300 -0.004993 
301 -0.006459 
302 -0.003698 
303 -0.003104 
304 -0.006530 
305 -0.006723 
306 -0.001050 
307 0.000175 
308 -0.005893 
309 -0.006502 
310 0.000539 
311 0.000418 
312 -0.010958 
313 -0.017013 
314 -0.009358 
315 -0.001561 
316 -0.003982 
317 -0.006813 
318 -0.001023 
319 0.004315 
320 -0.000534 
321 -0.007657 
322 -0.006370 
323 -0.002271 
324 -0.004446 
325 -0.010059 
326 -0.012433 
327 -0.009452 
328 -0.003901 
329 0.000956 
330 0.004281 
331 0.003728 
332 -0.000687 
333 -0.004435 
334 -0.005802 
335 -0.007839 
336 -0.011654 
337 -0.010620 
338 -0.002155 
339 0.004066 
340 0.001047 
341 -0.004418 
342 -0.004665 
343 -0.003029 
344 -0.005867 
345 -0.008482 
346 -0.006842 
347 -0.004711 
348 -0.003206 
349 -0.001559 
350 -0.002120 
351 -0.004329 
352 -0.005934 
353 -0.006496 
354 -0.002727 
355 0.003204 
356 0.000732 
357 -0.006891 
358 -0.007269 
359 -0.004207 
360 -0.003671 
361 -0.001528 
362 -0.000660 
363 -0.003163 
364 -0.002257 
365 0.000793 
366 0.000944 
367 0.001025 
368 0.001980 
369 -0.000327 
370 -0.003816 
371 -0.002221 
372 0.001184 
373 0.000949 
374 -0.000679 
375 -0.001250 
376 -0.000076 
377 0.000762 
378 -0.000797 
379 0.001837 
380 0.009718 
381 0.009764 
382 -0.000097 
383 -0.004413 
384 0.003685 
385 0.011201 
386 0.004847 
387 -0.006337 
388 -0.005688 
389 0.004278 
390 0.010821 
391 0.010474 
392 0.007208 
393 0.003731 
394 0.002618 
395 0.005461 
396 0.009962 
397 0.009999 
398 0.001885 
399 -0.005607 
400 0.000352 
401 0.012862 
402 0.013879 
403 0.003012 
404 -0.003405 
405 0.001005 
406 0.008679 
407 0.014628 
408 0.014320 
409 0.006006 
410 0.000846 
411 0.005359 
412 0.009772 
413 0.006269 
414 0.001390 
415 0.003714 
416 0.009589 
417 0.008938 
418 0.003785 
419 0.005674 
420 0.012734 
421 0.012129 
422 0.003928 
423 0.001632 
424 0.005303 
425 0.003584 
426 0.000655 
427 0.007027 
428 0.013382 
429 0.006710 
430 -0.001626 
431 0.002708 
432 0.009587 
433 0.005817 
434 -0.002155 
435 -0.002464 
436 0.005566 
437 0.007159 
438 -0.001864 
439 -0.004517 
440 0.003519 
441 0.008659 
442 0.005590 
443 0.002191 
444 0.003351 
445 0.004661 
446 0.002151 
447 -0.000421 
448 0.000456 
449 0.002013 
450 -0.000661 
451 -0.003838 
452 -0.000070 
453 0.005035 
454 0.003986 
455 -0.001564 
456 -0.005834 
457 -0.001866 
458 0.004745 
459 0.003928 
460 -0.000555 
461 -0.002814 
462 -0.003126 
463 -0.003475 
464 -0.004677 
465 -0.004910 
466 -0.001660 
467 0.002348 
468 0.000398 
469 -0.005742 
470 -0.005561 
471 0.001168 
472 0.003158 
473 -0.001770 
474 -0.005201 
475 -0.003982 
476 -0.002865 
477 -0.004987 
478 -0.008661 
479 -0.008655 
480 -0.004121 
481 -0.001907 
482 -0.004905 
483 -0.007970 
484 -0.007208 
485 -0.004904 
486 -0.002738 
487 -0.002452 
488 -0.005642 
489 -0.007400 
490 -0.004473 
491 -0.002270 
492 -0.004851 
493 -0.008683 
494 -0.009264 
495 -0.008979 
496 -0.012042 
497 -0.013193 
498 -0.006938 
499 0.001045 
500 0.004019 
501 0.000094 
502 -0.007736 
503 -0.011849 
504 -0.009357 
505 -0.006315 
506 -0.007560 
507 -0.008422 
508 -0.005616 
509 -0.004870 
510 -0.009179 
511 -0.010775 
512 -0.003475 
513 0.003120 
514 -0.003267 
515 -0.014262 
516 -0.011488 
517 0.002786 
518 0.007274 
519 -0.003001 
520 -0.009971 
521 -0.005326 
522 -0.000156 
523 -0.002905 
524 -0.006862 
525 -0.003696 
526 0.001707 
527 -0.001056 
528 -0.007147 
529 -0.003142 
530 0.008896 
531 0.011113 
532 0.000274 
533 -0.006063 
534 0.000259 
535 0.006862 
536 0.004023 
537 -0.001802 
538 -0.000148 
539 0.005633 
540 0.005188 
541 0.000585 
542 0.001044 
543 0.005179 
544 0.005648 
545 0.001681 
546 -0.000197 
547 0.003858 
548 0.007236 
549 0.005595 
550 0.003863 
551 0.004612 
552 0.005297 
553 0.003901 
554 -0.000800 
555 -0.004293 
556 0.001376 
557 0.012010 
558 0.013572 
559 0.005972 
560 0.004414 
561 0.010559 
562 0.009968 
563 0.000851 
564 -0.001707 
565 0.006510 
566 0.012945 
567 0.010057 
568 0.006882 
569 0.010681 
570 0.012912 
571 0.007225 
572 0.001432 
573 0.003122 
574 0.007083 
575 0.006943 
576 0.007774 
577 0.014256 
578 0.018309 
579 0.013827 
580 0.008003 
581 0.006762 
582 0.006451 
583 0.006031 
584 0.007135 
585 0.008580 
586 0.011559 
587 0.016733 
588 0.016667 
589 0.008917 
590 0.003366 
591 0.006622 
592 0.011179 
593 0.010205 
594 0.006610 
595 0.006071 
596 0.009333 
597 0.011310 
598 0.010604 
599 0.010462 
600 0.007579 
601 -0.000484 
602 -0.004283 
603 0.002409 
604 0.011726 
605 0.013387 
606 0.006807 
607 0.001959 
608 0.005499 
609 0.010287 
610 0.007752 
611 0.001471 
612 -0.000857 
613 0.000109 
614 0.000455 
615 0.003276 
616 0.010899 
617 0.014326 
618 0.007514 
619 -0.000068 
620 -0.000597 
621 0.001739 
622 0.000103 
623 -0.002509 
624 -0.000783 
625 0.000953 
626 -0.002110 
627 -0.003137 
628 0.005573 
629 0.012829 
630 0.005155 
631 -0.007931 
632 -0.010735 
633 -0.005145 
634 -0.000835 
635 -0.000119 
636 -0.002090 
637 -0.004343 
638 -0.003448 
639 -0.000975 
640 -0.002035 
641 -0.005553 
642 -0.005233 
643 -0.001437 
644 -0.001963 
645 -0.006687 
646 -0.006962 
647 -0.001847 
648 -0.000309 
649 -0.006121 
650 -0.010108 
651 -0.006356 
652 -0.001887 
653 -0.004444 
654 -0.008575 
655 -0.005542 
656 -0.000645 
657 -0.003505 
658 -0.007596 
659 -0.005213 
660 -0.004046 
661 -0.009491 
662 -0.012718 
663 -0.006304 
664 0.001118 
665 -0.001595 
666 -0.007099 
667 -0.004320 
668 0.001124 
669 -0.001189 
670 -0.008871 
671 -0.011112 
672 -0.007073 
673 -0.006621 
674 -0.011992 
675 -0.012629 
676 -0.003322 
677 0.004487 
678 -0.000095 
679 -0.007813 
680 -0.005773 
681 -0.000200 
682 -0.003888 
683 -0.012731 
684 -0.015680 
685 -0.011517 
686 -0.006718 
687 -0.004495 
688 -0.001830 
689 0.001957 
690 0.001652 
691 -0.004954 
692 -0.009814 
693 -0.005378 
694 -0.000214 
695 -0.005864 
696 -0.012511 
697 -0.007445 
698 0.001424 
699 0.001961 
700 -0.002070 
701 -0.002877 
702 -0.001424 
703 -0.001043 
704 -0.003230 
705 -0.005473 
706 -0.002574 
707 0.002129 
708 0.000256 
709 -0.003826 
710 -0.002033 
711 0.001190 
712 0.000237 
713 -0.002260 
714 -0.001975 
715 0.000463 
716 0.001518 
717 -0.000852 
718 -0.003175 
719 -0.000673 
720 0.002737 
721 0.001550 
722 0.000131 
723 0.001473 
724 0.001955 
725 0.001163 
726 0.001109 
727 0.002035 
728 0.004264 
729 0.005777 
730 0.003481 
731 -0.001411 
732 -0.003178 
733 0.000729 
734 0.005331 
735 0.005235 
736 0.002769 
737 0.003314 
738 0.006458 
739 0.006461 
740 0.002481 
741 -0.000079 
742 0.000147 
743 -0.000744 
744 -0.001612 
745 0.001353 
746 0.005274 
747 0.005598 
748 0.004302 
749 0.004740 
750 0.006700 
751 0.006798 
752 0.003027 
753 0.000113 
754 0.002903 
755 0.006501 
756 0.003475 
757 -0.001541 
758 0.000557 
759 0.006467 
760 0.007964 
761 0.005251 
762 0.002696 
763 0.002448 
764 0.002591 
765 0.001163 
766 0.000338 
767 0.002729 
768 0.004265 
769 0.001420 
770 -0.000753 
771 0.001936 
772 0.005000 
773 0.004194 
774 0.000994 
775 -0.001240 
776 -0.000067 
777 0.003550 
778 0.005556 
779 0.003878 
780 0.001315 
781 0.000888 
782 0.000489 
783 -0.001085 
784 -0.000208 
785 0.002839 
786 0.003412 
787 0.000961 
788 -0.000460 
789 0.000809 
790 0.002620 
791 0.002643 
792 0.001301 
793 -0.000371 
794 -0.001979 
795 -0.002266 
796 -0.000424 
797 0.001862 
798 0.001645 
799 0.000077 
800 0.000848 
801 0.002143 
802 0.000476 
803 -0.003254 
804 -0.004296 
805 -0.000481 
806 0.002017 
807 -0.001485 
808 -0.004593 
809 -0.001467 
810 0.002503 
811 0.000991 
812 -0.002966 
813 -0.003839 
814 -0.002101 
815 -0.001715 
816 -0.003750 
817 -0.003826 
818 -0.000454 
819 0.000258 
820 -0.003227 
821 -0.003545 
822 0.000457 
823 0.000391 
824 -0.005866 
825 -0.009098 
826 -0.004874 
827 -0.000661 
828 -0.001928 
829 -0.003389 
830 -0.000371 
831 0.002362 
832 -0.000110 
833 -0.003665 
834 -0.002987 
835 -0.000944 
836 -0.001980 
837 -0.004639 
838 -0.005711 
839 -0.004257 
840 -0.001645 
841 0.000588 
842 0.002090 
843 0.001818 
844 -0.000162 
845 -0.001804 
846 -0.002377 
847 -0.003223 
848 -0.004803 
849 -0.004318 
850 -0.000761 
851 0.001805 
852 0.000557 
853 -0.001639 
854 -0.001718 
855 -0.001063 
856 -0.002154 
857 -0.003134 
858 -0.002474 
859 -0.001650 
860 -0.001078 
861 -0.000464 
862 -0.000665 
863 -0.001449 
864 -0.002002 
865 -0.002177 
866 -0.000843 
867 0.001200 
868 0.000351 
869 -0.002214 
870 -0.002321 
871 -0.001291 
872 -0.001107 
873 -0.000406 
874 -0.000130 
875 -0.000911 
876 -0.000620 
877 0.000325 
878 0.000365 
879 0.000384 
880 0.000664 
881 -0.000017 
882 -0.001022 
883 -0.000555 
884 0.000413 
885 0.000346 
886 -0.000111 
887 -0.000268 
888 0.000051 
889 0.000273 
890 -0.000144 
891 0.000545 
892 0.002570 
893 0.002556 
894 0.000044 
895 -0.001032 
896 0.000971 
897 0.002782 
898 0.001223 
899 -0.001453 
900 -0.001288 
901 0.001036 
902 0.002523 
903 0.002417 
904 0.001656 
905 0.000867 
906 0.000613 
907 0.001219 
908 0.002166 
909 0.002148 
910 0.000430 
911 -0.001121 
912 0.000108 
913 0.002627 
914 0.002796 
915 0.000624 
916 -0.000633 
917 0.000221 
918 0.001678 
919 0.002777 
920 0.002686 
921 0.001132 
922 0.000188 
923 0.000998 
924 0.001768 
925 0.001135 
926 0.000277 
927 0.000673 
928 0.001659 
929 0.001532 
930 0.000663 
931 0.000961 
932 0.002087 
933 0.001967 
934 0.000653 
935 0.000288 
936 0.000851 
937 0.000580 
938 0.000135 
939 0.001085 
940 0.002006 
941 0.001012 
942 -0.000198 
943 0.000420 
944 0.001383 
945 0.000842 
946 -0.000262 
947 -0.000305 
948 0.000777 
949 0.000980 
950 -0.000219 
951 -0.000563 
952 0.000479 
953 0.001129 
954 0.000729 
955 0.000295 
956 0.000439 
957 0.000595 
958 0.000285 
959 -0.000025 
960 0.000075 
961 0.000257 
962 -0.000056 
963 -0.000422 
964 0.000007 
965 0.000578 
966 0.000460 
967 -0.000152 
968 -0.000612 
969 -0.000175 
970 0.000535 
971 0.000444 
972 -0.000031 
973 -0.000265 
974 -0.000297 
975 -0.000330 
976 -0.000449 
977 -0.000466 
978 -0.000137 
979 0.000259 
980 0.000068 
981 -0.000527 
982 -0.000506 
983 0.000138 
984 0.000326 
985 -0.000136 
986 -0.000451 
987 -0.000336 
988 -0.000231 
989 -0.000422 
990 -0.000752 
991 -0.000748 
992 -0.000340 
993 -0.000142 
994 -0.000405 
995 -0.000669 
996 -0.000598 
997 -0.000395 
998 -0.000206 
999 -0.000181 
1000 -0.000451 
1001 -0.000598 
1002 -0.000350 
1003 -0.000163 
1004 -0.000377 
1005 -0.000693 
1006 -0.000738 
1007 -0.000711 
1008 -0.000961 
1009 -0.001055 
1010 -0.000541 
1011 0.000111 
1012 0.000354 
1013 0.000034 
1014 -0.000596 
1015 -0.000925 
1016 -0.000723 
1017 -0.000476 
1018 -0.000575 
1019 -0.000642 
1020 -0.000417 
1021 -0.000358 
1022 -0.000701 
1023 -0.000829 
