0 0.822138 
1 -0.112719 
2 -0.178780 
3 -0.078352 
4 -0.058427 
5 -0.154368 
6 0.045197 
7 0.017314 
8 -0.054705 
9 0.107918 
10 -0.150178 
11 -0.035841 
12 -0.029827 
13 0.008159 
14 0.046044 
15 -0.003011 
16 0.069444 
17 0.007377 
18 -0.004859 
19 -0.176057 
20 0.139935 
21 0.062038 
22 0.062074 
23 0.083182 
24 0.000914 
25 0.002951 
26 -0.104084 
27 0.104102 
28 0.136397 
29 0.044678 
30 0.037258 
31 0.090695 
32 -0.114124 
33 0.063950 
34 0.069710 
35 -0.033808 
36 0.051218 
37 0.094193 
38 -0.003729 
39 -0.050344 
40 0.004972 
41 0.004245 
42 -0.089689 
43 0.077091 
44 0.114365 
45 -0.048207 
46 -0.085008 
47 -0.091772 
48 -0.015720 
49 -0.040145 
50 -0.034240 
51 0.118507 
52 -0.112175 
53 -0.071615 
54 -0.096032 
55 -0.026904 
56 -0.009015 
57 0.017712 
58 -0.026494 
59 -0.025870 
60 -0.030397 
61 -0.017600 
62 -0.060225 
63 -0.025518 
64 0.077976 
65 0.030939 
66 -0.099208 
67 0.052431 
68 0.033636 
69 0.000402 
70 -0.096553 
71 0.019778 
72 0.152937 
73 -0.018190 
74 0.030518 
75 0.027860 
76 -0.008414 
77 -0.026689 
78 0.023370 
79 0.159612 
80 0.046092 
81 0.054777 
82 -0.042642 
83 0.062028 
84 0.026748 
85 0.014103 
86 0.097229 
87 0.030386 
88 0.026967 
89 0.014518 
90 -0.001853 
91 0.029207 
92 -0.013771 
93 0.017123 
94 -0.012548 
95 0.152395 
96 -0.044072 
97 -0.151965 
98 0.043085 
99 -0.097905 
100 0.047962 
101 -0.015570 
102 -0.054052 
103 -0.006300 
104 -0.106662 
105 -0.142223 
106 0.010725 
107 0.060790 
108 -0.151948 
109 0.048523 
110 -0.052934 
111 -0.083516 
112 0.040143 
113 -0.080670 
114 -0.052376 
115 0.136000 
116 -0.073336 
117 -0.087875 
118 0.004803 
119 -0.030437 
120 -0.019900 
121 0.002992 
122 0.034203 
123 -0.019732 
124 0.069826 
125 -0.032287 
126 0.026079 
127 0.008554 
128 -0.016772 
129 0.076804 
130 0.062652 
131 0.085324 
132 -0.015994 
133 -0.035353 
134 0.061415 
135 0.116092 
136 0.058825 
137 -0.050613 
138 0.163862 
139 -0.047801 
140 -0.030824 
141 0.113116 
142 -0.041686 
143 0.043684 
144 0.005799 
145 0.028245 
146 -0.003212 
147 0.066235 
148 -0.170641 
149 -0.046272 
150 0.081375 
151 0.035698 
152 -0.087918 
153 -0.007196 
154 -0.014331 
155 -0.080370 
156 -0.084448 
157 0.018060 
158 0.018319 
159 -0.099548 
160 -0.046277 
161 -0.115274 
162 0.066925 
163 -0.120172 
164 -0.023474 
165 -0.012591 
166 0.036287 
167 -0.040490 
168 -0.047850 
169 0.013612 
170 -0.069550 
171 0.082027 
172 -0.105492 
173 0.043002 
174 0.083955 
175 -0.057972 
176 -0.003349 
177 -0.061915 
178 0.146304 
179 -0.067101 
180 0.038679 
181 0.075646 
182 0.155251 
183 -0.127428 
184 0.011572 
185 0.186901 
186 -0.021932 
187 0.146623 
188 0.051996 
189 -0.040631 
190 0.121358 
191 -0.072654 
192 0.088223 
193 0.103013 
194 -0.025948 
195 0.044017 
196 -0.018366 
197 0.066032 
198 -0.067304 
199 0.016080 
200 -0.021219 
201 0.027465 
202 0.084034 
203 -0.197897 
204 0.017330 
205 -0.013305 
206 -0.074097 
207 0.033177 
208 0.017524 
209 0.022311 
210 -0.159158 
211 -0.029462 
212 -0.060398 
213 0.056828 
214 -0.027935 
215 -0.090413 
216 0.068498 
217 -0.186911 
218 0.092546 
219 -0.150634 
220 0.060221 
221 -0.054633 
222 -0.050120 
223 0.023881 
224 -0.032004 
225 0.091405 
226 -0.166482 
227 0.042340 
228 0.058415 
229 0.026168 
230 -0.012328 
231 0.022610 
232 0.001574 
233 0.004165 
234 0.011783 
235 -0.003161 
236 0.073953 
237 0.150249 
238 -0.025319 
239 -0.066917 
240 0.093962 
241 0.095446 
242 -0.007134 
243 0.034530 
244 0.100234 
245 0.003611 
246 -0.013919 
247 -0.014153 
248 0.141570 
249 -0.069294 
250 -0.072056 
251 0.149823 
252 -0.036914 
253 -0.050242 
254 0.062266 
255 -0.093185 
256 -0.025780 
257 0.026375 
258 0.059351 
259 -0.043055 
260 0.047459 
261 -0.107657 
262 -0.096643 
263 -0.006869 
264 0.011766 
265 0.112925 
266 -0.195695 
267 -0.008930 
268 -0.035460 
269 -0.038364 
270 -0.088812 
271 0.109886 
272 -0.024871 
273 -0.190208 
274 0.073807 
275 -0.083637 
276 0.040720 
277 -0.098069 
278 0.024447 
279 0.056847 
280 0.027810 
281 0.009033 
282 -0.042485 
283 -0.042310 
284 0.083033 
285 0.006506 
286 -0.012963 
287 0.153681 
288 0.025187 
289 -0.051599 
290 -0.077126 
291 0.083839 
292 0.136029 
293 -0.099928 
294 0.147503 
295 0.021180 
296 -0.039958 
297 -0.026439 
298 0.110692 
299 -0.023731 
300 0.091102 
301 0.045085 
302 0.001204 
303 -0.020703 
304 -0.006537 
305 0.005173 
306 -0.027138 
307 0.095895 
308 -0.032760 
309 -0.022957 
310 0.060395 
311 -0.071339 
312 -0.026116 
313 -0.043969 
314 0.035384 
315 -0.041251 
316 -0.008072 
317 0.007329 
318 -0.073961 
319 -0.116084 
320 0.045926 
321 -0.003516 
322 -0.063903 
323 0.053911 
324 -0.012054 
325 -0.124373 
326 -0.013336 
327 0.087681 
328 -0.098610 
329 -0.061574 
330 0.104789 
331 0.122131 
332 -0.157082 
333 -0.116845 
334 0.157323 
335 -0.052635 
336 0.020886 
337 -0.028268 
338 0.197787 
339 -0.130583 
340 0.000836 
341 0.101980 
342 -0.094980 
343 0.164829 
344 0.046733 
345 -0.017811 
346 -0.051660 
347 0.125261 
348 -0.049443 
349 -0.020282 
350 0.144283 
351 0.020886 
352 0.027069 
353 -0.053743 
354 0.122438 
355 -0.054579 
356 -0.121008 
357 0.164178 
358 0.017215 
359 0.017780 
360 -0.038636 
361 0.054370 
362 -0.049087 
363 -0.110741 
364 0.122032 
365 -0.063303 
366 0.040651 
367 0.057480 
368 -0.124185 
369 -0.087624 
370 0.000299 
371 0.035517 
372 -0.055788 
373 0.038790 
374 0.006045 
375 -0.140355 
376 -0.012207 
377 -0.075699 
378 0.079190 
379 -0.095234 
380 -0.020956 
381 0.081073 
382 -0.066125 
383 -0.035066 
384 -0.056699 
385 0.029675 
386 -0.054811 
387 0.075064 
388 0.007912 
389 -0.041915 
390 0.068346 
391 -0.172283 
392 0.017096 
393 0.147360 
394 0.087510 
395 -0.094047 
396 0.015704 
397 0.076989 
398 -0.131119 
399 0.087989 
400 0.072335 
401 0.065196 
402 -0.017224 
403 0.010684 
404 0.047418 
405 -0.010667 
406 0.025369 
407 0.096680 
408 -0.055361 
409 -0.043919 
410 0.210572 
411 -0.063179 
412 -0.089756 
413 0.100949 
414 0.027389 
415 -0.104022 
416 0.124492 
417 0.053230 
418 -0.057537 
419 -0.085387 
420 -0.009988 
421 0.046212 
422 -0.065930 
423 0.051208 
424 0.020067 
425 -0.014337 
426 -0.115225 
427 -0.017348 
428 -0.009038 
429 -0.084518 
430 0.140372 
431 -0.101694 
432 -0.088225 
433 0.116716 
434 -0.082141 
435 -0.133954 
436 0.039640 
437 0.099043 
438 -0.084732 
439 0.011805 
440 -0.031054 
441 -0.011240 
442 -0.149908 
443 0.090996 
444 0.106896 
445 -0.056261 
446 -0.003302 
447 -0.062927 
448 0.043032 
449 -0.037682 
450 0.003889 
451 0.105498 
452 0.019114 
453 -0.004306 
454 0.045224 
455 -0.095276 
456 0.126023 
457 0.114878 
458 -0.093160 
459 0.045274 
460 0.108018 
461 0.026326 
462 -0.109916 
463 0.101921 
464 0.007059 
465 0.048092 
466 0.045251 
467 0.028316 
468 0.027339 
469 -0.071649 
470 0.031842 
471 -0.061356 
472 0.092766 
473 0.019414 
474 0.006138 
475 -0.043856 
476 -0.039210 
477 0.083236 
478 -0.210778 
479 0.117877 
480 0.048504 
481 -0.151258 
482 0.013891 
483 0.018802 
484 -0.029868 
485 -0.086957 
486 -0.003641 
487 0.006116 
488 0.023076 
489 -0.070599 
490 -0.030996 
491 -0.023840 
492 -0.121696 
493 0.047066 
494 0.039197 
495 -0.042751 
496 0.037174 
497 -0.028610 
498 -0.084591 
499 -0.024311 
500 0.131986 
501 -0.120749 
502 0.028409 
503 0.122823 
504 -0.073653 
505 -0.064599 
506 0.074382 
507 0.024291 
508 0.090001 
509 -0.104713 
510 0.120422 
511 0.003777 
512 -0.010374 
513 0.043082 
514 -0.039500 
515 0.096725 
516 0.046894 
517 0.084316 
518 -0.082224 
519 0.077054 
520 0.021706 
521 -0.086947 
522 0.000543 
523 0.183374 
524 0.015979 
525 -0.193198 
526 0.153294 
527 -0.067533 
528 -0.056005 
529 0.077712 
530 -0.003178 
531 0.025558 
532 -0.073880 
533 -0.061719 
534 0.022911 
535 -0.038032 
536 -0.028115 
537 -0.036126 
538 0.059498 
539 -0.083534 
540 -0.001822 
541 -0.118897 
542 -0.066070 
543 0.065257 
544 -0.028258 
545 -0.100805 
546 0.103178 
547 -0.060981 
548 -0.130846 
549 0.025886 
550 0.052643 
551 -0.002294 
552 -0.003582 
553 0.004996 
554 -0.047859 
555 0.014456 
556 -0.069278 
557 0.129590 
558 -0.039132 
559 0.073409 
560 0.013302 
561 -0.036287 
562 0.068696 
563 0.000700 
564 0.045940 
565 -0.043577 
566 0.223196 
567 -0.037310 
568 -0.056020 
569 0.152998 
570 0.015339 
571 -0.007571 
572 0.011398 
573 0.100166 
574 0.066986 
575 0.023441 
576 -0.061824 
577 -0.011037 
578 0.067126 
579 -0.036631 
580 0.102164 
581 -0.052720 
582 0.005607 
583 0.022151 
584 -0.142929 
585 0.027412 
586 0.070450 
587 -0.037691 
588 -0.120554 
589 0.047324 
590 0.048879 
591 -0.232160 
592 0.036706 
593 0.015389 
594 -0.130836 
595 0.025327 
596 -0.070174 
597 0.003482 
598 -0.098512 
599 -0.034903 
600 -0.033447 
601 -0.003908 
602 0.074884 
603 -0.078677 
604 0.025332 
605 -0.089796 
606 0.006922 
607 -0.003472 
608 -0.031454 
609 0.158526 
610 -0.004914 
611 -0.038043 
612 -0.058779 
613 0.140233 
614 -0.023892 
615 -0.028692 
616 0.200854 
617 -0.008729 
618 0.034090 
619 -0.014737 
620 0.058245 
621 0.041985 
622 0.037900 
623 0.045003 
624 0.062235 
625 0.012626 
626 0.041377 
627 -0.042763 
628 0.011662 
629 0.069394 
630 0.081882 
631 -0.008838 
632 0.006085 
633 0.075806 
634 -0.169412 
635 -0.014032 
636 0.083411 
637 0.015347 
638 -0.066973 
639 -0.027336 
640 -0.010450 
641 -0.031758 
642 -0.049125 
643 -0.111579 
644 0.047677 
645 0.028978 
646 -0.113518 
647 -0.007874 
648 -0.109494 
649 0.003778 
650 -0.088849 
651 -0.031384 
652 0.058064 
653 0.003901 
654 -0.086479 
655 -0.061990 
656 0.017453 
657 -0.085624 
658 0.067096 
659 0.028143 
660 0.041174 
661 -0.071297 
662 0.014410 
663 -0.005134 
664 0.017127 
665 0.012086 
666 0.013565 
667 0.045389 
668 0.060689 
669 0.051235 
670 -0.081662 
671 0.026443 
672 0.106432 
673 0.081743 
674 -0.024411 
675 0.114928 
676 0.061330 
677 -0.121449 
678 -0.028921 
679 0.139407 
680 0.094420 
681 -0.036050 
682 0.087788 
683 -0.025604 
684 -0.061672 
685 0.018663 
686 0.054896 
687 0.017393 
688 0.029503 
689 0.019146 
690 -0.124192 
691 0.070416 
692 -0.033547 
693 -0.012288 
694 -0.025409 
695 -0.070423 
696 0.104433 
697 -0.085731 
698 -0.065765 
699 -0.063844 
700 0.034664 
701 -0.158590 
702 0.071296 
703 0.095760 
704 -0.137023 
705 -0.031920 
706 -0.098610 
707 -0.027916 
708 0.020628 
709 -0.015404 
710 0.070454 
711 -0.041824 
712 -0.065678 
713 -0.052700 
714 -0.012756 
715 0.048224 
716 0.022662 
717 0.044167 
718 -0.065100 
719 0.077483 
720 -0.015463 
721 -0.051810 
722 0.106067 
723 -0.016679 
724 0.129189 
725 -0.005347 
726 0.033641 
727 0.058282 
728 -0.037462 
729 0.079071 
730 -0.020818 
731 0.228824 
732 -0.070129 
733 0.016927 
734 0.069186 
735 -0.083421 
736 0.127292 
737 -0.092484 
738 0.150719 
739 0.011165 
740 0.002016 
741 -0.071672 
742 -0.028341 
743 0.117247 
744 -0.094601 
745 0.045705 
746 0.020514 
747 -0.021377 
748 -0.080758 
749 -0.075718 
750 -0.017958 
751 -0.044673 
752 0.004368 
753 -0.102319 
754 0.021231 
755 0.037135 
756 -0.246552 
757 0.036837 
758 0.020737 
759 -0.073313 
760 0.038675 
761 -0.010970 
762 -0.010643 
763 -0.012627 
764 -0.105971 
765 -0.022971 
766 0.077295 
767 0.027836 
768 -0.076990 
769 0.136911 
770 -0.139953 
771 -0.014873 
772 0.018991 
773 0.081027 
774 0.061881 
775 0.069375 
776 0.045808 
777 -0.063065 
778 0.079226 
779 -0.014117 
780 0.062507 
781 0.095287 
782 0.058249 
783 0.035066 
784 -0.119346 
785 0.085859 
786 0.088457 
787 -0.016576 
788 -0.023239 
789 0.116742 
790 0.021328 
791 -0.073808 
792 0.019891 
793 -0.009213 
794 0.076362 
795 -0.052162 
796 0.063871 
797 -0.084885 
798 0.038583 
799 -0.010431 
800 -0.102999 
801 -0.020911 
802 -0.045355 
803 0.048375 
804 -0.034913 
805 0.008567 
806 -0.125710 
807 -0.014473 
808 -0.154115 
809 0.132772 
810 -0.001589 
811 -0.161709 
812 0.048472 
813 -0.014480 
814 -0.081795 
815 -0.089339 
816 0.098497 
817 -0.007799 
818 0.061571 
819 -0.103424 
820 -0.070042 
821 0.036420 
822 -0.053949 
823 0.011070 
824 -0.020240 
825 0.098760 
826 0.084219 
827 -0.001635 
828 -0.089726 
829 0.017590 
830 0.095183 
831 -0.067211 
832 0.172186 
833 0.085574 
834 -0.058120 
835 -0.035655 
836 0.050789 
837 0.060998 
838 0.036524 
839 0.104337 
840 -0.043668 
841 0.056537 
842 -0.103154 
843 -0.006546 
844 0.177643 
845 0.044858 
846 -0.043348 
847 0.068713 
848 -0.062069 
849 0.086311 
850 -0.045095 
851 -0.011457 
852 0.097737 
853 0.007711 
854 -0.065825 
855 -0.068751 
856 0.216808 
857 -0.198395 
858 -0.032832 
859 -0.003675 
860 -0.055580 
861 0.060021 
862 -0.097518 
863 -0.060151 
864 -0.114823 
865 -0.004195 
866 -0.016710 
867 -0.035708 
868 0.108247 
869 -0.137421 
870 -0.002410 
871 -0.126779 
872 0.057857 
873 -0.037661 
874 -0.066513 
875 0.070151 
876 -0.035514 
877 0.055024 
878 -0.150951 
879 0.079872 
880 0.025121 
881 0.007137 
882 0.034050 
883 0.014769 
884 0.031260 
885 0.068660 
886 -0.057192 
887 0.041374 
888 0.091922 
889 0.033984 
890 0.106122 
891 -0.048970 
892 0.071253 
893 -0.016739 
894 -0.088854 
895 0.162448 
896 0.125627 
897 -0.124278 
898 0.022496 
899 0.105143 
900 -0.067035 
901 -0.001961 
902 0.059023 
903 0.073319 
904 -0.041057 
905 0.043629 
906 -0.055122 
907 -0.055799 
908 0.113647 
909 -0.156540 
910 0.051436 
911 0.028212 
912 0.013556 
913 -0.154888 
914 -0.117005 
915 -0.036659 
916 0.066771 
917 -0.108896 
918 -0.120705 
919 0.124774 
920 -0.226526 
921 -0.062612 
922 0.022473 
923 -0.038745 
924 -0.064062 
925 0.055177 
926 -0.040828 
927 -0.062106 
928 0.040433 
929 -0.031737 
930 -0.056166 
931 0.152492 
932 -0.001028 
933 0.027257 
934 0.016642 
935 0.047233 
936 -0.011241 
937 -0.034074 
938 0.090542 
939 0.178579 
940 -0.063540 
941 -0.027066 
942 0.099755 
943 -0.008106 
944 0.013357 
945 0.085739 
946 0.065280 
947 -0.005166 
948 0.076047 
949 -0.100160 
950 0.154658 
951 0.027992 
952 0.004228 
953 0.067281 
954 0.105775 
955 0.023790 
956 -0.148947 
957 0.080486 
958 -0.025481 
959 0.072730 
960 -0.125689 
961 0.071975 
962 0.059030 
963 -0.099461 
964 -0.146881 
965 -0.038431 
966 0.029369 
967 -0.063594 
968 -0.015630 
969 0.043708 
970 -0.193019 
971 0.049551 
972 0.022295 
973 -0.079618 
974 0.012517 
975 -0.009329 
976 -0.035212 
977 -0.052980 
978 0.000127 
979 -0.086082 
980 -0.051828 
981 -0.049969 
982 0.050964 
983 0.114912 
984 -0.133251 
985 0.051063 
986 0.069847 
987 -0.266717 
988 0.224938 
989 0.090748 
990 0.118564 
991 -0.056305 
992 -0.005867 
993 0.008415 
994 0.095530 
995 0.105845 
996 -0.287597 
997 0.166024 
998 0.007206 
999 -0.073362 
1000 0.021555 
1001 0.007710 
1002 0.194493 
1003 -0.045318 
1004 0.056145 
1005 0.147074 
1006 0.125507 
1007 -0.028330 
1008 -0.056357 
1009 -0.087247 
1010 -0.060258 
1011 0.226753 
1012 0.081474 
1013 -0.250062 
1014 -0.094119 
1015 -0.048134 
1016 0.201018 
1017 0.089169 
1018 -0.029309 
1019 -0.051402 
1020 -0.110794 
1021 -0.087295 
1022 0.021318 
1023 0.371431 
