0 -0.000033 
1 -0.000080 
2 -0.000122 
3 -0.000149 
4 -0.000167 
5 -0.000172 
6 -0.000156 
7 -0.000134 
8 -0.000104 
9 -0.000069 
10 -0.000049 
11 -0.000040 
12 -0.000023 
13 -0.000019 
14 -0.000029 
15 -0.000052 
16 -0.000089 
17 -0.000117 
18 -0.000128 
19 -0.000141 
20 -0.000134 
21 -0.000119 
22 -0.000083 
23 -0.000043 
24 -0.000012 
25 0.000011 
26 0.000029 
27 0.000027 
28 0.000017 
29 -0.000023 
30 -0.000077 
31 -0.000136 
32 -0.000183 
33 -0.000201 
34 -0.000190 
35 -0.000156 
36 -0.000115 
37 -0.000073 
38 -0.000034 
39 -0.000001 
40 0.000012 
41 0.000007 
42 -0.000008 
43 -0.000033 
44 -0.000057 
45 -0.000088 
46 -0.000108 
47 -0.000117 
48 -0.000110 
49 -0.000092 
50 -0.000057 
51 -0.000018 
52 0.000015 
53 0.000050 
54 0.000069 
55 0.000068 
56 0.000037 
57 -0.000032 
58 -0.000090 
59 -0.000151 
60 -0.000181 
61 -0.000168 
62 -0.000133 
63 -0.000065 
64 0.000003 
65 0.000062 
66 0.000108 
67 0.000129 
68 0.000132 
69 0.000097 
70 0.000047 
71 -0.000007 
72 -0.000062 
73 -0.000075 
74 -0.000048 
75 0.000005 
76 0.000067 
77 0.000132 
78 0.000187 
79 0.000224 
80 0.000256 
81 0.000269 
82 0.000249 
83 0.000204 
84 0.000146 
85 0.000077 
86 0.000014 
87 -0.000037 
88 -0.000060 
89 -0.000052 
90 -0.000003 
91 0.000060 
92 0.000134 
93 0.000200 
94 0.000243 
95 0.000264 
96 0.000232 
97 0.000175 
98 0.000089 
99 -0.000003 
100 -0.000044 
101 -0.000059 
102 -0.000003 
103 0.000082 
104 0.000177 
105 0.000271 
106 0.000341 
107 0.000394 
108 0.000414 
109 0.000390 
110 0.000327 
111 0.000244 
112 0.000162 
113 0.000083 
114 0.000033 
115 0.000014 
116 0.000028 
117 0.000069 
118 0.000149 
119 0.000232 
120 0.000330 
121 0.000421 
122 0.000488 
123 0.000520 
124 0.000487 
125 0.000411 
126 0.000316 
127 0.000224 
128 0.000144 
129 0.000098 
130 0.000102 
131 0.000172 
132 0.000274 
133 0.000399 
134 0.000512 
135 0.000559 
136 0.000584 
137 0.000573 
138 0.000505 
139 0.000422 
140 0.000326 
141 0.000240 
142 0.000185 
143 0.000174 
144 0.000186 
145 0.000238 
146 0.000346 
147 0.000423 
148 0.000490 
149 0.000522 
150 0.000538 
151 0.000570 
152 0.000573 
153 0.000556 
154 0.000504 
155 0.000419 
156 0.000355 
157 0.000341 
158 0.000386 
159 0.000511 
160 0.000641 
161 0.000753 
162 0.000828 
163 0.000839 
164 0.000799 
165 0.000721 
166 0.000576 
167 0.000433 
168 0.000340 
169 0.000259 
170 0.000209 
171 0.000247 
172 0.000338 
173 0.000478 
174 0.000594 
175 0.000702 
176 0.000818 
177 0.000869 
178 0.000936 
179 0.000891 
180 0.000766 
181 0.000560 
182 0.000312 
183 0.000079 
184 -0.000109 
185 -0.000158 
186 -0.000088 
187 0.000087 
188 0.000292 
189 0.000488 
190 0.000667 
191 0.000812 
192 0.000889 
193 0.000835 
194 0.000687 
195 0.000426 
196 0.000146 
197 -0.000089 
198 -0.000217 
199 -0.000230 
200 -0.000082 
201 0.000100 
202 0.000330 
203 0.000548 
204 0.000744 
205 0.000859 
206 0.000937 
207 0.000939 
208 0.000821 
209 0.000589 
210 0.000313 
211 0.000075 
212 -0.000062 
213 -0.000096 
214 -0.000047 
215 0.000089 
216 0.000290 
217 0.000485 
218 0.000674 
219 0.000840 
220 0.000864 
221 0.000723 
222 0.000464 
223 0.000136 
224 -0.000166 
225 -0.000367 
226 -0.000458 
227 -0.000395 
228 -0.000279 
229 -0.000088 
230 0.000146 
231 0.000431 
232 0.000637 
233 0.000722 
234 0.000713 
235 0.000560 
236 0.000314 
237 0.000028 
238 -0.000235 
239 -0.000373 
240 -0.000445 
241 -0.000441 
242 -0.000359 
243 -0.000161 
244 0.000084 
245 0.000323 
246 0.000537 
247 0.000652 
248 0.000607 
249 0.000432 
250 0.000130 
251 -0.000211 
252 -0.000494 
253 -0.000666 
254 -0.000692 
255 -0.000553 
256 -0.000326 
257 0.000003 
258 0.000343 
259 0.000617 
260 0.000778 
261 0.000774 
262 0.000616 
263 0.000333 
264 0.000072 
265 -0.000165 
266 -0.000322 
267 -0.000408 
268 -0.000465 
269 -0.000371 
270 -0.000207 
271 0.000033 
272 0.000267 
273 0.000445 
274 0.000511 
275 0.000496 
276 0.000320 
277 0.000069 
278 -0.000265 
279 -0.000606 
280 -0.000873 
281 -0.001029 
282 -0.001024 
283 -0.000800 
284 -0.000436 
285 -0.000033 
286 0.000348 
287 0.000712 
288 0.000885 
289 0.000889 
290 0.000734 
291 0.000439 
292 0.000076 
293 -0.000236 
294 -0.000497 
295 -0.000642 
296 -0.000667 
297 -0.000576 
298 -0.000284 
299 0.000049 
300 0.000362 
301 0.000546 
302 0.000681 
303 0.000657 
304 0.000598 
305 0.000367 
306 0.000101 
307 -0.000142 
308 -0.000368 
309 -0.000465 
310 -0.000458 
311 -0.000221 
312 0.000050 
313 0.000410 
314 0.000708 
315 0.000824 
316 0.000873 
317 0.000784 
318 0.000562 
319 0.000322 
320 -0.000062 
321 -0.000494 
322 -0.000787 
323 -0.000888 
324 -0.000799 
325 -0.000512 
326 -0.000221 
327 0.000137 
328 0.000413 
329 0.000630 
330 0.000646 
331 0.000465 
332 0.000294 
333 0.000025 
334 -0.000303 
335 -0.000555 
336 -0.000698 
337 -0.000662 
338 -0.000503 
339 -0.000225 
340 0.000015 
341 0.000382 
342 0.000743 
343 0.001072 
344 0.001361 
345 0.001398 
346 0.001181 
347 0.000671 
348 0.000015 
349 -0.000568 
350 -0.000999 
351 -0.001144 
352 -0.001079 
353 -0.000805 
354 -0.000369 
355 0.000126 
356 0.000592 
357 0.000860 
358 0.001032 
359 0.000888 
360 0.000554 
361 0.000097 
362 -0.000285 
363 -0.000596 
364 -0.000800 
365 -0.000817 
366 -0.000723 
367 -0.000540 
368 -0.000231 
369 0.000227 
370 0.000625 
371 0.000953 
372 0.001103 
373 0.000988 
374 0.000679 
375 0.000210 
376 -0.000415 
377 -0.000988 
378 -0.001387 
379 -0.001608 
380 -0.001550 
381 -0.001361 
382 -0.000957 
383 -0.000431 
384 -0.000003 
385 0.000360 
386 0.000361 
387 0.000074 
388 -0.000362 
389 -0.000834 
390 -0.001198 
391 -0.001475 
392 -0.001598 
393 -0.001439 
394 -0.001107 
395 -0.000611 
396 -0.000076 
397 0.000474 
398 0.000844 
399 0.000974 
400 0.000927 
401 0.000659 
402 0.000189 
403 -0.000481 
404 -0.001109 
405 -0.001738 
406 -0.002199 
407 -0.002269 
408 -0.002049 
409 -0.001511 
410 -0.000773 
411 -0.000022 
412 0.000507 
413 0.000716 
414 0.000634 
415 0.000249 
416 -0.000379 
417 -0.000979 
418 -0.001666 
419 -0.002040 
420 -0.002159 
421 -0.001956 
422 -0.001473 
423 -0.000851 
424 -0.000354 
425 0.000049 
426 0.000300 
427 0.000479 
428 0.000475 
429 0.000206 
430 -0.000188 
431 -0.000724 
432 -0.001235 
433 -0.001731 
434 -0.002056 
435 -0.002221 
436 -0.001989 
437 -0.001566 
438 -0.001017 
439 -0.000497 
440 -0.000112 
441 0.000043 
442 -0.000040 
443 -0.000332 
444 -0.000799 
445 -0.001462 
446 -0.002050 
447 -0.002389 
448 -0.002368 
449 -0.002124 
450 -0.001639 
451 -0.001055 
452 -0.000459 
453 0.000016 
454 0.000161 
455 0.000145 
456 -0.000157 
457 -0.000540 
458 -0.000994 
459 -0.001454 
460 -0.001814 
461 -0.002116 
462 -0.002193 
463 -0.002203 
464 -0.002070 
465 -0.001819 
466 -0.001349 
467 -0.000952 
468 -0.000540 
469 -0.000369 
470 -0.000477 
471 -0.000751 
472 -0.001282 
473 -0.001905 
474 -0.002381 
475 -0.002636 
476 -0.002698 
477 -0.002332 
478 -0.001804 
479 -0.001216 
480 -0.000702 
481 -0.000311 
482 -0.000190 
483 -0.000327 
484 -0.000623 
485 -0.000993 
486 -0.001451 
487 -0.001774 
488 -0.001838 
489 -0.001806 
490 -0.001663 
491 -0.001455 
492 -0.001166 
493 -0.000912 
494 -0.000639 
495 -0.000486 
496 -0.000412 
497 -0.000502 
498 -0.000606 
499 -0.000899 
500 -0.001143 
501 -0.001385 
502 -0.001706 
503 -0.001876 
504 -0.001655 
505 -0.001212 
506 -0.000721 
507 -0.000131 
508 0.000402 
509 0.000639 
510 0.000599 
511 0.000241 
512 -0.000365 
513 -0.000949 
514 -0.001482 
515 -0.001824 
516 -0.002037 
517 -0.002096 
518 -0.001889 
519 -0.001624 
520 -0.001238 
521 -0.000805 
522 -0.000548 
523 -0.000440 
524 -0.000231 
525 -0.000190 
526 -0.000322 
527 -0.000594 
528 -0.001052 
529 -0.001388 
530 -0.001515 
531 -0.001660 
532 -0.001569 
533 -0.001392 
534 -0.000953 
535 -0.000473 
536 -0.000113 
537 0.000160 
538 0.000365 
539 0.000341 
540 0.000210 
541 -0.000233 
542 -0.000844 
543 -0.001496 
544 -0.002016 
545 -0.002212 
546 -0.002079 
547 -0.001699 
548 -0.001233 
549 -0.000764 
550 -0.000341 
551 0.000012 
552 0.000160 
553 0.000099 
554 -0.000062 
555 -0.000325 
556 -0.000566 
557 -0.000889 
558 -0.001087 
559 -0.001176 
560 -0.001107 
561 -0.000926 
562 -0.000584 
563 -0.000210 
564 0.000105 
565 0.000426 
566 0.000608 
567 0.000594 
568 0.000298 
569 -0.000338 
570 -0.000851 
571 -0.001390 
572 -0.001645 
573 -0.001520 
574 -0.001203 
575 -0.000625 
576 -0.000044 
577 0.000443 
578 0.000812 
579 0.000972 
580 0.000996 
581 0.000713 
582 0.000306 
583 -0.000113 
584 -0.000548 
585 -0.000641 
586 -0.000440 
587 -0.000049 
588 0.000401 
589 0.000867 
590 0.001243 
591 0.001490 
592 0.001699 
593 0.001769 
594 0.001610 
595 0.001292 
596 0.000890 
597 0.000414 
598 -0.000006 
599 -0.000341 
600 -0.000488 
601 -0.000436 
602 -0.000137 
603 0.000255 
604 0.000701 
605 0.001084 
606 0.001327 
607 0.001427 
608 0.001218 
609 0.000869 
610 0.000361 
611 -0.000173 
612 -0.000401 
613 -0.000480 
614 -0.000184 
615 0.000272 
616 0.000764 
617 0.001243 
618 0.001589 
619 0.001834 
620 0.001909 
621 0.001752 
622 0.001411 
623 0.000987 
624 0.000575 
625 0.000194 
626 -0.000043 
627 -0.000130 
628 -0.000062 
629 0.000119 
630 0.000481 
631 0.000836 
632 0.001253 
633 0.001625 
634 0.001889 
635 0.002001 
636 0.001835 
637 0.001494 
638 0.001087 
639 0.000692 
640 0.000355 
641 0.000159 
642 0.000169 
643 0.000434 
644 0.000824 
645 0.001281 
646 0.001683 
647 0.001827 
648 0.001892 
649 0.001831 
650 0.001574 
651 0.001255 
652 0.000905 
653 0.000589 
654 0.000390 
655 0.000345 
656 0.000378 
657 0.000538 
658 0.000883 
659 0.001116 
660 0.001316 
661 0.001395 
662 0.001437 
663 0.001520 
664 0.001509 
665 0.001433 
666 0.001260 
667 0.000990 
668 0.000783 
669 0.000729 
670 0.000844 
671 0.001183 
672 0.001531 
673 0.001826 
674 0.002010 
675 0.002017 
676 0.001891 
677 0.001670 
678 0.001266 
679 0.000881 
680 0.000629 
681 0.000412 
682 0.000284 
683 0.000373 
684 0.000594 
685 0.000924 
686 0.001190 
687 0.001435 
688 0.001697 
689 0.001801 
690 0.001936 
691 0.001812 
692 0.001509 
693 0.001033 
694 0.000477 
695 -0.000036 
696 -0.000440 
697 -0.000545 
698 -0.000390 
699 -0.000025 
700 0.000397 
701 0.000788 
702 0.001143 
703 0.001417 
704 0.001554 
705 0.001433 
706 0.001135 
707 0.000630 
708 0.000099 
709 -0.000334 
710 -0.000567 
711 -0.000587 
712 -0.000314 
713 0.000013 
714 0.000422 
715 0.000794 
716 0.001124 
717 0.001308 
718 0.001427 
719 0.001416 
720 0.001211 
721 0.000819 
722 0.000367 
723 -0.000011 
724 -0.000226 
725 -0.000273 
726 -0.000191 
727 0.000019 
728 0.000324 
729 0.000610 
730 0.000882 
731 0.001114 
732 0.001138 
733 0.000924 
734 0.000544 
735 0.000082 
736 -0.000334 
737 -0.000598 
738 -0.000708 
739 -0.000610 
740 -0.000444 
741 -0.000187 
742 0.000123 
743 0.000489 
744 0.000748 
745 0.000855 
746 0.000834 
747 0.000636 
748 0.000323 
749 -0.000023 
750 -0.000336 
751 -0.000494 
752 -0.000574 
753 -0.000570 
754 -0.000475 
755 -0.000245 
756 0.000038 
757 0.000309 
758 0.000546 
759 0.000666 
760 0.000614 
761 0.000421 
762 0.000091 
763 -0.000263 
764 -0.000553 
765 -0.000723 
766 -0.000740 
767 -0.000590 
768 -0.000358 
769 -0.000028 
770 0.000304 
771 0.000566 
772 0.000710 
773 0.000703 
774 0.000546 
775 0.000284 
776 0.000046 
777 -0.000164 
778 -0.000304 
779 -0.000381 
780 -0.000433 
781 -0.000351 
782 -0.000212 
783 -0.000010 
784 0.000185 
785 0.000331 
786 0.000379 
787 0.000366 
788 0.000219 
789 0.000016 
790 -0.000250 
791 -0.000515 
792 -0.000720 
793 -0.000834 
794 -0.000825 
795 -0.000650 
796 -0.000377 
797 -0.000076 
798 0.000203 
799 0.000463 
800 0.000579 
801 0.000575 
802 0.000458 
803 0.000248 
804 -0.000002 
805 -0.000217 
806 -0.000388 
807 -0.000483 
808 -0.000497 
809 -0.000435 
810 -0.000249 
811 -0.000036 
812 0.000156 
813 0.000267 
814 0.000347 
815 0.000329 
816 0.000289 
817 0.000150 
818 -0.000011 
819 -0.000152 
820 -0.000282 
821 -0.000336 
822 -0.000332 
823 -0.000201 
824 -0.000052 
825 0.000144 
826 0.000301 
827 0.000360 
828 0.000379 
829 0.000326 
830 0.000206 
831 0.000079 
832 -0.000117 
833 -0.000333 
834 -0.000477 
835 -0.000522 
836 -0.000475 
837 -0.000332 
838 -0.000193 
839 -0.000026 
840 0.000102 
841 0.000198 
842 0.000202 
843 0.000115 
844 0.000035 
845 -0.000083 
846 -0.000226 
847 -0.000330 
848 -0.000387 
849 -0.000367 
850 -0.000298 
851 -0.000181 
852 -0.000082 
853 0.000064 
854 0.000207 
855 0.000331 
856 0.000438 
857 0.000446 
858 0.000359 
859 0.000162 
860 -0.000084 
861 -0.000296 
862 -0.000450 
863 -0.000500 
864 -0.000475 
865 -0.000376 
866 -0.000222 
867 -0.000051 
868 0.000106 
869 0.000195 
870 0.000251 
871 0.000202 
872 0.000091 
873 -0.000054 
874 -0.000172 
875 -0.000266 
876 -0.000327 
877 -0.000329 
878 -0.000299 
879 -0.000243 
880 -0.000149 
881 -0.000015 
882 0.000103 
883 0.000195 
884 0.000236 
885 0.000204 
886 0.000119 
887 -0.000009 
888 -0.000178 
889 -0.000328 
890 -0.000430 
891 -0.000483 
892 -0.000462 
893 -0.000409 
894 -0.000303 
895 -0.000171 
896 -0.000063 
897 0.000027 
898 0.000028 
899 -0.000039 
900 -0.000140 
901 -0.000245 
902 -0.000325 
903 -0.000384 
904 -0.000408 
905 -0.000366 
906 -0.000289 
907 -0.000179 
908 -0.000063 
909 0.000055 
910 0.000133 
911 0.000159 
912 0.000148 
913 0.000093 
914 -0.000001 
915 -0.000131 
916 -0.000251 
917 -0.000368 
918 -0.000451 
919 -0.000458 
920 -0.000412 
921 -0.000308 
922 -0.000171 
923 -0.000053 
924 0.000042 
925 0.000079 
926 0.000063 
927 -0.000004 
928 -0.000108 
929 -0.000207 
930 -0.000318 
931 -0.000374 
932 -0.000390 
933 -0.000352 
934 -0.000272 
935 -0.000172 
936 -0.000092 
937 -0.000028 
938 0.000011 
939 0.000039 
940 0.000038 
941 -0.000001 
942 -0.000058 
943 -0.000134 
944 -0.000204 
945 -0.000270 
946 -0.000310 
947 -0.000327 
948 -0.000291 
949 -0.000233 
950 -0.000158 
951 -0.000089 
952 -0.000039 
953 -0.000019 
954 -0.000030 
955 -0.000064 
956 -0.000122 
957 -0.000202 
958 -0.000270 
959 -0.000306 
960 -0.000300 
961 -0.000267 
962 -0.000208 
963 -0.000138 
964 -0.000069 
965 -0.000016 
966 0.000000 
967 -0.000001 
968 -0.000034 
969 -0.000075 
970 -0.000123 
971 -0.000170 
972 -0.000206 
973 -0.000235 
974 -0.000240 
975 -0.000239 
976 -0.000226 
977 -0.000199 
978 -0.000150 
979 -0.000109 
980 -0.000068 
981 -0.000050 
982 -0.000060 
983 -0.000086 
984 -0.000135 
985 -0.000193 
986 -0.000235 
987 -0.000258 
988 -0.000261 
989 -0.000225 
990 -0.000176 
991 -0.000122 
992 -0.000075 
993 -0.000039 
994 -0.000028 
995 -0.000040 
996 -0.000066 
997 -0.000098 
998 -0.000138 
999 -0.000164 
1000 -0.000169 
1001 -0.000165 
1002 -0.000151 
1003 -0.000133 
1004 -0.000108 
1005 -0.000087 
1006 -0.000065 
1007 -0.000053 
1008 -0.000047 
1009 -0.000056 
1010 -0.000065 
1011 -0.000088 
1012 -0.000108 
1013 -0.000127 
1014 -0.000153 
1015 -0.000166 
1016 -0.000148 
1017 -0.000112 
1018 -0.000072 
1019 -0.000024 
1020 0.000018 
1021 0.000036 
1022 0.000034 
1023 0.000005 
