0 0.093092 
1 -0.117525 
2 0.054720 
3 -0.059986 
4 -0.021986 
5 0.043129 
6 -0.056927 
7 0.063127 
8 -0.066646 
9 0.062480 
10 0.013748 
11 -0.009514 
12 -0.001301 
13 -0.065270 
14 -0.042186 
15 -0.022411 
16 -0.046461 
17 0.107041 
18 -0.057511 
19 0.115608 
20 -0.097367 
21 0.049529 
22 -0.062215 
23 -0.006024 
24 0.025800 
25 0.000853 
26 0.056882 
27 -0.064050 
28 -0.024919 
29 -0.076808 
30 -0.012916 
31 -0.029329 
32 0.078904 
33 0.012994 
34 0.081856 
35 -0.092858 
36 0.035639 
37 -0.087074 
38 0.041736 
39 -0.046577 
40 0.054508 
41 -0.014009 
42 0.021387 
43 -0.057008 
44 0.075715 
45 -0.018465 
46 0.089908 
47 -0.085177 
48 0.042361 
49 -0.094725 
50 -0.024201 
51 -0.031601 
52 0.005796 
53 0.051244 
54 -0.017177 
55 0.041805 
56 0.009521 
57 0.052593 
58 0.017188 
59 -0.007546 
60 -0.005094 
61 -0.022839 
62 -0.037283 
63 0.013895 
64 0.046968 
65 0.062479 
66 -0.013664 
67 -0.043542 
68 -0.055967 
69 -0.112570 
70 -0.070929 
71 -0.033909 
72 0.112355 
73 0.092913 
74 0.180947 
75 0.117923 
76 0.121493 
77 -0.143824 
78 -0.165027 
79 -0.280290 
80 -0.118273 
81 -0.101815 
82 0.143646 
83 0.136553 
84 0.146048 
85 0.006653 
86 0.003977 
87 -0.052994 
88 0.000450 
89 -0.019476 
90 0.065698 
91 0.006666 
92 0.050388 
93 0.004018 
94 -0.005339 
95 -0.020509 
96 -0.034952 
97 -0.016193 
98 -0.018567 
99 -0.035850 
100 0.061153 
101 -0.033733 
102 0.089838 
103 -0.057133 
104 0.093587 
105 -0.068170 
106 0.021826 
107 -0.062203 
108 -0.004171 
109 -0.011541 
110 -0.004663 
111 0.050543 
112 0.009070 
113 0.032669 
114 -0.053045 
115 0.010259 
116 -0.087721 
117 0.022678 
118 -0.062181 
119 0.073724 
120 -0.005358 
121 0.046706 
122 0.010833 
123 -0.028130 
124 0.017285 
125 -0.057477 
126 0.050500 
127 -0.037958 
128 0.025767 
129 -0.026981 
130 -0.004882 
131 -0.014707 
132 -0.006124 
133 -0.016957 
134 0.036467 
135 -0.042867 
136 0.069585 
137 -0.073568 
138 0.068840 
139 -0.080634 
140 0.075111 
141 -0.039943 
142 0.064859 
143 -0.041824 
144 0.032505 
145 -0.091209 
146 0.016277 
147 -0.058794 
148 0.040775 
149 0.012346 
150 -0.016265 
151 0.075530 
152 -0.137928 
153 0.138999 
154 -0.162197 
155 0.175714 
156 -0.139813 
157 0.112798 
158 -0.063632 
159 0.017666 
160 0.024156 
161 -0.037258 
162 0.045549 
163 -0.037311 
164 -0.013236 
165 0.025038 
166 -0.099276 
167 0.106445 
168 -0.126788 
169 0.154898 
170 -0.105921 
171 0.122948 
172 -0.072654 
173 0.046229 
174 -0.009757 
175 -0.016267 
176 0.030375 
177 -0.055678 
178 0.069492 
179 -0.074291 
180 0.069241 
181 -0.080378 
182 0.051192 
183 -0.037589 
184 0.058192 
185 0.044323 
186 -0.006779 
187 0.044250 
188 -0.039997 
189 0.044511 
190 -0.044286 
191 0.035854 
192 0.005860 
193 -0.038474 
194 0.011518 
195 -0.038970 
196 0.070000 
197 -0.020374 
198 0.070381 
199 0.006298 
200 0.044252 
201 -0.028577 
202 0.047194 
203 -0.046967 
204 0.053832 
205 -0.079048 
206 0.086877 
207 -0.011559 
208 0.079284 
209 0.006577 
210 -0.013067 
211 0.019707 
212 -0.080387 
213 0.057047 
214 -0.034028 
215 0.098562 
216 -0.003419 
217 0.083170 
218 0.028714 
219 0.053753 
220 -0.020032 
221 0.013331 
222 -0.054739 
223 0.011868 
224 -0.026688 
225 0.057980 
226 0.028923 
227 0.051611 
228 0.012258 
229 0.028596 
230 -0.010833 
231 0.037860 
232 -0.031625 
233 0.073527 
234 -0.033374 
235 0.069824 
236 0.005349 
237 0.039458 
238 0.034913 
239 -0.037812 
240 0.051281 
241 -0.069213 
242 0.054513 
243 -0.029494 
244 0.063428 
245 0.011021 
246 0.034108 
247 0.022606 
248 0.029432 
249 0.018896 
250 0.033193 
251 0.026045 
252 -0.000531 
253 0.047508 
254 -0.058538 
255 0.108838 
256 -0.114990 
257 0.124055 
258 -0.145240 
259 0.110017 
260 -0.057602 
261 0.079211 
262 0.055303 
263 0.019667 
264 0.078697 
265 -0.031849 
266 0.067560 
267 -0.001862 
268 -0.013619 
269 0.001407 
270 -0.068140 
271 0.036109 
272 -0.028662 
273 0.052781 
274 0.029318 
275 0.006869 
276 0.049930 
277 -0.042193 
278 0.076209 
279 -0.054702 
280 0.080448 
281 -0.060202 
282 0.101101 
283 -0.035110 
284 0.086021 
285 -0.063450 
286 0.034043 
287 -0.022702 
288 -0.021518 
289 0.045577 
290 -0.042362 
291 0.110007 
292 -0.074973 
293 0.076953 
294 -0.020983 
295 0.020475 
296 0.021602 
297 -0.043084 
298 0.094607 
299 -0.052968 
300 0.062707 
301 -0.009709 
302 0.015605 
303 0.007196 
304 -0.058526 
305 0.007807 
306 -0.027650 
307 -0.017779 
308 0.068942 
309 -0.002692 
310 0.153620 
311 -0.036500 
312 0.069605 
313 -0.042730 
314 -0.029326 
315 -0.011676 
316 -0.093170 
317 0.067983 
318 -0.049508 
319 0.090864 
320 0.002608 
321 0.059381 
322 -0.007801 
323 -0.015493 
324 -0.024625 
325 0.030752 
326 0.001651 
327 0.053283 
328 -0.003746 
329 0.027047 
330 -0.001367 
331 -0.025063 
332 0.015864 
333 -0.038206 
334 0.019391 
335 -0.018424 
336 -0.002966 
337 0.051414 
338 -0.026679 
339 0.076304 
340 -0.022597 
341 0.072737 
342 0.006320 
343 -0.010557 
344 0.037783 
345 -0.052941 
346 0.047370 
347 -0.061519 
348 0.047225 
349 -0.019823 
350 -0.001796 
351 0.002252 
352 -0.006380 
353 0.023040 
354 -0.009874 
355 0.038447 
356 0.008002 
357 0.069073 
358 -0.023721 
359 0.075454 
360 -0.070842 
361 0.052197 
362 -0.072100 
363 0.023881 
364 0.012112 
365 -0.036425 
366 0.069563 
367 -0.086664 
368 0.113570 
369 -0.058699 
370 0.087074 
371 -0.005274 
372 0.015369 
373 0.024817 
374 -0.033822 
375 0.024212 
376 0.004165 
377 -0.028679 
378 0.055959 
379 -0.055344 
380 0.095160 
381 -0.085756 
382 0.051115 
383 -0.029814 
384 0.011406 
385 0.031491 
386 -0.009450 
387 0.068169 
388 -0.029267 
389 0.043567 
390 -0.006127 
391 0.035703 
392 -0.037908 
393 0.035065 
394 -0.061189 
395 0.040064 
396 -0.082909 
397 0.037949 
398 -0.040676 
399 0.014540 
400 0.037048 
401 -0.002240 
402 0.061875 
403 -0.029573 
404 0.024650 
405 0.024447 
406 -0.020145 
407 0.063671 
408 -0.077283 
409 0.047226 
410 -0.055926 
411 -0.032291 
412 0.028560 
413 -0.095368 
414 0.112140 
415 -0.123471 
416 0.155273 
417 -0.058629 
418 0.078105 
419 -0.036533 
420 -0.033635 
421 0.020821 
422 -0.069332 
423 0.060300 
424 -0.042716 
425 0.045516 
426 -0.038298 
427 0.011681 
428 -0.015807 
429 0.000024 
430 -0.034647 
431 -0.030745 
432 0.004399 
433 -0.006429 
434 0.053768 
435 -0.019174 
436 0.058030 
437 -0.052065 
438 -0.005686 
439 -0.019726 
440 -0.048773 
441 0.038333 
442 -0.098925 
443 0.084933 
444 -0.072491 
445 0.059303 
446 -0.033220 
447 -0.000882 
448 0.019832 
449 -0.050860 
450 0.031882 
451 -0.035273 
452 0.006794 
453 0.001980 
454 -0.034609 
455 0.034241 
456 -0.062503 
457 0.023253 
458 -0.046416 
459 0.014378 
460 -0.024339 
461 0.011081 
462 -0.020482 
463 0.031832 
464 -0.042878 
465 0.028693 
466 -0.051722 
467 0.002631 
468 -0.000406 
469 -0.041920 
470 0.068736 
471 -0.091573 
472 0.078788 
473 -0.109689 
474 0.049780 
475 -0.059036 
476 -0.005123 
477 -0.014541 
478 -0.014215 
479 -0.008919 
480 0.024572 
481 -0.032972 
482 0.092895 
483 -0.089821 
484 0.063385 
485 -0.101989 
486 0.009658 
487 -0.038503 
488 -0.052192 
489 0.060948 
490 -0.106684 
491 0.091361 
492 -0.076495 
493 0.095301 
494 -0.046794 
495 0.024171 
496 -0.033852 
497 -0.014986 
498 -0.051615 
499 -0.001287 
500 -0.024801 
501 0.035781 
502 -0.027165 
503 0.010977 
504 -0.012837 
505 -0.024062 
506 -0.012139 
507 -0.022816 
508 0.006831 
509 -0.001670 
510 -0.030645 
511 0.002544 
512 -0.005811 
513 -0.016224 
514 0.030013 
515 -0.079628 
516 0.095409 
517 -0.144047 
518 0.107179 
519 -0.121323 
520 0.095369 
521 -0.086392 
522 -0.011494 
523 -0.008857 
524 -0.043865 
525 0.041709 
526 -0.038616 
527 0.054465 
528 -0.016344 
529 -0.002507 
530 -0.011558 
531 0.008350 
532 -0.039368 
533 -0.007840 
534 -0.074663 
535 0.031115 
536 -0.041831 
537 0.010680 
538 -0.007979 
539 -0.016334 
540 0.021781 
541 -0.034776 
542 0.024571 
543 0.006303 
544 -0.042903 
545 0.025421 
546 -0.071264 
547 0.055277 
548 -0.060032 
549 0.005476 
550 -0.001898 
551 -0.039901 
552 0.033067 
553 -0.056895 
554 0.018465 
555 -0.016759 
556 -0.065219 
557 0.048192 
558 -0.105781 
559 0.111195 
560 -0.091327 
561 0.062702 
562 -0.033295 
563 -0.003789 
564 0.010529 
565 -0.052444 
566 0.041711 
567 -0.044716 
568 -0.034355 
569 -0.033496 
570 -0.023381 
571 -0.006893 
572 0.000194 
573 -0.036986 
574 0.059258 
575 -0.094479 
576 0.084245 
577 -0.081033 
578 0.077296 
579 -0.073452 
580 -0.015790 
581 -0.039338 
582 -0.021566 
583 -0.011041 
584 0.031051 
585 -0.020736 
586 0.068714 
587 -0.075288 
588 0.056535 
589 -0.060528 
590 -0.024245 
591 -0.016951 
592 -0.105317 
593 0.081076 
594 -0.109185 
595 0.125119 
596 -0.075783 
597 0.061832 
598 -0.027824 
599 -0.000672 
600 0.011715 
601 -0.040302 
602 0.003513 
603 -0.050933 
604 -0.011583 
605 -0.018689 
606 0.013581 
607 -0.013438 
608 0.037984 
609 -0.044279 
610 0.037124 
611 -0.063127 
612 0.024029 
613 -0.021523 
614 -0.002276 
615 0.021797 
616 -0.030805 
617 0.012526 
618 -0.017834 
619 -0.031301 
620 0.019914 
621 -0.089440 
622 0.068692 
623 -0.061035 
624 0.070395 
625 0.001068 
626 0.009494 
627 0.030866 
628 -0.077919 
629 0.049811 
630 -0.063180 
631 0.022155 
632 -0.016139 
633 0.002729 
634 0.031284 
635 -0.018739 
636 0.006823 
637 -0.010748 
638 -0.052149 
639 0.014242 
640 -0.051046 
641 0.060061 
642 -0.003565 
643 0.047759 
644 0.033957 
645 -0.012252 
646 0.007621 
647 -0.041633 
648 -0.021294 
649 -0.010903 
650 -0.027088 
651 0.033870 
652 -0.020570 
653 0.027308 
654 0.011795 
655 -0.017964 
656 0.004549 
657 -0.031048 
658 0.019367 
659 0.018788 
660 -0.015753 
661 0.087453 
662 -0.069239 
663 0.084474 
664 -0.098573 
665 0.060858 
666 -0.076529 
667 0.008235 
668 0.015206 
669 -0.001575 
670 0.062223 
671 -0.040240 
672 0.043915 
673 -0.063082 
674 0.024942 
675 -0.029155 
676 0.037685 
677 0.004042 
678 0.027915 
679 0.024540 
680 -0.000252 
681 0.023409 
682 -0.030179 
683 0.020230 
684 -0.034153 
685 -0.014264 
686 0.008021 
687 -0.043911 
688 0.092182 
689 -0.051222 
690 0.115063 
691 -0.034891 
692 0.050880 
693 -0.007153 
694 -0.049399 
695 0.052427 
696 -0.104003 
697 0.066264 
698 -0.074858 
699 0.077724 
700 -0.006367 
701 0.022753 
702 0.007610 
703 -0.010157 
704 -0.021088 
705 0.028254 
706 -0.007443 
707 0.076583 
708 -0.038694 
709 0.033016 
710 -0.001624 
711 -0.036788 
712 0.047133 
713 -0.096614 
714 0.095136 
715 -0.103606 
716 0.086774 
717 -0.040763 
718 0.054761 
719 -0.014104 
720 0.006626 
721 0.012107 
722 0.050413 
723 -0.009926 
724 0.046934 
725 -0.026869 
726 0.022333 
727 -0.015792 
728 -0.044248 
729 0.047838 
730 -0.095502 
731 0.070470 
732 -0.070927 
733 0.107964 
734 -0.021126 
735 0.039194 
736 0.016469 
737 0.010261 
738 0.004379 
739 0.020721 
740 -0.039826 
741 0.052595 
742 -0.073621 
743 0.056118 
744 -0.043998 
745 0.038517 
746 0.022838 
747 -0.051787 
748 0.054627 
749 -0.065306 
750 0.065489 
751 -0.030287 
752 0.056065 
753 0.037330 
754 0.003972 
755 0.004874 
756 0.015906 
757 -0.004690 
758 0.036886 
759 -0.058534 
760 0.027367 
761 -0.038408 
762 -0.026606 
763 0.047976 
764 -0.056177 
765 0.129490 
766 -0.088652 
767 0.134584 
768 -0.025963 
769 0.076948 
770 0.014735 
771 -0.009889 
772 0.020761 
773 -0.041102 
774 -0.021189 
775 0.025264 
776 -0.056410 
777 0.053767 
778 -0.046563 
779 0.044684 
780 0.059817 
781 0.003238 
782 0.138237 
783 -0.078261 
784 0.111930 
785 -0.078044 
786 0.021265 
787 0.026213 
788 -0.047884 
789 0.092945 
790 -0.085924 
791 0.092863 
792 -0.032015 
793 -0.002101 
794 0.032979 
795 -0.056909 
796 0.076853 
797 -0.018271 
798 0.054205 
799 0.053560 
800 -0.067697 
801 0.108220 
802 -0.109782 
803 0.114688 
804 -0.033724 
805 0.050824 
806 0.012178 
807 -0.059661 
808 0.079937 
809 -0.093244 
810 0.063844 
811 -0.056003 
812 0.053395 
813 -0.002347 
814 0.051448 
815 0.040130 
816 0.067074 
817 -0.029184 
818 0.064015 
819 -0.071565 
820 0.082692 
821 -0.113143 
822 0.064921 
823 -0.089290 
824 0.079093 
825 -0.031052 
826 0.082617 
827 0.026278 
828 0.048903 
829 0.025370 
830 -0.019188 
831 0.046897 
832 -0.070305 
833 0.050239 
834 -0.052832 
835 0.070967 
836 -0.033303 
837 -0.007870 
838 0.000866 
839 -0.029825 
840 0.044624 
841 0.004478 
842 0.025001 
843 0.048296 
844 -0.048844 
845 0.083478 
846 -0.086045 
847 0.071718 
848 -0.061934 
849 0.031414 
850 0.033334 
851 -0.004549 
852 0.055094 
853 -0.068138 
854 0.011860 
855 -0.041526 
856 -0.036684 
857 0.022736 
858 -0.024489 
859 0.046938 
860 0.014257 
861 0.010628 
862 0.105591 
863 -0.062710 
864 0.091496 
865 -0.113493 
866 0.043476 
867 -0.062021 
868 -0.038668 
869 0.042041 
870 -0.057277 
871 0.065281 
872 -0.054057 
873 0.036634 
874 0.015417 
875 -0.053907 
876 0.063674 
877 -0.062517 
878 0.084355 
879 -0.014669 
880 0.018848 
881 0.027365 
882 -0.086023 
883 0.035345 
884 -0.131606 
885 0.030201 
886 -0.058373 
887 0.011689 
888 0.032668 
889 -0.022607 
890 0.065638 
891 -0.074221 
892 0.028610 
893 -0.034017 
894 -0.012140 
895 -0.008666 
896 -0.054539 
897 0.054055 
898 -0.082069 
899 0.054702 
900 -0.075176 
901 0.024155 
902 -0.087351 
903 -0.002613 
904 0.007742 
905 -0.015093 
906 0.035913 
907 -0.029022 
908 0.062469 
909 -0.033069 
910 0.038697 
911 -0.015002 
912 -0.025481 
913 -0.058465 
914 -0.059531 
915 -0.037758 
916 0.003126 
917 -0.039947 
918 0.048487 
919 -0.058890 
920 0.062019 
921 -0.080218 
922 0.055743 
923 -0.066315 
924 0.049607 
925 -0.090008 
926 0.056101 
927 -0.089298 
928 0.094892 
929 -0.139345 
930 0.081955 
931 -0.104432 
932 0.038438 
933 -0.044161 
934 -0.067765 
935 0.087601 
936 -0.151236 
937 0.163215 
938 -0.143401 
939 0.154553 
940 -0.138217 
941 0.026252 
942 -0.046345 
943 -0.048968 
944 0.012793 
945 -0.037230 
946 0.035272 
947 0.013996 
948 -0.039850 
949 0.005682 
950 -0.094005 
951 -0.024149 
952 -0.013875 
953 -0.031442 
954 0.136735 
955 -0.086244 
956 0.130819 
957 -0.160476 
958 0.096303 
959 -0.125443 
960 0.008102 
961 -0.074476 
962 -0.000564 
963 -0.027771 
964 0.021818 
965 -0.017067 
966 0.071123 
967 -0.063447 
968 0.027915 
969 -0.060299 
970 0.004528 
971 -0.022202 
972 -0.079460 
973 0.038815 
974 -0.069475 
975 0.063223 
976 -0.084359 
977 0.039520 
978 -0.075581 
979 -0.016248 
980 -0.057898 
981 0.033893 
982 -0.032178 
983 0.038022 
984 -0.046015 
985 0.038510 
986 -0.059107 
987 0.006304 
988 -0.033352 
989 0.001236 
990 -0.005288 
991 -0.022248 
992 -0.034669 
993 -0.042237 
994 -0.038135 
995 -0.019581 
996 0.004940 
997 0.006472 
998 0.038663 
999 -0.017603 
1000 0.009992 
1001 -0.029115 
1002 -0.029665 
1003 -0.008080 
1004 -0.050961 
1005 0.039002 
1006 -0.024238 
1007 0.010705 
1008 0.006991 
1009 -0.080817 
1010 0.084344 
1011 -0.122037 
1012 0.145308 
1013 -0.134154 
1014 0.107000 
1015 -0.107186 
1016 0.030820 
1017 -0.033801 
1018 0.009006 
1019 -0.012247 
1020 0.002534 
1021 -0.058301 
1022 0.080904 
1023 -0.090495 
