0 -0.000440 
1 -0.000467 
2 -0.000491 
3 -0.000525 
4 -0.000451 
5 -0.000240 
6 -0.000061 
7 -0.000029 
8 -0.000053 
9 -0.000042 
10 -0.000031 
11 -0.000085 
12 -0.000198 
13 -0.000299 
14 -0.000302 
15 -0.000161 
16 0.000016 
17 0.000099 
18 0.000112 
19 0.000176 
20 0.000265 
21 0.000237 
22 0.000087 
23 -0.000028 
24 -0.000028 
25 -0.000042 
26 -0.000167 
27 -0.000285 
28 -0.000201 
29 0.000022 
30 0.000200 
31 0.000331 
32 0.000507 
33 0.000690 
34 0.000766 
35 0.000708 
36 0.000515 
37 0.000202 
38 -0.000046 
39 -0.000051 
40 0.000094 
41 0.000216 
42 0.000326 
43 0.000508 
44 0.000689 
45 0.000746 
46 0.000660 
47 0.000539 
48 0.000449 
49 0.000388 
50 0.000364 
51 0.000373 
52 0.000425 
53 0.000522 
54 0.000628 
55 0.000718 
56 0.000729 
57 0.000692 
58 0.000724 
59 0.000840 
60 0.000941 
61 0.000987 
62 0.001036 
63 0.001115 
64 0.001165 
65 0.001129 
66 0.001032 
67 0.000945 
68 0.000905 
69 0.000866 
70 0.000776 
71 0.000727 
72 0.000800 
73 0.000882 
74 0.000903 
75 0.001001 
76 0.001185 
77 0.001280 
78 0.001186 
79 0.001014 
80 0.000870 
81 0.000759 
82 0.000733 
83 0.000823 
84 0.000886 
85 0.000863 
86 0.000952 
87 0.001168 
88 0.001267 
89 0.001190 
90 0.001136 
91 0.001088 
92 0.000901 
93 0.000633 
94 0.000595 
95 0.000795 
96 0.000953 
97 0.000990 
98 0.001053 
99 0.001184 
100 0.001201 
101 0.001026 
102 0.000800 
103 0.000688 
104 0.000689 
105 0.000777 
106 0.001030 
107 0.001346 
108 0.001411 
109 0.001155 
110 0.000776 
111 0.000432 
112 0.000144 
113 0.000007 
114 0.000240 
115 0.000701 
116 0.000985 
117 0.001000 
118 0.001088 
119 0.001324 
120 0.001272 
121 0.000738 
122 0.000191 
123 -0.000003 
124 0.000008 
125 0.000030 
126 0.000189 
127 0.000524 
128 0.000835 
129 0.000991 
130 0.001109 
131 0.001098 
132 0.000734 
133 0.000196 
134 -0.000142 
135 -0.000283 
136 -0.000404 
137 -0.000396 
138 0.000007 
139 0.000626 
140 0.000918 
141 0.000866 
142 0.000823 
143 0.000885 
144 0.000910 
145 0.000720 
146 0.000383 
147 0.000029 
148 -0.000217 
149 -0.000233 
150 -0.000134 
151 -0.000181 
152 -0.000296 
153 -0.000237 
154 -0.000117 
155 -0.000219 
156 -0.000525 
157 -0.000751 
158 -0.000742 
159 -0.000763 
160 -0.000752 
161 -0.000361 
162 0.000250 
163 0.000553 
164 0.000495 
165 0.000499 
166 0.000581 
167 0.000199 
168 -0.000730 
169 -0.001428 
170 -0.001437 
171 -0.001256 
172 -0.001252 
173 -0.001065 
174 -0.000607 
175 -0.000436 
176 -0.000684 
177 -0.000628 
178 -0.000376 
179 -0.000781 
180 -0.001705 
181 -0.002129 
182 -0.001854 
183 -0.001673 
184 -0.001940 
185 -0.001957 
186 -0.001335 
187 -0.000771 
188 -0.000951 
189 -0.001451 
190 -0.001567 
191 -0.001650 
192 -0.002362 
193 -0.003185 
194 -0.003363 
195 -0.003191 
196 -0.002949 
197 -0.002200 
198 -0.000951 
199 -0.000169 
200 -0.000253 
201 -0.000658 
202 -0.001071 
203 -0.001698 
204 -0.002428 
205 -0.002780 
206 -0.002659 
207 -0.002239 
208 -0.001412 
209 -0.000503 
210 -0.000366 
211 -0.001485 
212 -0.003083 
213 -0.004131 
214 -0.004449 
215 -0.004493 
216 -0.004207 
217 -0.003268 
218 -0.001850 
219 -0.000704 
220 -0.000011 
221 0.000334 
222 -0.000123 
223 -0.001648 
224 -0.003396 
225 -0.004345 
226 -0.004402 
227 -0.003741 
228 -0.002275 
229 -0.000525 
230 0.000477 
231 0.000618 
232 0.000497 
233 -0.000139 
234 -0.001957 
235 -0.004170 
236 -0.005286 
237 -0.004897 
238 -0.003904 
239 -0.002876 
240 -0.001721 
241 -0.000795 
242 -0.000810 
243 -0.001388 
244 -0.001726 
245 -0.002107 
246 -0.003085 
247 -0.003783 
248 -0.002909 
249 -0.001201 
250 -0.000480 
251 -0.000794 
252 -0.000941 
253 -0.000862 
254 -0.001470 
255 -0.002473 
256 -0.002796 
257 -0.002319 
258 -0.001982 
259 -0.001855 
260 -0.001003 
261 0.000364 
262 0.001060 
263 0.000813 
264 0.000326 
265 -0.000165 
266 -0.000887 
267 -0.001901 
268 -0.002945 
269 -0.003722 
270 -0.003835 
271 -0.002931 
272 -0.001426 
273 -0.000193 
274 0.000554 
275 0.001122 
276 0.001238 
277 0.000175 
278 -0.002097 
279 -0.004148 
280 -0.004281 
281 -0.002677 
282 -0.000811 
283 0.000866 
284 0.002585 
285 0.003692 
286 0.003454 
287 0.002333 
288 0.000746 
289 -0.001327 
290 -0.003192 
291 -0.003306 
292 -0.001499 
293 0.000572 
294 0.002011 
295 0.002935 
296 0.003033 
297 0.002092 
298 0.001077 
299 0.000932 
300 0.001032 
301 0.000450 
302 0.000070 
303 0.001144 
304 0.002932 
305 0.004274 
306 0.005105 
307 0.005808 
308 0.005992 
309 0.005204 
310 0.003943 
311 0.003061 
312 0.002384 
313 0.001791 
314 0.001839 
315 0.002622 
316 0.003764 
317 0.005182 
318 0.006828 
319 0.008028 
320 0.007513 
321 0.005315 
322 0.003200 
323 0.002143 
324 0.001346 
325 0.000370 
326 0.000290 
327 0.002063 
328 0.004928 
329 0.007302 
330 0.008472 
331 0.008395 
332 0.007272 
333 0.005827 
334 0.004843 
335 0.004132 
336 0.003585 
337 0.003821 
338 0.005242 
339 0.006767 
340 0.007174 
341 0.006729 
342 0.006382 
343 0.006165 
344 0.005260 
345 0.003787 
346 0.003314 
347 0.004456 
348 0.005738 
349 0.006013 
350 0.006189 
351 0.006866 
352 0.006555 
353 0.004374 
354 0.002180 
355 0.001483 
356 0.001578 
357 0.002003 
358 0.003278 
359 0.005175 
360 0.006610 
361 0.007388 
362 0.007543 
363 0.006574 
364 0.005284 
365 0.005145 
366 0.005829 
367 0.005678 
368 0.004433 
369 0.003732 
370 0.004159 
371 0.004333 
372 0.003525 
373 0.002462 
374 0.001877 
375 0.001909 
376 0.002282 
377 0.002371 
378 0.001879 
379 0.000909 
380 0.000162 
381 0.000249 
382 0.000939 
383 0.002064 
384 0.003389 
385 0.004384 
386 0.004920 
387 0.005731 
388 0.006870 
389 0.007647 
390 0.007045 
391 0.004940 
392 0.002492 
393 0.001028 
394 0.000706 
395 0.000600 
396 0.000322 
397 0.001038 
398 0.002567 
399 0.003183 
400 0.002261 
401 0.000954 
402 0.000236 
403 -0.000252 
404 -0.001226 
405 -0.002066 
406 -0.001612 
407 -0.000044 
408 0.001304 
409 0.001483 
410 0.000946 
411 0.000531 
412 0.000314 
413 0.000571 
414 0.001245 
415 0.001294 
416 0.000533 
417 0.000215 
418 0.000225 
419 -0.001037 
420 -0.003579 
421 -0.005323 
422 -0.005845 
423 -0.006548 
424 -0.007649 
425 -0.007786 
426 -0.007004 
427 -0.006263 
428 -0.005378 
429 -0.003931 
430 -0.002533 
431 -0.001992 
432 -0.002302 
433 -0.003434 
434 -0.005156 
435 -0.007007 
436 -0.008715 
437 -0.009924 
438 -0.009944 
439 -0.008979 
440 -0.007796 
441 -0.006378 
442 -0.004635 
443 -0.003637 
444 -0.004047 
445 -0.004911 
446 -0.005829 
447 -0.007843 
448 -0.010400 
449 -0.011902 
450 -0.012357 
451 -0.012561 
452 -0.011746 
453 -0.009328 
454 -0.007217 
455 -0.006836 
456 -0.006661 
457 -0.006255 
458 -0.007459 
459 -0.009586 
460 -0.010151 
461 -0.008938 
462 -0.007933 
463 -0.007607 
464 -0.007115 
465 -0.006895 
466 -0.007531 
467 -0.008222 
468 -0.008281 
469 -0.008289 
470 -0.008623 
471 -0.008715 
472 -0.007970 
473 -0.006914 
474 -0.006571 
475 -0.006961 
476 -0.007424 
477 -0.008017 
478 -0.008764 
479 -0.008878 
480 -0.008326 
481 -0.008389 
482 -0.009164 
483 -0.009055 
484 -0.006984 
485 -0.004457 
486 -0.002852 
487 -0.002257 
488 -0.002633 
489 -0.003652 
490 -0.004569 
491 -0.005461 
492 -0.006908 
493 -0.008686 
494 -0.009303 
495 -0.007971 
496 -0.005541 
497 -0.003227 
498 -0.001698 
499 -0.001212 
500 -0.001717 
501 -0.002990 
502 -0.004779 
503 -0.006431 
504 -0.007147 
505 -0.006559 
506 -0.004775 
507 -0.002685 
508 -0.001113 
509 -0.000616 
510 -0.001582 
511 -0.003600 
512 -0.005110 
513 -0.005504 
514 -0.005887 
515 -0.006407 
516 -0.005553 
517 -0.002965 
518 -0.000728 
519 -0.000300 
520 -0.000536 
521 -0.000326 
522 -0.000144 
523 -0.000793 
524 -0.002196 
525 -0.003469 
526 -0.003547 
527 -0.001866 
528 0.000264 
529 0.001263 
530 0.001450 
531 0.002261 
532 0.003367 
533 0.003050 
534 0.001280 
535 -0.000109 
536 -0.000146 
537 -0.000362 
538 -0.001865 
539 -0.003259 
540 -0.002295 
541 0.000238 
542 0.002262 
543 0.003736 
544 0.005698 
545 0.007694 
546 0.008471 
547 0.007759 
548 0.005582 
549 0.002138 
550 -0.000558 
551 -0.000633 
552 0.000881 
553 0.002147 
554 0.003281 
555 0.005129 
556 0.006932 
557 0.007449 
558 0.006524 
559 0.005262 
560 0.004320 
561 0.003688 
562 0.003422 
563 0.003476 
564 0.003937 
565 0.004797 
566 0.005732 
567 0.006485 
568 0.006517 
569 0.006106 
570 0.006329 
571 0.007283 
572 0.008080 
573 0.008386 
574 0.008708 
575 0.009276 
576 0.009576 
577 0.009163 
578 0.008261 
579 0.007468 
580 0.007078 
581 0.006718 
582 0.005971 
583 0.005554 
584 0.006070 
585 0.006631 
586 0.006705 
587 0.007340 
588 0.008590 
589 0.009163 
590 0.008376 
591 0.007063 
592 0.005982 
593 0.005158 
594 0.004937 
595 0.005501 
596 0.005860 
597 0.005637 
598 0.006140 
599 0.007453 
600 0.007987 
601 0.007395 
602 0.006970 
603 0.006594 
604 0.005368 
605 0.003680 
606 0.003411 
607 0.004565 
608 0.005457 
609 0.005634 
610 0.005955 
611 0.006652 
612 0.006693 
613 0.005668 
614 0.004378 
615 0.003724 
616 0.003687 
617 0.004105 
618 0.005379 
619 0.006949 
620 0.007215 
621 0.005860 
622 0.003932 
623 0.002220 
624 0.000820 
625 0.000170 
626 0.001288 
627 0.003437 
628 0.004720 
629 0.004728 
630 0.005064 
631 0.006045 
632 0.005733 
633 0.003328 
634 0.000924 
635 0.000083 
636 0.000125 
637 0.000211 
638 0.000862 
639 0.002207 
640 0.003431 
641 0.004011 
642 0.004435 
643 0.004351 
644 0.002912 
645 0.000853 
646 -0.000417 
647 -0.000932 
648 -0.001365 
649 -0.001319 
650 0.000140 
651 0.002328 
652 0.003320 
653 0.003096 
654 0.002910 
655 0.003082 
656 0.003133 
657 0.002468 
658 0.001340 
659 0.000188 
660 -0.000595 
661 -0.000632 
662 -0.000312 
663 -0.000445 
664 -0.000781 
665 -0.000578 
666 -0.000193 
667 -0.000468 
668 -0.001336 
669 -0.001953 
670 -0.001892 
671 -0.001917 
672 -0.001858 
673 -0.000754 
674 0.000924 
675 0.001727 
676 0.001546 
677 0.001521 
678 0.001697 
679 0.000663 
680 -0.001748 
681 -0.003519 
682 -0.003521 
683 -0.003043 
684 -0.002990 
685 -0.002485 
686 -0.001336 
687 -0.000897 
688 -0.001456 
689 -0.001316 
690 -0.000744 
691 -0.001676 
692 -0.003747 
693 -0.004661 
694 -0.004015 
695 -0.003571 
696 -0.004079 
697 -0.004041 
698 -0.002677 
699 -0.001471 
700 -0.001832 
701 -0.002850 
702 -0.003088 
703 -0.003264 
704 -0.004660 
705 -0.006225 
706 -0.006496 
707 -0.006079 
708 -0.005522 
709 -0.004033 
710 -0.001664 
711 -0.000206 
712 -0.000353 
713 -0.001081 
714 -0.001820 
715 -0.002924 
716 -0.004177 
717 -0.004753 
718 -0.004507 
719 -0.003757 
720 -0.002344 
721 -0.000825 
722 -0.000584 
723 -0.002361 
724 -0.004869 
725 -0.006472 
726 -0.006915 
727 -0.006927 
728 -0.006430 
729 -0.004951 
730 -0.002782 
731 -0.001056 
732 -0.000026 
733 0.000470 
734 -0.000202 
735 -0.002373 
736 -0.004815 
737 -0.006101 
738 -0.006136 
739 -0.005187 
740 -0.003164 
741 -0.000797 
742 0.000547 
743 0.000741 
744 0.000587 
745 -0.000228 
746 -0.002513 
747 -0.005240 
748 -0.006557 
749 -0.006009 
750 -0.004739 
751 -0.003446 
752 -0.002032 
753 -0.000920 
754 -0.000926 
755 -0.001586 
756 -0.001970 
757 -0.002399 
758 -0.003473 
759 -0.004210 
760 -0.003217 
761 -0.001339 
762 -0.000541 
763 -0.000841 
764 -0.000962 
765 -0.000858 
766 -0.001460 
767 -0.002459 
768 -0.002767 
769 -0.002282 
770 -0.001943 
771 -0.001807 
772 -0.000981 
773 0.000320 
774 0.000967 
775 0.000730 
776 0.000279 
777 -0.000163 
778 -0.000801 
779 -0.001688 
780 -0.002583 
781 -0.003230 
782 -0.003292 
783 -0.002490 
784 -0.001197 
785 -0.000160 
786 0.000452 
787 0.000901 
788 0.000977 
789 0.000112 
790 -0.001686 
791 -0.003268 
792 -0.003328 
793 -0.002053 
794 -0.000605 
795 0.000668 
796 0.001938 
797 0.002728 
798 0.002519 
799 0.001678 
800 0.000521 
801 -0.000953 
802 -0.002248 
803 -0.002306 
804 -0.001050 
805 0.000362 
806 0.001324 
807 0.001925 
808 0.001970 
809 0.001339 
810 0.000668 
811 0.000560 
812 0.000609 
813 0.000237 
814 0.000002 
815 0.000659 
816 0.001734 
817 0.002524 
818 0.002994 
819 0.003375 
820 0.003440 
821 0.002942 
822 0.002185 
823 0.001656 
824 0.001253 
825 0.000912 
826 0.000931 
827 0.001346 
828 0.001943 
829 0.002668 
830 0.003489 
831 0.004057 
832 0.003741 
833 0.002590 
834 0.001505 
835 0.000966 
836 0.000568 
837 0.000101 
838 0.000068 
839 0.000904 
840 0.002224 
841 0.003291 
842 0.003794 
843 0.003728 
844 0.003203 
845 0.002549 
846 0.002108 
847 0.001788 
848 0.001534 
849 0.001608 
850 0.002166 
851 0.002753 
852 0.002880 
853 0.002668 
854 0.002509 
855 0.002407 
856 0.002041 
857 0.001460 
858 0.001265 
859 0.001675 
860 0.002123 
861 0.002188 
862 0.002216 
863 0.002427 
864 0.002287 
865 0.001501 
866 0.000733 
867 0.000500 
868 0.000540 
869 0.000688 
870 0.001110 
871 0.001719 
872 0.002159 
873 0.002373 
874 0.002384 
875 0.002045 
876 0.001619 
877 0.001561 
878 0.001759 
879 0.001706 
880 0.001330 
881 0.001121 
882 0.001236 
883 0.001271 
884 0.001022 
885 0.000707 
886 0.000531 
887 0.000530 
888 0.000623 
889 0.000642 
890 0.000507 
891 0.000253 
892 0.000063 
893 0.000089 
894 0.000267 
895 0.000548 
896 0.000872 
897 0.001106 
898 0.001223 
899 0.001399 
900 0.001648 
901 0.001805 
902 0.001642 
903 0.001142 
904 0.000578 
905 0.000247 
906 0.000176 
907 0.000155 
908 0.000098 
909 0.000252 
910 0.000569 
911 0.000688 
912 0.000488 
913 0.000214 
914 0.000064 
915 -0.000035 
916 -0.000222 
917 -0.000376 
918 -0.000279 
919 0.000025 
920 0.000280 
921 0.000310 
922 0.000206 
923 0.000127 
924 0.000080 
925 0.000118 
926 0.000231 
927 0.000239 
928 0.000114 
929 0.000068 
930 0.000079 
931 -0.000120 
932 -0.000525 
933 -0.000796 
934 -0.000871 
935 -0.000975 
936 -0.001140 
937 -0.001153 
938 -0.001025 
939 -0.000905 
940 -0.000763 
941 -0.000543 
942 -0.000334 
943 -0.000253 
944 -0.000295 
945 -0.000452 
946 -0.000685 
947 -0.000931 
948 -0.001151 
949 -0.001297 
950 -0.001282 
951 -0.001139 
952 -0.000972 
953 -0.000778 
954 -0.000550 
955 -0.000419 
956 -0.000467 
957 -0.000569 
958 -0.000674 
959 -0.000908 
960 -0.001201 
961 -0.001364 
962 -0.001403 
963 -0.001412 
964 -0.001306 
965 -0.001022 
966 -0.000777 
967 -0.000727 
968 -0.000700 
969 -0.000649 
970 -0.000771 
971 -0.000990 
972 -0.001042 
973 -0.000909 
974 -0.000799 
975 -0.000760 
976 -0.000705 
977 -0.000677 
978 -0.000734 
979 -0.000795 
980 -0.000792 
981 -0.000784 
982 -0.000809 
983 -0.000811 
984 -0.000735 
985 -0.000632 
986 -0.000597 
987 -0.000631 
988 -0.000671 
989 -0.000721 
990 -0.000783 
991 -0.000787 
992 -0.000731 
993 -0.000731 
994 -0.000795 
995 -0.000783 
996 -0.000603 
997 -0.000386 
998 -0.000249 
999 -0.000200 
1000 -0.000231 
1001 -0.000313 
1002 -0.000386 
1003 -0.000455 
1004 -0.000570 
1005 -0.000714 
1006 -0.000761 
1007 -0.000650 
1008 -0.000451 
1009 -0.000263 
1010 -0.000140 
1011 -0.000102 
1012 -0.000143 
1013 -0.000246 
1014 -0.000389 
1015 -0.000520 
1016 -0.000574 
1017 -0.000524 
1018 -0.000379 
1019 -0.000210 
1020 -0.000086 
1021 -0.000050 
1022 -0.000134 
1023 -0.000303 
