0 -0.089814 
1 0.023549 
2 0.012308 
3 -0.096200 
4 0.054966 
5 -0.102320 
6 0.106732 
7 -0.179800 
8 0.002173 
9 -0.023867 
10 0.020493 
11 0.028966 
12 -0.202361 
13 0.151185 
14 -0.135149 
15 0.198391 
16 -0.231534 
17 0.126755 
18 -0.155731 
19 0.061840 
20 -0.131765 
21 0.065886 
22 -0.024281 
23 0.043348 
24 -0.072960 
25 0.029325 
26 -0.091371 
27 0.024186 
28 -0.034721 
29 0.067562 
30 -0.013846 
31 0.049968 
32 0.045714 
33 -0.013876 
34 -0.079153 
35 -0.029535 
36 0.090947 
37 -0.102122 
38 -0.309424 
39 -0.100225 
40 0.081131 
41 0.189986 
42 -0.055014 
43 0.277261 
44 0.213593 
45 0.070229 
46 -0.372891 
47 -0.106764 
48 -0.033913 
49 0.158764 
50 -0.227760 
51 -0.221942 
52 -0.063434 
53 0.194177 
54 0.201337 
55 -0.020507 
56 0.104390 
57 -0.106239 
58 0.106463 
59 -0.106281 
60 0.101237 
61 -0.035538 
62 -0.003825 
63 0.003546 
64 -0.044579 
65 0.114852 
66 -0.086039 
67 0.070817 
68 -0.059604 
69 0.057932 
70 0.016362 
71 -0.070567 
72 0.088989 
73 -0.103029 
74 0.154506 
75 -0.128739 
76 0.131043 
77 -0.089106 
78 0.090305 
79 -0.019854 
80 -0.000345 
81 0.012551 
82 -0.028715 
83 0.052662 
84 -0.037411 
85 0.035001 
86 0.003158 
87 0.018951 
88 0.022090 
89 -0.004713 
90 0.041165 
91 -0.011949 
92 0.011535 
93 -0.020685 
94 0.029185 
95 -0.007935 
96 0.006843 
97 -0.035590 
98 0.049167 
99 0.005979 
100 0.040990 
101 -0.026823 
102 0.006071 
103 0.024732 
104 -0.014668 
105 0.012461 
106 -0.043130 
107 0.050006 
108 -0.005188 
109 -0.008916 
110 0.011282 
111 -0.031620 
112 0.074799 
113 -0.092510 
114 0.074787 
115 -0.070110 
116 0.052790 
117 -0.055795 
118 -0.004997 
119 0.029864 
120 -0.041354 
121 0.033064 
122 -0.080346 
123 0.056874 
124 -0.020680 
125 0.010384 
126 -0.032161 
127 -0.019080 
128 0.007517 
129 0.002084 
130 -0.061076 
131 0.034266 
132 -0.094630 
133 0.118344 
134 -0.142865 
135 0.095557 
136 -0.134255 
137 0.065444 
138 -0.068020 
139 -0.034946 
140 0.026085 
141 -0.099463 
142 0.073516 
143 -0.128766 
144 0.070489 
145 -0.059433 
146 -0.017162 
147 0.008443 
148 -0.110466 
149 0.092545 
150 -0.147018 
151 0.081416 
152 -0.147543 
153 0.066348 
154 -0.057129 
155 -0.024999 
156 -0.040001 
157 -0.030785 
158 0.010103 
159 -0.038645 
160 -0.082974 
161 -0.010092 
162 -0.099901 
163 0.055283 
164 -0.107068 
165 0.028939 
166 -0.061687 
167 -0.015121 
168 0.007852 
169 -0.097131 
170 0.060945 
171 -0.138972 
172 0.033497 
173 -0.129066 
174 0.018828 
175 -0.036591 
176 -0.062968 
177 -0.005580 
178 -0.071349 
179 0.064882 
180 -0.089076 
181 -0.025535 
182 -0.040805 
183 -0.045445 
184 0.003614 
185 -0.124923 
186 0.048082 
187 -0.113423 
188 0.075524 
189 -0.114276 
190 0.043410 
191 -0.112335 
192 0.039638 
193 -0.103946 
194 0.031291 
195 -0.123343 
196 0.037508 
197 -0.085759 
198 0.035078 
199 -0.079152 
200 -0.011660 
201 -0.025247 
202 -0.032502 
203 -0.008509 
204 -0.055464 
205 -0.020916 
206 -0.028228 
207 -0.060008 
208 0.050448 
209 -0.115809 
210 0.059211 
211 -0.156078 
212 0.085078 
213 -0.083589 
214 0.009437 
215 -0.025076 
216 -0.088243 
217 0.098041 
218 -0.137558 
219 0.105125 
220 -0.157892 
221 0.097321 
222 -0.072276 
223 -0.021818 
224 -0.022146 
225 -0.084312 
226 0.086625 
227 -0.105998 
228 0.084932 
229 -0.074134 
230 0.030001 
231 -0.021943 
232 -0.040514 
233 0.054606 
234 -0.076789 
235 0.034428 
236 -0.074122 
237 0.042054 
238 0.017940 
239 -0.027408 
240 0.011174 
241 -0.053670 
242 0.051020 
243 -0.025408 
244 -0.012261 
245 0.020929 
246 -0.026997 
247 0.088902 
248 -0.085731 
249 0.076053 
250 -0.065484 
251 0.086394 
252 -0.028866 
253 0.012122 
254 -0.008855 
255 -0.032049 
256 0.024062 
257 -0.020508 
258 0.065018 
259 -0.025169 
260 0.026828 
261 -0.024276 
262 0.042502 
263 -0.006138 
264 0.031935 
265 -0.032498 
266 0.030786 
267 0.016411 
268 0.027933 
269 0.012672 
270 -0.011019 
271 0.071434 
272 -0.011544 
273 0.062610 
274 -0.067478 
275 0.046189 
276 -0.017756 
277 0.031945 
278 0.008112 
279 0.004189 
280 0.044757 
281 -0.013396 
282 0.031767 
283 0.016202 
284 0.028078 
285 0.037242 
286 -0.030629 
287 0.042787 
288 -0.018974 
289 0.040821 
290 -0.007174 
291 0.004759 
292 0.069897 
293 -0.024200 
294 0.054709 
295 -0.065690 
296 0.091285 
297 -0.003740 
298 0.046026 
299 0.005372 
300 0.019193 
301 0.036062 
302 -0.006056 
303 -0.015829 
304 0.052474 
305 -0.049455 
306 0.129744 
307 -0.125120 
308 0.176007 
309 -0.155178 
310 0.173667 
311 -0.118269 
312 0.126628 
313 -0.050989 
314 0.033637 
315 0.007064 
316 -0.021970 
317 0.073392 
318 -0.023033 
319 0.037484 
320 -0.033485 
321 0.013197 
322 0.055760 
323 -0.027613 
324 0.039793 
325 -0.037777 
326 0.057911 
327 -0.012283 
328 0.009607 
329 0.013092 
330 -0.006473 
331 0.041356 
332 -0.009244 
333 0.007464 
334 -0.002244 
335 -0.002336 
336 0.023852 
337 -0.023845 
338 0.014460 
339 0.007344 
340 -0.001658 
341 0.029024 
342 -0.043335 
343 0.057816 
344 -0.046904 
345 0.044583 
346 -0.022908 
347 0.007419 
348 0.007236 
349 -0.070039 
350 0.051205 
351 -0.046005 
352 0.088187 
353 -0.064509 
354 0.005500 
355 -0.009875 
356 -0.017382 
357 0.044080 
358 -0.107458 
359 0.062676 
360 -0.087386 
361 0.093044 
362 -0.091819 
363 0.056793 
364 -0.032190 
365 0.033100 
366 -0.033506 
367 -0.018930 
368 0.003802 
369 -0.037080 
370 -0.009299 
371 -0.032129 
372 0.035717 
373 -0.038467 
374 0.001856 
375 -0.046032 
376 0.014469 
377 -0.012720 
378 -0.039603 
379 -0.003259 
380 -0.077736 
381 0.079936 
382 -0.105922 
383 0.087689 
384 -0.120987 
385 0.097200 
386 -0.078417 
387 0.013157 
388 -0.042824 
389 -0.041884 
390 0.049725 
391 -0.088385 
392 0.057580 
393 -0.091910 
394 0.047986 
395 -0.037075 
396 -0.005928 
397 0.011561 
398 -0.064190 
399 0.027475 
400 -0.066598 
401 0.017092 
402 -0.005731 
403 -0.056088 
404 0.039493 
405 -0.110168 
406 0.131954 
407 -0.142864 
408 0.082801 
409 -0.133083 
410 0.095925 
411 -0.046857 
412 0.001934 
413 -0.018420 
414 -0.024855 
415 0.042311 
416 -0.046903 
417 -0.005751 
418 -0.016589 
419 -0.012323 
420 0.034403 
421 -0.079985 
422 0.052697 
423 -0.090831 
424 0.092082 
425 -0.092454 
426 0.067661 
427 -0.099562 
428 0.077859 
429 -0.087930 
430 0.054919 
431 -0.058841 
432 0.078978 
433 -0.055836 
434 0.012601 
435 -0.015757 
436 0.024297 
437 -0.005385 
438 -0.056755 
439 0.028215 
440 -0.011140 
441 0.015896 
442 -0.040759 
443 -0.001989 
444 0.052241 
445 -0.011911 
446 0.032907 
447 -0.060241 
448 0.032605 
449 -0.009492 
450 0.025100 
451 0.027558 
452 -0.052720 
453 0.049628 
454 -0.061525 
455 0.069590 
456 -0.051026 
457 0.043355 
458 -0.008737 
459 -0.020149 
460 0.057329 
461 -0.048918 
462 0.111166 
463 -0.102373 
464 0.109435 
465 -0.069621 
466 0.114872 
467 -0.083106 
468 0.049886 
469 -0.032710 
470 0.060916 
471 -0.024555 
472 0.003718 
473 -0.008937 
474 0.043631 
475 0.021509 
476 -0.003831 
477 0.014750 
478 0.007499 
479 0.040196 
480 -0.011487 
481 0.030976 
482 0.019560 
483 0.017270 
484 0.026428 
485 -0.018024 
486 0.061989 
487 -0.039237 
488 0.053927 
489 -0.022240 
490 0.052814 
491 0.026173 
492 -0.024916 
493 0.046149 
494 -0.042399 
495 0.107303 
496 -0.054918 
497 0.046661 
498 -0.029847 
499 0.039290 
500 0.059790 
501 -0.042837 
502 0.065053 
503 -0.038788 
504 0.108348 
505 -0.043173 
506 0.045182 
507 0.015569 
508 0.013530 
509 0.043321 
510 -0.042050 
511 0.071083 
512 -0.018305 
513 0.043132 
514 0.027554 
515 0.011170 
516 0.086147 
517 -0.064060 
518 0.101203 
519 -0.077825 
520 0.109462 
521 -0.069893 
522 0.060089 
523 -0.021494 
524 0.053049 
525 0.026235 
526 0.001502 
527 0.017005 
528 0.027940 
529 0.060299 
530 0.034628 
531 -0.017525 
532 0.032406 
533 -0.012626 
534 0.085474 
535 -0.035901 
536 0.082074 
537 -0.054358 
538 0.103287 
539 -0.082241 
540 0.103161 
541 -0.078877 
542 0.116286 
543 -0.075436 
544 0.104020 
545 -0.034720 
546 0.091446 
547 -0.037682 
548 0.057587 
549 0.025943 
550 0.049954 
551 -0.018391 
552 0.010441 
553 0.014910 
554 0.051262 
555 0.007819 
556 0.030189 
557 0.010810 
558 0.027151 
559 0.028980 
560 0.000061 
561 0.061886 
562 -0.016229 
563 0.073839 
564 -0.026484 
565 0.057480 
566 -0.009648 
567 0.030344 
568 0.036190 
569 0.004100 
570 0.068833 
571 -0.023456 
572 0.048800 
573 -0.027914 
574 0.064111 
575 0.038602 
576 0.006966 
577 0.021297 
578 0.003213 
579 0.070791 
580 0.006235 
581 -0.001184 
582 0.040560 
583 -0.003764 
584 0.096334 
585 -0.062100 
586 0.088064 
587 -0.050062 
588 0.089289 
589 -0.021451 
590 0.020985 
591 0.012984 
592 0.008912 
593 0.061981 
594 -0.016331 
595 0.049277 
596 0.007766 
597 0.038809 
598 0.020715 
599 -0.015513 
600 0.059621 
601 -0.032589 
602 0.058619 
603 -0.050730 
604 0.082452 
605 -0.024615 
606 0.053859 
607 -0.021349 
608 0.068528 
609 0.019787 
610 0.017962 
611 -0.018493 
612 -0.013999 
613 0.054326 
614 -0.030779 
615 0.059871 
616 -0.067616 
617 0.131891 
618 -0.063894 
619 0.086582 
620 -0.064994 
621 0.065403 
622 0.004554 
623 -0.023340 
624 0.054773 
625 -0.069963 
626 0.123525 
627 -0.113280 
628 0.139117 
629 -0.073980 
630 0.104202 
631 -0.067331 
632 0.035595 
633 0.003284 
634 0.009752 
635 0.006074 
636 -0.027566 
637 0.024928 
638 0.036487 
639 0.003504 
640 0.027783 
641 -0.047013 
642 0.081428 
643 -0.043305 
644 0.058092 
645 -0.084285 
646 0.067633 
647 -0.031611 
648 0.068707 
649 -0.025213 
650 0.046754 
651 -0.006987 
652 0.022057 
653 -0.005425 
654 0.001194 
655 0.019016 
656 -0.022861 
657 0.024673 
658 -0.028129 
659 0.040096 
660 0.005392 
661 -0.010563 
662 0.039953 
663 -0.050385 
664 0.115548 
665 -0.141631 
666 0.124408 
667 -0.132670 
668 0.171050 
669 -0.127464 
670 0.067519 
671 -0.030226 
672 0.040228 
673 0.052635 
674 -0.062916 
675 0.071884 
676 -0.070289 
677 0.065287 
678 -0.030328 
679 -0.011503 
680 0.054801 
681 -0.085223 
682 0.116956 
683 -0.120348 
684 0.148129 
685 -0.103005 
686 0.085541 
687 -0.066759 
688 0.043325 
689 0.029763 
690 -0.040849 
691 0.031564 
692 -0.035654 
693 0.068238 
694 -0.025698 
695 -0.007235 
696 0.031737 
697 -0.033267 
698 0.080466 
699 -0.095079 
700 0.090936 
701 -0.085769 
702 0.095885 
703 -0.066373 
704 0.059078 
705 -0.032619 
706 0.037712 
707 0.004289 
708 -0.000116 
709 0.008371 
710 -0.018899 
711 0.036890 
712 -0.019537 
713 0.013075 
714 -0.003727 
715 -0.004331 
716 0.035666 
717 -0.044822 
718 0.095590 
719 -0.099351 
720 0.113543 
721 -0.112825 
722 0.141998 
723 -0.073280 
724 0.064912 
725 -0.048975 
726 -0.011863 
727 0.069459 
728 -0.073516 
729 0.107638 
730 -0.117913 
731 0.138392 
732 -0.077310 
733 0.068089 
734 -0.027653 
735 0.013377 
736 0.079402 
737 -0.070033 
738 0.097421 
739 -0.103894 
740 0.113781 
741 -0.093693 
742 0.089271 
743 -0.027841 
744 0.048898 
745 -0.023040 
746 0.026586 
747 0.017340 
748 0.047399 
749 -0.046608 
750 0.037952 
751 -0.038883 
752 0.104784 
753 -0.038052 
754 0.043381 
755 -0.035669 
756 0.048000 
757 0.008469 
758 -0.011541 
759 0.008744 
760 0.008379 
761 0.039459 
762 0.004955 
763 0.001763 
764 0.008141 
765 0.021458 
766 0.028813 
767 0.029528 
768 -0.001100 
769 0.037593 
770 -0.029321 
771 0.055180 
772 0.016200 
773 0.043276 
774 0.019650 
775 -0.038593 
776 0.081259 
777 -0.054526 
778 0.114583 
779 -0.110740 
780 0.116620 
781 -0.042457 
782 0.088947 
783 -0.021973 
784 -0.003554 
785 0.047252 
786 -0.010333 
787 0.069924 
788 -0.030393 
789 0.051646 
790 0.028902 
791 0.009880 
792 0.072976 
793 -0.029536 
794 0.094295 
795 -0.047764 
796 0.055455 
797 -0.016758 
798 0.044708 
799 0.047207 
800 -0.000904 
801 0.054852 
802 0.015672 
803 0.040806 
804 0.013401 
805 -0.013397 
806 0.092042 
807 -0.024402 
808 0.077524 
809 -0.062454 
810 0.071433 
811 -0.000074 
812 0.028326 
813 0.029182 
814 0.011097 
815 0.088271 
816 -0.010263 
817 0.056434 
818 -0.000596 
819 0.024103 
820 0.045776 
821 -0.004457 
822 0.069135 
823 -0.032173 
824 0.075399 
825 -0.019662 
826 0.064156 
827 0.012225 
828 0.041358 
829 0.015716 
830 0.010333 
831 0.055281 
832 0.050068 
833 0.022695 
834 0.010017 
835 0.016207 
836 0.054052 
837 0.021144 
838 0.009824 
839 0.017757 
840 0.032566 
841 0.038059 
842 0.017369 
843 0.015011 
844 0.041052 
845 0.011547 
846 0.069687 
847 -0.023189 
848 0.074620 
849 -0.018634 
850 0.056579 
851 0.002577 
852 0.028930 
853 0.056803 
854 -0.014048 
855 0.071585 
856 -0.039303 
857 0.073861 
858 -0.029594 
859 0.033646 
860 0.029748 
861 0.006937 
862 0.079415 
863 -0.068628 
864 0.093170 
865 -0.053268 
866 0.137018 
867 -0.049270 
868 0.059813 
869 -0.032940 
870 0.075649 
871 0.018704 
872 0.013058 
873 0.005560 
874 0.023526 
875 0.023915 
876 -0.007198 
877 0.002597 
878 0.046625 
879 0.002700 
880 0.035426 
881 -0.022042 
882 0.079178 
883 -0.037732 
884 0.052098 
885 -0.036475 
886 0.092178 
887 -0.015044 
888 0.027423 
889 -0.003158 
890 0.010728 
891 0.070463 
892 -0.039358 
893 0.066978 
894 -0.056128 
895 0.079504 
896 -0.023052 
897 0.004281 
898 0.029107 
899 -0.051127 
900 0.126661 
901 -0.128560 
902 0.143537 
903 -0.136321 
904 0.150437 
905 -0.095809 
906 0.080257 
907 -0.045180 
908 0.011993 
909 0.008033 
910 -0.022462 
911 0.017324 
912 0.010203 
913 -0.027167 
914 0.046350 
915 -0.068252 
916 0.125892 
917 -0.105693 
918 0.080480 
919 -0.088246 
920 0.095820 
921 -0.013321 
922 -0.036613 
923 0.011867 
924 -0.068780 
925 0.105874 
926 -0.094719 
927 0.062411 
928 -0.086724 
929 0.058157 
930 -0.039291 
931 -0.018829 
932 -0.021120 
933 0.003817 
934 0.025218 
935 -0.012326 
936 -0.029571 
937 -0.030577 
938 0.006721 
939 -0.020836 
940 0.002513 
941 -0.060026 
942 0.026697 
943 -0.103452 
944 0.009262 
945 -0.059913 
946 0.029142 
947 -0.028479 
948 -0.068603 
949 0.024617 
950 -0.077377 
951 0.028085 
952 -0.112023 
953 0.033694 
954 -0.010881 
955 -0.046510 
956 0.005016 
957 -0.139575 
958 0.070804 
959 -0.127484 
960 0.082057 
961 -0.112379 
962 -0.034003 
963 -0.050677 
964 -0.060031 
965 0.050493 
966 -0.120866 
967 0.064237 
968 -0.098698 
969 0.003000 
970 -0.059613 
971 -0.049102 
972 0.032642 
973 -0.106927 
974 0.083449 
975 -0.088760 
976 0.046030 
977 -0.148196 
978 -0.044954 
979 -0.074129 
980 -0.034177 
981 -0.074847 
982 -0.022729 
983 -0.026965 
984 0.077612 
985 -0.060381 
986 0.056784 
987 -0.105808 
988 -0.003697 
989 -0.129341 
990 -0.055366 
991 -0.066973 
992 -0.080744 
993 -0.052594 
994 -0.068389 
995 -0.024494 
996 0.021654 
997 -0.079977 
998 0.077527 
999 -0.143208 
1000 0.100454 
1001 -0.169090 
1002 0.047963 
1003 -0.104061 
1004 -0.039444 
1005 0.025087 
1006 -0.143470 
1007 0.114150 
1008 -0.187749 
1009 0.166737 
1010 -0.165503 
1011 0.050787 
1012 -0.103841 
1013 -0.014414 
1014 0.035396 
1015 -0.128098 
1016 0.043038 
1017 -0.132776 
1018 0.035749 
1019 -0.100163 
1020 -0.021596 
1021 0.027596 
1022 -0.062830 
1023 0.004290 
