0 -0.011164 
1 0.061581 
2 -0.064630 
3 0.035666 
4 0.032188 
5 -0.082649 
6 0.039364 
7 0.031154 
8 -0.132113 
9 0.176082 
10 -0.163275 
11 0.058971 
12 -0.019700 
13 0.005175 
14 -0.065581 
15 0.127970 
16 -0.139978 
17 0.120565 
18 -0.084633 
19 0.026531 
20 -0.021193 
21 -0.008627 
22 0.028323 
23 -0.056341 
24 0.115306 
25 -0.062935 
26 -0.013557 
27 0.131023 
28 -0.187657 
29 0.110762 
30 0.045524 
31 -0.243976 
32 0.355069 
33 -0.266346 
34 0.051477 
35 0.173129 
36 -0.271957 
37 0.196871 
38 -0.075930 
39 -0.066072 
40 0.019362 
41 0.108433 
42 -0.255234 
43 0.234131 
44 -0.035673 
45 -0.257331 
46 0.500060 
47 -0.459376 
48 0.247823 
49 0.090491 
50 -0.315225 
51 0.302495 
52 -0.087544 
53 -0.177610 
54 0.299267 
55 -0.177997 
56 -0.034013 
57 0.227508 
58 -0.219025 
59 0.029455 
60 0.215038 
61 -0.343121 
62 0.277107 
63 -0.040258 
64 -0.174726 
65 0.236285 
66 -0.140925 
67 -0.080681 
68 0.200554 
69 -0.189977 
70 0.075803 
71 0.079448 
72 -0.096130 
73 -0.008702 
74 0.144670 
75 -0.210387 
76 0.090348 
77 0.074678 
78 -0.181587 
79 0.195292 
80 0.021700 
81 -0.176008 
82 0.301121 
83 -0.176759 
84 -0.043267 
85 0.167185 
86 -0.155812 
87 -0.119009 
88 0.368654 
89 -0.480896 
90 0.345386 
91 0.042058 
92 -0.388615 
93 0.556928 
94 -0.373216 
95 0.048967 
96 0.247449 
97 -0.318209 
98 0.134485 
99 0.160634 
100 -0.356199 
101 0.334414 
102 -0.090732 
103 -0.156971 
104 0.282737 
105 -0.177614 
106 -0.048820 
107 0.253901 
108 -0.278577 
109 0.173647 
110 0.024122 
111 -0.088048 
112 0.026415 
113 0.136705 
114 -0.274960 
115 0.236105 
116 -0.090110 
117 -0.116801 
118 0.218653 
119 -0.143524 
120 0.016614 
121 0.142455 
122 -0.138308 
123 -0.011382 
124 0.183836 
125 -0.306540 
126 0.227761 
127 -0.004619 
128 -0.218924 
129 0.412454 
130 -0.364622 
131 0.262370 
132 -0.083441 
133 -0.042170 
134 0.001594 
135 0.044355 
136 -0.140766 
137 0.170826 
138 -0.121645 
139 0.068006 
140 0.004834 
141 -0.025145 
142 -0.023166 
143 0.040379 
144 -0.111024 
145 0.110894 
146 -0.092948 
147 0.117534 
148 -0.038200 
149 0.038817 
150 0.016144 
151 0.003599 
152 -0.013567 
153 0.024153 
154 -0.064825 
155 0.019623 
156 0.006581 
157 -0.030900 
158 0.063112 
159 -0.007940 
160 0.007117 
161 0.000994 
162 0.047740 
163 -0.139324 
164 0.158811 
165 -0.147460 
166 0.005937 
167 0.144501 
168 -0.241407 
169 0.196483 
170 -0.041955 
171 -0.149424 
172 0.229125 
173 -0.197384 
174 0.028535 
175 0.111287 
176 -0.160874 
177 0.075935 
178 0.135705 
179 -0.257120 
180 0.228701 
181 -0.063989 
182 -0.177695 
183 0.286896 
184 -0.290775 
185 0.146752 
186 0.039651 
187 -0.099061 
188 0.070589 
189 0.090221 
190 -0.150781 
191 0.087170 
192 0.050656 
193 -0.231856 
194 0.265746 
195 -0.243731 
196 0.057398 
197 0.070972 
198 -0.078174 
199 0.006004 
200 0.147907 
201 -0.158642 
202 0.057566 
203 0.078415 
204 -0.254059 
205 0.249538 
206 -0.134445 
207 -0.062290 
208 0.252765 
209 -0.267824 
210 0.150338 
211 -0.016224 
212 -0.094603 
213 0.072580 
214 0.006096 
215 -0.153754 
216 0.217208 
217 -0.249889 
218 0.172782 
219 -0.103866 
220 0.040053 
221 -0.013361 
222 0.000097 
223 0.044074 
224 -0.027036 
225 0.055704 
226 -0.016992 
227 -0.001689 
228 0.017143 
229 -0.053941 
230 0.000229 
231 -0.019665 
232 0.019397 
233 -0.065518 
234 0.119472 
235 -0.099652 
236 0.056312 
237 0.007863 
238 -0.101715 
239 0.098248 
240 -0.110310 
241 0.062175 
242 -0.013578 
243 0.057545 
244 -0.052508 
245 0.061130 
246 -0.031933 
247 -0.064166 
248 0.081856 
249 -0.154482 
250 0.123957 
251 -0.049272 
252 0.054230 
253 -0.008533 
254 0.100358 
255 -0.098850 
256 0.088901 
257 -0.032401 
258 -0.097371 
259 0.158155 
260 -0.239427 
261 0.205814 
262 -0.148067 
263 0.103867 
264 -0.053221 
265 0.058359 
266 -0.041371 
267 0.036574 
268 -0.029979 
269 0.015549 
270 -0.002503 
271 -0.021160 
272 0.034002 
273 -0.029915 
274 0.046370 
275 0.021607 
276 -0.090949 
277 0.165279 
278 -0.223401 
279 0.184589 
280 -0.074683 
281 0.001269 
282 0.079234 
283 -0.018404 
284 -0.037229 
285 0.136832 
286 -0.155947 
287 0.037176 
288 0.046099 
289 -0.166741 
290 0.159909 
291 -0.043146 
292 -0.033274 
293 0.157068 
294 -0.130368 
295 0.074500 
296 -0.019341 
297 -0.004504 
298 -0.070028 
299 0.130471 
300 -0.127011 
301 0.080624 
302 0.027823 
303 -0.087308 
304 0.093986 
305 -0.017925 
306 -0.087228 
307 0.109059 
308 -0.056228 
309 -0.036794 
310 0.106544 
311 -0.077700 
312 -0.014309 
313 0.131708 
314 -0.209507 
315 0.170052 
316 -0.077007 
317 -0.038320 
318 0.074955 
319 -0.027555 
320 0.005840 
321 0.052230 
322 0.031118 
323 -0.088444 
324 0.143291 
325 -0.175229 
326 0.057672 
327 0.038950 
328 -0.115254 
329 0.153848 
330 -0.091128 
331 0.115311 
332 -0.075215 
333 0.100795 
334 -0.108053 
335 0.014957 
336 0.035514 
337 -0.197730 
338 0.234985 
339 -0.218743 
340 0.151647 
341 -0.056591 
342 0.049619 
343 -0.050295 
344 0.063778 
345 -0.112312 
346 0.058805 
347 -0.000221 
348 -0.049042 
349 0.115499 
350 -0.055976 
351 0.077084 
352 -0.063620 
353 0.051831 
354 -0.052130 
355 -0.045168 
356 0.084383 
357 -0.168387 
358 0.160546 
359 -0.057967 
360 -0.030779 
361 0.124103 
362 -0.061418 
363 -0.095020 
364 0.195916 
365 -0.285116 
366 0.153665 
367 0.001895 
368 -0.187519 
369 0.273059 
370 -0.147560 
371 -0.019152 
372 0.157694 
373 -0.206139 
374 0.081487 
375 0.037475 
376 -0.109268 
377 0.079114 
378 0.061439 
379 -0.172493 
380 0.175625 
381 -0.100427 
382 -0.053034 
383 0.121002 
384 -0.078498 
385 0.012322 
386 0.073695 
387 -0.081173 
388 -0.035674 
389 0.130798 
390 -0.208923 
391 0.149840 
392 -0.033265 
393 -0.091019 
394 0.128624 
395 -0.076972 
396 -0.006036 
397 0.073561 
398 -0.070753 
399 0.006753 
400 0.048079 
401 -0.058747 
402 0.019689 
403 0.024366 
404 -0.030572 
405 -0.006256 
406 0.041907 
407 -0.046329 
408 -0.001500 
409 0.062674 
410 -0.129370 
411 0.084000 
412 -0.010114 
413 -0.075481 
414 0.106705 
415 -0.017738 
416 -0.035215 
417 0.099927 
418 -0.077234 
419 -0.057137 
420 0.096933 
421 -0.143828 
422 0.019158 
423 0.161709 
424 -0.231250 
425 0.290301 
426 -0.151253 
427 0.082043 
428 -0.025501 
429 -0.002844 
430 -0.139349 
431 0.138861 
432 -0.152772 
433 0.076827 
434 0.061992 
435 -0.055888 
436 0.064399 
437 0.003754 
438 -0.054388 
439 -0.004180 
440 0.008683 
441 -0.077149 
442 0.041661 
443 0.032698 
444 -0.066689 
445 0.080184 
446 0.051883 
447 -0.117693 
448 0.152844 
449 -0.068771 
450 -0.095892 
451 0.222234 
452 -0.227747 
453 0.112840 
454 0.098254 
455 -0.192432 
456 0.183937 
457 -0.003519 
458 -0.157935 
459 0.217533 
460 -0.151065 
461 -0.031156 
462 0.142462 
463 -0.148994 
464 -0.012607 
465 0.214192 
466 -0.296265 
467 0.232780 
468 -0.057748 
469 -0.129997 
470 0.192703 
471 -0.139565 
472 0.019390 
473 0.090493 
474 -0.022133 
475 -0.060475 
476 0.189138 
477 -0.171800 
478 0.027303 
479 0.126863 
480 -0.231346 
481 0.219870 
482 -0.055284 
483 -0.103945 
484 0.205294 
485 -0.183871 
486 0.060458 
487 0.016708 
488 0.002520 
489 -0.054522 
490 0.167930 
491 -0.191289 
492 0.154899 
493 -0.033783 
494 -0.081169 
495 0.126768 
496 -0.114715 
497 0.041250 
498 -0.029062 
499 0.034402 
500 -0.048240 
501 0.061293 
502 -0.012485 
503 -0.015216 
504 0.071435 
505 -0.068304 
506 0.015983 
507 0.002914 
508 0.009886 
509 -0.088556 
510 0.176713 
511 -0.233049 
512 0.199964 
513 -0.123455 
514 -0.005098 
515 0.086040 
516 -0.118684 
517 0.095593 
518 -0.051885 
519 0.047546 
520 -0.043818 
521 0.041938 
522 -0.009127 
523 -0.005480 
524 0.052319 
525 -0.069567 
526 0.063074 
527 -0.069467 
528 0.089706 
529 -0.137573 
530 0.180014 
531 -0.147737 
532 0.056626 
533 0.070071 
534 -0.197040 
535 0.210924 
536 -0.181171 
537 0.029243 
538 0.057740 
539 -0.102147 
540 0.062569 
541 -0.012307 
542 0.005433 
543 -0.048132 
544 0.093251 
545 -0.133879 
546 0.069318 
547 0.036904 
548 -0.142036 
549 0.190950 
550 -0.094297 
551 0.010606 
552 0.071542 
553 -0.035563 
554 -0.079401 
555 0.194743 
556 -0.236191 
557 0.127422 
558 0.010453 
559 -0.183235 
560 0.176136 
561 -0.067294 
562 -0.079818 
563 0.184506 
564 -0.146734 
565 -0.001380 
566 0.145548 
567 -0.245367 
568 0.152337 
569 0.005712 
570 -0.171696 
571 0.241518 
572 -0.177889 
573 0.055243 
574 0.053626 
575 -0.089399 
576 0.037809 
577 0.053115 
578 -0.072664 
579 0.050791 
580 0.047210 
581 -0.116752 
582 0.113770 
583 -0.076972 
584 -0.008676 
585 0.065499 
586 -0.091868 
587 0.081600 
588 -0.058428 
589 0.070078 
590 -0.094586 
591 0.088073 
592 -0.087318 
593 -0.010618 
594 0.053364 
595 -0.123022 
596 0.119369 
597 -0.043332 
598 0.001717 
599 0.101338 
600 -0.111624 
601 0.118306 
602 -0.105267 
603 0.065907 
604 -0.026440 
605 -0.032481 
606 0.069963 
607 -0.105621 
608 0.117955 
609 -0.101356 
610 0.089005 
611 -0.057320 
612 0.047784 
613 -0.040948 
614 0.013450 
615 0.025889 
616 -0.085455 
617 0.126887 
618 -0.110702 
619 0.067846 
620 0.016734 
621 -0.076078 
622 0.095677 
623 -0.049248 
624 -0.021987 
625 0.070081 
626 -0.061928 
627 0.043959 
628 0.025217 
629 -0.032524 
630 0.022922 
631 0.005088 
632 -0.053265 
633 0.027758 
634 0.029583 
635 -0.069422 
636 0.135999 
637 -0.102279 
638 0.072893 
639 -0.029150 
640 -0.036429 
641 0.016401 
642 -0.036098 
643 0.018645 
644 -0.033805 
645 0.080729 
646 -0.027295 
647 0.017779 
648 0.070853 
649 -0.134660 
650 0.160160 
651 -0.144037 
652 0.068194 
653 0.040593 
654 -0.080930 
655 0.134071 
656 -0.031521 
657 -0.023906 
658 0.107514 
659 -0.173073 
660 0.117306 
661 -0.094597 
662 -0.025745 
663 0.051701 
664 -0.080112 
665 0.084991 
666 -0.020116 
667 0.035790 
668 -0.034874 
669 0.073587 
670 -0.138134 
671 0.120204 
672 -0.105081 
673 0.024457 
674 0.070048 
675 -0.121248 
676 0.186611 
677 -0.146193 
678 0.111259 
679 -0.073752 
680 0.025649 
681 0.007911 
682 -0.059053 
683 0.102713 
684 -0.100788 
685 0.124416 
686 -0.071314 
687 0.028613 
688 0.037633 
689 -0.068861 
690 0.029549 
691 -0.018760 
692 -0.013877 
693 0.011820 
694 0.019704 
695 -0.031688 
696 0.064487 
697 -0.061113 
698 0.005878 
699 0.013926 
700 -0.074972 
701 0.063235 
702 -0.091646 
703 0.099850 
704 -0.070975 
705 0.064499 
706 -0.007056 
707 0.023290 
708 -0.014519 
709 0.049198 
710 -0.132104 
711 0.115575 
712 -0.148497 
713 0.006864 
714 0.137108 
715 -0.198346 
716 0.250737 
717 -0.114105 
718 -0.010760 
719 0.122286 
720 -0.202010 
721 0.119853 
722 -0.074172 
723 0.028060 
724 -0.085480 
725 0.163009 
726 -0.196616 
727 0.174719 
728 -0.006173 
729 -0.151227 
730 0.307159 
731 -0.339028 
732 0.227350 
733 -0.105586 
734 -0.033973 
735 0.044627 
736 -0.077979 
737 0.045014 
738 -0.104867 
739 0.135511 
740 -0.204549 
741 0.208133 
742 -0.100932 
743 -0.001911 
744 0.116567 
745 -0.134028 
746 0.058438 
747 -0.004772 
748 -0.065491 
749 0.066710 
750 0.000333 
751 -0.015323 
752 0.037309 
753 -0.009291 
754 -0.043715 
755 -0.016828 
756 0.048142 
757 -0.105647 
758 0.115453 
759 -0.041371 
760 -0.011913 
761 0.103046 
762 -0.092818 
763 -0.002940 
764 0.057310 
765 -0.142539 
766 0.058949 
767 -0.028982 
768 -0.011104 
769 -0.002099 
770 0.084816 
771 -0.085417 
772 0.081121 
773 0.047553 
774 -0.197806 
775 0.251919 
776 -0.237164 
777 0.086824 
778 0.022982 
779 -0.051750 
780 0.037846 
781 0.043844 
782 -0.026028 
783 -0.061966 
784 0.212325 
785 -0.350619 
786 0.294456 
787 -0.142437 
788 -0.074155 
789 0.249677 
790 -0.224650 
791 0.135057 
792 0.006609 
793 -0.100141 
794 0.040546 
795 -0.001622 
796 -0.040584 
797 -0.054082 
798 0.221042 
799 -0.260365 
800 0.294361 
801 -0.116049 
802 -0.024577 
803 0.090789 
804 -0.077411 
805 -0.094481 
806 0.152614 
807 -0.094483 
808 -0.066698 
809 0.280681 
810 -0.308134 
811 0.212064 
812 0.018988 
813 -0.193441 
814 0.184262 
815 -0.041111 
816 -0.190642 
817 0.278047 
818 -0.185305 
819 -0.006993 
820 0.193805 
821 -0.210955 
822 0.105198 
823 0.085953 
824 -0.164573 
825 0.096420 
826 0.090605 
827 -0.214479 
828 0.204772 
829 -0.011855 
830 -0.198706 
831 0.278100 
832 -0.227392 
833 -0.021084 
834 0.186326 
835 -0.242707 
836 0.150218 
837 0.058525 
838 -0.103378 
839 0.042126 
840 0.118225 
841 -0.223200 
842 0.178015 
843 -0.001032 
844 -0.226141 
845 0.349750 
846 -0.275372 
847 0.137335 
848 0.073621 
849 -0.084123 
850 0.038724 
851 0.049662 
852 -0.067225 
853 -0.024356 
854 0.120899 
855 -0.130013 
856 0.039764 
857 0.204774 
858 -0.350100 
859 0.328528 
860 -0.173530 
861 -0.097898 
862 0.176338 
863 -0.136699 
864 -0.033584 
865 0.211891 
866 -0.188004 
867 0.049439 
868 0.177573 
869 -0.257953 
870 0.141624 
871 0.092065 
872 -0.319916 
873 0.320754 
874 -0.168549 
875 -0.057493 
876 0.214028 
877 -0.130372 
878 -0.018699 
879 0.206335 
880 -0.165899 
881 -0.002348 
882 0.225379 
883 -0.315633 
884 0.171645 
885 0.078251 
886 -0.309358 
887 0.320860 
888 -0.139972 
889 -0.130573 
890 0.280049 
891 -0.257975 
892 0.046343 
893 0.141458 
894 -0.171050 
895 0.104971 
896 0.054262 
897 -0.082879 
898 -0.037174 
899 0.220450 
900 -0.335466 
901 0.230036 
902 0.015564 
903 -0.289694 
904 0.373241 
905 -0.266115 
906 0.016942 
907 0.201889 
908 -0.154065 
909 0.049646 
910 0.146317 
911 -0.194511 
912 -0.066431 
913 0.244212 
914 -0.472040 
915 0.411595 
916 -0.114753 
917 -0.136521 
918 0.306576 
919 -0.246842 
920 0.068874 
921 0.076390 
922 0.000212 
923 -0.131947 
924 0.303903 
925 -0.289096 
926 0.043128 
927 0.278931 
928 -0.358368 
929 0.269277 
930 -0.042372 
931 -0.405942 
932 0.286950 
933 -0.314797 
934 -0.058393 
935 0.414733 
936 -0.108127 
937 0.184341 
938 0.376789 
939 -0.328566 
940 0.128386 
941 -0.214220 
942 -0.402172 
943 0.042286 
944 -0.084676 
945 -0.088815 
946 0.343154 
947 0.012259 
948 -0.098915 
949 0.293244 
950 -0.198715 
951 0.014432 
952 0.238345 
953 -0.261005 
954 0.108057 
955 0.091477 
956 -0.226099 
957 0.109187 
958 0.088598 
959 -0.323527 
960 0.340371 
961 -0.132094 
962 -0.158259 
963 0.342724 
964 -0.302680 
965 0.043109 
966 0.192221 
967 -0.317427 
968 0.172216 
969 0.050444 
970 -0.240379 
971 0.223384 
972 0.009565 
973 -0.238552 
974 0.380444 
975 -0.270469 
976 0.057329 
977 0.139178 
978 -0.230158 
979 0.174359 
980 -0.056211 
981 0.018538 
982 -0.051956 
983 0.143443 
984 -0.167323 
985 0.033285 
986 0.100929 
987 -0.245148 
988 0.184875 
989 -0.016317 
990 -0.172653 
991 0.282208 
992 -0.219410 
993 0.027583 
994 0.089114 
995 -0.081568 
996 -0.081431 
997 0.262938 
998 -0.289024 
999 0.149298 
1000 0.100257 
1001 -0.350366 
1002 0.372855 
1003 -0.237556 
1004 -0.019059 
1005 0.153496 
1006 -0.144499 
1007 -0.013694 
1008 0.191171 
1009 -0.191354 
1010 0.093634 
1011 0.120767 
1012 -0.285183 
1013 0.230962 
1014 -0.091151 
1015 -0.159811 
1016 0.247267 
1017 -0.212585 
1018 0.093779 
1019 0.068890 
1020 -0.138835 
1021 0.114697 
1022 -0.047882 
1023 -0.002958 
