0 0.008611 
1 0.020545 
2 0.030228 
3 0.023004 
4 0.017124 
5 0.007215 
6 -0.004334 
7 -0.021382 
8 -0.028652 
9 -0.030473 
10 -0.016746 
11 -0.002715 
12 0.013628 
13 0.019780 
14 0.018468 
15 0.010756 
16 0.000410 
17 0.000640 
18 0.000926 
19 0.010254 
20 0.005836 
21 0.001993 
22 -0.006686 
23 -0.012000 
24 -0.022805 
25 -0.026496 
26 -0.027820 
27 -0.009263 
28 0.007533 
29 0.025921 
30 0.040144 
31 0.037094 
32 0.023132 
33 -0.000872 
34 -0.024763 
35 -0.038635 
36 -0.045179 
37 -0.032498 
38 -0.019878 
39 0.007193 
40 0.013776 
41 0.031819 
42 0.024687 
43 0.021573 
44 0.010342 
45 0.002033 
46 -0.011150 
47 -0.021086 
48 -0.027874 
49 -0.022966 
50 -0.019780 
51 -0.013582 
52 0.003923 
53 0.016731 
54 0.028266 
55 0.025603 
56 0.018139 
57 0.009650 
58 -0.013545 
59 -0.026798 
60 -0.028789 
61 -0.024751 
62 -0.008681 
63 -0.006360 
64 -0.002264 
65 -0.002208 
66 0.007641 
67 0.006399 
68 0.027544 
69 0.019210 
70 0.025857 
71 0.004460 
72 -0.001882 
73 -0.027757 
74 -0.019910 
75 -0.020987 
76 0.003212 
77 -0.004177 
78 0.016405 
79 0.010868 
80 0.009508 
81 -0.011016 
82 -0.010410 
83 -0.015550 
84 -0.003014 
85 0.003215 
86 0.015764 
87 0.024444 
88 0.016759 
89 0.010846 
90 -0.014250 
91 -0.017875 
92 -0.023403 
93 -0.004940 
94 -0.010143 
95 0.006899 
96 -0.002537 
97 0.019716 
98 0.023466 
99 0.043889 
100 0.040187 
101 0.026560 
102 -0.011701 
103 -0.044534 
104 -0.068982 
105 -0.065195 
106 -0.039653 
107 0.005425 
108 0.051094 
109 0.077925 
110 0.083438 
111 0.064943 
112 0.022032 
113 -0.041227 
114 -0.076201 
115 -0.086714 
116 -0.059711 
117 -0.039815 
118 0.016440 
119 0.029270 
120 0.035149 
121 0.008500 
122 0.016073 
123 0.007211 
124 0.028318 
125 0.004966 
126 0.015319 
127 -0.008988 
128 0.005847 
129 -0.014769 
130 0.008378 
131 -0.013569 
132 0.008282 
133 -0.019977 
134 -0.005475 
135 -0.021363 
136 -0.001647 
137 -0.005247 
138 0.014866 
139 0.012418 
140 0.030332 
141 0.018790 
142 0.010552 
143 -0.010408 
144 -0.015931 
145 -0.027339 
146 -0.022742 
147 -0.018656 
148 0.001727 
149 -0.005528 
150 0.011772 
151 0.002123 
152 0.022991 
153 0.008372 
154 0.024542 
155 0.006832 
156 0.010073 
157 -0.019018 
158 -0.019952 
159 -0.038261 
160 -0.035559 
161 -0.033523 
162 -0.014460 
163 0.002234 
164 0.018956 
165 0.040543 
166 0.041258 
167 0.037140 
168 0.001666 
169 -0.010176 
170 -0.031936 
171 -0.033533 
172 -0.045051 
173 -0.024277 
174 -0.020817 
175 0.001345 
176 0.003526 
177 0.023392 
178 0.027278 
179 0.028038 
180 0.016215 
181 0.007556 
182 -0.022165 
183 -0.033570 
184 -0.046483 
185 -0.039509 
186 -0.031611 
187 -0.005736 
188 0.017228 
189 0.037445 
190 0.031151 
191 0.030055 
192 0.004876 
193 -0.013446 
194 -0.029753 
195 -0.025787 
196 -0.023011 
197 -0.006210 
198 -0.003982 
199 0.012800 
200 0.009062 
201 0.014281 
202 0.003866 
203 0.002860 
204 -0.005881 
205 0.001287 
206 -0.013363 
207 -0.000156 
208 -0.016245 
209 -0.003589 
210 -0.015925 
211 0.002423 
212 -0.002218 
213 0.022159 
214 0.017734 
215 0.025269 
216 0.011389 
217 -0.003238 
218 -0.019962 
219 -0.037357 
220 -0.028695 
221 -0.015781 
222 0.013794 
223 0.025475 
224 0.051544 
225 0.036584 
226 0.036955 
227 -0.007005 
228 -0.017855 
229 -0.051023 
230 -0.039575 
231 -0.034481 
232 0.001126 
233 0.021339 
234 0.040845 
235 0.044531 
236 0.029158 
237 0.020830 
238 -0.007096 
239 -0.004539 
240 -0.022725 
241 -0.010401 
242 -0.022531 
243 0.005037 
244 -0.000925 
245 0.020725 
246 0.008387 
247 0.022654 
248 0.010960 
249 0.015837 
250 0.013946 
251 0.017126 
252 0.006729 
253 -0.000414 
254 -0.012846 
255 -0.022355 
256 -0.018058 
257 -0.012137 
258 0.013422 
259 0.022172 
260 0.042763 
261 0.034029 
262 0.023275 
263 -0.006433 
264 -0.014398 
265 -0.024048 
266 -0.007439 
267 0.000231 
268 0.010557 
269 0.014606 
270 0.006210 
271 0.005462 
272 -0.007120 
273 0.004307 
274 0.004173 
275 0.018360 
276 0.010779 
277 0.018552 
278 0.000314 
279 -0.000401 
280 -0.015220 
281 -0.006446 
282 -0.002428 
283 0.011452 
284 0.008025 
285 0.008152 
286 0.000241 
287 -0.002731 
288 -0.003588 
289 -0.005894 
290 0.006261 
291 0.004101 
292 0.019658 
293 0.014296 
294 0.029409 
295 0.006328 
296 0.004630 
297 -0.031703 
298 -0.021326 
299 -0.035627 
300 -0.005458 
301 -0.001407 
302 0.029730 
303 0.025629 
304 0.040585 
305 0.025505 
306 0.017504 
307 -0.005211 
308 -0.031222 
309 -0.039914 
310 -0.051839 
311 -0.028236 
312 -0.014632 
313 0.019802 
314 0.022370 
315 0.046621 
316 0.025149 
317 0.028679 
318 -0.010178 
319 -0.013802 
320 -0.035024 
321 -0.028984 
322 -0.035860 
323 -0.015329 
324 -0.011636 
325 0.003115 
326 0.008193 
327 0.013713 
328 0.020750 
329 0.014315 
330 0.014534 
331 -0.004801 
332 -0.017393 
333 -0.035827 
334 -0.035095 
335 -0.032106 
336 -0.006414 
337 0.011811 
338 0.026644 
339 0.029174 
340 0.010392 
341 -0.002535 
342 -0.028531 
343 -0.025989 
344 -0.029769 
345 -0.008493 
346 0.001617 
347 0.020455 
348 0.010280 
349 0.017021 
350 -0.001158 
351 0.000496 
352 -0.011391 
353 -0.007340 
354 -0.014634 
355 -0.009557 
356 -0.018007 
357 -0.016435 
358 -0.019439 
359 -0.003433 
360 0.013161 
361 0.032611 
362 0.037673 
363 0.024973 
364 -0.003831 
365 -0.041347 
366 -0.053029 
367 -0.059219 
368 -0.030067 
369 -0.011788 
370 0.024033 
371 0.029654 
372 0.043631 
373 0.022506 
374 0.017249 
375 -0.013540 
376 -0.014795 
377 -0.029512 
378 -0.017636 
379 -0.016859 
380 -0.008277 
381 -0.012888 
382 -0.007138 
383 -0.004521 
384 0.006476 
385 0.019014 
386 0.026072 
387 0.031205 
388 0.016017 
389 0.004062 
390 -0.015025 
391 -0.023410 
392 -0.030360 
393 -0.019326 
394 -0.008319 
395 0.013104 
396 0.017366 
397 0.020386 
398 0.010176 
399 -0.000696 
400 -0.007916 
401 -0.004720 
402 -0.000365 
403 0.007217 
404 0.002872 
405 0.004021 
406 -0.004348 
407 -0.004747 
408 -0.010150 
409 -0.003022 
410 -0.010385 
411 0.006680 
412 0.001211 
413 0.021363 
414 0.008836 
415 0.020796 
416 0.001939 
417 0.004657 
418 -0.018439 
419 -0.010863 
420 -0.025119 
421 -0.010239 
422 -0.007937 
423 0.009617 
424 0.011594 
425 0.018363 
426 0.009701 
427 0.007283 
428 -0.003706 
429 -0.002411 
430 -0.006511 
431 -0.006679 
432 -0.002648 
433 0.003445 
434 -0.003068 
435 -0.001302 
436 -0.008905 
437 0.000499 
438 -0.002478 
439 0.007768 
440 0.009363 
441 0.020404 
442 0.006073 
443 0.002455 
444 -0.017565 
445 -0.017428 
446 -0.019497 
447 -0.006061 
448 0.003526 
449 0.025551 
450 0.020762 
451 0.024304 
452 0.008330 
453 0.000304 
454 -0.010622 
455 -0.014162 
456 -0.013721 
457 -0.003743 
458 0.005649 
459 0.015545 
460 0.013612 
461 0.000178 
462 0.000020 
463 -0.009676 
464 -0.003935 
465 -0.004429 
466 0.004524 
467 0.000429 
468 0.002406 
469 -0.007225 
470 -0.001676 
471 -0.008649 
472 -0.001765 
473 -0.000829 
474 0.005318 
475 0.012802 
476 0.010821 
477 0.006036 
478 -0.007378 
479 -0.014671 
480 -0.024052 
481 -0.009254 
482 -0.006763 
483 0.017304 
484 0.012717 
485 0.026569 
486 0.007026 
487 0.012145 
488 -0.008374 
489 -0.008397 
490 -0.028117 
491 -0.018489 
492 -0.018263 
493 -0.011263 
494 -0.002140 
495 0.005513 
496 0.020419 
497 0.018305 
498 0.031482 
499 0.022563 
500 0.023008 
501 -0.003752 
502 -0.012722 
503 -0.032470 
504 -0.030194 
505 -0.030069 
506 -0.012812 
507 0.005966 
508 0.028703 
509 0.041169 
510 0.040823 
511 0.030101 
512 0.001245 
513 -0.014703 
514 -0.034111 
515 -0.031886 
516 -0.030147 
517 -0.012880 
518 -0.000614 
519 0.016637 
520 0.018935 
521 0.024909 
522 0.011721 
523 0.005766 
524 -0.002901 
525 -0.001882 
526 0.003359 
527 0.003694 
528 0.004312 
529 -0.008770 
530 -0.013941 
531 -0.029154 
532 -0.014877 
533 -0.018696 
534 0.009144 
535 0.013831 
536 0.040249 
537 0.036452 
538 0.038823 
539 0.006894 
540 -0.002739 
541 -0.035450 
542 -0.027470 
543 -0.033605 
544 -0.008020 
545 -0.000904 
546 0.016146 
547 0.013219 
548 0.026198 
549 0.022984 
550 0.021741 
551 0.010542 
552 -0.007453 
553 -0.010795 
554 -0.028154 
555 -0.017367 
556 -0.021740 
557 0.000695 
558 0.000824 
559 0.022936 
560 0.012579 
561 0.023482 
562 0.005440 
563 0.006685 
564 -0.008561 
565 -0.008237 
566 -0.013749 
567 -0.007263 
568 -0.007941 
569 -0.005555 
570 -0.004803 
571 -0.001981 
572 0.002880 
573 0.007605 
574 0.011003 
575 0.014563 
576 0.004058 
577 -0.003552 
578 -0.020490 
579 -0.022661 
580 -0.019453 
581 -0.003754 
582 0.012158 
583 0.032058 
584 0.033955 
585 0.022417 
586 -0.003842 
587 -0.026612 
588 -0.036601 
589 -0.038272 
590 -0.024030 
591 0.000181 
592 0.020679 
593 0.032076 
594 0.032966 
595 0.019800 
596 0.005491 
597 -0.011299 
598 -0.014426 
599 -0.007301 
600 -0.006857 
601 -0.004674 
602 -0.010542 
603 -0.013405 
604 -0.009835 
605 -0.002685 
606 0.006287 
607 0.015640 
608 0.017387 
609 0.020969 
610 0.015996 
611 0.004187 
612 -0.007281 
613 -0.022932 
614 -0.030596 
615 -0.035387 
616 -0.025619 
617 -0.012947 
618 0.010876 
619 0.020044 
620 0.038486 
621 0.032693 
622 0.027674 
623 0.002227 
624 -0.013645 
625 -0.037887 
626 -0.037901 
627 -0.035334 
628 -0.009567 
629 0.008328 
630 0.028717 
631 0.028251 
632 0.017844 
633 0.002085 
634 -0.004463 
635 -0.010607 
636 -0.005217 
637 0.004892 
638 0.008813 
639 0.008654 
640 -0.005859 
641 -0.018585 
642 -0.027796 
643 -0.018441 
644 -0.007923 
645 0.019027 
646 0.025560 
647 0.038072 
648 0.016268 
649 0.003278 
650 -0.026025 
651 -0.025768 
652 -0.029971 
653 -0.000594 
654 0.010552 
655 0.028104 
656 0.016826 
657 0.002773 
658 -0.014218 
659 -0.025695 
660 -0.015055 
661 -0.005236 
662 0.019796 
663 0.026069 
664 0.034955 
665 0.012939 
666 0.000293 
667 -0.039292 
668 -0.039179 
669 -0.042534 
670 -0.008532 
671 0.015166 
672 0.048107 
673 0.049881 
674 0.044619 
675 0.013624 
676 -0.007678 
677 -0.025793 
678 -0.035459 
679 -0.028306 
680 -0.025159 
681 -0.008627 
682 0.002951 
683 0.016321 
684 0.020934 
685 0.026163 
686 0.021253 
687 0.019715 
688 0.009221 
689 -0.004241 
690 -0.009493 
691 -0.027748 
692 -0.022125 
693 -0.026417 
694 -0.007319 
695 -0.000065 
696 0.021590 
697 0.023251 
698 0.036731 
699 0.018862 
700 0.012303 
701 -0.014246 
702 -0.023653 
703 -0.036409 
704 -0.026696 
705 -0.019980 
706 0.009506 
707 0.023386 
708 0.041075 
709 0.030510 
710 0.019543 
711 -0.012787 
712 -0.025331 
713 -0.039347 
714 -0.026744 
715 -0.018403 
716 0.003180 
717 0.019883 
718 0.026158 
719 0.026864 
720 0.011543 
721 0.000310 
722 -0.016320 
723 -0.014875 
724 -0.021939 
725 -0.010279 
726 -0.015983 
727 -0.002514 
728 -0.004323 
729 0.002648 
730 0.008087 
731 0.017264 
732 0.023890 
733 0.025942 
734 0.018599 
735 -0.002646 
736 -0.025198 
737 -0.050447 
738 -0.047727 
739 -0.037892 
740 -0.011197 
741 0.010154 
742 0.036444 
743 0.044665 
744 0.042049 
745 0.019949 
746 -0.000420 
747 -0.027475 
748 -0.040760 
749 -0.039813 
750 -0.026273 
751 -0.005765 
752 0.006438 
753 0.013555 
754 0.013638 
755 0.008090 
756 0.005089 
757 0.002544 
758 0.000364 
759 -0.000218 
760 0.001602 
761 -0.009629 
762 -0.008537 
763 -0.014423 
764 -0.008193 
765 -0.008080 
766 0.002630 
767 0.006377 
768 0.014393 
769 0.008766 
770 0.005122 
771 -0.007403 
772 -0.015593 
773 -0.019773 
774 -0.015768 
775 -0.010518 
776 0.001743 
777 0.002011 
778 0.010394 
779 0.003805 
780 0.003502 
781 -0.005468 
782 -0.006179 
783 -0.012943 
784 -0.000162 
785 0.002764 
786 0.016413 
787 0.010488 
788 0.013734 
789 0.008438 
790 0.001850 
791 -0.016163 
792 -0.022184 
793 -0.027777 
794 -0.024175 
795 -0.009028 
796 0.007907 
797 0.024847 
798 0.026833 
799 0.027809 
800 0.017556 
801 0.009979 
802 -0.011618 
803 -0.017541 
804 -0.031691 
805 -0.019265 
806 -0.016218 
807 0.011243 
808 0.017203 
809 0.026270 
810 0.021087 
811 0.016391 
812 0.000670 
813 -0.002653 
814 -0.016162 
815 -0.015388 
816 -0.013142 
817 -0.004606 
818 0.004686 
819 0.016901 
820 0.019906 
821 0.027644 
822 0.012181 
823 0.008358 
824 -0.004083 
825 -0.008242 
826 -0.016195 
827 -0.015673 
828 -0.017799 
829 -0.006156 
830 0.008165 
831 0.020602 
832 0.034596 
833 0.021064 
834 0.023624 
835 0.007198 
836 0.007068 
837 -0.013695 
838 -0.017165 
839 -0.031752 
840 -0.017856 
841 -0.007023 
842 0.030681 
843 0.047726 
844 0.046222 
845 0.027105 
846 0.005735 
847 -0.019296 
848 -0.032287 
849 -0.033486 
850 -0.021441 
851 -0.002750 
852 0.012142 
853 0.020239 
854 0.024057 
855 0.013970 
856 0.015314 
857 -0.000864 
858 0.014143 
859 0.001178 
860 0.010186 
861 -0.013278 
862 -0.002804 
863 -0.036406 
864 -0.022087 
865 -0.032757 
866 0.007570 
867 0.019648 
868 0.050525 
869 0.045524 
870 0.039054 
871 -0.001576 
872 -0.031270 
873 -0.062781 
874 -0.057362 
875 -0.035497 
876 -0.000461 
877 0.032302 
878 0.051998 
879 0.051195 
880 0.034500 
881 0.011021 
882 -0.020601 
883 -0.031909 
884 -0.041058 
885 -0.025517 
886 -0.014746 
887 0.009397 
888 0.013617 
889 0.018522 
890 0.000461 
891 0.006626 
892 -0.001513 
893 0.011403 
894 -0.001774 
895 0.006147 
896 0.001305 
897 0.009971 
898 -0.001967 
899 -0.012000 
900 -0.028623 
901 -0.031747 
902 -0.028773 
903 -0.008876 
904 0.019461 
905 0.030243 
906 0.031873 
907 0.015596 
908 -0.002250 
909 -0.026906 
910 -0.038418 
911 -0.038670 
912 -0.016930 
913 0.014789 
914 0.025119 
915 0.037649 
916 0.007546 
917 -0.000696 
918 -0.036911 
919 -0.025236 
920 -0.028230 
921 0.013612 
922 0.014616 
923 0.030123 
924 -0.000054 
925 -0.014872 
926 -0.031941 
927 -0.037767 
928 -0.022974 
929 -0.011515 
930 0.021501 
931 0.025003 
932 0.044404 
933 0.012205 
934 0.013609 
935 -0.035975 
936 -0.019345 
937 -0.042057 
938 0.001350 
939 -0.008605 
940 0.024000 
941 -0.004193 
942 0.015043 
943 -0.013413 
944 0.003916 
945 -0.011205 
946 0.006923 
947 0.003821 
948 0.017075 
949 0.011302 
950 0.007290 
951 -0.008706 
952 -0.018237 
953 -0.017754 
954 -0.019461 
955 0.000028 
956 0.007245 
957 0.024650 
958 0.020149 
959 0.009066 
960 -0.006971 
961 -0.011478 
962 -0.024457 
963 -0.018310 
964 -0.012588 
965 0.007275 
966 0.008880 
967 0.014737 
968 0.004154 
969 0.006811 
970 -0.003504 
971 0.004299 
972 0.002454 
973 -0.000092 
974 0.002144 
975 -0.005552 
976 0.002610 
977 -0.008526 
978 0.002308 
979 -0.005705 
980 0.011478 
981 0.005661 
982 0.029848 
983 0.017823 
984 0.018593 
985 -0.007542 
986 -0.016173 
987 -0.022613 
988 -0.014882 
989 -0.005972 
990 0.012525 
991 0.023629 
992 0.020753 
993 0.021008 
994 0.003886 
995 -0.002019 
996 -0.015503 
997 -0.006503 
998 -0.010206 
999 0.000678 
1000 0.000369 
1001 0.013664 
1002 0.008044 
1003 0.019148 
1004 0.011743 
1005 0.015547 
1006 0.012050 
1007 0.008593 
1008 -0.008068 
1009 -0.021388 
1010 -0.037407 
1011 -0.039760 
1012 -0.022232 
1013 -0.001177 
1014 0.031201 
1015 0.039375 
1016 0.046001 
1017 0.026432 
1018 0.003713 
1019 -0.030343 
1020 -0.039568 
1021 -0.042004 
1022 -0.024673 
1023 -0.015698 
