0 0.000364 
1 0.000410 
2 0.000431 
3 0.000330 
4 0.000151 
5 0.000024 
6 -0.000011 
7 -0.000055 
8 -0.000174 
9 -0.000301 
10 -0.000344 
11 -0.000295 
12 -0.000216 
13 -0.000153 
14 -0.000090 
15 -0.000036 
16 0.000034 
17 0.000134 
18 0.000200 
19 0.000169 
20 0.000035 
21 -0.000127 
22 -0.000224 
23 -0.000274 
24 -0.000368 
25 -0.000495 
26 -0.000550 
27 -0.000472 
28 -0.000321 
29 -0.000164 
30 -0.000036 
31 0.000084 
32 0.000218 
33 0.000309 
34 0.000274 
35 0.000144 
36 0.000004 
37 -0.000126 
38 -0.000264 
39 -0.000393 
40 -0.000472 
41 -0.000499 
42 -0.000463 
43 -0.000341 
44 -0.000157 
45 0.000020 
46 0.000125 
47 0.000200 
48 0.000310 
49 0.000419 
50 0.000418 
51 0.000277 
52 0.000097 
53 -0.000029 
54 -0.000092 
55 -0.000195 
56 -0.000358 
57 -0.000436 
58 -0.000354 
59 -0.000182 
60 0.000010 
61 0.000191 
62 0.000334 
63 0.000464 
64 0.000619 
65 0.000763 
66 0.000781 
67 0.000655 
68 0.000529 
69 0.000468 
70 0.000411 
71 0.000298 
72 0.000132 
73 0.000022 
74 0.000064 
75 0.000204 
76 0.000330 
77 0.000442 
78 0.000603 
79 0.000812 
80 0.001027 
81 0.001160 
82 0.001151 
83 0.000990 
84 0.000755 
85 0.000537 
86 0.000385 
87 0.000200 
88 -0.000023 
89 -0.000197 
90 -0.000175 
91 0.000034 
92 0.000264 
93 0.000370 
94 0.000418 
95 0.000570 
96 0.000806 
97 0.000891 
98 0.000724 
99 0.000441 
100 0.000214 
101 0.000015 
102 -0.000275 
103 -0.000655 
104 -0.000948 
105 -0.001062 
106 -0.001026 
107 -0.000862 
108 -0.000622 
109 -0.000345 
110 -0.000143 
111 0.000049 
112 0.000294 
113 0.000426 
114 0.000259 
115 -0.000099 
116 -0.000361 
117 -0.000523 
118 -0.000743 
119 -0.001056 
120 -0.001284 
121 -0.001306 
122 -0.001099 
123 -0.000761 
124 -0.000436 
125 -0.000129 
126 0.000196 
127 0.000572 
128 0.000920 
129 0.001050 
130 0.000856 
131 0.000563 
132 0.000386 
133 0.000319 
134 0.000174 
135 -0.000102 
136 -0.000301 
137 -0.000214 
138 0.000027 
139 0.000272 
140 0.000508 
141 0.000719 
142 0.000860 
143 0.001052 
144 0.001344 
145 0.001550 
146 0.001475 
147 0.001152 
148 0.000836 
149 0.000726 
150 0.000653 
151 0.000455 
152 0.000116 
153 -0.000145 
154 -0.000081 
155 0.000241 
156 0.000518 
157 0.000539 
158 0.000578 
159 0.000874 
160 0.001248 
161 0.001330 
162 0.001106 
163 0.000888 
164 0.000753 
165 0.000485 
166 0.000054 
167 -0.000441 
168 -0.000829 
169 -0.001076 
170 -0.001181 
171 -0.001086 
172 -0.000799 
173 -0.000368 
174 0.000073 
175 0.000559 
176 0.000991 
177 0.001092 
178 0.000795 
179 0.000324 
180 -0.000024 
181 -0.000394 
182 -0.001059 
183 -0.001884 
184 -0.002340 
185 -0.002244 
186 -0.001921 
187 -0.001646 
188 -0.001439 
189 -0.001170 
190 -0.000720 
191 -0.000159 
192 0.000229 
193 0.000167 
194 -0.000279 
195 -0.000731 
196 -0.000984 
197 -0.001257 
198 -0.001763 
199 -0.002516 
200 -0.003102 
201 -0.003156 
202 -0.002742 
203 -0.002388 
204 -0.002211 
205 -0.001967 
206 -0.001373 
207 -0.000757 
208 -0.000434 
209 -0.000475 
210 -0.000709 
211 -0.000992 
212 -0.001270 
213 -0.001533 
214 -0.001786 
215 -0.002030 
216 -0.002071 
217 -0.001931 
218 -0.001613 
219 -0.001173 
220 -0.000728 
221 -0.000434 
222 -0.000042 
223 0.000646 
224 0.001213 
225 0.001293 
226 0.001139 
227 0.001243 
228 0.001601 
229 0.001600 
230 0.000973 
231 0.000252 
232 0.000093 
233 0.000220 
234 0.000411 
235 0.000550 
236 0.000717 
237 0.001186 
238 0.002041 
239 0.003059 
240 0.003776 
241 0.003862 
242 0.003585 
243 0.003442 
244 0.003340 
245 0.002643 
246 0.001580 
247 0.000626 
248 0.000040 
249 -0.000302 
250 -0.000541 
251 -0.000623 
252 -0.000316 
253 0.000408 
254 0.001269 
255 0.002175 
256 0.002749 
257 0.002694 
258 0.002137 
259 0.001589 
260 0.001167 
261 0.000243 
262 -0.001337 
263 -0.002739 
264 -0.003317 
265 -0.003343 
266 -0.003192 
267 -0.002869 
268 -0.002515 
269 -0.002047 
270 -0.001127 
271 -0.000005 
272 0.000556 
273 0.000299 
274 -0.000189 
275 -0.000462 
276 -0.000810 
277 -0.001706 
278 -0.002782 
279 -0.003573 
280 -0.003947 
281 -0.004121 
282 -0.004169 
283 -0.003834 
284 -0.003040 
285 -0.002107 
286 -0.001151 
287 -0.000190 
288 0.000561 
289 0.000643 
290 0.000273 
291 -0.000126 
292 -0.000457 
293 -0.001329 
294 -0.002802 
295 -0.004025 
296 -0.004395 
297 -0.004122 
298 -0.003851 
299 -0.003724 
300 -0.003306 
301 -0.002075 
302 -0.000311 
303 0.001090 
304 0.001678 
305 0.001740 
306 0.001749 
307 0.001592 
308 0.001000 
309 -0.000205 
310 -0.001733 
311 -0.002923 
312 -0.003503 
313 -0.003443 
314 -0.002755 
315 -0.002102 
316 -0.001503 
317 -0.000171 
318 0.001816 
319 0.003292 
320 0.003464 
321 0.002943 
322 0.002865 
323 0.003325 
324 0.003041 
325 0.001624 
326 0.000100 
327 -0.000469 
328 -0.000224 
329 0.000343 
330 0.000457 
331 0.000372 
332 0.000873 
333 0.002190 
334 0.003841 
335 0.005141 
336 0.005435 
337 0.005046 
338 0.004630 
339 0.004541 
340 0.004255 
341 0.002954 
342 0.001183 
343 0.000133 
344 -0.000103 
345 -0.000205 
346 -0.000432 
347 -0.000452 
348 -0.000030 
349 0.000790 
350 0.001511 
351 0.001808 
352 0.001928 
353 0.001985 
354 0.001862 
355 0.001559 
356 0.000830 
357 -0.000604 
358 -0.002228 
359 -0.003251 
360 -0.003767 
361 -0.004326 
362 -0.005341 
363 -0.006113 
364 -0.005461 
365 -0.003520 
366 -0.001722 
367 -0.000922 
368 -0.000372 
369 0.000573 
370 0.001426 
371 0.001405 
372 0.000136 
373 -0.001788 
374 -0.003335 
375 -0.004609 
376 -0.005601 
377 -0.006047 
378 -0.005894 
379 -0.005428 
380 -0.004184 
381 -0.001976 
382 0.000669 
383 0.002462 
384 0.003085 
385 0.003370 
386 0.004007 
387 0.004122 
388 0.002533 
389 0.000110 
390 -0.001365 
391 -0.001659 
392 -0.001857 
393 -0.002168 
394 -0.001659 
395 -0.000493 
396 0.000781 
397 0.002383 
398 0.004355 
399 0.005506 
400 0.005337 
401 0.004805 
402 0.004797 
403 0.004900 
404 0.003756 
405 0.001543 
406 0.000008 
407 -0.000052 
408 0.000141 
409 -0.000522 
410 -0.001266 
411 -0.000666 
412 0.001084 
413 0.002390 
414 0.002992 
415 0.003482 
416 0.003937 
417 0.003900 
418 0.003167 
419 0.002332 
420 0.001401 
421 0.000266 
422 -0.000928 
423 -0.001766 
424 -0.001983 
425 -0.001822 
426 -0.001923 
427 -0.002180 
428 -0.001556 
429 0.000239 
430 0.001549 
431 0.001425 
432 0.001286 
433 0.001972 
434 0.002586 
435 0.001986 
436 0.000263 
437 -0.001508 
438 -0.002226 
439 -0.002671 
440 -0.003556 
441 -0.004759 
442 -0.005541 
443 -0.005343 
444 -0.004286 
445 -0.002826 
446 -0.001674 
447 -0.001349 
448 -0.001270 
449 -0.000445 
450 0.000606 
451 0.000344 
452 -0.001352 
453 -0.003223 
454 -0.004465 
455 -0.005287 
456 -0.006261 
457 -0.007333 
458 -0.007834 
459 -0.007422 
460 -0.006207 
461 -0.004576 
462 -0.002949 
463 -0.001937 
464 -0.001208 
465 -0.000243 
466 0.000845 
467 0.000822 
468 -0.000734 
469 -0.002795 
470 -0.003873 
471 -0.003941 
472 -0.004388 
473 -0.005368 
474 -0.005781 
475 -0.004493 
476 -0.001773 
477 0.000880 
478 0.002288 
479 0.003099 
480 0.004355 
481 0.005486 
482 0.005494 
483 0.004543 
484 0.003311 
485 0.002073 
486 0.000986 
487 0.000400 
488 0.000334 
489 0.000568 
490 0.001002 
491 0.002243 
492 0.004260 
493 0.006240 
494 0.007374 
495 0.007767 
496 0.008389 
497 0.009445 
498 0.009635 
499 0.007926 
500 0.005682 
501 0.004543 
502 0.003812 
503 0.002556 
504 0.001147 
505 0.000423 
506 0.000447 
507 0.001199 
508 0.002387 
509 0.003796 
510 0.004783 
511 0.004847 
512 0.004979 
513 0.005549 
514 0.005817 
515 0.004570 
516 0.002342 
517 0.000768 
518 0.000347 
519 -0.000203 
520 -0.001682 
521 -0.003264 
522 -0.003791 
523 -0.003195 
524 -0.002222 
525 -0.001449 
526 -0.000670 
527 0.000002 
528 0.000873 
529 0.002079 
530 0.002866 
531 0.002470 
532 0.000852 
533 -0.001079 
534 -0.002228 
535 -0.002798 
536 -0.003893 
537 -0.005338 
538 -0.005942 
539 -0.005014 
540 -0.003263 
541 -0.001468 
542 -0.000029 
543 0.001321 
544 0.002812 
545 0.003798 
546 0.003387 
547 0.001933 
548 0.000391 
549 -0.001012 
550 -0.002501 
551 -0.003855 
552 -0.004667 
553 -0.004906 
554 -0.004487 
555 -0.003204 
556 -0.001307 
557 0.000482 
558 0.001517 
559 0.002243 
560 0.003299 
561 0.004327 
562 0.004282 
563 0.002884 
564 0.001143 
565 -0.000057 
566 -0.000650 
567 -0.001594 
568 -0.003056 
569 -0.003726 
570 -0.002953 
571 -0.001403 
572 0.000296 
573 0.001849 
574 0.003056 
575 0.004113 
576 0.005360 
577 0.006474 
578 0.006545 
579 0.005437 
580 0.004351 
581 0.003824 
582 0.003331 
583 0.002434 
584 0.001125 
585 0.000282 
586 0.000597 
587 0.001617 
588 0.002522 
589 0.003302 
590 0.004413 
591 0.005837 
592 0.007268 
593 0.008087 
594 0.007923 
595 0.006742 
596 0.005089 
597 0.003579 
598 0.002539 
599 0.001307 
600 -0.000147 
601 -0.001264 
602 -0.001124 
603 0.000166 
604 0.001555 
605 0.002175 
606 0.002433 
607 0.003303 
608 0.004641 
609 0.005072 
610 0.004055 
611 0.002395 
612 0.001085 
613 -0.000033 
614 -0.001634 
615 -0.003670 
616 -0.005199 
617 -0.005751 
618 -0.005497 
619 -0.004585 
620 -0.003301 
621 -0.001869 
622 -0.000848 
623 0.000097 
624 0.001270 
625 0.001884 
626 0.001059 
627 -0.000646 
628 -0.001862 
629 -0.002591 
630 -0.003565 
631 -0.004921 
632 -0.005862 
633 -0.005885 
634 -0.004919 
635 -0.003415 
636 -0.002005 
637 -0.000700 
638 0.000633 
639 0.002143 
640 0.003510 
641 0.003977 
642 0.003170 
643 0.001991 
644 0.001293 
645 0.001028 
646 0.000472 
647 -0.000551 
648 -0.001265 
649 -0.000940 
650 -0.000060 
651 0.000801 
652 0.001622 
653 0.002335 
654 0.002791 
655 0.003409 
656 0.004355 
657 0.004993 
658 0.004695 
659 0.003604 
660 0.002558 
661 0.002181 
662 0.001928 
663 0.001297 
664 0.000255 
665 -0.000537 
666 -0.000338 
667 0.000621 
668 0.001430 
669 0.001485 
670 0.001587 
671 0.002415 
672 0.003437 
673 0.003635 
674 0.002994 
675 0.002378 
676 0.001994 
677 0.001260 
678 0.000124 
679 -0.001150 
680 -0.002117 
681 -0.002711 
682 -0.002937 
683 -0.002668 
684 -0.001934 
685 -0.000866 
686 0.000204 
687 0.001360 
688 0.002362 
689 0.002574 
690 0.001880 
691 0.000795 
692 0.000006 
693 -0.000815 
694 -0.002261 
695 -0.004019 
696 -0.004943 
697 -0.004684 
698 -0.003956 
699 -0.003349 
700 -0.002886 
701 -0.002303 
702 -0.001365 
703 -0.000230 
704 0.000534 
705 0.000404 
706 -0.000457 
707 -0.001313 
708 -0.001770 
709 -0.002256 
710 -0.003154 
711 -0.004486 
712 -0.005488 
713 -0.005524 
714 -0.004738 
715 -0.004066 
716 -0.003717 
717 -0.003263 
718 -0.002225 
719 -0.001172 
720 -0.000623 
721 -0.000683 
722 -0.001045 
723 -0.001477 
724 -0.001899 
725 -0.002286 
726 -0.002659 
727 -0.003003 
728 -0.003039 
729 -0.002800 
730 -0.002300 
731 -0.001625 
732 -0.000960 
733 -0.000521 
734 0.000048 
735 0.001016 
736 0.001794 
737 0.001889 
738 0.001665 
739 0.001792 
740 0.002258 
741 0.002238 
742 0.001397 
743 0.000452 
744 0.000238 
745 0.000392 
746 0.000628 
747 0.000796 
748 0.000991 
749 0.001553 
750 0.002561 
751 0.003745 
752 0.004556 
753 0.004609 
754 0.004251 
755 0.004046 
756 0.003888 
757 0.003072 
758 0.001859 
759 0.000792 
760 0.000147 
761 -0.000222 
762 -0.000475 
763 -0.000554 
764 -0.000230 
765 0.000519 
766 0.001395 
767 0.002298 
768 0.002847 
769 0.002762 
770 0.002185 
771 0.001627 
772 0.001202 
773 0.000311 
774 -0.001172 
775 -0.002459 
776 -0.002964 
777 -0.002954 
778 -0.002787 
779 -0.002469 
780 -0.002132 
781 -0.001709 
782 -0.000904 
783 0.000054 
784 0.000522 
785 0.000298 
786 -0.000110 
787 -0.000331 
788 -0.000615 
789 -0.001326 
790 -0.002167 
791 -0.002765 
792 -0.003028 
793 -0.003129 
794 -0.003138 
795 -0.002854 
796 -0.002236 
797 -0.001525 
798 -0.000813 
799 -0.000113 
800 0.000422 
801 0.000474 
802 0.000203 
803 -0.000079 
804 -0.000309 
805 -0.000897 
806 -0.001874 
807 -0.002663 
808 -0.002879 
809 -0.002671 
810 -0.002468 
811 -0.002362 
812 -0.002072 
813 -0.001287 
814 -0.000195 
815 0.000655 
816 0.000996 
817 0.001021 
818 0.001014 
819 0.000914 
820 0.000565 
821 -0.000128 
822 -0.000991 
823 -0.001641 
824 -0.001941 
825 -0.001884 
826 -0.001491 
827 -0.001124 
828 -0.000794 
829 -0.000091 
830 0.000937 
831 0.001679 
832 0.001747 
833 0.001469 
834 0.001411 
835 0.001616 
836 0.001456 
837 0.000760 
838 0.000035 
839 -0.000226 
840 -0.000108 
841 0.000158 
842 0.000209 
843 0.000168 
844 0.000388 
845 0.000960 
846 0.001664 
847 0.002205 
848 0.002307 
849 0.002118 
850 0.001920 
851 0.001860 
852 0.001724 
853 0.001182 
854 0.000469 
855 0.000053 
856 -0.000039 
857 -0.000074 
858 -0.000156 
859 -0.000159 
860 0.000000 
861 0.000304 
862 0.000563 
863 0.000666 
864 0.000701 
865 0.000714 
866 0.000663 
867 0.000554 
868 0.000301 
869 -0.000182 
870 -0.000716 
871 -0.001041 
872 -0.001194 
873 -0.001357 
874 -0.001662 
875 -0.001884 
876 -0.001659 
877 -0.001046 
878 -0.000490 
879 -0.000246 
880 -0.000080 
881 0.000201 
882 0.000448 
883 0.000441 
884 0.000081 
885 -0.000454 
886 -0.000874 
887 -0.001211 
888 -0.001466 
889 -0.001568 
890 -0.001508 
891 -0.001367 
892 -0.001028 
893 -0.000452 
894 0.000221 
895 0.000669 
896 0.000817 
897 0.000878 
898 0.001021 
899 0.001036 
900 0.000653 
901 0.000083 
902 -0.000253 
903 -0.000315 
904 -0.000356 
905 -0.000420 
906 -0.000304 
907 -0.000046 
908 0.000228 
909 0.000564 
910 0.000969 
911 0.001197 
912 0.001149 
913 0.001031 
914 0.001020 
915 0.001030 
916 0.000797 
917 0.000362 
918 0.000067 
919 0.000055 
920 0.000092 
921 -0.000031 
922 -0.000164 
923 -0.000052 
924 0.000259 
925 0.000486 
926 0.000585 
927 0.000662 
928 0.000732 
929 0.000716 
930 0.000587 
931 0.000443 
932 0.000287 
933 0.000103 
934 -0.000084 
935 -0.000212 
936 -0.000242 
937 -0.000215 
938 -0.000229 
939 -0.000264 
940 -0.000170 
941 0.000091 
942 0.000278 
943 0.000255 
944 0.000232 
945 0.000325 
946 0.000406 
947 0.000320 
948 0.000086 
949 -0.000151 
950 -0.000243 
951 -0.000300 
952 -0.000412 
953 -0.000562 
954 -0.000658 
955 -0.000629 
956 -0.000494 
957 -0.000312 
958 -0.000169 
959 -0.000129 
960 -0.000117 
961 -0.000019 
962 0.000102 
963 0.000071 
964 -0.000123 
965 -0.000333 
966 -0.000470 
967 -0.000557 
968 -0.000661 
969 -0.000771 
970 -0.000819 
971 -0.000768 
972 -0.000634 
973 -0.000459 
974 -0.000288 
975 -0.000181 
976 -0.000106 
977 -0.000008 
978 0.000101 
979 0.000097 
980 -0.000058 
981 -0.000259 
982 -0.000363 
983 -0.000368 
984 -0.000407 
985 -0.000495 
986 -0.000529 
987 -0.000406 
988 -0.000154 
989 0.000088 
990 0.000213 
991 0.000283 
992 0.000392 
993 0.000488 
994 0.000485 
995 0.000399 
996 0.000289 
997 0.000180 
998 0.000085 
999 0.000033 
1000 0.000027 
1001 0.000046 
1002 0.000082 
1003 0.000185 
1004 0.000353 
1005 0.000515 
1006 0.000607 
1007 0.000637 
1008 0.000687 
1009 0.000770 
1010 0.000783 
1011 0.000641 
1012 0.000456 
1013 0.000362 
1014 0.000302 
1015 0.000200 
1016 0.000087 
1017 0.000030 
1018 0.000032 
1019 0.000092 
1020 0.000187 
1021 0.000299 
1022 0.000378 
1023 0.000384 
