0 -0.000956 
1 -0.000907 
2 -0.001025 
3 -0.001261 
4 -0.001287 
5 -0.000924 
6 -0.000396 
7 -0.000168 
8 -0.000325 
9 -0.000589 
10 -0.000794 
11 -0.000891 
12 -0.000752 
13 -0.000568 
14 -0.000728 
15 -0.001315 
16 -0.001771 
17 -0.001535 
18 -0.000788 
19 -0.000226 
20 -0.000199 
21 -0.000567 
22 -0.000998 
23 -0.001221 
24 -0.000989 
25 -0.000487 
26 -0.000368 
27 -0.000764 
28 -0.001155 
29 -0.001161 
30 -0.000839 
31 -0.000444 
32 -0.000186 
33 -0.000200 
34 -0.000518 
35 -0.000882 
36 -0.000852 
37 -0.000444 
38 -0.000101 
39 0.000017 
40 -0.000073 
41 -0.000248 
42 -0.000312 
43 -0.000244 
44 -0.000185 
45 -0.000108 
46 -0.000012 
47 0.000099 
48 0.000265 
49 0.000475 
50 0.000589 
51 0.000500 
52 0.000388 
53 0.000402 
54 0.000573 
55 0.000793 
56 0.000754 
57 0.000374 
58 -0.000028 
59 -0.000187 
60 0.000006 
61 0.000628 
62 0.001241 
63 0.001510 
64 0.001519 
65 0.001258 
66 0.000735 
67 0.000367 
68 0.000316 
69 0.000304 
70 0.000195 
71 0.000220 
72 0.000426 
73 0.000583 
74 0.000581 
75 0.000580 
76 0.000581 
77 0.000430 
78 0.000217 
79 0.000370 
80 0.000869 
81 0.001169 
82 0.001035 
83 0.000812 
84 0.000768 
85 0.000617 
86 0.000137 
87 -0.000130 
88 0.000224 
89 0.000624 
90 0.000698 
91 0.000763 
92 0.000941 
93 0.000963 
94 0.001034 
95 0.001412 
96 0.001624 
97 0.001263 
98 0.000698 
99 0.000580 
100 0.001016 
101 0.001655 
102 0.002017 
103 0.001834 
104 0.001319 
105 0.000835 
106 0.000451 
107 0.000325 
108 0.000542 
109 0.000780 
110 0.000832 
111 0.000957 
112 0.001273 
113 0.001534 
114 0.001918 
115 0.002483 
116 0.002702 
117 0.002397 
118 0.001869 
119 0.001404 
120 0.001055 
121 0.000907 
122 0.001227 
123 0.001751 
124 0.001591 
125 0.000842 
126 0.000579 
127 0.001394 
128 0.002706 
129 0.003695 
130 0.003932 
131 0.003318 
132 0.001793 
133 0.000308 
134 0.000113 
135 0.001160 
136 0.002258 
137 0.002613 
138 0.002331 
139 0.001939 
140 0.001619 
141 0.001525 
142 0.002064 
143 0.002939 
144 0.003351 
145 0.003045 
146 0.002214 
147 0.001504 
148 0.001458 
149 0.001537 
150 0.000919 
151 -0.000085 
152 -0.000748 
153 -0.000720 
154 -0.000132 
155 0.000471 
156 0.000911 
157 0.001148 
158 0.000964 
159 0.000314 
160 -0.000298 
161 -0.000607 
162 -0.000790 
163 -0.000876 
164 -0.001038 
165 -0.002127 
166 -0.004116 
167 -0.005701 
168 -0.006027 
169 -0.004999 
170 -0.003445 
171 -0.002738 
172 -0.003297 
173 -0.004323 
174 -0.004730 
175 -0.003936 
176 -0.002826 
177 -0.002720 
178 -0.003640 
179 -0.005005 
180 -0.006281 
181 -0.006748 
182 -0.006098 
183 -0.005212 
184 -0.005170 
185 -0.005945 
186 -0.006456 
187 -0.006089 
188 -0.005536 
189 -0.005046 
190 -0.004358 
191 -0.003922 
192 -0.004252 
193 -0.004482 
194 -0.003931 
195 -0.002949 
196 -0.002316 
197 -0.002523 
198 -0.003305 
199 -0.004367 
200 -0.005302 
201 -0.005736 
202 -0.005213 
203 -0.004257 
204 -0.003549 
205 -0.002913 
206 -0.002365 
207 -0.002230 
208 -0.002181 
209 -0.002115 
210 -0.002294 
211 -0.002102 
212 -0.001569 
213 -0.001730 
214 -0.002789 
215 -0.003696 
216 -0.003916 
217 -0.003806 
218 -0.003646 
219 -0.003251 
220 -0.002426 
221 -0.001283 
222 -0.000755 
223 -0.000626 
224 0.000250 
225 0.001493 
226 0.002154 
227 0.001346 
228 -0.001318 
229 -0.004574 
230 -0.006018 
231 -0.004723 
232 -0.001771 
233 0.000935 
234 0.001794 
235 0.001201 
236 0.000689 
237 0.001073 
238 0.001935 
239 0.003057 
240 0.003815 
241 0.003005 
242 0.001255 
243 0.000086 
244 0.000221 
245 0.001413 
246 0.002423 
247 0.002141 
248 0.000894 
249 -0.000951 
250 -0.002218 
251 -0.000462 
252 0.003289 
253 0.005649 
254 0.006172 
255 0.005954 
256 0.005416 
257 0.005234 
258 0.005410 
259 0.005150 
260 0.003712 
261 0.000725 
262 -0.002082 
263 -0.002510 
264 -0.001141 
265 -0.000366 
266 -0.000526 
267 -0.000370 
268 0.000631 
269 0.002147 
270 0.003877 
271 0.005848 
272 0.007187 
273 0.006578 
274 0.004542 
275 0.002771 
276 0.002348 
277 0.002737 
278 0.002661 
279 0.001729 
280 0.000769 
281 -0.000535 
282 -0.002276 
283 -0.002014 
284 0.001645 
285 0.007214 
286 0.011076 
287 0.011096 
288 0.009259 
289 0.008179 
290 0.008198 
291 0.007998 
292 0.007966 
293 0.007295 
294 0.005053 
295 0.002518 
296 0.001935 
297 0.003654 
298 0.005889 
299 0.007258 
300 0.008181 
301 0.009925 
302 0.012142 
303 0.013091 
304 0.011685 
305 0.009074 
306 0.007101 
307 0.006739 
308 0.006750 
309 0.005863 
310 0.003457 
311 0.000393 
312 -0.001607 
313 -0.000531 
314 0.004364 
315 0.010041 
316 0.012066 
317 0.009679 
318 0.006137 
319 0.004071 
320 0.004172 
321 0.005867 
322 0.005697 
323 0.000852 
324 -0.006506 
325 -0.011102 
326 -0.009770 
327 -0.004541 
328 0.000510 
329 0.002494 
330 0.001361 
331 -0.000844 
332 -0.001279 
333 0.000831 
334 0.003356 
335 0.003221 
336 -0.001157 
337 -0.007085 
338 -0.011521 
339 -0.013661 
340 -0.013885 
341 -0.012826 
342 -0.011604 
343 -0.010333 
344 -0.008685 
345 -0.006430 
346 -0.004194 
347 -0.003681 
348 -0.005443 
349 -0.008153 
350 -0.010233 
351 -0.011393 
352 -0.011849 
353 -0.011942 
354 -0.012994 
355 -0.014964 
356 -0.016232 
357 -0.015937 
358 -0.013706 
359 -0.010610 
360 -0.009102 
361 -0.009958 
362 -0.011678 
363 -0.012181 
364 -0.011222 
365 -0.010754 
366 -0.011754 
367 -0.013062 
368 -0.013366 
369 -0.011560 
370 -0.007871 
371 -0.004478 
372 -0.004380 
373 -0.006810 
374 -0.008505 
375 -0.008897 
376 -0.008561 
377 -0.007642 
378 -0.005720 
379 -0.003296 
380 -0.002847 
381 -0.004811 
382 -0.006371 
383 -0.005042 
384 -0.000954 
385 0.003400 
386 0.004564 
387 0.001981 
388 -0.002775 
389 -0.005818 
390 -0.004236 
391 -0.001120 
392 0.001023 
393 0.002027 
394 0.000850 
395 -0.002185 
396 -0.003634 
397 -0.002689 
398 0.000014 
399 0.002860 
400 0.003998 
401 0.003004 
402 0.001561 
403 0.001048 
404 0.001464 
405 0.001792 
406 0.002145 
407 0.002100 
408 0.000521 
409 -0.001359 
410 -0.002065 
411 -0.000715 
412 0.003142 
413 0.006452 
414 0.006808 
415 0.005160 
416 0.003446 
417 0.003784 
418 0.006851 
419 0.009936 
420 0.009220 
421 0.005506 
422 0.001212 
423 -0.001561 
424 -0.001400 
425 0.001284 
426 0.004864 
427 0.006811 
428 0.006175 
429 0.005617 
430 0.007271 
431 0.010124 
432 0.013525 
433 0.015535 
434 0.014101 
435 0.008390 
436 0.001405 
437 -0.003263 
438 -0.003193 
439 -0.000012 
440 0.002039 
441 0.002129 
442 0.002632 
443 0.005127 
444 0.008794 
445 0.012235 
446 0.014297 
447 0.013696 
448 0.010609 
449 0.006960 
450 0.005357 
451 0.005558 
452 0.004456 
453 -0.000015 
454 -0.005436 
455 -0.006217 
456 -0.000702 
457 0.007521 
458 0.013412 
459 0.014890 
460 0.014020 
461 0.013844 
462 0.015430 
463 0.016294 
464 0.014848 
465 0.011103 
466 0.006644 
467 0.004951 
468 0.008471 
469 0.013538 
470 0.015141 
471 0.014165 
472 0.013381 
473 0.012719 
474 0.013197 
475 0.017072 
476 0.021369 
477 0.020861 
478 0.016237 
479 0.012797 
480 0.013154 
481 0.015035 
482 0.015426 
483 0.013297 
484 0.009522 
485 0.005307 
486 0.003014 
487 0.004743 
488 0.007980 
489 0.009157 
490 0.007264 
491 0.005247 
492 0.005943 
493 0.008617 
494 0.009929 
495 0.008013 
496 0.002688 
497 -0.004524 
498 -0.010475 
499 -0.012203 
500 -0.008420 
501 -0.002739 
502 -0.001592 
503 -0.005263 
504 -0.007500 
505 -0.004462 
506 0.000539 
507 0.003048 
508 0.000938 
509 -0.004784 
510 -0.010207 
511 -0.012753 
512 -0.012379 
513 -0.011763 
514 -0.013236 
515 -0.016197 
516 -0.016514 
517 -0.011991 
518 -0.005405 
519 -0.002563 
520 -0.004498 
521 -0.007748 
522 -0.010259 
523 -0.011403 
524 -0.009674 
525 -0.007381 
526 -0.009325 
527 -0.016454 
528 -0.021943 
529 -0.019021 
530 -0.009940 
531 -0.003159 
532 -0.002818 
533 -0.007167 
534 -0.012220 
535 -0.014764 
536 -0.011957 
537 -0.006021 
538 -0.004589 
539 -0.009116 
540 -0.013530 
541 -0.013520 
542 -0.009785 
543 -0.005303 
544 -0.002405 
545 -0.002538 
546 -0.005995 
547 -0.009933 
548 -0.009543 
549 -0.005079 
550 -0.001367 
551 -0.000126 
552 -0.001059 
553 -0.002871 
554 -0.003491 
555 -0.002760 
556 -0.002138 
557 -0.001344 
558 -0.000370 
559 0.000734 
560 0.002367 
561 0.004366 
562 0.005436 
563 0.004525 
564 0.003443 
565 0.003540 
566 0.005090 
567 0.007056 
568 0.006642 
569 0.003164 
570 -0.000467 
571 -0.001866 
572 -0.000159 
573 0.005219 
574 0.010422 
575 0.012583 
576 0.012536 
577 0.010226 
578 0.005840 
579 0.002788 
580 0.002357 
581 0.002264 
582 0.001390 
583 0.001591 
584 0.003164 
585 0.004323 
586 0.004261 
587 0.004215 
588 0.004177 
589 0.003027 
590 0.001457 
591 0.002526 
592 0.006017 
593 0.008034 
594 0.007026 
595 0.005425 
596 0.005049 
597 0.003984 
598 0.000793 
599 -0.000962 
600 0.001316 
601 0.003833 
602 0.004275 
603 0.004637 
604 0.005694 
605 0.005756 
606 0.006113 
607 0.008270 
608 0.009420 
609 0.007212 
610 0.003901 
611 0.003205 
612 0.005599 
613 0.009066 
614 0.010937 
615 0.009833 
616 0.006974 
617 0.004360 
618 0.002311 
619 0.001634 
620 0.002714 
621 0.003874 
622 0.004079 
623 0.004632 
624 0.006104 
625 0.007268 
626 0.008996 
627 0.011521 
628 0.012393 
629 0.010852 
630 0.008361 
631 0.006191 
632 0.004587 
633 0.003900 
634 0.005236 
635 0.007414 
636 0.006649 
637 0.003437 
638 0.002294 
639 0.005556 
640 0.010757 
641 0.014557 
642 0.015326 
643 0.012776 
644 0.006774 
645 0.001074 
646 0.000330 
647 0.004215 
648 0.008193 
649 0.009360 
650 0.008230 
651 0.006732 
652 0.005533 
653 0.005144 
654 0.006933 
655 0.009810 
656 0.011085 
657 0.009950 
658 0.007142 
659 0.004766 
660 0.004568 
661 0.004757 
662 0.002783 
663 -0.000351 
664 -0.002366 
665 -0.002257 
666 -0.000480 
667 0.001312 
668 0.002594 
669 0.003260 
670 0.002699 
671 0.000842 
672 -0.000867 
673 -0.001705 
674 -0.002193 
675 -0.002398 
676 -0.002817 
677 -0.005661 
678 -0.010796 
679 -0.014773 
680 -0.015442 
681 -0.012687 
682 -0.008663 
683 -0.006812 
684 -0.008071 
685 -0.010456 
686 -0.011305 
687 -0.009316 
688 -0.006643 
689 -0.006322 
690 -0.008358 
691 -0.011355 
692 -0.014073 
693 -0.014942 
694 -0.013363 
695 -0.011307 
696 -0.011092 
697 -0.012615 
698 -0.013546 
699 -0.012644 
700 -0.011369 
701 -0.010249 
702 -0.008742 
703 -0.007780 
704 -0.008342 
705 -0.008699 
706 -0.007537 
707 -0.005606 
708 -0.004370 
709 -0.004701 
710 -0.006092 
711 -0.007946 
712 -0.009547 
713 -0.010201 
714 -0.009165 
715 -0.007400 
716 -0.006093 
717 -0.004945 
718 -0.003959 
719 -0.003689 
720 -0.003574 
721 -0.003438 
722 -0.003687 
723 -0.003342 
724 -0.002474 
725 -0.002690 
726 -0.004295 
727 -0.005640 
728 -0.005898 
729 -0.005669 
730 -0.005370 
731 -0.004723 
732 -0.003483 
733 -0.001806 
734 -0.001039 
735 -0.000854 
736 0.000362 
737 0.002066 
738 0.002938 
739 0.001804 
740 -0.001762 
741 -0.006037 
742 -0.007835 
743 -0.006067 
744 -0.002215 
745 0.001239 
746 0.002292 
747 0.001528 
748 0.000862 
749 0.001302 
750 0.002315 
751 0.003634 
752 0.004494 
753 0.003523 
754 0.001467 
755 0.000124 
756 0.000272 
757 0.001607 
758 0.002701 
759 0.002361 
760 0.000984 
761 -0.000998 
762 -0.002335 
763 -0.000493 
764 0.003392 
765 0.005768 
766 0.006222 
767 0.005932 
768 0.005329 
769 0.005098 
770 0.005224 
771 0.004934 
772 0.003528 
773 0.000684 
774 -0.001937 
775 -0.002313 
776 -0.001044 
777 -0.000344 
778 -0.000492 
779 -0.000361 
780 0.000520 
781 0.001824 
782 0.003286 
783 0.004925 
784 0.006002 
785 0.005436 
786 0.003704 
787 0.002227 
788 0.001865 
789 0.002153 
790 0.002069 
791 0.001320 
792 0.000556 
793 -0.000454 
794 -0.001781 
795 -0.001579 
796 0.001133 
797 0.005202 
798 0.007948 
799 0.007888 
800 0.006507 
801 0.005687 
802 0.005639 
803 0.005440 
804 0.005365 
805 0.004852 
806 0.003296 
807 0.001591 
808 0.001191 
809 0.002295 
810 0.003690 
811 0.004509 
812 0.005037 
813 0.006060 
814 0.007349 
815 0.007846 
816 0.006920 
817 0.005302 
818 0.004094 
819 0.003839 
820 0.003805 
821 0.003259 
822 0.001872 
823 0.000147 
824 -0.000954 
825 -0.000355 
826 0.002293 
827 0.005290 
828 0.006297 
829 0.004978 
830 0.003090 
831 0.002003 
832 0.002030 
833 0.002852 
834 0.002746 
835 0.000359 
836 -0.003194 
837 -0.005352 
838 -0.004668 
839 -0.002176 
840 0.000180 
841 0.001076 
842 0.000551 
843 -0.000447 
844 -0.000632 
845 0.000300 
846 0.001390 
847 0.001318 
848 -0.000554 
849 -0.003033 
850 -0.004836 
851 -0.005658 
852 -0.005688 
853 -0.005202 
854 -0.004663 
855 -0.004113 
856 -0.003430 
857 -0.002528 
858 -0.001654 
859 -0.001448 
860 -0.002089 
861 -0.003066 
862 -0.003791 
863 -0.004170 
864 -0.004286 
865 -0.004268 
866 -0.004581 
867 -0.005207 
868 -0.005578 
869 -0.005420 
870 -0.004624 
871 -0.003560 
872 -0.003032 
873 -0.003271 
874 -0.003784 
875 -0.003897 
876 -0.003559 
877 -0.003375 
878 -0.003639 
879 -0.003988 
880 -0.004031 
881 -0.003458 
882 -0.002344 
883 -0.001345 
884 -0.001299 
885 -0.001962 
886 -0.002410 
887 -0.002492 
888 -0.002376 
889 -0.002105 
890 -0.001573 
891 -0.000925 
892 -0.000799 
893 -0.001286 
894 -0.001664 
895 -0.001313 
896 -0.000296 
897 0.000762 
898 0.001033 
899 0.000403 
900 -0.000719 
901 -0.001418 
902 -0.001040 
903 -0.000321 
904 0.000162 
905 0.000380 
906 0.000116 
907 -0.000542 
908 -0.000846 
909 -0.000635 
910 -0.000061 
911 0.000524 
912 0.000750 
913 0.000542 
914 0.000246 
915 0.000142 
916 0.000221 
917 0.000282 
918 0.000346 
919 0.000334 
920 0.000038 
921 -0.000305 
922 -0.000426 
923 -0.000167 
924 0.000519 
925 0.001098 
926 0.001148 
927 0.000855 
928 0.000552 
929 0.000605 
930 0.001102 
931 0.001592 
932 0.001454 
933 0.000845 
934 0.000161 
935 -0.000272 
936 -0.000246 
937 0.000165 
938 0.000705 
939 0.000989 
940 0.000884 
941 0.000793 
942 0.001022 
943 0.001415 
944 0.001875 
945 0.002134 
946 0.001915 
947 0.001112 
948 0.000158 
949 -0.000466 
950 -0.000453 
951 -0.000036 
952 0.000231 
953 0.000241 
954 0.000303 
955 0.000608 
956 0.001055 
957 0.001464 
958 0.001698 
959 0.001607 
960 0.001223 
961 0.000783 
962 0.000589 
963 0.000602 
964 0.000468 
965 -0.000037 
966 -0.000637 
967 -0.000714 
968 -0.000104 
969 0.000788 
970 0.001409 
971 0.001553 
972 0.001447 
973 0.001414 
974 0.001560 
975 0.001633 
976 0.001474 
977 0.001088 
978 0.000637 
979 0.000467 
980 0.000806 
981 0.001289 
982 0.001432 
983 0.001327 
984 0.001242 
985 0.001173 
986 0.001210 
987 0.001558 
988 0.001941 
989 0.001880 
990 0.001450 
991 0.001130 
992 0.001151 
993 0.001310 
994 0.001336 
995 0.001143 
996 0.000808 
997 0.000441 
998 0.000243 
999 0.000388 
1000 0.000660 
1001 0.000754 
1002 0.000591 
1003 0.000420 
1004 0.000477 
1005 0.000698 
1006 0.000805 
1007 0.000644 
1008 0.000205 
1009 -0.000389 
1010 -0.000872 
1011 -0.001008 
1012 -0.000697 
1013 -0.000236 
1014 -0.000141 
1015 -0.000438 
1016 -0.000617 
1017 -0.000371 
1018 0.000031 
1019 0.000233 
1020 0.000065 
1021 -0.000392 
1022 -0.000825 
1023 -0.001028 
