0 0.197916 
1 -0.138702 
2 -0.051501 
3 0.117744 
4 -0.132278 
5 0.223076 
6 -0.174646 
7 0.092153 
8 -0.026328 
9 0.004031 
10 0.044106 
11 -0.006992 
12 0.059552 
13 0.031930 
14 0.066880 
15 -0.132396 
16 0.160024 
17 -0.109004 
18 0.158624 
19 -0.047272 
20 0.019134 
21 -0.034303 
22 -0.025043 
23 0.059815 
24 -0.127777 
25 0.079996 
26 -0.039620 
27 0.030493 
28 -0.098979 
29 0.004516 
30 -0.036887 
31 -0.002465 
32 0.115117 
33 -0.173371 
34 0.131202 
35 -0.129816 
36 0.137392 
37 -0.145883 
38 0.180027 
39 -0.053626 
40 0.034800 
41 0.048283 
42 -0.085127 
43 0.138560 
44 -0.198060 
45 0.282604 
46 -0.228827 
47 0.172357 
48 -0.063454 
49 -0.028531 
50 0.054330 
51 -0.040228 
52 0.099330 
53 -0.028212 
54 0.053132 
55 -0.043511 
56 0.027066 
57 0.015359 
58 -0.007380 
59 0.113461 
60 -0.054718 
61 0.055713 
62 -0.109772 
63 0.155796 
64 -0.187184 
65 0.226928 
66 -0.155080 
67 0.105718 
68 -0.029546 
69 -0.069214 
70 0.063142 
71 -0.126905 
72 0.120663 
73 -0.099894 
74 0.056664 
75 -0.091986 
76 -0.034620 
77 -0.014398 
78 -0.034735 
79 0.044792 
80 -0.075312 
81 0.059438 
82 -0.152978 
83 0.142219 
84 -0.176595 
85 0.080158 
86 0.036767 
87 -0.062058 
88 0.081744 
89 -0.131449 
90 0.099712 
91 -0.079948 
92 0.142982 
93 -0.122808 
94 0.140252 
95 -0.122087 
96 0.090408 
97 -0.029635 
98 -0.000203 
99 0.105621 
100 -0.055744 
101 0.035034 
102 0.032676 
103 -0.013661 
104 -0.024145 
105 0.119967 
106 -0.060166 
107 0.022401 
108 0.144671 
109 -0.254951 
110 0.227823 
111 -0.213166 
112 0.194892 
113 -0.109816 
114 0.039036 
115 -0.051718 
116 -0.076564 
117 0.126317 
118 -0.172240 
119 0.123093 
120 -0.088820 
121 0.088000 
122 -0.125093 
123 0.085639 
124 -0.156461 
125 0.096569 
126 0.039880 
127 -0.169962 
128 0.227791 
129 -0.298567 
130 0.212901 
131 -0.123539 
132 -0.024488 
133 0.093925 
134 -0.040689 
135 0.013767 
136 -0.060437 
137 0.070334 
138 -0.104072 
139 0.158258 
140 -0.095519 
141 0.053714 
142 -0.012712 
143 0.030221 
144 -0.019229 
145 0.051284 
146 0.071192 
147 -0.094510 
148 0.194162 
149 -0.139172 
150 0.144529 
151 -0.090239 
152 0.108627 
153 0.015235 
154 -0.045160 
155 0.127266 
156 -0.168193 
157 0.161925 
158 -0.133932 
159 0.049197 
160 -0.035872 
161 0.005524 
162 0.030599 
163 -0.129941 
164 0.032800 
165 -0.035407 
166 0.079639 
167 -0.128615 
168 0.162007 
169 -0.190503 
170 0.083059 
171 -0.041615 
172 -0.046161 
173 0.081350 
174 -0.066656 
175 0.013293 
176 -0.081182 
177 0.141682 
178 -0.157552 
179 0.044470 
180 0.039802 
181 -0.017902 
182 0.035370 
183 -0.051013 
184 0.011747 
185 0.003535 
186 0.055854 
187 -0.051353 
188 0.074453 
189 -0.063077 
190 0.099335 
191 -0.110932 
192 0.044208 
193 0.104747 
194 -0.164881 
195 0.230487 
196 -0.221451 
197 0.192535 
198 -0.069653 
199 0.105747 
200 -0.086174 
201 0.068826 
202 0.013909 
203 -0.068457 
204 0.051253 
205 -0.056305 
206 0.037896 
207 -0.082793 
208 0.098450 
209 -0.118464 
210 0.016890 
211 -0.025041 
212 -0.028240 
213 0.057753 
214 -0.114436 
215 0.111887 
216 -0.141360 
217 0.137117 
218 -0.138730 
219 0.040318 
220 0.064922 
221 -0.104689 
222 0.166428 
223 -0.219226 
224 0.153807 
225 -0.057575 
226 0.068347 
227 -0.049595 
228 0.047385 
229 -0.106988 
230 0.150532 
231 -0.112337 
232 0.024586 
233 0.059345 
234 -0.111034 
235 0.194772 
236 -0.190032 
237 0.123611 
238 -0.018366 
239 -0.042846 
240 0.151207 
241 -0.173572 
242 0.189209 
243 -0.142596 
244 0.136095 
245 -0.078662 
246 0.051818 
247 0.040212 
248 -0.025054 
249 0.027471 
250 -0.088811 
251 0.133271 
252 -0.053471 
253 0.086608 
254 -0.150955 
255 0.083517 
256 -0.057259 
257 0.083902 
258 -0.158375 
259 0.014470 
260 0.100871 
261 -0.167897 
262 0.165524 
263 -0.247120 
264 0.147304 
265 -0.002402 
266 -0.050552 
267 0.022089 
268 -0.134150 
269 0.162921 
270 -0.144903 
271 0.090856 
272 -0.116286 
273 0.120177 
274 -0.089581 
275 0.095455 
276 -0.055581 
277 -0.014150 
278 0.122567 
279 -0.140287 
280 0.190824 
281 -0.190447 
282 0.198746 
283 -0.197802 
284 0.172031 
285 -0.092221 
286 -0.041285 
287 0.141872 
288 -0.176280 
289 0.166545 
290 -0.141738 
291 0.093075 
292 0.013884 
293 -0.016235 
294 0.024549 
295 -0.023933 
296 0.042727 
297 0.005833 
298 0.026279 
299 -0.102435 
300 0.194254 
301 -0.149834 
302 0.124901 
303 -0.146048 
304 0.065506 
305 0.034601 
306 -0.058054 
307 0.072088 
308 -0.174545 
309 0.150084 
310 -0.124847 
311 0.045352 
312 -0.044315 
313 0.001958 
314 -0.012598 
315 -0.030262 
316 0.049270 
317 -0.146350 
318 0.137337 
319 -0.068242 
320 0.075063 
321 -0.088251 
322 0.088261 
323 -0.083178 
324 0.078164 
325 0.018374 
326 -0.075163 
327 0.147314 
328 -0.131794 
329 0.166727 
330 -0.102568 
331 0.049300 
332 0.081975 
333 -0.101341 
334 0.157575 
335 -0.127953 
336 0.086090 
337 0.009627 
338 -0.002292 
339 -0.011955 
340 0.057524 
341 -0.078919 
342 0.096813 
343 -0.113351 
344 0.029228 
345 0.052779 
346 -0.105234 
347 0.204106 
348 -0.252086 
349 0.158507 
350 -0.077515 
351 0.065965 
352 -0.014776 
353 -0.047410 
354 0.063953 
355 -0.064072 
356 0.069875 
357 -0.146095 
358 0.079481 
359 -0.028843 
360 0.026857 
361 -0.059513 
362 -0.085653 
363 0.041085 
364 -0.052104 
365 0.057454 
366 -0.132291 
367 0.109396 
368 -0.141467 
369 0.156856 
370 -0.188028 
371 0.047754 
372 0.098312 
373 -0.097890 
374 0.120038 
375 -0.127078 
376 0.136798 
377 -0.073235 
378 0.091155 
379 -0.019315 
380 0.030098 
381 0.079887 
382 -0.069927 
383 0.052676 
384 -0.024439 
385 0.068588 
386 -0.035159 
387 0.077678 
388 -0.154596 
389 0.131989 
390 -0.059320 
391 -0.053990 
392 0.144197 
393 -0.212577 
394 0.224743 
395 -0.154951 
396 0.052933 
397 -0.078905 
398 0.043276 
399 0.010084 
400 -0.017297 
401 0.060747 
402 -0.144837 
403 0.124642 
404 -0.108407 
405 0.121434 
406 -0.133246 
407 0.140522 
408 -0.074042 
409 0.009143 
410 -0.002826 
411 -0.057871 
412 0.097482 
413 -0.066216 
414 0.112890 
415 -0.163630 
416 0.088465 
417 -0.058335 
418 -0.027755 
419 0.083802 
420 -0.099147 
421 0.132690 
422 -0.142615 
423 0.111083 
424 -0.116908 
425 0.131495 
426 -0.060595 
427 0.103318 
428 -0.053870 
429 0.031736 
430 0.076765 
431 -0.159170 
432 0.243133 
433 -0.158944 
434 0.193006 
435 -0.143970 
436 0.102219 
437 -0.083673 
438 0.000695 
439 0.098497 
440 -0.140207 
441 0.148657 
442 -0.157184 
443 0.015914 
444 -0.025551 
445 0.003614 
446 0.020762 
447 -0.047307 
448 0.049876 
449 -0.078059 
450 0.078645 
451 -0.138783 
452 0.140854 
453 -0.146934 
454 0.197236 
455 -0.154444 
456 0.010508 
457 -0.012195 
458 -0.032040 
459 0.105442 
460 -0.124091 
461 0.154156 
462 -0.147213 
463 0.083198 
464 -0.032527 
465 -0.027976 
466 0.072798 
467 0.042334 
468 -0.002820 
469 -0.075401 
470 0.104423 
471 -0.125913 
472 0.128213 
473 -0.018571 
474 -0.044513 
475 0.070706 
476 -0.067839 
477 0.063848 
478 -0.126639 
479 0.182469 
480 -0.135581 
481 0.171062 
482 -0.183554 
483 0.101634 
484 -0.075084 
485 0.009603 
486 0.099275 
487 -0.133137 
488 0.120934 
489 -0.050453 
490 -0.018960 
491 -0.031181 
492 0.049817 
493 -0.030541 
494 0.074379 
495 -0.075838 
496 -0.063501 
497 0.061074 
498 -0.128827 
499 0.158934 
500 -0.165690 
501 0.106256 
502 -0.041225 
503 -0.087736 
504 0.088343 
505 -0.101528 
506 0.102626 
507 -0.031416 
508 0.082583 
509 -0.104702 
510 0.136656 
511 -0.146261 
512 0.131314 
513 -0.048637 
514 0.040177 
515 0.058935 
516 -0.108640 
517 0.087528 
518 -0.090952 
519 0.132005 
520 -0.070326 
521 0.088238 
522 -0.058954 
523 -0.010798 
524 0.049959 
525 -0.122394 
526 0.168604 
527 -0.103212 
528 0.071740 
529 -0.020240 
530 -0.062372 
531 0.041989 
532 -0.038820 
533 0.054244 
534 -0.036356 
535 0.048767 
536 -0.080516 
537 0.074311 
538 -0.154071 
539 0.179058 
540 -0.121766 
541 0.084278 
542 -0.045571 
543 -0.040218 
544 0.082459 
545 -0.151986 
546 0.133297 
547 -0.077305 
548 0.102125 
549 -0.068602 
550 -0.038977 
551 -0.023116 
552 -0.024358 
553 0.135335 
554 -0.123842 
555 0.101789 
556 -0.067189 
557 0.049503 
558 -0.051762 
559 0.048954 
560 -0.043724 
561 0.085301 
562 0.052420 
563 -0.164392 
564 0.168208 
565 -0.212468 
566 0.220526 
567 -0.162083 
568 0.164981 
569 -0.091344 
570 -0.012485 
571 0.028987 
572 -0.067359 
573 0.073008 
574 -0.017434 
575 0.077662 
576 -0.096240 
577 0.055418 
578 -0.104565 
579 0.055078 
580 0.009889 
581 -0.015663 
582 0.077379 
583 -0.152088 
584 0.105360 
585 -0.127401 
586 0.083995 
587 -0.040004 
588 0.031300 
589 0.007498 
590 -0.081183 
591 0.054871 
592 -0.177045 
593 0.248027 
594 -0.193360 
595 0.148825 
596 -0.073100 
597 0.002513 
598 -0.015661 
599 -0.003302 
600 0.032569 
601 0.006113 
602 0.076767 
603 -0.094183 
604 0.088288 
605 -0.148836 
606 0.143897 
607 0.001813 
608 -0.004897 
609 0.097455 
610 -0.170689 
611 0.180988 
612 -0.157217 
613 0.115650 
614 -0.046046 
615 0.063618 
616 0.000884 
617 -0.048794 
618 -0.010634 
619 -0.029524 
620 0.088633 
621 -0.052900 
622 0.135850 
623 -0.175479 
624 0.170126 
625 -0.138778 
626 0.064689 
627 -0.002273 
628 0.040540 
629 0.064241 
630 -0.133789 
631 0.112809 
632 -0.203339 
633 0.183348 
634 -0.110144 
635 0.048973 
636 -0.012363 
637 -0.085813 
638 0.050668 
639 -0.119308 
640 0.094118 
641 -0.048170 
642 0.072415 
643 -0.065863 
644 -0.006340 
645 -0.048029 
646 0.032454 
647 0.051727 
648 -0.035038 
649 0.085273 
650 -0.094517 
651 0.096978 
652 -0.141405 
653 0.171916 
654 -0.119086 
655 0.101459 
656 0.048420 
657 -0.121006 
658 0.089549 
659 -0.110221 
660 0.098897 
661 -0.008639 
662 0.042081 
663 -0.084282 
664 0.069307 
665 -0.094964 
666 0.036145 
667 -0.010359 
668 -0.023078 
669 0.097989 
670 -0.145248 
671 0.092569 
672 -0.138437 
673 0.070462 
674 0.018309 
675 -0.070930 
676 0.127976 
677 -0.182207 
678 0.174728 
679 -0.204836 
680 0.152255 
681 -0.063998 
682 0.092987 
683 -0.040908 
684 -0.028185 
685 0.017670 
686 -0.080181 
687 0.096659 
688 -0.072399 
689 0.077375 
690 -0.066870 
691 0.031576 
692 -0.059558 
693 0.030048 
694 0.006693 
695 0.018396 
696 0.093158 
697 -0.118331 
698 0.097907 
699 -0.158157 
700 0.153177 
701 -0.026128 
702 0.034017 
703 0.049427 
704 -0.111257 
705 0.130597 
706 -0.142088 
707 0.137887 
708 -0.094436 
709 0.132562 
710 -0.058505 
711 0.074607 
712 -0.136030 
713 0.062169 
714 0.040079 
715 -0.070623 
716 0.179464 
717 -0.203552 
718 0.133233 
719 -0.137665 
720 0.088157 
721 -0.042504 
722 0.021977 
723 0.078741 
724 -0.129712 
725 0.060316 
726 -0.113599 
727 0.063362 
728 0.002501 
729 0.024542 
730 -0.056198 
731 0.019941 
732 -0.003009 
733 -0.106852 
734 0.093569 
735 -0.075775 
736 0.162928 
737 -0.158101 
738 0.115029 
739 -0.129568 
740 0.079911 
741 0.066759 
742 -0.040604 
743 0.079059 
744 -0.039103 
745 0.094094 
746 -0.152583 
747 0.123874 
748 -0.079632 
749 0.105534 
750 0.056223 
751 -0.105620 
752 -0.010968 
753 -0.000357 
754 0.017934 
755 0.021556 
756 0.038572 
757 -0.047367 
758 0.068770 
759 -0.087684 
760 -0.008463 
761 0.054549 
762 -0.124095 
763 0.275949 
764 -0.309781 
765 0.193207 
766 -0.171244 
767 0.052899 
768 0.001324 
769 0.017700 
770 0.002752 
771 -0.027333 
772 0.023440 
773 -0.135365 
774 0.069862 
775 -0.099404 
776 0.167644 
777 -0.142237 
778 0.061693 
779 -0.083808 
780 -0.041182 
781 0.068979 
782 -0.060927 
783 0.134126 
784 -0.111642 
785 0.100462 
786 -0.099809 
787 0.018513 
788 0.102678 
789 -0.071495 
790 0.128615 
791 -0.138096 
792 0.146104 
793 -0.176630 
794 0.128878 
795 -0.069025 
796 0.083383 
797 -0.011906 
798 -0.028888 
799 -0.033099 
800 0.043225 
801 0.007728 
802 -0.087609 
803 0.143407 
804 -0.112383 
805 0.085246 
806 -0.106064 
807 -0.027355 
808 0.072688 
809 -0.027102 
810 0.099571 
811 -0.136700 
812 0.075915 
813 -0.054680 
814 0.023512 
815 -0.010152 
816 -0.018417 
817 0.105308 
818 -0.141284 
819 0.078488 
820 -0.119834 
821 0.137735 
822 -0.138711 
823 0.182610 
824 -0.166497 
825 0.140721 
826 -0.029187 
827 -0.075011 
828 0.123327 
829 -0.121424 
830 0.183602 
831 -0.123564 
832 0.102220 
833 -0.102584 
834 -0.017408 
835 0.071924 
836 -0.011456 
837 0.005009 
838 0.030655 
839 -0.020780 
840 -0.031794 
841 0.099869 
842 -0.117377 
843 0.171728 
844 -0.062259 
845 0.003099 
846 0.035278 
847 -0.103900 
848 0.173203 
849 -0.101821 
850 0.157212 
851 -0.142525 
852 0.159188 
853 -0.124037 
854 0.090091 
855 0.007943 
856 -0.065507 
857 0.125177 
858 -0.118650 
859 0.099398 
860 -0.130616 
861 0.014187 
862 -0.044623 
863 0.079055 
864 -0.069928 
865 0.011149 
866 -0.058956 
867 -0.058385 
868 0.094155 
869 -0.153688 
870 0.185278 
871 -0.124602 
872 0.004528 
873 0.005638 
874 -0.069515 
875 0.146413 
876 -0.216374 
877 0.245916 
878 -0.209075 
879 0.155369 
880 -0.107263 
881 0.030842 
882 -0.028692 
883 0.073514 
884 0.005069 
885 -0.032945 
886 0.054307 
887 -0.141785 
888 0.129289 
889 -0.122908 
890 0.123184 
891 -0.055148 
892 0.040945 
893 -0.039309 
894 -0.100925 
895 0.101288 
896 -0.089771 
897 0.152740 
898 -0.086957 
899 0.083218 
900 -0.103882 
901 0.064966 
902 0.002851 
903 -0.030714 
904 0.159380 
905 -0.153238 
906 0.146632 
907 -0.228601 
908 0.197055 
909 -0.137767 
910 0.113886 
911 -0.054144 
912 0.033356 
913 0.051251 
914 -0.123163 
915 0.054390 
916 -0.136300 
917 0.208957 
918 -0.072200 
919 -0.030532 
920 -0.033730 
921 -0.085550 
922 0.099912 
923 -0.115787 
924 0.087196 
925 -0.021047 
926 0.037673 
927 -0.067065 
928 0.051353 
929 -0.073673 
930 0.199773 
931 -0.012265 
932 -0.015008 
933 0.055882 
934 -0.104914 
935 0.179871 
936 -0.229636 
937 0.167529 
938 -0.011872 
939 0.004723 
940 -0.006449 
941 -0.136951 
942 0.133935 
943 -0.070170 
944 0.127893 
945 -0.112938 
946 0.073836 
947 -0.026899 
948 0.024235 
949 -0.053969 
950 0.019740 
951 0.133970 
952 -0.002965 
953 -0.004343 
954 -0.167807 
955 0.176300 
956 -0.085649 
957 0.166491 
958 -0.107459 
959 0.089902 
960 -0.062819 
961 -0.108685 
962 0.051960 
963 -0.173410 
964 0.161451 
965 -0.079859 
966 -0.037490 
967 -0.071421 
968 -0.057417 
969 0.088573 
970 -0.047625 
971 0.114187 
972 -0.058558 
973 0.163102 
974 -0.118188 
975 0.077884 
976 -0.125570 
977 0.189092 
978 0.017958 
979 -0.034211 
980 -0.013428 
981 -0.221770 
982 0.211305 
983 -0.195996 
984 0.196383 
985 -0.133810 
986 0.097463 
987 -0.011510 
988 -0.074972 
989 0.142268 
990 -0.034195 
991 0.129416 
992 -0.135947 
993 0.173216 
994 -0.068454 
995 -0.016841 
996 -0.167815 
997 0.099194 
998 0.068930 
999 -0.239421 
1000 0.152240 
1001 -0.215516 
1002 0.238341 
1003 -0.144848 
1004 0.002173 
1005 0.065147 
1006 0.062507 
1007 -0.085568 
1008 -0.164113 
1009 0.079514 
1010 0.010636 
1011 0.068682 
1012 -0.242147 
1013 0.047303 
1014 0.064983 
1015 0.184230 
1016 -0.073139 
1017 -0.036658 
1018 0.177975 
1019 -0.095552 
1020 0.112988 
1021 0.384620 
1022 0.568072 
1023 -0.289217 
