0 -0.000117 
1 0.000089 
2 0.000223 
3 0.000247 
4 0.000124 
5 -0.000109 
6 -0.000354 
7 -0.000543 
8 -0.000644 
9 -0.000680 
10 -0.000621 
11 -0.000426 
12 -0.000135 
13 0.000110 
14 0.000219 
15 0.000170 
16 0.000021 
17 -0.000189 
18 -0.000418 
19 -0.000624 
20 -0.000740 
21 -0.000727 
22 -0.000599 
23 -0.000404 
24 -0.000212 
25 -0.000062 
26 0.000032 
27 0.000070 
28 0.000044 
29 -0.000093 
30 -0.000300 
31 -0.000490 
32 -0.000591 
33 -0.000598 
34 -0.000564 
35 -0.000517 
36 -0.000455 
37 -0.000368 
38 -0.000274 
39 -0.000201 
40 -0.000179 
41 -0.000204 
42 -0.000226 
43 -0.000222 
44 -0.000195 
45 -0.000199 
46 -0.000266 
47 -0.000339 
48 -0.000393 
49 -0.000462 
50 -0.000547 
51 -0.000577 
52 -0.000514 
53 -0.000422 
54 -0.000358 
55 -0.000291 
56 -0.000183 
57 -0.000081 
58 -0.000069 
59 -0.000164 
60 -0.000257 
61 -0.000290 
62 -0.000316 
63 -0.000352 
64 -0.000373 
65 -0.000321 
66 -0.000220 
67 -0.000132 
68 -0.000084 
69 -0.000084 
70 -0.000138 
71 -0.000195 
72 -0.000183 
73 -0.000089 
74 0.000043 
75 0.000160 
76 0.000243 
77 0.000298 
78 0.000261 
79 0.000060 
80 -0.000254 
81 -0.000526 
82 -0.000639 
83 -0.000591 
84 -0.000432 
85 -0.000178 
86 0.000170 
87 0.000533 
88 0.000785 
89 0.000771 
90 0.000492 
91 0.000042 
92 -0.000391 
93 -0.000699 
94 -0.000826 
95 -0.000758 
96 -0.000461 
97 0.000075 
98 0.000770 
99 0.001364 
100 0.001624 
101 0.001525 
102 0.001187 
103 0.000663 
104 0.000001 
105 -0.000658 
106 -0.001032 
107 -0.000957 
108 -0.000554 
109 -0.000013 
110 0.000582 
111 0.001214 
112 0.001706 
113 0.001878 
114 0.001730 
115 0.001377 
116 0.000955 
117 0.000437 
118 -0.000142 
119 -0.000596 
120 -0.000762 
121 -0.000680 
122 -0.000456 
123 -0.000067 
124 0.000509 
125 0.001143 
126 0.001682 
127 0.002036 
128 0.002201 
129 0.002076 
130 0.001549 
131 0.000723 
132 -0.000036 
133 -0.000463 
134 -0.000558 
135 -0.000424 
136 -0.000046 
137 0.000618 
138 0.001434 
139 0.002087 
140 0.002329 
141 0.002194 
142 0.001825 
143 0.001292 
144 0.000667 
145 0.000074 
146 -0.000240 
147 -0.000143 
148 0.000280 
149 0.000817 
150 0.001274 
151 0.001615 
152 0.001837 
153 0.001891 
154 0.001699 
155 0.001196 
156 0.000676 
157 0.000373 
158 0.000333 
159 0.000436 
160 0.000535 
161 0.000725 
162 0.001080 
163 0.001492 
164 0.001734 
165 0.001622 
166 0.001252 
167 0.000841 
168 0.000485 
169 0.000212 
170 0.000135 
171 0.000413 
172 0.000949 
173 0.001567 
174 0.002135 
175 0.002620 
176 0.002777 
177 0.002366 
178 0.001472 
179 0.000421 
180 -0.000432 
181 -0.000998 
182 -0.001230 
183 -0.000988 
184 -0.000168 
185 0.001036 
186 0.002199 
187 0.003047 
188 0.003430 
189 0.003186 
190 0.002194 
191 0.000711 
192 -0.000762 
193 -0.001851 
194 -0.002429 
195 -0.002386 
196 -0.001528 
197 -0.000052 
198 0.001584 
199 0.002762 
200 0.003293 
201 0.003094 
202 0.002285 
203 0.001169 
204 -0.000060 
205 -0.001168 
206 -0.001865 
207 -0.001961 
208 -0.001486 
209 -0.000687 
210 0.000068 
211 0.000660 
212 0.001148 
213 0.001504 
214 0.001541 
215 0.001139 
216 0.000624 
217 0.000170 
218 -0.000175 
219 -0.000665 
220 -0.001337 
221 -0.001914 
222 -0.002172 
223 -0.002090 
224 -0.001789 
225 -0.001301 
226 -0.000612 
227 0.000139 
228 0.000798 
229 0.001171 
230 0.001326 
231 0.001091 
232 0.000347 
233 -0.000763 
234 -0.001899 
235 -0.002780 
236 -0.003358 
237 -0.003504 
238 -0.003219 
239 -0.002437 
240 -0.001373 
241 -0.000413 
242 0.000224 
243 0.000364 
244 0.000209 
245 -0.000136 
246 -0.000668 
247 -0.001400 
248 -0.002160 
249 -0.002769 
250 -0.003114 
251 -0.003098 
252 -0.002891 
253 -0.002509 
254 -0.002021 
255 -0.001565 
256 -0.001297 
257 -0.001319 
258 -0.001566 
259 -0.001773 
260 -0.001818 
261 -0.001829 
262 -0.002017 
263 -0.002405 
264 -0.002672 
265 -0.002644 
266 -0.002555 
267 -0.002660 
268 -0.002934 
269 -0.003009 
270 -0.002744 
271 -0.002227 
272 -0.001674 
273 -0.001423 
274 -0.001623 
275 -0.002112 
276 -0.002716 
277 -0.003238 
278 -0.003619 
279 -0.003709 
280 -0.003323 
281 -0.002662 
282 -0.001959 
283 -0.001221 
284 -0.000419 
285 0.000127 
286 -0.000153 
287 -0.001326 
288 -0.002855 
289 -0.004165 
290 -0.004845 
291 -0.005066 
292 -0.004920 
293 -0.004317 
294 -0.003242 
295 -0.001883 
296 -0.000610 
297 -0.000020 
298 -0.000499 
299 -0.001753 
300 -0.002866 
301 -0.003294 
302 -0.003353 
303 -0.003492 
304 -0.003526 
305 -0.002843 
306 -0.001544 
307 -0.000555 
308 -0.000720 
309 -0.001792 
310 -0.003004 
311 -0.003709 
312 -0.004014 
313 -0.004013 
314 -0.003547 
315 -0.002390 
316 -0.000640 
317 0.000943 
318 0.001599 
319 0.001355 
320 0.000602 
321 -0.000532 
322 -0.002269 
323 -0.004337 
324 -0.005854 
325 -0.006007 
326 -0.004853 
327 -0.003103 
328 -0.001317 
329 0.000207 
330 0.001383 
331 0.001972 
332 0.001907 
333 0.001088 
334 -0.000320 
335 -0.001776 
336 -0.002779 
337 -0.003139 
338 -0.002963 
339 -0.002244 
340 -0.000997 
341 0.000739 
342 0.002338 
343 0.003270 
344 0.003458 
345 0.003216 
346 0.002613 
347 0.001314 
348 -0.000570 
349 -0.002475 
350 -0.003647 
351 -0.003641 
352 -0.002636 
353 -0.000804 
354 0.001762 
355 0.004738 
356 0.007052 
357 0.007756 
358 0.006603 
359 0.004328 
360 0.001695 
361 -0.000875 
362 -0.003232 
363 -0.005019 
364 -0.005332 
365 -0.003653 
366 -0.000407 
367 0.003158 
368 0.006085 
369 0.008134 
370 0.009109 
371 0.008788 
372 0.006942 
373 0.003853 
374 0.000477 
375 -0.002088 
376 -0.003279 
377 -0.003094 
378 -0.001737 
379 0.000381 
380 0.003125 
381 0.006216 
382 0.008773 
383 0.009933 
384 0.009318 
385 0.007540 
386 0.005242 
387 0.002470 
388 -0.000444 
389 -0.002707 
390 -0.003343 
391 -0.002136 
392 0.000200 
393 0.002937 
394 0.005614 
395 0.007999 
396 0.009493 
397 0.009589 
398 0.008264 
399 0.006053 
400 0.003790 
401 0.001881 
402 0.000596 
403 0.000087 
404 0.000541 
405 0.001870 
406 0.003571 
407 0.005002 
408 0.005773 
409 0.005966 
410 0.005734 
411 0.005187 
412 0.004313 
413 0.003474 
414 0.003345 
415 0.003913 
416 0.004888 
417 0.005590 
418 0.005629 
419 0.005163 
420 0.004123 
421 0.002766 
422 0.001625 
423 0.000895 
424 0.000485 
425 0.000586 
426 0.001514 
427 0.003170 
428 0.004639 
429 0.005247 
430 0.005429 
431 0.005381 
432 0.004961 
433 0.003460 
434 0.001381 
435 -0.000110 
436 -0.000301 
437 -0.000020 
438 0.000192 
439 0.000908 
440 0.002548 
441 0.004633 
442 0.006045 
443 0.006384 
444 0.006063 
445 0.005329 
446 0.004027 
447 0.002187 
448 0.000107 
449 -0.001657 
450 -0.002632 
451 -0.002588 
452 -0.001516 
453 0.000008 
454 0.001681 
455 0.003505 
456 0.005363 
457 0.006691 
458 0.006713 
459 0.005167 
460 0.002533 
461 -0.000574 
462 -0.003499 
463 -0.005792 
464 -0.006659 
465 -0.006105 
466 -0.004384 
467 -0.001714 
468 0.001811 
469 0.005420 
470 0.007638 
471 0.007809 
472 0.006232 
473 0.003586 
474 0.000206 
475 -0.003398 
476 -0.006073 
477 -0.007068 
478 -0.006297 
479 -0.004221 
480 -0.001338 
481 0.001496 
482 0.003647 
483 0.004489 
484 0.003807 
485 0.001901 
486 -0.000561 
487 -0.002770 
488 -0.004357 
489 -0.005169 
490 -0.005003 
491 -0.004083 
492 -0.002940 
493 -0.002219 
494 -0.002067 
495 -0.002382 
496 -0.002892 
497 -0.003206 
498 -0.002946 
499 -0.002214 
500 -0.001185 
501 0.000000 
502 0.000780 
503 0.000828 
504 -0.000022 
505 -0.001650 
506 -0.003656 
507 -0.005761 
508 -0.007401 
509 -0.007886 
510 -0.006798 
511 -0.004402 
512 -0.001557 
513 0.001023 
514 0.002696 
515 0.003002 
516 0.001465 
517 -0.001436 
518 -0.004491 
519 -0.006842 
520 -0.008082 
521 -0.008512 
522 -0.007762 
523 -0.005350 
524 -0.001761 
525 0.001254 
526 0.002586 
527 0.001995 
528 0.000184 
529 -0.002336 
530 -0.005077 
531 -0.007518 
532 -0.008868 
533 -0.008664 
534 -0.007106 
535 -0.004771 
536 -0.002493 
537 -0.000732 
538 0.000371 
539 0.000805 
540 0.000511 
541 -0.001046 
542 -0.003364 
543 -0.005450 
544 -0.006525 
545 -0.006529 
546 -0.006091 
547 -0.005529 
548 -0.004799 
549 -0.003828 
550 -0.002794 
551 -0.002004 
552 -0.001758 
553 -0.002007 
554 -0.002217 
555 -0.002142 
556 -0.001846 
557 -0.001858 
558 -0.002497 
559 -0.003186 
560 -0.003670 
561 -0.004313 
562 -0.005088 
563 -0.005327 
564 -0.004683 
565 -0.003782 
566 -0.003160 
567 -0.002527 
568 -0.001513 
569 -0.000569 
570 -0.000452 
571 -0.001269 
572 -0.002055 
573 -0.002317 
574 -0.002511 
575 -0.002792 
576 -0.002945 
577 -0.002500 
578 -0.001642 
579 -0.000911 
580 -0.000514 
581 -0.000506 
582 -0.000912 
583 -0.001334 
584 -0.001223 
585 -0.000485 
586 0.000507 
587 0.001383 
588 0.001983 
589 0.002360 
590 0.002063 
591 0.000607 
592 -0.001628 
593 -0.003506 
594 -0.004253 
595 -0.003880 
596 -0.002765 
597 -0.001032 
598 0.001275 
599 0.003619 
600 0.005199 
601 0.005044 
602 0.003231 
603 0.000394 
604 -0.002278 
605 -0.004131 
606 -0.004853 
607 -0.004398 
608 -0.002614 
609 0.000513 
610 0.004475 
611 0.007772 
612 0.009124 
613 0.008470 
614 0.006524 
615 0.003620 
616 0.000058 
617 -0.003412 
618 -0.005318 
619 -0.004876 
620 -0.002768 
621 -0.000023 
622 0.002930 
623 0.005995 
624 0.008305 
625 0.009031 
626 0.008228 
627 0.006488 
628 0.004467 
629 0.002051 
630 -0.000590 
631 -0.002607 
632 -0.003306 
633 -0.002907 
634 -0.001898 
635 -0.000211 
636 0.002222 
637 0.004830 
638 0.006990 
639 0.008344 
640 0.008908 
641 0.008303 
642 0.006132 
643 0.002848 
644 -0.000097 
645 -0.001705 
646 -0.002034 
647 -0.001508 
648 -0.000103 
649 0.002300 
650 0.005183 
651 0.007417 
652 0.008157 
653 0.007580 
654 0.006220 
655 0.004337 
656 0.002196 
657 0.000208 
658 -0.000827 
659 -0.000507 
660 0.000855 
661 0.002544 
662 0.003946 
663 0.004949 
664 0.005561 
665 0.005650 
666 0.005001 
667 0.003454 
668 0.001897 
669 0.001008 
670 0.000888 
671 0.001170 
672 0.001436 
673 0.001939 
674 0.002880 
675 0.003956 
676 0.004553 
677 0.004202 
678 0.003189 
679 0.002091 
680 0.001153 
681 0.000444 
682 0.000242 
683 0.000925 
684 0.002225 
685 0.003700 
686 0.005016 
687 0.006106 
688 0.006402 
689 0.005378 
690 0.003277 
691 0.000866 
692 -0.001049 
693 -0.002288 
694 -0.002775 
695 -0.002223 
696 -0.000447 
697 0.002106 
698 0.004519 
699 0.006222 
700 0.006939 
701 0.006370 
702 0.004320 
703 0.001340 
704 -0.001557 
705 -0.003644 
706 -0.004702 
707 -0.004562 
708 -0.002901 
709 -0.000129 
710 0.002879 
711 0.004995 
712 0.005905 
713 0.005499 
714 0.004031 
715 0.002059 
716 -0.000068 
717 -0.001947 
718 -0.003092 
719 -0.003214 
720 -0.002388 
721 -0.001051 
722 0.000179 
723 0.001121 
724 0.001882 
725 0.002420 
726 0.002458 
727 0.001825 
728 0.001034 
729 0.000345 
730 -0.000173 
731 -0.000888 
732 -0.001853 
733 -0.002660 
734 -0.002994 
735 -0.002846 
736 -0.002401 
737 -0.001707 
738 -0.000749 
739 0.000278 
740 0.001158 
741 0.001643 
742 0.001834 
743 0.001511 
744 0.000546 
745 -0.000867 
746 -0.002279 
747 -0.003345 
748 -0.004020 
749 -0.004157 
750 -0.003769 
751 -0.002795 
752 -0.001508 
753 -0.000370 
754 0.000370 
755 0.000528 
756 0.000347 
757 -0.000044 
758 -0.000632 
759 -0.001425 
760 -0.002234 
761 -0.002862 
762 -0.003194 
763 -0.003141 
764 -0.002894 
765 -0.002467 
766 -0.001942 
767 -0.001458 
768 -0.001172 
769 -0.001179 
770 -0.001406 
771 -0.001591 
772 -0.001618 
773 -0.001609 
774 -0.001770 
775 -0.002110 
776 -0.002333 
777 -0.002283 
778 -0.002178 
779 -0.002251 
780 -0.002470 
781 -0.002509 
782 -0.002255 
783 -0.001791 
784 -0.001304 
785 -0.001080 
786 -0.001235 
787 -0.001620 
788 -0.002091 
789 -0.002484 
790 -0.002757 
791 -0.002795 
792 -0.002464 
793 -0.001931 
794 -0.001379 
795 -0.000810 
796 -0.000211 
797 0.000193 
798 -0.000013 
799 -0.000851 
800 -0.001923 
801 -0.002820 
802 -0.003261 
803 -0.003379 
804 -0.003243 
805 -0.002807 
806 -0.002063 
807 -0.001148 
808 -0.000306 
809 0.000074 
810 -0.000232 
811 -0.001025 
812 -0.001710 
813 -0.001956 
814 -0.001972 
815 -0.002035 
816 -0.002035 
817 -0.001611 
818 -0.000832 
819 -0.000252 
820 -0.000346 
821 -0.000954 
822 -0.001629 
823 -0.002007 
824 -0.002158 
825 -0.002137 
826 -0.001863 
827 -0.001230 
828 -0.000297 
829 0.000528 
830 0.000857 
831 0.000721 
832 0.000332 
833 -0.000236 
834 -0.001088 
835 -0.002085 
836 -0.002796 
837 -0.002842 
838 -0.002269 
839 -0.001430 
840 -0.000591 
841 0.000109 
842 0.000638 
843 0.000891 
844 0.000853 
845 0.000485 
846 -0.000130 
847 -0.000754 
848 -0.001173 
849 -0.001315 
850 -0.001230 
851 -0.000923 
852 -0.000411 
853 0.000288 
854 0.000917 
855 0.001271 
856 0.001328 
857 0.001220 
858 0.000978 
859 0.000480 
860 -0.000225 
861 -0.000923 
862 -0.001341 
863 -0.001325 
864 -0.000955 
865 -0.000302 
866 0.000590 
867 0.001604 
868 0.002370 
869 0.002580 
870 0.002171 
871 0.001403 
872 0.000534 
873 -0.000296 
874 -0.001041 
875 -0.001590 
876 -0.001669 
877 -0.001135 
878 -0.000139 
879 0.000930 
880 0.001787 
881 0.002369 
882 0.002625 
883 0.002504 
884 0.001954 
885 0.001070 
886 0.000124 
887 -0.000577 
888 -0.000890 
889 -0.000829 
890 -0.000460 
891 0.000099 
892 0.000807 
893 0.001587 
894 0.002215 
895 0.002477 
896 0.002296 
897 0.001836 
898 0.001260 
899 0.000584 
900 -0.000108 
901 -0.000633 
902 -0.000770 
903 -0.000486 
904 0.000046 
905 0.000653 
906 0.001232 
907 0.001734 
908 0.002034 
909 0.002030 
910 0.001726 
911 0.001249 
912 0.000770 
913 0.000376 
914 0.000116 
915 0.000015 
916 0.000105 
917 0.000361 
918 0.000681 
919 0.000943 
920 0.001075 
921 0.001099 
922 0.001043 
923 0.000934 
924 0.000765 
925 0.000608 
926 0.000578 
927 0.000671 
928 0.000830 
929 0.000941 
930 0.000940 
931 0.000855 
932 0.000678 
933 0.000453 
934 0.000267 
935 0.000150 
936 0.000084 
937 0.000098 
938 0.000237 
939 0.000482 
940 0.000693 
941 0.000775 
942 0.000793 
943 0.000779 
944 0.000711 
945 0.000495 
946 0.000204 
947 0.000001 
948 -0.000023 
949 0.000016 
950 0.000044 
951 0.000137 
952 0.000347 
953 0.000609 
954 0.000781 
955 0.000816 
956 0.000770 
957 0.000674 
958 0.000511 
959 0.000287 
960 0.000039 
961 -0.000167 
962 -0.000277 
963 -0.000270 
964 -0.000145 
965 0.000027 
966 0.000213 
967 0.000411 
968 0.000610 
969 0.000749 
970 0.000744 
971 0.000574 
972 0.000293 
973 -0.000033 
974 -0.000334 
975 -0.000565 
976 -0.000648 
977 -0.000586 
978 -0.000410 
979 -0.000143 
980 0.000202 
981 0.000549 
982 0.000757 
983 0.000766 
984 0.000610 
985 0.000357 
986 0.000040 
987 -0.000292 
988 -0.000534 
989 -0.000620 
990 -0.000546 
991 -0.000356 
992 -0.000097 
993 0.000153 
994 0.000340 
995 0.000409 
996 0.000346 
997 0.000178 
998 -0.000035 
999 -0.000224 
1000 -0.000358 
1001 -0.000424 
1002 -0.000408 
1003 -0.000328 
1004 -0.000232 
1005 -0.000171 
1006 -0.000159 
1007 -0.000185 
1008 -0.000227 
1009 -0.000253 
1010 -0.000231 
1011 -0.000170 
1012 -0.000086 
1013 0.000010 
1014 0.000072 
1015 0.000075 
1016 0.000006 
1017 -0.000125 
1018 -0.000286 
1019 -0.000454 
1020 -0.000584 
1021 -0.000622 
1022 -0.000534 
1023 -0.000342 
