0 0.000528 
1 0.000515 
2 0.000415 
3 0.000298 
4 0.000149 
5 0.000170 
6 0.000472 
7 0.000827 
8 0.000962 
9 0.000769 
10 0.000450 
11 0.000215 
12 0.000069 
13 -0.000027 
14 -0.000093 
15 -0.000128 
16 0.000036 
17 0.000434 
18 0.000845 
19 0.001033 
20 0.000883 
21 0.000395 
22 -0.000195 
23 -0.000655 
24 -0.000647 
25 -0.000123 
26 0.000387 
27 0.000557 
28 0.000604 
29 0.000607 
30 0.000402 
31 -0.000023 
32 -0.000359 
33 -0.000439 
34 -0.000422 
35 -0.000460 
36 -0.000403 
37 -0.000117 
38 0.000239 
39 0.000420 
40 0.000445 
41 0.000490 
42 0.000422 
43 0.000165 
44 -0.000033 
45 -0.000115 
46 -0.000205 
47 -0.000317 
48 -0.000448 
49 -0.000516 
50 -0.000363 
51 -0.000003 
52 0.000467 
53 0.000702 
54 0.000537 
55 0.000321 
56 0.000244 
57 0.000120 
58 -0.000144 
59 -0.000288 
60 -0.000238 
61 -0.000115 
62 0.000005 
63 0.000275 
64 0.000646 
65 0.000842 
66 0.000613 
67 -0.000024 
68 -0.000478 
69 -0.000287 
70 0.000306 
71 0.000754 
72 0.000873 
73 0.000733 
74 0.000404 
75 -0.000078 
76 -0.000489 
77 -0.000385 
78 0.000104 
79 0.000403 
80 0.000280 
81 0.000103 
82 0.000189 
83 0.000342 
84 0.000317 
85 0.000145 
86 0.000084 
87 0.000278 
88 0.000502 
89 0.000526 
90 0.000475 
91 0.000206 
92 -0.000572 
93 -0.001393 
94 -0.001442 
95 -0.000745 
96 0.000241 
97 0.001195 
98 0.001796 
99 0.001751 
100 0.001292 
101 0.000677 
102 -0.000017 
103 -0.000524 
104 -0.000854 
105 -0.001295 
106 -0.001447 
107 -0.000993 
108 -0.000085 
109 0.001005 
110 0.001418 
111 0.000741 
112 -0.000227 
113 -0.000799 
114 -0.000573 
115 0.000296 
116 0.000959 
117 0.001003 
118 0.000517 
119 -0.000324 
120 -0.000865 
121 -0.001071 
122 -0.001604 
123 -0.001990 
124 -0.001477 
125 -0.000201 
126 0.000944 
127 0.001552 
128 0.001725 
129 0.001412 
130 0.000464 
131 -0.000402 
132 -0.000480 
133 -0.000234 
134 -0.000417 
135 -0.000774 
136 -0.000648 
137 -0.000057 
138 0.000556 
139 0.000923 
140 0.000996 
141 0.000777 
142 0.000824 
143 0.001503 
144 0.002355 
145 0.002646 
146 0.001884 
147 0.000416 
148 -0.001040 
149 -0.001941 
150 -0.001888 
151 -0.000934 
152 -0.000047 
153 0.000341 
154 0.000326 
155 -0.000055 
156 -0.000362 
157 -0.000153 
158 0.000656 
159 0.001476 
160 0.001128 
161 -0.000537 
162 -0.002233 
163 -0.002752 
164 -0.002312 
165 -0.002019 
166 -0.002213 
167 -0.002166 
168 -0.001404 
169 -0.000108 
170 0.001023 
171 0.001052 
172 0.000004 
173 -0.001410 
174 -0.002688 
175 -0.002959 
176 -0.002039 
177 -0.000892 
178 -0.000138 
179 -0.000045 
180 -0.000198 
181 0.000049 
182 0.000750 
183 0.001565 
184 0.001970 
185 0.000889 
186 -0.001110 
187 -0.002017 
188 -0.001509 
189 -0.000980 
190 -0.001455 
191 -0.002333 
192 -0.002545 
193 -0.001847 
194 -0.000403 
195 0.001522 
196 0.003311 
197 0.004060 
198 0.003256 
199 0.001432 
200 -0.000062 
201 -0.001312 
202 -0.003051 
203 -0.004330 
204 -0.003862 
205 -0.002317 
206 -0.000951 
207 -0.000121 
208 0.000919 
209 0.002237 
210 0.002312 
211 0.000970 
212 0.000333 
213 0.001667 
214 0.002964 
215 0.002695 
216 0.001929 
217 0.001315 
218 0.000775 
219 0.000283 
220 -0.000148 
221 -0.000051 
222 0.000666 
223 0.001678 
224 0.002959 
225 0.004058 
226 0.004132 
227 0.002759 
228 0.000000 
229 -0.003269 
230 -0.004058 
231 -0.001356 
232 0.002154 
233 0.004074 
234 0.003759 
235 0.001417 
236 -0.002275 
237 -0.005391 
238 -0.005699 
239 -0.003803 
240 -0.002455 
241 -0.002053 
242 -0.000746 
243 0.000881 
244 0.001163 
245 0.000220 
246 -0.001262 
247 -0.003544 
248 -0.006820 
249 -0.009014 
250 -0.007767 
251 -0.004056 
252 -0.001295 
253 -0.000577 
254 -0.000787 
255 -0.001456 
256 -0.002366 
257 -0.002091 
258 -0.001027 
259 -0.000891 
260 -0.002483 
261 -0.004306 
262 -0.003836 
263 -0.000456 
264 0.002951 
265 0.003247 
266 0.000744 
267 -0.002836 
268 -0.005391 
269 -0.004409 
270 -0.000309 
271 0.002666 
272 0.001850 
273 -0.001584 
274 -0.004565 
275 -0.003470 
276 0.002576 
277 0.009036 
278 0.010598 
279 0.006310 
280 -0.000900 
281 -0.005436 
282 -0.004464 
283 -0.001319 
284 0.000849 
285 0.001714 
286 0.001034 
287 0.000250 
288 0.000601 
289 0.000490 
290 -0.000157 
291 -0.001189 
292 -0.002810 
293 -0.002712 
294 0.000899 
295 0.005458 
296 0.007856 
297 0.006708 
298 0.002307 
299 -0.002387 
300 -0.004383 
301 -0.003081 
302 0.000505 
303 0.004260 
304 0.004808 
305 0.002283 
306 0.000445 
307 0.000793 
308 0.001131 
309 -0.000120 
310 -0.002337 
311 -0.003025 
312 -0.001062 
313 0.001643 
314 0.003691 
315 0.004516 
316 0.002497 
317 -0.002390 
318 -0.006140 
319 -0.006760 
320 -0.006712 
321 -0.006687 
322 -0.005919 
323 -0.004718 
324 -0.003063 
325 -0.001184 
326 -0.000281 
327 -0.001141 
328 -0.003655 
329 -0.007579 
330 -0.009796 
331 -0.007262 
332 -0.002365 
333 0.000196 
334 0.000215 
335 -0.001265 
336 -0.003098 
337 -0.002740 
338 -0.000480 
339 0.001929 
340 0.003613 
341 0.003214 
342 0.000961 
343 -0.000602 
344 -0.001887 
345 -0.003267 
346 -0.003841 
347 -0.003700 
348 -0.001331 
349 0.004566 
350 0.010238 
351 0.011837 
352 0.010397 
353 0.005832 
354 -0.001630 
355 -0.006435 
356 -0.005144 
357 -0.000306 
358 0.003846 
359 0.005301 
360 0.004858 
361 0.005416 
362 0.006559 
363 0.006168 
364 0.004501 
365 0.001355 
366 -0.003658 
367 -0.007318 
368 -0.005963 
369 -0.000754 
370 0.003183 
371 0.003180 
372 0.000426 
373 -0.001468 
374 -0.000193 
375 0.003098 
376 0.006294 
377 0.006933 
378 0.003562 
379 -0.001838 
380 -0.004124 
381 -0.001450 
382 0.003045 
383 0.004746 
384 0.002439 
385 -0.000319 
386 -0.001301 
387 0.000053 
388 0.002875 
389 0.004874 
390 0.004757 
391 0.002669 
392 -0.000402 
393 -0.000858 
394 0.002517 
395 0.004764 
396 0.002582 
397 -0.002489 
398 -0.008056 
399 -0.010472 
400 -0.007016 
401 -0.000411 
402 0.004512 
403 0.004065 
404 -0.000558 
405 -0.004079 
406 -0.005413 
407 -0.007511 
408 -0.010946 
409 -0.013954 
410 -0.013964 
411 -0.010395 
412 -0.005102 
413 -0.000238 
414 0.003896 
415 0.003838 
416 -0.001022 
417 -0.005976 
418 -0.007538 
419 -0.006202 
420 -0.004095 
421 -0.001573 
422 0.000881 
423 0.001420 
424 -0.000615 
425 -0.002633 
426 -0.002969 
427 -0.002902 
428 -0.002709 
429 -0.000065 
430 0.005234 
431 0.010071 
432 0.013133 
433 0.014164 
434 0.011498 
435 0.004771 
436 -0.001134 
437 -0.002472 
438 -0.001756 
439 -0.002536 
440 -0.002257 
441 0.002208 
442 0.006709 
443 0.007429 
444 0.007523 
445 0.009166 
446 0.009291 
447 0.004210 
448 -0.003975 
449 -0.009223 
450 -0.009202 
451 -0.007485 
452 -0.005668 
453 -0.002868 
454 -0.000076 
455 0.001789 
456 0.003008 
457 0.004927 
458 0.006722 
459 0.004987 
460 -0.001097 
461 -0.007169 
462 -0.010114 
463 -0.009473 
464 -0.004953 
465 0.000729 
466 0.004132 
467 0.005329 
468 0.004584 
469 0.002907 
470 0.003479 
471 0.004593 
472 0.001749 
473 -0.003041 
474 -0.004820 
475 -0.002036 
476 0.003163 
477 0.005354 
478 0.002912 
479 -0.000847 
480 -0.002935 
481 -0.002593 
482 0.000700 
483 0.004093 
484 0.003667 
485 -0.000583 
486 -0.004653 
487 -0.005650 
488 -0.005383 
489 -0.006111 
490 -0.006221 
491 -0.003272 
492 0.000827 
493 0.002415 
494 0.003390 
495 0.004664 
496 0.001659 
497 -0.005467 
498 -0.010990 
499 -0.011733 
500 -0.007487 
501 -0.001307 
502 0.004594 
503 0.010635 
504 0.011535 
505 0.005806 
506 0.000455 
507 -0.001730 
508 -0.002731 
509 -0.001836 
510 0.001164 
511 0.004372 
512 0.006394 
513 0.006223 
514 0.004965 
515 0.003504 
516 0.001659 
517 0.001940 
518 0.005695 
519 0.010139 
520 0.011810 
521 0.009401 
522 0.005468 
523 0.002569 
524 0.000799 
525 -0.000382 
526 -0.001187 
527 -0.001611 
528 0.000389 
529 0.005223 
530 0.010152 
531 0.012394 
532 0.010565 
533 0.004739 
534 -0.002257 
535 -0.007646 
536 -0.007513 
537 -0.001361 
538 0.004564 
539 0.006504 
540 0.007023 
541 0.007021 
542 0.004682 
543 -0.000103 
544 -0.003830 
545 -0.004668 
546 -0.004437 
547 -0.004809 
548 -0.004132 
549 -0.001003 
550 0.002819 
551 0.004713 
552 0.004940 
553 0.005381 
554 0.004658 
555 0.001998 
556 -0.000026 
557 -0.000833 
558 -0.001716 
559 -0.002795 
560 -0.004036 
561 -0.004642 
562 -0.003117 
563 0.000348 
564 0.004812 
565 0.006970 
566 0.005400 
567 0.003366 
568 0.002647 
569 0.001526 
570 -0.000843 
571 -0.002102 
572 -0.001631 
573 -0.000557 
574 0.000490 
575 0.002771 
576 0.005859 
577 0.007402 
578 0.005451 
579 0.000228 
580 -0.003411 
581 -0.001860 
582 0.002809 
583 0.006266 
584 0.007098 
585 0.005960 
586 0.003411 
587 -0.000190 
588 -0.003209 
589 -0.002399 
590 0.001153 
591 0.003273 
592 0.002362 
593 0.001102 
594 0.001674 
595 0.002683 
596 0.002471 
597 0.001297 
598 0.000875 
599 0.002112 
600 0.003517 
601 0.003616 
602 0.003266 
603 0.001555 
604 -0.003217 
605 -0.008157 
606 -0.008352 
607 -0.004141 
608 0.001645 
609 0.007107 
610 0.010439 
611 0.010055 
612 0.007367 
613 0.003887 
614 0.000050 
615 -0.002686 
616 -0.004428 
617 -0.006705 
618 -0.007424 
619 -0.005013 
620 -0.000354 
621 0.005109 
622 0.007089 
623 0.003660 
624 -0.001084 
625 -0.003827 
626 -0.002730 
627 0.001347 
628 0.004378 
629 0.004500 
630 0.002234 
631 -0.001554 
632 -0.003943 
633 -0.004806 
634 -0.007055 
635 -0.008632 
636 -0.006378 
637 -0.001015 
638 0.003690 
639 0.006110 
640 0.006726 
641 0.005391 
642 0.001589 
643 -0.001808 
644 -0.002097 
645 -0.001151 
646 -0.001840 
647 -0.003145 
648 -0.002653 
649 -0.000487 
650 0.001699 
651 0.002965 
652 0.003174 
653 0.002368 
654 0.002488 
655 0.004733 
656 0.007517 
657 0.008378 
658 0.005773 
659 0.000953 
660 -0.003717 
661 -0.006530 
662 -0.006289 
663 -0.003279 
664 -0.000533 
665 0.000641 
666 0.000573 
667 -0.000572 
668 -0.001485 
669 -0.000866 
670 0.001430 
671 0.003713 
672 0.002701 
673 -0.001925 
674 -0.006533 
675 -0.007863 
676 -0.006616 
677 -0.005777 
678 -0.006220 
679 -0.006047 
680 -0.004054 
681 -0.000744 
682 0.002079 
683 0.002140 
684 -0.000455 
685 -0.003861 
686 -0.006879 
687 -0.007453 
688 -0.005234 
689 -0.002533 
690 -0.000785 
691 -0.000579 
692 -0.000920 
693 -0.000367 
694 0.001158 
695 0.002903 
696 0.003731 
697 0.001392 
698 -0.002804 
699 -0.004638 
700 -0.003548 
701 -0.002438 
702 -0.003371 
703 -0.005078 
704 -0.005443 
705 -0.004048 
706 -0.001246 
707 0.002417 
708 0.005740 
709 0.007065 
710 0.005515 
711 0.002143 
712 -0.000547 
713 -0.002757 
714 -0.005778 
715 -0.007935 
716 -0.007040 
717 -0.004332 
718 -0.001978 
719 -0.000573 
720 0.001151 
721 0.003294 
722 0.003388 
723 0.001209 
724 0.000192 
725 0.002274 
726 0.004272 
727 0.003823 
728 0.002636 
729 0.001696 
730 0.000886 
731 0.000157 
732 -0.000462 
733 -0.000307 
734 0.000719 
735 0.002133 
736 0.003900 
737 0.005382 
738 0.005437 
739 0.003542 
740 -0.000172 
741 -0.004481 
742 -0.005453 
743 -0.001891 
744 0.002620 
745 0.005025 
746 0.004579 
747 0.001632 
748 -0.002924 
749 -0.006672 
750 -0.006967 
751 -0.004634 
752 -0.002983 
753 -0.002480 
754 -0.000936 
755 0.000934 
756 0.001241 
757 0.000178 
758 -0.001453 
759 -0.003925 
760 -0.007413 
761 -0.009675 
762 -0.008253 
763 -0.004277 
764 -0.001359 
765 -0.000603 
766 -0.000804 
767 -0.001458 
768 -0.002335 
769 -0.002030 
770 -0.000972 
771 -0.000820 
772 -0.002328 
773 -0.004016 
774 -0.003526 
775 -0.000356 
776 0.002773 
777 0.003021 
778 0.000752 
779 -0.002418 
780 -0.004634 
781 -0.003729 
782 -0.000164 
783 0.002376 
784 0.001673 
785 -0.001199 
786 -0.003637 
787 -0.002704 
788 0.002203 
789 0.007338 
790 0.008494 
791 0.005062 
792 -0.000560 
793 -0.004013 
794 -0.003229 
795 -0.000827 
796 0.000792 
797 0.001422 
798 0.000914 
799 0.000338 
800 0.000580 
801 0.000495 
802 0.000035 
803 -0.000670 
804 -0.001766 
805 -0.001676 
806 0.000752 
807 0.003760 
808 0.005293 
809 0.004502 
810 0.001646 
811 -0.001335 
812 -0.002571 
813 -0.001731 
814 0.000489 
815 0.002758 
816 0.003053 
817 0.001517 
818 0.000414 
819 0.000609 
820 0.000797 
821 0.000081 
822 -0.001162 
823 -0.001523 
824 -0.000420 
825 0.001064 
826 0.002151 
827 0.002564 
828 0.001472 
829 -0.001099 
830 -0.003025 
831 -0.003308 
832 -0.003249 
833 -0.003199 
834 -0.002782 
835 -0.002162 
836 -0.001332 
837 -0.000420 
838 0.000011 
839 -0.000399 
840 -0.001565 
841 -0.003344 
842 -0.004315 
843 -0.003134 
844 -0.000926 
845 0.000207 
846 0.000217 
847 -0.000427 
848 -0.001208 
849 -0.001049 
850 -0.000102 
851 0.000878 
852 0.001548 
853 0.001367 
854 0.000460 
855 -0.000162 
856 -0.000660 
857 -0.001184 
858 -0.001394 
859 -0.001331 
860 -0.000442 
861 0.001720 
862 0.003757 
863 0.004288 
864 0.003727 
865 0.002082 
866 -0.000531 
867 -0.002175 
868 -0.001718 
869 -0.000082 
870 0.001291 
871 0.001745 
872 0.001577 
873 0.001733 
874 0.002073 
875 0.001926 
876 0.001384 
877 0.000404 
878 -0.001119 
879 -0.002204 
880 -0.001777 
881 -0.000235 
882 0.000905 
883 0.000893 
884 0.000103 
885 -0.000432 
886 -0.000077 
887 0.000820 
888 0.001669 
889 0.001821 
890 0.000912 
891 -0.000505 
892 -0.001090 
893 -0.000398 
894 0.000731 
895 0.001141 
896 0.000556 
897 -0.000122 
898 -0.000356 
899 -0.000029 
900 0.000636 
901 0.001092 
902 0.001051 
903 0.000560 
904 -0.000136 
905 -0.000241 
906 0.000497 
907 0.000978 
908 0.000500 
909 -0.000579 
910 -0.001735 
911 -0.002214 
912 -0.001484 
913 -0.000136 
914 0.000843 
915 0.000742 
916 -0.000168 
917 -0.000843 
918 -0.001087 
919 -0.001471 
920 -0.002094 
921 -0.002621 
922 -0.002590 
923 -0.001903 
924 -0.000944 
925 -0.000082 
926 0.000631 
927 0.000612 
928 -0.000218 
929 -0.001047 
930 -0.001294 
931 -0.001057 
932 -0.000705 
933 -0.000292 
934 0.000100 
935 0.000183 
936 -0.000133 
937 -0.000441 
938 -0.000489 
939 -0.000474 
940 -0.000440 
941 -0.000048 
942 0.000714 
943 0.001395 
944 0.001814 
945 0.001938 
946 0.001552 
947 0.000618 
948 -0.000187 
949 -0.000365 
950 -0.000271 
951 -0.000370 
952 -0.000330 
953 0.000245 
954 0.000812 
955 0.000898 
956 0.000904 
957 0.001095 
958 0.001095 
959 0.000476 
960 -0.000496 
961 -0.001106 
962 -0.001094 
963 -0.000886 
964 -0.000669 
965 -0.000346 
966 -0.000030 
967 0.000177 
968 0.000311 
969 0.000515 
970 0.000704 
971 0.000513 
972 -0.000128 
973 -0.000759 
974 -0.001055 
975 -0.000980 
976 -0.000512 
977 0.000065 
978 0.000407 
979 0.000524 
980 0.000448 
981 0.000281 
982 0.000332 
983 0.000436 
984 0.000163 
985 -0.000286 
986 -0.000450 
987 -0.000189 
988 0.000288 
989 0.000487 
990 0.000266 
991 -0.000072 
992 -0.000255 
993 -0.000223 
994 0.000070 
995 0.000367 
996 0.000326 
997 -0.000043 
998 -0.000392 
999 -0.000475 
1000 -0.000449 
1001 -0.000510 
1002 -0.000516 
1003 -0.000265 
1004 0.000079 
1005 0.000210 
1006 0.000290 
1007 0.000394 
1008 0.000148 
1009 -0.000435 
1010 -0.000883 
1011 -0.000939 
1012 -0.000590 
1013 -0.000087 
1014 0.000390 
1015 0.000876 
1016 0.000947 
1017 0.000484 
1018 0.000053 
1019 -0.000121 
1020 -0.000201 
1021 -0.000129 
1022 0.000114 
1023 0.000373 
