0 -0.000129 
1 -0.000222 
2 -0.000291 
3 -0.000284 
4 -0.000243 
5 -0.000208 
6 -0.000148 
7 -0.000049 
8 0.000026 
9 0.000006 
10 -0.000141 
11 -0.000348 
12 -0.000494 
13 -0.000513 
14 -0.000458 
15 -0.000396 
16 -0.000302 
17 -0.000203 
18 -0.000156 
19 -0.000135 
20 -0.000114 
21 -0.000109 
22 -0.000120 
23 -0.000172 
24 -0.000243 
25 -0.000258 
26 -0.000214 
27 -0.000201 
28 -0.000249 
29 -0.000270 
30 -0.000200 
31 -0.000107 
32 -0.000027 
33 0.000036 
34 0.000002 
35 -0.000123 
36 -0.000234 
37 -0.000287 
38 -0.000313 
39 -0.000313 
40 -0.000272 
41 -0.000188 
42 -0.000102 
43 -0.000044 
44 0.000001 
45 0.000019 
46 -0.000089 
47 -0.000317 
48 -0.000457 
49 -0.000340 
50 -0.000068 
51 0.000100 
52 0.000099 
53 0.000098 
54 0.000204 
55 0.000292 
56 0.000198 
57 0.000019 
58 -0.000046 
59 -0.000071 
60 -0.000132 
61 -0.000102 
62 0.000037 
63 0.000121 
64 0.000102 
65 0.000081 
66 0.000092 
67 0.000122 
68 0.000106 
69 -0.000002 
70 -0.000123 
71 -0.000155 
72 -0.000072 
73 0.000140 
74 0.000415 
75 0.000640 
76 0.000723 
77 0.000667 
78 0.000465 
79 0.000157 
80 -0.000127 
81 -0.000266 
82 -0.000300 
83 -0.000290 
84 -0.000130 
85 0.000198 
86 0.000477 
87 0.000587 
88 0.000630 
89 0.000670 
90 0.000627 
91 0.000554 
92 0.000574 
93 0.000618 
94 0.000599 
95 0.000539 
96 0.000415 
97 0.000174 
98 -0.000084 
99 -0.000233 
100 -0.000206 
101 -0.000038 
102 0.000134 
103 0.000352 
104 0.000762 
105 0.001196 
106 0.001359 
107 0.001263 
108 0.001045 
109 0.000689 
110 0.000182 
111 -0.000254 
112 -0.000441 
113 -0.000443 
114 -0.000334 
115 -0.000124 
116 0.000199 
117 0.000673 
118 0.001153 
119 0.001339 
120 0.001162 
121 0.000903 
122 0.000797 
123 0.000665 
124 0.000361 
125 0.000144 
126 0.000165 
127 0.000184 
128 0.000121 
129 0.000042 
130 0.000147 
131 0.000346 
132 0.000343 
133 0.000111 
134 -0.000046 
135 0.000126 
136 0.000452 
137 0.000605 
138 0.000510 
139 0.000376 
140 0.000325 
141 0.000346 
142 0.000431 
143 0.000549 
144 0.000671 
145 0.000579 
146 0.000397 
147 0.000444 
148 0.000593 
149 0.000491 
150 0.000174 
151 0.000087 
152 0.000272 
153 0.000345 
154 0.000340 
155 0.000428 
156 0.000438 
157 0.000231 
158 0.000095 
159 0.000160 
160 0.000190 
161 -0.000012 
162 -0.000328 
163 -0.000564 
164 -0.000674 
165 -0.000674 
166 -0.000504 
167 -0.000128 
168 0.000108 
169 -0.000018 
170 -0.000221 
171 -0.000169 
172 -0.000202 
173 -0.000523 
174 -0.000853 
175 -0.000875 
176 -0.000717 
177 -0.000487 
178 -0.000262 
179 0.000043 
180 0.000437 
181 0.000693 
182 0.000663 
183 0.000539 
184 0.000204 
185 -0.000433 
186 -0.001037 
187 -0.001390 
188 -0.001759 
189 -0.001981 
190 -0.001597 
191 -0.000951 
192 -0.000686 
193 -0.000761 
194 -0.000748 
195 -0.000524 
196 -0.000271 
197 -0.000290 
198 -0.000474 
199 -0.000414 
200 -0.000042 
201 0.000049 
202 -0.000243 
203 -0.000233 
204 -0.000013 
205 -0.000351 
206 -0.001138 
207 -0.001586 
208 -0.001292 
209 -0.000953 
210 -0.001127 
211 -0.001379 
212 -0.000884 
213 0.000249 
214 0.001143 
215 0.001262 
216 0.000974 
217 0.000613 
218 0.000019 
219 -0.001198 
220 -0.002722 
221 -0.003614 
222 -0.003608 
223 -0.003004 
224 -0.001988 
225 -0.000631 
226 0.000657 
227 0.001358 
228 0.001262 
229 0.000438 
230 -0.000494 
231 -0.001346 
232 -0.002063 
233 -0.002279 
234 -0.001648 
235 -0.000682 
236 -0.000161 
237 0.000031 
238 0.000231 
239 0.000106 
240 -0.000297 
241 -0.000274 
242 0.000155 
243 0.000127 
244 -0.000653 
245 -0.001521 
246 -0.002116 
247 -0.002526 
248 -0.002723 
249 -0.002416 
250 -0.001456 
251 -0.000300 
252 0.000676 
253 0.001700 
254 0.002670 
255 0.002741 
256 0.001793 
257 0.000810 
258 0.000176 
259 -0.000520 
260 -0.001042 
261 -0.000988 
262 -0.000685 
263 -0.000373 
264 0.000070 
265 0.000787 
266 0.001587 
267 0.002155 
268 0.002303 
269 0.002361 
270 0.002348 
271 0.001752 
272 0.000881 
273 0.000453 
274 0.000206 
275 -0.000644 
276 -0.001759 
277 -0.002320 
278 -0.002206 
279 -0.001781 
280 -0.001180 
281 -0.000268 
282 0.000934 
283 0.002065 
284 0.002464 
285 0.002355 
286 0.002320 
287 0.002049 
288 0.001019 
289 -0.000246 
290 -0.000819 
291 -0.000627 
292 -0.000149 
293 0.000067 
294 0.000172 
295 0.000839 
296 0.001672 
297 0.001484 
298 0.000541 
299 -0.000057 
300 -0.000215 
301 -0.000647 
302 -0.001394 
303 -0.001285 
304 -0.000192 
305 0.000418 
306 0.000004 
307 -0.000076 
308 0.000718 
309 0.000960 
310 -0.000435 
311 -0.002352 
312 -0.003219 
313 -0.002966 
314 -0.002507 
315 -0.002258 
316 -0.001776 
317 -0.000653 
318 0.000634 
319 0.001236 
320 0.001152 
321 0.000878 
322 0.000315 
323 -0.000913 
324 -0.002233 
325 -0.002350 
326 -0.001277 
327 -0.000329 
328 -0.000302 
329 -0.000510 
330 -0.000413 
331 -0.000651 
332 -0.001621 
333 -0.002554 
334 -0.002623 
335 -0.002153 
336 -0.001626 
337 -0.000686 
338 0.000778 
339 0.001548 
340 0.000953 
341 0.000042 
342 -0.000230 
343 -0.000445 
344 -0.001176 
345 -0.001874 
346 -0.001817 
347 -0.001300 
348 -0.001162 
349 -0.001327 
350 -0.001110 
351 -0.000125 
352 0.001057 
353 0.001704 
354 0.001757 
355 0.001191 
356 0.000254 
357 -0.000925 
358 -0.002254 
359 -0.003113 
360 -0.002948 
361 -0.001940 
362 -0.000577 
363 0.000507 
364 0.000658 
365 -0.000169 
366 -0.001567 
367 -0.002859 
368 -0.003231 
369 -0.002738 
370 -0.001829 
371 -0.000607 
372 0.000652 
373 0.001451 
374 0.001509 
375 0.001148 
376 0.000427 
377 -0.000716 
378 -0.001657 
379 -0.002001 
380 -0.001812 
381 -0.001151 
382 -0.000176 
383 0.000484 
384 0.000766 
385 0.001199 
386 0.001960 
387 0.002731 
388 0.002622 
389 0.000892 
390 -0.001302 
391 -0.002111 
392 -0.001733 
393 -0.001732 
394 -0.002206 
395 -0.001867 
396 -0.000573 
397 0.001002 
398 0.002723 
399 0.004123 
400 0.004254 
401 0.003066 
402 0.001435 
403 0.000417 
404 -0.000194 
405 -0.001206 
406 -0.001940 
407 -0.001066 
408 0.000842 
409 0.001747 
410 0.001442 
411 0.001423 
412 0.001862 
413 0.001889 
414 0.001923 
415 0.002804 
416 0.003837 
417 0.003571 
418 0.002087 
419 0.000695 
420 0.000027 
421 -0.000303 
422 -0.001015 
423 -0.001516 
424 -0.001142 
425 -0.000461 
426 -0.000305 
427 -0.000065 
428 0.001022 
429 0.002264 
430 0.003019 
431 0.003280 
432 0.003583 
433 0.003528 
434 0.002671 
435 0.000796 
436 -0.001254 
437 -0.001870 
438 -0.000593 
439 0.001328 
440 0.002733 
441 0.003245 
442 0.002441 
443 0.000673 
444 -0.000672 
445 -0.001252 
446 -0.001395 
447 -0.000831 
448 0.001130 
449 0.003286 
450 0.004143 
451 0.003825 
452 0.002986 
453 0.001778 
454 0.000536 
455 -0.000780 
456 -0.001275 
457 0.000093 
458 0.002446 
459 0.003746 
460 0.003262 
461 0.002315 
462 0.002012 
463 0.002030 
464 0.001591 
465 0.000591 
466 0.000046 
467 0.000285 
468 0.000571 
469 0.000929 
470 0.001654 
471 0.002073 
472 0.001492 
473 0.000459 
474 -0.000136 
475 -0.000171 
476 -0.000077 
477 -0.000385 
478 -0.001190 
479 -0.001298 
480 -0.000622 
481 -0.000372 
482 -0.000784 
483 -0.001033 
484 -0.000636 
485 -0.000021 
486 0.000422 
487 0.000713 
488 0.000970 
489 0.000657 
490 -0.000607 
491 -0.001940 
492 -0.002131 
493 -0.001358 
494 -0.000973 
495 -0.001246 
496 -0.001293 
497 -0.000991 
498 -0.000854 
499 -0.000762 
500 -0.000548 
501 -0.000661 
502 -0.000931 
503 -0.000903 
504 -0.000831 
505 -0.001130 
506 -0.001572 
507 -0.001630 
508 -0.001246 
509 -0.000789 
510 -0.000580 
511 -0.000799 
512 -0.001541 
513 -0.002689 
514 -0.003555 
515 -0.003451 
516 -0.002908 
517 -0.002432 
518 -0.001671 
519 -0.000425 
520 0.000555 
521 0.000319 
522 -0.001536 
523 -0.004096 
524 -0.005868 
525 -0.006085 
526 -0.005432 
527 -0.004664 
528 -0.003468 
529 -0.002274 
530 -0.001761 
531 -0.001533 
532 -0.001244 
533 -0.001163 
534 -0.001313 
535 -0.001938 
536 -0.002736 
537 -0.002891 
538 -0.002355 
539 -0.002187 
540 -0.002696 
541 -0.002910 
542 -0.002107 
543 -0.001071 
544 -0.000162 
545 0.000567 
546 0.000215 
547 -0.001133 
548 -0.002332 
549 -0.002894 
550 -0.003147 
551 -0.003127 
552 -0.002749 
553 -0.001947 
554 -0.001056 
555 -0.000430 
556 0.000030 
557 0.000208 
558 -0.000817 
559 -0.002985 
560 -0.004273 
561 -0.003086 
562 -0.000455 
563 0.001107 
564 0.001043 
565 0.000989 
566 0.001938 
567 0.002736 
568 0.001888 
569 0.000329 
570 -0.000196 
571 -0.000389 
572 -0.000935 
573 -0.000710 
574 0.000444 
575 0.001077 
576 0.000838 
577 0.000628 
578 0.000762 
579 0.001076 
580 0.000997 
581 0.000160 
582 -0.000765 
583 -0.001003 
584 -0.000369 
585 0.001215 
586 0.003226 
587 0.004855 
588 0.005441 
589 0.004964 
590 0.003402 
591 0.001151 
592 -0.000835 
593 -0.001799 
594 -0.002048 
595 -0.001964 
596 -0.000836 
597 0.001409 
598 0.003262 
599 0.003954 
600 0.004219 
601 0.004451 
602 0.004115 
603 0.003592 
604 0.003663 
605 0.003832 
606 0.003574 
607 0.003139 
608 0.002424 
609 0.001041 
610 -0.000435 
611 -0.001230 
612 -0.000993 
613 -0.000046 
614 0.000838 
615 0.001978 
616 0.004165 
617 0.006402 
618 0.007129 
619 0.006537 
620 0.005386 
621 0.003533 
622 0.000926 
623 -0.001227 
624 -0.002075 
625 -0.002038 
626 -0.001492 
627 -0.000464 
628 0.001046 
629 0.003159 
630 0.005257 
631 0.006046 
632 0.005247 
633 0.004103 
634 0.003625 
635 0.003022 
636 0.001684 
637 0.000698 
638 0.000694 
639 0.000708 
640 0.000423 
641 0.000115 
642 0.000589 
643 0.001492 
644 0.001565 
645 0.000668 
646 0.000021 
647 0.000598 
648 0.001699 
649 0.002136 
650 0.001734 
651 0.001284 
652 0.001160 
653 0.001276 
654 0.001614 
655 0.002066 
656 0.002493 
657 0.002135 
658 0.001445 
659 0.001514 
660 0.001961 
661 0.001633 
662 0.000643 
663 0.000391 
664 0.000986 
665 0.001232 
666 0.001226 
667 0.001461 
668 0.001450 
669 0.000826 
670 0.000422 
671 0.000566 
672 0.000624 
673 0.000113 
674 -0.000684 
675 -0.001316 
676 -0.001619 
677 -0.001585 
678 -0.001093 
679 -0.000110 
680 0.000489 
681 0.000166 
682 -0.000372 
683 -0.000291 
684 -0.000384 
685 -0.001134 
686 -0.001902 
687 -0.001949 
688 -0.001546 
689 -0.000953 
690 -0.000383 
691 0.000342 
692 0.001236 
693 0.001786 
694 0.001676 
695 0.001361 
696 0.000630 
697 -0.000709 
698 -0.001982 
699 -0.002746 
700 -0.003511 
701 -0.003936 
702 -0.003143 
703 -0.001836 
704 -0.001254 
705 -0.001314 
706 -0.001206 
707 -0.000720 
708 -0.000207 
709 -0.000246 
710 -0.000630 
711 -0.000581 
712 0.000043 
713 0.000193 
714 -0.000302 
715 -0.000246 
716 0.000188 
717 -0.000340 
718 -0.001643 
719 -0.002394 
720 -0.001917 
721 -0.001376 
722 -0.001674 
723 -0.002078 
724 -0.001264 
725 0.000542 
726 0.001938 
727 0.002130 
728 0.001699 
729 0.001122 
730 0.000188 
731 -0.001630 
732 -0.003844 
733 -0.005102 
734 -0.005058 
735 -0.004153 
736 -0.002670 
737 -0.000745 
738 0.001026 
739 0.001966 
740 0.001840 
741 0.000753 
742 -0.000474 
743 -0.001578 
744 -0.002481 
745 -0.002743 
746 -0.001961 
747 -0.000784 
748 -0.000156 
749 0.000092 
750 0.000345 
751 0.000195 
752 -0.000270 
753 -0.000212 
754 0.000300 
755 0.000243 
756 -0.000671 
757 -0.001646 
758 -0.002275 
759 -0.002693 
760 -0.002871 
761 -0.002479 
762 -0.001399 
763 -0.000190 
764 0.000777 
765 0.001799 
766 0.002774 
767 0.002794 
768 0.001779 
769 0.000794 
770 0.000216 
771 -0.000427 
772 -0.000937 
773 -0.000879 
774 -0.000540 
775 -0.000226 
776 0.000132 
777 0.000733 
778 0.001444 
779 0.001922 
780 0.001982 
781 0.001984 
782 0.001976 
783 0.001482 
784 0.000747 
785 0.000403 
786 0.000226 
787 -0.000467 
788 -0.001400 
789 -0.001875 
790 -0.001793 
791 -0.001478 
792 -0.001043 
793 -0.000339 
794 0.000609 
795 0.001484 
796 0.001798 
797 0.001757 
798 0.001763 
799 0.001548 
800 0.000755 
801 -0.000181 
802 -0.000607 
803 -0.000511 
804 -0.000211 
805 -0.000052 
806 0.000054 
807 0.000523 
808 0.001080 
809 0.000960 
810 0.000342 
811 -0.000069 
812 -0.000200 
813 -0.000480 
814 -0.000920 
815 -0.000820 
816 -0.000143 
817 0.000222 
818 -0.000027 
819 -0.000095 
820 0.000323 
821 0.000427 
822 -0.000367 
823 -0.001419 
824 -0.001856 
825 -0.001651 
826 -0.001321 
827 -0.001129 
828 -0.000864 
829 -0.000304 
830 0.000326 
831 0.000603 
832 0.000526 
833 0.000358 
834 0.000073 
835 -0.000503 
836 -0.001105 
837 -0.001128 
838 -0.000600 
839 -0.000146 
840 -0.000139 
841 -0.000251 
842 -0.000222 
843 -0.000321 
844 -0.000727 
845 -0.001114 
846 -0.001128 
847 -0.000910 
848 -0.000675 
849 -0.000284 
850 0.000313 
851 0.000625 
852 0.000384 
853 0.000014 
854 -0.000097 
855 -0.000169 
856 -0.000422 
857 -0.000665 
858 -0.000633 
859 -0.000438 
860 -0.000387 
861 -0.000445 
862 -0.000367 
863 -0.000023 
864 0.000377 
865 0.000586 
866 0.000598 
867 0.000412 
868 0.000109 
869 -0.000269 
870 -0.000685 
871 -0.000942 
872 -0.000879 
873 -0.000564 
874 -0.000140 
875 0.000194 
876 0.000228 
877 -0.000033 
878 -0.000447 
879 -0.000810 
880 -0.000893 
881 -0.000730 
882 -0.000462 
883 -0.000113 
884 0.000237 
885 0.000444 
886 0.000446 
887 0.000350 
888 0.000169 
889 -0.000125 
890 -0.000363 
891 -0.000438 
892 -0.000377 
893 -0.000200 
894 0.000045 
895 0.000195 
896 0.000248 
897 0.000339 
898 0.000503 
899 0.000663 
900 0.000622 
901 0.000222 
902 -0.000270 
903 -0.000439 
904 -0.000332 
905 -0.000303 
906 -0.000385 
907 -0.000307 
908 -0.000037 
909 0.000289 
910 0.000637 
911 0.000903 
912 0.000906 
913 0.000657 
914 0.000330 
915 0.000129 
916 0.000014 
917 -0.000168 
918 -0.000293 
919 -0.000121 
920 0.000227 
921 0.000373 
922 0.000299 
923 0.000287 
924 0.000358 
925 0.000356 
926 0.000363 
927 0.000527 
928 0.000715 
929 0.000670 
930 0.000413 
931 0.000172 
932 0.000055 
933 -0.000007 
934 -0.000131 
935 -0.000212 
936 -0.000146 
937 -0.000031 
938 -0.000003 
939 0.000032 
940 0.000189 
941 0.000362 
942 0.000461 
943 0.000489 
944 0.000527 
945 0.000515 
946 0.000395 
947 0.000140 
948 -0.000133 
949 -0.000212 
950 -0.000044 
951 0.000198 
952 0.000363 
953 0.000413 
954 0.000305 
955 0.000083 
956 -0.000081 
957 -0.000146 
958 -0.000151 
959 -0.000075 
960 0.000156 
961 0.000400 
962 0.000487 
963 0.000438 
964 0.000331 
965 0.000188 
966 0.000053 
967 -0.000081 
968 -0.000125 
969 0.000028 
970 0.000281 
971 0.000419 
972 0.000362 
973 0.000253 
974 0.000214 
975 0.000210 
976 0.000160 
977 0.000055 
978 -0.000001 
979 0.000021 
980 0.000047 
981 0.000082 
982 0.000155 
983 0.000195 
984 0.000136 
985 0.000038 
986 -0.000017 
987 -0.000022 
988 -0.000015 
989 -0.000042 
990 -0.000110 
991 -0.000114 
992 -0.000051 
993 -0.000034 
994 -0.000078 
995 -0.000108 
996 -0.000080 
997 -0.000028 
998 0.000012 
999 0.000043 
1000 0.000074 
1001 0.000056 
1002 -0.000046 
1003 -0.000158 
1004 -0.000179 
1005 -0.000123 
1006 -0.000099 
1007 -0.000126 
1008 -0.000128 
1009 -0.000099 
1010 -0.000082 
1011 -0.000068 
1012 -0.000049 
1013 -0.000058 
1014 -0.000082 
1015 -0.000080 
1016 -0.000073 
1017 -0.000097 
1018 -0.000136 
1019 -0.000144 
1020 -0.000113 
1021 -0.000074 
1022 -0.000055 
1023 -0.000072 
