0 0.608410 
1 -0.260242 
2 0.006944 
3 0.055636 
4 -0.058499 
5 0.072171 
6 0.008334 
7 0.002120 
8 -0.047264 
9 0.006479 
10 -0.002465 
11 0.031541 
12 -0.046759 
13 0.161357 
14 -0.061690 
15 0.081809 
16 0.035282 
17 -0.043489 
18 0.046764 
19 -0.051747 
20 0.038633 
21 -0.056030 
22 0.055012 
23 -0.070716 
24 -0.034661 
25 0.063763 
26 -0.115055 
27 0.039357 
28 0.002493 
29 -0.112236 
30 0.032892 
31 0.042583 
32 -0.103327 
33 0.123149 
34 -0.032565 
35 -0.055100 
36 0.107618 
37 -0.144893 
38 0.057429 
39 0.015691 
40 -0.065937 
41 0.109615 
42 0.018929 
43 -0.023219 
44 0.107739 
45 -0.070977 
46 0.043281 
47 -0.019713 
48 0.008920 
49 0.027341 
50 -0.001837 
51 0.018597 
52 -0.026712 
53 -0.011916 
54 -0.083237 
55 0.009854 
56 -0.055849 
57 -0.003611 
58 0.032137 
59 0.000739 
60 -0.014227 
61 0.065038 
62 -0.054611 
63 0.054827 
64 0.008554 
65 -0.012791 
66 0.018226 
67 0.016931 
68 0.002107 
69 0.038917 
70 0.019600 
71 -0.039158 
72 0.010734 
73 -0.086491 
74 -0.002310 
75 -0.030198 
76 0.021295 
77 0.013210 
78 0.005844 
79 -0.039949 
80 -0.032389 
81 -0.013471 
82 -0.050321 
83 0.004397 
84 -0.008187 
85 0.008220 
86 -0.014565 
87 0.034087 
88 -0.011330 
89 0.026097 
90 0.039311 
91 -0.035166 
92 0.060621 
93 -0.020387 
94 0.088088 
95 -0.027709 
96 0.063010 
97 0.000004 
98 0.026761 
99 0.033648 
100 0.000151 
101 0.011375 
102 -0.023958 
103 0.022593 
104 -0.049564 
105 0.088458 
106 -0.036873 
107 0.051207 
108 -0.055541 
109 0.001760 
110 -0.002612 
111 -0.064258 
112 0.080697 
113 -0.013172 
114 0.001787 
115 0.067154 
116 -0.093410 
117 0.037864 
118 -0.029238 
119 0.009091 
120 0.013653 
121 0.036595 
122 0.016669 
123 0.011387 
124 -0.047328 
125 0.014061 
126 -0.063886 
127 -0.003926 
128 -0.021980 
129 -0.051087 
130 0.002753 
131 -0.022102 
132 -0.055736 
133 0.050411 
134 -0.058251 
135 0.017684 
136 -0.024320 
137 -0.055062 
138 0.005560 
139 -0.025875 
140 0.017053 
141 0.025589 
142 0.047206 
143 -0.036705 
144 0.003851 
145 -0.032127 
146 -0.028262 
147 -0.011087 
148 0.042083 
149 0.011912 
150 0.048447 
151 0.070892 
152 -0.056095 
153 0.043600 
154 -0.084835 
155 0.035818 
156 -0.043070 
157 0.024746 
158 0.032639 
159 -0.053702 
160 0.046531 
161 -0.069681 
162 0.000957 
163 -0.003907 
164 -0.041922 
165 0.004323 
166 0.064156 
167 -0.023268 
168 0.081727 
169 0.010692 
170 -0.024305 
171 0.030905 
172 -0.012476 
173 0.018401 
174 0.018282 
175 0.012916 
176 -0.013776 
177 0.050308 
178 -0.040309 
179 0.067134 
180 -0.027807 
181 -0.007226 
182 0.015613 
183 -0.048411 
184 0.055839 
185 -0.032139 
186 0.049124 
187 -0.049790 
188 0.031444 
189 -0.074205 
190 0.038231 
191 -0.067305 
192 0.030825 
193 0.006052 
194 0.012921 
195 0.032964 
196 0.027804 
197 0.014397 
198 0.007304 
199 -0.009450 
200 0.007153 
201 -0.010577 
202 0.033985 
203 0.022327 
204 0.012388 
205 0.014095 
206 -0.034988 
207 -0.059854 
208 0.015558 
209 -0.015143 
210 0.017873 
211 -0.015063 
212 0.002008 
213 -0.039378 
214 0.039565 
215 -0.035336 
216 0.016005 
217 -0.020198 
218 -0.026504 
219 -0.070891 
220 0.022438 
221 -0.026833 
222 0.029286 
223 0.059265 
224 0.010837 
225 0.027426 
226 -0.024123 
227 0.023709 
228 -0.053828 
229 0.071399 
230 0.040765 
231 0.003252 
232 0.076826 
233 -0.046679 
234 -0.013162 
235 -0.063084 
236 0.001377 
237 -0.034582 
238 0.057522 
239 -0.031353 
240 0.058010 
241 -0.008419 
242 -0.017365 
243 0.060394 
244 -0.049968 
245 0.049022 
246 0.027219 
247 -0.023136 
248 0.033912 
249 0.023534 
250 -0.031016 
251 0.077697 
252 -0.077067 
253 0.049559 
254 -0.033886 
255 -0.033108 
256 0.046027 
257 -0.000952 
258 0.027742 
259 0.036647 
260 -0.021335 
261 -0.025959 
262 -0.023227 
263 -0.034943 
264 -0.034293 
265 0.015832 
266 -0.037323 
267 0.025602 
268 -0.039356 
269 -0.001683 
270 -0.024848 
271 -0.035657 
272 -0.020833 
273 -0.006597 
274 0.005868 
275 0.045488 
276 0.019650 
277 0.021738 
278 0.004025 
279 -0.023710 
280 -0.026274 
281 -0.007101 
282 -0.005536 
283 -0.006985 
284 0.029665 
285 -0.054703 
286 0.057483 
287 -0.060966 
288 0.038062 
289 -0.020574 
290 -0.044683 
291 -0.010573 
292 -0.002125 
293 -0.007444 
294 0.044058 
295 0.017204 
296 -0.044996 
297 0.037418 
298 -0.086323 
299 0.059044 
300 -0.019075 
301 0.024420 
302 0.019866 
303 -0.006209 
304 0.037051 
305 0.031905 
306 0.018331 
307 0.003049 
308 0.023163 
309 -0.075013 
310 0.031667 
311 -0.034670 
312 0.020418 
313 0.044962 
314 -0.040054 
315 0.040590 
316 -0.084542 
317 0.051761 
318 -0.045371 
319 0.039531 
320 0.019823 
321 0.016699 
322 -0.024417 
323 0.030733 
324 -0.034504 
325 0.017013 
326 -0.007529 
327 -0.010901 
328 -0.011650 
329 0.030402 
330 -0.007102 
331 0.003103 
332 0.052785 
333 -0.048950 
334 0.052551 
335 -0.016421 
336 -0.018949 
337 0.032416 
338 -0.008921 
339 0.009566 
340 0.035060 
341 -0.023315 
342 -0.030182 
343 -0.018706 
344 -0.088741 
345 0.026128 
346 -0.007303 
347 0.027003 
348 0.055283 
349 -0.002996 
350 0.011909 
351 -0.019895 
352 -0.011139 
353 0.033806 
354 -0.002845 
355 0.033864 
356 0.041516 
357 -0.027571 
358 0.033998 
359 -0.052647 
360 0.004542 
361 -0.026881 
362 -0.004430 
363 -0.002456 
364 -0.026679 
365 0.051332 
366 -0.030395 
367 0.060001 
368 -0.023608 
369 0.018875 
370 -0.039983 
371 0.014258 
372 -0.012399 
373 -0.005024 
374 0.032445 
375 -0.031930 
376 0.005283 
377 0.000957 
378 -0.012000 
379 -0.023235 
380 0.033967 
381 -0.037632 
382 0.021521 
383 0.014548 
384 0.013086 
385 0.037199 
386 -0.030462 
387 0.025212 
388 -0.048146 
389 0.019495 
390 -0.037889 
391 0.039721 
392 -0.028753 
393 0.009614 
394 0.014979 
395 -0.044279 
396 0.029932 
397 -0.022225 
398 -0.008255 
399 -0.007604 
400 0.012531 
401 0.001865 
402 0.029734 
403 0.004634 
404 -0.005384 
405 -0.018167 
406 -0.026297 
407 0.015002 
408 -0.000148 
409 0.021843 
410 0.027404 
411 -0.020379 
412 0.008283 
413 0.035934 
414 -0.032552 
415 0.043749 
416 -0.048609 
417 0.019679 
418 -0.073076 
419 0.036016 
420 0.032088 
421 0.002239 
422 0.044333 
423 -0.045064 
424 -0.035130 
425 -0.023936 
426 0.011458 
427 0.022372 
428 0.045853 
429 0.022105 
430 -0.002032 
431 -0.022426 
432 -0.023813 
433 -0.019334 
434 -0.009232 
435 0.014500 
436 -0.027282 
437 0.057245 
438 -0.047219 
439 0.036452 
440 -0.009025 
441 0.010546 
442 -0.006407 
443 0.028384 
444 0.005743 
445 0.008172 
446 0.032437 
447 -0.036913 
448 0.046030 
449 -0.030797 
450 0.018764 
451 -0.032456 
452 -0.000808 
453 -0.035386 
454 0.030201 
455 0.006678 
456 0.045382 
457 0.030790 
458 0.004804 
459 -0.001907 
460 -0.019532 
461 -0.010931 
462 0.022550 
463 0.014124 
464 0.008037 
465 0.028152 
466 -0.053961 
467 0.001072 
468 -0.019524 
469 -0.051306 
470 0.036519 
471 -0.010977 
472 0.017032 
473 0.005571 
474 0.045260 
475 -0.028008 
476 0.027923 
477 0.006713 
478 -0.051971 
479 0.005178 
480 -0.008799 
481 -0.006974 
482 0.036292 
483 -0.008046 
484 0.006268 
485 -0.002922 
486 -0.047137 
487 0.021810 
488 -0.031787 
489 -0.001720 
490 -0.006437 
491 0.033578 
492 -0.016593 
493 0.037288 
494 -0.001911 
495 -0.042084 
496 0.026320 
497 -0.057052 
498 0.029849 
499 0.000764 
500 0.014650 
501 0.009517 
502 0.010976 
503 -0.021359 
504 0.050683 
505 -0.010894 
506 -0.040349 
507 0.023180 
508 -0.059160 
509 0.047984 
510 -0.003797 
511 0.040136 
512 0.007823 
513 0.007711 
514 -0.078542 
515 0.003918 
516 -0.013584 
517 0.004303 
518 0.053563 
519 -0.036609 
520 0.012734 
521 -0.051040 
522 0.019962 
523 -0.054804 
524 0.051878 
525 -0.042497 
526 -0.019919 
527 -0.008248 
528 -0.020314 
529 0.031587 
530 0.002956 
531 0.028644 
532 -0.032107 
533 -0.007478 
534 -0.016951 
535 0.010461 
536 0.035510 
537 0.033613 
538 -0.013000 
539 0.012951 
540 -0.055274 
541 -0.011726 
542 -0.005460 
543 -0.054290 
544 0.079294 
545 -0.024768 
546 0.063081 
547 -0.010335 
548 -0.024327 
549 -0.000742 
550 -0.024306 
551 0.022494 
552 0.039326 
553 0.013799 
554 0.026310 
555 0.005353 
556 -0.044555 
557 0.020613 
558 -0.022533 
559 0.004854 
560 -0.008031 
561 0.026328 
562 -0.032230 
563 0.063454 
564 -0.005517 
565 0.016809 
566 0.046617 
567 -0.030697 
568 0.000519 
569 -0.020204 
570 -0.017576 
571 0.010656 
572 0.032672 
573 -0.010031 
574 0.020789 
575 -0.055396 
576 -0.033397 
577 0.007629 
578 -0.080850 
579 0.094936 
580 -0.056646 
581 0.052915 
582 0.012878 
583 0.009235 
584 0.008129 
585 0.017549 
586 -0.026497 
587 0.004262 
588 -0.002268 
589 -0.029193 
590 0.036066 
591 -0.004639 
592 0.028768 
593 -0.047937 
594 0.026272 
595 -0.055721 
596 0.003267 
597 -0.011539 
598 0.000504 
599 0.025052 
600 0.006544 
601 0.021025 
602 -0.012042 
603 -0.001487 
604 -0.008249 
605 -0.034201 
606 0.031997 
607 -0.009171 
608 0.080174 
609 0.014769 
610 -0.011120 
611 0.041878 
612 -0.022319 
613 -0.014688 
614 0.048812 
615 -0.051438 
616 0.046645 
617 -0.012984 
618 0.017927 
619 0.016453 
620 -0.002581 
621 -0.033987 
622 -0.012463 
623 -0.063871 
624 0.018137 
625 0.043116 
626 -0.028491 
627 0.096868 
628 -0.040645 
629 -0.020735 
630 -0.026973 
631 -0.002410 
632 -0.031292 
633 0.069175 
634 -0.021071 
635 0.016856 
636 0.036209 
637 -0.015752 
638 0.018977 
639 0.009794 
640 -0.006732 
641 0.021173 
642 0.002541 
643 -0.019645 
644 0.056882 
645 -0.044013 
646 0.033070 
647 -0.044734 
648 -0.019646 
649 -0.021776 
650 -0.062517 
651 0.044122 
652 -0.055105 
653 0.066429 
654 -0.006871 
655 0.032291 
656 0.000513 
657 -0.011030 
658 0.007795 
659 -0.031058 
660 0.052447 
661 0.000200 
662 0.049209 
663 0.004864 
664 -0.002993 
665 -0.029203 
666 -0.000172 
667 -0.064832 
668 0.035953 
669 -0.021247 
670 0.030924 
671 0.028343 
672 -0.002261 
673 0.018313 
674 -0.067291 
675 0.013224 
676 -0.027562 
677 -0.040528 
678 0.030954 
679 -0.037477 
680 -0.018026 
681 0.036234 
682 -0.047365 
683 0.013785 
684 -0.012040 
685 -0.040041 
686 0.011170 
687 0.021611 
688 0.014420 
689 0.040434 
690 0.006939 
691 0.006265 
692 0.003117 
693 -0.041054 
694 -0.001001 
695 -0.044566 
696 -0.005095 
697 0.008560 
698 0.005579 
699 0.028183 
700 -0.011793 
701 0.013867 
702 -0.067297 
703 0.042666 
704 -0.060923 
705 0.032662 
706 0.025117 
707 -0.044709 
708 0.108935 
709 -0.060009 
710 0.028680 
711 -0.002931 
712 -0.059495 
713 0.014796 
714 0.001779 
715 0.008873 
716 0.075629 
717 0.011253 
718 0.020772 
719 0.020842 
720 -0.056409 
721 0.037333 
722 -0.065518 
723 0.032485 
724 -0.001592 
725 0.003680 
726 0.003402 
727 0.038966 
728 -0.043181 
729 0.012816 
730 0.003980 
731 -0.091630 
732 0.062463 
733 -0.014033 
734 0.022147 
735 0.046425 
736 0.006948 
737 -0.046906 
738 -0.015763 
739 -0.047430 
740 -0.012760 
741 0.021710 
742 0.016468 
743 0.007019 
744 0.016436 
745 -0.006485 
746 -0.016987 
747 0.011623 
748 -0.005927 
749 0.028096 
750 0.043547 
751 0.017047 
752 0.026283 
753 0.009217 
754 -0.056079 
755 0.012498 
756 -0.025378 
757 -0.051809 
758 0.072053 
759 -0.071087 
760 0.049690 
761 0.007021 
762 0.005186 
763 0.028565 
764 -0.011903 
765 0.030504 
766 -0.019531 
767 0.036274 
768 -0.017891 
769 0.035544 
770 0.009774 
771 0.007074 
772 0.021146 
773 -0.009635 
774 -0.090506 
775 0.073915 
776 -0.103220 
777 0.052667 
778 0.084565 
779 -0.059434 
780 0.099916 
781 -0.015234 
782 -0.026213 
783 0.002233 
784 -0.036407 
785 -0.076063 
786 0.041894 
787 -0.049801 
788 0.023450 
789 -0.005695 
790 -0.027957 
791 0.005753 
792 -0.049898 
793 -0.030356 
794 0.000601 
795 0.021314 
796 0.024698 
797 0.050779 
798 0.006848 
799 0.012823 
800 0.013381 
801 -0.039653 
802 -0.022122 
803 -0.029181 
804 -0.003489 
805 -0.041992 
806 0.066492 
807 -0.044565 
808 0.078036 
809 -0.071708 
810 -0.001091 
811 -0.019984 
812 -0.027595 
813 0.019228 
814 -0.023649 
815 0.022842 
816 -0.002753 
817 0.028127 
818 -0.028757 
819 -0.003154 
820 -0.013429 
821 -0.047454 
822 0.015683 
823 0.084149 
824 -0.002674 
825 0.089756 
826 -0.004226 
827 -0.025745 
828 -0.001293 
829 -0.014468 
830 -0.020148 
831 0.034006 
832 0.011986 
833 -0.019539 
834 0.013884 
835 -0.029253 
836 -0.013264 
837 0.010612 
838 -0.071087 
839 0.049131 
840 -0.020198 
841 0.060459 
842 0.014667 
843 0.032033 
844 0.007869 
845 0.006515 
846 -0.055738 
847 0.002525 
848 0.002687 
849 -0.008862 
850 0.085318 
851 0.001304 
852 0.054156 
853 -0.007459 
854 0.052738 
855 -0.071926 
856 0.036815 
857 -0.019653 
858 0.022351 
859 0.040456 
860 0.031719 
861 -0.015271 
862 0.003111 
863 -0.061793 
864 -0.039938 
865 -0.000763 
866 -0.058956 
867 0.104311 
868 0.033709 
869 0.036742 
870 0.030928 
871 -0.035752 
872 -0.000221 
873 -0.021359 
874 -0.004502 
875 0.032705 
876 -0.036871 
877 0.050315 
878 -0.009221 
879 -0.034207 
880 0.064660 
881 -0.067322 
882 -0.014386 
883 -0.000138 
884 -0.041081 
885 0.014797 
886 0.027880 
887 -0.005511 
888 -0.001054 
889 -0.004941 
890 -0.097818 
891 0.019257 
892 -0.113836 
893 -0.007698 
894 -0.023562 
895 0.015533 
896 0.000589 
897 -0.001498 
898 0.000900 
899 -0.020285 
900 -0.004159 
901 -0.038165 
902 0.012089 
903 0.002338 
904 0.063039 
905 0.012884 
906 0.049957 
907 -0.003772 
908 -0.011555 
909 -0.035477 
910 -0.038594 
911 -0.008503 
912 0.015803 
913 0.052557 
914 0.036062 
915 0.105648 
916 -0.040457 
917 0.035292 
918 -0.092462 
919 -0.022309 
920 0.012426 
921 -0.038345 
922 0.077314 
923 0.003694 
924 -0.004530 
925 0.013587 
926 0.003433 
927 -0.069853 
928 0.013668 
929 -0.091955 
930 -0.023499 
931 0.050136 
932 0.092490 
933 0.024878 
934 0.038189 
935 -0.005989 
936 -0.108242 
937 0.014149 
938 -0.112876 
939 0.010494 
940 0.010498 
941 -0.007470 
942 0.048469 
943 0.019984 
944 -0.023816 
945 -0.013305 
946 -0.002801 
947 -0.016392 
948 0.053535 
949 -0.025676 
950 0.045287 
951 -0.040281 
952 -0.033141 
953 0.030101 
954 -0.061885 
955 -0.007413 
956 0.020534 
957 -0.010072 
958 0.073528 
959 0.003441 
960 0.042641 
961 -0.000765 
962 -0.014005 
963 0.055938 
964 0.001266 
965 0.047154 
966 0.008487 
967 0.044326 
968 -0.040258 
969 -0.027045 
970 0.004186 
971 -0.064683 
972 -0.011967 
973 -0.009224 
974 0.029730 
975 -0.013369 
976 0.079268 
977 0.058503 
978 0.028068 
979 0.037829 
980 -0.072803 
981 -0.018917 
982 -0.004115 
983 0.033478 
984 -0.003064 
985 0.044764 
986 -0.050900 
987 0.031036 
988 -0.055292 
989 -0.019552 
990 0.029770 
991 -0.033146 
992 0.039781 
993 0.012345 
994 0.021767 
995 0.105760 
996 -0.044550 
997 -0.078579 
998 0.043758 
999 -0.207127 
1000 -0.049451 
1001 -0.062830 
1002 -0.098874 
1003 0.111134 
1004 0.037681 
1005 -0.015386 
1006 0.105151 
1007 -0.011267 
1008 -0.008859 
1009 -0.046115 
1010 -0.062770 
1011 0.113210 
1012 0.044264 
1013 -0.082388 
1014 0.147342 
1015 -0.048462 
1016 -0.108384 
1017 0.051018 
1018 0.046309 
1019 0.064203 
1020 0.040279 
1021 -0.052534 
1022 0.146974 
1023 0.346634 
