0 0.000307 
1 0.000330 
2 0.000255 
3 0.000151 
4 0.000004 
5 -0.000138 
6 -0.000153 
7 -0.000066 
8 0.000012 
9 0.000015 
10 -0.000065 
11 -0.000181 
12 -0.000271 
13 -0.000269 
14 -0.000185 
15 -0.000135 
16 -0.000116 
17 -0.000104 
18 -0.000187 
19 -0.000330 
20 -0.000355 
21 -0.000252 
22 -0.000243 
23 -0.000423 
24 -0.000534 
25 -0.000490 
26 -0.000507 
27 -0.000587 
28 -0.000472 
29 -0.000251 
30 -0.000248 
31 -0.000466 
32 -0.000600 
33 -0.000616 
34 -0.000730 
35 -0.000857 
36 -0.000810 
37 -0.000657 
38 -0.000515 
39 -0.000334 
40 -0.000142 
41 -0.000163 
42 -0.000365 
43 -0.000521 
44 -0.000588 
45 -0.000646 
46 -0.000659 
47 -0.000519 
48 -0.000339 
49 -0.000300 
50 -0.000371 
51 -0.000452 
52 -0.000607 
53 -0.000870 
54 -0.001032 
55 -0.000967 
56 -0.000868 
57 -0.000871 
58 -0.000858 
59 -0.000759 
60 -0.000688 
61 -0.000670 
62 -0.000615 
63 -0.000576 
64 -0.000660 
65 -0.000635 
66 -0.000378 
67 -0.000227 
68 -0.000382 
69 -0.000553 
70 -0.000622 
71 -0.000767 
72 -0.000874 
73 -0.000695 
74 -0.000449 
75 -0.000531 
76 -0.000738 
77 -0.000650 
78 -0.000491 
79 -0.000594 
80 -0.000683 
81 -0.000522 
82 -0.000317 
83 -0.000176 
84 0.000086 
85 0.000390 
86 0.000474 
87 0.000460 
88 0.000631 
89 0.000781 
90 0.000677 
91 0.000554 
92 0.000682 
93 0.000758 
94 0.000589 
95 0.000469 
96 0.000549 
97 0.000525 
98 0.000296 
99 0.000171 
100 0.000323 
101 0.000563 
102 0.000762 
103 0.000947 
104 0.001062 
105 0.001048 
106 0.000978 
107 0.000959 
108 0.000943 
109 0.000947 
110 0.001089 
111 0.001454 
112 0.001908 
113 0.002153 
114 0.001996 
115 0.001667 
116 0.001559 
117 0.001584 
118 0.001489 
119 0.001377 
120 0.001500 
121 0.001737 
122 0.001957 
123 0.002244 
124 0.002295 
125 0.001851 
126 0.001472 
127 0.001813 
128 0.002491 
129 0.002790 
130 0.002830 
131 0.002960 
132 0.003052 
133 0.002951 
134 0.002878 
135 0.002949 
136 0.002995 
137 0.002986 
138 0.003095 
139 0.003276 
140 0.003269 
141 0.003074 
142 0.002919 
143 0.002819 
144 0.002556 
145 0.002091 
146 0.001743 
147 0.001659 
148 0.001767 
149 0.001855 
150 0.001928 
151 0.002221 
152 0.002564 
153 0.002483 
154 0.001861 
155 0.001243 
156 0.001022 
157 0.000936 
158 0.001078 
159 0.001851 
160 0.002550 
161 0.002180 
162 0.001333 
163 0.001087 
164 0.001269 
165 0.001100 
166 0.000730 
167 0.000632 
168 0.000591 
169 0.000583 
170 0.000994 
171 0.001579 
172 0.001489 
173 0.000837 
174 0.000512 
175 0.000495 
176 0.000168 
177 -0.000361 
178 -0.000212 
179 0.000278 
180 0.000467 
181 0.000581 
182 0.000947 
183 0.000760 
184 -0.000446 
185 -0.001350 
186 -0.000905 
187 -0.000547 
188 -0.001289 
189 -0.001896 
190 -0.001583 
191 -0.001309 
192 -0.001559 
193 -0.001759 
194 -0.001974 
195 -0.002801 
196 -0.003493 
197 -0.003151 
198 -0.002638 
199 -0.003077 
200 -0.003556 
201 -0.003391 
202 -0.003308 
203 -0.003539 
204 -0.003509 
205 -0.003380 
206 -0.003540 
207 -0.003516 
208 -0.002917 
209 -0.002700 
210 -0.003497 
211 -0.004153 
212 -0.004186 
213 -0.004392 
214 -0.004719 
215 -0.004318 
216 -0.003585 
217 -0.003668 
218 -0.004053 
219 -0.004017 
220 -0.004032 
221 -0.004558 
222 -0.004788 
223 -0.004146 
224 -0.003357 
225 -0.003117 
226 -0.003347 
227 -0.003895 
228 -0.004584 
229 -0.004758 
230 -0.004107 
231 -0.003640 
232 -0.004172 
233 -0.005083 
234 -0.005221 
235 -0.004428 
236 -0.003999 
237 -0.004673 
238 -0.005948 
239 -0.006412 
240 -0.005765 
241 -0.005256 
242 -0.005210 
243 -0.005052 
244 -0.004744 
245 -0.004649 
246 -0.004377 
247 -0.004001 
248 -0.004530 
249 -0.005617 
250 -0.004985 
251 -0.002400 
252 -0.000984 
253 -0.001847 
254 -0.002940 
255 -0.003389 
256 -0.003856 
257 -0.003717 
258 -0.002205 
259 -0.000806 
260 -0.001085 
261 -0.001738 
262 -0.001023 
263 -0.000195 
264 -0.000839 
265 -0.001741 
266 -0.001365 
267 -0.000564 
268 -0.000534 
269 -0.000240 
270 0.001213 
271 0.002274 
272 0.002208 
273 0.002578 
274 0.003460 
275 0.003018 
276 0.001375 
277 0.000587 
278 0.001261 
279 0.001968 
280 0.002053 
281 0.002188 
282 0.002369 
283 0.002473 
284 0.002600 
285 0.002450 
286 0.002045 
287 0.002202 
288 0.003062 
289 0.003898 
290 0.004518 
291 0.004565 
292 0.003761 
293 0.002665 
294 0.002609 
295 0.003572 
296 0.004331 
297 0.004820 
298 0.005588 
299 0.005916 
300 0.005475 
301 0.005360 
302 0.005962 
303 0.005989 
304 0.004884 
305 0.003910 
306 0.004292 
307 0.005230 
308 0.005346 
309 0.005398 
310 0.005885 
311 0.005989 
312 0.005534 
313 0.005742 
314 0.006686 
315 0.006416 
316 0.004982 
317 0.004394 
318 0.004859 
319 0.004365 
320 0.003446 
321 0.003937 
322 0.004846 
323 0.005065 
324 0.005805 
325 0.007222 
326 0.007081 
327 0.005037 
328 0.003299 
329 0.002468 
330 0.001548 
331 0.001007 
332 0.002068 
333 0.003564 
334 0.004396 
335 0.005488 
336 0.006073 
337 0.004254 
338 0.001169 
339 -0.000051 
340 0.000874 
341 0.001613 
342 0.001619 
343 0.002319 
344 0.002765 
345 0.002022 
346 0.001571 
347 0.002151 
348 0.002433 
349 0.001804 
350 0.001298 
351 0.000859 
352 -0.000030 
353 -0.000452 
354 0.000313 
355 0.000677 
356 -0.000248 
357 -0.000733 
358 -0.000117 
359 0.000313 
360 -0.000178 
361 -0.000591 
362 -0.000168 
363 0.000235 
364 -0.000205 
365 -0.001090 
366 -0.001699 
367 -0.002244 
368 -0.002721 
369 -0.003250 
370 -0.003274 
371 -0.002351 
372 -0.001219 
373 -0.000527 
374 -0.000707 
375 -0.002345 
376 -0.004700 
377 -0.005920 
378 -0.005501 
379 -0.005052 
380 -0.005338 
381 -0.004961 
382 -0.003801 
383 -0.003836 
384 -0.005404 
385 -0.005629 
386 -0.004184 
387 -0.003236 
388 -0.003701 
389 -0.003778 
390 -0.003373 
391 -0.003983 
392 -0.005319 
393 -0.006387 
394 -0.006980 
395 -0.006707 
396 -0.005514 
397 -0.004529 
398 -0.004545 
399 -0.004506 
400 -0.004069 
401 -0.004475 
402 -0.006068 
403 -0.007557 
404 -0.008671 
405 -0.009290 
406 -0.008287 
407 -0.005654 
408 -0.003509 
409 -0.003043 
410 -0.002902 
411 -0.002458 
412 -0.002596 
413 -0.003559 
414 -0.004243 
415 -0.004664 
416 -0.004607 
417 -0.003759 
418 -0.003251 
419 -0.003794 
420 -0.004439 
421 -0.003460 
422 -0.002347 
423 -0.002992 
424 -0.003851 
425 -0.002848 
426 -0.002044 
427 -0.003478 
428 -0.004674 
429 -0.003774 
430 -0.002749 
431 -0.002599 
432 -0.001035 
433 0.000836 
434 -0.000086 
435 -0.001580 
436 0.000392 
437 0.002815 
438 0.001582 
439 -0.000440 
440 -0.000353 
441 -0.000330 
442 -0.001125 
443 0.000093 
444 0.002302 
445 0.001318 
446 -0.000768 
447 0.000317 
448 0.001992 
449 0.000542 
450 -0.000719 
451 0.001206 
452 0.003367 
453 0.003322 
454 0.003429 
455 0.004402 
456 0.003583 
457 0.001400 
458 0.001109 
459 0.003151 
460 0.005371 
461 0.007037 
462 0.008397 
463 0.008765 
464 0.008268 
465 0.007000 
466 0.005533 
467 0.004510 
468 0.004271 
469 0.004959 
470 0.006243 
471 0.006967 
472 0.006700 
473 0.006259 
474 0.006105 
475 0.005529 
476 0.004470 
477 0.003713 
478 0.003809 
479 0.004842 
480 0.006132 
481 0.007126 
482 0.007814 
483 0.008476 
484 0.009010 
485 0.008212 
486 0.006242 
487 0.004519 
488 0.003381 
489 0.002509 
490 0.002642 
491 0.003907 
492 0.005918 
493 0.007430 
494 0.006644 
495 0.003732 
496 0.001720 
497 0.001877 
498 0.001792 
499 -0.000109 
500 -0.000846 
501 0.001423 
502 0.004290 
503 0.006221 
504 0.007183 
505 0.006433 
506 0.003859 
507 0.001551 
508 0.000706 
509 0.000536 
510 0.000558 
511 0.001607 
512 0.003168 
513 0.003524 
514 0.002669 
515 0.001423 
516 -0.000427 
517 -0.002244 
518 -0.002501 
519 -0.001476 
520 -0.000530 
521 -0.000452 
522 -0.001347 
523 -0.002656 
524 -0.003625 
525 -0.003470 
526 -0.002355 
527 -0.001693 
528 -0.001465 
529 -0.001361 
530 -0.002438 
531 -0.004248 
532 -0.004623 
533 -0.003414 
534 -0.003296 
535 -0.005328 
536 -0.006489 
537 -0.005796 
538 -0.005824 
539 -0.006589 
540 -0.005150 
541 -0.002585 
542 -0.002559 
543 -0.005041 
544 -0.006558 
545 -0.006724 
546 -0.007937 
547 -0.009248 
548 -0.008609 
549 -0.006840 
550 -0.005216 
551 -0.003242 
552 -0.001202 
553 -0.001459 
554 -0.003608 
555 -0.005247 
556 -0.005932 
557 -0.006453 
558 -0.006477 
559 -0.004957 
560 -0.003054 
561 -0.002565 
562 -0.003151 
563 -0.003865 
564 -0.005293 
565 -0.007746 
566 -0.009231 
567 -0.008621 
568 -0.007687 
569 -0.007663 
570 -0.007470 
571 -0.006513 
572 -0.005803 
573 -0.005534 
574 -0.004939 
575 -0.004507 
576 -0.005120 
577 -0.004835 
578 -0.002673 
579 -0.001406 
580 -0.002640 
581 -0.003989 
582 -0.004532 
583 -0.005633 
584 -0.006410 
585 -0.004973 
586 -0.003060 
587 -0.003616 
588 -0.005077 
589 -0.004380 
590 -0.003209 
591 -0.003925 
592 -0.004532 
593 -0.003385 
594 -0.001940 
595 -0.000944 
596 0.000852 
597 0.002906 
598 0.003463 
599 0.003339 
600 0.004384 
601 0.005273 
602 0.004560 
603 0.003711 
604 0.004411 
605 0.004780 
606 0.003696 
607 0.002910 
608 0.003304 
609 0.003103 
610 0.001779 
611 0.001094 
612 0.001997 
613 0.003384 
614 0.004546 
615 0.005631 
616 0.006302 
617 0.006216 
618 0.005768 
619 0.005555 
620 0.005311 
621 0.005123 
622 0.005622 
623 0.007255 
624 0.009354 
625 0.010463 
626 0.009702 
627 0.008186 
628 0.007731 
629 0.007840 
630 0.007322 
631 0.006685 
632 0.007048 
633 0.007899 
634 0.008680 
635 0.009770 
636 0.009886 
637 0.007971 
638 0.006382 
639 0.007731 
640 0.010371 
641 0.011401 
642 0.011351 
643 0.011610 
644 0.011702 
645 0.011036 
646 0.010499 
647 0.010534 
648 0.010526 
649 0.010374 
650 0.010694 
651 0.011304 
652 0.011261 
653 0.010553 
654 0.009948 
655 0.009498 
656 0.008442 
657 0.006687 
658 0.005314 
659 0.004839 
660 0.005031 
661 0.005200 
662 0.005364 
663 0.006250 
664 0.007310 
665 0.007066 
666 0.005204 
667 0.003350 
668 0.002651 
669 0.002328 
670 0.002634 
671 0.004713 
672 0.006555 
673 0.005447 
674 0.003102 
675 0.002465 
676 0.003004 
677 0.002615 
678 0.001680 
679 0.001428 
680 0.001274 
681 0.001173 
682 0.002102 
683 0.003436 
684 0.003108 
685 0.001452 
686 0.000633 
687 0.000599 
688 -0.000136 
689 -0.001299 
690 -0.000881 
691 0.000297 
692 0.000744 
693 0.000980 
694 0.001740 
695 0.001268 
696 -0.001391 
697 -0.003355 
698 -0.002433 
699 -0.001682 
700 -0.003165 
701 -0.004330 
702 -0.003609 
703 -0.002988 
704 -0.003415 
705 -0.003749 
706 -0.004127 
707 -0.005684 
708 -0.006956 
709 -0.006277 
710 -0.005281 
711 -0.006021 
712 -0.006800 
713 -0.006388 
714 -0.006133 
715 -0.006423 
716 -0.006270 
717 -0.005970 
718 -0.006183 
719 -0.006109 
720 -0.005099 
721 -0.004747 
722 -0.006033 
723 -0.007048 
724 -0.007036 
725 -0.007270 
726 -0.007653 
727 -0.006892 
728 -0.005649 
729 -0.005669 
730 -0.006164 
731 -0.006052 
732 -0.006048 
733 -0.006790 
734 -0.007088 
735 -0.006148 
736 -0.005004 
737 -0.004631 
738 -0.004882 
739 -0.005555 
740 -0.006391 
741 -0.006530 
742 -0.005593 
743 -0.004916 
744 -0.005542 
745 -0.006637 
746 -0.006742 
747 -0.005685 
748 -0.005097 
749 -0.005853 
750 -0.007311 
751 -0.007759 
752 -0.006881 
753 -0.006171 
754 -0.006016 
755 -0.005754 
756 -0.005347 
757 -0.005200 
758 -0.004868 
759 -0.004432 
760 -0.004981 
761 -0.006103 
762 -0.005357 
763 -0.002553 
764 -0.001019 
765 -0.001845 
766 -0.002891 
767 -0.003279 
768 -0.003687 
769 -0.003507 
770 -0.001998 
771 -0.000636 
772 -0.000906 
773 -0.001523 
774 -0.000840 
775 -0.000071 
776 -0.000650 
777 -0.001448 
778 -0.001081 
779 -0.000347 
780 -0.000312 
781 -0.000059 
782 0.001178 
783 0.002056 
784 0.001970 
785 0.002261 
786 0.002968 
787 0.002594 
788 0.001261 
789 0.000640 
790 0.001180 
791 0.001722 
792 0.001765 
793 0.001834 
794 0.001936 
795 0.001976 
796 0.002034 
797 0.001899 
798 0.001581 
799 0.001685 
800 0.002287 
801 0.002868 
802 0.003285 
803 0.003297 
804 0.002721 
805 0.001949 
806 0.001880 
807 0.002480 
808 0.002934 
809 0.003208 
810 0.003664 
811 0.003842 
812 0.003537 
813 0.003440 
814 0.003771 
815 0.003742 
816 0.003032 
817 0.002411 
818 0.002600 
819 0.003104 
820 0.003128 
821 0.003122 
822 0.003366 
823 0.003402 
824 0.003124 
825 0.003209 
826 0.003681 
827 0.003490 
828 0.002683 
829 0.002334 
830 0.002534 
831 0.002242 
832 0.001742 
833 0.001963 
834 0.002382 
835 0.002455 
836 0.002789 
837 0.003444 
838 0.003352 
839 0.002374 
840 0.001566 
841 0.001187 
842 0.000771 
843 0.000534 
844 0.001021 
845 0.001682 
846 0.002032 
847 0.002473 
848 0.002680 
849 0.001860 
850 0.000523 
851 -0.000014 
852 0.000342 
853 0.000632 
854 0.000643 
855 0.000943 
856 0.001143 
857 0.000883 
858 0.000725 
859 0.000937 
860 0.001015 
861 0.000751 
862 0.000533 
863 0.000346 
864 0.000012 
865 -0.000136 
866 0.000139 
867 0.000269 
868 -0.000041 
869 -0.000205 
870 -0.000008 
871 0.000112 
872 -0.000073 
873 -0.000228 
874 -0.000111 
875 0.000000 
876 -0.000147 
877 -0.000421 
878 -0.000601 
879 -0.000751 
880 -0.000870 
881 -0.001000 
882 -0.000983 
883 -0.000702 
884 -0.000380 
885 -0.000198 
886 -0.000266 
887 -0.000734 
888 -0.001385 
889 -0.001711 
890 -0.001586 
891 -0.001446 
892 -0.001488 
893 -0.001356 
894 -0.001031 
895 -0.001018 
896 -0.001391 
897 -0.001436 
898 -0.001082 
899 -0.000858 
900 -0.000971 
901 -0.000985 
902 -0.000880 
903 -0.000999 
904 -0.001274 
905 -0.001479 
906 -0.001576 
907 -0.001489 
908 -0.001213 
909 -0.000993 
910 -0.000992 
911 -0.000980 
912 -0.000888 
913 -0.000966 
914 -0.001275 
915 -0.001553 
916 -0.001745 
917 -0.001835 
918 -0.001613 
919 -0.001088 
920 -0.000668 
921 -0.000571 
922 -0.000542 
923 -0.000464 
924 -0.000493 
925 -0.000666 
926 -0.000786 
927 -0.000851 
928 -0.000828 
929 -0.000670 
930 -0.000570 
931 -0.000642 
932 -0.000730 
933 -0.000559 
934 -0.000374 
935 -0.000473 
936 -0.000606 
937 -0.000453 
938 -0.000332 
939 -0.000543 
940 -0.000712 
941 -0.000571 
942 -0.000412 
943 -0.000382 
944 -0.000154 
945 0.000112 
946 -0.000013 
947 -0.000216 
948 0.000046 
949 0.000361 
950 0.000185 
951 -0.000087 
952 -0.000079 
953 -0.000076 
954 -0.000173 
955 -0.000011 
956 0.000268 
957 0.000151 
958 -0.000099 
959 0.000033 
960 0.000226 
961 0.000047 
962 -0.000109 
963 0.000104 
964 0.000341 
965 0.000328 
966 0.000336 
967 0.000443 
968 0.000354 
969 0.000121 
970 0.000093 
971 0.000310 
972 0.000539 
973 0.000703 
974 0.000832 
975 0.000858 
976 0.000799 
977 0.000667 
978 0.000520 
979 0.000419 
980 0.000396 
981 0.000464 
982 0.000586 
983 0.000652 
984 0.000623 
985 0.000578 
986 0.000558 
987 0.000498 
988 0.000395 
989 0.000322 
990 0.000328 
991 0.000421 
992 0.000537 
993 0.000627 
994 0.000689 
995 0.000748 
996 0.000792 
997 0.000720 
998 0.000545 
999 0.000392 
1000 0.000291 
1001 0.000214 
1002 0.000224 
1003 0.000332 
1004 0.000500 
1005 0.000627 
1006 0.000562 
1007 0.000320 
1008 0.000154 
1009 0.000164 
1010 0.000154 
1011 -0.000003 
1012 -0.000064 
1013 0.000119 
1014 0.000351 
1015 0.000506 
1016 0.000584 
1017 0.000524 
1018 0.000317 
1019 0.000132 
1020 0.000063 
1021 0.000048 
1022 0.000049 
1023 0.000131 
