0 -0.000253 
1 -0.000093 
2 0.000233 
3 0.000397 
4 0.000127 
5 -0.000129 
6 -0.000122 
7 -0.000135 
8 -0.000290 
9 -0.000310 
10 0.000049 
11 0.000425 
12 0.000267 
13 -0.000060 
14 -0.000024 
15 -0.000127 
16 -0.000513 
17 -0.000380 
18 0.000275 
19 0.000522 
20 0.000194 
21 -0.000010 
22 0.000189 
23 0.000180 
24 -0.000099 
25 0.000027 
26 0.000247 
27 -0.000098 
28 -0.000409 
29 0.000001 
30 0.000580 
31 0.000605 
32 0.000252 
33 0.000150 
34 0.000224 
35 0.000029 
36 0.000008 
37 0.000385 
38 0.000314 
39 -0.000159 
40 -0.000115 
41 0.000278 
42 0.000303 
43 0.000054 
44 0.000070 
45 0.000183 
46 0.000051 
47 0.000145 
48 0.000606 
49 0.000648 
50 0.000255 
51 0.000097 
52 0.000272 
53 0.000270 
54 0.000037 
55 0.000252 
56 0.000452 
57 -0.000136 
58 -0.000503 
59 -0.000135 
60 0.000043 
61 -0.000048 
62 -0.000012 
63 0.000256 
64 0.000493 
65 0.000208 
66 -0.000012 
67 0.000368 
68 0.000418 
69 -0.000014 
70 -0.000120 
71 -0.000057 
72 -0.000215 
73 -0.000276 
74 0.000053 
75 0.000369 
76 0.000097 
77 -0.000293 
78 -0.000286 
79 -0.000286 
80 -0.000140 
81 0.000471 
82 0.000839 
83 0.000696 
84 0.000307 
85 -0.000261 
86 -0.000469 
87 -0.000150 
88 0.000018 
89 0.000072 
90 0.000254 
91 0.000257 
92 0.000403 
93 0.000799 
94 0.000874 
95 0.000548 
96 0.000077 
97 -0.000265 
98 -0.000094 
99 0.000440 
100 0.000647 
101 0.000650 
102 0.001014 
103 0.000992 
104 0.000023 
105 -0.000428 
106 0.000293 
107 0.000731 
108 0.000416 
109 0.000345 
110 0.000574 
111 0.000385 
112 -0.000131 
113 -0.000216 
114 0.000121 
115 0.000030 
116 -0.000176 
117 0.000118 
118 0.000289 
119 0.000091 
120 0.000409 
121 0.001012 
122 0.000713 
123 -0.000551 
124 -0.001313 
125 -0.000639 
126 0.000158 
127 0.000030 
128 -0.000102 
129 -0.000198 
130 -0.000821 
131 -0.000881 
132 0.000248 
133 0.001089 
134 0.000396 
135 -0.000606 
136 -0.000142 
137 0.000459 
138 -0.000288 
139 -0.000704 
140 -0.000317 
141 -0.000741 
142 -0.001012 
143 -0.000074 
144 0.000537 
145 0.000027 
146 -0.000686 
147 -0.000578 
148 -0.000181 
149 -0.000569 
150 -0.000493 
151 0.000725 
152 0.000820 
153 -0.000382 
154 -0.000475 
155 0.000221 
156 -0.000311 
157 -0.001844 
158 -0.002057 
159 -0.000524 
160 0.000508 
161 -0.000113 
162 -0.000764 
163 -0.000899 
164 -0.001309 
165 -0.001543 
166 -0.000523 
167 0.000782 
168 0.000147 
169 -0.001552 
170 -0.001532 
171 -0.000185 
172 0.000543 
173 0.000777 
174 0.000395 
175 -0.000951 
176 -0.002065 
177 -0.001724 
178 -0.000496 
179 0.000146 
180 0.000055 
181 0.000026 
182 -0.000131 
183 -0.000372 
184 0.000113 
185 0.000785 
186 0.000577 
187 -0.000562 
188 -0.000970 
189 0.000583 
190 0.001634 
191 0.000558 
192 -0.000095 
193 0.000318 
194 0.000135 
195 -0.000379 
196 -0.000214 
197 0.000867 
198 0.001301 
199 0.000043 
200 -0.000240 
201 0.001082 
202 0.000730 
203 -0.000914 
204 -0.000700 
205 0.000652 
206 0.001034 
207 0.000618 
208 0.000396 
209 0.000166 
210 -0.000877 
211 -0.001969 
212 -0.001443 
213 -0.000067 
214 0.000228 
215 -0.000485 
216 -0.000935 
217 -0.000827 
218 -0.000126 
219 0.000105 
220 -0.000915 
221 -0.001388 
222 -0.000207 
223 -0.000010 
224 -0.001545 
225 -0.001978 
226 -0.001204 
227 -0.000509 
228 0.000311 
229 0.000755 
230 0.000424 
231 -0.000030 
232 -0.000250 
233 0.000597 
234 0.001770 
235 0.000983 
236 -0.001051 
237 -0.001689 
238 -0.001209 
239 -0.000010 
240 0.002140 
241 0.003692 
242 0.002922 
243 0.000045 
244 -0.002102 
245 -0.000832 
246 0.001775 
247 0.002907 
248 0.002878 
249 0.001383 
250 -0.000522 
251 -0.000002 
252 0.001942 
253 0.002908 
254 0.001785 
255 -0.001308 
256 -0.002311 
257 -0.000511 
258 0.000607 
259 0.001138 
260 0.000957 
261 -0.000973 
262 -0.002013 
263 -0.001647 
264 -0.001166 
265 0.000449 
266 0.001511 
267 0.000163 
268 -0.001361 
269 -0.000894 
270 0.001190 
271 0.001663 
272 -0.000534 
273 -0.002347 
274 -0.002974 
275 -0.004038 
276 -0.004028 
277 -0.001768 
278 0.000051 
279 -0.000646 
280 -0.001407 
281 0.000120 
282 0.001552 
283 0.000838 
284 -0.000744 
285 -0.001009 
286 0.000364 
287 -0.000135 
288 -0.002933 
289 -0.002447 
290 -0.000027 
291 -0.001319 
292 -0.002392 
293 -0.001021 
294 -0.000985 
295 -0.001918 
296 -0.002623 
297 -0.002531 
298 0.000094 
299 0.001849 
300 0.000950 
301 0.000995 
302 0.001000 
303 -0.000398 
304 -0.001005 
305 -0.001534 
306 -0.002747 
307 -0.004320 
308 -0.005491 
309 -0.003821 
310 -0.000592 
311 0.001109 
312 0.000646 
313 -0.001332 
314 -0.002280 
315 -0.000997 
316 -0.000051 
317 0.000441 
318 0.000499 
319 -0.000642 
320 -0.000235 
321 0.001272 
322 0.001257 
323 0.001057 
324 0.000723 
325 -0.001464 
326 -0.002730 
327 -0.001409 
328 0.000448 
329 0.001319 
330 0.001950 
331 0.002684 
332 0.002449 
333 0.001709 
334 0.002426 
335 0.003473 
336 0.002702 
337 0.001489 
338 0.001551 
339 0.002199 
340 0.001907 
341 0.001438 
342 0.001751 
343 0.002129 
344 0.001857 
345 0.002299 
346 0.003329 
347 0.002336 
348 0.000319 
349 0.000825 
350 0.003201 
351 0.003888 
352 0.001469 
353 -0.001754 
354 -0.001937 
355 -0.000177 
356 -0.000604 
357 -0.001425 
358 -0.000136 
359 0.000994 
360 0.002421 
361 0.005173 
362 0.006600 
363 0.004553 
364 -0.001062 
365 -0.006166 
366 -0.005546 
367 -0.001073 
368 0.001175 
369 0.000445 
370 -0.000063 
371 0.000867 
372 0.001019 
373 0.000304 
374 0.001584 
375 0.003502 
376 0.001215 
377 -0.004028 
378 -0.004221 
379 0.002220 
380 0.006242 
381 0.004037 
382 0.001003 
383 0.000691 
384 0.000039 
385 -0.001657 
386 0.000334 
387 0.005219 
388 0.005360 
389 0.002071 
390 0.001600 
391 0.002148 
392 0.000135 
393 -0.001793 
394 0.000429 
395 0.003768 
396 0.002385 
397 -0.000308 
398 0.002499 
399 0.006874 
400 0.005515 
401 0.000825 
402 -0.000187 
403 0.000588 
404 -0.000881 
405 -0.000135 
406 0.003591 
407 0.003888 
408 0.001089 
409 0.001473 
410 0.004781 
411 0.004429 
412 -0.000477 
413 -0.002507 
414 -0.000991 
415 -0.000886 
416 -0.000716 
417 -0.000413 
418 -0.001399 
419 -0.001164 
420 -0.000202 
421 0.001505 
422 0.003316 
423 0.001746 
424 -0.000191 
425 -0.000601 
426 -0.002986 
427 -0.004696 
428 -0.002434 
429 -0.000080 
430 -0.001675 
431 -0.006010 
432 -0.007055 
433 -0.004049 
434 -0.000763 
435 0.001564 
436 0.001565 
437 -0.002345 
438 -0.007060 
439 -0.008091 
440 -0.003761 
441 0.000794 
442 -0.000041 
443 -0.001816 
444 -0.001177 
445 -0.002317 
446 -0.004031 
447 -0.003003 
448 -0.001858 
449 -0.002126 
450 -0.003126 
451 -0.005073 
452 -0.004065 
453 0.000017 
454 0.000704 
455 -0.002555 
456 -0.004094 
457 -0.002871 
458 -0.000363 
459 0.002079 
460 0.003718 
461 0.004416 
462 0.002695 
463 -0.001623 
464 -0.004683 
465 -0.004606 
466 -0.002630 
467 -0.000953 
468 0.000197 
469 0.001850 
470 0.001823 
471 -0.000548 
472 -0.001601 
473 0.000020 
474 0.000044 
475 -0.002861 
476 -0.002804 
477 0.001372 
478 0.004663 
479 0.005433 
480 0.003532 
481 0.000142 
482 -0.000895 
483 -0.000492 
484 -0.000126 
485 0.001460 
486 0.000205 
487 -0.003287 
488 -0.002461 
489 -0.000377 
490 -0.000952 
491 -0.001495 
492 -0.000548 
493 0.001892 
494 0.003923 
495 0.003938 
496 0.005269 
497 0.007036 
498 0.003763 
499 -0.001061 
500 -0.001782 
501 -0.001548 
502 -0.003482 
503 -0.005036 
504 -0.003401 
505 0.000820 
506 0.003647 
507 0.003804 
508 0.003550 
509 0.002019 
510 -0.001464 
511 -0.003499 
512 -0.003012 
513 -0.001001 
514 0.003090 
515 0.005123 
516 0.001742 
517 -0.001453 
518 -0.001375 
519 -0.001540 
520 -0.003445 
521 -0.003679 
522 0.000783 
523 0.005420 
524 0.003482 
525 -0.000535 
526 -0.000102 
527 -0.001370 
528 -0.006057 
529 -0.004438 
530 0.003464 
531 0.006419 
532 0.002477 
533 0.000051 
534 0.002406 
535 0.002296 
536 -0.000987 
537 0.000472 
538 0.003020 
539 -0.000966 
540 -0.004530 
541 0.000163 
542 0.006704 
543 0.006962 
544 0.002971 
545 0.001821 
546 0.002627 
547 0.000470 
548 0.000238 
549 0.004274 
550 0.003489 
551 -0.001557 
552 -0.001072 
553 0.003040 
554 0.003286 
555 0.000717 
556 0.000873 
557 0.002007 
558 0.000665 
559 0.001581 
560 0.006077 
561 0.006427 
562 0.002577 
563 0.001046 
564 0.002694 
565 0.002653 
566 0.000473 
567 0.002444 
568 0.004235 
569 -0.001102 
570 -0.004358 
571 -0.001066 
572 0.000495 
573 -0.000306 
574 0.000020 
575 0.002285 
576 0.004255 
577 0.001836 
578 0.000008 
579 0.003077 
580 0.003446 
581 -0.000009 
582 -0.000840 
583 -0.000335 
584 -0.001552 
585 -0.002009 
586 0.000483 
587 0.002835 
588 0.000812 
589 -0.002036 
590 -0.001974 
591 -0.001963 
592 -0.000940 
593 0.003305 
594 0.005800 
595 0.004770 
596 0.002112 
597 -0.001679 
598 -0.003039 
599 -0.000956 
600 0.000119 
601 0.000446 
602 0.001580 
603 0.001582 
604 0.002454 
605 0.004815 
606 0.005212 
607 0.003214 
608 0.000411 
609 -0.001570 
610 -0.000588 
611 0.002411 
612 0.003522 
613 0.003500 
614 0.005440 
615 0.005262 
616 0.000045 
617 -0.002324 
618 0.001446 
619 0.003672 
620 0.002029 
621 0.001648 
622 0.002760 
623 0.001793 
624 -0.000727 
625 -0.001134 
626 0.000473 
627 0.000032 
628 -0.000925 
629 0.000423 
630 0.001189 
631 0.000289 
632 0.001689 
633 0.004305 
634 0.002971 
635 -0.002442 
636 -0.005629 
637 -0.002751 
638 0.000558 
639 0.000031 
640 -0.000498 
641 -0.000874 
642 -0.003316 
643 -0.003523 
644 0.000842 
645 0.004018 
646 0.001365 
647 -0.002365 
648 -0.000628 
649 0.001556 
650 -0.001131 
651 -0.002584 
652 -0.001193 
653 -0.002647 
654 -0.003552 
655 -0.000352 
656 0.001680 
657 -0.000037 
658 -0.002378 
659 -0.002014 
660 -0.000719 
661 -0.001931 
662 -0.001653 
663 0.002125 
664 0.002400 
665 -0.001252 
666 -0.001517 
667 0.000545 
668 -0.001018 
669 -0.005425 
670 -0.005976 
671 -0.001596 
672 0.001299 
673 -0.000424 
674 -0.002188 
675 -0.002520 
676 -0.003577 
677 -0.004154 
678 -0.001455 
679 0.001923 
680 0.000283 
681 -0.003997 
682 -0.003899 
683 -0.000533 
684 0.001255 
685 0.001810 
686 0.000861 
687 -0.002326 
688 -0.004906 
689 -0.004064 
690 -0.001218 
691 0.000241 
692 0.000035 
693 -0.000032 
694 -0.000373 
695 -0.000889 
696 0.000159 
697 0.001586 
698 0.001125 
699 -0.001247 
700 -0.002076 
701 0.001093 
702 0.003187 
703 0.001018 
704 -0.000280 
705 0.000522 
706 0.000163 
707 -0.000822 
708 -0.000503 
709 0.001518 
710 0.002307 
711 -0.000006 
712 -0.000520 
713 0.001839 
714 0.001200 
715 -0.001678 
716 -0.001289 
717 0.001034 
718 0.001677 
719 0.000963 
720 0.000591 
721 0.000210 
722 -0.001474 
723 -0.003202 
724 -0.002330 
725 -0.000158 
726 0.000305 
727 -0.000788 
728 -0.001457 
729 -0.001275 
730 -0.000218 
731 0.000129 
732 -0.001349 
733 -0.002013 
734 -0.000313 
735 -0.000037 
736 -0.002174 
737 -0.002748 
738 -0.001663 
739 -0.000710 
740 0.000400 
741 0.000981 
742 0.000541 
743 -0.000051 
744 -0.000334 
745 0.000747 
746 0.002209 
747 0.001212 
748 -0.001305 
749 -0.002064 
750 -0.001470 
751 -0.000036 
752 0.002495 
753 0.004272 
754 0.003343 
755 0.000032 
756 -0.002394 
757 -0.000950 
758 0.001937 
759 0.003159 
760 0.003099 
761 0.001465 
762 -0.000567 
763 -0.000014 
764 0.002003 
765 0.002977 
766 0.001802 
767 -0.001329 
768 -0.002312 
769 -0.000519 
770 0.000579 
771 0.001080 
772 0.000898 
773 -0.000933 
774 -0.001895 
775 -0.001531 
776 -0.001076 
777 0.000401 
778 0.001351 
779 0.000137 
780 -0.001201 
781 -0.000783 
782 0.001012 
783 0.001394 
784 -0.000473 
785 -0.001979 
786 -0.002474 
787 -0.003312 
788 -0.003264 
789 -0.001421 
790 0.000032 
791 -0.000517 
792 -0.001105 
793 0.000073 
794 0.001154 
795 0.000602 
796 -0.000580 
797 -0.000771 
798 0.000226 
799 -0.000131 
800 -0.002120 
801 -0.001757 
802 -0.000058 
803 -0.000948 
804 -0.001672 
805 -0.000728 
806 -0.000704 
807 -0.001310 
808 -0.001756 
809 -0.001674 
810 0.000023 
811 0.001137 
812 0.000566 
813 0.000587 
814 0.000585 
815 -0.000266 
816 -0.000631 
817 -0.000941 
818 -0.001649 
819 -0.002545 
820 -0.003189 
821 -0.002200 
822 -0.000357 
823 0.000596 
824 0.000337 
825 -0.000744 
826 -0.001247 
827 -0.000555 
828 -0.000055 
829 0.000200 
830 0.000224 
831 -0.000359 
832 -0.000151 
833 0.000600 
834 0.000588 
835 0.000485 
836 0.000317 
837 -0.000732 
838 -0.001324 
839 -0.000691 
840 0.000175 
841 0.000570 
842 0.000846 
843 0.001164 
844 0.001047 
845 0.000707 
846 0.001011 
847 0.001448 
848 0.001102 
849 0.000583 
850 0.000601 
851 0.000858 
852 0.000726 
853 0.000530 
854 0.000648 
855 0.000789 
856 0.000673 
857 0.000835 
858 0.001218 
859 0.000830 
860 0.000072 
861 0.000254 
862 0.001111 
863 0.001344 
864 0.000466 
865 -0.000668 
866 -0.000726 
867 -0.000117 
868 -0.000260 
869 -0.000535 
870 -0.000099 
871 0.000272 
872 0.000729 
873 0.001601 
874 0.002029 
875 0.001363 
876 -0.000394 
877 -0.001950 
878 -0.001739 
879 -0.000379 
880 0.000291 
881 0.000071 
882 -0.000076 
883 0.000187 
884 0.000228 
885 0.000025 
886 0.000377 
887 0.000896 
888 0.000269 
889 -0.001132 
890 -0.001171 
891 0.000523 
892 0.001553 
893 0.000973 
894 0.000199 
895 0.000120 
896 -0.000043 
897 -0.000455 
898 0.000030 
899 0.001189 
900 0.001207 
901 0.000431 
902 0.000319 
903 0.000440 
904 -0.000015 
905 -0.000443 
906 0.000048 
907 0.000770 
908 0.000465 
909 -0.000109 
910 0.000479 
911 0.001378 
912 0.001088 
913 0.000131 
914 -0.000070 
915 0.000084 
916 -0.000203 
917 -0.000059 
918 0.000650 
919 0.000696 
920 0.000168 
921 0.000236 
922 0.000832 
923 0.000761 
924 -0.000117 
925 -0.000471 
926 -0.000201 
927 -0.000178 
928 -0.000146 
929 -0.000095 
930 -0.000255 
931 -0.000214 
932 -0.000058 
933 0.000212 
934 0.000497 
935 0.000245 
936 -0.000056 
937 -0.000116 
938 -0.000474 
939 -0.000724 
940 -0.000385 
941 -0.000037 
942 -0.000267 
943 -0.000880 
944 -0.001017 
945 -0.000585 
946 -0.000126 
947 0.000191 
948 0.000187 
949 -0.000337 
950 -0.000955 
951 -0.001079 
952 -0.000510 
953 0.000076 
954 -0.000030 
955 -0.000251 
956 -0.000172 
957 -0.000310 
958 -0.000514 
959 -0.000386 
960 -0.000248 
961 -0.000277 
962 -0.000391 
963 -0.000610 
964 -0.000488 
965 -0.000025 
966 0.000052 
967 -0.000307 
968 -0.000471 
969 -0.000336 
970 -0.000067 
971 0.000190 
972 0.000360 
973 0.000428 
974 0.000248 
975 -0.000193 
976 -0.000498 
977 -0.000484 
978 -0.000282 
979 -0.000114 
980 -0.000001 
981 0.000158 
982 0.000153 
983 -0.000074 
984 -0.000174 
985 -0.000020 
986 -0.000016 
987 -0.000283 
988 -0.000276 
989 0.000107 
990 0.000404 
991 0.000471 
992 0.000299 
993 -0.000002 
994 -0.000093 
995 -0.000057 
996 -0.000025 
997 0.000112 
998 0.000004 
999 -0.000295 
1000 -0.000224 
1001 -0.000046 
1002 -0.000094 
1003 -0.000138 
1004 -0.000058 
1005 0.000145 
1006 0.000313 
1007 0.000313 
1008 0.000422 
1009 0.000565 
1010 0.000297 
1011 -0.000095 
1012 -0.000153 
1013 -0.000133 
1014 -0.000289 
1015 -0.000414 
1016 -0.000282 
1017 0.000058 
1018 0.000283 
1019 0.000295 
1020 0.000275 
1021 0.000152 
1022 -0.000125 
1023 -0.000286 
