0 -0.000180 
1 -0.000235 
2 -0.000142 
3 0.000015 
4 0.000079 
5 0.000099 
6 0.000108 
7 0.000029 
8 -0.000091 
9 -0.000088 
10 0.000073 
11 0.000213 
12 0.000230 
13 0.000192 
14 0.000194 
15 0.000280 
16 0.000356 
17 0.000295 
18 0.000195 
19 0.000228 
20 0.000345 
21 0.000421 
22 0.000463 
23 0.000497 
24 0.000448 
25 0.000347 
26 0.000348 
27 0.000452 
28 0.000514 
29 0.000531 
30 0.000577 
31 0.000621 
32 0.000672 
33 0.000721 
34 0.000669 
35 0.000546 
36 0.000492 
37 0.000552 
38 0.000667 
39 0.000798 
40 0.000906 
41 0.000903 
42 0.000854 
43 0.000891 
44 0.000906 
45 0.000773 
46 0.000660 
47 0.000722 
48 0.000814 
49 0.000841 
50 0.000922 
51 0.000982 
52 0.000852 
53 0.000673 
54 0.000679 
55 0.000741 
56 0.000631 
57 0.000513 
58 0.000585 
59 0.000734 
60 0.000828 
61 0.000897 
62 0.000924 
63 0.000813 
64 0.000620 
65 0.000512 
66 0.000509 
67 0.000533 
68 0.000560 
69 0.000595 
70 0.000646 
71 0.000712 
72 0.000752 
73 0.000708 
74 0.000611 
75 0.000565 
76 0.000547 
77 0.000455 
78 0.000361 
79 0.000398 
80 0.000464 
81 0.000398 
82 0.000321 
83 0.000383 
84 0.000421 
85 0.000309 
86 0.000285 
87 0.000438 
88 0.000434 
89 0.000135 
90 -0.000074 
91 -0.000031 
92 0.000015 
93 -0.000009 
94 0.000110 
95 0.000278 
96 0.000147 
97 -0.000085 
98 0.000038 
99 0.000256 
100 -0.000003 
101 -0.000492 
102 -0.000543 
103 -0.000200 
104 -0.000101 
105 -0.000281 
106 -0.000251 
107 -0.000070 
108 -0.000222 
109 -0.000544 
110 -0.000630 
111 -0.000573 
112 -0.000637 
113 -0.000656 
114 -0.000424 
115 -0.000269 
116 -0.000419 
117 -0.000542 
118 -0.000533 
119 -0.000722 
120 -0.001123 
121 -0.001237 
122 -0.000930 
123 -0.000694 
124 -0.000817 
125 -0.000937 
126 -0.000817 
127 -0.000833 
128 -0.001151 
129 -0.001436 
130 -0.001366 
131 -0.001199 
132 -0.001286 
133 -0.001302 
134 -0.001049 
135 -0.000944 
136 -0.001048 
137 -0.001023 
138 -0.000974 
139 -0.001321 
140 -0.001716 
141 -0.001621 
142 -0.001386 
143 -0.001529 
144 -0.001570 
145 -0.001145 
146 -0.001000 
147 -0.001584 
148 -0.001908 
149 -0.001438 
150 -0.001087 
151 -0.001288 
152 -0.001182 
153 -0.000527 
154 -0.000359 
155 -0.000828 
156 -0.000736 
157 -0.000218 
158 -0.000602 
159 -0.001485 
160 -0.001411 
161 -0.000756 
162 -0.000852 
163 -0.001042 
164 -0.000104 
165 0.000796 
166 0.000169 
167 -0.000747 
168 -0.000650 
169 -0.000585 
170 -0.001268 
171 -0.001295 
172 -0.000121 
173 0.000742 
174 0.000630 
175 0.000608 
176 0.000931 
177 0.000710 
178 0.000092 
179 -0.000159 
180 -0.000142 
181 -0.000116 
182 0.000376 
183 0.001203 
184 0.001169 
185 0.000256 
186 -0.000090 
187 0.000520 
188 0.000701 
189 0.000177 
190 0.000415 
191 0.001468 
192 0.001803 
193 0.001230 
194 0.001079 
195 0.001524 
196 0.001519 
197 0.001139 
198 0.001383 
199 0.001939 
200 0.002143 
201 0.002369 
202 0.002949 
203 0.003193 
204 0.002847 
205 0.002669 
206 0.002868 
207 0.002781 
208 0.002360 
209 0.002363 
210 0.002847 
211 0.002985 
212 0.002697 
213 0.002844 
214 0.003395 
215 0.003189 
216 0.002350 
217 0.002185 
218 0.002670 
219 0.002257 
220 0.001382 
221 0.001805 
222 0.002905 
223 0.002719 
224 0.001963 
225 0.002325 
226 0.002919 
227 0.002426 
228 0.002122 
229 0.002908 
230 0.003199 
231 0.002065 
232 0.001363 
233 0.002009 
234 0.002313 
235 0.001448 
236 0.000721 
237 0.000953 
238 0.001205 
239 0.000904 
240 0.000889 
241 0.001562 
242 0.001735 
243 0.000697 
244 -0.000268 
245 -0.000147 
246 0.000021 
247 -0.000351 
248 -0.000031 
249 0.001050 
250 0.001368 
251 0.001004 
252 0.001384 
253 0.001899 
254 0.000813 
255 -0.001107 
256 -0.001687 
257 -0.001312 
258 -0.001449 
259 -0.001445 
260 -0.000376 
261 0.000587 
262 0.000249 
263 -0.000684 
264 -0.001096 
265 -0.001565 
266 -0.002742 
267 -0.003663 
268 -0.003621 
269 -0.003473 
270 -0.003749 
271 -0.003584 
272 -0.002481 
273 -0.001786 
274 -0.002593 
275 -0.004015 
276 -0.004705 
277 -0.004961 
278 -0.005582 
279 -0.006035 
280 -0.005437 
281 -0.004560 
282 -0.004339 
283 -0.004140 
284 -0.003561 
285 -0.003733 
286 -0.005181 
287 -0.006260 
288 -0.005742 
289 -0.004902 
290 -0.004780 
291 -0.005012 
292 -0.005137 
293 -0.005293 
294 -0.005461 
295 -0.005440 
296 -0.005519 
297 -0.005914 
298 -0.006143 
299 -0.005427 
300 -0.004175 
301 -0.003640 
302 -0.004149 
303 -0.004471 
304 -0.003989 
305 -0.003786 
306 -0.004646 
307 -0.005367 
308 -0.005020 
309 -0.004478 
310 -0.004512 
311 -0.004319 
312 -0.003500 
313 -0.003144 
314 -0.004089 
315 -0.005193 
316 -0.004989 
317 -0.003910 
318 -0.003389 
319 -0.003625 
320 -0.003671 
321 -0.003313 
322 -0.003312 
323 -0.003663 
324 -0.003201 
325 -0.002021 
326 -0.001617 
327 -0.002383 
328 -0.002842 
329 -0.002283 
330 -0.002021 
331 -0.002833 
332 -0.003624 
333 -0.003425 
334 -0.002659 
335 -0.002011 
336 -0.001302 
337 0.000038 
338 0.001147 
339 0.001011 
340 0.000402 
341 0.000542 
342 0.000673 
343 0.000051 
344 -0.000276 
345 0.001021 
346 0.002706 
347 0.003310 
348 0.004043 
349 0.005279 
350 0.005141 
351 0.003263 
352 0.001740 
353 0.001413 
354 0.001457 
355 0.001884 
356 0.003471 
357 0.005304 
358 0.006162 
359 0.006607 
360 0.006922 
361 0.006287 
362 0.004877 
363 0.004264 
364 0.004854 
365 0.005355 
366 0.005317 
367 0.005827 
368 0.007029 
369 0.007337 
370 0.006456 
371 0.005798 
372 0.005890 
373 0.006326 
374 0.006648 
375 0.006571 
376 0.006236 
377 0.006087 
378 0.006541 
379 0.006911 
380 0.006840 
381 0.006719 
382 0.006997 
383 0.007170 
384 0.007294 
385 0.008216 
386 0.008787 
387 0.007904 
388 0.006593 
389 0.006572 
390 0.007392 
391 0.007208 
392 0.006409 
393 0.006858 
394 0.008356 
395 0.009323 
396 0.009601 
397 0.009681 
398 0.009104 
399 0.007959 
400 0.007376 
401 0.007371 
402 0.007012 
403 0.006482 
404 0.006570 
405 0.006727 
406 0.006272 
407 0.005922 
408 0.005874 
409 0.004559 
410 0.002517 
411 0.002296 
412 0.003797 
413 0.004659 
414 0.004217 
415 0.003844 
416 0.003905 
417 0.003308 
418 0.002050 
419 0.001561 
420 0.001635 
421 0.001422 
422 0.000999 
423 0.001266 
424 0.002105 
425 0.002122 
426 0.000774 
427 -0.000744 
428 -0.001745 
429 -0.002645 
430 -0.003197 
431 -0.002649 
432 -0.001481 
433 -0.001451 
434 -0.002520 
435 -0.003326 
436 -0.003889 
437 -0.005238 
438 -0.006299 
439 -0.005550 
440 -0.004424 
441 -0.004371 
442 -0.004213 
443 -0.003260 
444 -0.003269 
445 -0.004830 
446 -0.006124 
447 -0.006883 
448 -0.008414 
449 -0.009229 
450 -0.007848 
451 -0.006591 
452 -0.006838 
453 -0.006628 
454 -0.005407 
455 -0.005986 
456 -0.008669 
457 -0.010166 
458 -0.010058 
459 -0.010505 
460 -0.010969 
461 -0.009428 
462 -0.007673 
463 -0.007845 
464 -0.008254 
465 -0.007712 
466 -0.007823 
467 -0.009194 
468 -0.010163 
469 -0.010460 
470 -0.010785 
471 -0.009932 
472 -0.007790 
473 -0.007099 
474 -0.008766 
475 -0.009635 
476 -0.008143 
477 -0.007065 
478 -0.007772 
479 -0.008379 
480 -0.008256 
481 -0.008727 
482 -0.009074 
483 -0.007994 
484 -0.007129 
485 -0.008302 
486 -0.009061 
487 -0.007491 
488 -0.006130 
489 -0.006829 
490 -0.007615 
491 -0.007460 
492 -0.007901 
493 -0.008428 
494 -0.006854 
495 -0.004662 
496 -0.005204 
497 -0.006782 
498 -0.006174 
499 -0.004871 
500 -0.005198 
501 -0.005920 
502 -0.005322 
503 -0.004453 
504 -0.004579 
505 -0.004202 
506 -0.001882 
507 0.000026 
508 -0.001028 
509 -0.003204 
510 -0.003251 
511 -0.001946 
512 -0.002098 
513 -0.002783 
514 -0.001638 
515 0.000326 
516 0.001139 
517 0.001381 
518 0.001511 
519 0.000536 
520 -0.000951 
521 -0.000927 
522 0.001065 
523 0.002806 
524 0.003013 
525 0.002543 
526 0.002565 
527 0.003593 
528 0.004484 
529 0.003727 
530 0.002537 
531 0.002914 
532 0.004252 
533 0.005128 
534 0.005623 
535 0.006014 
536 0.005387 
537 0.004139 
538 0.004130 
539 0.005321 
540 0.006013 
541 0.006167 
542 0.006617 
543 0.007038 
544 0.007570 
545 0.008074 
546 0.007438 
547 0.005998 
548 0.005336 
549 0.005939 
550 0.007127 
551 0.008459 
552 0.009518 
553 0.009410 
554 0.008810 
555 0.009107 
556 0.009177 
557 0.007771 
558 0.006585 
559 0.007107 
560 0.007914 
561 0.008103 
562 0.008830 
563 0.009337 
564 0.008006 
565 0.006229 
566 0.006215 
567 0.006730 
568 0.005673 
569 0.004557 
570 0.005144 
571 0.006391 
572 0.007148 
573 0.007694 
574 0.007854 
575 0.006781 
576 0.005049 
577 0.004118 
578 0.004089 
579 0.004233 
580 0.004386 
581 0.004606 
582 0.004976 
583 0.005441 
584 0.005692 
585 0.005291 
586 0.004502 
587 0.004094 
588 0.003902 
589 0.003183 
590 0.002473 
591 0.002725 
592 0.003160 
593 0.002650 
594 0.002080 
595 0.002495 
596 0.002759 
597 0.002002 
598 0.001799 
599 0.002746 
600 0.002694 
601 0.000792 
602 -0.000530 
603 -0.000273 
604 0.000016 
605 -0.000124 
606 0.000598 
607 0.001596 
608 0.000814 
609 -0.000538 
610 0.000160 
611 0.001390 
612 -0.000060 
613 -0.002756 
614 -0.003024 
615 -0.001137 
616 -0.000585 
617 -0.001514 
618 -0.001345 
619 -0.000418 
620 -0.001196 
621 -0.002810 
622 -0.003214 
623 -0.002903 
624 -0.003177 
625 -0.003229 
626 -0.002107 
627 -0.001366 
628 -0.002042 
629 -0.002584 
630 -0.002527 
631 -0.003341 
632 -0.005069 
633 -0.005516 
634 -0.004138 
635 -0.003076 
636 -0.003541 
637 -0.004001 
638 -0.003480 
639 -0.003505 
640 -0.004739 
641 -0.005814 
642 -0.005476 
643 -0.004748 
644 -0.005022 
645 -0.005047 
646 -0.004055 
647 -0.003609 
648 -0.003940 
649 -0.003820 
650 -0.003624 
651 -0.004794 
652 -0.006095 
653 -0.005690 
654 -0.004820 
655 -0.005245 
656 -0.005317 
657 -0.003863 
658 -0.003352 
659 -0.005192 
660 -0.006158 
661 -0.004597 
662 -0.003442 
663 -0.004022 
664 -0.003653 
665 -0.001628 
666 -0.001095 
667 -0.002461 
668 -0.002165 
669 -0.000645 
670 -0.001727 
671 -0.004193 
672 -0.003937 
673 -0.002077 
674 -0.002300 
675 -0.002760 
676 -0.000212 
677 0.002170 
678 0.000505 
679 -0.001857 
680 -0.001574 
681 -0.001385 
682 -0.003071 
683 -0.003098 
684 -0.000195 
685 0.001881 
686 0.001595 
687 0.001551 
688 0.002313 
689 0.001792 
690 0.000364 
691 -0.000203 
692 -0.000163 
693 -0.000109 
694 0.000972 
695 0.002761 
696 0.002659 
697 0.000693 
698 -0.000036 
699 0.001240 
700 0.001607 
701 0.000527 
702 0.000997 
703 0.003075 
704 0.003709 
705 0.002550 
706 0.002219 
707 0.003032 
708 0.002989 
709 0.002250 
710 0.002675 
711 0.003667 
712 0.004000 
713 0.004358 
714 0.005333 
715 0.005707 
716 0.005051 
717 0.004691 
718 0.004983 
719 0.004789 
720 0.004033 
721 0.003983 
722 0.004728 
723 0.004912 
724 0.004408 
725 0.004588 
726 0.005396 
727 0.005031 
728 0.003706 
729 0.003417 
730 0.004104 
731 0.003463 
732 0.002160 
733 0.002740 
734 0.004270 
735 0.003952 
736 0.002847 
737 0.003308 
738 0.004089 
739 0.003400 
740 0.002967 
741 0.003970 
742 0.004308 
743 0.002802 
744 0.001870 
745 0.002656 
746 0.003006 
747 0.001902 
748 0.000979 
749 0.001236 
750 0.001527 
751 0.001167 
752 0.001146 
753 0.001925 
754 0.002108 
755 0.000902 
756 -0.000209 
757 -0.000074 
758 0.000119 
759 -0.000289 
760 0.000050 
761 0.001208 
762 0.001547 
763 0.001153 
764 0.001534 
765 0.002049 
766 0.000930 
767 -0.001007 
768 -0.001570 
769 -0.001182 
770 -0.001311 
771 -0.001311 
772 -0.000292 
773 0.000614 
774 0.000289 
775 -0.000575 
776 -0.000937 
777 -0.001344 
778 -0.002384 
779 -0.003176 
780 -0.003110 
781 -0.002953 
782 -0.003168 
783 -0.002988 
784 -0.002023 
785 -0.001424 
786 -0.002086 
787 -0.003232 
788 -0.003759 
789 -0.003929 
790 -0.004380 
791 -0.004681 
792 -0.004167 
793 -0.003462 
794 -0.003273 
795 -0.003092 
796 -0.002629 
797 -0.002731 
798 -0.003759 
799 -0.004490 
800 -0.004080 
801 -0.003457 
802 -0.003345 
803 -0.003471 
804 -0.003520 
805 -0.003589 
806 -0.003664 
807 -0.003614 
808 -0.003633 
809 -0.003852 
810 -0.003957 
811 -0.003467 
812 -0.002645 
813 -0.002275 
814 -0.002553 
815 -0.002726 
816 -0.002421 
817 -0.002280 
818 -0.002763 
819 -0.003159 
820 -0.002929 
821 -0.002584 
822 -0.002571 
823 -0.002436 
824 -0.001960 
825 -0.001745 
826 -0.002239 
827 -0.002805 
828 -0.002663 
829 -0.002068 
830 -0.001782 
831 -0.001890 
832 -0.001890 
833 -0.001688 
834 -0.001676 
835 -0.001835 
836 -0.001585 
837 -0.000992 
838 -0.000790 
839 -0.001141 
840 -0.001337 
841 -0.001062 
842 -0.000930 
843 -0.001283 
844 -0.001615 
845 -0.001502 
846 -0.001150 
847 -0.000861 
848 -0.000552 
849 0.000014 
850 0.000472 
851 0.000408 
852 0.000154 
853 0.000207 
854 0.000260 
855 0.000019 
856 -0.000103 
857 0.000401 
858 0.001041 
859 0.001260 
860 0.001517 
861 0.001951 
862 0.001881 
863 0.001189 
864 0.000633 
865 0.000507 
866 0.000519 
867 0.000666 
868 0.001198 
869 0.001799 
870 0.002066 
871 0.002192 
872 0.002270 
873 0.002040 
874 0.001574 
875 0.001372 
876 0.001541 
877 0.001672 
878 0.001637 
879 0.001772 
880 0.002111 
881 0.002176 
882 0.001896 
883 0.001687 
884 0.001697 
885 0.001799 
886 0.001863 
887 0.001817 
888 0.001703 
889 0.001643 
890 0.001745 
891 0.001825 
892 0.001787 
893 0.001737 
894 0.001787 
895 0.001807 
896 0.001813 
897 0.002014 
898 0.002131 
899 0.001898 
900 0.001565 
901 0.001539 
902 0.001711 
903 0.001653 
904 0.001453 
905 0.001532 
906 0.001843 
907 0.002034 
908 0.002073 
909 0.002066 
910 0.001924 
911 0.001667 
912 0.001529 
913 0.001510 
914 0.001419 
915 0.001295 
916 0.001293 
917 0.001309 
918 0.001211 
919 0.001135 
920 0.001113 
921 0.000861 
922 0.000484 
923 0.000444 
924 0.000700 
925 0.000840 
926 0.000752 
927 0.000680 
928 0.000684 
929 0.000578 
930 0.000364 
931 0.000279 
932 0.000286 
933 0.000248 
934 0.000177 
935 0.000213 
936 0.000339 
937 0.000341 
938 0.000135 
939 -0.000094 
940 -0.000241 
941 -0.000367 
942 -0.000443 
943 -0.000362 
944 -0.000195 
945 -0.000189 
946 -0.000335 
947 -0.000444 
948 -0.000516 
949 -0.000689 
950 -0.000820 
951 -0.000714 
952 -0.000561 
953 -0.000547 
954 -0.000522 
955 -0.000398 
956 -0.000396 
957 -0.000583 
958 -0.000734 
959 -0.000816 
960 -0.000989 
961 -0.001074 
962 -0.000904 
963 -0.000750 
964 -0.000770 
965 -0.000739 
966 -0.000597 
967 -0.000655 
968 -0.000942 
969 -0.001095 
970 -0.001073 
971 -0.001110 
972 -0.001149 
973 -0.000980 
974 -0.000792 
975 -0.000801 
976 -0.000833 
977 -0.000771 
978 -0.000777 
979 -0.000907 
980 -0.000995 
981 -0.001017 
982 -0.001041 
983 -0.000952 
984 -0.000742 
985 -0.000671 
986 -0.000820 
987 -0.000893 
988 -0.000750 
989 -0.000646 
990 -0.000706 
991 -0.000757 
992 -0.000744 
993 -0.000782 
994 -0.000807 
995 -0.000707 
996 -0.000628 
997 -0.000725 
998 -0.000785 
999 -0.000647 
1000 -0.000528 
1001 -0.000585 
1002 -0.000647 
1003 -0.000630 
1004 -0.000665 
1005 -0.000707 
1006 -0.000573 
1007 -0.000389 
1008 -0.000432 
1009 -0.000561 
1010 -0.000510 
1011 -0.000402 
1012 -0.000427 
1013 -0.000485 
1014 -0.000437 
1015 -0.000367 
1016 -0.000375 
1017 -0.000344 
1018 -0.000157 
1019 -0.000004 
1020 -0.000088 
1021 -0.000262 
1022 -0.000267 
1023 -0.000164 
