0 -0.000269 
1 -0.000213 
2 -0.000172 
3 -0.000031 
4 0.000056 
5 0.000009 
6 -0.000034 
7 -0.000011 
8 -0.000054 
9 -0.000201 
10 -0.000275 
11 -0.000164 
12 -0.000088 
13 -0.000160 
14 -0.000143 
15 -0.000023 
16 -0.000027 
17 -0.000165 
18 -0.000267 
19 -0.000251 
20 -0.000245 
21 -0.000374 
22 -0.000485 
23 -0.000421 
24 -0.000245 
25 -0.000134 
26 -0.000108 
27 -0.000085 
28 -0.000061 
29 -0.000130 
30 -0.000166 
31 -0.000020 
32 0.000176 
33 0.000220 
34 0.000048 
35 -0.000163 
36 -0.000223 
37 -0.000243 
38 -0.000368 
39 -0.000519 
40 -0.000512 
41 -0.000374 
42 -0.000192 
43 0.000007 
44 0.000126 
45 0.000042 
46 -0.000148 
47 -0.000252 
48 -0.000212 
49 -0.000118 
50 -0.000103 
51 -0.000264 
52 -0.000559 
53 -0.000732 
54 -0.000552 
55 -0.000182 
56 0.000085 
57 0.000263 
58 0.000276 
59 -0.000034 
60 -0.000340 
61 -0.000327 
62 -0.000164 
63 -0.000255 
64 -0.000652 
65 -0.000841 
66 -0.000417 
67 0.000266 
68 0.000625 
69 0.000624 
70 0.000478 
71 0.000247 
72 0.000014 
73 -0.000104 
74 -0.000205 
75 -0.000490 
76 -0.000787 
77 -0.000837 
78 -0.000741 
79 -0.000584 
80 -0.000129 
81 0.000531 
82 0.000895 
83 0.000828 
84 0.000751 
85 0.000985 
86 0.001216 
87 0.000908 
88 0.000196 
89 -0.000394 
90 -0.000612 
91 -0.000631 
92 -0.000650 
93 -0.000509 
94 -0.000084 
95 0.000230 
96 0.000394 
97 0.000729 
98 0.000969 
99 0.000753 
100 0.000393 
101 0.000282 
102 0.000343 
103 0.000310 
104 0.000296 
105 0.000545 
106 0.000748 
107 0.000475 
108 0.000009 
109 -0.000194 
110 -0.000217 
111 -0.000124 
112 0.000192 
113 0.000616 
114 0.001053 
115 0.001312 
116 0.001256 
117 0.000958 
118 0.000765 
119 0.000818 
120 0.000875 
121 0.000638 
122 0.000418 
123 0.000428 
124 0.000398 
125 0.000295 
126 0.000269 
127 0.000370 
128 0.000758 
129 0.001359 
130 0.001733 
131 0.001801 
132 0.001775 
133 0.001792 
134 0.001683 
135 0.001079 
136 -0.000038 
137 -0.000838 
138 -0.000656 
139 -0.000005 
140 0.000467 
141 0.000604 
142 0.000489 
143 0.000376 
144 0.000691 
145 0.001506 
146 0.002121 
147 0.001770 
148 0.000967 
149 0.000953 
150 0.001474 
151 0.001116 
152 0.000228 
153 0.000063 
154 0.000108 
155 -0.000548 
156 -0.001051 
157 -0.000747 
158 -0.000013 
159 0.000561 
160 0.000766 
161 0.001062 
162 0.001325 
163 0.000730 
164 0.000080 
165 0.000500 
166 0.001403 
167 0.001878 
168 0.001680 
169 0.000827 
170 -0.000118 
171 -0.000426 
172 -0.000032 
173 0.000395 
174 0.000239 
175 0.000161 
176 0.000758 
177 0.001216 
178 0.001013 
179 0.000726 
180 0.000696 
181 0.000801 
182 0.001000 
183 0.001262 
184 0.001558 
185 0.001690 
186 0.001211 
187 0.000205 
188 -0.000279 
189 0.000287 
190 0.000885 
191 0.000536 
192 0.000097 
193 0.000266 
194 0.000409 
195 0.000477 
196 0.001200 
197 0.001927 
198 0.001441 
199 -0.000109 
200 -0.000898 
201 -0.000069 
202 0.000950 
203 0.000733 
204 0.000025 
205 -0.000297 
206 -0.000516 
207 -0.000922 
208 -0.000719 
209 0.000073 
210 -0.000003 
211 -0.001098 
212 -0.001327 
213 -0.000018 
214 0.001434 
215 0.001606 
216 0.000685 
217 -0.000035 
218 -0.000043 
219 0.000063 
220 -0.000370 
221 -0.001160 
222 -0.001383 
223 -0.000909 
224 -0.000817 
225 -0.001153 
226 -0.000778 
227 -0.000271 
228 -0.001213 
229 -0.003306 
230 -0.004073 
231 -0.002596 
232 -0.000688 
233 0.000211 
234 0.000374 
235 0.000466 
236 0.000551 
237 0.000342 
238 0.000110 
239 0.000097 
240 -0.000106 
241 -0.000492 
242 -0.000739 
243 -0.000734 
244 -0.000339 
245 -0.000335 
246 -0.000890 
247 -0.001140 
248 -0.001199 
249 -0.001288 
250 -0.000912 
251 -0.000360 
252 -0.000074 
253 -0.000000 
254 -0.000627 
255 -0.001449 
256 -0.001219 
257 -0.000295 
258 0.000033 
259 -0.000577 
260 -0.001353 
261 -0.001659 
262 -0.001924 
263 -0.002330 
264 -0.002552 
265 -0.002460 
266 -0.002551 
267 -0.002953 
268 -0.003428 
269 -0.003358 
270 -0.002395 
271 -0.000887 
272 0.000746 
273 0.001397 
274 0.000876 
275 0.000430 
276 0.000366 
277 -0.000671 
278 -0.002982 
279 -0.005235 
280 -0.005808 
281 -0.005044 
282 -0.004384 
283 -0.003787 
284 -0.003464 
285 -0.003280 
286 -0.001475 
287 0.002179 
288 0.005122 
289 0.005545 
290 0.004253 
291 0.002761 
292 0.001097 
293 -0.001666 
294 -0.003909 
295 -0.003664 
296 -0.001655 
297 0.000358 
298 0.001979 
299 0.002882 
300 0.003016 
301 0.002725 
302 0.001697 
303 -0.000258 
304 -0.001846 
305 -0.001899 
306 -0.001544 
307 -0.001389 
308 -0.000766 
309 0.000023 
310 0.000262 
311 0.000741 
312 0.002193 
313 0.004037 
314 0.005002 
315 0.004161 
316 0.002636 
317 0.001034 
318 -0.001311 
319 -0.003418 
320 -0.004023 
321 -0.004235 
322 -0.004410 
323 -0.003564 
324 -0.002079 
325 -0.000736 
326 0.000597 
327 0.002171 
328 0.002967 
329 0.001852 
330 0.000327 
331 0.000198 
332 -0.000273 
333 -0.001641 
334 -0.001915 
335 -0.001100 
336 -0.001040 
337 -0.002027 
338 -0.002242 
339 -0.000743 
340 -0.000509 
341 -0.002697 
342 -0.003945 
343 -0.002679 
344 -0.001703 
345 -0.002526 
346 -0.003651 
347 -0.002958 
348 -0.001535 
349 -0.001160 
350 -0.000129 
351 0.002404 
352 0.003438 
353 0.002074 
354 0.000413 
355 -0.000299 
356 -0.000608 
357 -0.002148 
358 -0.004637 
359 -0.005502 
360 -0.004435 
361 -0.002756 
362 -0.001757 
363 -0.000626 
364 0.002269 
365 0.005969 
366 0.007794 
367 0.007283 
368 0.006266 
369 0.006156 
370 0.005978 
371 0.004957 
372 0.003648 
373 0.001802 
374 -0.000673 
375 -0.002880 
376 -0.002795 
377 0.000472 
378 0.004716 
379 0.007028 
380 0.007316 
381 0.006630 
382 0.006465 
383 0.007109 
384 0.006513 
385 0.004691 
386 0.003118 
387 0.001751 
388 0.001071 
389 0.001713 
390 0.003395 
391 0.005751 
392 0.007132 
393 0.006593 
394 0.006360 
395 0.006835 
396 0.005389 
397 0.001442 
398 -0.001911 
399 -0.002945 
400 -0.003661 
401 -0.004755 
402 -0.004781 
403 -0.003194 
404 -0.000857 
405 0.001141 
406 0.003349 
407 0.005482 
408 0.005267 
409 0.002801 
410 0.000291 
411 -0.002557 
412 -0.005701 
413 -0.007468 
414 -0.007523 
415 -0.007867 
416 -0.008250 
417 -0.006962 
418 -0.004724 
419 -0.002971 
420 -0.001053 
421 0.001927 
422 0.003809 
423 0.002168 
424 -0.000591 
425 -0.000353 
426 0.000554 
427 -0.000256 
428 -0.000245 
429 0.000374 
430 -0.001305 
431 -0.004091 
432 -0.004217 
433 -0.001087 
434 0.001782 
435 0.001990 
436 0.001658 
437 0.002337 
438 0.002860 
439 0.002389 
440 0.001219 
441 -0.000112 
442 -0.000570 
443 0.000365 
444 0.002441 
445 0.004924 
446 0.007999 
447 0.010188 
448 0.009171 
449 0.006866 
450 0.005587 
451 0.003142 
452 -0.000558 
453 -0.003132 
454 -0.002914 
455 -0.000374 
456 0.001010 
457 0.000176 
458 0.000960 
459 0.003776 
460 0.004220 
461 0.002041 
462 0.000635 
463 0.001080 
464 0.001882 
465 0.002343 
466 0.003094 
467 0.003001 
468 0.001075 
469 -0.001730 
470 -0.004378 
471 -0.005162 
472 -0.004677 
473 -0.003989 
474 -0.001355 
475 0.002270 
476 0.004040 
477 0.003978 
478 0.001905 
479 -0.001637 
480 -0.003959 
481 -0.003982 
482 -0.003192 
483 -0.001998 
484 -0.001388 
485 -0.002540 
486 -0.004945 
487 -0.006401 
488 -0.005244 
489 -0.004293 
490 -0.005798 
491 -0.007152 
492 -0.005320 
493 -0.002350 
494 -0.000478 
495 -0.000118 
496 -0.000463 
497 -0.001605 
498 -0.003493 
499 -0.004121 
500 -0.001637 
501 0.001421 
502 0.001142 
503 -0.001266 
504 -0.002499 
505 -0.002233 
506 -0.002558 
507 -0.003037 
508 -0.002831 
509 -0.003346 
510 -0.004662 
511 -0.004536 
512 -0.002933 
513 -0.002235 
514 -0.001720 
515 0.000047 
516 0.001120 
517 0.000526 
518 -0.000010 
519 0.000266 
520 -0.000263 
521 -0.002063 
522 -0.002970 
523 -0.001575 
524 -0.000629 
525 -0.001515 
526 -0.001311 
527 0.000141 
528 0.000092 
529 -0.001572 
530 -0.002796 
531 -0.002587 
532 -0.002503 
533 -0.004017 
534 -0.005316 
535 -0.004528 
536 -0.002450 
537 -0.001147 
538 -0.000843 
539 -0.000583 
540 -0.000305 
541 -0.001102 
542 -0.001500 
543 0.000133 
544 0.002314 
545 0.002779 
546 0.000863 
547 -0.001451 
548 -0.002098 
549 -0.002308 
550 -0.003638 
551 -0.005214 
552 -0.005105 
553 -0.003618 
554 -0.001715 
555 0.000328 
556 0.001534 
557 0.000666 
558 -0.001240 
559 -0.002249 
560 -0.001842 
561 -0.000907 
562 -0.000771 
563 -0.002321 
564 -0.005098 
565 -0.006674 
566 -0.004927 
567 -0.001479 
568 0.000961 
569 0.002546 
570 0.002638 
571 -0.000125 
572 -0.002790 
573 -0.002646 
574 -0.001237 
575 -0.001994 
576 -0.005309 
577 -0.006815 
578 -0.003274 
579 0.002307 
580 0.005163 
581 0.005100 
582 0.003890 
583 0.002043 
584 0.000223 
585 -0.000684 
586 -0.001436 
587 -0.003551 
588 -0.005687 
589 -0.005989 
590 -0.005228 
591 -0.004053 
592 -0.000809 
593 0.003784 
594 0.006238 
595 0.005716 
596 0.005119 
597 0.006613 
598 0.008051 
599 0.005944 
600 0.001305 
601 -0.002456 
602 -0.003793 
603 -0.003866 
604 -0.003930 
605 -0.003028 
606 -0.000451 
607 0.001415 
608 0.002353 
609 0.004268 
610 0.005577 
611 0.004280 
612 0.002205 
613 0.001549 
614 0.001864 
615 0.001656 
616 0.001556 
617 0.002848 
618 0.003872 
619 0.002428 
620 0.000042 
621 -0.000969 
622 -0.001069 
623 -0.000603 
624 0.000928 
625 0.002943 
626 0.004967 
627 0.006117 
628 0.005789 
629 0.004355 
630 0.003439 
631 0.003628 
632 0.003834 
633 0.002759 
634 0.001773 
635 0.001802 
636 0.001654 
637 0.001203 
638 0.001092 
639 0.001485 
640 0.003030 
641 0.005380 
642 0.006779 
643 0.006968 
644 0.006788 
645 0.006769 
646 0.006279 
647 0.003969 
648 -0.000165 
649 -0.003059 
650 -0.002371 
651 -0.000036 
652 0.001626 
653 0.002095 
654 0.001683 
655 0.001283 
656 0.002317 
657 0.004981 
658 0.006929 
659 0.005712 
660 0.003081 
661 0.003006 
662 0.004614 
663 0.003457 
664 0.000711 
665 0.000208 
666 0.000337 
667 -0.001601 
668 -0.003049 
669 -0.002134 
670 -0.000025 
671 0.001595 
672 0.002140 
673 0.002939 
674 0.003629 
675 0.001996 
676 0.000248 
677 0.001358 
678 0.003698 
679 0.004879 
680 0.004324 
681 0.002124 
682 -0.000254 
683 -0.001013 
684 -0.000039 
685 0.000990 
686 0.000609 
687 0.000418 
688 0.001804 
689 0.002840 
690 0.002346 
691 0.001673 
692 0.001590 
693 0.001813 
694 0.002229 
695 0.002770 
696 0.003375 
697 0.003614 
698 0.002570 
699 0.000462 
700 -0.000540 
701 0.000610 
702 0.001808 
703 0.001101 
704 0.000232 
705 0.000554 
706 0.000828 
707 0.000944 
708 0.002290 
709 0.003617 
710 0.002687 
711 -0.000155 
712 -0.001568 
713 -0.000076 
714 0.001722 
715 0.001328 
716 0.000097 
717 -0.000458 
718 -0.000825 
719 -0.001492 
720 -0.001140 
721 0.000167 
722 0.000045 
723 -0.001704 
724 -0.002047 
725 0.000023 
726 0.002276 
727 0.002518 
728 0.001093 
729 0.000000 
730 -0.000014 
731 0.000142 
732 -0.000483 
733 -0.001609 
734 -0.001901 
735 -0.001210 
736 -0.001070 
737 -0.001525 
738 -0.000998 
739 -0.000308 
740 -0.001573 
741 -0.004325 
742 -0.005281 
743 -0.003312 
744 -0.000830 
745 0.000326 
746 0.000531 
747 0.000641 
748 0.000738 
749 0.000478 
750 0.000186 
751 0.000165 
752 -0.000077 
753 -0.000528 
754 -0.000809 
755 -0.000787 
756 -0.000332 
757 -0.000320 
758 -0.000924 
759 -0.001189 
760 -0.001244 
761 -0.001324 
762 -0.000912 
763 -0.000328 
764 -0.000030 
765 0.000045 
766 -0.000593 
767 -0.001417 
768 -0.001174 
769 -0.000251 
770 0.000070 
771 -0.000515 
772 -0.001244 
773 -0.001514 
774 -0.001739 
775 -0.002095 
776 -0.002278 
777 -0.002177 
778 -0.002237 
779 -0.002571 
780 -0.002966 
781 -0.002874 
782 -0.002017 
783 -0.000709 
784 0.000680 
785 0.001223 
786 0.000785 
787 0.000415 
788 0.000360 
789 -0.000470 
790 -0.002290 
791 -0.004024 
792 -0.004426 
793 -0.003794 
794 -0.003253 
795 -0.002770 
796 -0.002504 
797 -0.002336 
798 -0.001000 
799 0.001638 
800 0.003712 
801 0.003969 
802 0.003027 
803 0.001970 
804 0.000815 
805 -0.001055 
806 -0.002534 
807 -0.002340 
808 -0.001003 
809 0.000310 
810 0.001339 
811 0.001896 
812 0.001958 
813 0.001761 
814 0.001115 
815 -0.000081 
816 -0.001028 
817 -0.001045 
818 -0.000825 
819 -0.000726 
820 -0.000357 
821 0.000094 
822 0.000224 
823 0.000491 
824 0.001285 
825 0.002278 
826 0.002775 
827 0.002298 
828 0.001469 
829 0.000618 
830 -0.000593 
831 -0.001661 
832 -0.001948 
833 -0.002032 
834 -0.002095 
835 -0.001656 
836 -0.000920 
837 -0.000264 
838 0.000371 
839 0.001099 
840 0.001455 
841 0.000929 
842 0.000229 
843 0.000172 
844 -0.000035 
845 -0.000634 
846 -0.000747 
847 -0.000393 
848 -0.000366 
849 -0.000779 
850 -0.000862 
851 -0.000241 
852 -0.000147 
853 -0.001025 
854 -0.001510 
855 -0.001000 
856 -0.000610 
857 -0.000919 
858 -0.001332 
859 -0.001055 
860 -0.000515 
861 -0.000374 
862 0.000000 
863 0.000906 
864 0.001260 
865 0.000768 
866 0.000186 
867 -0.000061 
868 -0.000166 
869 -0.000679 
870 -0.001495 
871 -0.001760 
872 -0.001395 
873 -0.000842 
874 -0.000516 
875 -0.000159 
876 0.000737 
877 0.001860 
878 0.002392 
879 0.002210 
880 0.001883 
881 0.001826 
882 0.001754 
883 0.001441 
884 0.001053 
885 0.000524 
886 -0.000169 
887 -0.000771 
888 -0.000740 
889 0.000140 
890 0.001256 
891 0.001842 
892 0.001894 
893 0.001694 
894 0.001634 
895 0.001774 
896 0.001607 
897 0.001147 
898 0.000754 
899 0.000419 
900 0.000251 
901 0.000391 
902 0.000769 
903 0.001293 
904 0.001587 
905 0.001450 
906 0.001383 
907 0.001470 
908 0.001145 
909 0.000297 
910 -0.000407 
911 -0.000617 
912 -0.000759 
913 -0.000974 
914 -0.000971 
915 -0.000648 
916 -0.000188 
917 0.000200 
918 0.000618 
919 0.001014 
920 0.000962 
921 0.000498 
922 0.000037 
923 -0.000477 
924 -0.001030 
925 -0.001329 
926 -0.001326 
927 -0.001372 
928 -0.001423 
929 -0.001195 
930 -0.000813 
931 -0.000517 
932 -0.000203 
933 0.000274 
934 0.000568 
935 0.000304 
936 -0.000124 
937 -0.000088 
938 0.000049 
939 -0.000073 
940 -0.000074 
941 0.000014 
942 -0.000231 
943 -0.000627 
944 -0.000638 
945 -0.000195 
946 0.000201 
947 0.000227 
948 0.000178 
949 0.000265 
950 0.000331 
951 0.000266 
952 0.000113 
953 -0.000057 
954 -0.000114 
955 0.000003 
956 0.000259 
957 0.000559 
958 0.000924 
959 0.001175 
960 0.001042 
961 0.000760 
962 0.000604 
963 0.000318 
964 -0.000105 
965 -0.000393 
966 -0.000365 
967 -0.000082 
968 0.000070 
969 -0.000020 
970 0.000063 
971 0.000361 
972 0.000403 
973 0.000172 
974 0.000024 
975 0.000069 
976 0.000150 
977 0.000196 
978 0.000270 
979 0.000259 
980 0.000070 
981 -0.000202 
982 -0.000456 
983 -0.000527 
984 -0.000478 
985 -0.000411 
986 -0.000163 
987 0.000173 
988 0.000335 
989 0.000327 
990 0.000138 
991 -0.000180 
992 -0.000385 
993 -0.000383 
994 -0.000311 
995 -0.000203 
996 -0.000149 
997 -0.000247 
998 -0.000452 
999 -0.000574 
1000 -0.000473 
1001 -0.000389 
1002 -0.000513 
1003 -0.000623 
1004 -0.000467 
1005 -0.000217 
1006 -0.000059 
1007 -0.000027 
1008 -0.000056 
1009 -0.000149 
1010 -0.000301 
1011 -0.000351 
1012 -0.000148 
1013 0.000099 
1014 0.000075 
1015 -0.000119 
1016 -0.000218 
1017 -0.000195 
1018 -0.000219 
1019 -0.000257 
1020 -0.000239 
1021 -0.000280 
1022 -0.000385 
1023 -0.000375 
