0 0.038036 
1 0.072200 
2 -0.032101 
3 0.036987 
4 -0.056483 
5 0.076134 
6 0.009058 
7 -0.001815 
8 0.015340 
9 -0.011571 
10 0.101709 
11 -0.046007 
12 0.078012 
13 -0.030325 
14 0.069393 
15 -0.003627 
16 -0.010502 
17 0.042470 
18 -0.032231 
19 0.100905 
20 -0.029098 
21 0.062571 
22 -0.038156 
23 0.044311 
24 0.028348 
25 -0.020797 
26 0.050322 
27 -0.036773 
28 0.108521 
29 -0.079611 
30 0.094546 
31 -0.072982 
32 0.106944 
33 -0.051578 
34 0.082484 
35 -0.020877 
36 0.049871 
37 0.011089 
38 0.058300 
39 0.032486 
40 0.002218 
41 0.010008 
42 0.019116 
43 0.006526 
44 -0.005000 
45 -0.008854 
46 0.042166 
47 0.002944 
48 0.031242 
49 0.001813 
50 0.033706 
51 0.027776 
52 0.016400 
53 0.055007 
54 -0.034274 
55 0.066708 
56 -0.046645 
57 0.110108 
58 -0.062928 
59 0.068928 
60 -0.054365 
61 0.064727 
62 -0.022471 
63 -0.001028 
64 0.009132 
65 0.000023 
66 0.064663 
67 -0.034264 
68 0.048163 
69 0.001144 
70 0.071048 
71 -0.018462 
72 -0.023639 
73 -0.011578 
74 -0.004385 
75 0.024344 
76 -0.035633 
77 0.050323 
78 -0.008601 
79 0.074523 
80 -0.005021 
81 0.049481 
82 -0.040527 
83 0.012905 
84 -0.017898 
85 -0.023054 
86 -0.070494 
87 -0.039514 
88 0.048578 
89 0.008766 
90 0.047353 
91 0.012227 
92 0.126100 
93 -0.017667 
94 -0.028607 
95 -0.073646 
96 0.041155 
97 -0.009316 
98 -0.052799 
99 -0.067536 
100 0.006588 
101 0.016038 
102 0.052356 
103 -0.011907 
104 0.060811 
105 -0.090529 
106 0.086242 
107 -0.091286 
108 0.138385 
109 -0.147660 
110 0.136013 
111 -0.136984 
112 0.135431 
113 -0.138987 
114 0.113363 
115 -0.109857 
116 0.070119 
117 -0.079559 
118 0.036045 
119 -0.038689 
120 -0.010209 
121 0.009138 
122 -0.012867 
123 0.017222 
124 -0.020727 
125 0.026670 
126 -0.002473 
127 -0.015454 
128 -0.011665 
129 -0.044511 
130 -0.000125 
131 -0.050084 
132 0.021779 
133 -0.031956 
134 0.022884 
135 -0.003713 
136 0.016757 
137 -0.004490 
138 -0.014570 
139 0.002535 
140 -0.012806 
141 -0.043460 
142 -0.019443 
143 -0.039480 
144 0.030914 
145 -0.032530 
146 0.040657 
147 -0.033296 
148 0.014236 
149 -0.025684 
150 0.004932 
151 -0.003662 
152 -0.049899 
153 0.021064 
154 -0.038580 
155 0.034267 
156 -0.072021 
157 0.042466 
158 -0.022670 
159 0.029299 
160 -0.047754 
161 -0.002832 
162 -0.009753 
163 -0.012275 
164 0.015267 
165 -0.027608 
166 0.036895 
167 -0.051796 
168 0.061556 
169 -0.065620 
170 0.058651 
171 -0.079576 
172 0.071287 
173 -0.072520 
174 0.043830 
175 -0.069692 
176 0.059056 
177 -0.037512 
178 0.044996 
179 -0.044651 
180 0.048068 
181 -0.036743 
182 0.057780 
183 -0.037641 
184 0.034312 
185 -0.050157 
186 0.044326 
187 -0.018300 
188 0.007431 
189 -0.018503 
190 0.007947 
191 0.017931 
192 0.010140 
193 0.000362 
194 0.023511 
195 -0.011129 
196 0.059101 
197 -0.036297 
198 0.060772 
199 -0.062128 
200 0.076190 
201 -0.042145 
202 0.028570 
203 -0.027115 
204 0.018349 
205 0.051726 
206 -0.027269 
207 0.063732 
208 -0.031029 
209 0.082143 
210 -0.041140 
211 0.054440 
212 -0.016756 
213 0.006371 
214 -0.007110 
215 0.023884 
216 0.020242 
217 0.019313 
218 -0.009572 
219 0.079153 
220 -0.032734 
221 0.085591 
222 -0.080039 
223 0.126579 
224 -0.089580 
225 0.096352 
226 -0.065886 
227 0.079784 
228 -0.009173 
229 0.042150 
230 0.042017 
231 -0.020915 
232 0.040544 
233 -0.022934 
234 0.070516 
235 -0.033006 
236 0.030435 
237 0.009970 
238 0.044762 
239 0.029721 
240 0.017786 
241 0.052207 
242 0.014274 
243 0.018892 
244 -0.002768 
245 0.003306 
246 0.004933 
247 0.014207 
248 0.034034 
249 0.030727 
250 0.021170 
251 0.048129 
252 0.040511 
253 0.036385 
254 0.004260 
255 0.002929 
256 0.016904 
257 -0.008410 
258 0.021516 
259 0.002678 
260 0.033406 
261 0.039147 
262 0.033121 
263 0.061904 
264 -0.025647 
265 0.087264 
266 -0.034313 
267 0.086058 
268 -0.068835 
269 0.069435 
270 -0.006898 
271 0.033157 
272 0.024937 
273 -0.004985 
274 0.082166 
275 -0.050598 
276 0.084986 
277 -0.045222 
278 0.090285 
279 -0.025929 
280 0.059223 
281 0.001370 
282 0.021460 
283 0.020364 
284 0.030505 
285 0.025018 
286 -0.009629 
287 0.007249 
288 0.022178 
289 0.020615 
290 0.008040 
291 0.032138 
292 0.013345 
293 0.040771 
294 -0.009831 
295 0.049778 
296 -0.008532 
297 0.025419 
298 0.007894 
299 0.009756 
300 0.025190 
301 -0.035868 
302 0.064908 
303 -0.030506 
304 0.068326 
305 -0.049694 
306 0.062555 
307 -0.009297 
308 0.036646 
309 0.003197 
310 0.007912 
311 0.020920 
312 0.002750 
313 0.006966 
314 -0.018685 
315 -0.026256 
316 0.037074 
317 -0.012436 
318 0.046167 
319 -0.052382 
320 0.072132 
321 -0.019012 
322 0.058710 
323 -0.028399 
324 0.024933 
325 -0.004624 
326 -0.003422 
327 0.008214 
328 -0.031656 
329 0.004312 
330 -0.015968 
331 0.039526 
332 -0.032220 
333 0.007082 
334 -0.005711 
335 0.056543 
336 -0.016470 
337 -0.003013 
338 -0.017934 
339 0.016096 
340 -0.015943 
341 -0.037271 
342 0.016595 
343 -0.041236 
344 0.050420 
345 -0.066927 
346 0.087357 
347 -0.087013 
348 0.083670 
349 -0.067197 
350 0.055163 
351 -0.074601 
352 -0.002759 
353 0.018689 
354 -0.027462 
355 0.028337 
356 -0.085982 
357 0.076949 
358 -0.060628 
359 0.045559 
360 -0.054322 
361 0.009739 
362 -0.003178 
363 -0.028344 
364 0.037700 
365 -0.068587 
366 0.048509 
367 -0.053079 
368 0.045901 
369 -0.060520 
370 -0.014049 
371 -0.022205 
372 -0.005962 
373 -0.006978 
374 -0.014738 
375 -0.018584 
376 0.015617 
377 -0.034061 
378 0.048202 
379 -0.076574 
380 0.039320 
381 -0.077852 
382 0.034807 
383 -0.067688 
384 -0.025935 
385 0.002338 
386 -0.030002 
387 0.036965 
388 -0.084057 
389 0.066934 
390 -0.065769 
391 0.043581 
392 -0.064539 
393 0.011811 
394 -0.042781 
395 -0.027620 
396 -0.015037 
397 -0.025496 
398 -0.016266 
399 -0.009592 
400 -0.018403 
401 0.020130 
402 -0.064960 
403 0.026518 
404 -0.064629 
405 0.028771 
406 -0.069112 
407 0.002937 
408 -0.033691 
409 -0.012604 
410 0.014680 
411 -0.039600 
412 0.006565 
413 -0.061224 
414 0.022735 
415 -0.040196 
416 -0.024844 
417 -0.023371 
418 -0.017367 
419 0.025629 
420 -0.068786 
421 0.027118 
422 -0.067710 
423 0.040252 
424 -0.079832 
425 0.035901 
426 -0.084049 
427 0.029783 
428 -0.067970 
429 0.066173 
430 -0.075995 
431 0.036947 
432 -0.065129 
433 0.049824 
434 -0.077254 
435 0.004443 
436 -0.034419 
437 0.002245 
438 -0.023526 
439 -0.046549 
440 0.018445 
441 -0.038840 
442 0.018790 
443 -0.034095 
444 0.009282 
445 -0.030044 
446 -0.028995 
447 0.012732 
448 -0.025045 
449 0.003437 
450 -0.040927 
451 0.015164 
452 -0.020216 
453 -0.014663 
454 -0.013044 
455 -0.007676 
456 -0.002278 
457 -0.016480 
458 -0.025787 
459 0.005507 
460 -0.033851 
461 0.042349 
462 -0.061878 
463 0.030499 
464 -0.067648 
465 0.048115 
466 -0.047585 
467 0.004922 
468 -0.016629 
469 0.005076 
470 -0.001680 
471 -0.020241 
472 0.001327 
473 0.015240 
474 -0.038394 
475 0.026404 
476 -0.066952 
477 0.056269 
478 -0.083895 
479 0.071585 
480 -0.055829 
481 0.029503 
482 -0.030988 
483 0.007216 
484 0.031498 
485 -0.053786 
486 0.034792 
487 -0.045265 
488 0.045862 
489 -0.038440 
490 0.009111 
491 0.013915 
492 -0.016511 
493 0.048497 
494 -0.049051 
495 0.050460 
496 -0.075524 
497 0.056905 
498 -0.040037 
499 0.031606 
500 -0.043203 
501 0.032389 
502 0.001556 
503 0.039017 
504 -0.022921 
505 0.043950 
506 -0.018160 
507 0.041691 
508 -0.032562 
509 0.012382 
510 -0.010185 
511 0.006270 
512 0.031969 
513 -0.044279 
514 0.050669 
515 -0.026636 
516 0.081938 
517 -0.037614 
518 0.030913 
519 0.014764 
520 0.016689 
521 0.034470 
522 -0.047837 
523 0.064472 
524 -0.038648 
525 0.054437 
526 -0.022062 
527 0.032417 
528 0.000746 
529 0.008854 
530 0.046475 
531 0.004670 
532 0.013799 
533 0.020105 
534 0.024024 
535 0.052023 
536 -0.040992 
537 0.066674 
538 -0.025451 
539 0.065172 
540 -0.030378 
541 0.025773 
542 0.028978 
543 -0.008786 
544 0.083929 
545 -0.034302 
546 0.090449 
547 -0.051697 
548 0.084322 
549 -0.010384 
550 0.023926 
551 -0.000587 
552 0.003875 
553 0.040566 
554 -0.008364 
555 0.039821 
556 0.026602 
557 0.022287 
558 0.051416 
559 -0.007138 
560 0.064651 
561 -0.024993 
562 0.052421 
563 0.014911 
564 -0.001182 
565 0.039203 
566 -0.045513 
567 0.106853 
568 -0.076682 
569 0.106471 
570 -0.065833 
571 0.095800 
572 -0.026622 
573 0.049636 
574 0.039250 
575 -0.008705 
576 0.071902 
577 -0.036178 
578 0.089004 
579 -0.068766 
580 0.069586 
581 -0.028463 
582 0.052153 
583 -0.020458 
584 0.031551 
585 0.030047 
586 0.026205 
587 0.027748 
588 0.016998 
589 0.034440 
590 0.005210 
591 0.024193 
592 -0.003580 
593 0.023656 
594 -0.023192 
595 0.049010 
596 -0.022210 
597 0.048777 
598 -0.034447 
599 0.076215 
600 -0.013482 
601 0.046580 
602 -0.012832 
603 0.035341 
604 0.002237 
605 -0.000207 
606 0.000851 
607 -0.006067 
608 0.000938 
609 0.007287 
610 0.010050 
611 0.013850 
612 -0.000790 
613 0.032965 
614 0.010952 
615 0.007639 
616 -0.003225 
617 0.006456 
618 0.016732 
619 -0.013068 
620 0.012686 
621 -0.010568 
622 0.008772 
623 -0.013768 
624 -0.004137 
625 0.001581 
626 -0.023299 
627 0.010419 
628 -0.002771 
629 0.021291 
630 -0.011073 
631 0.017048 
632 -0.001337 
633 -0.005134 
634 -0.025091 
635 -0.014785 
636 -0.031946 
637 -0.006599 
638 -0.030011 
639 0.033854 
640 -0.040014 
641 0.035757 
642 -0.033820 
643 0.036395 
644 -0.044855 
645 -0.011804 
646 -0.016587 
647 -0.040935 
648 0.002761 
649 -0.055956 
650 0.046348 
651 -0.054685 
652 0.030592 
653 -0.040774 
654 0.006621 
655 -0.030986 
656 -0.039290 
657 0.008944 
658 -0.068455 
659 0.030631 
660 -0.066749 
661 0.043990 
662 -0.067592 
663 0.023877 
664 -0.036167 
665 -0.014147 
666 -0.042588 
667 -0.039987 
668 -0.002461 
669 -0.040942 
670 -0.005891 
671 -0.017368 
672 0.002484 
673 -0.022593 
674 -0.029214 
675 0.007403 
676 -0.044108 
677 -0.022211 
678 -0.054312 
679 -0.000207 
680 -0.034399 
681 -0.024764 
682 -0.005506 
683 -0.015593 
684 -0.000434 
685 -0.045014 
686 0.013731 
687 -0.046900 
688 -0.005774 
689 -0.042729 
690 -0.004558 
691 -0.035953 
692 -0.026560 
693 -0.018326 
694 -0.021993 
695 -0.019643 
696 -0.028677 
697 -0.001134 
698 -0.028804 
699 -0.009347 
700 -0.029700 
701 0.012028 
702 -0.027219 
703 -0.008706 
704 -0.033428 
705 -0.014308 
706 -0.018997 
707 -0.023584 
708 -0.002766 
709 -0.044089 
710 0.012470 
711 -0.039844 
712 0.023775 
713 -0.044175 
714 0.023928 
715 -0.031872 
716 0.002921 
717 -0.032244 
718 0.012288 
719 -0.024870 
720 0.002650 
721 -0.036953 
722 0.037697 
723 -0.064439 
724 0.039725 
725 -0.062908 
726 0.068762 
727 -0.070362 
728 0.031799 
729 -0.023956 
730 0.010724 
731 0.004640 
732 -0.046886 
733 0.066970 
734 -0.080111 
735 0.073706 
736 -0.080432 
737 0.062498 
738 -0.045226 
739 0.009441 
740 0.031008 
741 -0.058269 
742 0.065112 
743 -0.087543 
744 0.132526 
745 -0.091984 
746 0.091404 
747 -0.062323 
748 0.072903 
749 -0.026790 
750 0.000568 
751 0.004179 
752 -0.014982 
753 -0.000646 
754 0.009377 
755 -0.012323 
756 0.059134 
757 -0.047552 
758 0.126838 
759 -0.065433 
760 0.095116 
761 -0.092392 
762 0.081468 
763 -0.034261 
764 0.005795 
765 0.018879 
766 -0.030273 
767 0.094181 
768 -0.056539 
769 0.115947 
770 -0.049949 
771 0.091735 
772 -0.034997 
773 0.037803 
774 -0.016714 
775 -0.010406 
776 0.045241 
777 -0.011680 
778 0.043683 
779 -0.022028 
780 0.053191 
781 0.008952 
782 0.033874 
783 0.011331 
784 0.028938 
785 0.007913 
786 0.028625 
787 0.003888 
788 0.047373 
789 -0.023233 
790 0.067678 
791 -0.039689 
792 0.065865 
793 -0.056834 
794 0.086259 
795 -0.038514 
796 0.066933 
797 -0.019678 
798 0.069548 
799 0.002010 
800 0.031890 
801 0.026406 
802 0.007832 
803 0.026659 
804 -0.030480 
805 0.056410 
806 -0.025208 
807 0.033006 
808 -0.009764 
809 0.057449 
810 0.026550 
811 -0.002392 
812 0.049016 
813 -0.018720 
814 0.074984 
815 -0.072114 
816 0.093528 
817 -0.078522 
818 0.078174 
819 -0.065230 
820 0.079444 
821 -0.030580 
822 0.046095 
823 -0.001606 
824 0.028190 
825 0.002595 
826 0.014643 
827 0.026057 
828 0.019657 
829 -0.020480 
830 0.024005 
831 -0.015494 
832 0.051266 
833 -0.041538 
834 0.043901 
835 -0.025609 
836 0.015045 
837 0.002644 
838 -0.014214 
839 0.047430 
840 -0.044794 
841 0.088910 
842 -0.077231 
843 0.078696 
844 -0.081280 
845 0.090263 
846 -0.073522 
847 0.022552 
848 -0.037416 
849 0.017942 
850 0.005112 
851 -0.017317 
852 0.048573 
853 -0.014545 
854 0.030686 
855 -0.042891 
856 0.013068 
857 -0.029625 
858 -0.014912 
859 -0.007099 
860 -0.027044 
861 0.010724 
862 -0.030838 
863 0.040606 
864 -0.019104 
865 0.009895 
866 -0.026095 
867 0.001458 
868 -0.013095 
869 -0.030143 
870 0.000647 
871 -0.032350 
872 0.007364 
873 -0.031773 
874 -0.002986 
875 -0.022663 
876 -0.028833 
877 0.013670 
878 -0.036597 
879 0.007607 
880 -0.053193 
881 0.035803 
882 -0.036916 
883 -0.003713 
884 -0.021809 
885 -0.030574 
886 -0.001348 
887 -0.080155 
888 0.030025 
889 -0.077918 
890 0.030121 
891 -0.067879 
892 0.041679 
893 -0.038167 
894 -0.004760 
895 -0.008128 
896 -0.014346 
897 -0.015752 
898 -0.071609 
899 0.001578 
900 -0.039926 
901 -0.020420 
902 -0.047354 
903 -0.018104 
904 -0.004228 
905 -0.025989 
906 -0.015660 
907 -0.015896 
908 -0.022492 
909 -0.026253 
910 -0.029698 
911 -0.005066 
912 -0.056172 
913 -0.005326 
914 -0.057281 
915 0.018373 
916 -0.076713 
917 0.014331 
918 -0.057373 
919 0.019462 
920 -0.068565 
921 0.012176 
922 -0.059271 
923 0.006607 
924 -0.034380 
925 -0.021236 
926 -0.033223 
927 -0.039129 
928 0.000972 
929 -0.040237 
930 -0.030542 
931 -0.026508 
932 -0.023885 
933 0.017649 
934 -0.073788 
935 0.057009 
936 -0.108674 
937 0.090074 
938 -0.153384 
939 0.107783 
940 -0.159466 
941 0.079566 
942 -0.106774 
943 0.062046 
944 -0.083542 
945 0.003735 
946 -0.023964 
947 0.006154 
948 -0.036820 
949 -0.017512 
950 -0.019306 
951 0.017212 
952 -0.061705 
953 0.006568 
954 -0.044599 
955 -0.000657 
956 -0.031598 
957 -0.030234 
958 0.031391 
959 -0.081904 
960 0.069077 
961 -0.105075 
962 0.095463 
963 -0.124375 
964 0.090173 
965 -0.093746 
966 0.040491 
967 -0.062622 
968 0.017637 
969 0.008510 
970 -0.024936 
971 0.012243 
972 -0.044568 
973 0.030846 
974 -0.045897 
975 0.039042 
976 -0.060908 
977 0.026498 
978 -0.050364 
979 0.058825 
980 -0.056839 
981 0.033570 
982 -0.035383 
983 0.043865 
984 -0.032830 
985 -0.016463 
986 0.017041 
987 -0.016526 
988 0.036578 
989 -0.047183 
990 0.035439 
991 -0.016004 
992 0.012648 
993 0.020434 
994 -0.031524 
995 0.019061 
996 -0.054696 
997 0.051106 
998 -0.028800 
999 0.003603 
1000 0.006971 
1001 -0.009155 
1002 0.055599 
1003 -0.042822 
1004 0.057211 
1005 -0.019378 
1006 0.007567 
1007 0.028936 
1008 -0.066906 
1009 0.089660 
1010 -0.121592 
1011 0.165186 
1012 -0.103682 
1013 0.125881 
1014 -0.096008 
1015 0.091544 
1016 0.003271 
1017 -0.008766 
1018 0.023539 
1019 -0.065518 
1020 0.079490 
1021 -0.058474 
1022 0.056634 
1023 -0.005881 
