0 -0.186156 
1 -0.171174 
2 -0.194593 
3 -0.125794 
4 -0.156677 
5 -0.080563 
6 -0.154115 
7 -0.082963 
8 -0.151436 
9 -0.105012 
10 -0.151962 
11 -0.111658 
12 -0.138110 
13 -0.103259 
14 -0.171099 
15 -0.081158 
16 -0.145857 
17 -0.085998 
18 -0.102141 
19 -0.023969 
20 -0.136278 
21 -0.028848 
22 -0.123922 
23 -0.119473 
24 -0.132891 
25 -0.151479 
26 -0.145276 
27 -0.053305 
28 -0.102751 
29 -0.005977 
30 -0.014184 
31 -0.035863 
32 -0.031697 
33 -0.030986 
34 -0.084191 
35 -0.020563 
36 -0.095544 
37 -0.048813 
38 -0.124159 
39 -0.047765 
40 -0.145055 
41 0.001057 
42 -0.072614 
43 0.065030 
44 -0.008903 
45 0.051380 
46 -0.002347 
47 0.031413 
48 -0.017397 
49 -0.052332 
50 -0.035775 
51 -0.113544 
52 -0.077493 
53 -0.051247 
54 0.048581 
55 -0.009914 
56 0.080348 
57 0.020092 
58 0.138138 
59 0.016169 
60 0.163326 
61 0.073698 
62 0.074471 
63 -0.090941 
64 -0.038350 
65 -0.219029 
66 -0.081391 
67 -0.071383 
68 0.146170 
69 0.204230 
70 0.286937 
71 0.256778 
72 0.204177 
73 0.052776 
74 -0.097035 
75 -0.131109 
76 -0.210407 
77 -0.025258 
78 0.016977 
79 0.213980 
80 0.199979 
81 0.204481 
82 0.086694 
83 0.161235 
84 0.041264 
85 0.155594 
86 0.032696 
87 0.184533 
88 0.009919 
89 0.226238 
90 0.028098 
91 0.187211 
92 0.023710 
93 0.176381 
94 0.041201 
95 0.200677 
96 0.038750 
97 0.228458 
98 0.098457 
99 0.181212 
100 0.131503 
101 0.169527 
102 0.081663 
103 0.192918 
104 0.088740 
105 0.198379 
106 0.101160 
107 0.217561 
108 0.098181 
109 0.230368 
110 0.118824 
111 0.225701 
112 0.138787 
113 0.220709 
114 0.191120 
115 0.192570 
116 0.143817 
117 0.213327 
118 0.105263 
119 0.189538 
120 0.161461 
121 0.258477 
122 0.178059 
123 0.339069 
124 0.146597 
125 0.312251 
126 0.095287 
127 0.223456 
128 0.120227 
129 0.261824 
130 0.140961 
131 0.322725 
132 0.208320 
133 0.242864 
134 0.265451 
135 0.217330 
136 0.239876 
137 0.217764 
138 0.270906 
139 0.205262 
140 0.263213 
141 0.196367 
142 0.250974 
143 0.205016 
144 0.238167 
145 0.268814 
146 0.327794 
147 0.264212 
148 0.322603 
149 0.268151 
150 0.228387 
151 0.236154 
152 0.225474 
153 0.271869 
154 0.233039 
155 0.347109 
156 0.251917 
157 0.345322 
158 0.213216 
159 0.361062 
160 0.216326 
161 0.323514 
162 0.251397 
163 0.319479 
164 0.246143 
165 0.325058 
166 0.258734 
167 0.312187 
168 0.283754 
169 0.315300 
170 0.312908 
171 0.342120 
172 0.284849 
173 0.350854 
174 0.254946 
175 0.346916 
176 0.248488 
177 0.383098 
178 0.259319 
179 0.411081 
180 0.257780 
181 0.373347 
182 0.264846 
183 0.332436 
184 0.257849 
185 0.378387 
186 0.272979 
187 0.419789 
188 0.325532 
189 0.391662 
190 0.321195 
191 0.365378 
192 0.284866 
193 0.343816 
194 0.279548 
195 0.362419 
196 0.334558 
197 0.354982 
198 0.397882 
199 0.352270 
200 0.403704 
201 0.347418 
202 0.404268 
203 0.346753 
204 0.362221 
205 0.335091 
206 0.326984 
207 0.327666 
208 0.336935 
209 0.383527 
210 0.356420 
211 0.431915 
212 0.388389 
213 0.447884 
214 0.340121 
215 0.392159 
216 0.347974 
217 0.338941 
218 0.355860 
219 0.402372 
220 0.384248 
221 0.390828 
222 0.429318 
223 0.378736 
224 0.411958 
225 0.331437 
226 0.439849 
227 0.335639 
228 0.436466 
229 0.327864 
230 0.453867 
231 0.327089 
232 0.439552 
233 0.329156 
234 0.473591 
235 0.328034 
236 0.478985 
237 0.359260 
238 0.437466 
239 0.371476 
240 0.414056 
241 0.369754 
242 0.404537 
243 0.404221 
244 0.420288 
245 0.404837 
246 0.442177 
247 0.419535 
248 0.416634 
249 0.401776 
250 0.444017 
251 0.374509 
252 0.451311 
253 0.355310 
254 0.441000 
255 0.361058 
256 0.432912 
257 0.374292 
258 0.482945 
259 0.381585 
260 0.490425 
261 0.402230 
262 0.453167 
263 0.392597 
264 0.400175 
265 0.401186 
266 0.416771 
267 0.412163 
268 0.433146 
269 0.417955 
270 0.433273 
271 0.422848 
272 0.429664 
273 0.428143 
274 0.407506 
275 0.425713 
276 0.423873 
277 0.398914 
278 0.429787 
279 0.397242 
280 0.451030 
281 0.371021 
282 0.497011 
283 0.368764 
284 0.471885 
285 0.354618 
286 0.465224 
287 0.351218 
288 0.456776 
289 0.372831 
290 0.486775 
291 0.402409 
292 0.474851 
293 0.393249 
294 0.449522 
295 0.395004 
296 0.402888 
297 0.409704 
298 0.409534 
299 0.395588 
300 0.387074 
301 0.424363 
302 0.395114 
303 0.448286 
304 0.422790 
305 0.443381 
306 0.433295 
307 0.430945 
308 0.407913 
309 0.378086 
310 0.378501 
311 0.367514 
312 0.413062 
313 0.372421 
314 0.473147 
315 0.383105 
316 0.461788 
317 0.372625 
318 0.437804 
319 0.348926 
320 0.399157 
321 0.375218 
322 0.413341 
323 0.381493 
324 0.406062 
325 0.421461 
326 0.370771 
327 0.409399 
328 0.387575 
329 0.389439 
330 0.370796 
331 0.405131 
332 0.398977 
333 0.394628 
334 0.368506 
335 0.397814 
336 0.381869 
337 0.385860 
338 0.383204 
339 0.411483 
340 0.367144 
341 0.383025 
342 0.346595 
343 0.392615 
344 0.341508 
345 0.386516 
346 0.396030 
347 0.389237 
348 0.410978 
349 0.357155 
350 0.374314 
351 0.356038 
352 0.344473 
353 0.374060 
354 0.362981 
355 0.380803 
356 0.378278 
357 0.387820 
358 0.365045 
359 0.361775 
360 0.371928 
361 0.369566 
362 0.354245 
363 0.369145 
364 0.359824 
365 0.330472 
366 0.332107 
367 0.314087 
368 0.360664 
369 0.333213 
370 0.416878 
371 0.346255 
372 0.395342 
373 0.344119 
374 0.332518 
375 0.316325 
376 0.333475 
377 0.316837 
378 0.365506 
379 0.348024 
380 0.346967 
381 0.343961 
382 0.318233 
383 0.346810 
384 0.345850 
385 0.372421 
386 0.334210 
387 0.389128 
388 0.298908 
389 0.360538 
390 0.261116 
391 0.325714 
392 0.278654 
393 0.352629 
394 0.324997 
395 0.388836 
396 0.358454 
397 0.363841 
398 0.322820 
399 0.306428 
400 0.300243 
401 0.288604 
402 0.315473 
403 0.323980 
404 0.369792 
405 0.320989 
406 0.347673 
407 0.358758 
408 0.297611 
409 0.347560 
410 0.320595 
411 0.303480 
412 0.326490 
413 0.302445 
414 0.309770 
415 0.304775 
416 0.314625 
417 0.294249 
418 0.341703 
419 0.311957 
420 0.373168 
421 0.331555 
422 0.330396 
423 0.307533 
424 0.313339 
425 0.248300 
426 0.299872 
427 0.316067 
428 0.323899 
429 0.322780 
430 0.359211 
431 0.308796 
432 0.332089 
433 0.283130 
434 0.320003 
435 0.290600 
436 0.328987 
437 0.273609 
438 0.349922 
439 0.269146 
440 0.341871 
441 0.265732 
442 0.345660 
443 0.280491 
444 0.340116 
445 0.291902 
446 0.353394 
447 0.252875 
448 0.365526 
449 0.242638 
450 0.370519 
451 0.260613 
452 0.364726 
453 0.274358 
454 0.339770 
455 0.273679 
456 0.306372 
457 0.263265 
458 0.312082 
459 0.284398 
460 0.335890 
461 0.309926 
462 0.337202 
463 0.319602 
464 0.322874 
465 0.296505 
466 0.318048 
467 0.248242 
468 0.331538 
469 0.258095 
470 0.309649 
471 0.279668 
472 0.332701 
473 0.281036 
474 0.367776 
475 0.282272 
476 0.362040 
477 0.275038 
478 0.313463 
479 0.268063 
480 0.312002 
481 0.250713 
482 0.318061 
483 0.281023 
484 0.317012 
485 0.303247 
486 0.316913 
487 0.292423 
488 0.310328 
489 0.309498 
490 0.294934 
491 0.303378 
492 0.300616 
493 0.285291 
494 0.311650 
495 0.303561 
496 0.290119 
497 0.309366 
498 0.289563 
499 0.303114 
500 0.311374 
501 0.275746 
502 0.323268 
503 0.284154 
504 0.313679 
505 0.313039 
506 0.304385 
507 0.284583 
508 0.281691 
509 0.304669 
510 0.244993 
511 0.322530 
512 0.274535 
513 0.371321 
514 0.298257 
515 0.367875 
516 0.267024 
517 0.322718 
518 0.225165 
519 0.299221 
520 0.243257 
521 0.340074 
522 0.272832 
523 0.334976 
524 0.301605 
525 0.298044 
526 0.316702 
527 0.265406 
528 0.313055 
529 0.277048 
530 0.333239 
531 0.239381 
532 0.328653 
533 0.236744 
534 0.321634 
535 0.232994 
536 0.381926 
537 0.270280 
538 0.402903 
539 0.265995 
540 0.360252 
541 0.211086 
542 0.299635 
543 0.200747 
544 0.317087 
545 0.267023 
546 0.372952 
547 0.274754 
548 0.372959 
549 0.256395 
550 0.327849 
551 0.243533 
552 0.320768 
553 0.261702 
554 0.324084 
555 0.275012 
556 0.339235 
557 0.255909 
558 0.332388 
559 0.230084 
560 0.347298 
561 0.264635 
562 0.367357 
563 0.264406 
564 0.381683 
565 0.235809 
566 0.339969 
567 0.220158 
568 0.325051 
569 0.227926 
570 0.369683 
571 0.256858 
572 0.366542 
573 0.259575 
574 0.322302 
575 0.254163 
576 0.285640 
577 0.275728 
578 0.309896 
579 0.292072 
580 0.364674 
581 0.282836 
582 0.340851 
583 0.251904 
584 0.307756 
585 0.262590 
586 0.288502 
587 0.292461 
588 0.337124 
589 0.282108 
590 0.335848 
591 0.264519 
592 0.314437 
593 0.285135 
594 0.311169 
595 0.295898 
596 0.338273 
597 0.298498 
598 0.301748 
599 0.270617 
600 0.286184 
601 0.278120 
602 0.316248 
603 0.320053 
604 0.356829 
605 0.311207 
606 0.332306 
607 0.262219 
608 0.318031 
609 0.251503 
610 0.321375 
611 0.286023 
612 0.357789 
613 0.266610 
614 0.351959 
615 0.249776 
616 0.347210 
617 0.253761 
618 0.376555 
619 0.267394 
620 0.381949 
621 0.244140 
622 0.355641 
623 0.215414 
624 0.350471 
625 0.216558 
626 0.374910 
627 0.260964 
628 0.401651 
629 0.258473 
630 0.384659 
631 0.251502 
632 0.351556 
633 0.226309 
634 0.335225 
635 0.234077 
636 0.345071 
637 0.264191 
638 0.358196 
639 0.289002 
640 0.331257 
641 0.303544 
642 0.334835 
643 0.277939 
644 0.331979 
645 0.259381 
646 0.323800 
647 0.245118 
648 0.331052 
649 0.251854 
650 0.376936 
651 0.271419 
652 0.390264 
653 0.276577 
654 0.377761 
655 0.239903 
656 0.353600 
657 0.227935 
658 0.343668 
659 0.206519 
660 0.370222 
661 0.231282 
662 0.390875 
663 0.265595 
664 0.360238 
665 0.280262 
666 0.342078 
667 0.261637 
668 0.337180 
669 0.263480 
670 0.313106 
671 0.276982 
672 0.287653 
673 0.305493 
674 0.311501 
675 0.328113 
676 0.302127 
677 0.335073 
678 0.279157 
679 0.300826 
680 0.269387 
681 0.296693 
682 0.295538 
683 0.298631 
684 0.288357 
685 0.291464 
686 0.294823 
687 0.296327 
688 0.275810 
689 0.288738 
690 0.284751 
691 0.293603 
692 0.258100 
693 0.312029 
694 0.281516 
695 0.295650 
696 0.285188 
697 0.319218 
698 0.259495 
699 0.312358 
700 0.227954 
701 0.262478 
702 0.236789 
703 0.279139 
704 0.253963 
705 0.319854 
706 0.318582 
707 0.309427 
708 0.292223 
709 0.254269 
710 0.229062 
711 0.203229 
712 0.220092 
713 0.233811 
714 0.278403 
715 0.253948 
716 0.291242 
717 0.263614 
718 0.285360 
719 0.258890 
720 0.236454 
721 0.268171 
722 0.226646 
723 0.248333 
724 0.213816 
725 0.228562 
726 0.193183 
727 0.243150 
728 0.213629 
729 0.273540 
730 0.229937 
731 0.264648 
732 0.218898 
733 0.226020 
734 0.177424 
735 0.186156 
736 0.196770 
737 0.197512 
738 0.252675 
739 0.196824 
740 0.265776 
741 0.174909 
742 0.224788 
743 0.153507 
744 0.213865 
745 0.163922 
746 0.231243 
747 0.177688 
748 0.241123 
749 0.117565 
750 0.229364 
751 0.075974 
752 0.230883 
753 0.143236 
754 0.214606 
755 0.159536 
756 0.231070 
757 0.110501 
758 0.202041 
759 0.067340 
760 0.178331 
761 0.106911 
762 0.187745 
763 0.124626 
764 0.211448 
765 0.120101 
766 0.186454 
767 0.092230 
768 0.164713 
769 0.078829 
770 0.176359 
771 0.053740 
772 0.167377 
773 0.042442 
774 0.146073 
775 0.061510 
776 0.134306 
777 0.056694 
778 0.182265 
779 0.062162 
780 0.150838 
781 0.059078 
782 0.095570 
783 0.017852 
784 0.081868 
785 0.047542 
786 0.076433 
787 0.079987 
788 0.072599 
789 0.076530 
790 0.076659 
791 0.012433 
792 0.078957 
793 0.021301 
794 0.064332 
795 0.043930 
796 0.028254 
797 0.029300 
798 0.040130 
799 0.036483 
800 0.003672 
801 0.040589 
802 -0.022194 
803 0.053174 
804 -0.037186 
805 0.067712 
806 -0.078752 
807 0.080347 
808 -0.118279 
809 0.116607 
810 -0.108628 
811 0.162066 
812 -0.090048 
813 0.101186 
814 -0.117886 
815 0.024421 
816 -0.160332 
817 0.033108 
818 -0.134521 
819 0.065910 
820 -0.066171 
821 0.009716 
822 -0.038699 
823 -0.038699 
824 -0.060606 
825 -0.084676 
826 -0.066405 
827 -0.073213 
828 -0.044596 
829 -0.107350 
830 -0.036716 
831 -0.105046 
832 -0.036021 
833 -0.118454 
834 -0.038297 
835 -0.093570 
836 -0.062693 
837 -0.128997 
838 -0.073085 
839 -0.174933 
840 -0.052174 
841 -0.168069 
842 -0.025457 
843 -0.136382 
844 -0.047409 
845 -0.154962 
846 -0.067645 
847 -0.214686 
848 -0.083007 
849 -0.203905 
850 -0.075987 
851 -0.173412 
852 -0.067395 
853 -0.189019 
854 -0.075817 
855 -0.187748 
856 -0.080926 
857 -0.188751 
858 -0.112963 
859 -0.184371 
860 -0.126607 
861 -0.208131 
862 -0.165260 
863 -0.152531 
864 -0.199201 
865 -0.107362 
866 -0.193386 
867 -0.100703 
868 -0.226407 
869 -0.109871 
870 -0.252209 
871 -0.140023 
872 -0.254308 
873 -0.162680 
874 -0.219523 
875 -0.138234 
876 -0.198347 
877 -0.157505 
878 -0.213442 
879 -0.174673 
880 -0.227971 
881 -0.190188 
882 -0.237749 
883 -0.166207 
884 -0.263158 
885 -0.139408 
886 -0.297449 
887 -0.099652 
888 -0.329992 
889 -0.094086 
890 -0.318704 
891 -0.091365 
892 -0.323004 
893 -0.116436 
894 -0.312957 
895 -0.164281 
896 -0.307626 
897 -0.173271 
898 -0.301630 
899 -0.148524 
900 -0.289593 
901 -0.138359 
902 -0.275776 
903 -0.177425 
904 -0.282048 
905 -0.203313 
906 -0.271898 
907 -0.219267 
908 -0.283981 
909 -0.191267 
910 -0.252218 
911 -0.200137 
912 -0.239115 
913 -0.217678 
914 -0.226877 
915 -0.239984 
916 -0.263054 
917 -0.257438 
918 -0.265734 
919 -0.290447 
920 -0.237268 
921 -0.252107 
922 -0.191414 
923 -0.233037 
924 -0.195877 
925 -0.279674 
926 -0.215902 
927 -0.302088 
928 -0.204234 
929 -0.308726 
930 -0.184654 
931 -0.311384 
932 -0.218550 
933 -0.322086 
934 -0.224394 
935 -0.280687 
936 -0.171876 
937 -0.263984 
938 -0.174930 
939 -0.289462 
940 -0.229224 
941 -0.289806 
942 -0.263531 
943 -0.308570 
944 -0.217698 
945 -0.272807 
946 -0.191367 
947 -0.252481 
948 -0.200286 
949 -0.299849 
950 -0.222629 
951 -0.299246 
952 -0.233345 
953 -0.210643 
954 -0.252769 
955 -0.188658 
956 -0.262251 
957 -0.257176 
958 -0.297358 
959 -0.247845 
960 -0.302441 
961 -0.177254 
962 -0.267910 
963 -0.177918 
964 -0.262956 
965 -0.221343 
966 -0.279717 
967 -0.212984 
968 -0.248581 
969 -0.214990 
970 -0.212435 
971 -0.218100 
972 -0.225013 
973 -0.282197 
974 -0.268496 
975 -0.263204 
976 -0.274552 
977 -0.185221 
978 -0.268727 
979 -0.134161 
980 -0.243203 
981 -0.142988 
982 -0.302413 
983 -0.174747 
984 -0.328898 
985 -0.172004 
986 -0.302298 
987 -0.127666 
988 -0.288109 
989 -0.120419 
990 -0.308704 
991 -0.187787 
992 -0.250643 
993 -0.183678 
994 -0.216240 
995 -0.137212 
996 -0.215834 
997 -0.145690 
998 -0.243867 
999 -0.208918 
1000 -0.220305 
1001 -0.210025 
1002 -0.184245 
1003 -0.175238 
1004 -0.159785 
1005 -0.204225 
1006 -0.185428 
1007 -0.226470 
1008 -0.146071 
1009 -0.211567 
1010 -0.127737 
1011 -0.182670 
1012 -0.134300 
1013 -0.186000 
1014 -0.178412 
1015 -0.224511 
1016 -0.150470 
1017 -0.211296 
1018 -0.139171 
1019 -0.118546 
1020 -0.149812 
1021 -0.093821 
1022 -0.168272 
1023 -0.150248 
