0 0.000434 
1 0.000325 
2 0.000134 
3 -0.000026 
4 -0.000125 
5 -0.000139 
6 -0.000130 
7 -0.000115 
8 -0.000030 
9 0.000129 
10 0.000256 
11 0.000294 
12 0.000250 
13 0.000142 
14 0.000011 
15 -0.000116 
16 -0.000217 
17 -0.000193 
18 0.000008 
19 0.000198 
20 0.000209 
21 0.000106 
22 0.000062 
23 0.000097 
24 0.000120 
25 0.000066 
26 -0.000009 
27 -0.000085 
28 -0.000189 
29 -0.000215 
30 -0.000022 
31 0.000318 
32 0.000517 
33 0.000461 
34 0.000318 
35 0.000252 
36 0.000193 
37 0.000051 
38 -0.000051 
39 -0.000089 
40 -0.000080 
41 0.000067 
42 0.000389 
43 0.000653 
44 0.000661 
45 0.000468 
46 0.000201 
47 0.000035 
48 -0.000024 
49 -0.000022 
50 0.000096 
51 0.000263 
52 0.000327 
53 0.000361 
54 0.000366 
55 0.000226 
56 0.000046 
57 -0.000077 
58 -0.000129 
59 -0.000183 
60 -0.000153 
61 0.000050 
62 0.000296 
63 0.000385 
64 0.000266 
65 0.000086 
66 -0.000052 
67 -0.000171 
68 -0.000204 
69 -0.000030 
70 0.000254 
71 0.000390 
72 0.000333 
73 0.000227 
74 0.000213 
75 0.000309 
76 0.000366 
77 0.000348 
78 0.000323 
79 0.000212 
80 0.000075 
81 0.000059 
82 0.000151 
83 0.000193 
84 0.000104 
85 0.000010 
86 0.000131 
87 0.000370 
88 0.000562 
89 0.000582 
90 0.000430 
91 0.000139 
92 -0.000196 
93 -0.000436 
94 -0.000500 
95 -0.000424 
96 -0.000247 
97 -0.000023 
98 0.000101 
99 0.000111 
100 0.000091 
101 0.000052 
102 -0.000037 
103 -0.000236 
104 -0.000590 
105 -0.000926 
106 -0.001160 
107 -0.001184 
108 -0.000797 
109 -0.000158 
110 0.000254 
111 0.000256 
112 0.000028 
113 -0.000325 
114 -0.000704 
115 -0.001007 
116 -0.001069 
117 -0.000865 
118 -0.000557 
119 -0.000416 
120 -0.000448 
121 -0.000470 
122 -0.000463 
123 -0.000477 
124 -0.000482 
125 -0.000369 
126 -0.000218 
127 -0.000215 
128 -0.000313 
129 -0.000244 
130 -0.000206 
131 -0.000401 
132 -0.000626 
133 -0.000672 
134 -0.000548 
135 -0.000257 
136 0.000153 
137 0.000491 
138 0.000459 
139 -0.000010 
140 -0.000352 
141 -0.000341 
142 -0.000448 
143 -0.000713 
144 -0.000663 
145 -0.000341 
146 -0.000121 
147 0.000001 
148 0.000235 
149 0.000431 
150 0.000329 
151 0.000133 
152 0.000081 
153 -0.000121 
154 -0.000698 
155 -0.001067 
156 -0.000590 
157 0.000232 
158 0.000577 
159 0.000515 
160 0.000238 
161 -0.000135 
162 -0.000218 
163 0.000072 
164 0.000454 
165 0.000398 
166 -0.000041 
167 0.000065 
168 0.000825 
169 0.001417 
170 0.001563 
171 0.001437 
172 0.000965 
173 0.000269 
174 -0.000073 
175 0.000367 
176 0.001213 
177 0.001619 
178 0.001543 
179 0.001442 
180 0.001508 
181 0.001653 
182 0.001765 
183 0.001745 
184 0.001454 
185 0.001025 
186 0.000973 
187 0.001564 
188 0.002454 
189 0.003098 
190 0.002884 
191 0.001884 
192 0.000833 
193 0.000459 
194 0.000893 
195 0.001548 
196 0.001688 
197 0.001434 
198 0.001308 
199 0.001045 
200 0.000728 
201 0.000824 
202 0.001235 
203 0.001270 
204 0.000966 
205 0.000888 
206 0.001215 
207 0.001544 
208 0.001553 
209 0.001325 
210 0.000901 
211 0.000205 
212 -0.000248 
213 -0.000112 
214 0.000260 
215 0.000473 
216 0.000419 
217 0.000331 
218 0.000664 
219 0.001484 
220 0.002279 
221 0.002458 
222 0.001565 
223 0.000308 
224 -0.000121 
225 0.000026 
226 0.000368 
227 0.001420 
228 0.002891 
229 0.003456 
230 0.002684 
231 0.001605 
232 0.001240 
233 0.001119 
234 0.000656 
235 0.000768 
236 0.001978 
237 0.003188 
238 0.003393 
239 0.002833 
240 0.002073 
241 0.001014 
242 -0.000495 
243 -0.001429 
244 -0.001054 
245 -0.000175 
246 0.000766 
247 0.001824 
248 0.002715 
249 0.003141 
250 0.002767 
251 0.001617 
252 -0.000016 
253 -0.001856 
254 -0.003381 
255 -0.003710 
256 -0.002681 
257 -0.000970 
258 0.000449 
259 0.000978 
260 0.000408 
261 -0.000875 
262 -0.001908 
263 -0.002192 
264 -0.002347 
265 -0.002840 
266 -0.002640 
267 -0.001547 
268 -0.000417 
269 0.000132 
270 -0.000043 
271 -0.000485 
272 -0.000858 
273 -0.001318 
274 -0.001770 
275 -0.002257 
276 -0.002557 
277 -0.001838 
278 -0.000679 
279 -0.000159 
280 -0.000197 
281 -0.000488 
282 -0.001276 
283 -0.002484 
284 -0.003639 
285 -0.003607 
286 -0.002662 
287 -0.002363 
288 -0.002609 
289 -0.002546 
290 -0.002027 
291 -0.001844 
292 -0.001901 
293 -0.001739 
294 -0.002387 
295 -0.004549 
296 -0.006202 
297 -0.005495 
298 -0.004100 
299 -0.004222 
300 -0.005307 
301 -0.005383 
302 -0.004059 
303 -0.003131 
304 -0.003078 
305 -0.002983 
306 -0.002739 
307 -0.003028 
308 -0.003735 
309 -0.004448 
310 -0.005553 
311 -0.006760 
312 -0.007139 
313 -0.005975 
314 -0.004003 
315 -0.002520 
316 -0.001508 
317 -0.000755 
318 -0.000660 
319 -0.000809 
320 -0.000607 
321 -0.000863 
322 -0.002084 
323 -0.003100 
324 -0.002779 
325 -0.001592 
326 -0.001006 
327 -0.000907 
328 -0.000358 
329 0.000208 
330 -0.000285 
331 -0.000645 
332 0.000489 
333 0.001465 
334 0.000757 
335 -0.000084 
336 0.000393 
337 0.000919 
338 -0.000197 
339 -0.001735 
340 -0.002103 
341 -0.001890 
342 -0.002301 
343 -0.002801 
344 -0.001733 
345 0.000235 
346 0.000934 
347 0.000885 
348 0.001463 
349 0.001194 
350 -0.000756 
351 -0.002784 
352 -0.003745 
353 -0.003733 
354 -0.003391 
355 -0.002534 
356 -0.000421 
357 0.001663 
358 0.002302 
359 0.002551 
360 0.002818 
361 0.002118 
362 0.000420 
363 -0.001179 
364 -0.001634 
365 -0.001533 
366 -0.000952 
367 0.001013 
368 0.003296 
369 0.004194 
370 0.004106 
371 0.003592 
372 0.002863 
373 0.002448 
374 0.002175 
375 0.001739 
376 0.001655 
377 0.002027 
378 0.002768 
379 0.003658 
380 0.003626 
381 0.002732 
382 0.001977 
383 0.000830 
384 -0.001514 
385 -0.003590 
386 -0.003567 
387 -0.002054 
388 -0.000534 
389 0.001414 
390 0.003675 
391 0.004103 
392 0.002183 
393 0.000619 
394 0.001049 
395 0.001233 
396 -0.000181 
397 -0.000522 
398 0.001107 
399 0.001691 
400 0.000488 
401 -0.000702 
402 -0.001032 
403 -0.000982 
404 -0.001238 
405 0.000224 
406 0.003324 
407 0.004591 
408 0.003897 
409 0.004070 
410 0.004436 
411 0.002787 
412 -0.000431 
413 -0.001938 
414 -0.001048 
415 0.000403 
416 0.002183 
417 0.005097 
418 0.007212 
419 0.007012 
420 0.005606 
421 0.004940 
422 0.004191 
423 0.001922 
424 0.000121 
425 0.000371 
426 0.000551 
427 0.000004 
428 0.000576 
429 0.002716 
430 0.004204 
431 0.003085 
432 0.000659 
433 -0.001221 
434 -0.002201 
435 -0.002635 
436 -0.001632 
437 0.000382 
438 0.001188 
439 0.000439 
440 -0.000391 
441 -0.000655 
442 -0.001134 
443 -0.002111 
444 -0.003091 
445 -0.003012 
446 -0.002270 
447 -0.002427 
448 -0.003010 
449 -0.003354 
450 -0.003525 
451 -0.003132 
452 -0.002189 
453 -0.001391 
454 -0.001264 
455 -0.002453 
456 -0.004211 
457 -0.003847 
458 -0.001251 
459 0.001034 
460 0.001156 
461 -0.000670 
462 -0.002229 
463 -0.002414 
464 -0.002246 
465 -0.002613 
466 -0.003447 
467 -0.004344 
468 -0.004004 
469 -0.001409 
470 0.002328 
471 0.004298 
472 0.003199 
473 0.000571 
474 -0.002041 
475 -0.004470 
476 -0.006206 
477 -0.006690 
478 -0.006407 
479 -0.005015 
480 -0.002386 
481 0.000525 
482 0.002752 
483 0.003308 
484 0.002481 
485 0.000701 
486 -0.002157 
487 -0.005673 
488 -0.007371 
489 -0.006512 
490 -0.004506 
491 -0.001424 
492 0.002030 
493 0.003621 
494 0.002595 
495 0.000510 
496 -0.000802 
497 -0.001185 
498 -0.001639 
499 -0.001229 
500 0.000739 
501 0.001957 
502 0.000943 
503 0.000437 
504 0.001855 
505 0.002940 
506 0.001360 
507 -0.001151 
508 -0.001523 
509 0.000559 
510 0.003071 
511 0.004969 
512 0.005548 
513 0.004184 
514 0.001818 
515 -0.000176 
516 -0.001396 
517 -0.001572 
518 -0.001453 
519 -0.001266 
520 -0.000208 
521 0.001765 
522 0.003338 
523 0.003779 
524 0.003219 
525 0.001867 
526 0.000275 
527 -0.001279 
528 -0.002492 
529 -0.002196 
530 0.000236 
531 0.002502 
532 0.002616 
533 0.001390 
534 0.000866 
535 0.001272 
536 0.001536 
537 0.000881 
538 -0.000000 
539 -0.000896 
540 -0.002087 
541 -0.002390 
542 -0.000206 
543 0.003607 
544 0.005816 
545 0.005152 
546 0.003545 
547 0.002789 
548 0.002127 
549 0.000555 
550 -0.000562 
551 -0.000988 
552 -0.000897 
553 0.000627 
554 0.003957 
555 0.006631 
556 0.006648 
557 0.004638 
558 0.001922 
559 0.000258 
560 -0.000331 
561 -0.000314 
562 0.000821 
563 0.002405 
564 0.002983 
565 0.003251 
566 0.003244 
567 0.001909 
568 0.000247 
569 -0.000869 
570 -0.001330 
571 -0.001789 
572 -0.001504 
573 0.000258 
574 0.002351 
575 0.003079 
576 0.002041 
577 0.000518 
578 -0.000626 
579 -0.001608 
580 -0.001873 
581 -0.000478 
582 0.001758 
583 0.002792 
584 0.002322 
585 0.001488 
586 0.001349 
587 0.002042 
588 0.002436 
589 0.002269 
590 0.002058 
591 0.001236 
592 0.000246 
593 0.000117 
594 0.000735 
595 0.000998 
596 0.000387 
597 -0.000247 
598 0.000548 
599 0.002084 
600 0.003277 
601 0.003355 
602 0.002351 
603 0.000497 
604 -0.001577 
605 -0.003023 
606 -0.003390 
607 -0.002896 
608 -0.001843 
609 -0.000538 
610 0.000165 
611 0.000210 
612 0.000086 
613 -0.000138 
614 -0.000632 
615 -0.001694 
616 -0.003568 
617 -0.005303 
618 -0.006453 
619 -0.006510 
620 -0.004473 
621 -0.001220 
622 0.000835 
623 0.000822 
624 -0.000303 
625 -0.001998 
626 -0.003765 
627 -0.005141 
628 -0.005380 
629 -0.004386 
630 -0.002956 
631 -0.002298 
632 -0.002420 
633 -0.002486 
634 -0.002424 
635 -0.002451 
636 -0.002447 
637 -0.001953 
638 -0.001308 
639 -0.001277 
640 -0.001659 
641 -0.001366 
642 -0.001202 
643 -0.001944 
644 -0.002785 
645 -0.002931 
646 -0.002423 
647 -0.001314 
648 0.000210 
649 0.001432 
650 0.001297 
651 -0.000372 
652 -0.001566 
653 -0.001502 
654 -0.001849 
655 -0.002719 
656 -0.002515 
657 -0.001414 
658 -0.000669 
659 -0.000264 
660 0.000486 
661 0.001105 
662 0.000776 
663 0.000173 
664 0.000016 
665 -0.000591 
666 -0.002290 
667 -0.003343 
668 -0.001900 
669 0.000498 
670 0.001480 
671 0.001298 
672 0.000525 
673 -0.000497 
674 -0.000720 
675 0.000073 
676 0.001094 
677 0.000937 
678 -0.000211 
679 0.000074 
680 0.002022 
681 0.003500 
682 0.003831 
683 0.003478 
684 0.002291 
685 0.000598 
686 -0.000223 
687 0.000832 
688 0.002806 
689 0.003721 
690 0.003511 
691 0.003242 
692 0.003352 
693 0.003628 
694 0.003836 
695 0.003761 
696 0.003105 
697 0.002176 
698 0.002044 
699 0.003242 
700 0.005028 
701 0.006281 
702 0.005795 
703 0.003755 
704 0.001657 
705 0.000910 
706 0.001738 
707 0.002957 
708 0.003193 
709 0.002690 
710 0.002435 
711 0.001934 
712 0.001344 
713 0.001504 
714 0.002215 
715 0.002251 
716 0.001703 
717 0.001552 
718 0.002095 
719 0.002625 
720 0.002619 
721 0.002214 
722 0.001513 
723 0.000386 
724 -0.000336 
725 -0.000120 
726 0.000453 
727 0.000772 
728 0.000680 
729 0.000539 
730 0.001040 
731 0.002239 
732 0.003372 
733 0.003593 
734 0.002290 
735 0.000496 
736 -0.000107 
737 0.000096 
738 0.000566 
739 0.001977 
740 0.003925 
741 0.004635 
742 0.003579 
743 0.002149 
744 0.001655 
745 0.001484 
746 0.000893 
747 0.001022 
748 0.002494 
749 0.003934 
750 0.004133 
751 0.003425 
752 0.002497 
753 0.001240 
754 -0.000509 
755 -0.001568 
756 -0.001126 
757 -0.000137 
758 0.000899 
759 0.002044 
760 0.002988 
761 0.003418 
762 0.002988 
763 0.001751 
764 0.000038 
765 -0.001849 
766 -0.003379 
767 -0.003672 
768 -0.002614 
769 -0.000910 
770 0.000480 
771 0.000982 
772 0.000426 
773 -0.000792 
774 -0.001751 
775 -0.001996 
776 -0.002115 
777 -0.002541 
778 -0.002337 
779 -0.001347 
780 -0.000340 
781 0.000133 
782 -0.000028 
783 -0.000411 
784 -0.000725 
785 -0.001105 
786 -0.001463 
787 -0.001840 
788 -0.002064 
789 -0.001469 
790 -0.000538 
791 -0.000131 
792 -0.000165 
793 -0.000385 
794 -0.000984 
795 -0.001881 
796 -0.002721 
797 -0.002669 
798 -0.001955 
799 -0.001718 
800 -0.001874 
801 -0.001810 
802 -0.001434 
803 -0.001301 
804 -0.001333 
805 -0.001211 
806 -0.001634 
807 -0.003044 
808 -0.004091 
809 -0.003590 
810 -0.002660 
811 -0.002705 
812 -0.003356 
813 -0.003367 
814 -0.002522 
815 -0.001933 
816 -0.001879 
817 -0.001802 
818 -0.001640 
819 -0.001790 
820 -0.002176 
821 -0.002560 
822 -0.003155 
823 -0.003792 
824 -0.003959 
825 -0.003280 
826 -0.002180 
827 -0.001361 
828 -0.000809 
829 -0.000407 
830 -0.000355 
831 -0.000429 
832 -0.000318 
833 -0.000439 
834 -0.001042 
835 -0.001530 
836 -0.001359 
837 -0.000782 
838 -0.000494 
839 -0.000435 
840 -0.000172 
841 0.000096 
842 -0.000125 
843 -0.000282 
844 0.000221 
845 0.000646 
846 0.000335 
847 -0.000032 
848 0.000170 
849 0.000386 
850 -0.000080 
851 -0.000712 
852 -0.000850 
853 -0.000755 
854 -0.000907 
855 -0.001090 
856 -0.000662 
857 0.000104 
858 0.000368 
859 0.000349 
860 0.000559 
861 0.000457 
862 -0.000254 
863 -0.000974 
864 -0.001302 
865 -0.001285 
866 -0.001153 
867 -0.000846 
868 -0.000119 
869 0.000583 
870 0.000793 
871 0.000869 
872 0.000952 
873 0.000721 
874 0.000177 
875 -0.000323 
876 -0.000461 
877 -0.000426 
878 -0.000247 
879 0.000344 
880 0.001015 
881 0.001269 
882 0.001232 
883 0.001074 
884 0.000862 
885 0.000740 
886 0.000656 
887 0.000530 
888 0.000502 
889 0.000596 
890 0.000784 
891 0.001010 
892 0.000992 
893 0.000756 
894 0.000559 
895 0.000270 
896 -0.000310 
897 -0.000810 
898 -0.000797 
899 -0.000427 
900 -0.000066 
901 0.000389 
902 0.000909 
903 0.000998 
904 0.000557 
905 0.000203 
906 0.000294 
907 0.000330 
908 0.000024 
909 -0.000048 
910 0.000293 
911 0.000409 
912 0.000160 
913 -0.000079 
914 -0.000143 
915 -0.000129 
916 -0.000176 
917 0.000107 
918 0.000695 
919 0.000925 
920 0.000786 
921 0.000809 
922 0.000866 
923 0.000548 
924 -0.000030 
925 -0.000293 
926 -0.000134 
927 0.000115 
928 0.000414 
929 0.000897 
930 0.001236 
931 0.001189 
932 0.000948 
933 0.000832 
934 0.000705 
935 0.000344 
936 0.000061 
937 0.000097 
938 0.000123 
939 0.000041 
940 0.000125 
941 0.000435 
942 0.000641 
943 0.000473 
944 0.000125 
945 -0.000138 
946 -0.000272 
947 -0.000328 
948 -0.000190 
949 0.000078 
950 0.000181 
951 0.000080 
952 -0.000029 
953 -0.000064 
954 -0.000126 
955 -0.000248 
956 -0.000366 
957 -0.000354 
958 -0.000262 
959 -0.000278 
960 -0.000345 
961 -0.000382 
962 -0.000400 
963 -0.000353 
964 -0.000243 
965 -0.000154 
966 -0.000140 
967 -0.000271 
968 -0.000462 
969 -0.000418 
970 -0.000138 
971 0.000104 
972 0.000114 
973 -0.000078 
974 -0.000239 
975 -0.000255 
976 -0.000237 
977 -0.000271 
978 -0.000351 
979 -0.000436 
980 -0.000401 
981 -0.000149 
982 0.000208 
983 0.000393 
984 0.000285 
985 0.000037 
986 -0.000206 
987 -0.000429 
988 -0.000585 
989 -0.000626 
990 -0.000598 
991 -0.000471 
992 -0.000234 
993 0.000026 
994 0.000220 
995 0.000268 
996 0.000195 
997 0.000039 
998 -0.000208 
999 -0.000508 
1000 -0.000651 
1001 -0.000577 
1002 -0.000407 
1003 -0.000147 
1004 0.000142 
1005 0.000275 
1006 0.000189 
1007 0.000017 
1008 -0.000091 
1009 -0.000122 
1010 -0.000160 
1011 -0.000127 
1012 0.000032 
1013 0.000130 
1014 0.000048 
1015 0.000007 
1016 0.000122 
1017 0.000210 
1018 0.000083 
1019 -0.000118 
1020 -0.000147 
1021 0.000020 
1022 0.000220 
1023 0.000373 
