0 0.744855 
1 0.757762 
2 -0.005408 
3 -0.063092 
4 0.079025 
5 0.021821 
6 -0.038215 
7 0.027998 
8 0.137944 
9 0.043775 
10 -0.040812 
11 0.115810 
12 -0.059496 
13 0.002823 
14 0.130105 
15 -0.070702 
16 0.030460 
17 0.085585 
18 -0.123383 
19 0.149297 
20 -0.013218 
21 0.054528 
22 0.016102 
23 0.019558 
24 0.066545 
25 -0.061201 
26 0.055321 
27 0.072033 
28 -0.090326 
29 0.124718 
30 -0.095724 
31 0.064993 
32 0.032729 
33 -0.018828 
34 0.064706 
35 0.000249 
36 0.042774 
37 0.059260 
38 0.052926 
39 0.079236 
40 -0.084098 
41 0.106152 
42 -0.016398 
43 0.049986 
44 0.031979 
45 -0.074547 
46 0.017105 
47 -0.026926 
48 0.087534 
49 0.071126 
50 -0.039552 
51 0.083633 
52 -0.004251 
53 0.111616 
54 0.107952 
55 0.004892 
56 0.044476 
57 -0.042149 
58 0.060010 
59 -0.024390 
60 0.062862 
61 0.033325 
62 -0.015811 
63 0.029549 
64 0.061738 
65 -0.021085 
66 0.170583 
67 0.024058 
68 -0.011646 
69 0.054127 
70 0.033181 
71 0.049046 
72 -0.011609 
73 0.091639 
74 -0.054523 
75 0.018350 
76 0.062574 
77 -0.003039 
78 -0.062391 
79 0.105854 
80 -0.016723 
81 0.040429 
82 0.098533 
83 -0.119361 
84 0.171378 
85 -0.102519 
86 0.065356 
87 0.018953 
88 -0.014668 
89 -0.019057 
90 0.026492 
91 -0.146480 
92 0.085543 
93 -0.003406 
94 0.094905 
95 -0.016221 
96 0.065561 
97 -0.028311 
98 0.125368 
99 0.039652 
100 0.097146 
101 -0.042684 
102 0.049444 
103 0.014205 
104 -0.010920 
105 0.081906 
106 -0.088163 
107 0.137556 
108 -0.050258 
109 0.103646 
110 -0.016579 
111 0.063701 
112 0.079894 
113 0.035416 
114 -0.049085 
115 0.160145 
116 -0.072297 
117 0.156293 
118 -0.136705 
119 0.091653 
120 -0.101179 
121 0.117238 
122 -0.009918 
123 0.025173 
124 -0.024162 
125 0.049467 
126 0.022790 
127 0.090732 
128 -0.018360 
129 -0.000347 
130 0.073940 
131 -0.024341 
132 0.094498 
133 -0.123968 
134 0.056950 
135 -0.059649 
136 0.105840 
137 0.022624 
138 -0.005995 
139 0.020235 
140 0.097318 
141 0.038068 
142 0.145525 
143 -0.028694 
144 0.115497 
145 0.062744 
146 0.046724 
147 -0.035048 
148 0.047009 
149 -0.015319 
150 0.031646 
151 -0.018420 
152 0.061758 
153 -0.041163 
154 0.062667 
155 0.027871 
156 0.075334 
157 -0.060778 
158 0.088149 
159 -0.020303 
160 0.103045 
161 -0.156228 
162 0.097594 
163 -0.027093 
164 0.051741 
165 -0.032596 
166 0.059871 
167 -0.092769 
168 0.107583 
169 0.014770 
170 0.090012 
171 -0.095714 
172 0.131335 
173 -0.038644 
174 0.071882 
175 0.060261 
176 -0.014346 
177 0.020383 
178 -0.006542 
179 0.037782 
180 0.041603 
181 0.046491 
182 -0.054170 
183 0.151887 
184 -0.017094 
185 0.058137 
186 -0.001722 
187 0.212540 
188 -0.133083 
189 0.171508 
190 -0.119007 
191 0.128404 
192 -0.043528 
193 0.120862 
194 -0.119454 
195 0.143683 
196 -0.082290 
197 0.107376 
198 0.036806 
199 0.071142 
200 -0.043621 
201 0.121531 
202 0.033359 
203 -0.017141 
204 0.030099 
205 -0.012239 
206 -0.077614 
207 0.038205 
208 0.003996 
209 -0.061680 
210 0.033863 
211 -0.041251 
212 0.034743 
213 0.060923 
214 0.019718 
215 0.091223 
216 -0.022942 
217 0.036653 
218 -0.003108 
219 0.069401 
220 0.069721 
221 0.020235 
222 -0.042406 
223 0.088207 
224 -0.068349 
225 0.115193 
226 0.014063 
227 0.076722 
228 -0.005021 
229 0.039508 
230 0.026872 
231 0.081126 
232 0.081422 
233 -0.014249 
234 0.069641 
235 -0.043592 
236 0.051559 
237 -0.056982 
238 0.125746 
239 -0.150094 
240 0.080826 
241 -0.037006 
242 0.081819 
243 -0.013778 
244 0.090641 
245 -0.061312 
246 0.103054 
247 0.014783 
248 0.116484 
249 -0.080588 
250 0.092933 
251 -0.077683 
252 0.070399 
253 0.011321 
254 0.047457 
255 -0.001053 
256 -0.056011 
257 0.092217 
258 0.041502 
259 0.075165 
260 -0.013974 
261 -0.001718 
262 0.047945 
263 0.041462 
264 -0.043570 
265 0.175381 
266 -0.159623 
267 0.115859 
268 -0.097492 
269 0.082447 
270 0.041875 
271 0.067361 
272 -0.076727 
273 0.124691 
274 -0.025748 
275 0.119897 
276 0.030580 
277 0.046910 
278 0.009044 
279 0.047922 
280 0.003809 
281 0.113005 
282 -0.085830 
283 0.062405 
284 0.018966 
285 0.036780 
286 -0.014435 
287 0.098565 
288 -0.077802 
289 0.065416 
290 -0.003609 
291 0.125801 
292 -0.086081 
293 0.093434 
294 -0.039861 
295 0.030354 
296 -0.069604 
297 0.120485 
298 -0.044973 
299 0.061399 
300 0.006844 
301 0.031798 
302 0.030544 
303 0.122354 
304 -0.028303 
305 0.094778 
306 -0.002408 
307 0.072036 
308 0.005863 
309 0.073820 
310 -0.010421 
311 -0.041690 
312 0.130947 
313 -0.057389 
314 0.095476 
315 -0.029012 
316 0.048568 
317 0.015546 
318 0.038257 
319 -0.030495 
320 0.043392 
321 0.008970 
322 0.026954 
323 -0.018676 
324 0.013315 
325 -0.021831 
326 0.038803 
327 0.004420 
328 -0.013816 
329 0.013259 
330 0.049047 
331 0.017469 
332 0.028386 
333 0.067610 
334 0.017676 
335 0.085819 
336 0.018970 
337 0.078751 
338 -0.027632 
339 0.047696 
340 0.020089 
341 0.062236 
342 -0.024917 
343 0.065858 
344 0.001996 
345 0.012170 
346 0.051677 
347 0.058351 
348 0.067989 
349 0.008146 
350 -0.005151 
351 0.068836 
352 0.030752 
353 -0.001174 
354 0.026767 
355 -0.031524 
356 0.025111 
357 0.000307 
358 0.033169 
359 0.069122 
360 -0.016196 
361 0.036401 
362 -0.026272 
363 0.096683 
364 0.021307 
365 0.040439 
366 -0.025416 
367 0.091753 
368 -0.122877 
369 0.162739 
370 -0.068898 
371 0.047256 
372 -0.040684 
373 0.074816 
374 -0.019621 
375 0.071239 
376 0.001812 
377 -0.002509 
378 0.032361 
379 0.110906 
380 -0.009018 
381 0.063975 
382 -0.025303 
383 0.049461 
384 -0.023580 
385 0.094978 
386 -0.051427 
387 0.003525 
388 0.036205 
389 -0.051524 
390 0.050434 
391 0.076987 
392 0.012068 
393 0.064745 
394 0.044014 
395 0.026008 
396 0.018072 
397 0.068050 
398 0.056119 
399 0.004859 
400 0.011860 
401 -0.003476 
402 0.038353 
403 0.026023 
404 0.001187 
405 0.032297 
406 0.026142 
407 0.032894 
408 0.032922 
409 0.003235 
410 0.039111 
411 0.029573 
412 0.034395 
413 -0.008322 
414 0.035110 
415 0.047455 
416 -0.020607 
417 0.032646 
418 0.005250 
419 0.014027 
420 0.059854 
421 0.039707 
422 0.024061 
423 0.022963 
424 0.008354 
425 0.078161 
426 0.034788 
427 0.066227 
428 -0.046544 
429 0.078101 
430 0.002980 
431 0.012119 
432 0.021765 
433 -0.007370 
434 0.025317 
435 0.028691 
436 0.000430 
437 0.081403 
438 -0.007040 
439 0.020606 
440 0.004482 
441 0.036759 
442 0.083238 
443 -0.006485 
444 -0.007323 
445 0.008132 
446 -0.034388 
447 0.034594 
448 0.065414 
449 -0.005951 
450 0.061078 
451 -0.034193 
452 0.065427 
453 0.056313 
454 0.059570 
455 0.007074 
456 0.072588 
457 0.008973 
458 0.082822 
459 -0.037513 
460 0.015751 
461 0.041804 
462 0.049250 
463 0.037413 
464 -0.068022 
465 0.093945 
466 0.017576 
467 -0.024513 
468 0.071901 
469 0.048351 
470 -0.012429 
471 0.132202 
472 -0.011624 
473 0.019215 
474 -0.020375 
475 0.038399 
476 0.046634 
477 0.016938 
478 -0.001472 
479 -0.021827 
480 -0.021350 
481 0.137585 
482 -0.099475 
483 0.077290 
484 0.005176 
485 0.066863 
486 0.047465 
487 -0.010249 
488 -0.029008 
489 0.012331 
490 0.068824 
491 -0.033775 
492 0.017250 
493 0.006172 
494 -0.008059 
495 0.056657 
496 -0.023980 
497 0.079462 
498 0.053096 
499 0.003831 
500 0.061360 
501 -0.048060 
502 0.114009 
503 -0.037933 
504 0.038339 
505 0.087263 
506 -0.036067 
507 0.037698 
508 0.050935 
509 0.010656 
510 0.035048 
511 -0.004772 
512 0.140961 
513 -0.000378 
514 0.029335 
515 0.011053 
516 0.006070 
517 0.021743 
518 0.124320 
519 -0.080582 
520 0.053569 
521 0.001155 
522 0.012269 
523 0.009982 
524 0.049463 
525 -0.018761 
526 0.110666 
527 -0.040575 
528 0.053982 
529 0.032777 
530 0.064080 
531 0.023252 
532 0.023567 
533 -0.028245 
534 0.041983 
535 -0.003977 
536 0.060383 
537 -0.013006 
538 -0.021024 
539 0.089626 
540 -0.005711 
541 0.086558 
542 -0.014511 
543 0.045529 
544 0.043173 
545 0.057779 
546 -0.058042 
547 0.002957 
548 0.079745 
549 -0.040003 
550 0.006631 
551 0.017878 
552 -0.033621 
553 0.097774 
554 0.044997 
555 -0.020199 
556 0.055482 
557 0.007593 
558 0.101615 
559 0.025523 
560 0.015904 
561 0.001493 
562 0.012508 
563 0.091387 
564 -0.008851 
565 -0.008724 
566 -0.008856 
567 0.002897 
568 0.068186 
569 0.037377 
570 0.036346 
571 0.036773 
572 -0.020960 
573 0.114549 
574 0.007308 
575 0.094968 
576 -0.006692 
577 0.046201 
578 -0.017653 
579 -0.010328 
580 0.073285 
581 0.006677 
582 -0.027385 
583 0.095377 
584 -0.075489 
585 0.097197 
586 0.046814 
587 0.034956 
588 0.017248 
589 0.022933 
590 0.102551 
591 -0.064012 
592 0.084648 
593 -0.103891 
594 0.096442 
595 -0.057834 
596 0.079001 
597 -0.024598 
598 0.041509 
599 0.027435 
600 0.026142 
601 -0.002886 
602 0.140435 
603 -0.065185 
604 0.126440 
605 -0.095445 
606 0.036661 
607 0.002799 
608 0.005669 
609 0.021685 
610 0.016133 
611 -0.056671 
612 0.088995 
613 -0.025801 
614 0.064994 
615 0.022341 
616 0.060756 
617 0.039465 
618 0.054509 
619 0.050213 
620 0.012491 
621 0.050571 
622 0.024271 
623 -0.000613 
624 0.005146 
625 -0.002707 
626 0.041667 
627 -0.033212 
628 0.038969 
629 0.040971 
630 0.032318 
631 0.089951 
632 0.001735 
633 0.129153 
634 -0.004226 
635 -0.016099 
636 0.075251 
637 0.015707 
638 -0.043351 
639 0.024910 
640 -0.049009 
641 0.084752 
642 -0.102586 
643 0.118716 
644 -0.024863 
645 0.062194 
646 0.099016 
647 -0.053037 
648 0.050104 
649 0.103146 
650 -0.013963 
651 0.054947 
652 -0.046972 
653 0.040544 
654 -0.011999 
655 0.054918 
656 -0.009837 
657 -0.027117 
658 0.080325 
659 0.002257 
660 0.061047 
661 -0.010832 
662 0.032558 
663 0.050868 
664 0.060130 
665 0.013765 
666 0.031606 
667 -0.043638 
668 0.090190 
669 -0.002216 
670 0.072920 
671 -0.088778 
672 0.116657 
673 -0.052617 
674 0.054363 
675 0.032614 
676 -0.002536 
677 0.100259 
678 -0.024063 
679 0.048911 
680 0.020863 
681 -0.007875 
682 0.073054 
683 -0.047593 
684 0.049707 
685 0.073342 
686 -0.026643 
687 0.057800 
688 -0.001250 
689 0.039852 
690 0.121490 
691 0.005594 
692 0.031529 
693 -0.013911 
694 0.027002 
695 -0.024040 
696 0.079201 
697 -0.028689 
698 0.038844 
699 -0.020053 
700 0.051728 
701 0.069701 
702 0.033107 
703 -0.007890 
704 0.150986 
705 -0.052327 
706 0.104320 
707 -0.028084 
708 0.076415 
709 0.025496 
710 -0.034120 
711 0.025122 
712 -0.032195 
713 0.119778 
714 0.003691 
715 -0.100160 
716 0.065057 
717 0.035256 
718 -0.004371 
719 0.122748 
720 -0.097645 
721 0.092670 
722 -0.062965 
723 0.146106 
724 -0.084468 
725 0.015203 
726 -0.000299 
727 0.018608 
728 0.019092 
729 0.060171 
730 -0.084133 
731 0.097576 
732 0.017459 
733 0.080874 
734 0.023517 
735 0.072054 
736 0.043419 
737 -0.003947 
738 0.062157 
739 -0.036267 
740 0.059226 
741 0.021245 
742 0.038535 
743 -0.061371 
744 0.023578 
745 0.036732 
746 0.050533 
747 0.079500 
748 0.103735 
749 -0.069584 
750 0.138093 
751 -0.022336 
752 0.078608 
753 0.006918 
754 0.042056 
755 0.018868 
756 -0.005704 
757 0.034402 
758 0.002507 
759 0.026012 
760 0.048576 
761 0.034226 
762 -0.010353 
763 0.070741 
764 0.058828 
765 -0.059571 
766 0.096776 
767 -0.044495 
768 0.064591 
769 0.004485 
770 -0.017355 
771 -0.043070 
772 0.047798 
773 -0.095474 
774 0.131057 
775 -0.064440 
776 0.044461 
777 0.024390 
778 -0.029750 
779 0.115279 
780 -0.053362 
781 0.076330 
782 0.094144 
783 -0.068572 
784 0.050899 
785 -0.049120 
786 -0.023579 
787 0.133862 
788 -0.062182 
789 0.099119 
790 -0.058709 
791 0.151455 
792 -0.010372 
793 0.092649 
794 0.021695 
795 0.054642 
796 0.017444 
797 0.134535 
798 -0.042957 
799 0.031379 
800 -0.117078 
801 0.130444 
802 -0.009386 
803 0.041365 
804 0.008754 
805 -0.050976 
806 0.136738 
807 -0.051360 
808 0.109657 
809 -0.017931 
810 0.086487 
811 0.053969 
812 0.035302 
813 -0.090044 
814 0.149137 
815 -0.028362 
816 0.057705 
817 0.016302 
818 0.007953 
819 -0.022499 
820 -0.003197 
821 0.021604 
822 0.022758 
823 -0.006301 
824 0.059932 
825 0.033876 
826 0.006942 
827 0.022688 
828 0.025209 
829 0.064143 
830 -0.010013 
831 0.036172 
832 -0.026200 
833 0.065234 
834 0.030410 
835 0.051540 
836 -0.101406 
837 0.079665 
838 0.008199 
839 0.047880 
840 0.049528 
841 -0.038875 
842 0.073247 
843 -0.134388 
844 0.237774 
845 -0.069195 
846 0.062054 
847 0.115688 
848 -0.061384 
849 0.101423 
850 0.055231 
851 -0.022862 
852 0.070049 
853 -0.060692 
854 0.166123 
855 -0.002689 
856 -0.003707 
857 0.015924 
858 -0.007511 
859 0.056935 
860 0.109111 
861 -0.032488 
862 0.030992 
863 0.046887 
864 -0.037738 
865 0.075950 
866 -0.010855 
867 0.074324 
868 0.014673 
869 0.037790 
870 -0.054175 
871 0.082934 
872 0.017939 
873 0.024487 
874 0.052055 
875 0.016171 
876 -0.036718 
877 0.045326 
878 -0.027106 
879 0.090936 
880 -0.029490 
881 0.102527 
882 -0.037956 
883 -0.009072 
884 0.119660 
885 -0.041269 
886 0.024664 
887 -0.027491 
888 0.011531 
889 0.030959 
890 -0.011071 
891 0.046888 
892 -0.075253 
893 0.109762 
894 -0.036323 
895 0.134825 
896 -0.072373 
897 0.065663 
898 0.037884 
899 0.020761 
900 0.100105 
901 -0.052011 
902 0.071466 
903 -0.026564 
904 0.039858 
905 0.037647 
906 -0.018532 
907 0.072895 
908 0.026641 
909 -0.029934 
910 0.064484 
911 -0.145974 
912 0.222287 
913 -0.025713 
914 0.049059 
915 0.024778 
916 -0.038689 
917 0.072424 
918 0.088543 
919 -0.003098 
920 0.125477 
921 -0.123846 
922 0.152259 
923 -0.048070 
924 0.052930 
925 0.072378 
926 -0.055890 
927 0.088617 
928 0.003521 
929 -0.003043 
930 0.075961 
931 -0.118312 
932 0.100736 
933 -0.033968 
934 -0.015794 
935 0.157883 
936 -0.119538 
937 0.062793 
938 -0.107822 
939 0.148788 
940 0.082479 
941 0.050456 
942 0.017631 
943 0.048231 
944 -0.022006 
945 0.063728 
946 0.065129 
947 0.006492 
948 0.027860 
949 -0.010641 
950 -0.010534 
951 0.060827 
952 -0.005260 
953 -0.065669 
954 0.077978 
955 0.048180 
956 -0.002379 
957 0.025997 
958 0.046621 
959 0.040398 
960 0.106423 
961 0.081538 
962 0.109079 
963 -0.028572 
964 0.086854 
965 -0.010125 
966 -0.015441 
967 0.069783 
968 0.106851 
969 -0.088907 
970 0.071714 
971 -0.031099 
972 -0.043348 
973 0.086645 
974 -0.044589 
975 0.214467 
976 -0.029981 
977 0.059596 
978 0.007089 
979 -0.035892 
980 0.066317 
981 0.035474 
982 0.110388 
983 0.053169 
984 -0.260442 
985 0.220095 
986 0.052694 
987 0.020627 
988 0.091551 
989 -0.009642 
990 0.149525 
991 -0.104871 
992 -0.000937 
993 0.059621 
994 0.026906 
995 0.047672 
996 -0.053776 
997 -0.003060 
998 -0.030611 
999 -0.187521 
1000 0.003082 
1001 -0.027923 
1002 0.022767 
1003 0.042352 
1004 -0.053034 
1005 0.061213 
1006 0.019187 
1007 0.036118 
1008 0.228719 
1009 0.014016 
1010 0.184345 
1011 -0.126095 
1012 -0.252651 
1013 0.137981 
1014 0.199014 
1015 -0.088141 
1016 -0.235398 
1017 0.027262 
1018 0.435854 
1019 0.021176 
1020 -0.035448 
1021 0.030325 
1022 -0.008187 
1023 -0.170567 
