0 -0.000237 
1 -0.000159 
2 -0.000092 
3 -0.000110 
4 -0.000127 
5 -0.000076 
6 -0.000034 
7 -0.000127 
8 -0.000177 
9 0.000049 
10 0.000296 
11 0.000261 
12 0.000109 
13 0.000139 
14 0.000360 
15 0.000428 
16 0.000213 
17 0.000095 
18 0.000245 
19 0.000406 
20 0.000487 
21 0.000548 
22 0.000576 
23 0.000483 
24 0.000319 
25 0.000350 
26 0.000647 
27 0.000843 
28 0.000743 
29 0.000558 
30 0.000583 
31 0.000761 
32 0.000778 
33 0.000686 
34 0.000686 
35 0.000680 
36 0.000654 
37 0.000767 
38 0.000975 
39 0.001065 
40 0.000929 
41 0.000700 
42 0.000664 
43 0.000831 
44 0.000909 
45 0.000858 
46 0.000808 
47 0.000834 
48 0.000955 
49 0.001063 
50 0.001005 
51 0.000794 
52 0.000661 
53 0.000715 
54 0.000786 
55 0.000741 
56 0.000687 
57 0.000732 
58 0.000820 
59 0.000892 
60 0.000986 
61 0.001047 
62 0.000896 
63 0.000598 
64 0.000437 
65 0.000520 
66 0.000647 
67 0.000654 
68 0.000575 
69 0.000557 
70 0.000608 
71 0.000630 
72 0.000643 
73 0.000698 
74 0.000713 
75 0.000572 
76 0.000342 
77 0.000298 
78 0.000486 
79 0.000536 
80 0.000371 
81 0.000302 
82 0.000388 
83 0.000392 
84 0.000278 
85 0.000302 
86 0.000422 
87 0.000318 
88 0.000015 
89 -0.000102 
90 0.000059 
91 0.000189 
92 0.000184 
93 0.000271 
94 0.000321 
95 -0.000009 
96 -0.000329 
97 -0.000153 
98 0.000107 
99 -0.000110 
100 -0.000494 
101 -0.000451 
102 -0.000059 
103 0.000017 
104 -0.000194 
105 -0.000152 
106 -0.000108 
107 -0.000486 
108 -0.000822 
109 -0.000679 
110 -0.000396 
111 -0.000393 
112 -0.000461 
113 -0.000245 
114 -0.000124 
115 -0.000517 
116 -0.000841 
117 -0.000724 
118 -0.000786 
119 -0.001287 
120 -0.001455 
121 -0.000912 
122 -0.000506 
123 -0.000781 
124 -0.001161 
125 -0.001254 
126 -0.001352 
127 -0.001448 
128 -0.001334 
129 -0.001085 
130 -0.001156 
131 -0.001520 
132 -0.001487 
133 -0.001105 
134 -0.001005 
135 -0.001048 
136 -0.001025 
137 -0.001295 
138 -0.001803 
139 -0.002008 
140 -0.001696 
141 -0.001285 
142 -0.001246 
143 -0.001358 
144 -0.001187 
145 -0.001319 
146 -0.001918 
147 -0.001900 
148 -0.001165 
149 -0.000969 
150 -0.001397 
151 -0.001261 
152 -0.000600 
153 -0.000569 
154 -0.000840 
155 -0.000295 
156 0.000236 
157 -0.000795 
158 -0.002096 
159 -0.001786 
160 -0.000646 
161 -0.000377 
162 -0.000510 
163 0.000329 
164 0.001152 
165 0.000344 
166 -0.000783 
167 -0.000531 
168 -0.000113 
169 -0.000656 
170 -0.000766 
171 0.000454 
172 0.001389 
173 0.000781 
174 -0.000078 
175 0.000239 
176 0.000806 
177 0.000452 
178 -0.000132 
179 -0.000032 
180 0.000568 
181 0.001226 
182 0.001537 
183 0.001100 
184 0.000161 
185 -0.000211 
186 0.000241 
187 0.000617 
188 0.000882 
189 0.001766 
190 0.002446 
191 0.001983 
192 0.001332 
193 0.001536 
194 0.002108 
195 0.002104 
196 0.001825 
197 0.002375 
198 0.003151 
199 0.002935 
200 0.002638 
201 0.003443 
202 0.004216 
203 0.003748 
204 0.003059 
205 0.003405 
206 0.004047 
207 0.003761 
208 0.003362 
209 0.003679 
210 0.003950 
211 0.003706 
212 0.003663 
213 0.003768 
214 0.003242 
215 0.002578 
216 0.002969 
217 0.003453 
218 0.002735 
219 0.001946 
220 0.002505 
221 0.003199 
222 0.002612 
223 0.001890 
224 0.002359 
225 0.002836 
226 0.002160 
227 0.001747 
228 0.002816 
229 0.003237 
230 0.001467 
231 0.000071 
232 0.001403 
233 0.002774 
234 0.001515 
235 -0.000041 
236 0.000624 
237 0.001604 
238 0.000971 
239 0.000653 
240 0.001951 
241 0.002263 
242 0.000275 
243 -0.001197 
244 -0.000289 
245 0.000873 
246 0.000679 
247 0.000620 
248 0.001266 
249 0.001292 
250 0.000717 
251 0.000943 
252 0.001557 
253 0.000482 
254 -0.001907 
255 -0.002679 
256 -0.001580 
257 -0.000888 
258 -0.000641 
259 0.000191 
260 0.000452 
261 -0.001033 
262 -0.002715 
263 -0.002860 
264 -0.002823 
265 -0.003810 
266 -0.004438 
267 -0.004268 
268 -0.004673 
269 -0.005432 
270 -0.004995 
271 -0.003388 
272 -0.002676 
273 -0.004454 
274 -0.006503 
275 -0.006460 
276 -0.005847 
277 -0.006408 
278 -0.006570 
279 -0.005625 
280 -0.005455 
281 -0.006056 
282 -0.005539 
283 -0.004190 
284 -0.004620 
285 -0.006914 
286 -0.008108 
287 -0.006526 
288 -0.004406 
289 -0.004405 
290 -0.005396 
291 -0.005789 
292 -0.005957 
293 -0.006373 
294 -0.006191 
295 -0.005417 
296 -0.005478 
297 -0.006417 
298 -0.006063 
299 -0.004334 
300 -0.003748 
301 -0.004484 
302 -0.004712 
303 -0.004294 
304 -0.004637 
305 -0.005726 
306 -0.006230 
307 -0.005570 
308 -0.004871 
309 -0.005240 
310 -0.005771 
311 -0.005314 
312 -0.005192 
313 -0.006098 
314 -0.006439 
315 -0.005304 
316 -0.004112 
317 -0.004099 
318 -0.004788 
319 -0.004928 
320 -0.004348 
321 -0.004488 
322 -0.004926 
323 -0.003631 
324 -0.001799 
325 -0.001984 
326 -0.003500 
327 -0.003898 
328 -0.002664 
329 -0.002004 
330 -0.003005 
331 -0.004053 
332 -0.003294 
333 -0.001932 
334 -0.001629 
335 -0.001028 
336 0.001141 
337 0.001989 
338 -0.000012 
339 -0.001365 
340 -0.000475 
341 0.000254 
342 -0.000275 
343 -0.000024 
344 0.001947 
345 0.003813 
346 0.003628 
347 0.003025 
348 0.003762 
349 0.004151 
350 0.002784 
351 0.001286 
352 0.001641 
353 0.003175 
354 0.004158 
355 0.005035 
356 0.006466 
357 0.007787 
358 0.007853 
359 0.006747 
360 0.005497 
361 0.005342 
362 0.006267 
363 0.007304 
364 0.007694 
365 0.007742 
366 0.008419 
367 0.009042 
368 0.008357 
369 0.007402 
370 0.007364 
371 0.007684 
372 0.008095 
373 0.008748 
374 0.008875 
375 0.008211 
376 0.007494 
377 0.007861 
378 0.009583 
379 0.010590 
380 0.009435 
381 0.007712 
382 0.007614 
383 0.009267 
384 0.010815 
385 0.010448 
386 0.008704 
387 0.007229 
388 0.007000 
389 0.007962 
390 0.008845 
391 0.008767 
392 0.009030 
393 0.009536 
394 0.009803 
395 0.010704 
396 0.011488 
397 0.010830 
398 0.010053 
399 0.010066 
400 0.010020 
401 0.009783 
402 0.009786 
403 0.009579 
404 0.009139 
405 0.008651 
406 0.008001 
407 0.007155 
408 0.005648 
409 0.004645 
410 0.005773 
411 0.007900 
412 0.008393 
413 0.007030 
414 0.005977 
415 0.005563 
416 0.003980 
417 0.002342 
418 0.002803 
419 0.003261 
420 0.001692 
421 0.000260 
422 0.000871 
423 0.002198 
424 0.001293 
425 -0.001158 
426 -0.002524 
427 -0.002526 
428 -0.003338 
429 -0.004084 
430 -0.002415 
431 -0.000786 
432 -0.002276 
433 -0.005451 
434 -0.006741 
435 -0.006931 
436 -0.007760 
437 -0.008076 
438 -0.006559 
439 -0.004948 
440 -0.004686 
441 -0.004434 
442 -0.003859 
443 -0.004018 
444 -0.005498 
445 -0.007599 
446 -0.009038 
447 -0.009483 
448 -0.009123 
449 -0.007705 
450 -0.006193 
451 -0.005856 
452 -0.005669 
453 -0.005442 
454 -0.006785 
455 -0.009538 
456 -0.010883 
457 -0.010237 
458 -0.010031 
459 -0.009929 
460 -0.008695 
461 -0.008135 
462 -0.009374 
463 -0.010585 
464 -0.010345 
465 -0.009862 
466 -0.010623 
467 -0.013065 
468 -0.014419 
469 -0.012862 
470 -0.010733 
471 -0.009769 
472 -0.010221 
473 -0.011512 
474 -0.011842 
475 -0.010470 
476 -0.009310 
477 -0.008860 
478 -0.008902 
479 -0.010248 
480 -0.012194 
481 -0.011475 
482 -0.008426 
483 -0.008032 
484 -0.010256 
485 -0.010448 
486 -0.008126 
487 -0.006494 
488 -0.007014 
489 -0.008462 
490 -0.008980 
491 -0.008441 
492 -0.007814 
493 -0.005906 
494 -0.003588 
495 -0.004672 
496 -0.007550 
497 -0.007678 
498 -0.005558 
499 -0.004790 
500 -0.005349 
501 -0.005844 
502 -0.006299 
503 -0.006851 
504 -0.005620 
505 -0.001717 
506 0.000818 
507 -0.001663 
508 -0.005468 
509 -0.005598 
510 -0.003395 
511 -0.002839 
512 -0.003037 
513 -0.002051 
514 -0.001201 
515 -0.001415 
516 -0.001626 
517 -0.000975 
518 -0.000438 
519 -0.001578 
520 -0.002192 
521 0.000618 
522 0.003667 
523 0.003239 
524 0.001376 
525 0.001746 
526 0.004450 
527 0.005286 
528 0.002673 
529 0.001237 
530 0.003046 
531 0.004973 
532 0.005927 
533 0.006641 
534 0.006947 
535 0.005820 
536 0.003876 
537 0.004235 
538 0.007661 
539 0.009892 
540 0.008713 
541 0.006563 
542 0.006826 
543 0.008794 
544 0.008934 
545 0.007846 
546 0.007770 
547 0.007648 
548 0.007306 
549 0.008489 
550 0.010654 
551 0.011533 
552 0.010016 
553 0.007560 
554 0.007122 
555 0.008784 
556 0.009505 
557 0.008920 
558 0.008350 
559 0.008537 
560 0.009644 
561 0.010613 
562 0.009956 
563 0.007843 
564 0.006503 
565 0.006935 
566 0.007516 
567 0.007043 
568 0.006493 
569 0.006842 
570 0.007564 
571 0.008131 
572 0.008864 
573 0.009277 
574 0.007884 
575 0.005275 
576 0.003872 
577 0.004522 
578 0.005509 
579 0.005512 
580 0.004810 
581 0.004608 
582 0.004947 
583 0.005064 
584 0.005108 
585 0.005468 
586 0.005524 
587 0.004423 
588 0.002681 
589 0.002320 
590 0.003638 
591 0.003936 
592 0.002718 
593 0.002191 
594 0.002745 
595 0.002727 
596 0.001922 
597 0.002054 
598 0.002814 
599 0.002095 
600 0.000131 
601 -0.000612 
602 0.000416 
603 0.001232 
604 0.001192 
605 0.001707 
606 0.001974 
607 -0.000015 
608 -0.001897 
609 -0.000875 
610 0.000615 
611 -0.000621 
612 -0.002762 
613 -0.002494 
614 -0.000331 
615 0.000092 
616 -0.001017 
617 -0.000779 
618 -0.000540 
619 -0.002476 
620 -0.004162 
621 -0.003411 
622 -0.001990 
623 -0.001967 
624 -0.002296 
625 -0.001243 
626 -0.000661 
627 -0.002490 
628 -0.003957 
629 -0.003379 
630 -0.003623 
631 -0.005825 
632 -0.006506 
633 -0.004075 
634 -0.002290 
635 -0.003454 
636 -0.005024 
637 -0.005364 
638 -0.005703 
639 -0.006026 
640 -0.005500 
641 -0.004453 
642 -0.004691 
643 -0.006058 
644 -0.005876 
645 -0.004372 
646 -0.003965 
647 -0.004100 
648 -0.003981 
649 -0.004915 
650 -0.006670 
651 -0.007311 
652 -0.006129 
653 -0.004636 
654 -0.004452 
655 -0.004788 
656 -0.004164 
657 -0.004556 
658 -0.006465 
659 -0.006340 
660 -0.003927 
661 -0.003263 
662 -0.004560 
663 -0.004082 
664 -0.002019 
665 -0.001901 
666 -0.002694 
667 -0.001066 
668 0.000494 
669 -0.002484 
670 -0.006166 
671 -0.005218 
672 -0.001975 
673 -0.001214 
674 -0.001560 
675 0.000716 
676 0.002902 
677 0.000745 
678 -0.002201 
679 -0.001526 
680 -0.000450 
681 -0.001814 
682 -0.002065 
683 0.000974 
684 0.003256 
685 0.001764 
686 -0.000297 
687 0.000459 
688 0.001780 
689 0.000947 
690 -0.000392 
691 -0.000153 
692 0.001192 
693 0.002635 
694 0.003295 
695 0.002320 
696 0.000294 
697 -0.000485 
698 0.000473 
699 0.001259 
700 0.001801 
701 0.003578 
702 0.004909 
703 0.003950 
704 0.002640 
705 0.003014 
706 0.004078 
707 0.004027 
708 0.003467 
709 0.004461 
710 0.005850 
711 0.005410 
712 0.004831 
713 0.006225 
714 0.007524 
715 0.006634 
716 0.005380 
717 0.005919 
718 0.006947 
719 0.006403 
720 0.005674 
721 0.006127 
722 0.006502 
723 0.006046 
724 0.005927 
725 0.006043 
726 0.005178 
727 0.004118 
728 0.004673 
729 0.005352 
730 0.004232 
731 0.003034 
732 0.003815 
733 0.004775 
734 0.003894 
735 0.002845 
736 0.003482 
737 0.004114 
738 0.003155 
739 0.002567 
740 0.003967 
741 0.004478 
742 0.002114 
743 0.000292 
744 0.002007 
745 0.003732 
746 0.002125 
747 0.000178 
748 0.000993 
749 0.002167 
750 0.001382 
751 0.000985 
752 0.002498 
753 0.002832 
754 0.000512 
755 -0.001171 
756 -0.000131 
757 0.001168 
758 0.000943 
759 0.000868 
760 0.001558 
761 0.001565 
762 0.000937 
763 0.001158 
764 0.001781 
765 0.000658 
766 -0.001776 
767 -0.002534 
768 -0.001413 
769 -0.000717 
770 -0.000469 
771 0.000337 
772 0.000579 
773 -0.000829 
774 -0.002396 
775 -0.002509 
776 -0.002452 
777 -0.003322 
778 -0.003851 
779 -0.003664 
780 -0.003984 
781 -0.004600 
782 -0.004178 
783 -0.002769 
784 -0.002147 
785 -0.003611 
786 -0.005266 
787 -0.005176 
788 -0.004625 
789 -0.005019 
790 -0.005091 
791 -0.004293 
792 -0.004117 
793 -0.004534 
794 -0.004094 
795 -0.003042 
796 -0.003330 
797 -0.004985 
798 -0.005806 
799 -0.004612 
800 -0.003061 
801 -0.003026 
802 -0.003684 
803 -0.003920 
804 -0.003994 
805 -0.004239 
806 -0.004080 
807 -0.003531 
808 -0.003541 
809 -0.004115 
810 -0.003847 
811 -0.002714 
812 -0.002324 
813 -0.002760 
814 -0.002875 
815 -0.002601 
816 -0.002786 
817 -0.003408 
818 -0.003670 
819 -0.003252 
820 -0.002821 
821 -0.003006 
822 -0.003280 
823 -0.002994 
824 -0.002899 
825 -0.003361 
826 -0.003507 
827 -0.002864 
828 -0.002201 
829 -0.002170 
830 -0.002509 
831 -0.002562 
832 -0.002254 
833 -0.002309 
834 -0.002509 
835 -0.001855 
836 -0.000951 
837 -0.001032 
838 -0.001736 
839 -0.001904 
840 -0.001313 
841 -0.001000 
842 -0.001444 
843 -0.001900 
844 -0.001543 
845 -0.000932 
846 -0.000793 
847 -0.000530 
848 0.000391 
849 0.000735 
850 -0.000109 
851 -0.000666 
852 -0.000301 
853 -0.000006 
854 -0.000214 
855 -0.000111 
856 0.000658 
857 0.001368 
858 0.001284 
859 0.001043 
860 0.001300 
861 0.001424 
862 0.000910 
863 0.000362 
864 0.000483 
865 0.001018 
866 0.001349 
867 0.001638 
868 0.002105 
869 0.002524 
870 0.002517 
871 0.002126 
872 0.001698 
873 0.001632 
874 0.001911 
875 0.002217 
876 0.002316 
877 0.002307 
878 0.002489 
879 0.002648 
880 0.002416 
881 0.002108 
882 0.002070 
883 0.002137 
884 0.002228 
885 0.002388 
886 0.002397 
887 0.002191 
888 0.001973 
889 0.002050 
890 0.002481 
891 0.002716 
892 0.002388 
893 0.001923 
894 0.001879 
895 0.002269 
896 0.002625 
897 0.002506 
898 0.002058 
899 0.001683 
900 0.001610 
901 0.001816 
902 0.001999 
903 0.001961 
904 0.002001 
905 0.002093 
906 0.002131 
907 0.002304 
908 0.002447 
909 0.002281 
910 0.002093 
911 0.002072 
912 0.002037 
913 0.001965 
914 0.001942 
915 0.001879 
916 0.001772 
917 0.001660 
918 0.001519 
919 0.001343 
920 0.001050 
921 0.000856 
922 0.001054 
923 0.001429 
924 0.001501 
925 0.001246 
926 0.001047 
927 0.000961 
928 0.000680 
929 0.000398 
930 0.000471 
931 0.000542 
932 0.000284 
933 0.000053 
934 0.000151 
935 0.000355 
936 0.000210 
937 -0.000166 
938 -0.000371 
939 -0.000365 
940 -0.000480 
941 -0.000582 
942 -0.000334 
943 -0.000099 
944 -0.000308 
945 -0.000745 
946 -0.000914 
947 -0.000930 
948 -0.001032 
949 -0.001062 
950 -0.000850 
951 -0.000629 
952 -0.000586 
953 -0.000544 
954 -0.000465 
955 -0.000480 
956 -0.000658 
957 -0.000907 
958 -0.001070 
959 -0.001110 
960 -0.001056 
961 -0.000879 
962 -0.000694 
963 -0.000647 
964 -0.000618 
965 -0.000587 
966 -0.000730 
967 -0.001025 
968 -0.001161 
969 -0.001079 
970 -0.001046 
971 -0.001025 
972 -0.000885 
973 -0.000819 
974 -0.000939 
975 -0.001054 
976 -0.001021 
977 -0.000963 
978 -0.001029 
979 -0.001260 
980 -0.001382 
981 -0.001222 
982 -0.001009 
983 -0.000910 
984 -0.000946 
985 -0.001061 
986 -0.001083 
987 -0.000948 
988 -0.000834 
989 -0.000788 
990 -0.000787 
991 -0.000902 
992 -0.001069 
993 -0.000999 
994 -0.000725 
995 -0.000687 
996 -0.000877 
997 -0.000888 
998 -0.000684 
999 -0.000542 
1000 -0.000584 
1001 -0.000705 
1002 -0.000745 
1003 -0.000697 
1004 -0.000641 
1005 -0.000480 
1006 -0.000287 
1007 -0.000376 
1008 -0.000612 
1009 -0.000621 
1010 -0.000446 
1011 -0.000381 
1012 -0.000424 
1013 -0.000464 
1014 -0.000501 
1015 -0.000546 
1016 -0.000448 
1017 -0.000135 
1018 0.000067 
1019 -0.000132 
1020 -0.000437 
1021 -0.000447 
1022 -0.000271 
1023 -0.000226 
