0 0.490818 
1 0.544069 
2 0.642655 
3 0.460850 
4 0.469327 
5 0.513761 
6 0.623502 
7 0.503708 
8 0.482228 
9 0.568695 
10 0.584632 
11 0.524724 
12 0.460522 
13 0.591199 
14 0.499393 
15 0.532259 
16 0.426366 
17 0.567277 
18 0.519028 
19 0.561568 
20 0.441628 
21 0.559466 
22 0.537738 
23 0.496974 
24 0.410148 
25 0.531037 
26 0.515218 
27 0.469040 
28 0.421467 
29 0.500327 
30 0.547850 
31 0.459751 
32 0.503480 
33 0.498184 
34 0.530067 
35 0.337986 
36 0.467352 
37 0.464907 
38 0.491551 
39 0.340358 
40 0.446437 
41 0.439901 
42 0.492754 
43 0.372629 
44 0.413073 
45 0.400921 
46 0.477008 
47 0.377232 
48 0.372374 
49 0.360191 
50 0.354464 
51 0.335728 
52 0.346949 
53 0.388988 
54 0.391295 
55 0.338544 
56 0.359439 
57 0.352438 
58 0.382379 
59 0.218544 
60 0.404277 
61 0.290141 
62 0.374158 
63 0.139269 
64 0.372901 
65 0.201337 
66 0.369276 
67 0.128157 
68 0.347291 
69 0.241358 
70 0.364729 
71 0.119568 
72 0.265383 
73 0.199821 
74 0.273799 
75 0.210184 
76 0.222180 
77 0.220451 
78 0.158734 
79 0.184007 
80 0.130459 
81 0.249226 
82 0.174986 
83 0.183086 
84 0.157836 
85 0.173064 
86 0.130123 
87 0.074750 
88 0.174695 
89 0.132426 
90 0.189326 
91 0.061551 
92 0.150353 
93 0.097962 
94 0.171908 
95 0.086086 
96 0.079904 
97 0.048706 
98 0.088130 
99 0.126852 
100 0.007619 
101 0.130480 
102 0.059544 
103 0.202425 
104 -0.088213 
105 0.144992 
106 -0.038887 
107 0.152126 
108 -0.138101 
109 0.040791 
110 -0.025389 
111 0.124239 
112 -0.018908 
113 0.058322 
114 0.098654 
115 0.033654 
116 0.016732 
117 -0.034541 
118 0.054852 
119 -0.103607 
120 0.019875 
121 -0.096846 
122 0.085624 
123 -0.112448 
124 -0.018029 
125 -0.067957 
126 0.171406 
127 -0.007806 
128 -0.071926 
129 -0.015598 
130 0.029849 
131 -0.038234 
132 -0.206068 
133 -0.054026 
134 -0.062604 
135 -0.014602 
136 -0.182760 
137 -0.009713 
138 0.015709 
139 -0.011402 
140 -0.121022 
141 -0.040325 
142 -0.010272 
143 -0.098905 
144 -0.156921 
145 -0.163725 
146 -0.082610 
147 -0.163115 
148 -0.094112 
149 -0.144635 
150 0.009998 
151 -0.158963 
152 -0.057655 
153 -0.160396 
154 -0.054630 
155 -0.171292 
156 -0.115969 
157 -0.107704 
158 -0.110439 
159 -0.186791 
160 -0.273193 
161 -0.100314 
162 -0.120408 
163 -0.126622 
164 -0.205443 
165 -0.036420 
166 -0.185516 
167 -0.158930 
168 -0.275718 
169 -0.111575 
170 -0.186230 
171 -0.199671 
172 -0.300001 
173 -0.230705 
174 -0.149255 
175 -0.214770 
176 -0.125325 
177 -0.243714 
178 -0.122317 
179 -0.258044 
180 -0.169506 
181 -0.296761 
182 -0.160614 
183 -0.265589 
184 -0.296526 
185 -0.350609 
186 -0.200812 
187 -0.180961 
188 -0.260231 
189 -0.242056 
190 -0.269360 
191 -0.193173 
192 -0.327337 
193 -0.207738 
194 -0.280987 
195 -0.174512 
196 -0.379100 
197 -0.284302 
198 -0.322653 
199 -0.251769 
200 -0.282884 
201 -0.295122 
202 -0.207683 
203 -0.250350 
204 -0.233764 
205 -0.382786 
206 -0.206214 
207 -0.273512 
208 -0.222553 
209 -0.355849 
210 -0.265301 
211 -0.291495 
212 -0.284758 
213 -0.357568 
214 -0.289282 
215 -0.232717 
216 -0.313344 
217 -0.252755 
218 -0.269180 
219 -0.181609 
220 -0.333790 
221 -0.198278 
222 -0.304981 
223 -0.219170 
224 -0.345416 
225 -0.267677 
226 -0.315944 
227 -0.248035 
228 -0.316124 
229 -0.358532 
230 -0.211059 
231 -0.185390 
232 -0.221910 
233 -0.315743 
234 -0.199219 
235 -0.212531 
236 -0.223744 
237 -0.314171 
238 -0.197181 
239 -0.223198 
240 -0.275983 
241 -0.338399 
242 -0.200136 
243 -0.190101 
244 -0.238645 
245 -0.203350 
246 -0.160903 
247 -0.172005 
248 -0.236746 
249 -0.194843 
250 -0.152920 
251 -0.201553 
252 -0.241910 
253 -0.315506 
254 -0.192259 
255 -0.246878 
256 -0.173123 
257 -0.252620 
258 -0.112522 
259 -0.185158 
260 -0.134450 
261 -0.203827 
262 -0.068313 
263 -0.128600 
264 -0.182146 
265 -0.279692 
266 -0.184863 
267 -0.202168 
268 -0.160017 
269 -0.163454 
270 -0.154972 
271 -0.173328 
272 -0.163983 
273 -0.120035 
274 -0.125827 
275 -0.095178 
276 -0.175432 
277 -0.155308 
278 -0.189953 
279 -0.203220 
280 -0.197123 
281 -0.127914 
282 -0.089642 
283 -0.116309 
284 -0.150440 
285 -0.184462 
286 -0.130467 
287 -0.109432 
288 -0.151389 
289 -0.195641 
290 -0.118516 
291 -0.153636 
292 -0.154257 
293 -0.191452 
294 -0.123127 
295 -0.139511 
296 -0.092669 
297 -0.176468 
298 -0.179286 
299 -0.196456 
300 -0.158460 
301 -0.143027 
302 -0.119809 
303 -0.134616 
304 -0.087049 
305 -0.165294 
306 -0.201179 
307 -0.173007 
308 -0.140658 
309 -0.151654 
310 -0.130171 
311 -0.143455 
312 -0.176419 
313 -0.157009 
314 -0.081923 
315 -0.112314 
316 -0.161499 
317 -0.291883 
318 -0.118561 
319 -0.098846 
320 -0.075364 
321 -0.256193 
322 -0.090481 
323 -0.113327 
324 -0.088212 
325 -0.164484 
326 -0.092852 
327 -0.149073 
328 -0.160810 
329 -0.198329 
330 -0.141643 
331 -0.113667 
332 -0.130360 
333 -0.159228 
334 -0.096147 
335 -0.053019 
336 -0.127083 
337 -0.129879 
338 -0.119692 
339 -0.095281 
340 -0.138248 
341 -0.142261 
342 -0.054587 
343 -0.062159 
344 -0.036411 
345 -0.154282 
346 -0.006738 
347 -0.076532 
348 -0.037169 
349 -0.107054 
350 0.004923 
351 -0.047623 
352 -0.092816 
353 -0.088001 
354 -0.036522 
355 0.047133 
356 -0.021624 
357 0.017533 
358 -0.045541 
359 0.044295 
360 -0.074774 
361 0.026804 
362 -0.063404 
363 0.121771 
364 -0.004749 
365 0.023196 
366 -0.024894 
367 0.144983 
368 0.102951 
369 0.054451 
370 0.135175 
371 0.123044 
372 0.125936 
373 -0.008996 
374 0.061684 
375 0.050909 
376 0.155179 
377 0.085617 
378 0.156898 
379 0.123097 
380 0.164063 
381 0.168426 
382 0.258534 
383 0.205926 
384 0.176596 
385 0.164300 
386 0.140858 
387 0.179537 
388 0.181505 
389 0.207549 
390 0.154974 
391 0.245206 
392 0.241529 
393 0.259043 
394 0.299560 
395 0.303676 
396 0.305046 
397 0.216855 
398 0.274395 
399 0.260547 
400 0.287339 
401 0.212066 
402 0.276954 
403 0.284146 
404 0.287544 
405 0.285256 
406 0.356142 
407 0.369172 
408 0.369588 
409 0.319189 
410 0.310724 
411 0.331349 
412 0.321976 
413 0.301441 
414 0.296815 
415 0.408586 
416 0.346174 
417 0.347297 
418 0.337976 
419 0.429312 
420 0.362971 
421 0.326209 
422 0.340455 
423 0.430298 
424 0.373060 
425 0.274587 
426 0.304450 
427 0.439577 
428 0.398155 
429 0.384483 
430 0.403479 
431 0.457743 
432 0.410167 
433 0.362251 
434 0.355161 
435 0.399191 
436 0.360129 
437 0.320549 
438 0.313396 
439 0.411456 
440 0.330133 
441 0.396503 
442 0.352220 
443 0.509119 
444 0.423285 
445 0.441272 
446 0.331459 
447 0.417415 
448 0.329406 
449 0.302578 
450 0.326055 
451 0.397680 
452 0.329586 
453 0.339293 
454 0.373166 
455 0.427568 
456 0.405213 
457 0.364656 
458 0.424974 
459 0.392907 
460 0.364643 
461 0.261724 
462 0.401799 
463 0.360699 
464 0.347578 
465 0.260651 
466 0.330985 
467 0.409377 
468 0.400979 
469 0.345198 
470 0.316338 
471 0.419226 
472 0.388244 
473 0.324012 
474 0.320690 
475 0.359560 
476 0.352428 
477 0.309308 
478 0.316132 
479 0.328947 
480 0.352201 
481 0.333150 
482 0.361576 
483 0.367987 
484 0.368392 
485 0.303366 
486 0.328520 
487 0.318529 
488 0.359847 
489 0.361351 
490 0.304591 
491 0.328648 
492 0.297680 
493 0.341712 
494 0.238320 
495 0.422787 
496 0.345719 
497 0.410669 
498 0.271982 
499 0.391841 
500 0.301598 
501 0.351530 
502 0.243214 
503 0.366735 
504 0.341909 
505 0.315028 
506 0.257556 
507 0.331621 
508 0.386037 
509 0.326112 
510 0.391041 
511 0.314884 
512 0.386971 
513 0.225464 
514 0.333426 
515 0.321375 
516 0.437225 
517 0.257317 
518 0.278556 
519 0.316521 
520 0.363843 
521 0.296299 
522 0.273465 
523 0.337721 
524 0.352538 
525 0.319378 
526 0.297097 
527 0.373026 
528 0.341180 
529 0.289698 
530 0.256145 
531 0.359891 
532 0.303863 
533 0.293336 
534 0.291597 
535 0.361529 
536 0.349997 
537 0.269732 
538 0.323460 
539 0.328899 
540 0.390708 
541 0.229410 
542 0.275166 
543 0.268624 
544 0.322971 
545 0.256472 
546 0.267625 
547 0.295280 
548 0.346629 
549 0.294163 
550 0.243414 
551 0.313391 
552 0.317134 
553 0.255288 
554 0.209170 
555 0.341641 
556 0.253568 
557 0.296524 
558 0.178789 
559 0.326483 
560 0.222513 
561 0.324613 
562 0.236448 
563 0.341051 
564 0.193328 
565 0.212651 
566 0.223227 
567 0.296095 
568 0.208110 
569 0.200565 
570 0.220716 
571 0.244450 
572 0.229866 
573 0.179592 
574 0.220864 
575 0.241852 
576 0.269310 
577 0.142797 
578 0.222060 
579 0.251155 
580 0.226393 
581 0.106608 
582 0.131322 
583 0.256866 
584 0.239699 
585 0.201203 
586 0.115722 
587 0.202205 
588 0.160434 
589 0.174383 
590 0.186554 
591 0.182628 
592 0.172929 
593 0.152434 
594 0.160647 
595 0.095631 
596 0.193207 
597 0.145746 
598 0.215612 
599 0.092774 
600 0.221743 
601 0.060579 
602 0.201393 
603 0.045444 
604 0.224357 
605 0.061094 
606 0.141498 
607 0.064769 
608 0.195726 
609 0.128616 
610 0.071614 
611 0.142865 
612 0.102582 
613 0.117964 
614 0.028532 
615 0.149135 
616 0.063634 
617 0.160978 
618 0.017318 
619 0.160581 
620 0.125987 
621 0.193728 
622 0.017169 
623 0.105877 
624 0.060179 
625 0.078769 
626 0.004875 
627 0.012634 
628 0.103722 
629 0.067533 
630 0.089204 
631 0.061173 
632 0.135035 
633 0.017909 
634 0.029950 
635 0.094614 
636 0.118616 
637 0.005488 
638 -0.098306 
639 0.003763 
640 0.071746 
641 0.021564 
642 -0.056400 
643 0.057763 
644 0.092610 
645 0.047310 
646 -0.038271 
647 0.039920 
648 0.037616 
649 -0.005804 
650 -0.093738 
651 -0.091615 
652 0.052525 
653 -0.040776 
654 -0.058760 
655 -0.133601 
656 0.114458 
657 -0.065526 
658 0.003137 
659 -0.086114 
660 0.067946 
661 -0.131831 
662 -0.119887 
663 -0.174277 
664 -0.001214 
665 -0.127136 
666 -0.108578 
667 -0.136845 
668 -0.035055 
669 -0.176245 
670 -0.147170 
671 -0.074191 
672 -0.073484 
673 -0.152267 
674 -0.225632 
675 -0.164430 
676 -0.200506 
677 -0.176613 
678 -0.229027 
679 -0.178685 
680 -0.136911 
681 -0.201601 
682 -0.212112 
683 -0.216399 
684 -0.107223 
685 -0.220456 
686 -0.258575 
687 -0.312754 
688 -0.206189 
689 -0.301638 
690 -0.322738 
691 -0.328550 
692 -0.244273 
693 -0.281566 
694 -0.280442 
695 -0.278618 
696 -0.271512 
697 -0.227750 
698 -0.357468 
699 -0.322073 
700 -0.384484 
701 -0.282008 
702 -0.423090 
703 -0.321062 
704 -0.381244 
705 -0.329151 
706 -0.399300 
707 -0.405591 
708 -0.335674 
709 -0.350228 
710 -0.342272 
711 -0.469759 
712 -0.310627 
713 -0.465956 
714 -0.383860 
715 -0.523419 
716 -0.266339 
717 -0.506064 
718 -0.344292 
719 -0.571407 
720 -0.309815 
721 -0.446321 
722 -0.302014 
723 -0.506090 
724 -0.398651 
725 -0.440673 
726 -0.432386 
727 -0.478486 
728 -0.477197 
729 -0.438258 
730 -0.461017 
731 -0.455673 
732 -0.428701 
733 -0.426337 
734 -0.404752 
735 -0.494523 
736 -0.405920 
737 -0.469350 
738 -0.425109 
739 -0.504584 
740 -0.375904 
741 -0.452899 
742 -0.416786 
743 -0.560555 
744 -0.386494 
745 -0.467484 
746 -0.376598 
747 -0.482418 
748 -0.380029 
749 -0.482454 
750 -0.479017 
751 -0.403872 
752 -0.391093 
753 -0.335596 
754 -0.487033 
755 -0.410079 
756 -0.461440 
757 -0.308485 
758 -0.522499 
759 -0.436379 
760 -0.404191 
761 -0.356818 
762 -0.469568 
763 -0.407896 
764 -0.336222 
765 -0.333139 
766 -0.358088 
767 -0.425701 
768 -0.296794 
769 -0.395551 
770 -0.375664 
771 -0.491142 
772 -0.285897 
773 -0.443641 
774 -0.339799 
775 -0.444031 
776 -0.274673 
777 -0.371486 
778 -0.284654 
779 -0.394071 
780 -0.307150 
781 -0.385068 
782 -0.336526 
783 -0.396402 
784 -0.302102 
785 -0.323736 
786 -0.343459 
787 -0.417795 
788 -0.336386 
789 -0.295234 
790 -0.324512 
791 -0.330247 
792 -0.296559 
793 -0.343875 
794 -0.384842 
795 -0.421140 
796 -0.273670 
797 -0.352417 
798 -0.293320 
799 -0.454845 
800 -0.286173 
801 -0.346685 
802 -0.234279 
803 -0.375134 
804 -0.198707 
805 -0.337482 
806 -0.347119 
807 -0.519346 
808 -0.280449 
809 -0.426663 
810 -0.426385 
811 -0.543890 
812 -0.298640 
813 -0.245285 
814 -0.268871 
815 -0.297187 
816 -0.178140 
817 -0.225582 
818 -0.575425 
819 -0.543911 
820 -0.447449 
821 -0.300255 
822 -0.499319 
823 -0.567033 
824 -0.523783 
825 -0.324291 
826 -0.279859 
827 -0.353312 
828 -0.327440 
829 -0.376465 
830 -0.404237 
831 -0.522627 
832 -0.371085 
833 -0.488093 
834 -0.386509 
835 -0.592427 
836 -0.388114 
837 -0.529982 
838 -0.400487 
839 -0.558869 
840 -0.373134 
841 -0.423648 
842 -0.439884 
843 -0.522540 
844 -0.478720 
845 -0.445193 
846 -0.557998 
847 -0.554553 
848 -0.475134 
849 -0.482769 
850 -0.532889 
851 -0.542105 
852 -0.420750 
853 -0.510809 
854 -0.518041 
855 -0.613788 
856 -0.459721 
857 -0.597332 
858 -0.478711 
859 -0.672558 
860 -0.433568 
861 -0.611630 
862 -0.458685 
863 -0.698759 
864 -0.415935 
865 -0.538370 
866 -0.464039 
867 -0.641956 
868 -0.565082 
869 -0.577686 
870 -0.543583 
871 -0.538663 
872 -0.581887 
873 -0.468237 
874 -0.570054 
875 -0.540070 
876 -0.589996 
877 -0.496517 
878 -0.564945 
879 -0.509289 
880 -0.608438 
881 -0.607052 
882 -0.587108 
883 -0.563316 
884 -0.515122 
885 -0.490143 
886 -0.424542 
887 -0.575228 
888 -0.472754 
889 -0.539187 
890 -0.420877 
891 -0.596704 
892 -0.507449 
893 -0.566182 
894 -0.481335 
895 -0.598539 
896 -0.479743 
897 -0.463328 
898 -0.414642 
899 -0.471613 
900 -0.428039 
901 -0.443414 
902 -0.393473 
903 -0.426377 
904 -0.456004 
905 -0.482943 
906 -0.460882 
907 -0.491983 
908 -0.391910 
909 -0.413086 
910 -0.346570 
911 -0.453368 
912 -0.273628 
913 -0.383302 
914 -0.215454 
915 -0.442380 
916 -0.282133 
917 -0.379103 
918 -0.227119 
919 -0.466188 
920 -0.312543 
921 -0.312692 
922 -0.202107 
923 -0.334191 
924 -0.194215 
925 -0.241719 
926 -0.197397 
927 -0.289372 
928 -0.208072 
929 -0.204449 
930 -0.204973 
931 -0.229735 
932 -0.195792 
933 -0.080454 
934 -0.189227 
935 -0.172057 
936 -0.131827 
937 -0.035705 
938 -0.076723 
939 -0.167435 
940 -0.119388 
941 -0.098100 
942 -0.041931 
943 -0.169637 
944 -0.077611 
945 -0.029472 
946 0.014964 
947 -0.020360 
948 0.003549 
949 0.064043 
950 0.020595 
951 0.034811 
952 0.045226 
953 0.108759 
954 -0.001889 
955 0.020820 
956 -0.023122 
957 0.094418 
958 0.023223 
959 0.210173 
960 0.119744 
961 0.195991 
962 0.098980 
963 0.198337 
964 0.180944 
965 0.182874 
966 0.188161 
967 0.089771 
968 0.219137 
969 0.112946 
970 0.245422 
971 0.121105 
972 0.300743 
973 0.191364 
974 0.318096 
975 0.186138 
976 0.366016 
977 0.318622 
978 0.318329 
979 0.166466 
980 0.314053 
981 0.351612 
982 0.299966 
983 0.224770 
984 0.274348 
985 0.403757 
986 0.358472 
987 0.344601 
988 0.324360 
989 0.397174 
990 0.436266 
991 0.329393 
992 0.397931 
993 0.346333 
994 0.489384 
995 0.297782 
996 0.425491 
997 0.338139 
998 0.571277 
999 0.369705 
1000 0.457481 
1001 0.343574 
1002 0.518197 
1003 0.416035 
1004 0.551997 
1005 0.469751 
1006 0.520214 
1007 0.383870 
1008 0.437133 
1009 0.457990 
1010 0.472434 
1011 0.459019 
1012 0.465119 
1013 0.550383 
1014 0.527687 
1015 0.522301 
1016 0.483357 
1017 0.528779 
1018 0.592226 
1019 0.493470 
1020 0.449361 
1021 0.438055 
1022 0.568294 
1023 0.474805 
