0 0.016433 
1 0.000567 
2 -0.024928 
3 -0.032614 
4 -0.009646 
5 -0.000413 
6 0.003994 
7 0.027673 
8 0.054633 
9 0.007857 
10 -0.014471 
11 -0.052267 
12 -0.020674 
13 -0.054868 
14 -0.002657 
15 -0.006576 
16 0.048973 
17 0.015430 
18 0.027577 
19 0.000238 
20 0.013065 
21 0.009331 
22 -0.015578 
23 -0.038955 
24 -0.034779 
25 0.014225 
26 0.015128 
27 0.026491 
28 0.012006 
29 0.001071 
30 -0.026949 
31 0.010397 
32 0.030183 
33 0.021977 
34 -0.010734 
35 0.007738 
36 -0.001779 
37 -0.004660 
38 -0.022039 
39 0.004275 
40 0.007496 
41 0.018229 
42 0.015791 
43 -0.002497 
44 0.025174 
45 0.027004 
46 0.037298 
47 -0.038562 
48 -0.033675 
49 -0.027924 
50 0.043130 
51 0.028849 
52 0.039966 
53 0.005666 
54 -0.005808 
55 -0.015480 
56 -0.013732 
57 0.010434 
58 0.019040 
59 0.022940 
60 -0.009101 
61 0.003672 
62 0.024758 
63 0.024945 
64 -0.014796 
65 -0.032285 
66 0.002186 
67 0.020663 
68 0.014007 
69 0.033708 
70 0.065218 
71 0.050478 
72 -0.011474 
73 -0.048336 
74 -0.055147 
75 -0.033814 
76 0.016504 
77 0.021040 
78 0.039814 
79 0.018392 
80 0.075852 
81 0.017792 
82 0.033811 
83 -0.023873 
84 0.015917 
85 -0.062624 
86 -0.026836 
87 -0.033420 
88 0.035492 
89 0.041968 
90 0.053056 
91 0.008835 
92 -0.012842 
93 0.021473 
94 0.021057 
95 0.015057 
96 -0.012839 
97 0.030301 
98 -0.021263 
99 -0.036006 
100 -0.047205 
101 0.021996 
102 0.003874 
103 0.018271 
104 0.017279 
105 0.041094 
106 0.028069 
107 0.025768 
108 0.018360 
109 -0.032032 
110 -0.027367 
111 -0.071910 
112 0.002134 
113 -0.012469 
114 0.086258 
115 -0.002586 
116 0.044776 
117 -0.034165 
118 0.012012 
119 -0.074971 
120 -0.004475 
121 0.003888 
122 0.025501 
123 0.011535 
124 0.037375 
125 0.051561 
126 -0.024231 
127 -0.023633 
128 -0.053551 
129 -0.049760 
130 -0.091084 
131 -0.006500 
132 0.051374 
133 0.068562 
134 0.026630 
135 0.008660 
136 0.005088 
137 -0.019761 
138 -0.016927 
139 -0.039905 
140 -0.022576 
141 -0.050439 
142 0.000481 
143 -0.010518 
144 0.035409 
145 -0.013131 
146 0.006183 
147 -0.030814 
148 0.025384 
149 -0.009176 
150 0.020300 
151 0.011596 
152 0.001095 
153 -0.055029 
154 -0.072669 
155 -0.014799 
156 -0.040066 
157 -0.017868 
158 -0.021086 
159 0.072910 
160 0.019151 
161 0.021974 
162 -0.017654 
163 0.013500 
164 -0.030646 
165 -0.032333 
166 -0.030686 
167 -0.033440 
168 -0.024798 
169 -0.007084 
170 0.029099 
171 -0.010675 
172 -0.021164 
173 -0.041308 
174 -0.010048 
175 0.013943 
176 0.045771 
177 0.042391 
178 0.024253 
179 -0.006734 
180 -0.041211 
181 -0.078835 
182 -0.071941 
183 -0.041528 
184 -0.021092 
185 -0.004779 
186 0.024707 
187 0.069611 
188 0.061054 
189 0.074904 
190 0.005596 
191 -0.049830 
192 -0.120931 
193 -0.047563 
194 -0.032424 
195 -0.003799 
196 -0.009968 
197 0.037183 
198 0.020597 
199 -0.009665 
200 0.004794 
201 0.020999 
202 0.019941 
203 -0.031422 
204 -0.038030 
205 -0.036336 
206 -0.004937 
207 0.023245 
208 0.016109 
209 -0.000666 
210 -0.028286 
211 -0.010333 
212 -0.007333 
213 0.021476 
214 0.006983 
215 -0.004878 
216 -0.028714 
217 -0.015876 
218 -0.031063 
219 -0.017405 
220 0.031912 
221 0.065180 
222 0.012931 
223 -0.000766 
224 0.001719 
225 0.020022 
226 -0.041029 
227 -0.029740 
228 -0.036062 
229 -0.014167 
230 -0.011286 
231 0.050682 
232 0.056384 
233 0.028468 
234 0.001963 
235 -0.017434 
236 -0.022105 
237 -0.038724 
238 -0.009556 
239 0.010656 
240 0.033255 
241 0.033313 
242 0.018543 
243 0.002376 
244 -0.004190 
245 -0.017486 
246 -0.033853 
247 -0.021323 
248 0.004917 
249 0.011053 
250 0.044904 
251 0.067185 
252 0.052607 
253 -0.021524 
254 -0.034609 
255 -0.011073 
256 -0.012645 
257 -0.006067 
258 0.002780 
259 0.036227 
260 -0.011563 
261 0.007596 
262 0.001495 
263 0.028520 
264 -0.012384 
265 0.019693 
266 0.018565 
267 0.013386 
268 0.006665 
269 0.023309 
270 0.029597 
271 -0.019200 
272 -0.023766 
273 -0.038909 
274 0.006715 
275 0.004996 
276 0.033834 
277 0.019921 
278 0.040887 
279 0.005034 
280 -0.007353 
281 -0.024133 
282 0.037083 
283 0.049889 
284 0.023829 
285 -0.037968 
286 -0.032999 
287 -0.012428 
288 -0.009567 
289 -0.018044 
290 -0.032972 
291 -0.002634 
292 0.027241 
293 0.091573 
294 0.068849 
295 0.051440 
296 0.023310 
297 0.001844 
298 -0.071427 
299 -0.118317 
300 -0.054373 
301 -0.017518 
302 0.037228 
303 0.002817 
304 0.084129 
305 0.054587 
306 0.088712 
307 0.000116 
308 0.011032 
309 -0.032597 
310 -0.012176 
311 -0.058765 
312 -0.035706 
313 -0.003779 
314 0.020324 
315 -0.001335 
316 -0.014888 
317 0.007146 
318 0.022474 
319 0.036564 
320 0.056094 
321 0.034053 
322 -0.000604 
323 -0.013459 
324 0.000499 
325 -0.040065 
326 -0.052610 
327 -0.028309 
328 0.022387 
329 -0.016609 
330 0.018084 
331 0.038893 
332 0.081263 
333 -0.020116 
334 -0.000174 
335 -0.045951 
336 0.016462 
337 -0.034916 
338 0.038053 
339 0.008145 
340 0.041948 
341 -0.019983 
342 -0.029852 
343 -0.042669 
344 -0.001284 
345 0.018892 
346 -0.005273 
347 0.019998 
348 0.012874 
349 0.039439 
350 0.018239 
351 0.026633 
352 -0.035925 
353 -0.067346 
354 -0.044480 
355 -0.004339 
356 -0.000922 
357 0.011402 
358 0.067948 
359 0.048590 
360 -0.015331 
361 -0.055157 
362 -0.019564 
363 -0.004506 
364 0.008250 
365 0.002987 
366 0.007013 
367 -0.010184 
368 0.016804 
369 0.005276 
370 -0.003675 
371 -0.034751 
372 -0.021262 
373 -0.031570 
374 -0.017843 
375 0.026469 
376 0.043097 
377 0.044479 
378 -0.014559 
379 -0.017828 
380 -0.064015 
381 -0.007315 
382 -0.006437 
383 0.021789 
384 -0.032729 
385 0.003532 
386 0.000858 
387 -0.003920 
388 -0.024575 
389 0.003785 
390 0.013523 
391 0.001860 
392 0.001927 
393 0.012592 
394 0.001162 
395 -0.012962 
396 -0.035961 
397 -0.026094 
398 -0.046815 
399 -0.014375 
400 -0.003301 
401 0.037820 
402 0.031404 
403 0.039513 
404 -0.006922 
405 -0.033954 
406 -0.060912 
407 -0.034805 
408 -0.037568 
409 0.001648 
410 -0.003492 
411 0.050442 
412 0.033156 
413 0.058660 
414 -0.029129 
415 -0.018590 
416 -0.054786 
417 -0.018291 
418 -0.078673 
419 -0.015408 
420 0.017715 
421 0.054763 
422 -0.010399 
423 -0.014251 
424 -0.013630 
425 0.031009 
426 0.021033 
427 0.022403 
428 -0.033794 
429 -0.022556 
430 -0.020648 
431 0.004488 
432 -0.047608 
433 -0.029887 
434 -0.026128 
435 -0.008139 
436 -0.016571 
437 0.038205 
438 0.078786 
439 0.069331 
440 0.015820 
441 -0.026907 
442 -0.068951 
443 -0.063089 
444 -0.041809 
445 -0.003660 
446 -0.036397 
447 0.009255 
448 -0.002637 
449 0.040630 
450 -0.006278 
451 0.053105 
452 0.012200 
453 0.027101 
454 -0.016857 
455 0.017942 
456 -0.019344 
457 -0.003105 
458 -0.028260 
459 -0.042749 
460 -0.078263 
461 -0.039188 
462 0.001522 
463 0.047759 
464 0.067847 
465 0.081781 
466 0.030671 
467 0.004338 
468 0.001557 
469 -0.011443 
470 -0.066588 
471 -0.075567 
472 -0.042749 
473 -0.000183 
474 0.021958 
475 0.039581 
476 0.021143 
477 0.030445 
478 0.005658 
479 0.021822 
480 -0.037618 
481 0.011180 
482 0.012571 
483 0.057083 
484 -0.022247 
485 -0.027212 
486 -0.052076 
487 -0.017464 
488 -0.006908 
489 -0.003561 
490 0.012385 
491 0.026370 
492 0.073423 
493 0.022111 
494 0.014637 
495 -0.003738 
496 0.024049 
497 -0.044094 
498 -0.044909 
499 -0.018662 
500 0.035518 
501 0.027537 
502 0.026968 
503 0.005204 
504 -0.011944 
505 -0.021007 
506 -0.009493 
507 -0.006770 
508 0.018746 
509 0.049438 
510 0.059660 
511 0.022975 
512 -0.006671 
513 -0.005702 
514 -0.013485 
515 -0.035171 
516 -0.048044 
517 -0.022111 
518 0.025813 
519 0.043207 
520 0.060532 
521 0.021057 
522 0.029381 
523 -0.030958 
524 -0.008561 
525 -0.042268 
526 0.049060 
527 0.002690 
528 0.014449 
529 -0.034108 
530 0.043022 
531 0.010508 
532 0.003147 
533 -0.029556 
534 0.001912 
535 -0.013473 
536 0.015413 
537 0.027990 
538 0.053082 
539 0.005217 
540 -0.003620 
541 -0.046224 
542 -0.035072 
543 -0.036264 
544 0.045825 
545 0.044634 
546 0.035852 
547 -0.004349 
548 0.017003 
549 -0.004445 
550 -0.015583 
551 -0.039210 
552 -0.020115 
553 -0.012357 
554 0.027549 
555 0.004629 
556 0.035399 
557 0.014555 
558 0.045148 
559 -0.051433 
560 -0.033448 
561 -0.049173 
562 0.029704 
563 -0.006302 
564 0.043822 
565 0.009136 
566 0.006728 
567 -0.032426 
568 -0.005389 
569 -0.019937 
570 -0.017734 
571 0.010652 
572 0.040859 
573 0.004587 
574 -0.021515 
575 0.004049 
576 0.022805 
577 -0.023470 
578 -0.060208 
579 -0.047865 
580 0.000191 
581 0.044189 
582 0.037690 
583 0.016323 
584 0.006480 
585 0.011402 
586 -0.021887 
587 -0.053166 
588 -0.025172 
589 -0.011627 
590 0.012835 
591 -0.003985 
592 0.023869 
593 -0.023829 
594 0.017557 
595 0.006411 
596 0.020852 
597 -0.033085 
598 0.004921 
599 0.028264 
600 0.004543 
601 -0.013885 
602 -0.012388 
603 0.000685 
604 -0.069798 
605 -0.046933 
606 -0.004559 
607 0.047844 
608 0.020857 
609 0.027635 
610 0.019031 
611 0.010983 
612 -0.002608 
613 -0.009383 
614 -0.020748 
615 -0.027110 
616 -0.019682 
617 -0.021016 
618 -0.006106 
619 0.019596 
620 0.009038 
621 -0.028194 
622 -0.036052 
623 -0.013472 
624 0.013543 
625 0.031275 
626 0.054693 
627 0.038018 
628 -0.003689 
629 -0.011574 
630 -0.028455 
631 -0.042674 
632 -0.070094 
633 -0.002410 
634 -0.006669 
635 0.016730 
636 -0.020978 
637 0.060007 
638 0.038561 
639 0.052962 
640 -0.025510 
641 -0.014407 
642 -0.033321 
643 0.011094 
644 -0.004181 
645 -0.009430 
646 -0.026212 
647 -0.010857 
648 -0.030462 
649 -0.021219 
650 -0.015732 
651 0.042093 
652 0.049718 
653 0.068374 
654 0.005666 
655 -0.009387 
656 -0.031316 
657 0.001736 
658 -0.042138 
659 -0.055340 
660 -0.052902 
661 0.003567 
662 0.012123 
663 0.049305 
664 0.056879 
665 0.057232 
666 -0.034004 
667 -0.022697 
668 -0.036786 
669 0.027281 
670 -0.023222 
671 0.029640 
672 -0.031022 
673 0.000915 
674 -0.055534 
675 0.010714 
676 -0.014311 
677 0.032420 
678 -0.002402 
679 0.033741 
680 0.023258 
681 0.062066 
682 0.023723 
683 0.007141 
684 -0.054937 
685 -0.046158 
686 -0.081188 
687 -0.023805 
688 0.009816 
689 0.064358 
690 0.033571 
691 0.045275 
692 0.018838 
693 -0.007111 
694 -0.034431 
695 -0.001667 
696 -0.007757 
697 -0.030955 
698 -0.031649 
699 0.019454 
700 0.013255 
701 0.021960 
702 -0.006383 
703 -0.001101 
704 -0.043224 
705 0.016926 
706 0.024581 
707 0.039621 
708 -0.002304 
709 0.001955 
710 -0.020700 
711 -0.034712 
712 -0.022609 
713 -0.024846 
714 0.004534 
715 0.027611 
716 0.054104 
717 0.007334 
718 -0.001792 
719 0.012114 
720 0.008736 
721 -0.046568 
722 -0.060518 
723 -0.016839 
724 0.011305 
725 0.022137 
726 0.035462 
727 0.028574 
728 0.022609 
729 -0.017636 
730 -0.027264 
731 -0.053824 
732 0.003553 
733 0.020775 
734 0.013377 
735 -0.021261 
736 0.007088 
737 0.013690 
738 -0.005340 
739 -0.029320 
740 -0.016533 
741 -0.009052 
742 0.017421 
743 0.030182 
744 0.044939 
745 0.003914 
746 0.008966 
747 -0.037766 
748 -0.037215 
749 -0.062351 
750 0.002134 
751 -0.003018 
752 0.033211 
753 0.021323 
754 0.016756 
755 -0.015519 
756 0.013575 
757 0.014013 
758 0.010941 
759 -0.034636 
760 -0.011920 
761 -0.009295 
762 0.029733 
763 0.010873 
764 0.017450 
765 -0.049282 
766 -0.041938 
767 -0.025229 
768 0.024316 
769 0.023669 
770 0.036361 
771 0.047028 
772 0.012357 
773 -0.019088 
774 -0.038502 
775 -0.014998 
776 0.003592 
777 0.009683 
778 -0.001824 
779 -0.033158 
780 0.025384 
781 0.045674 
782 0.041279 
783 -0.058793 
784 -0.037126 
785 -0.025692 
786 0.041993 
787 0.023027 
788 0.056075 
789 0.009894 
790 0.017544 
791 -0.026507 
792 -0.030011 
793 -0.065923 
794 -0.019819 
795 -0.009819 
796 0.033001 
797 0.008177 
798 0.063641 
799 0.043793 
800 0.041394 
801 -0.025372 
802 -0.014392 
803 -0.042854 
804 -0.026930 
805 -0.028089 
806 -0.001423 
807 -0.004172 
808 0.029595 
809 0.013621 
810 -0.003901 
811 -0.031649 
812 0.032355 
813 0.027451 
814 0.047154 
815 -0.006977 
816 0.012822 
817 -0.038375 
818 -0.010108 
819 -0.031775 
820 -0.020153 
821 -0.032762 
822 0.007757 
823 0.041368 
824 0.056268 
825 0.043270 
826 0.006830 
827 -0.025328 
828 -0.032724 
829 -0.028274 
830 -0.030788 
831 -0.018973 
832 0.029796 
833 0.035582 
834 0.010921 
835 -0.009336 
836 -0.011770 
837 -0.024773 
838 -0.035114 
839 -0.005118 
840 -0.006672 
841 0.011553 
842 0.018314 
843 0.059361 
844 0.026445 
845 -0.010174 
846 -0.033344 
847 -0.046108 
848 -0.060470 
849 -0.025415 
850 0.034225 
851 0.055585 
852 0.037991 
853 0.014316 
854 -0.026826 
855 -0.026338 
856 -0.029597 
857 0.016162 
858 -0.021359 
859 0.010404 
860 -0.005777 
861 0.037318 
862 0.001403 
863 0.021256 
864 -0.032815 
865 -0.023657 
866 -0.017278 
867 0.011962 
868 -0.029000 
869 0.017535 
870 0.059141 
871 0.049614 
872 -0.065033 
873 -0.062638 
874 -0.017697 
875 0.018748 
876 -0.026050 
877 0.004169 
878 0.050128 
879 0.061174 
880 0.007826 
881 -0.029464 
882 -0.021545 
883 -0.030543 
884 -0.027080 
885 -0.034038 
886 -0.009575 
887 0.036046 
888 0.042857 
889 0.044210 
890 -0.013007 
891 -0.006997 
892 -0.056237 
893 0.008678 
894 -0.006994 
895 0.026577 
896 -0.044396 
897 0.007378 
898 -0.007003 
899 0.000927 
900 -0.022354 
901 0.029692 
902 0.026798 
903 -0.006908 
904 0.005695 
905 0.062794 
906 0.069713 
907 -0.012351 
908 -0.049129 
909 -0.060800 
910 -0.086006 
911 -0.142145 
912 -0.042254 
913 0.072865 
914 0.149677 
915 0.065443 
916 0.065371 
917 0.052808 
918 0.018455 
919 -0.086610 
920 -0.084156 
921 -0.043990 
922 -0.009381 
923 -0.060658 
924 -0.087290 
925 0.021504 
926 0.095358 
927 0.083183 
928 -0.002770 
929 -0.007467 
930 -0.012339 
931 0.024636 
932 0.053093 
933 0.022201 
934 -0.017465 
935 -0.051478 
936 -0.011352 
937 -0.031331 
938 -0.021999 
939 -0.025676 
940 0.029765 
941 0.050750 
942 0.068409 
943 0.021279 
944 -0.025423 
945 -0.010324 
946 0.015453 
947 -0.012687 
948 -0.064423 
949 -0.030973 
950 0.018361 
951 0.019110 
952 -0.006059 
953 -0.000530 
954 -0.004830 
955 0.004797 
956 0.003422 
957 0.043903 
958 0.028513 
959 0.045486 
960 0.005827 
961 -0.000310 
962 -0.047784 
963 -0.024832 
964 -0.053074 
965 -0.046675 
966 -0.042877 
967 0.004923 
968 0.040249 
969 0.068717 
970 0.079606 
971 0.038970 
972 -0.003026 
973 -0.035396 
974 -0.042506 
975 -0.035886 
976 -0.008432 
977 0.008779 
978 -0.025506 
979 -0.045886 
980 -0.013189 
981 0.013897 
982 0.014267 
983 0.011392 
984 0.034882 
985 0.022204 
986 0.019812 
987 0.014225 
988 0.012146 
989 -0.019092 
990 -0.058022 
991 -0.075195 
992 -0.079082 
993 -0.006398 
994 0.027416 
995 0.051401 
996 0.005223 
997 0.026051 
998 0.010115 
999 0.010269 
1000 -0.008056 
1001 -0.015341 
1002 -0.007069 
1003 -0.023197 
1004 -0.012814 
1005 -0.045689 
1006 -0.006261 
1007 -0.004184 
1008 0.012190 
1009 -0.051339 
1010 -0.019899 
1011 0.019992 
1012 0.064885 
1013 0.030915 
1014 0.026561 
1015 -0.025754 
1016 -0.049703 
1017 -0.070456 
1018 -0.012215 
1019 -0.016666 
1020 0.009005 
1021 0.003849 
1022 0.028877 
1023 0.004799 
