0 0.307854 
1 -0.213115 
2 0.000947 
3 0.045814 
4 0.072931 
5 0.008762 
6 -0.064841 
7 0.031718 
8 -0.162716 
9 0.064426 
10 0.046858 
11 -0.019679 
12 0.050070 
13 -0.025664 
14 -0.107963 
15 0.055358 
16 0.008873 
17 -0.031549 
18 0.091402 
19 -0.028383 
20 -0.118694 
21 0.149125 
22 -0.137717 
23 0.046092 
24 0.100250 
25 -0.098218 
26 0.016550 
27 0.084516 
28 -0.164262 
29 0.092557 
30 0.069819 
31 -0.101676 
32 0.147990 
33 -0.024330 
34 -0.052927 
35 0.059578 
36 -0.006514 
37 -0.037402 
38 0.114011 
39 -0.094538 
40 0.036105 
41 -0.042358 
42 -0.031939 
43 0.034969 
44 0.033004 
45 -0.070152 
46 0.071741 
47 -0.023023 
48 -0.116260 
49 0.209688 
50 -0.164345 
51 0.078239 
52 0.046625 
53 -0.122057 
54 0.041718 
55 0.044186 
56 -0.099659 
57 0.047124 
58 0.076544 
59 -0.150687 
60 0.145844 
61 -0.021247 
62 -0.108207 
63 0.181869 
64 -0.140554 
65 0.036436 
66 0.076211 
67 -0.055267 
68 -0.079157 
69 0.141173 
70 -0.177205 
71 0.080035 
72 0.043596 
73 -0.106077 
74 0.020630 
75 0.082136 
76 -0.193602 
77 0.158120 
78 -0.010322 
79 -0.086008 
80 0.126236 
81 -0.079107 
82 0.004762 
83 0.067322 
84 -0.059778 
85 -0.014329 
86 0.046424 
87 -0.082773 
88 0.054421 
89 -0.006410 
90 -0.075634 
91 0.068560 
92 -0.078037 
93 -0.012852 
94 0.044389 
95 -0.024744 
96 -0.033276 
97 0.067202 
98 -0.058583 
99 0.006355 
100 0.044345 
101 -0.058722 
102 0.024901 
103 -0.012784 
104 -0.002466 
105 0.011620 
106 -0.005396 
107 0.021445 
108 -0.051951 
109 0.107018 
110 -0.058303 
111 0.101759 
112 -0.017034 
113 -0.029081 
114 0.093026 
115 -0.046861 
116 0.006154 
117 0.089741 
118 -0.077172 
119 -0.015660 
120 0.034281 
121 -0.036805 
122 -0.065627 
123 0.173418 
124 -0.262889 
125 0.179420 
126 -0.049007 
127 -0.076612 
128 0.136780 
129 -0.074403 
130 -0.034596 
131 0.104496 
132 -0.046851 
133 -0.020128 
134 0.096076 
135 -0.054738 
136 -0.050797 
137 0.111195 
138 -0.068977 
139 -0.002440 
140 0.086897 
141 -0.110431 
142 0.059320 
143 0.047180 
144 -0.087928 
145 0.096574 
146 -0.002181 
147 -0.100080 
148 0.138915 
149 -0.122809 
150 0.013466 
151 0.004254 
152 -0.049701 
153 -0.074563 
154 0.151511 
155 -0.151821 
156 0.068174 
157 0.045884 
158 -0.098960 
159 0.048745 
160 0.100010 
161 -0.160463 
162 0.177214 
163 -0.064312 
164 -0.092418 
165 0.168959 
166 -0.106579 
167 0.006348 
168 0.064629 
169 -0.081048 
170 -0.040517 
171 0.135943 
172 -0.178440 
173 0.114896 
174 -0.010921 
175 -0.096692 
176 0.059549 
177 0.026569 
178 -0.121590 
179 0.109558 
180 -0.065978 
181 -0.070131 
182 0.103017 
183 -0.031631 
184 -0.103967 
185 0.194304 
186 -0.181914 
187 0.088436 
188 0.079129 
189 -0.077389 
190 0.107653 
191 0.020794 
192 -0.055616 
193 0.087475 
194 0.021107 
195 -0.054117 
196 0.073161 
197 -0.023194 
198 -0.062442 
199 0.068633 
200 -0.008907 
201 -0.090577 
202 0.146663 
203 -0.139760 
204 0.038492 
205 0.064418 
206 -0.079456 
207 -0.004596 
208 0.080141 
209 -0.091469 
210 0.072421 
211 0.021227 
212 -0.081458 
213 0.070667 
214 -0.013923 
215 -0.040614 
216 0.104232 
217 -0.021498 
218 -0.006686 
219 0.038893 
220 -0.006840 
221 -0.016383 
222 0.126296 
223 -0.064542 
224 0.015396 
225 0.090276 
226 -0.117117 
227 0.058878 
228 0.032688 
229 -0.122263 
230 0.072716 
231 -0.024730 
232 -0.107628 
233 0.107229 
234 -0.066632 
235 -0.074494 
236 0.092951 
237 -0.042582 
238 -0.023280 
239 0.092312 
240 -0.081350 
241 -0.000109 
242 0.048670 
243 -0.053330 
244 0.034835 
245 0.072669 
246 -0.129133 
247 0.083955 
248 -0.018066 
249 -0.026447 
250 0.063150 
251 -0.002555 
252 -0.077755 
253 0.102783 
254 -0.063291 
255 -0.044115 
256 0.097427 
257 -0.082712 
258 -0.043122 
259 0.076553 
260 -0.101147 
261 -0.028998 
262 0.101207 
263 -0.204187 
264 0.101234 
265 0.001082 
266 -0.105294 
267 0.099765 
268 -0.026479 
269 -0.069740 
270 0.127137 
271 -0.054459 
272 -0.034265 
273 0.118091 
274 -0.114841 
275 0.023630 
276 0.098322 
277 -0.119838 
278 0.076389 
279 0.018411 
280 -0.128792 
281 0.137593 
282 -0.051356 
283 -0.000489 
284 0.035365 
285 0.021858 
286 -0.160458 
287 0.190483 
288 -0.180990 
289 0.117131 
290 -0.031252 
291 -0.038058 
292 0.005511 
293 0.021949 
294 -0.062309 
295 0.072979 
296 -0.017118 
297 0.013420 
298 0.005477 
299 0.064589 
300 -0.069899 
301 0.129637 
302 -0.067827 
303 0.040841 
304 0.067059 
305 -0.038684 
306 0.008264 
307 0.033541 
308 -0.061153 
309 0.022928 
310 0.055284 
311 -0.078956 
312 0.060070 
313 -0.027804 
314 -0.042319 
315 0.042045 
316 0.032571 
317 -0.055400 
318 0.074338 
319 -0.068698 
320 0.002609 
321 0.031499 
322 -0.011963 
323 -0.011891 
324 0.071241 
325 -0.075960 
326 0.052996 
327 0.014909 
328 -0.022747 
329 0.038445 
330 -0.000032 
331 -0.037056 
332 0.054711 
333 -0.017370 
334 -0.020318 
335 0.012636 
336 0.003779 
337 -0.057958 
338 0.038439 
339 -0.038449 
340 -0.031830 
341 0.001577 
342 -0.046947 
343 0.015753 
344 -0.008649 
345 0.002328 
346 -0.058629 
347 0.063408 
348 -0.101854 
349 0.106352 
350 -0.084692 
351 0.045776 
352 -0.020790 
353 -0.012235 
354 -0.023873 
355 0.040440 
356 -0.043192 
357 0.020649 
358 -0.016547 
359 -0.006637 
360 -0.003704 
361 0.026467 
362 -0.045807 
363 -0.015256 
364 0.026857 
365 -0.076687 
366 0.050256 
367 -0.018986 
368 -0.037949 
369 0.002029 
370 -0.020278 
371 -0.029217 
372 0.035770 
373 -0.045099 
374 -0.012503 
375 0.009515 
376 -0.024505 
377 -0.022250 
378 0.085592 
379 -0.107315 
380 0.095166 
381 -0.027978 
382 -0.017958 
383 0.049746 
384 0.026815 
385 -0.119306 
386 0.096899 
387 -0.059048 
388 -0.031791 
389 0.089166 
390 -0.085710 
391 0.037437 
392 0.027246 
393 -0.054141 
394 0.068814 
395 0.008252 
396 -0.039187 
397 0.063364 
398 -0.036025 
399 -0.016213 
400 0.075531 
401 -0.057324 
402 0.013843 
403 0.052257 
404 -0.067392 
405 0.063588 
406 -0.004967 
407 -0.021858 
408 -0.004762 
409 0.068954 
410 -0.075184 
411 0.112639 
412 -0.054570 
413 -0.000502 
414 0.020682 
415 0.003661 
416 -0.011439 
417 0.043185 
418 -0.028675 
419 -0.023715 
420 0.022434 
421 -0.061741 
422 0.024082 
423 0.031157 
424 -0.069591 
425 0.053789 
426 0.017713 
427 -0.063020 
428 0.099658 
429 -0.052418 
430 -0.018397 
431 0.057793 
432 -0.024002 
433 -0.060486 
434 0.095978 
435 -0.117660 
436 0.037527 
437 0.013779 
438 -0.022588 
439 0.030308 
440 0.027977 
441 -0.086995 
442 0.079937 
443 -0.071094 
444 -0.002890 
445 0.017602 
446 -0.036195 
447 -0.057838 
448 0.045882 
449 -0.067840 
450 -0.001893 
451 0.029924 
452 -0.093582 
453 0.018930 
454 -0.011613 
455 -0.027599 
456 0.005640 
457 0.000582 
458 -0.026744 
459 0.006843 
460 0.032239 
461 -0.048946 
462 0.054917 
463 -0.014961 
464 -0.052526 
465 0.055859 
466 -0.052432 
467 0.006474 
468 0.004650 
469 -0.025320 
470 -0.017282 
471 0.064321 
472 -0.089378 
473 0.065236 
474 -0.026382 
475 -0.024079 
476 0.027303 
477 -0.013625 
478 -0.024376 
479 -0.009511 
480 -0.000711 
481 -0.072391 
482 0.080955 
483 -0.044538 
484 0.018775 
485 0.015329 
486 -0.011183 
487 -0.038500 
488 0.080403 
489 -0.037039 
490 0.030608 
491 0.041083 
492 -0.066750 
493 0.042384 
494 0.027683 
495 -0.066164 
496 0.069612 
497 -0.030313 
498 -0.043327 
499 0.045643 
500 -0.024043 
501 -0.035997 
502 0.047498 
503 -0.033816 
504 -0.031793 
505 0.115257 
506 -0.080645 
507 0.059440 
508 0.007488 
509 -0.036696 
510 0.029176 
511 0.063633 
512 -0.135730 
513 0.154907 
514 -0.091861 
515 -0.001941 
516 0.071975 
517 -0.028669 
518 -0.013792 
519 0.076454 
520 -0.084240 
521 0.049103 
522 0.034216 
523 -0.052794 
524 0.009220 
525 0.022702 
526 -0.078745 
527 0.039988 
528 0.005988 
529 -0.079144 
530 0.049505 
531 -0.018495 
532 -0.082502 
533 0.113734 
534 -0.071429 
535 -0.037551 
536 0.086738 
537 -0.064802 
538 -0.007997 
539 0.120562 
540 -0.132419 
541 0.079714 
542 0.006783 
543 -0.082457 
544 0.079560 
545 -0.015321 
546 -0.062431 
547 0.041892 
548 -0.017536 
549 -0.065389 
550 0.126631 
551 -0.123625 
552 0.032123 
553 0.049431 
554 -0.107687 
555 0.068753 
556 -0.001057 
557 -0.085613 
558 0.052572 
559 -0.040903 
560 -0.064285 
561 0.074815 
562 -0.041730 
563 -0.049241 
564 0.070612 
565 -0.068597 
566 0.047297 
567 0.022003 
568 0.004031 
569 0.000038 
570 0.015874 
571 0.000102 
572 -0.017576 
573 0.075755 
574 -0.075606 
575 0.047389 
576 0.008986 
577 -0.047347 
578 0.037590 
579 0.000710 
580 -0.046243 
581 0.058585 
582 -0.001482 
583 -0.063123 
584 0.111916 
585 -0.098402 
586 0.010021 
587 0.024340 
588 0.005932 
589 -0.030936 
590 0.073517 
591 -0.110274 
592 0.043201 
593 0.000343 
594 -0.027927 
595 0.025469 
596 0.035407 
597 -0.066143 
598 0.083638 
599 -0.048978 
600 0.021462 
601 0.042235 
602 -0.022116 
603 -0.028942 
604 0.080639 
605 -0.074970 
606 0.051675 
607 -0.036946 
608 0.004626 
609 -0.058731 
610 0.066178 
611 -0.054180 
612 0.024406 
613 0.028849 
614 -0.070009 
615 0.065939 
616 -0.013626 
617 0.018902 
618 0.008066 
619 0.028979 
620 -0.053857 
621 0.071872 
622 -0.071285 
623 0.027646 
624 0.009166 
625 -0.040401 
626 -0.017611 
627 0.071595 
628 -0.118501 
629 0.099652 
630 -0.068881 
631 0.005387 
632 -0.008602 
633 0.077388 
634 -0.125322 
635 0.113317 
636 -0.075061 
637 -0.013713 
638 0.032734 
639 -0.031796 
640 -0.011327 
641 0.037874 
642 -0.074307 
643 0.025717 
644 0.021352 
645 -0.051005 
646 0.044916 
647 -0.005631 
648 -0.028987 
649 0.047350 
650 0.039334 
651 -0.104689 
652 0.136090 
653 -0.106492 
654 -0.004571 
655 0.077472 
656 -0.071106 
657 0.017569 
658 0.023125 
659 -0.090924 
660 0.057925 
661 0.005152 
662 -0.028654 
663 0.066783 
664 0.007417 
665 -0.075890 
666 0.131701 
667 -0.118487 
668 0.073684 
669 -0.008643 
670 -0.047284 
671 0.030081 
672 0.005004 
673 -0.047993 
674 0.027118 
675 0.007183 
676 -0.029966 
677 0.062927 
678 -0.014703 
679 0.004932 
680 0.030825 
681 -0.021958 
682 0.015746 
683 0.051835 
684 -0.028403 
685 0.040143 
686 -0.036494 
687 0.014580 
688 -0.013490 
689 0.047166 
690 -0.055419 
691 0.065375 
692 -0.024635 
693 -0.013041 
694 0.031551 
695 0.049737 
696 -0.070870 
697 0.100003 
698 -0.069292 
699 0.001468 
700 0.035449 
701 -0.051272 
702 -0.017445 
703 0.033604 
704 -0.081418 
705 0.046480 
706 -0.002745 
707 -0.048808 
708 0.060641 
709 -0.041010 
710 0.027269 
711 0.034272 
712 0.018776 
713 -0.070508 
714 0.108372 
715 -0.106397 
716 0.066245 
717 -0.016254 
718 -0.029547 
719 -0.001729 
720 -0.009119 
721 -0.051022 
722 0.038918 
723 0.003777 
724 -0.031830 
725 0.027123 
726 -0.030538 
727 0.002568 
728 0.040862 
729 -0.053997 
730 0.050944 
731 -0.048815 
732 0.050709 
733 -0.072727 
734 0.043150 
735 -0.030166 
736 -0.048004 
737 0.032018 
738 -0.056210 
739 0.012297 
740 0.014862 
741 -0.025332 
742 -0.019554 
743 0.057146 
744 -0.087443 
745 0.065956 
746 -0.028022 
747 -0.033892 
748 0.037664 
749 -0.038937 
750 0.003520 
751 0.011921 
752 -0.034663 
753 0.022252 
754 0.015956 
755 0.014328 
756 0.013826 
757 0.041064 
758 -0.054984 
759 0.079256 
760 -0.020391 
761 0.018985 
762 0.027989 
763 0.032930 
764 -0.096798 
765 0.058919 
766 -0.033644 
767 -0.035863 
768 0.088592 
769 -0.087223 
770 0.047567 
771 -0.012314 
772 -0.028625 
773 0.030572 
774 0.035332 
775 -0.051745 
776 0.065740 
777 0.003685 
778 -0.055200 
779 0.081642 
780 -0.044016 
781 -0.027753 
782 0.065713 
783 -0.026406 
784 -0.031186 
785 0.096835 
786 -0.091654 
787 0.050314 
788 0.022326 
789 -0.014753 
790 0.032346 
791 0.048081 
792 -0.107021 
793 0.117211 
794 -0.080366 
795 0.012624 
796 0.008028 
797 -0.041702 
798 -0.011363 
799 0.062211 
800 -0.082274 
801 0.038157 
802 0.025858 
803 -0.094103 
804 0.081619 
805 0.007264 
806 -0.016031 
807 0.058218 
808 -0.018933 
809 -0.066340 
810 0.075616 
811 -0.045956 
812 -0.036444 
813 0.072605 
814 -0.102541 
815 -0.007938 
816 0.034457 
817 -0.107925 
818 0.113909 
819 -0.037694 
820 -0.041076 
821 0.059705 
822 0.010521 
823 -0.106282 
824 0.128680 
825 -0.110141 
826 -0.009895 
827 0.053998 
828 -0.050653 
829 -0.052196 
830 0.110013 
831 -0.144640 
832 0.049572 
833 0.006988 
834 -0.029718 
835 0.011043 
836 0.039029 
837 -0.085424 
838 0.067649 
839 -0.044734 
840 -0.006183 
841 0.030491 
842 -0.009418 
843 -0.014994 
844 0.014381 
845 -0.039301 
846 -0.063393 
847 0.022488 
848 -0.053981 
849 0.031385 
850 0.045960 
851 -0.034259 
852 0.002669 
853 0.020255 
854 -0.059321 
855 0.064208 
856 0.015648 
857 -0.026908 
858 0.021280 
859 -0.051697 
860 -0.044098 
861 0.082957 
862 -0.032150 
863 0.030656 
864 0.058095 
865 -0.057215 
866 0.037557 
867 0.071590 
868 -0.072572 
869 0.094756 
870 -0.006791 
871 -0.066710 
872 0.067971 
873 -0.019400 
874 -0.031619 
875 0.050124 
876 -0.035102 
877 -0.032304 
878 0.024120 
879 0.005662 
880 -0.087764 
881 0.101780 
882 -0.080284 
883 0.003551 
884 0.057987 
885 -0.054704 
886 -0.013477 
887 0.064989 
888 -0.087220 
889 0.052408 
890 0.021626 
891 -0.096821 
892 0.056303 
893 -0.010758 
894 -0.023710 
895 0.017228 
896 0.053812 
897 -0.119720 
898 0.131889 
899 -0.071754 
900 -0.015478 
901 0.130204 
902 -0.127034 
903 0.046168 
904 -0.049232 
905 0.002451 
906 -0.058120 
907 0.130571 
908 -0.162881 
909 0.142188 
910 -0.047491 
911 -0.022543 
912 0.108631 
913 -0.063150 
914 0.004916 
915 0.045690 
916 -0.032833 
917 0.016463 
918 0.044852 
919 -0.089681 
920 0.042224 
921 -0.033507 
922 -0.058526 
923 0.028244 
924 -0.008582 
925 -0.099985 
926 0.038760 
927 -0.059815 
928 -0.082613 
929 0.113551 
930 -0.115293 
931 0.022886 
932 0.052049 
933 -0.111992 
934 0.107051 
935 -0.025598 
936 -0.074252 
937 0.073448 
938 0.018545 
939 -0.162953 
940 0.160021 
941 -0.052541 
942 -0.025329 
943 0.108409 
944 -0.062014 
945 -0.042621 
946 0.074276 
947 -0.070856 
948 0.025277 
949 0.064193 
950 -0.075835 
951 0.008907 
952 0.016041 
953 -0.151878 
954 0.157960 
955 -0.034757 
956 0.022566 
957 0.121168 
958 -0.106731 
959 -0.026317 
960 0.055752 
961 -0.058579 
962 0.008048 
963 0.096752 
964 -0.122889 
965 0.034277 
966 0.039721 
967 -0.110386 
968 0.075689 
969 0.022735 
970 -0.150132 
971 0.121081 
972 -0.094015 
973 0.038052 
974 0.051934 
975 -0.016529 
976 -0.076755 
977 0.150570 
978 -0.056262 
979 0.086523 
980 0.022962 
981 -0.116044 
982 0.004335 
983 0.046925 
984 -0.071516 
985 0.086432 
986 0.003462 
987 -0.047184 
988 0.021372 
989 -0.046180 
990 0.006283 
991 0.117788 
992 0.010708 
993 -0.070007 
994 0.029406 
995 -0.029146 
996 -0.039323 
997 -0.049755 
998 -0.026180 
999 -0.032305 
1000 0.008765 
1001 -0.065516 
1002 0.022565 
1003 -0.112008 
1004 0.070086 
1005 -0.019023 
1006 -0.010566 
1007 0.156132 
1008 0.008495 
1009 -0.239658 
1010 0.066804 
1011 0.113377 
1012 -0.123353 
1013 -0.084275 
1014 0.229261 
1015 -0.096973 
1016 -0.099446 
1017 0.250246 
1018 -0.040402 
1019 -0.082918 
1020 0.141093 
1021 -0.176312 
1022 0.225643 
1023 0.623489 
