0 -0.000015 
1 -0.000018 
2 -0.000259 
3 -0.000145 
4 0.000131 
5 0.000064 
6 -0.000092 
7 0.000052 
8 0.000196 
9 0.000057 
10 -0.000089 
11 -0.000042 
12 -0.000060 
13 -0.000243 
14 -0.000313 
15 -0.000180 
16 -0.000061 
17 -0.000084 
18 -0.000141 
19 -0.000063 
20 0.000152 
21 0.000350 
22 0.000411 
23 0.000298 
24 0.000119 
25 0.000095 
26 0.000181 
27 0.000098 
28 -0.000215 
29 -0.000471 
30 -0.000380 
31 -0.000087 
32 0.000012 
33 -0.000086 
34 -0.000011 
35 0.000208 
36 0.000202 
37 0.000053 
38 0.000131 
39 0.000228 
40 -0.000007 
41 -0.000185 
42 0.000008 
43 0.000111 
44 -0.000210 
45 -0.000422 
46 -0.000136 
47 0.000122 
48 -0.000109 
49 -0.000284 
50 0.000196 
51 0.000774 
52 0.000589 
53 0.000038 
54 0.000012 
55 0.000257 
56 -0.000131 
57 -0.000829 
58 -0.000697 
59 0.000131 
60 0.000361 
61 0.000001 
62 0.000225 
63 0.000922 
64 0.000918 
65 0.000212 
66 -0.000238 
67 -0.000282 
68 -0.000371 
69 -0.000399 
70 -0.000078 
71 0.000361 
72 0.000651 
73 0.000863 
74 0.001036 
75 0.000875 
76 0.000398 
77 0.000046 
78 -0.000058 
79 -0.000200 
80 -0.000346 
81 -0.000221 
82 0.000148 
83 0.000515 
84 0.000653 
85 0.000612 
86 0.000559 
87 0.000367 
88 0.000044 
89 -0.000001 
90 0.000118 
91 -0.000073 
92 -0.000167 
93 0.000379 
94 0.000913 
95 0.000736 
96 0.000368 
97 0.000255 
98 0.000089 
99 -0.000132 
100 -0.000174 
101 -0.000131 
102 -0.000019 
103 0.000434 
104 0.001071 
105 0.001211 
106 0.000815 
107 0.000585 
108 0.000698 
109 0.000713 
110 0.000323 
111 -0.000100 
112 0.000040 
113 0.000692 
114 0.001093 
115 0.000975 
116 0.000895 
117 0.000942 
118 0.000747 
119 0.000368 
120 -0.000014 
121 -0.000399 
122 -0.000656 
123 -0.000393 
124 0.000221 
125 0.000513 
126 0.000640 
127 0.001017 
128 0.001163 
129 0.000760 
130 0.000120 
131 -0.000185 
132 0.000036 
133 0.000134 
134 -0.000160 
135 -0.000300 
136 0.000095 
137 0.000785 
138 0.001076 
139 0.000925 
140 0.000963 
141 0.001009 
142 0.000737 
143 0.000313 
144 0.000028 
145 -0.000022 
146 -0.000183 
147 -0.000244 
148 0.000488 
149 0.001339 
150 0.001096 
151 0.000463 
152 0.000766 
153 0.001439 
154 0.000929 
155 -0.000228 
156 -0.000300 
157 0.000426 
158 0.000622 
159 0.000144 
160 -0.000046 
161 0.000418 
162 0.000672 
163 0.000380 
164 0.000432 
165 0.000816 
166 0.000498 
167 -0.000228 
168 -0.000315 
169 -0.000029 
170 -0.000340 
171 -0.000876 
172 -0.000916 
173 -0.000588 
174 -0.000171 
175 0.000101 
176 0.000296 
177 0.000429 
178 0.000146 
179 -0.000342 
180 -0.000128 
181 0.000475 
182 0.000062 
183 -0.001138 
184 -0.000988 
185 0.000517 
186 0.000865 
187 -0.000339 
188 -0.001026 
189 -0.000373 
190 0.000218 
191 -0.000380 
192 -0.001221 
193 -0.001133 
194 -0.000442 
195 -0.000123 
196 -0.000109 
197 0.000132 
198 -0.000040 
199 -0.000750 
200 -0.000170 
201 0.001028 
202 0.000506 
203 -0.000634 
204 -0.000268 
205 0.000754 
206 0.000735 
207 -0.000076 
208 -0.000324 
209 0.000016 
210 0.000072 
211 -0.000059 
212 -0.000249 
213 -0.000496 
214 -0.000584 
215 -0.000231 
216 0.000700 
217 0.000968 
218 -0.000152 
219 -0.000735 
220 0.000296 
221 0.000931 
222 0.000098 
223 -0.000863 
224 -0.001237 
225 -0.002005 
226 -0.002830 
227 -0.001996 
228 -0.000504 
229 -0.000441 
230 -0.000802 
231 -0.000040 
232 0.001164 
233 0.001205 
234 -0.000035 
235 -0.001047 
236 -0.000970 
237 -0.001112 
238 -0.001943 
239 -0.001446 
240 -0.000103 
241 -0.000630 
242 -0.001927 
243 -0.001731 
244 -0.001211 
245 -0.001641 
246 -0.001528 
247 -0.000279 
248 0.000294 
249 0.000077 
250 0.000752 
251 0.001400 
252 0.000380 
253 -0.001017 
254 -0.001146 
255 -0.000733 
256 -0.001575 
257 -0.002599 
258 -0.001231 
259 0.001171 
260 0.000981 
261 -0.001086 
262 -0.000841 
263 0.001747 
264 0.001860 
265 -0.001388 
266 -0.002359 
267 0.000949 
268 0.003092 
269 0.001109 
270 -0.000656 
271 0.000730 
272 0.001961 
273 0.000665 
274 -0.000756 
275 -0.000475 
276 0.000085 
277 -0.000267 
278 -0.000664 
279 -0.000288 
280 -0.000556 
281 -0.002051 
282 -0.002901 
283 -0.002114 
284 -0.001371 
285 -0.001322 
286 -0.000958 
287 0.000485 
288 0.002098 
289 0.002583 
290 0.001997 
291 0.000813 
292 -0.000530 
293 -0.001745 
294 -0.003074 
295 -0.004440 
296 -0.004593 
297 -0.002354 
298 0.000397 
299 0.000706 
300 0.000068 
301 0.000911 
302 0.001641 
303 0.000593 
304 -0.000334 
305 -0.000003 
306 0.000315 
307 0.000180 
308 0.000508 
309 0.000999 
310 0.000689 
311 -0.000189 
312 -0.000734 
313 -0.000686 
314 -0.000724 
315 -0.000727 
316 -0.000158 
317 0.001210 
318 0.001739 
319 0.000544 
320 0.000187 
321 0.002127 
322 0.002681 
323 0.000064 
324 -0.002280 
325 -0.002476 
326 -0.002505 
327 -0.002702 
328 -0.002045 
329 -0.001719 
330 -0.002520 
331 -0.002290 
332 -0.000684 
333 0.000370 
334 0.000198 
335 -0.000737 
336 -0.001903 
337 -0.002216 
338 -0.001070 
339 0.000131 
340 0.000116 
341 -0.000404 
342 -0.000244 
343 0.000535 
344 0.001243 
345 0.000904 
346 -0.000550 
347 -0.001829 
348 -0.001674 
349 -0.001625 
350 -0.003060 
351 -0.003799 
352 -0.001596 
353 0.001519 
354 0.002301 
355 0.001398 
356 0.001732 
357 0.003021 
358 0.002436 
359 -0.000302 
360 -0.002653 
361 -0.002940 
362 -0.002637 
363 -0.002347 
364 -0.001041 
365 0.000849 
366 0.001727 
367 0.001494 
368 0.000417 
369 -0.001984 
370 -0.004065 
371 -0.003183 
372 -0.001388 
373 -0.002285 
374 -0.003006 
375 0.000324 
376 0.003906 
377 0.002837 
378 -0.000144 
379 -0.001246 
380 -0.001450 
381 -0.002927 
382 -0.004523 
383 -0.003847 
384 -0.001638 
385 0.000342 
386 0.002070 
387 0.004178 
388 0.004813 
389 0.002900 
390 0.000919 
391 0.000693 
392 -0.000413 
393 -0.002887 
394 -0.002912 
395 -0.000027 
396 0.001900 
397 0.001238 
398 0.001051 
399 0.002537 
400 0.002561 
401 0.000253 
402 -0.002103 
403 -0.003358 
404 -0.003386 
405 -0.001270 
406 0.001824 
407 0.001722 
408 -0.000879 
409 0.000315 
410 0.004127 
411 0.002846 
412 -0.002994 
413 -0.005353 
414 -0.002608 
415 -0.000701 
416 -0.001689 
417 -0.002065 
418 -0.000677 
419 0.000776 
420 0.000325 
421 -0.001171 
422 -0.000466 
423 0.001342 
424 0.000464 
425 -0.000844 
426 0.000689 
427 0.002208 
428 0.001001 
429 0.000254 
430 0.001814 
431 0.002113 
432 0.000682 
433 -0.000014 
434 -0.000692 
435 -0.002501 
436 -0.002727 
437 -0.000197 
438 0.001983 
439 0.002087 
440 0.002595 
441 0.004020 
442 0.004037 
443 0.001716 
444 -0.000656 
445 -0.001358 
446 -0.001339 
447 -0.001223 
448 -0.000669 
449 0.000687 
450 0.002704 
451 0.002877 
452 -0.000008 
453 -0.001871 
454 -0.000567 
455 0.000395 
456 -0.001507 
457 -0.003923 
458 -0.002928 
459 0.000473 
460 0.001105 
461 -0.001188 
462 -0.002254 
463 -0.000345 
464 0.000864 
465 -0.001411 
466 -0.002412 
467 0.001103 
468 0.004426 
469 0.003392 
470 0.000944 
471 0.001165 
472 0.002176 
473 0.000664 
474 -0.001804 
475 -0.002826 
476 -0.002481 
477 -0.001836 
478 -0.001273 
479 -0.000441 
480 0.000955 
481 0.002697 
482 0.003466 
483 0.002540 
484 0.001715 
485 0.002002 
486 0.000662 
487 -0.002867 
488 -0.004763 
489 -0.003871 
490 -0.002931 
491 -0.002576 
492 -0.001029 
493 0.001565 
494 0.004042 
495 0.005066 
496 0.002974 
497 -0.000349 
498 -0.000805 
499 -0.000229 
500 -0.002946 
501 -0.006313 
502 -0.005040 
503 -0.000410 
504 0.002153 
505 0.000348 
506 -0.002594 
507 -0.001306 
508 0.002156 
509 0.000634 
510 -0.004150 
511 -0.004262 
512 -0.000254 
513 -0.000294 
514 -0.003337 
515 -0.001851 
516 0.001726 
517 0.000978 
518 -0.000975 
519 0.000727 
520 0.002435 
521 0.000681 
522 -0.001100 
523 -0.000492 
524 -0.000720 
525 -0.003039 
526 -0.003995 
527 -0.002379 
528 -0.000856 
529 -0.001058 
530 -0.001706 
531 -0.000730 
532 0.001883 
533 0.004233 
534 0.004895 
535 0.003538 
536 0.001418 
537 0.001043 
538 0.001953 
539 0.001011 
540 -0.002588 
541 -0.005572 
542 -0.004545 
543 -0.001147 
544 0.000100 
545 -0.000824 
546 0.000090 
547 0.002458 
548 0.002297 
549 0.000606 
550 0.001335 
551 0.002203 
552 -0.000377 
553 -0.002235 
554 -0.000136 
555 0.001069 
556 -0.002056 
557 -0.004094 
558 -0.001209 
559 0.001309 
560 -0.000993 
561 -0.002714 
562 0.001806 
563 0.007158 
564 0.005290 
565 0.000097 
566 -0.000093 
567 0.002240 
568 -0.001238 
569 -0.007489 
570 -0.006224 
571 0.001174 
572 0.003181 
573 -0.000023 
574 0.001805 
575 0.007651 
576 0.007546 
577 0.001662 
578 -0.002002 
579 -0.002333 
580 -0.003055 
581 -0.003269 
582 -0.000722 
583 0.002706 
584 0.004955 
585 0.006571 
586 0.007829 
587 0.006600 
588 0.003057 
589 0.000383 
590 -0.000492 
591 -0.001513 
592 -0.002523 
593 -0.001690 
594 0.000851 
595 0.003415 
596 0.004403 
597 0.004111 
598 0.003738 
599 0.002473 
600 0.000359 
601 0.000002 
602 0.000677 
603 -0.000545 
604 -0.001077 
605 0.002253 
606 0.005367 
607 0.004207 
608 0.002077 
609 0.001530 
610 0.000601 
611 -0.000722 
612 -0.000978 
613 -0.000695 
614 -0.000053 
615 0.002350 
616 0.005652 
617 0.006267 
618 0.004094 
619 0.002853 
620 0.003435 
621 0.003532 
622 0.001599 
623 -0.000469 
624 0.000246 
625 0.003390 
626 0.005240 
627 0.004565 
628 0.004050 
629 0.004188 
630 0.003314 
631 0.001640 
632 -0.000071 
633 -0.001776 
634 -0.002868 
635 -0.001698 
636 0.000946 
637 0.002184 
638 0.002702 
639 0.004245 
640 0.004815 
641 0.003109 
642 0.000488 
643 -0.000729 
644 0.000068 
645 0.000318 
646 -0.000799 
647 -0.001137 
648 0.000492 
649 0.003008 
650 0.003985 
651 0.003417 
652 0.003494 
653 0.003506 
654 0.002454 
655 0.000992 
656 0.000029 
657 -0.000167 
658 -0.000680 
659 -0.000802 
660 0.001612 
661 0.004315 
662 0.003519 
663 0.001535 
664 0.002424 
665 0.004374 
666 0.002771 
667 -0.000678 
668 -0.000895 
669 0.001182 
670 0.001763 
671 0.000470 
672 -0.000050 
673 0.001195 
674 0.001861 
675 0.001013 
676 0.001052 
677 0.002027 
678 0.001274 
679 -0.000494 
680 -0.000666 
681 0.000086 
682 -0.000671 
683 -0.002060 
684 -0.002291 
685 -0.001567 
686 -0.000554 
687 0.000111 
688 0.000605 
689 0.001008 
690 0.000464 
691 -0.000610 
692 -0.000138 
693 0.001151 
694 0.000157 
695 -0.002529 
696 -0.002245 
697 0.000961 
698 0.001735 
699 -0.000708 
700 -0.002052 
701 -0.000675 
702 0.000517 
703 -0.000709 
704 -0.002390 
705 -0.002197 
706 -0.000834 
707 -0.000221 
708 -0.000196 
709 0.000270 
710 -0.000027 
711 -0.001331 
712 -0.000322 
713 0.001776 
714 0.000819 
715 -0.001172 
716 -0.000486 
717 0.001362 
718 0.001411 
719 0.000054 
720 -0.000424 
721 0.000051 
722 0.000082 
723 -0.000180 
724 -0.000518 
725 -0.000909 
726 -0.000999 
727 -0.000370 
728 0.001132 
729 0.001585 
730 -0.000070 
731 -0.000936 
732 0.000516 
733 0.001352 
734 0.000114 
735 -0.001266 
736 -0.001793 
737 -0.002805 
738 -0.003835 
739 -0.002635 
740 -0.000611 
741 -0.000503 
742 -0.000962 
743 0.000019 
744 0.001555 
745 0.001594 
746 -0.000005 
747 -0.001307 
748 -0.001208 
749 -0.001337 
750 -0.002316 
751 -0.001731 
752 -0.000151 
753 -0.000736 
754 -0.002186 
755 -0.001911 
756 -0.001283 
757 -0.001742 
758 -0.001631 
759 -0.000300 
760 0.000300 
761 0.000076 
762 0.000794 
763 0.001437 
764 0.000335 
765 -0.001087 
766 -0.001162 
767 -0.000717 
768 -0.001560 
769 -0.002558 
770 -0.001187 
771 0.001163 
772 0.000986 
773 -0.000975 
774 -0.000769 
775 0.001585 
776 0.001647 
777 -0.001306 
778 -0.002151 
779 0.000816 
780 0.002695 
781 0.000959 
782 -0.000544 
783 0.000665 
784 0.001694 
785 0.000576 
786 -0.000625 
787 -0.000407 
788 0.000034 
789 -0.000247 
790 -0.000546 
791 -0.000239 
792 -0.000447 
793 -0.001580 
794 -0.002204 
795 -0.001606 
796 -0.001048 
797 -0.000997 
798 -0.000714 
799 0.000337 
800 0.001480 
801 0.001801 
802 0.001358 
803 0.000509 
804 -0.000415 
805 -0.001205 
806 -0.002063 
807 -0.002940 
808 -0.003004 
809 -0.001515 
810 0.000257 
811 0.000437 
812 0.000020 
813 0.000528 
814 0.000948 
815 0.000297 
816 -0.000229 
817 0.000015 
818 0.000219 
819 0.000124 
820 0.000291 
821 0.000547 
822 0.000343 
823 -0.000163 
824 -0.000454 
825 -0.000396 
826 -0.000391 
827 -0.000385 
828 -0.000084 
829 0.000640 
830 0.000915 
831 0.000277 
832 0.000061 
833 0.001014 
834 0.001289 
835 0.000021 
836 -0.001097 
837 -0.001191 
838 -0.001218 
839 -0.001318 
840 -0.001002 
841 -0.000824 
842 -0.001150 
843 -0.001015 
844 -0.000286 
845 0.000173 
846 0.000079 
847 -0.000353 
848 -0.000879 
849 -0.001019 
850 -0.000527 
851 -0.000006 
852 0.000019 
853 -0.000153 
854 -0.000060 
855 0.000246 
856 0.000491 
857 0.000317 
858 -0.000270 
859 -0.000763 
860 -0.000697 
861 -0.000661 
862 -0.001148 
863 -0.001350 
864 -0.000510 
865 0.000588 
866 0.000816 
867 0.000465 
868 0.000558 
869 0.000964 
870 0.000733 
871 -0.000178 
872 -0.000917 
873 -0.000969 
874 -0.000835 
875 -0.000716 
876 -0.000294 
877 0.000284 
878 0.000531 
879 0.000433 
880 0.000083 
881 -0.000635 
882 -0.001225 
883 -0.000946 
884 -0.000425 
885 -0.000664 
886 -0.000828 
887 0.000121 
888 0.001084 
889 0.000758 
890 -0.000050 
891 -0.000337 
892 -0.000395 
893 -0.000778 
894 -0.001163 
895 -0.000968 
896 -0.000408 
897 0.000082 
898 0.000508 
899 0.001008 
900 0.001141 
901 0.000674 
902 0.000202 
903 0.000139 
904 -0.000116 
905 -0.000662 
906 -0.000653 
907 -0.000010 
908 0.000407 
909 0.000261 
910 0.000219 
911 0.000525 
912 0.000521 
913 0.000040 
914 -0.000438 
915 -0.000680 
916 -0.000671 
917 -0.000250 
918 0.000343 
919 0.000322 
920 -0.000168 
921 0.000047 
922 0.000729 
923 0.000482 
924 -0.000551 
925 -0.000953 
926 -0.000465 
927 -0.000131 
928 -0.000295 
929 -0.000355 
930 -0.000124 
931 0.000114 
932 0.000034 
933 -0.000215 
934 -0.000102 
935 0.000193 
936 0.000067 
937 -0.000132 
938 0.000093 
939 0.000318 
940 0.000137 
941 0.000019 
942 0.000235 
943 0.000278 
944 0.000079 
945 -0.000021 
946 -0.000118 
947 -0.000359 
948 -0.000383 
949 -0.000046 
950 0.000237 
951 0.000250 
952 0.000316 
953 0.000494 
954 0.000488 
955 0.000192 
956 -0.000106 
957 -0.000198 
958 -0.000198 
959 -0.000179 
960 -0.000104 
961 0.000061 
962 0.000297 
963 0.000317 
964 -0.000013 
965 -0.000228 
966 -0.000089 
967 0.000012 
968 -0.000198 
969 -0.000453 
970 -0.000336 
971 0.000031 
972 0.000097 
973 -0.000140 
974 -0.000243 
975 -0.000047 
976 0.000068 
977 -0.000167 
978 -0.000264 
979 0.000088 
980 0.000416 
981 0.000315 
982 0.000080 
983 0.000101 
984 0.000194 
985 0.000046 
986 -0.000186 
987 -0.000277 
988 -0.000243 
989 -0.000184 
990 -0.000132 
991 -0.000054 
992 0.000073 
993 0.000227 
994 0.000292 
995 0.000204 
996 0.000125 
997 0.000147 
998 0.000032 
999 -0.000264 
1000 -0.000417 
1001 -0.000336 
1002 -0.000258 
1003 -0.000229 
1004 -0.000100 
1005 0.000111 
1006 0.000307 
1007 0.000388 
1008 0.000220 
1009 -0.000049 
1010 -0.000085 
1011 -0.000034 
1012 -0.000246 
1013 -0.000512 
1014 -0.000408 
1015 -0.000040 
1016 0.000159 
1017 0.000008 
1018 -0.000230 
1019 -0.000127 
1020 0.000150 
1021 0.000028 
1022 -0.000347 
1023 -0.000344 
