0 0.000291 
1 0.000114 
2 -0.000063 
3 -0.000217 
4 -0.000329 
5 -0.000364 
6 -0.000310 
7 -0.000195 
8 -0.000065 
9 0.000045 
10 0.000116 
11 0.000137 
12 0.000129 
13 0.000091 
14 0.000064 
15 0.000046 
16 0.000016 
17 -0.000058 
18 -0.000190 
19 -0.000342 
20 -0.000441 
21 -0.000430 
22 -0.000285 
23 -0.000024 
24 0.000284 
25 0.000549 
26 0.000671 
27 0.000580 
28 0.000294 
29 -0.000095 
30 -0.000465 
31 -0.000713 
32 -0.000780 
33 -0.000638 
34 -0.000319 
35 0.000075 
36 0.000441 
37 0.000708 
38 0.000830 
39 0.000798 
40 0.000609 
41 0.000294 
42 -0.000097 
43 -0.000456 
44 -0.000680 
45 -0.000711 
46 -0.000550 
47 -0.000226 
48 0.000192 
49 0.000586 
50 0.000857 
51 0.000900 
52 0.000683 
53 0.000239 
54 -0.000293 
55 -0.000721 
56 -0.000890 
57 -0.000723 
58 -0.000310 
59 0.000160 
60 0.000531 
61 0.000698 
62 0.000650 
63 0.000473 
64 0.000247 
65 0.000046 
66 -0.000105 
67 -0.000166 
68 -0.000120 
69 0.000017 
70 0.000163 
71 0.000231 
72 0.000232 
73 0.000199 
74 0.000193 
75 0.000250 
76 0.000364 
77 0.000520 
78 0.000631 
79 0.000562 
80 0.000305 
81 -0.000047 
82 -0.000357 
83 -0.000521 
84 -0.000459 
85 -0.000177 
86 0.000255 
87 0.000718 
88 0.001064 
89 0.001145 
90 0.000921 
91 0.000486 
92 -0.000001 
93 -0.000423 
94 -0.000696 
95 -0.000716 
96 -0.000469 
97 0.000001 
98 0.000569 
99 0.001121 
100 0.001545 
101 0.001738 
102 0.001597 
103 0.001065 
104 0.000272 
105 -0.000550 
106 -0.001173 
107 -0.001407 
108 -0.001195 
109 -0.000471 
110 0.000564 
111 0.001638 
112 0.002465 
113 0.002809 
114 0.002546 
115 0.001678 
116 0.000452 
117 -0.000749 
118 -0.001534 
119 -0.001619 
120 -0.001000 
121 0.000017 
122 0.001027 
123 0.001716 
124 0.001957 
125 0.001752 
126 0.001245 
127 0.000578 
128 -0.000093 
129 -0.000603 
130 -0.000750 
131 -0.000497 
132 0.000011 
133 0.000538 
134 0.000922 
135 0.001100 
136 0.001089 
137 0.000921 
138 0.000718 
139 0.000572 
140 0.000458 
141 0.000271 
142 0.000023 
143 -0.000204 
144 -0.000276 
145 -0.000162 
146 0.000122 
147 0.000516 
148 0.000917 
149 0.001245 
150 0.001350 
151 0.001140 
152 0.000694 
153 0.000199 
154 -0.000155 
155 -0.000409 
156 -0.000554 
157 -0.000593 
158 -0.000480 
159 -0.000245 
160 0.000090 
161 0.000548 
162 0.001117 
163 0.001628 
164 0.001941 
165 0.001863 
166 0.001250 
167 0.000248 
168 -0.000885 
169 -0.001852 
170 -0.002348 
171 -0.002101 
172 -0.001024 
173 0.000639 
174 0.002330 
175 0.003543 
176 0.003869 
177 0.003170 
178 0.001596 
179 -0.000391 
180 -0.002185 
181 -0.003246 
182 -0.003246 
183 -0.002272 
184 -0.000755 
185 0.000767 
186 0.001899 
187 0.002503 
188 0.002557 
189 0.002191 
190 0.001454 
191 0.000411 
192 -0.000711 
193 -0.001538 
194 -0.001833 
195 -0.001636 
196 -0.001152 
197 -0.000434 
198 0.000392 
199 0.001031 
200 0.001330 
201 0.001288 
202 0.000919 
203 0.000265 
204 -0.000494 
205 -0.001091 
206 -0.001244 
207 -0.000963 
208 -0.000383 
209 0.000193 
210 0.000586 
211 0.000726 
212 0.000585 
213 0.000165 
214 -0.000489 
215 -0.001078 
216 -0.001324 
217 -0.001316 
218 -0.001181 
219 -0.001056 
220 -0.001023 
221 -0.001041 
222 -0.001008 
223 -0.000677 
224 0.000037 
225 0.000977 
226 0.001841 
227 0.002214 
228 0.001731 
229 0.000387 
230 -0.001421 
231 -0.003130 
232 -0.004173 
233 -0.004141 
234 -0.002857 
235 -0.000647 
236 0.001811 
237 0.003800 
238 0.004624 
239 0.003914 
240 0.001728 
241 -0.001273 
242 -0.004000 
243 -0.005549 
244 -0.005420 
245 -0.003861 
246 -0.001547 
247 0.000809 
248 0.002604 
249 0.003481 
250 0.003420 
251 0.002679 
252 0.001342 
253 -0.000413 
254 -0.002181 
255 -0.003539 
256 -0.004109 
257 -0.003921 
258 -0.003020 
259 -0.001481 
260 0.000441 
261 0.002268 
262 0.003453 
263 0.003813 
264 0.003117 
265 0.001335 
266 -0.001117 
267 -0.003515 
268 -0.005017 
269 -0.004982 
270 -0.003375 
271 -0.000844 
272 0.001686 
273 0.003440 
274 0.003881 
275 0.002783 
276 0.000632 
277 -0.001698 
278 -0.003257 
279 -0.003819 
280 -0.003537 
281 -0.002687 
282 -0.001730 
283 -0.000898 
284 -0.000427 
285 -0.000115 
286 0.000280 
287 0.000815 
288 0.001375 
289 0.001583 
290 0.001173 
291 -0.000092 
292 -0.001951 
293 -0.003833 
294 -0.005143 
295 -0.005302 
296 -0.004108 
297 -0.001859 
298 0.000860 
299 0.003382 
300 0.004904 
301 0.004938 
302 0.003518 
303 0.000925 
304 -0.002137 
305 -0.004674 
306 -0.005906 
307 -0.005758 
308 -0.004570 
309 -0.002656 
310 -0.000408 
311 0.001619 
312 0.003073 
313 0.003885 
314 0.003852 
315 0.002702 
316 0.000659 
317 -0.001661 
318 -0.003639 
319 -0.004926 
320 -0.005161 
321 -0.004034 
322 -0.001685 
323 0.001204 
324 0.003844 
325 0.005727 
326 0.006304 
327 0.005166 
328 0.002623 
329 -0.000559 
330 -0.003685 
331 -0.005813 
332 -0.006120 
333 -0.004430 
334 -0.001483 
335 0.001809 
336 0.004348 
337 0.005487 
338 0.004911 
339 0.003232 
340 0.001301 
341 -0.000412 
342 -0.001918 
343 -0.002924 
344 -0.003266 
345 -0.002949 
346 -0.002131 
347 -0.001070 
348 0.000219 
349 0.001545 
350 0.002473 
351 0.002804 
352 0.002362 
353 0.001185 
354 -0.000445 
355 -0.002114 
356 -0.003216 
357 -0.003380 
358 -0.002333 
359 -0.000504 
360 0.001579 
361 0.003418 
362 0.004535 
363 0.004515 
364 0.003217 
365 0.000845 
366 -0.002053 
367 -0.004404 
368 -0.005133 
369 -0.004089 
370 -0.002136 
371 0.000076 
372 0.002002 
373 0.003197 
374 0.003478 
375 0.003130 
376 0.002475 
377 0.001217 
378 -0.000677 
379 -0.002646 
380 -0.004134 
381 -0.004846 
382 -0.004706 
383 -0.003415 
384 -0.001178 
385 0.001421 
386 0.003651 
387 0.005128 
388 0.005386 
389 0.003967 
390 0.001213 
391 -0.002049 
392 -0.004947 
393 -0.006606 
394 -0.006487 
395 -0.004570 
396 -0.001375 
397 0.002287 
398 0.005296 
399 0.006791 
400 0.006503 
401 0.004824 
402 0.002570 
403 0.000182 
404 -0.002254 
405 -0.004630 
406 -0.006408 
407 -0.006968 
408 -0.005899 
409 -0.003471 
410 -0.000100 
411 0.003503 
412 0.006447 
413 0.007892 
414 0.007312 
415 0.004727 
416 0.000668 
417 -0.003419 
418 -0.006419 
419 -0.007183 
420 -0.005662 
421 -0.002481 
422 0.001040 
423 0.003698 
424 0.004742 
425 0.004141 
426 0.002290 
427 -0.000050 
428 -0.002317 
429 -0.004084 
430 -0.004741 
431 -0.004336 
432 -0.003320 
433 -0.002303 
434 -0.001517 
435 -0.000777 
436 0.000005 
437 0.000816 
438 0.001674 
439 0.001976 
440 0.001265 
441 -0.000481 
442 -0.002709 
443 -0.004630 
444 -0.005565 
445 -0.005156 
446 -0.003571 
447 -0.001553 
448 0.000376 
449 0.001862 
450 0.002733 
451 0.002722 
452 0.001799 
453 0.000005 
454 -0.002080 
455 -0.003769 
456 -0.004563 
457 -0.004207 
458 -0.002935 
459 -0.001071 
460 0.000892 
461 0.002425 
462 0.003384 
463 0.003590 
464 0.003325 
465 0.002415 
466 0.000578 
467 -0.002214 
468 -0.005344 
469 -0.007838 
470 -0.008791 
471 -0.007586 
472 -0.004360 
473 0.000144 
474 0.004820 
475 0.008203 
476 0.009331 
477 0.007557 
478 0.003219 
479 -0.002333 
480 -0.007313 
481 -0.010150 
482 -0.009816 
483 -0.006609 
484 -0.001665 
485 0.003438 
486 0.007215 
487 0.008928 
488 0.008192 
489 0.005329 
490 0.001005 
491 -0.003560 
492 -0.006795 
493 -0.007631 
494 -0.006169 
495 -0.003159 
496 0.000514 
497 0.003838 
498 0.005972 
499 0.006334 
500 0.005162 
501 0.002509 
502 -0.001268 
503 -0.005043 
504 -0.007629 
505 -0.008165 
506 -0.006430 
507 -0.002796 
508 0.001237 
509 0.004305 
510 0.005618 
511 0.005219 
512 0.003657 
513 0.001443 
514 -0.000775 
515 -0.002704 
516 -0.004093 
517 -0.004520 
518 -0.003828 
519 -0.002383 
520 -0.000741 
521 0.000628 
522 0.001513 
523 0.001770 
524 0.001671 
525 0.001204 
526 0.000861 
527 0.000643 
528 0.000277 
529 -0.000613 
530 -0.002193 
531 -0.003996 
532 -0.005158 
533 -0.004999 
534 -0.003249 
535 -0.000159 
536 0.003459 
537 0.006532 
538 0.007916 
539 0.006835 
540 0.003531 
541 -0.000911 
542 -0.005090 
543 -0.007837 
544 -0.008528 
545 -0.006896 
546 -0.003334 
547 0.001003 
548 0.004972 
549 0.007810 
550 0.009067 
551 0.008658 
552 0.006607 
553 0.003276 
554 -0.000794 
555 -0.004459 
556 -0.006690 
557 -0.006937 
558 -0.005266 
559 -0.002010 
560 0.002121 
561 0.005924 
562 0.008484 
563 0.008825 
564 0.006693 
565 0.002473 
566 -0.002483 
567 -0.006384 
568 -0.007857 
569 -0.006281 
570 -0.002536 
571 0.001643 
572 0.004866 
573 0.006261 
574 0.005790 
575 0.004232 
576 0.002299 
577 0.000609 
578 -0.000633 
579 -0.001129 
580 -0.000747 
581 0.000352 
582 0.001496 
583 0.002010 
584 0.001992 
585 0.001720 
586 0.001658 
587 0.002059 
588 0.002879 
589 0.003985 
590 0.004741 
591 0.004202 
592 0.002351 
593 -0.000122 
594 -0.002250 
595 -0.003339 
596 -0.002896 
597 -0.001000 
598 0.001847 
599 0.004821 
600 0.006977 
601 0.007402 
602 0.005912 
603 0.003142 
604 0.000121 
605 -0.002430 
606 -0.004041 
607 -0.004114 
608 -0.002627 
609 0.000109 
610 0.003348 
611 0.006420 
612 0.008700 
613 0.009656 
614 0.008772 
615 0.005802 
616 0.001517 
617 -0.002825 
618 -0.006033 
619 -0.007172 
620 -0.006014 
621 -0.002321 
622 0.002834 
623 0.008054 
624 0.011963 
625 0.013469 
626 0.012069 
627 0.007872 
628 0.002112 
629 -0.003409 
630 -0.006913 
631 -0.007225 
632 -0.004421 
633 0.000055 
634 0.004396 
635 0.007278 
636 0.008200 
637 0.007248 
638 0.005074 
639 0.002297 
640 -0.000431 
641 -0.002457 
642 -0.003013 
643 -0.002002 
644 -0.000030 
645 0.001957 
646 0.003365 
647 0.003980 
648 0.003886 
649 0.003231 
650 0.002459 
651 0.001906 
652 0.001476 
653 0.000806 
654 -0.000053 
655 -0.000824 
656 -0.001052 
657 -0.000672 
658 0.000259 
659 0.001524 
660 0.002785 
661 0.003782 
662 0.004069 
663 0.003375 
664 0.001972 
665 0.000452 
666 -0.000610 
667 -0.001351 
668 -0.001762 
669 -0.001856 
670 -0.001517 
671 -0.000838 
672 0.000100 
673 0.001355 
674 0.002886 
675 0.004221 
676 0.005009 
677 0.004748 
678 0.003102 
679 0.000486 
680 -0.002405 
681 -0.004815 
682 -0.006003 
683 -0.005334 
684 -0.002658 
685 0.001378 
686 0.005390 
687 0.008192 
688 0.008870 
689 0.007167 
690 0.003500 
691 -0.001024 
692 -0.005019 
693 -0.007308 
694 -0.007235 
695 -0.005055 
696 -0.001762 
697 0.001479 
698 0.003836 
699 0.005055 
700 0.005119 
701 0.004330 
702 0.002813 
703 0.000718 
704 -0.001491 
705 -0.003083 
706 -0.003613 
707 -0.003197 
708 -0.002248 
709 -0.000886 
710 0.000651 
711 0.001813 
712 0.002340 
713 0.002247 
714 0.001576 
715 0.000425 
716 -0.000884 
717 -0.001888 
718 -0.002121 
719 -0.001626 
720 -0.000642 
721 0.000309 
722 0.000944 
723 0.001161 
724 0.000927 
725 0.000265 
726 -0.000746 
727 -0.001640 
728 -0.001989 
729 -0.001955 
730 -0.001735 
731 -0.001532 
732 -0.001468 
733 -0.001477 
734 -0.001412 
735 -0.000926 
736 0.000082 
737 0.001379 
738 0.002543 
739 0.003021 
740 0.002348 
741 0.000554 
742 -0.001814 
743 -0.004003 
744 -0.005295 
745 -0.005197 
746 -0.003531 
747 -0.000748 
748 0.002276 
749 0.004667 
750 0.005605 
751 0.004704 
752 0.002083 
753 -0.001429 
754 -0.004551 
755 -0.006267 
756 -0.006053 
757 -0.004245 
758 -0.001639 
759 0.000958 
760 0.002894 
761 0.003807 
762 0.003703 
763 0.002887 
764 0.001466 
765 -0.000352 
766 -0.002140 
767 -0.003481 
768 -0.004007 
769 -0.003774 
770 -0.002855 
771 -0.001342 
772 0.000506 
773 0.002227 
774 0.003312 
775 0.003615 
776 0.002942 
777 0.001301 
778 -0.000911 
779 -0.003027 
780 -0.004312 
781 -0.004235 
782 -0.002807 
783 -0.000624 
784 0.001511 
785 0.002955 
786 0.003290 
787 0.002363 
788 0.000605 
789 -0.001263 
790 -0.002485 
791 -0.002902 
792 -0.002657 
793 -0.001975 
794 -0.001225 
795 -0.000583 
796 -0.000226 
797 0.000007 
798 0.000288 
799 0.000670 
800 0.001058 
801 0.001192 
802 0.000894 
803 0.000013 
804 -0.001256 
805 -0.002511 
806 -0.003360 
807 -0.003430 
808 -0.002615 
809 -0.001136 
810 0.000616 
811 0.002206 
812 0.003137 
813 0.003128 
814 0.002225 
815 0.000631 
816 -0.001213 
817 -0.002708 
818 -0.003408 
819 -0.003289 
820 -0.002573 
821 -0.001457 
822 -0.000178 
823 0.000951 
824 0.001742 
825 0.002164 
826 0.002118 
827 0.001477 
828 0.000380 
829 -0.000837 
830 -0.001852 
831 -0.002489 
832 -0.002582 
833 -0.001991 
834 -0.000813 
835 0.000604 
836 0.001874 
837 0.002753 
838 0.002992 
839 0.002424 
840 0.001220 
841 -0.000250 
842 -0.001662 
843 -0.002596 
844 -0.002703 
845 -0.001931 
846 -0.000635 
847 0.000781 
848 0.001848 
849 0.002303 
850 0.002037 
851 0.001326 
852 0.000526 
853 -0.000169 
854 -0.000765 
855 -0.001150 
856 -0.001269 
857 -0.001133 
858 -0.000810 
859 -0.000403 
860 0.000080 
861 0.000564 
862 0.000892 
863 0.001000 
864 0.000833 
865 0.000411 
866 -0.000158 
867 -0.000729 
868 -0.001095 
869 -0.001137 
870 -0.000777 
871 -0.000169 
872 0.000508 
873 0.001091 
874 0.001433 
875 0.001410 
876 0.000993 
877 0.000255 
878 -0.000626 
879 -0.001325 
880 -0.001525 
881 -0.001202 
882 -0.000625 
883 0.000014 
884 0.000561 
885 0.000890 
886 0.000959 
887 0.000855 
888 0.000670 
889 0.000325 
890 -0.000180 
891 -0.000694 
892 -0.001071 
893 -0.001241 
894 -0.001190 
895 -0.000853 
896 -0.000290 
897 0.000348 
898 0.000882 
899 0.001222 
900 0.001268 
901 0.000922 
902 0.000278 
903 -0.000466 
904 -0.001112 
905 -0.001466 
906 -0.001422 
907 -0.000990 
908 -0.000294 
909 0.000484 
910 0.001108 
911 0.001403 
912 0.001327 
913 0.000971 
914 0.000509 
915 0.000030 
916 -0.000445 
917 -0.000897 
918 -0.001225 
919 -0.001316 
920 -0.001101 
921 -0.000641 
922 -0.000021 
923 0.000622 
924 0.001135 
925 0.001374 
926 0.001257 
927 0.000799 
928 0.000103 
929 -0.000582 
930 -0.001070 
931 -0.001183 
932 -0.000924 
933 -0.000406 
934 0.000155 
935 0.000568 
936 0.000723 
937 0.000622 
938 0.000336 
939 -0.000016 
940 -0.000349 
941 -0.000602 
942 -0.000690 
943 -0.000625 
944 -0.000474 
945 -0.000326 
946 -0.000214 
947 -0.000111 
948 -0.000006 
949 0.000101 
950 0.000211 
951 0.000246 
952 0.000151 
953 -0.000072 
954 -0.000351 
955 -0.000584 
956 -0.000693 
957 -0.000636 
958 -0.000438 
959 -0.000192 
960 0.000036 
961 0.000208 
962 0.000307 
963 0.000301 
964 0.000193 
965 -0.000010 
966 -0.000241 
967 -0.000424 
968 -0.000506 
969 -0.000462 
970 -0.000322 
971 -0.000123 
972 0.000084 
973 0.000241 
974 0.000336 
975 0.000353 
976 0.000323 
977 0.000229 
978 0.000046 
979 -0.000228 
980 -0.000531 
981 -0.000767 
982 -0.000853 
983 -0.000731 
984 -0.000422 
985 0.000002 
986 0.000437 
987 0.000745 
988 0.000842 
989 0.000675 
990 0.000278 
991 -0.000222 
992 -0.000665 
993 -0.000912 
994 -0.000878 
995 -0.000592 
996 -0.000159 
997 0.000282 
998 0.000604 
999 0.000746 
1000 0.000679 
1001 0.000432 
1002 0.000067 
1003 -0.000316 
1004 -0.000586 
1005 -0.000653 
1006 -0.000529 
1007 -0.000280 
1008 0.000022 
1009 0.000293 
1010 0.000466 
1011 0.000494 
1012 0.000397 
1013 0.000180 
1014 -0.000125 
1015 -0.000429 
1016 -0.000637 
1017 -0.000679 
1018 -0.000539 
1019 -0.000248 
1020 0.000076 
1021 0.000321 
1022 0.000427 
1023 0.000396 
