0 -0.000224 
1 -0.000184 
2 -0.000121 
3 -0.000027 
4 0.000046 
5 0.000033 
6 -0.000023 
7 -0.000064 
8 -0.000089 
9 -0.000104 
10 -0.000072 
11 -0.000001 
12 0.000039 
13 0.000027 
14 0.000006 
15 0.000027 
16 0.000029 
17 -0.000010 
18 -0.000047 
19 -0.000039 
20 -0.000018 
21 0.000027 
22 0.000106 
23 0.000161 
24 0.000162 
25 0.000137 
26 0.000125 
27 0.000135 
28 0.000165 
29 0.000224 
30 0.000316 
31 0.000401 
32 0.000429 
33 0.000399 
34 0.000356 
35 0.000328 
36 0.000274 
37 0.000183 
38 0.000102 
39 0.000066 
40 0.000110 
41 0.000222 
42 0.000349 
43 0.000437 
44 0.000482 
45 0.000498 
46 0.000473 
47 0.000412 
48 0.000318 
49 0.000214 
50 0.000162 
51 0.000212 
52 0.000313 
53 0.000342 
54 0.000294 
55 0.000216 
56 0.000129 
57 0.000097 
58 0.000175 
59 0.000279 
60 0.000295 
61 0.000217 
62 0.000121 
63 0.000074 
64 0.000096 
65 0.000190 
66 0.000291 
67 0.000325 
68 0.000302 
69 0.000313 
70 0.000407 
71 0.000492 
72 0.000454 
73 0.000346 
74 0.000239 
75 0.000180 
76 0.000209 
77 0.000280 
78 0.000282 
79 0.000169 
80 0.000017 
81 -0.000054 
82 -0.000027 
83 0.000090 
84 0.000265 
85 0.000391 
86 0.000355 
87 0.000178 
88 -0.000013 
89 -0.000086 
90 -0.000068 
91 -0.000095 
92 -0.000177 
93 -0.000215 
94 -0.000165 
95 -0.000070 
96 -0.000011 
97 -0.000110 
98 -0.000363 
99 -0.000561 
100 -0.000635 
101 -0.000630 
102 -0.000591 
103 -0.000543 
104 -0.000526 
105 -0.000546 
106 -0.000545 
107 -0.000545 
108 -0.000568 
109 -0.000591 
110 -0.000624 
111 -0.000648 
112 -0.000628 
113 -0.000575 
114 -0.000563 
115 -0.000593 
116 -0.000635 
117 -0.000744 
118 -0.000901 
119 -0.001028 
120 -0.001064 
121 -0.001009 
122 -0.000864 
123 -0.000628 
124 -0.000409 
125 -0.000281 
126 -0.000362 
127 -0.000585 
128 -0.000674 
129 -0.000650 
130 -0.000666 
131 -0.000750 
132 -0.000899 
133 -0.001101 
134 -0.001206 
135 -0.001176 
136 -0.001040 
137 -0.000884 
138 -0.000802 
139 -0.000816 
140 -0.000991 
141 -0.001312 
142 -0.001524 
143 -0.001503 
144 -0.001437 
145 -0.001462 
146 -0.001381 
147 -0.001135 
148 -0.000974 
149 -0.000958 
150 -0.000972 
151 -0.000995 
152 -0.001114 
153 -0.001345 
154 -0.001446 
155 -0.001346 
156 -0.001216 
157 -0.001162 
158 -0.001180 
159 -0.001212 
160 -0.001165 
161 -0.001089 
162 -0.001005 
163 -0.000909 
164 -0.000898 
165 -0.000957 
166 -0.000826 
167 -0.000439 
168 -0.000057 
169 -0.000020 
170 -0.000230 
171 -0.000345 
172 -0.000397 
173 -0.000577 
174 -0.000799 
175 -0.000834 
176 -0.000518 
177 -0.000001 
178 0.000475 
179 0.000723 
180 0.000670 
181 0.000338 
182 -0.000007 
183 -0.000199 
184 -0.000200 
185 -0.000150 
186 -0.000108 
187 0.000010 
188 0.000135 
189 0.000196 
190 0.000323 
191 0.000463 
192 0.000455 
193 0.000398 
194 0.000354 
195 0.000395 
196 0.000660 
197 0.001041 
198 0.001205 
199 0.000931 
200 0.000448 
201 0.000177 
202 0.000441 
203 0.001075 
204 0.001575 
205 0.001761 
206 0.001844 
207 0.001925 
208 0.002023 
209 0.001965 
210 0.001720 
211 0.001392 
212 0.001239 
213 0.001319 
214 0.001629 
215 0.002091 
216 0.002604 
217 0.003026 
218 0.003382 
219 0.003684 
220 0.003826 
221 0.003692 
222 0.003414 
223 0.003120 
224 0.002877 
225 0.002782 
226 0.002768 
227 0.002742 
228 0.002810 
229 0.003093 
230 0.003454 
231 0.003812 
232 0.004076 
233 0.003914 
234 0.003422 
235 0.003181 
236 0.003378 
237 0.003563 
238 0.003522 
239 0.003372 
240 0.003159 
241 0.003028 
242 0.002961 
243 0.002842 
244 0.002963 
245 0.003261 
246 0.003326 
247 0.003173 
248 0.003007 
249 0.002858 
250 0.002772 
251 0.002691 
252 0.002808 
253 0.003032 
254 0.003132 
255 0.003271 
256 0.003610 
257 0.003826 
258 0.003646 
259 0.003363 
260 0.003141 
261 0.002833 
262 0.002365 
263 0.001951 
264 0.001718 
265 0.001623 
266 0.001531 
267 0.001471 
268 0.001554 
269 0.001905 
270 0.002360 
271 0.002705 
272 0.002918 
273 0.002804 
274 0.002384 
275 0.001807 
276 0.001134 
277 0.000453 
278 -0.000034 
279 -0.000270 
280 -0.000149 
281 0.000181 
282 0.000595 
283 0.001069 
284 0.001343 
285 0.001115 
286 0.000178 
287 -0.001082 
288 -0.001781 
289 -0.001768 
290 -0.001388 
291 -0.001154 
292 -0.001122 
293 -0.000981 
294 -0.000739 
295 -0.000812 
296 -0.001055 
297 -0.001226 
298 -0.001041 
299 -0.000722 
300 -0.000626 
301 -0.000679 
302 -0.000929 
303 -0.001374 
304 -0.001850 
305 -0.002175 
306 -0.002432 
307 -0.002545 
308 -0.002524 
309 -0.002243 
310 -0.001605 
311 -0.000864 
312 -0.000401 
313 -0.000253 
314 -0.000770 
315 -0.001923 
316 -0.002956 
317 -0.003279 
318 -0.003050 
319 -0.002846 
320 -0.003010 
321 -0.003218 
322 -0.002960 
323 -0.002291 
324 -0.001876 
325 -0.002171 
326 -0.003356 
327 -0.004839 
328 -0.005684 
329 -0.005630 
330 -0.004955 
331 -0.004131 
332 -0.003621 
333 -0.003300 
334 -0.002948 
335 -0.002556 
336 -0.002366 
337 -0.002419 
338 -0.003058 
339 -0.004262 
340 -0.005330 
341 -0.005485 
342 -0.005029 
343 -0.004579 
344 -0.004250 
345 -0.003923 
346 -0.003785 
347 -0.003789 
348 -0.003403 
349 -0.002891 
350 -0.002574 
351 -0.002489 
352 -0.002284 
353 -0.001996 
354 -0.001896 
355 -0.002161 
356 -0.002468 
357 -0.002666 
358 -0.002880 
359 -0.002781 
360 -0.002104 
361 -0.001354 
362 -0.000855 
363 -0.000669 
364 -0.000781 
365 -0.001351 
366 -0.002104 
367 -0.002529 
368 -0.002417 
369 -0.002607 
370 -0.003258 
371 -0.003331 
372 -0.002347 
373 -0.001041 
374 -0.000234 
375 -0.000063 
376 -0.000415 
377 -0.001133 
378 -0.001848 
379 -0.002132 
380 -0.002136 
381 -0.002363 
382 -0.002708 
383 -0.002721 
384 -0.002328 
385 -0.001643 
386 -0.001118 
387 -0.000847 
388 -0.000721 
389 -0.000577 
390 -0.000010 
391 0.000576 
392 0.000903 
393 0.000900 
394 0.000097 
395 -0.001094 
396 -0.001534 
397 -0.000976 
398 0.000128 
399 0.001162 
400 0.001722 
401 0.002115 
402 0.002399 
403 0.002481 
404 0.002656 
405 0.002738 
406 0.002320 
407 0.001509 
408 0.001076 
409 0.001241 
410 0.001569 
411 0.001438 
412 0.001159 
413 0.001193 
414 0.001403 
415 0.001606 
416 0.001901 
417 0.002098 
418 0.002045 
419 0.001572 
420 0.000760 
421 0.000213 
422 -0.000009 
423 -0.000130 
424 -0.000065 
425 0.000141 
426 0.000158 
427 0.000245 
428 0.000697 
429 0.000792 
430 0.000460 
431 0.000250 
432 0.000527 
433 0.000762 
434 0.000275 
435 -0.000442 
436 -0.000596 
437 -0.000112 
438 0.000294 
439 0.000565 
440 0.001058 
441 0.001420 
442 0.001622 
443 0.002003 
444 0.002459 
445 0.002319 
446 0.001748 
447 0.001013 
448 0.000272 
449 -0.000327 
450 -0.000628 
451 -0.000319 
452 0.000497 
453 0.001238 
454 0.001892 
455 0.002570 
456 0.002854 
457 0.002661 
458 0.002220 
459 0.001693 
460 0.001029 
461 0.000243 
462 -0.000325 
463 -0.000945 
464 -0.001526 
465 -0.001458 
466 -0.000620 
467 0.000095 
468 -0.000055 
469 -0.001131 
470 -0.002019 
471 -0.002090 
472 -0.001678 
473 -0.001316 
474 -0.001038 
475 -0.000851 
476 -0.000809 
477 -0.001004 
478 -0.001423 
479 -0.001526 
480 -0.001624 
481 -0.001812 
482 -0.002141 
483 -0.002401 
484 -0.002167 
485 -0.001630 
486 -0.001166 
487 -0.000792 
488 -0.000479 
489 -0.000195 
490 -0.000150 
491 -0.000154 
492 -0.000264 
493 -0.001058 
494 -0.001867 
495 -0.001702 
496 -0.001212 
497 -0.001347 
498 -0.001729 
499 -0.001902 
500 -0.001368 
501 -0.000394 
502 0.000226 
503 0.000351 
504 0.000593 
505 0.000700 
506 0.000651 
507 0.000798 
508 0.000547 
509 -0.000659 
510 -0.002217 
511 -0.003055 
512 -0.003009 
513 -0.002488 
514 -0.001701 
515 -0.000511 
516 0.000390 
517 0.000189 
518 -0.000549 
519 -0.001060 
520 -0.001355 
521 -0.001524 
522 -0.001130 
523 -0.000238 
524 0.000268 
525 0.000121 
526 -0.000154 
527 0.000101 
528 0.000144 
529 -0.000345 
530 -0.000810 
531 -0.000714 
532 -0.000444 
533 0.000112 
534 0.001051 
535 0.001703 
536 0.001696 
537 0.001370 
538 0.001218 
539 0.001345 
540 0.001676 
541 0.002313 
542 0.003338 
543 0.004283 
544 0.004582 
545 0.004212 
546 0.003724 
547 0.003406 
548 0.002762 
549 0.001711 
550 0.000809 
551 0.000445 
552 0.000933 
553 0.002124 
554 0.003426 
555 0.004300 
556 0.004697 
557 0.004806 
558 0.004547 
559 0.003926 
560 0.002961 
561 0.001903 
562 0.001389 
563 0.001855 
564 0.002777 
565 0.003020 
566 0.002572 
567 0.001859 
568 0.001045 
569 0.000738 
570 0.001434 
571 0.002345 
572 0.002459 
573 0.001752 
574 0.000921 
575 0.000514 
576 0.000691 
577 0.001492 
578 0.002339 
579 0.002603 
580 0.002381 
581 0.002442 
582 0.003143 
583 0.003737 
584 0.003388 
585 0.002545 
586 0.001728 
587 0.001265 
588 0.001455 
589 0.001976 
590 0.002000 
591 0.001173 
592 0.000073 
593 -0.000419 
594 -0.000224 
595 0.000551 
596 0.001705 
597 0.002541 
598 0.002296 
599 0.001121 
600 -0.000109 
601 -0.000543 
602 -0.000417 
603 -0.000599 
604 -0.001106 
605 -0.001319 
606 -0.000995 
607 -0.000429 
608 -0.000080 
609 -0.000619 
610 -0.002030 
611 -0.003125 
612 -0.003499 
613 -0.003432 
614 -0.003188 
615 -0.002897 
616 -0.002755 
617 -0.002808 
618 -0.002762 
619 -0.002728 
620 -0.002822 
621 -0.002921 
622 -0.003080 
623 -0.003164 
624 -0.002992 
625 -0.002669 
626 -0.002582 
627 -0.002706 
628 -0.002845 
629 -0.003292 
630 -0.003968 
631 -0.004491 
632 -0.004591 
633 -0.004319 
634 -0.003692 
635 -0.002662 
636 -0.001690 
637 -0.001123 
638 -0.001454 
639 -0.002353 
640 -0.002672 
641 -0.002520 
642 -0.002546 
643 -0.002850 
644 -0.003397 
645 -0.004154 
646 -0.004533 
647 -0.004387 
648 -0.003813 
649 -0.003182 
650 -0.002865 
651 -0.002905 
652 -0.003495 
653 -0.004576 
654 -0.005248 
655 -0.005104 
656 -0.004809 
657 -0.004841 
658 -0.004526 
659 -0.003682 
660 -0.003134 
661 -0.003056 
662 -0.003071 
663 -0.003120 
664 -0.003460 
665 -0.004122 
666 -0.004363 
667 -0.003989 
668 -0.003544 
669 -0.003359 
670 -0.003402 
671 -0.003463 
672 -0.003297 
673 -0.003059 
674 -0.002810 
675 -0.002532 
676 -0.002484 
677 -0.002624 
678 -0.002261 
679 -0.001227 
680 -0.000216 
681 -0.000116 
682 -0.000664 
683 -0.000957 
684 -0.001065 
685 -0.001479 
686 -0.002001 
687 -0.002082 
688 -0.001346 
689 -0.000184 
690 0.000870 
691 0.001433 
692 0.001334 
693 0.000604 
694 -0.000159 
695 -0.000576 
696 -0.000589 
697 -0.000505 
698 -0.000431 
699 -0.000176 
700 0.000092 
701 0.000216 
702 0.000488 
703 0.000791 
704 0.000774 
705 0.000633 
706 0.000519 
707 0.000586 
708 0.001074 
709 0.001761 
710 0.002059 
711 0.001566 
712 0.000681 
713 0.000172 
714 0.000632 
715 0.001743 
716 0.002598 
717 0.002887 
718 0.003018 
719 0.003154 
720 0.003284 
721 0.003146 
722 0.002721 
723 0.002173 
724 0.001895 
725 0.001981 
726 0.002439 
727 0.003129 
728 0.003886 
729 0.004500 
730 0.005004 
731 0.005397 
732 0.005544 
733 0.005296 
734 0.004845 
735 0.004371 
736 0.003975 
737 0.003796 
738 0.003739 
739 0.003658 
740 0.003710 
741 0.004057 
742 0.004505 
743 0.004934 
744 0.005230 
745 0.004982 
746 0.004318 
747 0.003972 
748 0.004165 
749 0.004342 
750 0.004240 
751 0.004008 
752 0.003720 
753 0.003539 
754 0.003445 
755 0.003292 
756 0.003400 
757 0.003693 
758 0.003721 
759 0.003517 
760 0.003303 
761 0.003102 
762 0.002974 
763 0.002866 
764 0.002967 
765 0.003175 
766 0.003247 
767 0.003345 
768 0.003630 
769 0.003790 
770 0.003575 
771 0.003272 
772 0.003019 
773 0.002687 
774 0.002228 
775 0.001828 
776 0.001599 
777 0.001503 
778 0.001413 
779 0.001342 
780 0.001386 
781 0.001664 
782 0.002042 
783 0.002324 
784 0.002480 
785 0.002356 
786 0.001985 
787 0.001485 
788 0.000916 
789 0.000357 
790 -0.000036 
791 -0.000222 
792 -0.000126 
793 0.000137 
794 0.000467 
795 0.000831 
796 0.001034 
797 0.000859 
798 0.000161 
799 -0.000760 
800 -0.001256 
801 -0.001233 
802 -0.000953 
803 -0.000777 
804 -0.000745 
805 -0.000639 
806 -0.000465 
807 -0.000508 
808 -0.000662 
809 -0.000764 
810 -0.000644 
811 -0.000441 
812 -0.000381 
813 -0.000412 
814 -0.000555 
815 -0.000811 
816 -0.001084 
817 -0.001268 
818 -0.001414 
819 -0.001471 
820 -0.001441 
821 -0.001262 
822 -0.000883 
823 -0.000458 
824 -0.000205 
825 -0.000129 
826 -0.000412 
827 -0.001029 
828 -0.001570 
829 -0.001725 
830 -0.001588 
831 -0.001464 
832 -0.001526 
833 -0.001607 
834 -0.001455 
835 -0.001108 
836 -0.000897 
837 -0.001032 
838 -0.001589 
839 -0.002273 
840 -0.002648 
841 -0.002599 
842 -0.002270 
843 -0.001882 
844 -0.001633 
845 -0.001464 
846 -0.001290 
847 -0.001111 
848 -0.001020 
849 -0.001031 
850 -0.001290 
851 -0.001776 
852 -0.002193 
853 -0.002236 
854 -0.002035 
855 -0.001835 
856 -0.001681 
857 -0.001534 
858 -0.001465 
859 -0.001454 
860 -0.001297 
861 -0.001093 
862 -0.000965 
863 -0.000920 
864 -0.000832 
865 -0.000723 
866 -0.000688 
867 -0.000773 
868 -0.000865 
869 -0.000927 
870 -0.000996 
871 -0.000953 
872 -0.000726 
873 -0.000482 
874 -0.000317 
875 -0.000245 
876 -0.000267 
877 -0.000435 
878 -0.000660 
879 -0.000781 
880 -0.000742 
881 -0.000797 
882 -0.000980 
883 -0.000985 
884 -0.000695 
885 -0.000325 
886 -0.000100 
887 -0.000049 
888 -0.000142 
889 -0.000334 
890 -0.000517 
891 -0.000579 
892 -0.000571 
893 -0.000625 
894 -0.000705 
895 -0.000699 
896 -0.000597 
897 -0.000427 
898 -0.000298 
899 -0.000229 
900 -0.000196 
901 -0.000159 
902 -0.000024 
903 0.000111 
904 0.000181 
905 0.000175 
906 -0.000004 
907 -0.000260 
908 -0.000348 
909 -0.000222 
910 0.000014 
911 0.000228 
912 0.000338 
913 0.000409 
914 0.000458 
915 0.000467 
916 0.000496 
917 0.000507 
918 0.000423 
919 0.000266 
920 0.000181 
921 0.000208 
922 0.000266 
923 0.000252 
924 0.000201 
925 0.000206 
926 0.000241 
927 0.000272 
928 0.000316 
929 0.000343 
930 0.000331 
931 0.000251 
932 0.000116 
933 0.000024 
934 -0.000012 
935 -0.000029 
936 -0.000018 
937 0.000014 
938 0.000016 
939 0.000028 
940 0.000092 
941 0.000105 
942 0.000059 
943 0.000030 
944 0.000068 
945 0.000096 
946 0.000023 
947 -0.000076 
948 -0.000093 
949 -0.000024 
950 0.000031 
951 0.000066 
952 0.000128 
953 0.000173 
954 0.000198 
955 0.000246 
956 0.000301 
957 0.000281 
958 0.000207 
959 0.000112 
960 0.000022 
961 -0.000047 
962 -0.000082 
963 -0.000047 
964 0.000047 
965 0.000133 
966 0.000207 
967 0.000282 
968 0.000313 
969 0.000290 
970 0.000236 
971 0.000175 
972 0.000102 
973 0.000018 
974 -0.000040 
975 -0.000101 
976 -0.000155 
977 -0.000144 
978 -0.000059 
979 0.000011 
980 -0.000005 
981 -0.000111 
982 -0.000197 
983 -0.000201 
984 -0.000159 
985 -0.000123 
986 -0.000096 
987 -0.000079 
988 -0.000076 
989 -0.000094 
990 -0.000131 
991 -0.000139 
992 -0.000145 
993 -0.000159 
994 -0.000185 
995 -0.000205 
996 -0.000184 
997 -0.000139 
998 -0.000101 
999 -0.000070 
1000 -0.000045 
1001 -0.000020 
1002 -0.000016 
1003 -0.000014 
1004 -0.000021 
1005 -0.000086 
1006 -0.000154 
1007 -0.000142 
1008 -0.000102 
1009 -0.000113 
1010 -0.000143 
1011 -0.000157 
1012 -0.000114 
1013 -0.000035 
1014 0.000015 
1015 0.000025 
1016 0.000044 
1017 0.000053 
1018 0.000049 
1019 0.000061 
1020 0.000043 
1021 -0.000053 
1022 -0.000178 
1023 -0.000247 
