0 -2.405898 
1 2.024606 
2 -2.438429 
3 2.089471 
4 -2.527282 
5 2.191225 
6 -2.619338 
7 2.294936 
8 -2.682176 
9 2.355134 
10 -2.710718 
11 2.336720 
12 -2.710018 
13 2.286955 
14 -2.655596 
15 2.234972 
16 -2.591583 
17 2.230680 
18 -2.587557 
19 2.260524 
20 -2.661429 
21 2.325333 
22 -2.752585 
23 2.400972 
24 -2.828130 
25 2.469950 
26 -2.884825 
27 2.500603 
28 -2.892608 
29 2.510668 
30 -2.858322 
31 2.495619 
32 -2.804718 
33 2.460975 
34 -2.783491 
35 2.450658 
36 -2.792042 
37 2.436753 
38 -2.822067 
39 2.434267 
40 -2.852673 
41 2.438281 
42 -2.845547 
43 2.454941 
44 -2.804280 
45 2.466908 
46 -2.748640 
47 2.469447 
48 -2.725001 
49 2.468129 
50 -2.774376 
51 2.472952 
52 -2.865454 
53 2.447058 
54 -2.940008 
55 2.502227 
56 -2.898357 
57 2.568391 
58 -2.815526 
59 2.582323 
60 -2.728272 
61 2.507635 
62 -2.668546 
63 2.423981 
64 -2.710260 
65 2.277983 
66 -2.805659 
67 2.257240 
68 -2.807966 
69 2.422284 
70 -2.662278 
71 2.656173 
72 -2.654833 
73 2.676181 
74 -2.792064 
75 2.471712 
76 -3.022199 
77 2.337345 
78 -2.946175 
79 2.398218 
80 -2.726311 
81 2.515359 
82 -2.578095 
83 2.375403 
84 -2.572938 
85 2.283907 
86 -2.531422 
87 2.252828 
88 -2.548609 
89 2.268410 
90 -2.630154 
91 2.343445 
92 -2.701752 
93 2.465023 
94 -2.781223 
95 2.555255 
96 -2.819483 
97 2.543891 
98 -2.807021 
99 2.462805 
100 -2.727588 
101 2.389350 
102 -2.626312 
103 2.335863 
104 -2.583079 
105 2.296109 
106 -2.581387 
107 2.296475 
108 -2.611599 
109 2.352299 
110 -2.650829 
111 2.384099 
112 -2.667557 
113 2.391459 
114 -2.655397 
115 2.389830 
116 -2.657672 
117 2.414581 
118 -2.681529 
119 2.432489 
120 -2.708604 
121 2.446487 
122 -2.747265 
123 2.447712 
124 -2.737162 
125 2.409558 
126 -2.659621 
127 2.328893 
128 -2.535678 
129 2.213311 
130 -2.437457 
131 2.167234 
132 -2.428848 
133 2.182514 
134 -2.511346 
135 2.295882 
136 -2.645916 
137 2.436482 
138 -2.757634 
139 2.547561 
140 -2.814750 
141 2.537740 
142 -2.771500 
143 2.420819 
144 -2.638453 
145 2.271476 
146 -2.483229 
147 2.166010 
148 -2.385749 
149 2.141255 
150 -2.401468 
151 2.198276 
152 -2.499430 
153 2.327384 
154 -2.651615 
155 2.466491 
156 -2.784493 
157 2.559865 
158 -2.847265 
159 2.597589 
160 -2.832864 
161 2.576364 
162 -2.776900 
163 2.496818 
164 -2.718000 
165 2.405514 
166 -2.637505 
167 2.377886 
168 -2.587523 
169 2.404395 
170 -2.597849 
171 2.431843 
172 -2.695742 
173 2.484734 
174 -2.794979 
175 2.591095 
176 -2.906104 
177 2.728613 
178 -2.986678 
179 2.806172 
180 -3.032219 
181 2.777144 
182 -3.009904 
183 2.699350 
184 -2.907813 
185 2.622879 
186 -2.781358 
187 2.546623 
188 -2.698191 
189 2.502618 
190 -2.738394 
191 2.538427 
192 -2.846891 
193 2.648075 
194 -2.980327 
195 2.798885 
196 -3.086116 
197 2.912142 
198 -3.163565 
199 2.953786 
200 -3.169945 
201 2.907518 
202 -3.097530 
203 2.824486 
204 -3.014249 
205 2.752266 
206 -2.957072 
207 2.716808 
208 -2.929305 
209 2.725877 
210 -2.925910 
211 2.723477 
212 -2.927535 
213 2.702161 
214 -2.905420 
215 2.638591 
216 -2.841317 
217 2.577865 
218 -2.743942 
219 2.527152 
220 -2.696935 
221 2.499404 
222 -2.723901 
223 2.497331 
224 -2.751242 
225 2.547674 
226 -2.739814 
227 2.614377 
228 -2.745377 
229 2.581669 
230 -2.759842 
231 2.484147 
232 -2.713668 
233 2.396207 
234 -2.611973 
235 2.384966 
236 -2.554235 
237 2.377413 
238 -2.544263 
239 2.358121 
240 -2.577688 
241 2.362942 
242 -2.588324 
243 2.388796 
244 -2.586703 
245 2.415070 
246 -2.585324 
247 2.394185 
248 -2.576916 
249 2.361969 
250 -2.578020 
251 2.344801 
252 -2.544615 
253 2.334404 
254 -2.495268 
255 2.295510 
256 -2.435874 
257 2.240758 
258 -2.428567 
259 2.201091 
260 -2.418660 
261 2.211930 
262 -2.427205 
263 2.272109 
264 -2.461428 
265 2.337624 
266 -2.544971 
267 2.395715 
268 -2.622147 
269 2.404033 
270 -2.613248 
271 2.379016 
272 -2.558456 
273 2.322188 
274 -2.454673 
275 2.237525 
276 -2.378268 
277 2.201323 
278 -2.358166 
279 2.229467 
280 -2.446934 
281 2.361110 
282 -2.618449 
283 2.532807 
284 -2.822569 
285 2.688464 
286 -2.969491 
287 2.794920 
288 -3.018041 
289 2.805513 
290 -2.950222 
291 2.715202 
292 -2.792800 
293 2.541659 
294 -2.623237 
295 2.397983 
296 -2.509104 
297 2.300074 
298 -2.489561 
299 2.299079 
300 -2.531179 
301 2.379159 
302 -2.634408 
303 2.523910 
304 -2.764356 
305 2.645825 
306 -2.873198 
307 2.714775 
308 -2.940000 
309 2.759190 
310 -2.965297 
311 2.763340 
312 -2.927703 
313 2.738735 
314 -2.878694 
315 2.682373 
316 -2.820325 
317 2.626507 
318 -2.806965 
319 2.597462 
320 -2.791930 
321 2.594413 
322 -2.802940 
323 2.623394 
324 -2.831409 
325 2.663747 
326 -2.866656 
327 2.690857 
328 -2.874654 
329 2.686219 
330 -2.820488 
331 2.635260 
332 -2.761616 
333 2.557946 
334 -2.697556 
335 2.492045 
336 -2.661093 
337 2.452750 
338 -2.645218 
339 2.473098 
340 -2.688958 
341 2.544059 
342 -2.734295 
343 2.598885 
344 -2.778096 
345 2.610045 
346 -2.777368 
347 2.558798 
348 -2.720226 
349 2.486613 
350 -2.624720 
351 2.412471 
352 -2.541382 
353 2.353781 
354 -2.526603 
355 2.348671 
356 -2.561626 
357 2.364621 
358 -2.596952 
359 2.405067 
360 -2.592888 
361 2.415060 
362 -2.565512 
363 2.394562 
364 -2.538905 
365 2.345822 
366 -2.528078 
367 2.310671 
368 -2.532307 
369 2.337099 
370 -2.558627 
371 2.408187 
372 -2.594978 
373 2.452268 
374 -2.624704 
375 2.427533 
376 -2.628567 
377 2.376946 
378 -2.569019 
379 2.308893 
380 -2.456280 
381 2.248864 
382 -2.371264 
383 2.191514 
384 -2.357852 
385 2.195013 
386 -2.420183 
387 2.243229 
388 -2.492756 
389 2.315284 
390 -2.565055 
391 2.394238 
392 -2.605933 
393 2.441551 
394 -2.629829 
395 2.455107 
396 -2.632010 
397 2.420385 
398 -2.618764 
399 2.381024 
400 -2.594678 
401 2.350469 
402 -2.553073 
403 2.325420 
404 -2.504718 
405 2.292116 
406 -2.468004 
407 2.282697 
408 -2.470606 
409 2.295262 
410 -2.516557 
411 2.333274 
412 -2.606351 
413 2.411634 
414 -2.718287 
415 2.513448 
416 -2.798123 
417 2.609908 
418 -2.810535 
419 2.624885 
420 -2.764334 
421 2.551475 
422 -2.712338 
423 2.431779 
424 -2.642944 
425 2.335681 
426 -2.596512 
427 2.346867 
428 -2.598698 
429 2.439454 
430 -2.677038 
431 2.566923 
432 -2.815505 
433 2.649712 
434 -2.922674 
435 2.695973 
436 -2.957893 
437 2.707235 
438 -2.896555 
439 2.657955 
440 -2.803468 
441 2.565707 
442 -2.719728 
443 2.471944 
444 -2.699349 
445 2.462192 
446 -2.706079 
447 2.521555 
448 -2.749551 
449 2.596868 
450 -2.837052 
451 2.654078 
452 -2.933529 
453 2.711709 
454 -2.984258 
455 2.755457 
456 -2.952344 
457 2.752951 
458 -2.904477 
459 2.709035 
460 -2.858738 
461 2.617483 
462 -2.809378 
463 2.548930 
464 -2.755666 
465 2.495137 
466 -2.717129 
467 2.484156 
468 -2.716347 
469 2.516912 
470 -2.737298 
471 2.557643 
472 -2.779885 
473 2.603321 
474 -2.831412 
475 2.627032 
476 -2.855607 
477 2.634762 
478 -2.838802 
479 2.589117 
480 -2.774573 
481 2.528011 
482 -2.718442 
483 2.472031 
484 -2.669166 
485 2.428048 
486 -2.659149 
487 2.404962 
488 -2.651929 
489 2.432356 
490 -2.644787 
491 2.449805 
492 -2.634456 
493 2.408894 
494 -2.595587 
495 2.364444 
496 -2.545404 
497 2.311011 
498 -2.495856 
499 2.274578 
500 -2.498732 
501 2.273615 
502 -2.515795 
503 2.311514 
504 -2.558858 
505 2.380357 
506 -2.583800 
507 2.397243 
508 -2.582810 
509 2.366556 
510 -2.540939 
511 2.292929 
512 -2.469286 
513 2.237858 
514 -2.407596 
515 2.193313 
516 -2.381307 
517 2.186670 
518 -2.415159 
519 2.236076 
520 -2.489571 
521 2.321000 
522 -2.564709 
523 2.397566 
524 -2.600352 
525 2.418335 
526 -2.614910 
527 2.390441 
528 -2.569428 
529 2.323422 
530 -2.485299 
531 2.245786 
532 -2.407151 
533 2.190778 
534 -2.366721 
535 2.186063 
536 -2.398258 
537 2.222036 
538 -2.475740 
539 2.290791 
540 -2.577628 
541 2.394333 
542 -2.668925 
543 2.509829 
544 -2.731902 
545 2.586002 
546 -2.767713 
547 2.590704 
548 -2.766573 
549 2.559280 
550 -2.732013 
551 2.514139 
552 -2.685367 
553 2.457279 
554 -2.650058 
555 2.438709 
556 -2.659440 
557 2.491727 
558 -2.723683 
559 2.591252 
560 -2.828649 
561 2.693793 
562 -2.940613 
563 2.778479 
564 -3.011922 
565 2.804025 
566 -2.993792 
567 2.757867 
568 -2.896977 
569 2.652206 
570 -2.775553 
571 2.536778 
572 -2.679255 
573 2.465511 
574 -2.658191 
575 2.453170 
576 -2.711982 
577 2.521033 
578 -2.809763 
579 2.626297 
580 -2.900263 
581 2.736505 
582 -2.953958 
583 2.787382 
584 -2.950758 
585 2.762353 
586 -2.927917 
587 2.689362 
588 -2.879681 
589 2.607232 
590 -2.807810 
591 2.540072 
592 -2.736660 
593 2.508565 
594 -2.702911 
595 2.501871 
596 -2.721104 
597 2.500079 
598 -2.737943 
599 2.528848 
600 -2.762006 
601 2.573718 
602 -2.768564 
603 2.594245 
604 -2.782646 
605 2.557932 
606 -2.756149 
607 2.484917 
608 -2.690873 
609 2.406302 
610 -2.576812 
611 2.334754 
612 -2.485353 
613 2.258267 
614 -2.461431 
615 2.224168 
616 -2.472277 
617 2.281519 
618 -2.516740 
619 2.366731 
620 -2.570996 
621 2.397168 
622 -2.604797 
623 2.383951 
624 -2.578047 
625 2.319803 
626 -2.504226 
627 2.242433 
628 -2.421072 
629 2.173024 
630 -2.383979 
631 2.176019 
632 -2.419220 
633 2.240496 
634 -2.481681 
635 2.320291 
636 -2.545843 
637 2.376348 
638 -2.571312 
639 2.355109 
640 -2.547803 
641 2.288954 
642 -2.479068 
643 2.197799 
644 -2.407603 
645 2.164468 
646 -2.386847 
647 2.181028 
648 -2.434337 
649 2.256673 
650 -2.533648 
651 2.337434 
652 -2.611101 
653 2.406414 
654 -2.637950 
655 2.425022 
656 -2.605226 
657 2.360942 
658 -2.534551 
659 2.268671 
660 -2.466333 
661 2.201101 
662 -2.433196 
663 2.205048 
664 -2.466472 
665 2.257170 
666 -2.533896 
667 2.367937 
668 -2.648557 
669 2.501099 
670 -2.768233 
671 2.601864 
672 -2.858145 
673 2.651201 
674 -2.884061 
675 2.663268 
676 -2.848938 
677 2.627180 
678 -2.803156 
679 2.537824 
680 -2.741230 
681 2.437781 
682 -2.674875 
683 2.403275 
684 -2.603172 
685 2.419533 
686 -2.622302 
687 2.466779 
688 -2.716598 
689 2.545997 
690 -2.859113 
691 2.673113 
692 -2.969073 
693 2.789672 
694 -3.014685 
695 2.816187 
696 -2.993874 
697 2.726888 
698 -2.905261 
699 2.586177 
700 -2.783871 
701 2.474406 
702 -2.661452 
703 2.422405 
704 -2.630832 
705 2.455099 
706 -2.703916 
707 2.542126 
708 -2.835392 
709 2.658462 
710 -2.938473 
711 2.746011 
712 -2.974876 
713 2.764270 
714 -2.949883 
715 2.703743 
716 -2.877419 
717 2.589753 
718 -2.780514 
719 2.498110 
720 -2.698258 
721 2.434291 
722 -2.641840 
723 2.414840 
724 -2.621233 
725 2.412763 
726 -2.621490 
727 2.439259 
728 -2.654826 
729 2.452241 
730 -2.713568 
731 2.475446 
732 -2.745403 
733 2.515616 
734 -2.730067 
735 2.543562 
736 -2.719373 
737 2.505269 
738 -2.715566 
739 2.413127 
740 -2.648467 
741 2.350314 
742 -2.535094 
743 2.312881 
744 -2.453747 
745 2.286012 
746 -2.472957 
747 2.253558 
748 -2.526359 
749 2.281486 
750 -2.571001 
751 2.363118 
752 -2.572516 
753 2.399641 
754 -2.573427 
755 2.350490 
756 -2.551236 
757 2.262900 
758 -2.489007 
759 2.208601 
760 -2.427376 
761 2.196535 
762 -2.401348 
763 2.221196 
764 -2.453291 
765 2.265227 
766 -2.525410 
767 2.320225 
768 -2.584418 
769 2.344751 
770 -2.558958 
771 2.314075 
772 -2.495166 
773 2.236573 
774 -2.424113 
775 2.160858 
776 -2.382908 
777 2.151244 
778 -2.394362 
779 2.204343 
780 -2.467154 
781 2.308870 
782 -2.571689 
783 2.389434 
784 -2.631966 
785 2.409377 
786 -2.638570 
787 2.376091 
788 -2.576909 
789 2.301636 
790 -2.513106 
791 2.240130 
792 -2.469858 
793 2.230115 
794 -2.500634 
795 2.299629 
796 -2.573763 
797 2.418081 
798 -2.677979 
799 2.513836 
800 -2.759320 
801 2.569198 
802 -2.796401 
803 2.547795 
804 -2.785249 
805 2.495808 
806 -2.733852 
807 2.413622 
808 -2.666129 
809 2.376784 
810 -2.607960 
811 2.369531 
812 -2.595865 
813 2.395375 
814 -2.636877 
815 2.419758 
816 -2.717168 
817 2.489450 
818 -2.830443 
819 2.606179 
820 -2.932543 
821 2.719109 
822 -2.999026 
823 2.777356 
824 -3.022442 
825 2.741752 
826 -2.969201 
827 2.636523 
828 -2.851234 
829 2.490809 
830 -2.701742 
831 2.372294 
832 -2.611348 
833 2.333227 
834 -2.623907 
835 2.408669 
836 -2.732979 
837 2.563777 
838 -2.897508 
839 2.723025 
840 -3.041089 
841 2.793367 
842 -3.099225 
843 2.744306 
844 -2.992694 
845 2.607181 
846 -2.795363 
847 2.438665 
848 -2.606338 
849 2.297696 
850 -2.517747 
851 2.235925 
852 -2.515870 
853 2.260805 
854 -2.594781 
855 2.362314 
856 -2.696577 
857 2.448483 
858 -2.769696 
859 2.504798 
860 -2.798962 
861 2.517832 
862 -2.790327 
863 2.490026 
864 -2.774460 
865 2.455006 
866 -2.737709 
867 2.406228 
868 -2.677766 
869 2.355880 
870 -2.601746 
871 2.266952 
872 -2.528477 
873 2.179690 
874 -2.458255 
875 2.119351 
876 -2.419948 
877 2.140174 
878 -2.471132 
879 2.224086 
880 -2.599222 
881 2.344801 
882 -2.732953 
883 2.423553 
884 -2.794691 
885 2.448040 
886 -2.741490 
887 2.390426 
888 -2.602407 
889 2.238184 
890 -2.449937 
891 2.081851 
892 -2.380068 
893 2.006540 
894 -2.384774 
895 2.062221 
896 -2.466388 
897 2.187221 
898 -2.555772 
899 2.307279 
900 -2.643297 
901 2.354669 
902 -2.684197 
903 2.298830 
904 -2.653379 
905 2.251220 
906 -2.569523 
907 2.238595 
908 -2.539737 
909 2.281501 
910 -2.593265 
911 2.350567 
912 -2.692833 
913 2.410338 
914 -2.781098 
915 2.420133 
916 -2.789410 
917 2.391205 
918 -2.720975 
919 2.317526 
920 -2.613465 
921 2.264785 
922 -2.556044 
923 2.245308 
924 -2.584496 
925 2.285832 
926 -2.656042 
927 2.376106 
928 -2.748301 
929 2.455211 
930 -2.837034 
931 2.479519 
932 -2.891876 
933 2.481143 
934 -2.838524 
935 2.490182 
936 -2.752904 
937 2.469978 
938 -2.729587 
939 2.413504 
940 -2.780305 
941 2.379841 
942 -2.825696 
943 2.436113 
944 -2.825592 
945 2.537662 
946 -2.855673 
947 2.619597 
948 -2.934387 
949 2.630643 
950 -3.019946 
951 2.624183 
952 -3.051567 
953 2.650637 
954 -3.046272 
955 2.663824 
956 -2.987655 
957 2.633177 
958 -2.935911 
959 2.568773 
960 -2.895953 
961 2.533238 
962 -2.863531 
963 2.517771 
964 -2.876981 
965 2.555059 
966 -2.931103 
967 2.618368 
968 -3.037874 
969 2.689057 
970 -3.117767 
971 2.718041 
972 -3.123459 
973 2.719698 
974 -3.049400 
975 2.645196 
976 -2.922294 
977 2.517176 
978 -2.787264 
979 2.377045 
980 -2.706361 
981 2.286515 
982 -2.686574 
983 2.298651 
984 -2.730366 
985 2.371636 
986 -2.788732 
987 2.462750 
988 -2.856040 
989 2.497619 
990 -2.878400 
991 2.496964 
992 -2.865720 
993 2.447760 
994 -2.788448 
995 2.366371 
996 -2.718113 
997 2.301092 
998 -2.639141 
999 2.260047 
1000 -2.586445 
1001 2.202608 
1002 -2.555041 
1003 2.153132 
1004 -2.534448 
1005 2.144110 
1006 -2.542451 
1007 2.143456 
1008 -2.560177 
1009 2.179290 
1010 -2.587345 
1011 2.229375 
1012 -2.613081 
1013 2.281844 
1014 -2.641188 
1015 2.300928 
1016 -2.638964 
1017 2.241843 
1018 -2.605483 
1019 2.164606 
1020 -2.512555 
1021 2.087290 
1022 -2.434523 
1023 2.048544 
