0 -0.000117 
1 -0.000274 
2 -0.000431 
3 -0.000537 
4 -0.000546 
5 -0.000457 
6 -0.000309 
7 -0.000159 
8 -0.000088 
9 -0.000123 
10 -0.000167 
11 -0.000177 
12 -0.000248 
13 -0.000364 
14 -0.000404 
15 -0.000373 
16 -0.000342 
17 -0.000284 
18 -0.000157 
19 -0.000038 
20 -0.000052 
21 -0.000149 
22 -0.000165 
23 -0.000123 
24 -0.000178 
25 -0.000334 
26 -0.000458 
27 -0.000436 
28 -0.000299 
29 -0.000212 
30 -0.000217 
31 -0.000239 
32 -0.000251 
33 -0.000216 
34 -0.000076 
35 0.000115 
36 0.000251 
37 0.000249 
38 0.000122 
39 -0.000027 
40 -0.000149 
41 -0.000336 
42 -0.000594 
43 -0.000758 
44 -0.000738 
45 -0.000626 
46 -0.000495 
47 -0.000265 
48 0.000023 
49 0.000211 
50 0.000280 
51 0.000347 
52 0.000470 
53 0.000444 
54 0.000157 
55 -0.000167 
56 -0.000348 
57 -0.000511 
58 -0.000652 
59 -0.000527 
60 -0.000109 
61 0.000234 
62 0.000269 
63 0.000175 
64 0.000205 
65 0.000292 
66 0.000267 
67 0.000260 
68 0.000357 
69 0.000274 
70 -0.000123 
71 -0.000433 
72 -0.000419 
73 -0.000334 
74 -0.000285 
75 -0.000137 
76 0.000013 
77 0.000116 
78 0.000213 
79 0.000292 
80 0.000385 
81 0.000450 
82 0.000404 
83 0.000413 
84 0.000488 
85 0.000455 
86 0.000426 
87 0.000476 
88 0.000329 
89 0.000059 
90 0.000040 
91 0.000225 
92 0.000406 
93 0.000634 
94 0.000827 
95 0.000742 
96 0.000371 
97 0.000022 
98 -0.000080 
99 0.000089 
100 0.000264 
101 0.000435 
102 0.000778 
103 0.001052 
104 0.000890 
105 0.000515 
106 0.000463 
107 0.000681 
108 0.000641 
109 0.000293 
110 0.000095 
111 0.000303 
112 0.000643 
113 0.000744 
114 0.000692 
115 0.000648 
116 0.000515 
117 0.000265 
118 0.000165 
119 0.000370 
120 0.000654 
121 0.000747 
122 0.000711 
123 0.000800 
124 0.000979 
125 0.001035 
126 0.000999 
127 0.001001 
128 0.001063 
129 0.000995 
130 0.000735 
131 0.000570 
132 0.000703 
133 0.000837 
134 0.000757 
135 0.000658 
136 0.000808 
137 0.001201 
138 0.001498 
139 0.001406 
140 0.001078 
141 0.000818 
142 0.000429 
143 -0.000103 
144 -0.000216 
145 0.000012 
146 0.000204 
147 0.000494 
148 0.000991 
149 0.001384 
150 0.001359 
151 0.000951 
152 0.000534 
153 0.000377 
154 0.000399 
155 0.000445 
156 0.000552 
157 0.000753 
158 0.000847 
159 0.000599 
160 0.000392 
161 0.000327 
162 0.000018 
163 -0.000337 
164 -0.000428 
165 -0.000504 
166 -0.000507 
167 -0.000364 
168 -0.000183 
169 0.000115 
170 0.000272 
171 -0.000165 
172 -0.000817 
173 -0.001132 
174 -0.001205 
175 -0.001080 
176 -0.000687 
177 -0.000034 
178 0.000560 
179 0.000747 
180 0.000541 
181 0.000487 
182 0.000649 
183 0.000486 
184 -0.000145 
185 -0.000594 
186 -0.000673 
187 -0.000732 
188 -0.000558 
189 -0.000058 
190 0.000393 
191 0.000470 
192 0.000086 
193 -0.000144 
194 0.000277 
195 0.000438 
196 -0.000230 
197 -0.001022 
198 -0.001346 
199 -0.001326 
200 -0.001361 
201 -0.001521 
202 -0.000907 
203 0.000397 
204 0.001067 
205 0.000738 
206 0.000244 
207 0.000136 
208 0.000187 
209 0.000020 
210 0.000035 
211 0.000156 
212 -0.000362 
213 -0.001240 
214 -0.001338 
215 -0.000659 
216 -0.000239 
217 -0.000606 
218 -0.001209 
219 -0.001508 
220 -0.001373 
221 -0.000834 
222 -0.000181 
223 0.000192 
224 -0.000009 
225 -0.000885 
226 -0.001760 
227 -0.001764 
228 -0.001109 
229 -0.000788 
230 -0.001241 
231 -0.001942 
232 -0.002125 
233 -0.001690 
234 -0.000706 
235 0.000278 
236 0.000426 
237 -0.000069 
238 -0.000605 
239 -0.000857 
240 -0.000878 
241 -0.001029 
242 -0.001791 
243 -0.002664 
244 -0.002761 
245 -0.002419 
246 -0.002134 
247 -0.001683 
248 -0.001253 
249 -0.001192 
250 -0.000962 
251 -0.000311 
252 0.000269 
253 0.000729 
254 0.000822 
255 -0.000004 
256 -0.001390 
257 -0.002233 
258 -0.002404 
259 -0.002576 
260 -0.003028 
261 -0.003201 
262 -0.002660 
263 -0.001748 
264 -0.000909 
265 -0.000169 
266 0.000555 
267 0.000866 
268 0.000643 
269 0.000726 
270 0.001229 
271 0.000944 
272 -0.000348 
273 -0.001444 
274 -0.001527 
275 -0.000809 
276 0.000061 
277 0.000310 
278 0.000097 
279 -0.000143 
280 0.000504 
281 0.001929 
282 0.002367 
283 0.001431 
284 0.000045 
285 -0.001268 
286 -0.002122 
287 -0.002432 
288 -0.002275 
289 -0.001474 
290 -0.000650 
291 0.000318 
292 0.001864 
293 0.002543 
294 0.001594 
295 0.000060 
296 -0.001802 
297 -0.003393 
298 -0.003616 
299 -0.003455 
300 -0.003281 
301 -0.002289 
302 -0.001084 
303 -0.000421 
304 -0.000105 
305 0.000207 
306 0.000425 
307 -0.000105 
308 -0.000971 
309 -0.000887 
310 -0.000216 
311 0.000106 
312 0.000294 
313 0.001106 
314 0.002329 
315 0.002354 
316 0.000634 
317 -0.000842 
318 -0.000858 
319 -0.000342 
320 0.000487 
321 0.001667 
322 0.002483 
323 0.002901 
324 0.003515 
325 0.004104 
326 0.004105 
327 0.003208 
328 0.001340 
329 -0.001131 
330 -0.002945 
331 -0.002885 
332 -0.000802 
333 0.001311 
334 0.001885 
335 0.001604 
336 0.001730 
337 0.001969 
338 0.001614 
339 0.001193 
340 0.001300 
341 0.001010 
342 -0.000042 
343 -0.000150 
344 0.000805 
345 0.001539 
346 0.001508 
347 0.000989 
348 0.000130 
349 -0.000920 
350 -0.001446 
351 -0.000446 
352 0.001719 
353 0.003255 
354 0.003317 
355 0.002677 
356 0.002297 
357 0.002142 
358 0.001768 
359 0.001012 
360 -0.000012 
361 -0.000091 
362 0.001510 
363 0.003420 
364 0.004739 
365 0.005475 
366 0.005126 
367 0.003456 
368 0.001406 
369 -0.000349 
370 -0.001714 
371 -0.002729 
372 -0.002827 
373 -0.001681 
374 -0.000212 
375 0.000344 
376 0.001033 
377 0.003052 
378 0.004195 
379 0.003091 
380 0.001728 
381 0.000907 
382 -0.000166 
383 -0.001386 
384 -0.002144 
385 -0.001656 
386 -0.000899 
387 -0.000935 
388 -0.000636 
389 0.000444 
390 0.000804 
391 0.000892 
392 0.002161 
393 0.004211 
394 0.005019 
395 0.004241 
396 0.002768 
397 0.000619 
398 -0.001940 
399 -0.003738 
400 -0.003573 
401 -0.001472 
402 0.001075 
403 0.002540 
404 0.003203 
405 0.003840 
406 0.003732 
407 0.002775 
408 0.001600 
409 0.000745 
410 0.000278 
411 0.000324 
412 0.000653 
413 0.001111 
414 0.000837 
415 -0.000455 
416 -0.001759 
417 -0.002098 
418 -0.001197 
419 0.000390 
420 0.001111 
421 0.001451 
422 0.002063 
423 0.001908 
424 0.000809 
425 0.000112 
426 -0.000758 
427 -0.002608 
428 -0.004139 
429 -0.003710 
430 -0.001839 
431 -0.001063 
432 -0.001759 
433 -0.002086 
434 -0.001425 
435 -0.001143 
436 -0.001254 
437 -0.000527 
438 0.001225 
439 0.002694 
440 0.003391 
441 0.003897 
442 0.003548 
443 0.001547 
444 -0.001278 
445 -0.003423 
446 -0.003710 
447 -0.002266 
448 -0.000353 
449 0.001473 
450 0.003277 
451 0.004241 
452 0.003235 
453 0.000265 
454 -0.002639 
455 -0.003947 
456 -0.003847 
457 -0.002827 
458 -0.001383 
459 0.000312 
460 0.001926 
461 0.002615 
462 0.001801 
463 0.000594 
464 -0.000336 
465 -0.001418 
466 -0.002079 
467 -0.001428 
468 -0.000451 
469 -0.000005 
470 0.000650 
471 0.001009 
472 0.000216 
473 -0.001149 
474 -0.002172 
475 -0.001888 
476 -0.000129 
477 0.001003 
478 0.000628 
479 0.000715 
480 0.000754 
481 -0.000889 
482 -0.002848 
483 -0.004385 
484 -0.006181 
485 -0.007722 
486 -0.007851 
487 -0.006009 
488 -0.002404 
489 0.000724 
490 0.001620 
491 0.001177 
492 -0.000051 
493 -0.002362 
494 -0.004173 
495 -0.004112 
496 -0.003646 
497 -0.004104 
498 -0.003674 
499 -0.001036 
500 0.001860 
501 0.002731 
502 0.001533 
503 -0.000347 
504 -0.001990 
505 -0.003389 
506 -0.003883 
507 -0.002091 
508 0.000385 
509 0.000573 
510 -0.000351 
511 -0.000574 
512 -0.001340 
513 -0.003247 
514 -0.005139 
515 -0.006409 
516 -0.006503 
517 -0.005352 
518 -0.003483 
519 -0.001646 
520 -0.000799 
521 -0.001182 
522 -0.001661 
523 -0.001764 
524 -0.002695 
525 -0.004189 
526 -0.004664 
527 -0.004208 
528 -0.003835 
529 -0.003200 
530 -0.001691 
531 -0.000158 
532 -0.000162 
533 -0.001203 
534 -0.001348 
535 -0.000835 
536 -0.001470 
537 -0.003287 
538 -0.004745 
539 -0.004525 
540 -0.003004 
541 -0.002053 
542 -0.002086 
543 -0.002277 
544 -0.002374 
545 -0.001990 
546 -0.000459 
547 0.001628 
548 0.003077 
549 0.002999 
550 0.001607 
551 0.000011 
552 -0.001325 
553 -0.003353 
554 -0.006075 
555 -0.007776 
556 -0.007560 
557 -0.006401 
558 -0.005051 
559 -0.002694 
560 0.000172 
561 0.001990 
562 0.002690 
563 0.003490 
564 0.004776 
565 0.004465 
566 0.001615 
567 -0.001467 
568 -0.003091 
569 -0.004536 
570 -0.005814 
571 -0.004705 
572 -0.000944 
573 0.002171 
574 0.002565 
575 0.001777 
576 0.002026 
577 0.002729 
578 0.002447 
579 0.002307 
580 0.003090 
581 0.002484 
582 -0.000618 
583 -0.003026 
584 -0.002882 
585 -0.002168 
586 -0.001738 
587 -0.000621 
588 0.000478 
589 0.001267 
590 0.002005 
591 0.002512 
592 0.003074 
593 0.003459 
594 0.003063 
595 0.003018 
596 0.003448 
597 0.003211 
598 0.003004 
599 0.003251 
600 0.002184 
601 0.000398 
602 0.000286 
603 0.001445 
604 0.002507 
605 0.003826 
606 0.004958 
607 0.004419 
608 0.002148 
609 -0.000020 
610 -0.000688 
611 0.000290 
612 0.001316 
613 0.002290 
614 0.004201 
615 0.005757 
616 0.004954 
617 0.002966 
618 0.002653 
619 0.003724 
620 0.003437 
621 0.001535 
622 0.000414 
623 0.001401 
624 0.003079 
625 0.003560 
626 0.003289 
627 0.003104 
628 0.002567 
629 0.001489 
630 0.001074 
631 0.002009 
632 0.003266 
633 0.003654 
634 0.003474 
635 0.003826 
636 0.004530 
637 0.004678 
638 0.004434 
639 0.004325 
640 0.004451 
641 0.004084 
642 0.003018 
643 0.002345 
644 0.002797 
645 0.003242 
646 0.002897 
647 0.002506 
648 0.003028 
649 0.004421 
650 0.005440 
651 0.005060 
652 0.003844 
653 0.002858 
654 0.001459 
655 -0.000372 
656 -0.000771 
657 -0.000053 
658 0.000545 
659 0.001476 
660 0.003074 
661 0.004337 
662 0.004263 
663 0.002977 
664 0.001680 
665 0.001183 
666 0.001240 
667 0.001386 
668 0.001699 
669 0.002267 
670 0.002532 
671 0.001833 
672 0.001229 
673 0.000989 
674 0.000102 
675 -0.000865 
676 -0.001096 
677 -0.001292 
678 -0.001280 
679 -0.000843 
680 -0.000291 
681 0.000536 
682 0.000976 
683 -0.000062 
684 -0.001626 
685 -0.002412 
686 -0.002647 
687 -0.002414 
688 -0.001561 
689 -0.000134 
690 0.001157 
691 0.001550 
692 0.001074 
693 0.000942 
694 0.001310 
695 0.000978 
696 -0.000365 
697 -0.001294 
698 -0.001435 
699 -0.001555 
700 -0.001253 
701 -0.000349 
702 0.000459 
703 0.000564 
704 -0.000238 
705 -0.000727 
706 0.000094 
707 0.000473 
708 -0.000659 
709 -0.002012 
710 -0.002570 
711 -0.002564 
712 -0.002655 
713 -0.002928 
714 -0.001828 
715 0.000406 
716 0.001495 
717 0.000933 
718 0.000196 
719 0.000139 
720 0.000301 
721 0.000036 
722 0.000040 
723 0.000216 
724 -0.000607 
725 -0.001960 
726 -0.002096 
727 -0.001085 
728 -0.000492 
729 -0.001057 
730 -0.001930 
731 -0.002321 
732 -0.002077 
733 -0.001271 
734 -0.000311 
735 0.000243 
736 -0.000033 
737 -0.001259 
738 -0.002470 
739 -0.002468 
740 -0.001587 
741 -0.001182 
742 -0.001798 
743 -0.002695 
744 -0.002894 
745 -0.002334 
746 -0.001133 
747 0.000064 
748 0.000248 
749 -0.000359 
750 -0.001028 
751 -0.001314 
752 -0.001281 
753 -0.001401 
754 -0.002266 
755 -0.003247 
756 -0.003284 
757 -0.002830 
758 -0.002502 
759 -0.002021 
760 -0.001552 
761 -0.001454 
762 -0.001172 
763 -0.000467 
764 0.000152 
765 0.000652 
766 0.000776 
767 -0.000032 
768 -0.001393 
769 -0.002221 
770 -0.002395 
771 -0.002564 
772 -0.002968 
773 -0.003059 
774 -0.002469 
775 -0.001555 
776 -0.000737 
777 -0.000025 
778 0.000659 
779 0.000944 
780 0.000702 
781 0.000710 
782 0.001111 
783 0.000864 
784 -0.000216 
785 -0.001114 
786 -0.001149 
787 -0.000522 
788 0.000182 
789 0.000322 
790 0.000082 
791 -0.000156 
792 0.000311 
793 0.001382 
794 0.001705 
795 0.001012 
796 0.000013 
797 -0.000903 
798 -0.001480 
799 -0.001672 
800 -0.001546 
801 -0.000977 
802 -0.000418 
803 0.000229 
804 0.001281 
805 0.001750 
806 0.001107 
807 0.000063 
808 -0.001183 
809 -0.002207 
810 -0.002313 
811 -0.002166 
812 -0.002008 
813 -0.001337 
814 -0.000548 
815 -0.000108 
816 0.000115 
817 0.000317 
818 0.000427 
819 0.000088 
820 -0.000410 
821 -0.000326 
822 0.000089 
823 0.000274 
824 0.000349 
825 0.000759 
826 0.001405 
827 0.001422 
828 0.000518 
829 -0.000261 
830 -0.000275 
831 0.000002 
832 0.000445 
833 0.001046 
834 0.001437 
835 0.001618 
836 0.001882 
837 0.002121 
838 0.002074 
839 0.001616 
840 0.000721 
841 -0.000431 
842 -0.001258 
843 -0.001219 
844 -0.000284 
845 0.000638 
846 0.000874 
847 0.000742 
848 0.000790 
849 0.000885 
850 0.000732 
851 0.000553 
852 0.000580 
853 0.000462 
854 0.000086 
855 0.000091 
856 0.000461 
857 0.000699 
858 0.000650 
859 0.000450 
860 0.000137 
861 -0.000274 
862 -0.000503 
863 -0.000143 
864 0.000674 
865 0.001272 
866 0.001334 
867 0.001122 
868 0.000969 
869 0.000889 
870 0.000747 
871 0.000486 
872 0.000134 
873 0.000071 
874 0.000543 
875 0.001138 
876 0.001566 
877 0.001803 
878 0.001684 
879 0.001160 
880 0.000549 
881 0.000049 
882 -0.000343 
883 -0.000650 
884 -0.000690 
885 -0.000369 
886 0.000033 
887 0.000168 
888 0.000335 
889 0.000866 
890 0.001157 
891 0.000850 
892 0.000482 
893 0.000270 
894 0.000006 
895 -0.000298 
896 -0.000491 
897 -0.000369 
898 -0.000179 
899 -0.000195 
900 -0.000145 
901 0.000097 
902 0.000185 
903 0.000212 
904 0.000493 
905 0.000941 
906 0.001115 
907 0.000947 
908 0.000628 
909 0.000165 
910 -0.000376 
911 -0.000745 
912 -0.000708 
913 -0.000283 
914 0.000227 
915 0.000518 
916 0.000641 
917 0.000755 
918 0.000736 
919 0.000575 
920 0.000378 
921 0.000224 
922 0.000129 
923 0.000129 
924 0.000187 
925 0.000256 
926 0.000182 
927 -0.000063 
928 -0.000289 
929 -0.000338 
930 -0.000180 
931 0.000084 
932 0.000205 
933 0.000271 
934 0.000376 
935 0.000350 
936 0.000168 
937 0.000045 
938 -0.000101 
939 -0.000387 
940 -0.000620 
941 -0.000563 
942 -0.000298 
943 -0.000190 
944 -0.000284 
945 -0.000319 
946 -0.000213 
947 -0.000163 
948 -0.000171 
949 -0.000068 
950 0.000170 
951 0.000359 
952 0.000437 
953 0.000485 
954 0.000425 
955 0.000163 
956 -0.000192 
957 -0.000453 
958 -0.000478 
959 -0.000294 
960 -0.000059 
961 0.000161 
962 0.000373 
963 0.000483 
964 0.000365 
965 0.000030 
966 -0.000290 
967 -0.000431 
968 -0.000418 
969 -0.000307 
970 -0.000150 
971 0.000032 
972 0.000204 
973 0.000272 
974 0.000182 
975 0.000053 
976 -0.000045 
977 -0.000153 
978 -0.000216 
979 -0.000152 
980 -0.000056 
981 -0.000012 
982 0.000053 
983 0.000087 
984 0.000007 
985 -0.000127 
986 -0.000229 
987 -0.000209 
988 -0.000050 
989 0.000052 
990 0.000019 
991 0.000029 
992 0.000035 
993 -0.000111 
994 -0.000286 
995 -0.000424 
996 -0.000582 
997 -0.000717 
998 -0.000727 
999 -0.000566 
1000 -0.000256 
1001 0.000011 
1002 0.000088 
1003 0.000055 
1004 -0.000041 
1005 -0.000225 
1006 -0.000372 
1007 -0.000369 
1008 -0.000336 
1009 -0.000378 
1010 -0.000345 
1011 -0.000130 
1012 0.000107 
1013 0.000183 
1014 0.000097 
1015 -0.000043 
1016 -0.000166 
1017 -0.000276 
1018 -0.000318 
1019 -0.000180 
1020 0.000015 
1021 0.000029 
1022 -0.000046 
1023 -0.000068 
