0 0.640065 
1 -0.217968 
2 -0.111783 
3 0.106385 
4 -0.089116 
5 0.039665 
6 -0.037484 
7 0.011006 
8 -0.026346 
9 -0.028034 
10 0.091315 
11 -0.047812 
12 0.042868 
13 0.039963 
14 -0.088398 
15 0.058166 
16 0.004342 
17 -0.009083 
18 0.070206 
19 0.009732 
20 -0.059863 
21 0.037728 
22 -0.076444 
23 0.027213 
24 -0.022487 
25 0.034495 
26 -0.058155 
27 0.009116 
28 -0.117241 
29 0.100206 
30 -0.104566 
31 0.064950 
32 0.024039 
33 -0.082367 
34 -0.019321 
35 0.021704 
36 -0.051395 
37 0.056715 
38 0.013445 
39 0.022796 
40 -0.044061 
41 0.049743 
42 -0.056098 
43 0.069461 
44 -0.021939 
45 0.067653 
46 -0.054162 
47 0.032867 
48 -0.040863 
49 0.016078 
50 0.000034 
51 0.011631 
52 -0.002059 
53 0.023759 
54 -0.077572 
55 0.041436 
56 -0.038988 
57 -0.049432 
58 0.073679 
59 -0.047452 
60 0.058567 
61 0.026519 
62 -0.016866 
63 0.034340 
64 -0.044718 
65 0.027688 
66 0.064902 
67 -0.027367 
68 0.059082 
69 -0.016146 
70 -0.024486 
71 0.019017 
72 0.017179 
73 -0.025255 
74 0.076116 
75 -0.051715 
76 -0.003936 
77 -0.013057 
78 -0.089032 
79 0.087717 
80 -0.034809 
81 0.013121 
82 0.033154 
83 -0.067739 
84 -0.048760 
85 -0.008513 
86 -0.047300 
87 0.070265 
88 -0.070223 
89 0.044665 
90 -0.048303 
91 -0.029857 
92 -0.030741 
93 0.077366 
94 -0.065675 
95 0.113766 
96 -0.078200 
97 0.034227 
98 -0.042066 
99 -0.010202 
100 0.035885 
101 0.028055 
102 0.005827 
103 0.070767 
104 -0.063907 
105 -0.003429 
106 -0.046586 
107 0.036504 
108 -0.009555 
109 0.019177 
110 0.032158 
111 -0.016368 
112 -0.096312 
113 0.102720 
114 -0.070680 
115 0.045059 
116 0.004832 
117 0.004333 
118 -0.074919 
119 -0.000080 
120 -0.011894 
121 0.006443 
122 -0.001535 
123 0.066452 
124 -0.077604 
125 0.023219 
126 -0.025403 
127 0.004912 
128 -0.029860 
129 0.090302 
130 -0.073745 
131 0.066935 
132 -0.038881 
133 -0.010648 
134 0.024066 
135 0.027628 
136 -0.062619 
137 0.036029 
138 -0.055499 
139 -0.014298 
140 -0.029928 
141 0.019730 
142 -0.050282 
143 0.015757 
144 -0.038896 
145 0.013999 
146 -0.060213 
147 0.036079 
148 -0.035508 
149 -0.032587 
150 -0.035386 
151 0.071279 
152 -0.077947 
153 0.102803 
154 -0.025298 
155 0.041881 
156 -0.069810 
157 0.031686 
158 0.007045 
159 -0.012793 
160 0.058565 
161 0.042153 
162 -0.032812 
163 0.028932 
164 -0.053704 
165 0.060897 
166 -0.045926 
167 0.074769 
168 -0.035821 
169 -0.033006 
170 -0.012470 
171 0.017001 
172 -0.064937 
173 0.059941 
174 0.002421 
175 0.017350 
176 -0.045169 
177 0.015865 
178 -0.041197 
179 0.022335 
180 -0.015227 
181 0.077997 
182 -0.024174 
183 -0.002927 
184 0.017690 
185 -0.051615 
186 0.053222 
187 0.028151 
188 0.012334 
189 0.007620 
190 -0.061161 
191 -0.003081 
192 -0.034429 
193 0.034756 
194 0.027166 
195 0.031816 
196 -0.010190 
197 -0.080496 
198 0.004855 
199 -0.041305 
200 0.028157 
201 0.016635 
202 0.033853 
203 -0.036932 
204 -0.053300 
205 0.049556 
206 -0.038876 
207 0.040951 
208 0.044746 
209 -0.030281 
210 -0.026693 
211 -0.017657 
212 0.024675 
213 0.031779 
214 -0.005884 
215 0.080066 
216 -0.062717 
217 -0.000735 
218 -0.009747 
219 0.045606 
220 -0.024063 
221 0.033433 
222 -0.011519 
223 -0.027360 
224 -0.008104 
225 -0.007585 
226 0.040981 
227 -0.030345 
228 -0.005826 
229 0.004611 
230 -0.083285 
231 0.044989 
232 -0.056432 
233 0.026023 
234 -0.011485 
235 -0.016580 
236 0.039216 
237 -0.071330 
238 0.025286 
239 0.034538 
240 -0.044177 
241 0.002432 
242 0.005342 
243 -0.021579 
244 0.032790 
245 0.005486 
246 0.042029 
247 -0.043594 
248 0.053289 
249 -0.069349 
250 0.025550 
251 -0.001353 
252 -0.000737 
253 0.023390 
254 -0.033858 
255 -0.031374 
256 0.002747 
257 -0.024944 
258 0.001567 
259 0.001812 
260 0.007268 
261 -0.055851 
262 0.040289 
263 -0.052414 
264 0.024241 
265 -0.020641 
266 0.031094 
267 -0.002920 
268 0.015251 
269 -0.007457 
270 0.014415 
271 -0.006927 
272 -0.011864 
273 0.058532 
274 -0.015254 
275 0.013452 
276 0.033990 
277 -0.045001 
278 0.032397 
279 0.028278 
280 -0.013909 
281 0.029142 
282 -0.077379 
283 0.021259 
284 -0.041543 
285 -0.018939 
286 0.042616 
287 -0.022964 
288 -0.011387 
289 -0.010017 
290 -0.030974 
291 0.010700 
292 -0.030724 
293 0.055133 
294 -0.022862 
295 0.014398 
296 -0.004720 
297 0.037139 
298 -0.048387 
299 0.082126 
300 -0.011684 
301 -0.000607 
302 0.030571 
303 -0.013508 
304 0.010544 
305 0.005596 
306 -0.028146 
307 0.056978 
308 -0.051750 
309 0.035742 
310 -0.020190 
311 -0.008537 
312 0.024345 
313 -0.004989 
314 -0.027504 
315 0.046584 
316 -0.079841 
317 0.041714 
318 -0.009947 
319 -0.007085 
320 0.016633 
321 0.032502 
322 -0.044190 
323 0.025114 
324 -0.013680 
325 -0.007813 
326 0.025152 
327 0.006438 
328 0.029916 
329 0.012358 
330 -0.014471 
331 0.091039 
332 -0.100575 
333 0.077633 
334 -0.019193 
335 -0.013663 
336 0.006514 
337 -0.016048 
338 -0.046312 
339 0.055847 
340 -0.070542 
341 0.057521 
342 -0.060151 
343 -0.008260 
344 -0.021057 
345 -0.019991 
346 -0.029815 
347 0.075083 
348 -0.077920 
349 0.063382 
350 -0.053907 
351 0.013416 
352 0.023984 
353 0.035878 
354 -0.046713 
355 0.079065 
356 -0.105134 
357 0.087674 
358 -0.038920 
359 0.054577 
360 -0.006108 
361 0.023551 
362 -0.032624 
363 0.017695 
364 -0.054637 
365 0.057965 
366 -0.058314 
367 0.026116 
368 -0.049930 
369 0.011966 
370 -0.048534 
371 0.038619 
372 -0.036606 
373 0.030099 
374 -0.068054 
375 0.012524 
376 -0.037751 
377 -0.009820 
378 0.022955 
379 0.053522 
380 -0.065397 
381 0.110220 
382 -0.094285 
383 0.035566 
384 0.022861 
385 0.011914 
386 0.023801 
387 -0.006755 
388 -0.010499 
389 0.021778 
390 -0.043427 
391 0.037352 
392 -0.018879 
393 0.026610 
394 -0.067567 
395 0.075692 
396 -0.092634 
397 0.057292 
398 -0.054113 
399 0.027734 
400 -0.025663 
401 0.022929 
402 0.009354 
403 0.013867 
404 -0.033549 
405 0.044734 
406 -0.067105 
407 0.050259 
408 -0.024985 
409 0.042313 
410 -0.034824 
411 0.026395 
412 0.006438 
413 0.024345 
414 -0.020996 
415 0.080700 
416 -0.069439 
417 0.061399 
418 -0.040648 
419 0.025456 
420 -0.017224 
421 0.052611 
422 -0.013629 
423 0.021426 
424 -0.000016 
425 -0.031799 
426 0.004697 
427 -0.028678 
428 0.008384 
429 -0.000222 
430 -0.007389 
431 0.020782 
432 -0.048809 
433 0.036236 
434 -0.053372 
435 0.045086 
436 0.005826 
437 -0.013823 
438 0.017582 
439 -0.024117 
440 -0.008709 
441 0.008718 
442 0.011027 
443 0.011335 
444 0.041771 
445 -0.013950 
446 -0.006604 
447 0.003044 
448 -0.033638 
449 0.044550 
450 -0.011381 
451 0.002559 
452 0.008345 
453 -0.025319 
454 -0.019837 
455 -0.009132 
456 -0.014111 
457 0.010955 
458 -0.046933 
459 0.000404 
460 -0.064700 
461 -0.001503 
462 0.010763 
463 0.015689 
464 0.006266 
465 0.002758 
466 0.009917 
467 -0.039397 
468 0.035052 
469 0.016034 
470 0.016916 
471 0.037172 
472 -0.017875 
473 0.037923 
474 -0.032774 
475 0.044609 
476 0.007281 
477 -0.018356 
478 0.010906 
479 -0.030429 
480 -0.015451 
481 0.025563 
482 -0.054364 
483 0.051621 
484 -0.050522 
485 0.005850 
486 -0.018825 
487 -0.022110 
488 0.013121 
489 -0.024158 
490 0.012432 
491 -0.028650 
492 -0.032717 
493 0.029887 
494 -0.015322 
495 0.029581 
496 0.007457 
497 0.027873 
498 -0.030780 
499 0.037687 
500 -0.001079 
501 0.016836 
502 0.023127 
503 0.002517 
504 0.010294 
505 -0.004197 
506 0.017031 
507 -0.000617 
508 -0.010589 
509 0.010631 
510 -0.034648 
511 -0.020152 
512 -0.006455 
513 -0.009121 
514 -0.002319 
515 0.000361 
516 0.004642 
517 0.020826 
518 -0.036887 
519 -0.000892 
520 -0.002120 
521 -0.003350 
522 0.026902 
523 0.038343 
524 -0.012451 
525 0.016685 
526 -0.000831 
527 -0.014760 
528 0.030056 
529 0.010220 
530 0.031138 
531 -0.012001 
532 -0.042207 
533 0.036895 
534 -0.063210 
535 0.064193 
536 -0.020809 
537 0.019208 
538 -0.030856 
539 -0.007622 
540 -0.047333 
541 0.044463 
542 -0.074136 
543 0.061320 
544 -0.049382 
545 -0.021976 
546 0.020997 
547 -0.024687 
548 0.000377 
549 0.060899 
550 -0.070004 
551 0.042552 
552 -0.058276 
553 0.013526 
554 0.037653 
555 -0.003954 
556 -0.002871 
557 0.065456 
558 -0.089210 
559 0.068139 
560 -0.043701 
561 0.020152 
562 0.015275 
563 -0.033604 
564 0.012910 
565 -0.011079 
566 -0.015687 
567 0.048545 
568 -0.038049 
569 0.022143 
570 -0.013519 
571 -0.028208 
572 -0.005916 
573 0.010749 
574 -0.023774 
575 0.029327 
576 -0.042975 
577 0.009705 
578 -0.007941 
579 -0.011737 
580 0.046219 
581 0.013204 
582 -0.042569 
583 0.054943 
584 -0.074610 
585 0.028629 
586 0.025919 
587 -0.027189 
588 0.073619 
589 -0.002937 
590 -0.026821 
591 0.015375 
592 -0.057978 
593 0.028017 
594 -0.000685 
595 -0.010125 
596 0.020637 
597 -0.004671 
598 -0.057948 
599 0.063953 
600 -0.069575 
601 0.057989 
602 -0.009218 
603 -0.055834 
604 0.038661 
605 -0.024276 
606 -0.009227 
607 0.074350 
608 -0.045214 
609 0.049426 
610 -0.021196 
611 0.002509 
612 0.034736 
613 -0.008015 
614 0.037070 
615 0.007664 
616 -0.024894 
617 0.058992 
618 -0.044904 
619 0.038139 
620 0.010148 
621 -0.004938 
622 0.003114 
623 0.039539 
624 -0.120874 
625 0.068203 
626 -0.049481 
627 -0.049266 
628 0.095878 
629 -0.076358 
630 -0.010284 
631 0.029253 
632 -0.044767 
633 0.034910 
634 -0.021126 
635 0.024081 
636 -0.038562 
637 -0.020093 
638 0.026563 
639 0.023100 
640 -0.000422 
641 0.049093 
642 -0.034442 
643 -0.036295 
644 0.032096 
645 -0.023988 
646 0.021827 
647 0.033975 
648 -0.046164 
649 0.038183 
650 -0.032595 
651 0.000738 
652 0.022448 
653 -0.032897 
654 0.015613 
655 -0.052683 
656 -0.007931 
657 0.014511 
658 -0.074841 
659 0.064681 
660 -0.044825 
661 0.000843 
662 -0.004800 
663 0.019967 
664 -0.060601 
665 0.042507 
666 -0.024491 
667 0.020793 
668 -0.013760 
669 0.038056 
670 0.017501 
671 0.019913 
672 -0.017028 
673 0.064409 
674 -0.080789 
675 0.062663 
676 -0.020231 
677 -0.007485 
678 -0.011982 
679 0.006779 
680 -0.025357 
681 0.029227 
682 -0.052096 
683 0.045424 
684 -0.075612 
685 0.026863 
686 -0.031086 
687 -0.000129 
688 -0.020493 
689 0.046566 
690 0.017536 
691 -0.013621 
692 0.026212 
693 0.011227 
694 -0.021564 
695 0.049695 
696 0.005008 
697 0.010865 
698 -0.004753 
699 0.071953 
700 -0.070300 
701 0.085943 
702 -0.039450 
703 0.037776 
704 -0.035117 
705 0.030293 
706 -0.017117 
707 -0.011993 
708 -0.012648 
709 0.000200 
710 -0.023721 
711 0.012232 
712 -0.000597 
713 -0.003333 
714 -0.024354 
715 0.045352 
716 -0.062691 
717 0.047960 
718 -0.055027 
719 0.059923 
720 -0.041959 
721 0.043818 
722 -0.007193 
723 0.037413 
724 -0.013129 
725 0.060437 
726 -0.079739 
727 0.079302 
728 -0.055898 
729 0.019280 
730 0.028188 
731 -0.015219 
732 -0.008784 
733 0.059262 
734 -0.060288 
735 0.034150 
736 -0.048947 
737 0.038443 
738 -0.066009 
739 0.052592 
740 -0.035406 
741 0.012110 
742 -0.038639 
743 0.039219 
744 -0.038521 
745 0.003375 
746 -0.025494 
747 -0.021694 
748 -0.021490 
749 0.034153 
750 -0.036807 
751 0.057951 
752 -0.070363 
753 0.050590 
754 -0.005580 
755 0.004627 
756 0.036814 
757 0.024322 
758 -0.012085 
759 0.025555 
760 -0.054262 
761 0.079909 
762 -0.053599 
763 0.061118 
764 -0.014144 
765 0.006105 
766 -0.041479 
767 0.042154 
768 -0.053419 
769 0.011836 
770 -0.028906 
771 0.034514 
772 -0.063204 
773 0.030400 
774 -0.000636 
775 -0.020563 
776 0.010273 
777 0.008550 
778 -0.021103 
779 -0.000574 
780 0.017521 
781 0.010001 
782 -0.032196 
783 0.090885 
784 -0.081554 
785 0.117581 
786 -0.064359 
787 0.065889 
788 -0.013897 
789 -0.013645 
790 0.029464 
791 0.005213 
792 0.002148 
793 0.020235 
794 -0.057136 
795 0.027595 
796 -0.031292 
797 0.004554 
798 -0.008761 
799 -0.000265 
800 -0.082886 
801 0.079932 
802 -0.116433 
803 0.082473 
804 -0.002460 
805 -0.019627 
806 0.032600 
807 0.008842 
808 -0.043743 
809 0.072498 
810 -0.034064 
811 0.068601 
812 -0.035478 
813 0.027331 
814 0.009957 
815 0.007184 
816 0.041304 
817 0.056592 
818 -0.108482 
819 0.120622 
820 -0.117091 
821 0.058607 
822 0.011440 
823 -0.014739 
824 0.009595 
825 0.024329 
826 -0.105824 
827 0.077924 
828 -0.052595 
829 -0.032413 
830 0.055199 
831 -0.099488 
832 0.027068 
833 -0.012985 
834 -0.044200 
835 0.095002 
836 -0.075825 
837 0.047409 
838 0.004851 
839 -0.016231 
840 0.041564 
841 0.033812 
842 -0.047255 
843 0.090108 
844 -0.047422 
845 0.037751 
846 -0.002017 
847 0.011719 
848 -0.029241 
849 0.021098 
850 -0.068541 
851 0.059377 
852 -0.069803 
853 -0.019620 
854 0.031113 
855 -0.054963 
856 0.033555 
857 -0.033282 
858 -0.010936 
859 0.085540 
860 -0.094402 
861 0.078780 
862 -0.029750 
863 -0.017790 
864 0.030932 
865 0.028099 
866 -0.010431 
867 0.090538 
868 -0.077337 
869 0.069289 
870 -0.004769 
871 0.010977 
872 0.056768 
873 -0.034496 
874 -0.013182 
875 0.069947 
876 -0.074620 
877 0.058578 
878 -0.049198 
879 -0.012576 
880 -0.019043 
881 0.004656 
882 -0.054037 
883 0.056712 
884 -0.080960 
885 0.031125 
886 -0.011816 
887 -0.024267 
888 0.031108 
889 0.005065 
890 -0.004861 
891 0.055989 
892 -0.071490 
893 0.069265 
894 -0.018060 
895 -0.016652 
896 0.060894 
897 -0.000525 
898 -0.017685 
899 0.060871 
900 -0.048437 
901 0.065434 
902 -0.052893 
903 0.077650 
904 -0.063256 
905 -0.041613 
906 0.092609 
907 -0.035189 
908 0.027288 
909 0.024507 
910 -0.010189 
911 -0.017481 
912 -0.040980 
913 0.041489 
914 -0.041689 
915 0.032764 
916 -0.014397 
917 0.002803 
918 -0.009255 
919 0.017479 
920 0.044554 
921 -0.063175 
922 0.013444 
923 0.033659 
924 -0.049232 
925 0.073038 
926 -0.040501 
927 0.029393 
928 -0.078011 
929 0.031803 
930 -0.056793 
931 0.006248 
932 -0.011569 
933 0.017710 
934 -0.078108 
935 0.042453 
936 -0.065201 
937 0.012242 
938 0.002961 
939 0.045057 
940 -0.044961 
941 0.020692 
942 0.002187 
943 0.017938 
944 -0.022480 
945 0.047636 
946 -0.061394 
947 -0.031694 
948 -0.001838 
949 0.029418 
950 -0.002549 
951 0.047867 
952 -0.030910 
953 0.028068 
954 -0.036886 
955 0.056683 
956 0.011076 
957 0.062292 
958 -0.021356 
959 0.058593 
960 -0.029471 
961 0.011255 
962 -0.056982 
963 0.048717 
964 -0.058907 
965 0.020262 
966 -0.035421 
967 0.014096 
968 -0.063335 
969 0.023479 
970 -0.022122 
971 0.035534 
972 -0.026858 
973 0.077172 
974 0.019484 
975 -0.030147 
976 0.028882 
977 0.044046 
978 -0.092809 
979 0.072304 
980 0.021380 
981 -0.045850 
982 -0.013145 
983 0.033794 
984 -0.066065 
985 0.087900 
986 -0.045878 
987 0.131499 
988 -0.090759 
989 0.021263 
990 0.025248 
991 0.037745 
992 0.031174 
993 0.079102 
994 -0.058227 
995 -0.036450 
996 -0.099563 
997 0.045318 
998 -0.125099 
999 -0.000933 
1000 -0.072558 
1001 0.036630 
1002 -0.102524 
1003 0.015104 
1004 0.032772 
1005 0.074509 
1006 -0.011763 
1007 0.117602 
1008 0.115248 
1009 -0.175226 
1010 -0.032346 
1011 0.200659 
1012 -0.150798 
1013 0.008510 
1014 0.033080 
1015 -0.004969 
1016 -0.153478 
1017 0.077131 
1018 0.187569 
1019 -0.020778 
1020 -0.069418 
1021 -0.018131 
1022 -0.055776 
1023 0.421354 
