0 0.690370 
1 -0.210302 
2 0.059622 
3 -0.004327 
4 -0.031650 
5 0.088158 
6 -0.058823 
7 0.021989 
8 -0.122854 
9 0.008706 
10 0.027844 
11 0.005708 
12 0.066134 
13 0.085691 
14 -0.012776 
15 -0.011696 
16 -0.030892 
17 -0.042889 
18 0.049928 
19 -0.036591 
20 0.110992 
21 -0.012077 
22 -0.005409 
23 -0.002824 
24 -0.078369 
25 0.007812 
26 -0.027130 
27 0.042304 
28 -0.007797 
29 0.028428 
30 -0.015568 
31 0.014432 
32 -0.033004 
33 0.055782 
34 -0.017227 
35 0.032578 
36 -0.002969 
37 -0.022949 
38 0.053503 
39 -0.011241 
40 0.078010 
41 0.001921 
42 0.029994 
43 0.048834 
44 -0.026364 
45 0.023974 
46 0.014855 
47 0.031281 
48 -0.010028 
49 0.039524 
50 0.002415 
51 0.039545 
52 0.019916 
53 -0.030630 
54 -0.000757 
55 -0.055566 
56 0.017599 
57 0.038627 
58 -0.029248 
59 0.094753 
60 -0.059109 
61 -0.036248 
62 -0.020063 
63 -0.052967 
64 0.065645 
65 -0.022431 
66 0.055431 
67 -0.053031 
68 -0.020066 
69 -0.063911 
70 -0.034579 
71 0.001707 
72 -0.044182 
73 0.070694 
74 -0.070190 
75 -0.003825 
76 -0.042364 
77 -0.102894 
78 -0.026899 
79 -0.008495 
80 -0.053324 
81 0.035029 
82 -0.067108 
83 -0.042551 
84 -0.008794 
85 -0.117855 
86 0.056957 
87 -0.086866 
88 0.008717 
89 0.008573 
90 -0.070839 
91 0.035520 
92 -0.006613 
93 0.018230 
94 0.013280 
95 0.036598 
96 -0.039191 
97 0.008440 
98 -0.004472 
99 -0.017499 
100 0.116286 
101 0.009793 
102 0.096465 
103 -0.014913 
104 -0.004636 
105 0.007471 
106 -0.003898 
107 0.020254 
108 0.068826 
109 0.005527 
110 0.076761 
111 -0.018962 
112 0.062652 
113 -0.015902 
114 0.032507 
115 -0.024120 
116 -0.003149 
117 0.023555 
118 -0.001985 
119 0.058749 
120 0.009205 
121 0.028952 
122 -0.011509 
123 -0.065538 
124 0.009642 
125 -0.003086 
126 -0.002466 
127 0.062886 
128 -0.001911 
129 -0.017308 
130 0.006382 
131 -0.054110 
132 -0.006244 
133 -0.002552 
134 -0.018932 
135 0.006229 
136 -0.040790 
137 0.002735 
138 -0.046387 
139 -0.018033 
140 -0.041584 
141 0.013779 
142 -0.024176 
143 0.021869 
144 -0.033286 
145 -0.005420 
146 0.000663 
147 -0.019333 
148 0.007471 
149 -0.005330 
150 0.030013 
151 -0.034179 
152 -0.016823 
153 -0.023779 
154 -0.000049 
155 -0.000710 
156 0.041121 
157 -0.006778 
158 0.009284 
159 -0.025875 
160 -0.027222 
161 -0.034769 
162 0.033902 
163 -0.003801 
164 -0.019179 
165 -0.013716 
166 -0.028949 
167 -0.042625 
168 -0.000435 
169 0.011670 
170 -0.042800 
171 0.042851 
172 -0.078070 
173 -0.016442 
174 0.024268 
175 -0.035138 
176 0.080209 
177 -0.018281 
178 0.016857 
179 0.005498 
180 -0.003587 
181 0.004799 
182 0.051908 
183 -0.012960 
184 0.016153 
185 0.004277 
186 -0.025075 
187 0.039135 
188 0.000338 
189 0.020821 
190 -0.020666 
191 0.062636 
192 -0.044249 
193 0.027616 
194 -0.008555 
195 -0.002638 
196 0.037048 
197 -0.002612 
198 0.026360 
199 0.034678 
200 0.008760 
201 0.001989 
202 0.033027 
203 0.020583 
204 0.030703 
205 0.037516 
206 -0.006651 
207 0.046630 
208 0.011452 
209 0.005717 
210 0.028705 
211 -0.056035 
212 0.029586 
213 -0.053388 
214 -0.028452 
215 0.043050 
216 -0.076339 
217 0.049508 
218 -0.027085 
219 -0.047325 
220 -0.043523 
221 -0.046984 
222 -0.043959 
223 -0.003906 
224 -0.004429 
225 -0.011094 
226 -0.009692 
227 -0.093592 
228 0.020236 
229 -0.059184 
230 -0.008813 
231 0.001669 
232 -0.020596 
233 -0.030017 
234 0.010369 
235 0.003461 
236 -0.005097 
237 0.070148 
238 -0.036869 
239 0.016128 
240 -0.049330 
241 0.018417 
242 0.009356 
243 0.000461 
244 0.070895 
245 0.007397 
246 -0.000338 
247 -0.014513 
248 -0.014114 
249 0.027623 
250 -0.008503 
251 0.073657 
252 0.016184 
253 0.019267 
254 0.066298 
255 -0.013856 
256 0.022534 
257 0.038736 
258 -0.000200 
259 0.047973 
260 -0.001415 
261 0.010227 
262 0.024756 
263 -0.035428 
264 0.023766 
265 0.028960 
266 -0.058274 
267 0.046734 
268 -0.027153 
269 -0.033255 
270 0.028197 
271 -0.020262 
272 0.012245 
273 -0.011826 
274 0.003929 
275 -0.029621 
276 -0.003033 
277 -0.053313 
278 0.037782 
279 -0.034973 
280 -0.013301 
281 -0.010714 
282 -0.034709 
283 -0.029953 
284 0.037817 
285 -0.020123 
286 0.020953 
287 0.026139 
288 -0.057629 
289 -0.038435 
290 0.018330 
291 -0.028316 
292 0.047146 
293 -0.009369 
294 -0.009066 
295 0.009747 
296 -0.060151 
297 0.000576 
298 -0.007566 
299 -0.024451 
300 0.024865 
301 -0.034388 
302 -0.022239 
303 0.060412 
304 -0.020655 
305 0.035550 
306 0.050578 
307 -0.067637 
308 0.037172 
309 -0.023218 
310 -0.013929 
311 0.065308 
312 0.007348 
313 0.058499 
314 -0.001888 
315 0.010396 
316 -0.033180 
317 0.025091 
318 -0.035683 
319 0.059694 
320 0.024467 
321 -0.003778 
322 0.038548 
323 -0.059890 
324 -0.014436 
325 0.029204 
326 -0.032844 
327 0.024389 
328 0.006897 
329 -0.012768 
330 -0.009130 
331 0.019054 
332 -0.000187 
333 0.033932 
334 0.009180 
335 0.026623 
336 -0.013765 
337 0.014540 
338 0.009379 
339 -0.002660 
340 0.080159 
341 0.009580 
342 0.032544 
343 0.003276 
344 -0.049102 
345 0.025351 
346 -0.040954 
347 0.026598 
348 0.012156 
349 0.005568 
350 -0.005616 
351 -0.000043 
352 0.011503 
353 -0.017348 
354 0.014126 
355 -0.055403 
356 0.010107 
357 -0.040468 
358 0.039487 
359 -0.007595 
360 -0.005036 
361 0.020076 
362 -0.056678 
363 -0.025774 
364 -0.018107 
365 -0.017618 
366 0.023370 
367 0.017480 
368 -0.007317 
369 -0.015538 
370 -0.023891 
371 -0.018278 
372 -0.009022 
373 -0.036287 
374 0.028787 
375 -0.010505 
376 -0.031094 
377 0.024433 
378 -0.016869 
379 -0.017790 
380 0.038109 
381 0.017056 
382 -0.004129 
383 0.053119 
384 -0.020773 
385 -0.008027 
386 0.023333 
387 0.024472 
388 0.050028 
389 0.041617 
390 -0.009706 
391 0.020748 
392 -0.073306 
393 0.045189 
394 0.011643 
395 0.032780 
396 0.029750 
397 0.018808 
398 -0.039529 
399 -0.002695 
400 -0.002173 
401 -0.009798 
402 0.050572 
403 0.004054 
404 0.003647 
405 -0.026479 
406 -0.052327 
407 0.016929 
408 -0.002002 
409 0.005131 
410 0.035174 
411 -0.007207 
412 -0.005906 
413 0.019930 
414 -0.042168 
415 0.015557 
416 -0.009216 
417 -0.021218 
418 -0.000294 
419 -0.006126 
420 0.043215 
421 -0.001502 
422 -0.004126 
423 -0.028564 
424 -0.045293 
425 -0.027401 
426 0.010447 
427 -0.010859 
428 0.035363 
429 -0.008328 
430 -0.009005 
431 -0.008704 
432 -0.012695 
433 -0.002583 
434 0.032585 
435 -0.017518 
436 0.048402 
437 -0.012214 
438 0.034619 
439 0.026253 
440 0.001594 
441 0.046157 
442 0.002422 
443 0.030610 
444 0.006225 
445 0.013430 
446 -0.010267 
447 -0.000350 
448 0.035709 
449 0.023607 
450 0.055422 
451 -0.023645 
452 0.007611 
453 -0.023498 
454 -0.015030 
455 0.037788 
456 -0.002643 
457 0.066850 
458 0.005066 
459 -0.044322 
460 -0.005546 
461 -0.036088 
462 -0.022204 
463 0.055217 
464 -0.015297 
465 0.014498 
466 0.027774 
467 -0.057226 
468 0.035695 
469 -0.002922 
470 -0.004853 
471 0.040986 
472 -0.038280 
473 -0.005874 
474 0.020005 
475 -0.015576 
476 0.037045 
477 -0.000648 
478 -0.040120 
479 -0.009482 
480 0.000178 
481 -0.024623 
482 0.048821 
483 -0.028031 
484 0.041742 
485 -0.044208 
486 0.008912 
487 0.007078 
488 -0.020856 
489 0.007231 
490 0.003144 
491 -0.030505 
492 -0.005856 
493 0.025421 
494 -0.047980 
495 0.037828 
496 -0.007326 
497 -0.032370 
498 0.036697 
499 -0.052022 
500 0.029248 
501 -0.031088 
502 -0.030162 
503 0.046335 
504 -0.039624 
505 -0.003684 
506 -0.002699 
507 -0.051868 
508 -0.034551 
509 0.020423 
510 -0.017323 
511 0.038555 
512 0.017163 
513 0.005572 
514 -0.033616 
515 0.019874 
516 0.019951 
517 0.037958 
518 0.041759 
519 0.042165 
520 -0.018527 
521 0.004833 
522 0.004912 
523 0.026257 
524 0.055281 
525 0.039660 
526 0.034431 
527 0.008459 
528 -0.010126 
529 0.023438 
530 0.037617 
531 0.019895 
532 0.047255 
533 0.003718 
534 0.006683 
535 0.011819 
536 0.012716 
537 0.046337 
538 0.016173 
539 0.007847 
540 -0.004582 
541 -0.003399 
542 -0.016382 
543 0.022526 
544 0.026566 
545 0.003965 
546 0.047838 
547 -0.036426 
548 0.014879 
549 -0.009530 
550 -0.021456 
551 0.004686 
552 -0.028872 
553 -0.008451 
554 -0.009047 
555 -0.034286 
556 0.002684 
557 -0.016496 
558 -0.054969 
559 -0.028366 
560 -0.036251 
561 -0.045677 
562 -0.030417 
563 -0.011167 
564 -0.040406 
565 0.010617 
566 -0.022289 
567 0.004915 
568 -0.040882 
569 -0.048759 
570 0.001332 
571 -0.015698 
572 0.020757 
573 0.048386 
574 -0.017812 
575 0.011225 
576 -0.019829 
577 -0.031348 
578 0.039295 
579 0.007440 
580 0.056044 
581 -0.007033 
582 0.000448 
583 0.043371 
584 -0.013646 
585 0.029356 
586 0.048326 
587 0.011313 
588 -0.017240 
589 0.052759 
590 -0.044901 
591 0.028494 
592 0.055762 
593 -0.008933 
594 0.053027 
595 -0.013690 
596 0.005924 
597 0.005023 
598 0.009746 
599 0.033242 
600 0.049362 
601 0.013290 
602 0.035856 
603 0.003634 
604 -0.020640 
605 0.041563 
606 0.017971 
607 -0.015175 
608 0.039059 
609 -0.009551 
610 0.000271 
611 -0.002302 
612 0.024653 
613 -0.002226 
614 -0.012100 
615 0.020592 
616 -0.011399 
617 -0.014759 
618 0.026131 
619 -0.012409 
620 0.012525 
621 0.018286 
622 -0.016914 
623 0.001096 
624 -0.009543 
625 -0.019832 
626 0.019483 
627 -0.020751 
628 0.049410 
629 -0.028150 
630 -0.006007 
631 0.001118 
632 -0.012569 
633 0.017557 
634 -0.009916 
635 0.021282 
636 -0.055333 
637 -0.009677 
638 -0.017677 
639 -0.001898 
640 -0.008215 
641 0.018400 
642 -0.005199 
643 -0.032003 
644 0.007775 
645 -0.058315 
646 0.012028 
647 0.021024 
648 -0.003715 
649 0.006802 
650 0.002969 
651 0.004590 
652 -0.004031 
653 0.031709 
654 -0.025442 
655 0.018915 
656 -0.004828 
657 -0.026590 
658 0.045592 
659 0.014068 
660 0.031368 
661 0.035723 
662 -0.049419 
663 0.014550 
664 -0.020443 
665 -0.019406 
666 0.045088 
667 -0.017598 
668 0.024523 
669 -0.024955 
670 -0.003703 
671 -0.017808 
672 -0.004540 
673 0.040702 
674 -0.003760 
675 0.029909 
676 -0.007046 
677 -0.007706 
678 0.012772 
679 0.010180 
680 0.030178 
681 0.018256 
682 0.022040 
683 -0.000063 
684 0.001663 
685 0.008000 
686 -0.014974 
687 0.017047 
688 0.043291 
689 0.007805 
690 0.020245 
691 -0.018556 
692 -0.017585 
693 -0.004042 
694 -0.005834 
695 0.015681 
696 0.038074 
697 -0.016468 
698 -0.023048 
699 -0.010132 
700 -0.036892 
701 0.041254 
702 0.006629 
703 -0.010781 
704 0.005630 
705 -0.025492 
706 -0.011301 
707 0.004440 
708 0.028176 
709 0.038589 
710 -0.009372 
711 0.010399 
712 -0.011277 
713 -0.006904 
714 -0.012381 
715 0.055448 
716 -0.044027 
717 0.052057 
718 -0.002159 
719 -0.008138 
720 0.021660 
721 0.024068 
722 -0.013311 
723 0.009533 
724 -0.025985 
725 -0.019611 
726 0.028394 
727 0.000853 
728 0.056569 
729 0.023414 
730 -0.011155 
731 0.008597 
732 -0.042777 
733 -0.004252 
734 0.024493 
735 0.050547 
736 0.003724 
737 0.021507 
738 0.003817 
739 -0.003750 
740 -0.026380 
741 0.032048 
742 -0.018351 
743 0.008003 
744 0.025658 
745 -0.031042 
746 0.036591 
747 -0.012743 
748 0.002934 
749 0.031609 
750 0.002600 
751 0.017704 
752 0.004062 
753 -0.074402 
754 0.024049 
755 -0.022160 
756 0.039664 
757 0.018306 
758 0.037855 
759 -0.014465 
760 -0.068688 
761 0.002309 
762 -0.036842 
763 0.017631 
764 0.034949 
765 -0.002128 
766 -0.040242 
767 0.015083 
768 -0.042006 
769 -0.018300 
770 0.003037 
771 -0.019896 
772 -0.013612 
773 -0.002551 
774 -0.038562 
775 0.028849 
776 0.022757 
777 -0.035235 
778 0.020668 
779 -0.041359 
780 -0.020997 
781 0.059422 
782 -0.019034 
783 0.042705 
784 0.033006 
785 -0.035470 
786 0.016268 
787 0.004657 
788 -0.005166 
789 0.048956 
790 -0.030581 
791 0.058887 
792 0.004683 
793 0.004382 
794 0.027691 
795 -0.005958 
796 0.030209 
797 -0.009015 
798 0.045240 
799 0.013391 
800 0.051640 
801 0.001915 
802 0.029708 
803 -0.016545 
804 0.042862 
805 -0.005638 
806 0.012917 
807 -0.005934 
808 0.024011 
809 0.021996 
810 -0.010461 
811 0.055062 
812 -0.029953 
813 0.037370 
814 -0.029490 
815 -0.061824 
816 0.013579 
817 -0.006707 
818 0.065626 
819 0.002968 
820 0.016615 
821 -0.047444 
822 -0.031012 
823 -0.029633 
824 0.010526 
825 0.039263 
826 0.028408 
827 -0.023285 
828 -0.019717 
829 -0.048024 
830 -0.012286 
831 -0.004049 
832 -0.032852 
833 0.001895 
834 -0.048013 
835 -0.012445 
836 -0.041440 
837 0.011560 
838 -0.041327 
839 -0.047800 
840 -0.018796 
841 -0.032615 
842 -0.014550 
843 0.014425 
844 0.028066 
845 -0.022796 
846 0.033620 
847 -0.010865 
848 0.001133 
849 -0.029250 
850 0.079881 
851 -0.043343 
852 0.067416 
853 -0.005052 
854 0.038704 
855 0.055577 
856 -0.023947 
857 0.030233 
858 -0.006775 
859 0.031162 
860 -0.013785 
861 0.047369 
862 -0.031377 
863 0.069925 
864 0.028792 
865 -0.033672 
866 0.074991 
867 -0.022592 
868 0.016461 
869 0.013604 
870 -0.002043 
871 0.037585 
872 0.075851 
873 -0.009999 
874 0.083940 
875 -0.038242 
876 -0.032058 
877 0.025276 
878 -0.018583 
879 0.057338 
880 0.053087 
881 -0.003482 
882 -0.008051 
883 0.002106 
884 -0.033337 
885 0.048888 
886 -0.040550 
887 0.038796 
888 -0.021035 
889 -0.056846 
890 0.016371 
891 0.018313 
892 -0.035177 
893 0.027815 
894 -0.016648 
895 -0.041439 
896 0.018156 
897 -0.065839 
898 0.031257 
899 -0.006921 
900 0.022173 
901 -0.014349 
902 -0.030437 
903 -0.077886 
904 0.084873 
905 -0.062355 
906 -0.003533 
907 0.055322 
908 -0.080676 
909 0.026267 
910 -0.075685 
911 0.043365 
912 -0.077433 
913 0.051176 
914 0.003909 
915 -0.031803 
916 0.035495 
917 -0.007001 
918 -0.054540 
919 0.016425 
920 -0.042807 
921 0.029305 
922 -0.010630 
923 -0.079366 
924 0.070285 
925 -0.048062 
926 0.023114 
927 0.050834 
928 -0.031038 
929 -0.046284 
930 -0.050877 
931 -0.016552 
932 0.002036 
933 0.131784 
934 -0.051217 
935 0.094330 
936 -0.050648 
937 -0.022650 
938 -0.070941 
939 0.014739 
940 -0.003316 
941 0.005864 
942 0.096034 
943 -0.038523 
944 0.043855 
945 -0.037326 
946 0.072979 
947 -0.022366 
948 0.061381 
949 -0.001681 
950 -0.002217 
951 -0.004434 
952 -0.043181 
953 0.042631 
954 0.049592 
955 0.003189 
956 0.005965 
957 0.017348 
958 -0.018302 
959 0.084935 
960 -0.012286 
961 0.030595 
962 0.018620 
963 -0.004565 
964 0.028105 
965 -0.005258 
966 0.033058 
967 0.010322 
968 0.009306 
969 -0.052143 
970 -0.006329 
971 -0.013993 
972 -0.017754 
973 -0.003794 
974 0.030583 
975 -0.005628 
976 0.048595 
977 -0.007708 
978 0.033363 
979 0.013760 
980 -0.020744 
981 0.024843 
982 -0.018024 
983 0.019370 
984 -0.006899 
985 -0.006242 
986 -0.054538 
987 0.058361 
988 -0.016300 
989 0.033912 
990 0.076080 
991 -0.099091 
992 0.075060 
993 -0.081018 
994 0.026180 
995 0.057414 
996 0.040248 
997 -0.056482 
998 0.027126 
999 -0.183576 
1000 -0.088366 
1001 -0.077275 
1002 -0.081702 
1003 0.051412 
1004 0.015371 
1005 -0.011228 
1006 0.020073 
1007 0.132036 
1008 -0.066102 
1009 0.004386 
1010 -0.095940 
1011 -0.004783 
1012 0.038847 
1013 -0.097928 
1014 0.017843 
1015 0.008974 
1016 -0.047210 
1017 -0.092481 
1018 0.152935 
1019 0.003733 
1020 -0.021765 
1021 0.077395 
1022 -0.140794 
1023 0.327478 
