0 -0.000024 
1 0.000004 
2 0.000028 
3 0.000047 
4 0.000035 
5 -0.000016 
6 -0.000087 
7 -0.000130 
8 -0.000159 
9 -0.000188 
10 -0.000197 
11 -0.000168 
12 -0.000126 
13 -0.000101 
14 -0.000079 
15 -0.000034 
16 0.000029 
17 0.000060 
18 0.000027 
19 -0.000030 
20 -0.000060 
21 -0.000070 
22 -0.000106 
23 -0.000164 
24 -0.000186 
25 -0.000151 
26 -0.000084 
27 -0.000019 
28 0.000055 
29 0.000125 
30 0.000187 
31 0.000216 
32 0.000211 
33 0.000169 
34 0.000112 
35 0.000034 
36 -0.000035 
37 -0.000055 
38 -0.000035 
39 -0.000022 
40 -0.000028 
41 -0.000013 
42 0.000056 
43 0.000161 
44 0.000243 
45 0.000284 
46 0.000292 
47 0.000270 
48 0.000216 
49 0.000125 
50 0.000025 
51 -0.000061 
52 -0.000110 
53 -0.000131 
54 -0.000121 
55 -0.000099 
56 -0.000082 
57 -0.000088 
58 -0.000121 
59 -0.000146 
60 -0.000173 
61 -0.000200 
62 -0.000248 
63 -0.000297 
64 -0.000323 
65 -0.000292 
66 -0.000234 
67 -0.000185 
68 -0.000135 
69 -0.000027 
70 0.000101 
71 0.000216 
72 0.000319 
73 0.000412 
74 0.000488 
75 0.000536 
76 0.000561 
77 0.000527 
78 0.000459 
79 0.000395 
80 0.000366 
81 0.000363 
82 0.000360 
83 0.000354 
84 0.000371 
85 0.000384 
86 0.000332 
87 0.000204 
88 0.000110 
89 0.000023 
90 -0.000085 
91 -0.000160 
92 -0.000130 
93 -0.000058 
94 -0.000057 
95 -0.000167 
96 -0.000296 
97 -0.000349 
98 -0.000310 
99 -0.000261 
100 -0.000169 
101 0.000018 
102 0.000248 
103 0.000401 
104 0.000439 
105 0.000449 
106 0.000468 
107 0.000477 
108 0.000385 
109 0.000243 
110 0.000150 
111 0.000161 
112 0.000204 
113 0.000232 
114 0.000250 
115 0.000283 
116 0.000340 
117 0.000374 
118 0.000368 
119 0.000393 
120 0.000417 
121 0.000397 
122 0.000294 
123 0.000143 
124 0.000013 
125 -0.000042 
126 -0.000059 
127 -0.000040 
128 -0.000032 
129 -0.000047 
130 0.000022 
131 0.000112 
132 0.000229 
133 0.000316 
134 0.000289 
135 0.000232 
136 0.000183 
137 0.000112 
138 0.000001 
139 -0.000093 
140 -0.000045 
141 0.000183 
142 0.000448 
143 0.000614 
144 0.000680 
145 0.000762 
146 0.000839 
147 0.000729 
148 0.000423 
149 0.000101 
150 -0.000098 
151 -0.000156 
152 -0.000150 
153 -0.000161 
154 -0.000144 
155 -0.000113 
156 -0.000122 
157 -0.000159 
158 -0.000121 
159 0.000055 
160 0.000228 
161 0.000296 
162 0.000193 
163 0.000028 
164 -0.000077 
165 -0.000175 
166 -0.000359 
167 -0.000483 
168 -0.000369 
169 -0.000043 
170 0.000312 
171 0.000632 
172 0.000912 
173 0.001092 
174 0.001140 
175 0.001031 
176 0.000800 
177 0.000488 
178 0.000141 
179 -0.000216 
180 -0.000545 
181 -0.000741 
182 -0.000735 
183 -0.000635 
184 -0.000480 
185 -0.000282 
186 -0.000074 
187 0.000136 
188 0.000233 
189 0.000238 
190 0.000175 
191 0.000136 
192 0.000001 
193 -0.000295 
194 -0.000491 
195 -0.000504 
196 -0.000443 
197 -0.000478 
198 -0.000439 
199 -0.000195 
200 0.000278 
201 0.000629 
202 0.000650 
203 0.000519 
204 0.000475 
205 0.000319 
206 -0.000154 
207 -0.000809 
208 -0.001136 
209 -0.001033 
210 -0.000845 
211 -0.000633 
212 -0.000376 
213 -0.000036 
214 0.000217 
215 0.000196 
216 0.000056 
217 -0.000060 
218 -0.000184 
219 -0.000307 
220 -0.000368 
221 -0.000291 
222 -0.000205 
223 -0.000280 
224 -0.000383 
225 -0.000330 
226 -0.000165 
227 0.000037 
228 0.000193 
229 0.000343 
230 0.000374 
231 0.000320 
232 0.000238 
233 0.000180 
234 0.000149 
235 0.000146 
236 0.000164 
237 0.000224 
238 0.000199 
239 -0.000009 
240 -0.000445 
241 -0.000958 
242 -0.001355 
243 -0.001601 
244 -0.001747 
245 -0.001808 
246 -0.001717 
247 -0.001410 
248 -0.001063 
249 -0.000732 
250 -0.000557 
251 -0.000603 
252 -0.000843 
253 -0.001129 
254 -0.001327 
255 -0.001333 
256 -0.001116 
257 -0.000534 
258 0.000286 
259 0.001179 
260 0.001906 
261 0.002181 
262 0.002018 
263 0.001624 
264 0.001190 
265 0.000663 
266 0.000361 
267 0.000255 
268 0.000359 
269 0.000504 
270 0.000478 
271 0.000198 
272 -0.000217 
273 -0.000745 
274 -0.001296 
275 -0.001566 
276 -0.001524 
277 -0.001393 
278 -0.001417 
279 -0.001653 
280 -0.001837 
281 -0.001705 
282 -0.001296 
283 -0.000922 
284 -0.000639 
285 -0.000176 
286 0.000537 
287 0.000935 
288 0.000760 
289 0.000235 
290 -0.000067 
291 -0.000050 
292 -0.000054 
293 -0.000224 
294 -0.000269 
295 0.000009 
296 0.000276 
297 0.000279 
298 0.000099 
299 0.000131 
300 0.000216 
301 0.000149 
302 0.000114 
303 0.000391 
304 0.000879 
305 0.001213 
306 0.001070 
307 0.000494 
308 -0.000073 
309 -0.000587 
310 -0.001134 
311 -0.001713 
312 -0.002067 
313 -0.001893 
314 -0.001201 
315 -0.000164 
316 0.000976 
317 0.001606 
318 0.001702 
319 0.001480 
320 0.001089 
321 0.000461 
322 -0.000412 
323 -0.001181 
324 -0.001346 
325 -0.000914 
326 -0.000216 
327 0.000365 
328 0.000702 
329 0.001166 
330 0.001696 
331 0.001984 
332 0.001722 
333 0.001121 
334 0.000389 
335 -0.000250 
336 -0.000917 
337 -0.001555 
338 -0.001951 
339 -0.001822 
340 -0.001359 
341 -0.000862 
342 -0.000221 
343 0.000628 
344 0.001462 
345 0.001879 
346 0.001579 
347 0.000834 
348 0.000150 
349 -0.000211 
350 -0.000657 
351 -0.001206 
352 -0.001458 
353 -0.000935 
354 0.000109 
355 0.001096 
356 0.001758 
357 0.002232 
358 0.002515 
359 0.002410 
360 0.001894 
361 0.001049 
362 0.000171 
363 -0.000472 
364 -0.000800 
365 -0.000801 
366 -0.000454 
367 0.000099 
368 0.000616 
369 0.001230 
370 0.002101 
371 0.002835 
372 0.003033 
373 0.002555 
374 0.001812 
375 0.001185 
376 0.000575 
377 0.000073 
378 -0.000092 
379 0.000188 
380 0.000690 
381 0.000887 
382 0.000781 
383 0.000627 
384 0.000376 
385 -0.000238 
386 -0.001091 
387 -0.001697 
388 -0.001838 
389 -0.002032 
390 -0.002564 
391 -0.003172 
392 -0.003229 
393 -0.002745 
394 -0.001978 
395 -0.001465 
396 -0.001048 
397 -0.000542 
398 0.000362 
399 0.001403 
400 0.002124 
401 0.002713 
402 0.003194 
403 0.003748 
404 0.004255 
405 0.004542 
406 0.004192 
407 0.003383 
408 0.002632 
409 0.002383 
410 0.002464 
411 0.002519 
412 0.002576 
413 0.002590 
414 0.002412 
415 0.001863 
416 0.001205 
417 0.000460 
418 -0.000441 
419 -0.001298 
420 -0.001647 
421 -0.001458 
422 -0.001192 
423 -0.001513 
424 -0.002348 
425 -0.002987 
426 -0.003235 
427 -0.003301 
428 -0.003276 
429 -0.002908 
430 -0.002177 
431 -0.001622 
432 -0.001308 
433 -0.001020 
434 -0.000737 
435 -0.000653 
436 -0.000534 
437 -0.000479 
438 -0.000328 
439 0.000131 
440 0.000981 
441 0.001716 
442 0.001940 
443 0.001827 
444 0.001853 
445 0.002182 
446 0.002441 
447 0.002414 
448 0.002298 
449 0.002350 
450 0.002524 
451 0.002352 
452 0.001764 
453 0.000936 
454 -0.000045 
455 -0.000918 
456 -0.001436 
457 -0.001368 
458 -0.001002 
459 -0.000453 
460 0.000238 
461 0.000799 
462 0.000739 
463 -0.000107 
464 -0.001195 
465 -0.002001 
466 -0.002417 
467 -0.002676 
468 -0.002652 
469 -0.002161 
470 -0.001351 
471 -0.000727 
472 -0.000509 
473 -0.000489 
474 -0.000300 
475 -0.000163 
476 -0.000242 
477 -0.000298 
478 -0.000336 
479 -0.000490 
480 -0.000984 
481 -0.001644 
482 -0.002098 
483 -0.002016 
484 -0.001634 
485 -0.001160 
486 -0.000460 
487 0.000655 
488 0.001708 
489 0.001835 
490 0.001094 
491 0.000084 
492 -0.000884 
493 -0.001527 
494 -0.001970 
495 -0.002195 
496 -0.001974 
497 -0.001248 
498 -0.000147 
499 0.001010 
500 0.001890 
501 0.002327 
502 0.002360 
503 0.002361 
504 0.002137 
505 0.001438 
506 0.000448 
507 -0.000581 
508 -0.001326 
509 -0.001596 
510 -0.001255 
511 -0.000725 
512 -0.000300 
513 0.000044 
514 0.000347 
515 0.000572 
516 0.000431 
517 -0.000208 
518 -0.001095 
519 -0.001641 
520 -0.001990 
521 -0.002361 
522 -0.002468 
523 -0.002115 
524 -0.001590 
525 -0.001281 
526 -0.001011 
527 -0.000457 
528 0.000301 
529 0.000670 
530 0.000268 
531 -0.000419 
532 -0.000775 
533 -0.000889 
534 -0.001310 
535 -0.001997 
536 -0.002245 
537 -0.001833 
538 -0.001054 
539 -0.000295 
540 0.000557 
541 0.001345 
542 0.002034 
543 0.002344 
544 0.002261 
545 0.001786 
546 0.001150 
547 0.000284 
548 -0.000472 
549 -0.000691 
550 -0.000470 
551 -0.000332 
552 -0.000394 
553 -0.000238 
554 0.000474 
555 0.001535 
556 0.002351 
557 0.002746 
558 0.002800 
559 0.002550 
560 0.001993 
561 0.001093 
562 0.000115 
563 -0.000716 
564 -0.001170 
565 -0.001364 
566 -0.001269 
567 -0.001057 
568 -0.000895 
569 -0.000950 
570 -0.001229 
571 -0.001449 
572 -0.001665 
573 -0.001889 
574 -0.002268 
575 -0.002664 
576 -0.002852 
577 -0.002569 
578 -0.002060 
579 -0.001646 
580 -0.001229 
581 -0.000358 
582 0.000653 
583 0.001537 
584 0.002311 
585 0.002996 
586 0.003539 
587 0.003862 
588 0.004007 
589 0.003721 
590 0.003185 
591 0.002693 
592 0.002460 
593 0.002410 
594 0.002365 
595 0.002293 
596 0.002381 
597 0.002440 
598 0.002074 
599 0.001225 
600 0.000610 
601 0.000056 
602 -0.000621 
603 -0.001074 
604 -0.000873 
605 -0.000426 
606 -0.000405 
607 -0.001048 
608 -0.001785 
609 -0.002071 
610 -0.001825 
611 -0.001524 
612 -0.000993 
613 0.000053 
614 0.001311 
615 0.002128 
616 0.002308 
617 0.002338 
618 0.002413 
619 0.002437 
620 0.001946 
621 0.001216 
622 0.000748 
623 0.000801 
624 0.000998 
625 0.001118 
626 0.001194 
627 0.001343 
628 0.001598 
629 0.001742 
630 0.001704 
631 0.001802 
632 0.001897 
633 0.001791 
634 0.001328 
635 0.000668 
636 0.000112 
637 -0.000119 
638 -0.000181 
639 -0.000094 
640 -0.000048 
641 -0.000103 
642 0.000175 
643 0.000526 
644 0.000964 
645 0.001283 
646 0.001165 
647 0.000936 
648 0.000743 
649 0.000475 
650 0.000076 
651 -0.000253 
652 -0.000078 
653 0.000718 
654 0.001618 
655 0.002163 
656 0.002360 
657 0.002605 
658 0.002831 
659 0.002444 
660 0.001440 
661 0.000405 
662 -0.000217 
663 -0.000391 
664 -0.000363 
665 -0.000390 
666 -0.000331 
667 -0.000232 
668 -0.000255 
669 -0.000357 
670 -0.000242 
671 0.000260 
672 0.000741 
673 0.000919 
674 0.000628 
675 0.000177 
676 -0.000107 
677 -0.000362 
678 -0.000835 
679 -0.001144 
680 -0.000834 
681 0.000005 
682 0.000895 
683 0.001675 
684 0.002341 
685 0.002751 
686 0.002838 
687 0.002546 
688 0.001980 
689 0.001236 
690 0.000431 
691 -0.000381 
692 -0.001111 
693 -0.001534 
694 -0.001505 
695 -0.001274 
696 -0.000931 
697 -0.000502 
698 -0.000061 
699 0.000374 
700 0.000566 
701 0.000569 
702 0.000433 
703 0.000350 
704 0.000080 
705 -0.000498 
706 -0.000869 
707 -0.000891 
708 -0.000770 
709 -0.000830 
710 -0.000752 
711 -0.000306 
712 0.000544 
713 0.001158 
714 0.001182 
715 0.000942 
716 0.000853 
717 0.000578 
718 -0.000225 
719 -0.001319 
720 -0.001851 
721 -0.001670 
722 -0.001351 
723 -0.001002 
724 -0.000587 
725 -0.000050 
726 0.000340 
727 0.000302 
728 0.000080 
729 -0.000096 
730 -0.000289 
731 -0.000467 
732 -0.000558 
733 -0.000446 
734 -0.000320 
735 -0.000425 
736 -0.000568 
737 -0.000494 
738 -0.000265 
739 0.000007 
740 0.000211 
741 0.000405 
742 0.000433 
743 0.000357 
744 0.000247 
745 0.000169 
746 0.000127 
747 0.000123 
748 0.000144 
749 0.000210 
750 0.000178 
751 -0.000076 
752 -0.000591 
753 -0.001186 
754 -0.001632 
755 -0.001899 
756 -0.002045 
757 -0.002094 
758 -0.001974 
759 -0.001617 
760 -0.001226 
761 -0.000858 
762 -0.000666 
763 -0.000708 
764 -0.000949 
765 -0.001235 
766 -0.001421 
767 -0.001410 
768 -0.001177 
769 -0.000593 
770 0.000207 
771 0.001064 
772 0.001746 
773 0.001987 
774 0.001814 
775 0.001432 
776 0.001020 
777 0.000532 
778 0.000257 
779 0.000164 
780 0.000250 
781 0.000371 
782 0.000344 
783 0.000102 
784 -0.000249 
785 -0.000687 
786 -0.001131 
787 -0.001339 
788 -0.001292 
789 -0.001174 
790 -0.001178 
791 -0.001349 
792 -0.001475 
793 -0.001354 
794 -0.001029 
795 -0.000737 
796 -0.000522 
797 -0.000177 
798 0.000342 
799 0.000627 
800 0.000496 
801 0.000120 
802 -0.000092 
803 -0.000077 
804 -0.000080 
805 -0.000191 
806 -0.000217 
807 -0.000029 
808 0.000149 
809 0.000153 
810 0.000037 
811 0.000059 
812 0.000114 
813 0.000073 
814 0.000049 
815 0.000215 
816 0.000507 
817 0.000701 
818 0.000608 
819 0.000266 
820 -0.000061 
821 -0.000350 
822 -0.000650 
823 -0.000964 
824 -0.001146 
825 -0.001038 
826 -0.000651 
827 -0.000090 
828 0.000513 
829 0.000839 
830 0.000879 
831 0.000758 
832 0.000551 
833 0.000232 
834 -0.000201 
835 -0.000574 
836 -0.000646 
837 -0.000433 
838 -0.000098 
839 0.000177 
840 0.000332 
841 0.000543 
842 0.000778 
843 0.000901 
844 0.000778 
845 0.000509 
846 0.000187 
847 -0.000088 
848 -0.000367 
849 -0.000629 
850 -0.000786 
851 -0.000725 
852 -0.000528 
853 -0.000321 
854 -0.000062 
855 0.000274 
856 0.000596 
857 0.000751 
858 0.000629 
859 0.000343 
860 0.000088 
861 -0.000045 
862 -0.000207 
863 -0.000399 
864 -0.000483 
865 -0.000292 
866 0.000074 
867 0.000412 
868 0.000633 
869 0.000787 
870 0.000874 
871 0.000830 
872 0.000653 
873 0.000373 
874 0.000092 
875 -0.000111 
876 -0.000211 
877 -0.000209 
878 -0.000101 
879 0.000067 
880 0.000220 
881 0.000398 
882 0.000646 
883 0.000849 
884 0.000895 
885 0.000749 
886 0.000533 
887 0.000354 
888 0.000184 
889 0.000048 
890 0.000003 
891 0.000077 
892 0.000205 
893 0.000254 
894 0.000225 
895 0.000185 
896 0.000122 
897 -0.000030 
898 -0.000235 
899 -0.000377 
900 -0.000407 
901 -0.000448 
902 -0.000566 
903 -0.000697 
904 -0.000702 
905 -0.000587 
906 -0.000413 
907 -0.000297 
908 -0.000205 
909 -0.000095 
910 0.000094 
911 0.000307 
912 0.000449 
913 0.000561 
914 0.000648 
915 0.000748 
916 0.000838 
917 0.000882 
918 0.000805 
919 0.000642 
920 0.000494 
921 0.000441 
922 0.000449 
923 0.000465 
924 0.000468 
925 0.000464 
926 0.000427 
927 0.000328 
928 0.000212 
929 0.000084 
930 -0.000067 
931 -0.000207 
932 -0.000262 
933 -0.000230 
934 -0.000185 
935 -0.000233 
936 -0.000359 
937 -0.000453 
938 -0.000486 
939 -0.000490 
940 -0.000482 
941 -0.000424 
942 -0.000315 
943 -0.000234 
944 -0.000188 
945 -0.000145 
946 -0.000103 
947 -0.000090 
948 -0.000074 
949 -0.000066 
950 -0.000047 
951 0.000013 
952 0.000122 
953 0.000214 
954 0.000240 
955 0.000223 
956 0.000224 
957 0.000261 
958 0.000289 
959 0.000283 
960 0.000267 
961 0.000269 
962 0.000286 
963 0.000262 
964 0.000193 
965 0.000098 
966 -0.000012 
967 -0.000108 
968 -0.000164 
969 -0.000155 
970 -0.000114 
971 -0.000055 
972 0.000017 
973 0.000074 
974 0.000068 
975 -0.000020 
976 -0.000130 
977 -0.000210 
978 -0.000250 
979 -0.000273 
980 -0.000268 
981 -0.000218 
982 -0.000138 
983 -0.000078 
984 -0.000057 
985 -0.000055 
986 -0.000037 
987 -0.000024 
988 -0.000031 
989 -0.000035 
990 -0.000039 
991 -0.000052 
992 -0.000096 
993 -0.000154 
994 -0.000192 
995 -0.000184 
996 -0.000150 
997 -0.000109 
998 -0.000048 
999 0.000048 
1000 0.000137 
1001 0.000147 
1002 0.000085 
1003 0.000000 
1004 -0.000080 
1005 -0.000133 
1006 -0.000168 
1007 -0.000186 
1008 -0.000166 
1009 -0.000106 
1010 -0.000016 
1011 0.000078 
1012 0.000150 
1013 0.000185 
1014 0.000187 
1015 0.000187 
1016 0.000169 
1017 0.000113 
1018 0.000034 
1019 -0.000048 
1020 -0.000107 
1021 -0.000129 
1022 -0.000102 
1023 -0.000059 
