0 0.035243 
1 -0.035430 
2 0.016672 
3 -0.026709 
4 0.005343 
5 0.005893 
6 -0.008071 
7 0.027815 
8 -0.026970 
9 0.038172 
10 -0.032393 
11 0.041590 
12 -0.053426 
13 -0.011285 
14 -0.056447 
15 -0.010695 
16 0.003146 
17 0.027714 
18 0.054189 
19 0.026191 
20 0.024849 
21 0.005860 
22 -0.017698 
23 -0.031355 
24 -0.073616 
25 -0.027751 
26 -0.036327 
27 0.040139 
28 0.022587 
29 0.058153 
30 0.027449 
31 -0.007952 
32 -0.001988 
33 -0.025652 
34 0.013434 
35 -0.035288 
36 0.021508 
37 -0.027406 
38 0.017136 
39 -0.008479 
40 0.015585 
41 0.010415 
42 -0.021147 
43 0.002971 
44 -0.019087 
45 0.013259 
46 0.009656 
47 0.016319 
48 0.016757 
49 0.001734 
50 -0.000752 
51 0.003732 
52 -0.029953 
53 0.003825 
54 -0.054396 
55 0.040410 
56 -0.041558 
57 0.077789 
58 -0.062224 
59 0.059459 
60 -0.080154 
61 0.068963 
62 -0.060469 
63 0.066945 
64 -0.054802 
65 0.033771 
66 -0.035860 
67 0.010193 
68 -0.002983 
69 0.005827 
70 -0.002704 
71 -0.008653 
72 -0.001433 
73 0.013356 
74 0.000229 
75 0.003944 
76 -0.001249 
77 -0.000020 
78 -0.008262 
79 0.003639 
80 -0.004557 
81 -0.002084 
82 0.002050 
83 -0.023623 
84 0.026784 
85 -0.037600 
86 0.047388 
87 -0.029877 
88 0.040674 
89 -0.039811 
90 0.005797 
91 -0.038220 
92 0.012044 
93 -0.015754 
94 0.031272 
95 -0.013355 
96 0.046957 
97 -0.048974 
98 0.024292 
99 -0.066759 
100 0.032944 
101 -0.043839 
102 0.060568 
103 -0.013807 
104 0.064130 
105 -0.026759 
106 0.036691 
107 -0.036052 
108 -0.005877 
109 -0.027230 
110 -0.033437 
111 -0.001345 
112 -0.021514 
113 0.010003 
114 0.003006 
115 0.007792 
116 0.020326 
117 0.018904 
118 0.025846 
119 0.007354 
120 -0.012519 
121 -0.000923 
122 -0.014799 
123 0.028897 
124 -0.024173 
125 0.023344 
126 -0.087219 
127 0.000212 
128 -0.096432 
129 0.048636 
130 -0.042143 
131 0.081306 
132 0.024181 
133 0.078125 
134 0.054495 
135 -0.000659 
136 -0.014155 
137 -0.106884 
138 -0.072718 
139 -0.067943 
140 -0.000875 
141 0.050547 
142 0.034027 
143 0.039619 
144 -0.021189 
145 0.012665 
146 -0.017166 
147 0.035801 
148 -0.007613 
149 0.018755 
150 -0.009463 
151 -0.000180 
152 -0.001400 
153 -0.005732 
154 -0.016417 
155 -0.027338 
156 -0.032498 
157 0.012436 
158 0.002752 
159 0.050534 
160 -0.010861 
161 0.034300 
162 -0.048935 
163 0.026496 
164 -0.051616 
165 0.026358 
166 -0.055370 
167 0.022475 
168 -0.039290 
169 0.034327 
170 -0.022443 
171 0.034560 
172 -0.006266 
173 0.036454 
174 -0.014648 
175 0.030560 
176 -0.035871 
177 0.017812 
178 -0.047265 
179 0.013747 
180 -0.013904 
181 0.011620 
182 0.006378 
183 -0.013300 
184 0.006950 
185 -0.032466 
186 0.017534 
187 -0.018340 
188 0.021400 
189 -0.005787 
190 -0.001796 
191 0.020213 
192 -0.025805 
193 0.044770 
194 -0.048817 
195 0.043838 
196 -0.047733 
197 0.022905 
198 -0.013785 
199 -0.000997 
200 0.006080 
201 -0.058658 
202 0.037237 
203 -0.067320 
204 0.091942 
205 -0.048325 
206 0.094266 
207 -0.058573 
208 0.048501 
209 -0.069559 
210 0.014123 
211 -0.041123 
212 0.022903 
213 0.004451 
214 0.033553 
215 0.006411 
216 0.019867 
217 -0.029182 
218 0.014329 
219 -0.058984 
220 0.033689 
221 -0.054997 
222 0.065513 
223 -0.040925 
224 0.072772 
225 -0.044181 
226 0.046650 
227 -0.049415 
228 0.010856 
229 -0.036555 
230 0.011089 
231 -0.007210 
232 0.020755 
233 -0.005301 
234 0.033150 
235 -0.010292 
236 0.038919 
237 -0.031672 
238 0.019801 
239 -0.063672 
240 0.002259 
241 -0.050000 
242 0.032088 
243 0.005610 
244 0.023720 
245 0.035726 
246 -0.020129 
247 0.028961 
248 -0.043233 
249 0.030513 
250 -0.041419 
251 0.019372 
252 -0.000569 
253 0.026294 
254 0.023229 
255 -0.019125 
256 0.003879 
257 -0.050412 
258 0.009593 
259 -0.024146 
260 0.018705 
261 0.010506 
262 0.005771 
263 0.029955 
264 0.011803 
265 0.029858 
266 -0.022702 
267 -0.003457 
268 -0.027096 
269 -0.026677 
270 0.018091 
271 -0.021553 
272 0.047657 
273 -0.046490 
274 0.043072 
275 -0.031569 
276 0.042992 
277 -0.011790 
278 0.018713 
279 -0.007668 
280 -0.004048 
281 0.013571 
282 0.003530 
283 0.045855 
284 -0.019342 
285 0.009662 
286 -0.033909 
287 -0.010187 
288 0.003998 
289 -0.013065 
290 0.051710 
291 -0.035648 
292 0.046425 
293 -0.036874 
294 0.051645 
295 -0.024171 
296 0.010548 
297 -0.021862 
298 -0.011323 
299 0.002046 
300 -0.003065 
301 0.024090 
302 0.003494 
303 0.016389 
304 -0.008234 
305 0.001327 
306 0.003322 
307 -0.032383 
308 0.016522 
309 -0.037464 
310 0.036595 
311 -0.009995 
312 0.036625 
313 0.007762 
314 -0.001760 
315 0.001863 
316 -0.022742 
317 0.002616 
318 -0.019257 
319 0.000049 
320 0.001205 
321 0.020471 
322 0.030013 
323 0.014272 
324 0.013122 
325 -0.030880 
326 -0.017173 
327 -0.019241 
328 -0.014629 
329 0.016253 
330 -0.020982 
331 0.018655 
332 -0.023284 
333 0.030922 
334 0.006592 
335 0.009001 
336 0.004884 
337 -0.043125 
338 0.021045 
339 -0.055711 
340 0.057750 
341 -0.052380 
342 0.059043 
343 -0.056209 
344 0.027509 
345 -0.041517 
346 0.000507 
347 0.000305 
348 -0.007438 
349 0.052352 
350 -0.018124 
351 0.060825 
352 -0.036266 
353 0.017895 
354 -0.044200 
355 -0.006722 
356 -0.028755 
357 -0.010168 
358 0.001156 
359 0.019160 
360 0.024431 
361 0.017784 
362 -0.002087 
363 -0.009240 
364 -0.045283 
365 -0.003550 
366 -0.032218 
367 0.042296 
368 -0.016655 
369 0.029222 
370 -0.003052 
371 0.001749 
372 0.002765 
373 -0.031915 
374 -0.003785 
375 -0.045658 
376 0.003296 
377 -0.008983 
378 0.027720 
379 0.036586 
380 -0.002824 
381 0.019068 
382 -0.026858 
383 0.000915 
384 -0.030288 
385 -0.006409 
386 -0.016543 
387 -0.004523 
388 0.020154 
389 0.007013 
390 0.032814 
391 -0.028015 
392 0.009940 
393 -0.048947 
394 0.017324 
395 -0.012210 
396 0.015441 
397 0.001242 
398 0.002025 
399 -0.022493 
400 0.009905 
401 -0.029012 
402 0.021120 
403 -0.055316 
404 0.039315 
405 -0.051964 
406 0.076940 
407 -0.025856 
408 0.066762 
409 -0.045237 
410 0.006762 
411 -0.047185 
412 -0.020320 
413 -0.000439 
414 -0.022183 
415 0.010882 
416 -0.019657 
417 0.024971 
418 0.003565 
419 0.026000 
420 0.011584 
421 -0.027101 
422 0.011794 
423 -0.041180 
424 0.032832 
425 -0.031679 
426 0.036690 
427 -0.026453 
428 0.013651 
429 -0.006654 
430 -0.009711 
431 0.007600 
432 -0.037460 
433 0.017677 
434 -0.031466 
435 0.044628 
436 -0.012554 
437 0.033322 
438 -0.009108 
439 0.020849 
440 -0.021746 
441 0.015242 
442 -0.032987 
443 0.004424 
444 -0.048132 
445 0.016500 
446 -0.042669 
447 0.044560 
448 -0.049033 
449 0.045139 
450 -0.029867 
451 0.047044 
452 -0.002059 
453 0.018139 
454 -0.001154 
455 -0.031911 
456 -0.017339 
457 -0.012559 
458 0.004757 
459 0.023250 
460 -0.006982 
461 0.037137 
462 -0.041374 
463 0.049445 
464 -0.048610 
465 0.059197 
466 -0.047476 
467 0.039218 
468 -0.038372 
469 0.016691 
470 -0.018420 
471 -0.020842 
472 -0.002400 
473 -0.030623 
474 0.019996 
475 -0.003260 
476 0.042961 
477 0.028448 
478 0.003016 
479 0.022267 
480 -0.052649 
481 0.014410 
482 -0.060576 
483 0.035859 
484 -0.043394 
485 0.050812 
486 -0.038661 
487 0.025878 
488 -0.013616 
489 0.016716 
490 0.021706 
491 0.004748 
492 0.027345 
493 -0.023231 
494 0.007573 
495 -0.007052 
496 0.004192 
497 0.007556 
498 -0.007779 
499 0.002229 
500 -0.018906 
501 0.004559 
502 -0.002674 
503 -0.006212 
504 0.011273 
505 -0.033036 
506 0.038558 
507 -0.030824 
508 0.065964 
509 -0.040238 
510 0.050520 
511 -0.068642 
512 0.025705 
513 -0.038847 
514 0.038726 
515 -0.002361 
516 0.026332 
517 -0.013933 
518 0.001724 
519 -0.040924 
520 0.022958 
521 -0.041501 
522 0.059374 
523 -0.040466 
524 0.078626 
525 -0.041617 
526 0.074825 
527 -0.074342 
528 0.049346 
529 -0.080807 
530 0.047607 
531 -0.043424 
532 0.053349 
533 -0.031956 
534 0.026249 
535 -0.041456 
536 0.017660 
537 -0.020278 
538 0.023193 
539 -0.020560 
540 0.021794 
541 -0.015801 
542 0.025724 
543 -0.011157 
544 0.010737 
545 -0.024501 
546 -0.021780 
547 0.010109 
548 -0.014597 
549 0.047926 
550 -0.033752 
551 0.045002 
552 -0.064466 
553 0.058755 
554 -0.052209 
555 0.050590 
556 -0.038606 
557 0.003305 
558 -0.021034 
559 -0.017664 
560 0.022904 
561 -0.013107 
562 0.038137 
563 -0.023613 
564 0.030326 
565 -0.007668 
566 0.010334 
567 0.003475 
568 -0.023966 
569 0.027429 
570 -0.041048 
571 0.035551 
572 -0.027545 
573 0.007426 
574 -0.018646 
575 -0.006454 
576 0.021936 
577 -0.008623 
578 0.031229 
579 -0.028600 
580 0.014060 
581 -0.026417 
582 0.019112 
583 0.005822 
584 0.004789 
585 0.008244 
586 -0.011024 
587 0.015079 
588 -0.008845 
589 -0.011281 
590 -0.016371 
591 -0.033851 
592 -0.006645 
593 -0.015353 
594 0.048839 
595 0.003638 
596 0.045555 
597 -0.008889 
598 0.009672 
599 -0.016422 
600 -0.019827 
601 0.002034 
602 -0.022075 
603 0.022424 
604 -0.034343 
605 0.034978 
606 -0.011959 
607 0.025927 
608 -0.006184 
609 -0.003555 
610 0.003243 
611 -0.040965 
612 0.029616 
613 -0.022919 
614 0.045456 
615 -0.022576 
616 0.023874 
617 -0.029267 
618 -0.011349 
619 -0.007614 
620 -0.017217 
621 0.040264 
622 -0.022409 
623 0.032209 
624 -0.008938 
625 -0.003706 
626 0.016198 
627 -0.049837 
628 0.050133 
629 -0.089008 
630 0.058074 
631 -0.067171 
632 0.093921 
633 -0.025493 
634 0.067485 
635 -0.029473 
636 -0.002462 
637 -0.019200 
638 -0.021522 
639 0.001853 
640 -0.008856 
641 0.001226 
642 0.011465 
643 -0.002642 
644 0.059343 
645 -0.027616 
646 0.053986 
647 -0.096487 
648 0.031739 
649 -0.096425 
650 0.062149 
651 -0.032519 
652 0.063713 
653 0.005566 
654 0.019006 
655 0.012266 
656 -0.023456 
657 0.010434 
658 -0.059181 
659 0.019809 
660 -0.044346 
661 0.038334 
662 0.006185 
663 0.031785 
664 0.014193 
665 0.001174 
666 0.009639 
667 -0.023585 
668 0.008825 
669 -0.030821 
670 0.010152 
671 0.007046 
672 0.022487 
673 0.037953 
674 -0.029410 
675 0.020308 
676 -0.067252 
677 0.021824 
678 -0.027794 
679 0.021896 
680 0.009687 
681 -0.006955 
682 0.031102 
683 -0.019435 
684 0.042309 
685 -0.047329 
686 0.012277 
687 -0.041050 
688 0.007665 
689 0.003608 
690 0.021005 
691 0.012872 
692 0.010639 
693 -0.010243 
694 0.012568 
695 -0.032961 
696 0.028199 
697 -0.047223 
698 0.026894 
699 -0.063529 
700 0.049337 
701 -0.032339 
702 0.058501 
703 0.001931 
704 0.025031 
705 0.000919 
706 -0.028803 
707 -0.005958 
708 -0.033561 
709 0.010209 
710 -0.012892 
711 0.016555 
712 0.022499 
713 0.007567 
714 0.016436 
715 -0.041819 
716 0.002237 
717 -0.060231 
718 0.024552 
719 -0.035424 
720 0.048259 
721 -0.012158 
722 0.038254 
723 -0.013541 
724 0.018537 
725 -0.005600 
726 -0.026878 
727 0.014026 
728 -0.040040 
729 0.027366 
730 -0.028198 
731 0.028373 
732 -0.021161 
733 -0.010489 
734 -0.024957 
735 -0.022562 
736 -0.005864 
737 0.000850 
738 0.017470 
739 0.034768 
740 0.003727 
741 0.028792 
742 -0.027962 
743 0.021971 
744 -0.047365 
745 0.006012 
746 -0.026183 
747 0.001648 
748 -0.003573 
749 -0.012292 
750 0.016568 
751 -0.025235 
752 0.023588 
753 -0.030995 
754 0.014613 
755 -0.010221 
756 0.013011 
757 0.022247 
758 -0.006876 
759 0.004232 
760 -0.034993 
761 -0.011350 
762 -0.003225 
763 -0.009120 
764 0.005614 
765 -0.036660 
766 -0.013690 
767 -0.029798 
768 0.030944 
769 0.029466 
770 0.013595 
771 0.023381 
772 -0.045633 
773 0.018264 
774 -0.058979 
775 0.034513 
776 -0.041551 
777 0.032043 
778 -0.026494 
779 0.034500 
780 -0.004378 
781 0.016591 
782 -0.023788 
783 0.003446 
784 -0.023508 
785 0.009866 
786 -0.014845 
787 0.032717 
788 -0.034255 
789 0.017361 
790 -0.050497 
791 0.030963 
792 -0.039165 
793 0.063590 
794 -0.028820 
795 0.060600 
796 -0.036020 
797 0.021547 
798 -0.032221 
799 -0.016970 
800 -0.009873 
801 -0.030711 
802 0.021392 
803 -0.016153 
804 0.031942 
805 -0.026246 
806 0.022459 
807 -0.025265 
808 0.036145 
809 -0.008586 
810 0.028533 
811 -0.019768 
812 0.019114 
813 -0.033336 
814 0.039319 
815 -0.033880 
816 0.039754 
817 -0.062346 
818 0.040744 
819 -0.052772 
820 0.042085 
821 -0.042189 
822 0.029086 
823 -0.034147 
824 0.017052 
825 -0.003785 
826 0.045151 
827 -0.013516 
828 0.052406 
829 -0.071502 
830 0.067872 
831 -0.088237 
832 0.085061 
833 -0.058150 
834 0.070769 
835 -0.050616 
836 0.013423 
837 -0.029200 
838 -0.022968 
839 0.016825 
840 -0.028670 
841 0.046075 
842 0.001052 
843 0.040894 
844 0.008862 
845 0.005328 
846 0.015849 
847 -0.031584 
848 0.024295 
849 -0.016906 
850 0.032446 
851 -0.015069 
852 0.003290 
853 -0.007184 
854 -0.036767 
855 0.004984 
856 -0.044086 
857 0.053826 
858 -0.013686 
859 0.068905 
860 -0.025616 
861 0.032977 
862 -0.054389 
863 0.008771 
864 -0.020753 
865 0.012614 
866 0.013590 
867 0.007729 
868 0.035862 
869 -0.011700 
870 0.005734 
871 -0.027859 
872 -0.024077 
873 -0.006267 
874 -0.025251 
875 0.060031 
876 -0.022973 
877 0.081952 
878 -0.046452 
879 0.055977 
880 -0.032382 
881 0.003516 
882 -0.008407 
883 -0.024321 
884 0.036583 
885 -0.021863 
886 0.058155 
887 0.009995 
888 0.011397 
889 -0.005163 
890 -0.060464 
891 0.004319 
892 -0.081585 
893 0.041422 
894 -0.049012 
895 0.063807 
896 -0.005849 
897 0.052720 
898 0.033854 
899 0.021066 
900 -0.009418 
901 -0.045915 
902 -0.031570 
903 -0.032724 
904 0.004365 
905 0.016973 
906 -0.001438 
907 0.017999 
908 -0.044265 
909 0.035353 
910 -0.044636 
911 0.056300 
912 -0.045582 
913 0.040903 
914 -0.010151 
915 0.034576 
916 0.024195 
917 -0.012471 
918 0.015009 
919 -0.082463 
920 0.006908 
921 -0.069643 
922 0.037322 
923 -0.003989 
924 0.062039 
925 0.015486 
926 0.039205 
927 -0.014796 
928 -0.029423 
929 -0.038538 
930 -0.058033 
931 -0.016238 
932 0.005174 
933 0.019722 
934 0.079948 
935 -0.019257 
936 0.094565 
937 -0.101470 
938 0.075876 
939 -0.119510 
940 0.055682 
941 -0.107988 
942 0.054351 
943 -0.031276 
944 0.039356 
945 0.011557 
946 -0.009303 
947 -0.004547 
948 -0.027006 
949 0.004879 
950 0.017853 
951 -0.002293 
952 0.025885 
953 -0.049482 
954 0.028177 
955 -0.036511 
956 0.056313 
957 -0.002301 
958 0.027074 
959 -0.024958 
960 -0.026407 
961 -0.026500 
962 -0.029629 
963 -0.006106 
964 0.002344 
965 0.005810 
966 0.011639 
967 0.023596 
968 0.030219 
969 0.003380 
970 0.008028 
971 -0.027958 
972 -0.019067 
973 -0.028255 
974 -0.008148 
975 0.010302 
976 -0.027025 
977 0.023751 
978 -0.034848 
979 0.045730 
980 -0.037977 
981 0.045350 
982 -0.035828 
983 0.028746 
984 -0.024069 
985 0.006267 
986 0.019865 
987 -0.015221 
988 0.048337 
989 -0.033691 
990 0.047185 
991 -0.062136 
992 0.006592 
993 -0.045835 
994 0.007335 
995 0.016640 
996 -0.002107 
997 0.043830 
998 -0.044316 
999 0.031988 
1000 -0.049228 
1001 0.011345 
1002 -0.006736 
1003 -0.024084 
1004 0.041129 
1005 -0.013258 
1006 0.051905 
1007 -0.036830 
1008 0.011604 
1009 -0.040927 
1010 -0.031902 
1011 0.009435 
1012 -0.010226 
1013 0.074936 
1014 -0.028570 
1015 0.074878 
1016 -0.053486 
1017 0.037584 
1018 -0.071763 
1019 0.019776 
1020 -0.021089 
1021 0.016357 
1022 0.016090 
1023 0.003792 
