0 0.030453 
1 -0.030174 
2 -0.005963 
3 0.006537 
4 -0.025067 
5 0.028891 
6 -0.033850 
7 0.031596 
8 -0.020473 
9 0.008913 
10 0.002970 
11 -0.017945 
12 0.020709 
13 -0.029735 
14 0.025322 
15 -0.007895 
16 0.024500 
17 0.017379 
18 -0.008219 
19 0.012599 
20 -0.043107 
21 0.005149 
22 -0.036977 
23 0.030548 
24 0.007782 
25 0.027844 
26 0.025597 
27 -0.027178 
28 0.013332 
29 -0.056343 
30 0.025401 
31 -0.021536 
32 0.026812 
33 0.007476 
34 -0.002416 
35 0.013135 
36 -0.024656 
37 0.015708 
38 -0.014137 
39 0.022607 
40 0.007954 
41 -0.004130 
42 0.010736 
43 -0.039418 
44 0.011306 
45 -0.034173 
46 0.032061 
47 0.000754 
48 0.031404 
49 0.023214 
50 -0.009951 
51 0.011401 
52 -0.038848 
53 0.016909 
54 -0.017189 
55 0.026474 
56 0.002172 
57 0.000345 
58 0.005012 
59 -0.019665 
60 0.018840 
61 0.006377 
62 0.007705 
63 0.019655 
64 -0.045365 
65 0.029536 
66 -0.073906 
67 0.061955 
68 -0.046594 
69 0.083959 
70 -0.037335 
71 0.021790 
72 -0.038832 
73 -0.020617 
74 0.007252 
75 -0.016064 
76 0.056776 
77 -0.006833 
78 0.014014 
79 -0.016213 
80 -0.036907 
81 0.015757 
82 -0.039065 
83 0.060282 
84 -0.015075 
85 0.046228 
86 -0.036838 
87 -0.012686 
88 -0.024395 
89 -0.025046 
90 0.038784 
91 -0.018317 
92 0.054280 
93 -0.032921 
94 0.003198 
95 -0.010539 
96 -0.033457 
97 0.047239 
98 -0.057970 
99 0.069090 
100 -0.076181 
101 0.045477 
102 -0.049655 
103 0.033113 
104 0.015054 
105 -0.007229 
106 0.039799 
107 -0.065744 
108 0.041344 
109 -0.068131 
110 0.053943 
111 0.001500 
112 0.024803 
113 0.018406 
114 -0.054606 
115 0.019669 
116 -0.073612 
117 0.051065 
118 -0.009596 
119 0.066829 
120 0.010355 
121 -0.002646 
122 -0.019408 
123 -0.044904 
124 -0.003737 
125 -0.006100 
126 0.021439 
127 0.038821 
128 -0.031266 
129 0.038042 
130 -0.075540 
131 0.063396 
132 -0.055483 
133 0.066967 
134 -0.040966 
135 0.023937 
136 -0.028483 
137 -0.008001 
138 0.018142 
139 -0.009427 
140 0.029011 
141 -0.029852 
142 -0.010672 
143 -0.012450 
144 -0.046954 
145 0.063612 
146 -0.036836 
147 0.112515 
148 -0.038090 
149 0.077681 
150 -0.045904 
151 -0.011764 
152 -0.053191 
153 -0.072751 
154 0.004755 
155 -0.043433 
156 0.078449 
157 -0.004351 
158 0.070884 
159 -0.011766 
160 0.013608 
161 0.006766 
162 -0.029112 
163 0.025606 
164 -0.042586 
165 0.012651 
166 -0.019502 
167 -0.002024 
168 0.033630 
169 -0.019472 
170 0.054132 
171 -0.039106 
172 0.042044 
173 -0.043984 
174 0.014322 
175 0.001258 
176 -0.014992 
177 0.048174 
178 -0.064460 
179 0.063826 
180 -0.069340 
181 0.058258 
182 -0.035633 
183 0.035534 
184 0.008904 
185 -0.012573 
186 0.024415 
187 -0.043205 
188 0.031377 
189 -0.052691 
190 0.045302 
191 -0.016623 
192 0.034617 
193 0.008547 
194 -0.017587 
195 0.007093 
196 -0.044524 
197 0.012365 
198 -0.014383 
199 0.024038 
200 0.014420 
201 -0.003345 
202 -0.002522 
203 -0.027927 
204 -0.009544 
205 0.005692 
206 0.001740 
207 0.040078 
208 -0.034386 
209 0.033055 
210 -0.071847 
211 0.050910 
212 -0.043380 
213 0.058093 
214 -0.009245 
215 0.002674 
216 0.004240 
217 -0.052473 
218 0.038827 
219 -0.043981 
220 0.067516 
221 -0.032759 
222 0.038432 
223 -0.048770 
224 -0.010218 
225 -0.027275 
226 0.001612 
227 0.021440 
228 0.029675 
229 0.003516 
230 0.015068 
231 -0.047251 
232 0.016381 
233 -0.052505 
234 0.055350 
235 -0.030928 
236 0.048583 
237 -0.028205 
238 0.004151 
239 -0.009834 
240 -0.022168 
241 0.037851 
242 -0.032209 
243 0.048489 
244 -0.038608 
245 0.022040 
246 -0.018317 
247 -0.007317 
248 0.026210 
249 -0.031798 
250 0.041558 
251 -0.053660 
252 0.039624 
253 -0.046838 
254 0.044124 
255 -0.014885 
256 0.023213 
257 -0.005326 
258 -0.021621 
259 -0.009157 
260 -0.029843 
261 0.017062 
262 0.013935 
263 0.028268 
264 0.020377 
265 -0.021379 
266 -0.011338 
267 -0.037190 
268 0.000023 
269 -0.000559 
270 0.019625 
271 0.019125 
272 -0.006978 
273 0.001201 
274 -0.018780 
275 0.000244 
276 0.001137 
277 -0.003294 
278 0.028542 
279 -0.021163 
280 0.039410 
281 -0.034965 
282 0.036562 
283 -0.024391 
284 0.021447 
285 -0.025523 
286 -0.001375 
287 -0.018775 
288 0.001497 
289 -0.003467 
290 0.017850 
291 0.001613 
292 0.021896 
293 -0.018584 
294 0.021568 
295 -0.031173 
296 0.027219 
297 -0.029739 
298 0.035372 
299 -0.005009 
300 0.018304 
301 0.004345 
302 -0.017604 
303 -0.000270 
304 -0.032267 
305 0.009965 
306 0.009382 
307 0.024558 
308 0.043675 
309 -0.026723 
310 0.034870 
311 -0.079712 
312 0.043587 
313 -0.056304 
314 0.054147 
315 -0.001681 
316 0.013057 
317 0.012295 
318 -0.035101 
319 0.034702 
320 -0.051802 
321 0.050180 
322 -0.043296 
323 0.037534 
324 -0.029570 
325 0.016140 
326 -0.003209 
327 0.002992 
328 0.024254 
329 -0.012900 
330 0.012599 
331 -0.018620 
332 -0.017371 
333 -0.001553 
334 -0.016604 
335 0.024133 
336 -0.001993 
337 0.014706 
338 0.007681 
339 -0.017211 
340 0.029166 
341 -0.039029 
342 0.053297 
343 -0.057353 
344 0.051918 
345 -0.056754 
346 0.025319 
347 -0.012890 
348 -0.001892 
349 0.036001 
350 -0.030941 
351 0.049900 
352 -0.053656 
353 0.029122 
354 -0.046134 
355 0.011720 
356 0.003217 
357 0.003710 
358 0.037480 
359 -0.030521 
360 0.028988 
361 -0.069455 
362 0.020239 
363 -0.027623 
364 0.028126 
365 0.029306 
366 0.004276 
367 0.019382 
368 -0.040153 
369 -0.001643 
370 -0.011015 
371 0.002660 
372 0.042199 
373 -0.017347 
374 0.043368 
375 -0.057430 
376 0.024654 
377 -0.043859 
378 0.014816 
379 0.020422 
380 -0.028507 
381 0.062227 
382 -0.084662 
383 0.074628 
384 -0.087941 
385 0.071965 
386 -0.042753 
387 0.034398 
388 -0.015256 
389 -0.019663 
390 0.013090 
391 -0.034871 
392 0.040723 
393 -0.027596 
394 0.026653 
395 -0.015847 
396 -0.021469 
397 0.012029 
398 -0.042050 
399 0.062014 
400 -0.040580 
401 0.064995 
402 -0.040078 
403 0.009764 
404 -0.033432 
405 -0.027130 
406 0.019213 
407 -0.021908 
408 0.052183 
409 -0.016351 
410 0.028160 
411 -0.020713 
412 -0.024315 
413 0.014473 
414 -0.038846 
415 0.055876 
416 -0.038426 
417 0.042089 
418 -0.032694 
419 -0.005913 
420 0.001470 
421 -0.025776 
422 0.043180 
423 -0.035924 
424 0.047800 
425 -0.044624 
426 0.020783 
427 -0.014062 
428 -0.005760 
429 0.035229 
430 -0.032046 
431 0.052400 
432 -0.060470 
433 0.032133 
434 -0.045513 
435 0.026586 
436 0.011052 
437 0.012572 
438 0.029342 
439 -0.020554 
440 0.003798 
441 -0.030927 
442 -0.011996 
443 0.023186 
444 -0.019947 
445 0.059814 
446 -0.056391 
447 0.051971 
448 -0.080623 
449 0.042337 
450 -0.029673 
451 0.041769 
452 0.012879 
453 -0.004305 
454 0.007897 
455 -0.050217 
456 0.009868 
457 -0.027715 
458 0.018307 
459 0.020673 
460 -0.009067 
461 0.030557 
462 -0.056910 
463 0.049679 
464 -0.063106 
465 0.065979 
466 -0.038282 
467 0.049591 
468 -0.036931 
469 0.002239 
470 -0.022111 
471 -0.005644 
472 0.016022 
473 0.004572 
474 0.020538 
475 -0.011783 
476 -0.011732 
477 -0.016664 
478 -0.001337 
479 0.009750 
480 0.021575 
481 -0.010113 
482 0.017203 
483 -0.048294 
484 0.023393 
485 -0.038633 
486 0.060642 
487 -0.012223 
488 0.040155 
489 -0.022359 
490 -0.019187 
491 -0.010645 
492 -0.032265 
493 0.048595 
494 -0.010138 
495 0.060986 
496 -0.028576 
497 0.011565 
498 -0.026205 
499 -0.016236 
500 0.018848 
501 -0.009275 
502 0.035300 
503 -0.019238 
504 0.011768 
505 -0.019865 
506 0.002201 
507 0.010523 
508 -0.003766 
509 0.027301 
510 -0.021625 
511 0.007699 
512 -0.027676 
513 0.000333 
514 0.004554 
515 -0.005202 
516 0.022180 
517 -0.016370 
518 0.012163 
519 -0.012034 
520 0.001674 
521 0.020644 
522 -0.014185 
523 0.038570 
524 -0.043404 
525 0.035392 
526 -0.054425 
527 0.034542 
528 -0.029648 
529 0.030935 
530 0.004506 
531 -0.003106 
532 0.013775 
533 -0.031244 
534 0.018996 
535 -0.024503 
536 0.023926 
537 -0.007258 
538 0.017361 
539 -0.002720 
540 0.003397 
541 -0.009824 
542 -0.003765 
543 -0.006230 
544 0.011300 
545 -0.005633 
546 0.032899 
547 -0.025982 
548 0.021842 
549 -0.042399 
550 0.017180 
551 -0.015390 
552 0.019327 
553 0.012611 
554 0.003868 
555 0.004517 
556 -0.008524 
557 -0.005905 
558 0.004409 
559 -0.004164 
560 0.015697 
561 -0.026323 
562 0.023596 
563 -0.034476 
564 0.038335 
565 -0.021223 
566 0.041051 
567 -0.000247 
568 -0.004038 
569 0.003513 
570 -0.029334 
571 0.022221 
572 -0.019135 
573 0.025136 
574 0.008297 
575 -0.003659 
576 0.009011 
577 -0.042681 
578 0.023057 
579 -0.041550 
580 0.035766 
581 -0.012498 
582 0.022822 
583 0.002561 
584 -0.032252 
585 0.020822 
586 -0.046212 
587 0.043559 
588 -0.024250 
589 0.033473 
590 -0.000879 
591 -0.018582 
592 0.010536 
593 -0.054290 
594 0.050254 
595 -0.047394 
596 0.076356 
597 -0.035940 
598 0.043005 
599 -0.040164 
600 -0.008719 
601 -0.000577 
602 -0.013451 
603 0.039959 
604 -0.006730 
605 0.016477 
606 -0.014948 
607 -0.027941 
608 0.013661 
609 -0.039516 
610 0.060676 
611 -0.042869 
612 0.059889 
613 -0.059123 
614 0.031897 
615 -0.037417 
616 0.020928 
617 0.010665 
618 -0.004980 
619 0.007825 
620 -0.025732 
621 -0.008046 
622 0.009995 
623 -0.009397 
624 0.057455 
625 -0.045540 
626 0.045907 
627 -0.083354 
628 0.037413 
629 -0.041718 
630 0.050086 
631 0.022459 
632 0.014549 
633 0.023313 
634 -0.064533 
635 0.016943 
636 -0.062176 
637 0.037001 
638 -0.007768 
639 0.025612 
640 0.015329 
641 -0.035417 
642 0.027304 
643 -0.046815 
644 0.039819 
645 -0.022223 
646 0.012493 
647 0.004047 
648 -0.040432 
649 0.033311 
650 -0.055168 
651 0.067862 
652 -0.041361 
653 0.043659 
654 -0.025950 
655 -0.008072 
656 0.003004 
657 -0.030241 
658 0.058743 
659 -0.026657 
660 0.054763 
661 -0.037469 
662 0.010269 
663 -0.037180 
664 -0.027199 
665 0.014114 
666 -0.018086 
667 0.051080 
668 -0.021538 
669 0.028334 
670 -0.026230 
671 -0.012696 
672 0.004885 
673 -0.017318 
674 0.057331 
675 -0.027712 
676 0.053343 
677 -0.045093 
678 0.027554 
679 -0.029228 
680 -0.000138 
681 0.009419 
682 -0.010685 
683 0.021996 
684 -0.020718 
685 0.008933 
686 -0.000420 
687 -0.007590 
688 0.028527 
689 -0.019945 
690 0.045304 
691 -0.036249 
692 0.026735 
693 -0.027455 
694 0.007323 
695 0.001885 
696 -0.022734 
697 0.028880 
698 -0.035227 
699 0.034386 
700 -0.025520 
701 0.027369 
702 0.005157 
703 -0.007780 
704 0.027391 
705 -0.036628 
706 0.036356 
707 -0.051093 
708 0.032086 
709 -0.032419 
710 0.016149 
711 0.008277 
712 -0.017721 
713 0.035404 
714 -0.056069 
715 0.046902 
716 -0.052397 
717 0.049281 
718 -0.013334 
719 0.026446 
720 -0.008915 
721 -0.014187 
722 -0.007033 
723 -0.007828 
724 0.011947 
725 0.021386 
726 0.005157 
727 0.019515 
728 -0.036808 
729 0.006118 
730 -0.044233 
731 0.027103 
732 -0.001947 
733 0.023782 
734 0.020686 
735 -0.028856 
736 0.011195 
737 -0.055142 
738 0.032806 
739 -0.024984 
740 0.033366 
741 -0.007318 
742 0.002941 
743 0.002308 
744 -0.028364 
745 0.027443 
746 -0.038382 
747 0.037228 
748 -0.039823 
749 0.031945 
750 -0.017212 
751 0.018633 
752 0.004780 
753 0.005274 
754 0.006846 
755 -0.003860 
756 -0.018196 
757 -0.000539 
758 -0.017002 
759 0.022066 
760 -0.007243 
761 0.036273 
762 -0.010808 
763 -0.000126 
764 -0.022656 
765 -0.030082 
766 0.011173 
767 -0.024218 
768 0.055218 
769 -0.009802 
770 0.026102 
771 -0.029146 
772 -0.033631 
773 -0.004056 
774 -0.042633 
775 0.051799 
776 -0.032518 
777 0.064055 
778 -0.050251 
779 0.027286 
780 -0.047389 
781 0.010919 
782 -0.012959 
783 0.002250 
784 0.012019 
785 -0.005630 
786 -0.003726 
787 0.005321 
788 -0.017858 
789 0.046477 
790 -0.035630 
791 0.044673 
792 -0.059370 
793 0.016240 
794 -0.045860 
795 0.020955 
796 0.016759 
797 0.010933 
798 0.034857 
799 -0.042011 
800 0.018484 
801 -0.060093 
802 0.022055 
803 -0.011560 
804 0.021040 
805 0.020949 
806 -0.031805 
807 0.018932 
808 -0.055938 
809 0.031929 
810 -0.032421 
811 0.039084 
812 -0.005079 
813 0.004932 
814 -0.000578 
815 -0.008418 
816 0.015229 
817 0.000337 
818 0.018243 
819 0.008951 
820 -0.021310 
821 -0.000274 
822 -0.038011 
823 0.020176 
824 -0.021146 
825 0.040171 
826 0.006206 
827 0.016798 
828 -0.004590 
829 -0.025056 
830 -0.002511 
831 -0.030856 
832 0.004199 
833 0.007555 
834 0.000040 
835 0.046701 
836 -0.048208 
837 0.066982 
838 -0.079573 
839 0.069723 
840 -0.078335 
841 0.061803 
842 -0.036182 
843 0.021513 
844 0.004410 
845 -0.014657 
846 0.037356 
847 -0.038873 
848 0.035482 
849 -0.038264 
850 0.010874 
851 -0.012109 
852 -0.004873 
853 0.036992 
854 -0.015269 
855 0.044771 
856 -0.038301 
857 0.019052 
858 -0.033945 
859 -0.008075 
860 0.024127 
861 -0.000970 
862 0.067363 
863 -0.017452 
864 0.042476 
865 -0.040397 
866 -0.018839 
867 -0.014854 
868 -0.037138 
869 0.054134 
870 -0.039706 
871 0.075589 
872 -0.045617 
873 0.044907 
874 -0.024577 
875 0.009667 
876 0.029808 
877 -0.031657 
878 0.059909 
879 -0.075258 
880 0.062570 
881 -0.059859 
882 0.042560 
883 -0.003976 
884 -0.003517 
885 0.031923 
886 -0.055774 
887 0.061319 
888 -0.053192 
889 0.077831 
890 -0.033172 
891 0.041475 
892 -0.021285 
893 -0.014154 
894 -0.002214 
895 -0.031834 
896 0.024902 
897 -0.013028 
898 0.012024 
899 0.020993 
900 -0.034984 
901 0.055157 
902 -0.067718 
903 0.083612 
904 -0.063193 
905 0.064782 
906 -0.036188 
907 0.003503 
908 0.000465 
909 -0.046258 
910 0.048869 
911 -0.056438 
912 0.084115 
913 -0.040394 
914 0.061559 
915 -0.028088 
916 -0.001238 
917 -0.008399 
918 -0.037249 
919 0.027328 
920 -0.021579 
921 0.033425 
922 0.000205 
923 -0.013387 
924 0.028459 
925 -0.046678 
926 0.073589 
927 -0.072454 
928 0.092907 
929 -0.091692 
930 0.060716 
931 -0.076961 
932 0.024927 
933 -0.006677 
934 0.006172 
935 0.031728 
936 -0.012242 
937 0.022294 
938 -0.024742 
939 -0.017799 
940 0.007474 
941 -0.026683 
942 0.039960 
943 -0.038789 
944 0.060965 
945 -0.045682 
946 0.053899 
947 -0.033763 
948 0.018330 
949 -0.002367 
950 -0.033908 
951 0.016549 
952 -0.047502 
953 0.039267 
954 -0.009511 
955 0.028341 
956 0.027985 
957 -0.018739 
958 0.004039 
959 -0.066342 
960 0.004672 
961 -0.040303 
962 0.022721 
963 0.008678 
964 0.001920 
965 0.017383 
966 -0.039659 
967 0.022021 
968 -0.038089 
969 0.030646 
970 -0.011811 
971 0.012324 
972 -0.006620 
973 -0.011780 
974 -0.003133 
975 -0.010754 
976 0.014187 
977 0.010886 
978 -0.011374 
979 -0.007172 
980 -0.042163 
981 0.011813 
982 -0.018327 
983 0.041612 
984 0.017309 
985 0.002724 
986 0.009366 
987 -0.069518 
988 0.031801 
989 -0.080947 
990 0.090299 
991 -0.050986 
992 0.103923 
993 -0.063791 
994 0.042709 
995 -0.078205 
996 0.003268 
997 -0.027454 
998 0.013768 
999 0.023253 
1000 0.001446 
1001 0.000175 
1002 -0.015490 
1003 -0.030559 
1004 0.009586 
1005 -0.020302 
1006 0.034992 
1007 -0.014240 
1008 0.010751 
1009 -0.015774 
1010 -0.007426 
1011 0.004038 
1012 0.006006 
1013 0.025708 
1014 0.009443 
1015 0.001326 
1016 -0.004418 
1017 -0.024127 
1018 0.010061 
1019 -0.035603 
1020 0.049986 
1021 -0.037245 
1022 0.059274 
1023 -0.041259 
