0 0.330852 
1 0.197676 
2 0.005782 
3 0.100679 
4 0.472742 
5 0.296598 
6 -0.068053 
7 0.206906 
8 0.077488 
9 -0.082135 
10 0.612794 
11 0.235716 
12 0.612349 
13 0.438120 
14 0.173807 
15 0.102554 
16 0.175001 
17 -0.204495 
18 0.323403 
19 0.251868 
20 0.480338 
21 1.063717 
22 0.618406 
23 0.231493 
24 -0.063107 
25 0.147487 
26 -0.384752 
27 0.544127 
28 0.779377 
29 0.718702 
30 0.709301 
31 -0.022438 
32 0.406627 
33 0.308567 
34 0.043865 
35 0.594167 
36 0.751402 
37 0.377293 
38 0.807668 
39 0.261749 
40 0.167363 
41 0.143345 
42 0.430146 
43 0.479076 
44 0.913066 
45 0.974623 
46 0.366101 
47 0.636909 
48 0.101329 
49 0.342581 
50 0.318622 
51 0.617722 
52 0.654195 
53 0.799137 
54 0.841222 
55 0.507578 
56 0.484506 
57 0.248091 
58 0.299415 
59 0.469965 
60 1.163317 
61 0.853213 
62 1.137208 
63 0.275326 
64 0.239537 
65 0.160266 
66 0.260681 
67 0.911905 
68 0.922559 
69 0.799645 
70 0.874250 
71 0.855235 
72 0.407283 
73 0.507745 
74 0.595362 
75 0.470978 
76 0.710991 
77 1.033090 
78 0.633481 
79 0.686042 
80 0.515949 
81 0.191070 
82 0.834062 
83 0.820800 
84 1.250051 
85 1.209567 
86 0.893564 
87 0.385784 
88 0.150124 
89 0.202938 
90 0.553406 
91 0.812655 
92 1.104045 
93 1.089411 
94 0.909900 
95 0.704722 
96 0.371548 
97 0.947932 
98 0.337381 
99 1.007512 
100 1.118342 
101 0.612292 
102 1.026664 
103 0.583470 
104 0.483066 
105 0.720579 
106 0.703503 
107 0.852266 
108 1.021131 
109 0.845040 
110 0.831735 
111 0.562971 
112 0.883586 
113 0.333284 
114 0.852152 
115 0.745391 
116 1.009713 
117 1.019944 
118 0.605880 
119 0.917435 
120 0.473149 
121 0.744735 
122 0.724032 
123 0.769734 
124 0.805437 
125 0.760496 
126 0.683715 
127 0.632429 
128 0.886024 
129 1.046865 
130 0.849125 
131 0.666064 
132 0.801855 
133 0.238994 
134 0.774096 
135 0.531833 
136 0.991845 
137 0.870343 
138 0.919768 
139 0.911534 
140 0.729270 
141 0.622692 
142 0.409990 
143 0.355835 
144 0.645247 
145 0.931290 
146 0.961436 
147 1.194962 
148 0.562019 
149 0.892133 
150 0.179050 
151 0.236678 
152 0.752001 
153 0.634181 
154 1.110080 
155 1.011143 
156 0.880311 
157 0.610251 
158 0.257959 
159 0.326713 
160 0.364906 
161 0.925623 
162 1.102376 
163 0.807101 
164 1.101443 
165 0.422571 
166 0.352966 
167 0.241751 
168 0.042995 
169 1.030361 
170 0.751430 
171 0.997194 
172 1.120445 
173 0.864919 
174 0.202580 
175 0.029441 
176 0.227422 
177 0.180571 
178 1.192365 
179 0.786377 
180 1.074727 
181 0.935558 
182 0.231851 
183 -0.103631 
184 0.538100 
185 0.265348 
186 0.789167 
187 0.833231 
188 0.624328 
189 0.714715 
190 0.494429 
191 0.279052 
192 0.183470 
193 0.530265 
194 0.490088 
195 0.674961 
196 0.779978 
197 0.677888 
198 0.309899 
199 0.270543 
200 0.059020 
201 0.664278 
202 0.582577 
203 0.458667 
204 0.753537 
205 0.345471 
206 0.376790 
207 0.200408 
208 0.553105 
209 0.429051 
210 0.753260 
211 0.412895 
212 0.294584 
213 0.443290 
214 0.231697 
215 0.073270 
216 0.433603 
217 0.772582 
218 0.668697 
219 0.815521 
220 0.077374 
221 0.294742 
222 -0.012237 
223 0.278321 
224 0.409008 
225 0.605004 
226 0.575638 
227 0.294138 
228 0.448801 
229 0.287939 
230 0.399503 
231 0.220532 
232 0.247954 
233 0.432745 
234 0.736023 
235 0.097833 
236 0.513371 
237 0.154663 
238 0.029445 
239 0.214530 
240 0.451237 
241 0.823917 
242 0.406248 
243 0.286717 
244 -0.101760 
245 0.156403 
246 0.172555 
247 0.324895 
248 0.601596 
249 0.586010 
250 0.257813 
251 0.196412 
252 0.166223 
253 -0.077649 
254 0.174809 
255 0.081083 
256 0.744510 
257 0.631336 
258 0.519460 
259 0.202839 
260 -0.064528 
261 -0.216741 
262 -0.010193 
263 0.339764 
264 0.474366 
265 0.677454 
266 0.466252 
267 0.118400 
268 0.006591 
269 0.130465 
270 -0.214247 
271 0.320717 
272 0.325450 
273 0.656132 
274 0.584349 
275 0.065943 
276 0.010430 
277 -0.270152 
278 -0.065423 
279 0.055576 
280 0.877796 
281 0.665771 
282 0.366323 
283 0.043198 
284 -0.100059 
285 -0.165570 
286 0.047473 
287 -0.142738 
288 0.519582 
289 0.644489 
290 0.332938 
291 0.756385 
292 -0.055364 
293 -0.131599 
294 -0.439844 
295 -0.289012 
296 0.102781 
297 0.676603 
298 0.552608 
299 0.445751 
300 0.404071 
301 0.020323 
302 -0.112114 
303 -0.232622 
304 -0.080456 
305 0.051846 
306 0.324360 
307 0.069654 
308 0.541755 
309 0.205196 
310 0.149262 
311 -0.006844 
312 0.014409 
313 0.345652 
314 -0.030569 
315 -0.063928 
316 -0.192876 
317 0.187594 
318 0.215919 
319 0.277803 
320 0.243613 
321 0.311734 
322 -0.215534 
323 -0.164590 
324 0.055723 
325 -0.051661 
326 0.117672 
327 -0.216234 
328 0.418061 
329 0.232150 
330 0.549784 
331 -0.138582 
332 -0.210938 
333 -0.110412 
334 -0.295687 
335 0.210270 
336 0.326299 
337 0.123648 
338 0.120796 
339 -0.212435 
340 -0.388960 
341 0.253591 
342 0.073220 
343 0.257712 
344 0.017822 
345 0.122912 
346 -0.088582 
347 -0.172055 
348 -0.106266 
349 -0.259492 
350 0.231681 
351 -0.071511 
352 0.357789 
353 0.243581 
354 -0.053230 
355 -0.487741 
356 -0.349965 
357 -0.118945 
358 0.328685 
359 0.102332 
360 0.069362 
361 0.071563 
362 -0.276615 
363 -0.170634 
364 -0.277915 
365 0.155623 
366 -0.178078 
367 0.101296 
368 0.081703 
369 -0.061074 
370 -0.171931 
371 -0.317570 
372 -0.546724 
373 0.007696 
374 0.374300 
375 0.308986 
376 0.042906 
377 -0.308700 
378 -0.484733 
379 -0.816015 
380 0.039316 
381 -0.012321 
382 0.415090 
383 0.201738 
384 -0.165214 
385 -0.168689 
386 -0.392398 
387 -0.505988 
388 -0.429056 
389 -0.221655 
390 0.014983 
391 0.540907 
392 0.257106 
393 0.031948 
394 -0.546070 
395 -0.815948 
396 -0.619154 
397 -0.167367 
398 0.301679 
399 0.049773 
400 0.458697 
401 -0.327218 
402 -0.292330 
403 -0.522889 
404 -0.480291 
405 -0.334916 
406 -0.207645 
407 0.221060 
408 0.309588 
409 0.041921 
410 -0.266209 
411 -0.528027 
412 -0.515543 
413 -0.345291 
414 -0.142497 
415 0.197216 
416 -0.250823 
417 -0.078450 
418 -0.246759 
419 -0.152841 
420 -0.133330 
421 -0.301495 
422 -0.352991 
423 -0.287805 
424 -0.020344 
425 -0.049898 
426 0.012473 
427 -0.423122 
428 -0.309545 
429 -0.356263 
430 0.011103 
431 -0.105107 
432 -0.051807 
433 -0.255878 
434 -0.591297 
435 -0.196947 
436 -0.246947 
437 0.172098 
438 -0.119053 
439 -0.258428 
440 -0.230426 
441 -0.233166 
442 -0.271887 
443 -0.113880 
444 -0.236612 
445 -0.243283 
446 -0.094701 
447 -0.163905 
448 -0.039424 
449 -0.267043 
450 -0.248495 
451 -0.541419 
452 -0.042451 
453 0.053615 
454 0.138480 
455 -0.221776 
456 -0.429551 
457 -0.360377 
458 -0.226465 
459 -0.185962 
460 -0.048454 
461 -0.011477 
462 0.057390 
463 -0.033745 
464 -0.190494 
465 -0.133198 
466 -0.589743 
467 -0.324504 
468 -0.294835 
469 0.112074 
470 0.502421 
471 -0.039132 
472 -0.214690 
473 -0.367571 
474 -0.307153 
475 -0.154651 
476 0.049152 
477 -0.018842 
478 0.014379 
479 -0.310422 
480 -0.160205 
481 -0.075016 
482 0.053688 
483 -0.314323 
484 -0.076973 
485 0.299008 
486 -0.058169 
487 0.409432 
488 -0.396647 
489 -0.511247 
490 -0.287731 
491 -0.228477 
492 0.207311 
493 0.563800 
494 0.248112 
495 -0.035241 
496 -0.374821 
497 -0.491954 
498 -0.031236 
499 -0.140140 
500 -0.039875 
501 0.231329 
502 0.641688 
503 -0.092387 
504 0.114828 
505 -0.367603 
506 -0.547940 
507 0.005926 
508 0.040687 
509 0.457874 
510 0.544888 
511 0.059976 
512 -0.445097 
513 -0.267020 
514 -0.170532 
515 0.181192 
516 0.049193 
517 0.251426 
518 0.330091 
519 0.257637 
520 0.103416 
521 -0.302022 
522 -0.049162 
523 -0.415878 
524 0.038174 
525 0.452258 
526 0.554904 
527 0.275606 
528 -0.077914 
529 -0.256636 
530 -0.073354 
531 0.172929 
532 0.267484 
533 0.001727 
534 0.242428 
535 0.035439 
536 -0.132025 
537 0.541840 
538 -0.020336 
539 0.268309 
540 0.032367 
541 -0.077982 
542 0.196811 
543 0.213368 
544 0.020254 
545 0.026400 
546 0.363368 
547 0.043451 
548 0.514601 
549 0.256497 
550 -0.118590 
551 -0.153698 
552 -0.054188 
553 -0.067966 
554 0.695808 
555 0.318701 
556 0.126297 
557 0.349273 
558 -0.217887 
559 0.182757 
560 0.088216 
561 -0.032887 
562 0.193782 
563 0.368173 
564 0.332756 
565 0.413047 
566 0.202012 
567 -0.121810 
568 -0.290184 
569 0.136154 
570 0.178841 
571 0.452151 
572 0.591491 
573 -0.043179 
574 0.351906 
575 -0.202074 
576 0.158790 
577 0.192891 
578 0.184679 
579 0.116135 
580 0.328164 
581 0.510679 
582 0.096082 
583 0.252957 
584 -0.232754 
585 0.031285 
586 0.204334 
587 0.447592 
588 0.415038 
589 0.479547 
590 -0.059994 
591 -0.172419 
592 0.154857 
593 0.046530 
594 0.337065 
595 0.321140 
596 0.326920 
597 0.314904 
598 0.424168 
599 -0.058194 
600 -0.063444 
601 -0.033260 
602 0.123995 
603 0.298373 
604 0.624300 
605 0.235400 
606 0.198495 
607 0.034615 
608 -0.375208 
609 0.526960 
610 0.123840 
611 0.374980 
612 0.289132 
613 0.055695 
614 0.202044 
615 -0.005258 
616 0.126998 
617 -0.121644 
618 0.336479 
619 0.137374 
620 0.507620 
621 0.507318 
622 0.115911 
623 -0.296989 
624 -0.162194 
625 -0.142265 
626 0.333190 
627 0.564727 
628 0.272481 
629 0.357044 
630 -0.023302 
631 -0.267138 
632 -0.070283 
633 0.119358 
634 -0.069283 
635 0.374745 
636 0.329345 
637 0.290504 
638 0.236737 
639 0.041044 
640 -0.458415 
641 0.027592 
642 0.140859 
643 0.080773 
644 0.536561 
645 0.045720 
646 0.070388 
647 -0.200016 
648 -0.046464 
649 0.046397 
650 0.293999 
651 0.009571 
652 -0.070849 
653 0.371755 
654 -0.038629 
655 0.036693 
656 0.033703 
657 -0.264427 
658 -0.000866 
659 0.449153 
660 0.040629 
661 0.224031 
662 -0.067231 
663 -0.466457 
664 0.054513 
665 -0.021529 
666 0.173378 
667 0.305772 
668 0.002549 
669 -0.264716 
670 0.032559 
671 -0.026501 
672 0.008254 
673 0.048875 
674 -0.016579 
675 -0.213634 
676 0.193110 
677 -0.067114 
678 -0.053141 
679 0.124790 
680 -0.419615 
681 -0.031648 
682 0.174247 
683 0.103191 
684 -0.193398 
685 -0.240379 
686 -0.311482 
687 -0.200814 
688 0.226147 
689 0.201421 
690 0.026307 
691 0.029997 
692 -0.475385 
693 -0.326521 
694 -0.103285 
695 -0.520804 
696 0.135759 
697 -0.022548 
698 0.113524 
699 0.265992 
700 -0.016147 
701 -0.585448 
702 -0.520717 
703 -0.206286 
704 -0.449334 
705 0.203745 
706 0.081860 
707 -0.115038 
708 -0.039596 
709 -0.325889 
710 -0.524793 
711 0.053605 
712 -0.409244 
713 -0.368282 
714 -0.010861 
715 -0.323012 
716 0.033331 
717 -0.133153 
718 -0.400015 
719 -0.435035 
720 -0.114613 
721 -0.236554 
722 0.112591 
723 -0.098005 
724 -0.564080 
725 -0.662975 
726 -0.403982 
727 -0.512141 
728 0.082719 
729 0.022853 
730 -0.267240 
731 -0.039036 
732 -0.512678 
733 -0.294963 
734 -0.626317 
735 -0.534352 
736 -0.438088 
737 -0.162116 
738 0.095243 
739 -0.194716 
740 -0.076470 
741 -0.531934 
742 -0.809324 
743 -0.483856 
744 -0.523106 
745 -0.307397 
746 0.013564 
747 -0.503952 
748 -0.153354 
749 -0.162557 
750 -0.535784 
751 -0.495763 
752 -0.487228 
753 -0.401212 
754 -0.405648 
755 -0.028832 
756 -0.534521 
757 -0.421118 
758 -0.762033 
759 -0.709657 
760 -0.116911 
761 0.071474 
762 -0.312053 
763 -0.211495 
764 -0.696548 
765 -0.825120 
766 -0.284955 
767 -0.956865 
768 -0.191230 
769 -0.344592 
770 -0.231537 
771 -0.272261 
772 -0.195227 
773 -0.495097 
774 -0.836593 
775 -0.683461 
776 -0.747761 
777 -0.131043 
778 -0.105949 
779 -0.397519 
780 -0.576766 
781 -0.656827 
782 -0.573345 
783 -0.351747 
784 -0.432632 
785 -0.295384 
786 -0.597540 
787 -0.778674 
788 -0.634598 
789 -0.558324 
790 -0.223467 
791 -0.661747 
792 -0.247098 
793 -0.302842 
794 -0.404644 
795 -0.595441 
796 -0.731892 
797 -1.258587 
798 -0.503771 
799 -0.233946 
800 -0.332836 
801 0.088172 
802 -0.646662 
803 -0.682876 
804 -0.979802 
805 -0.727193 
806 -0.799809 
807 -0.165669 
808 -0.598162 
809 -0.492153 
810 0.046172 
811 -0.693378 
812 -0.596526 
813 -0.746962 
814 -1.148804 
815 -0.523578 
816 -0.243112 
817 -0.505564 
818 -0.063738 
819 -0.689411 
820 -1.074178 
821 -0.796344 
822 -0.487670 
823 -0.409148 
824 -0.138748 
825 -0.659180 
826 -0.818831 
827 -0.245117 
828 -0.986468 
829 -0.545233 
830 -0.602997 
831 -0.544660 
832 -0.394442 
833 -0.407691 
834 -0.330525 
835 -0.585345 
836 -0.929513 
837 -1.123507 
838 -0.440538 
839 -0.400349 
840 0.068201 
841 -0.444136 
842 -0.431404 
843 -0.781248 
844 -0.912707 
845 -0.654410 
846 -0.767741 
847 -0.594681 
848 -0.171906 
849 -0.446410 
850 -0.225808 
851 -0.094460 
852 -0.944235 
853 -0.700427 
854 -0.872592 
855 -0.523243 
856 -0.408972 
857 -0.214588 
858 -0.684914 
859 -0.623190 
860 -0.263847 
861 -0.707054 
862 -0.104976 
863 -0.414597 
864 -0.660123 
865 -0.595630 
866 -0.748434 
867 -0.717408 
868 -0.197711 
869 -0.655216 
870 -0.380800 
871 0.063242 
872 -0.407922 
873 -0.124850 
874 -0.693597 
875 -0.991248 
876 -0.974381 
877 -0.519514 
878 -0.362601 
879 0.020659 
880 0.035360 
881 -0.506725 
882 -0.370894 
883 -0.666040 
884 -0.599884 
885 -0.542580 
886 -0.743489 
887 -0.459572 
888 -0.210366 
889 -0.186139 
890 -0.099949 
891 -0.652114 
892 -0.383239 
893 -0.759612 
894 -0.280522 
895 0.003744 
896 -0.474214 
897 -0.415347 
898 -0.762006 
899 -0.694255 
900 -0.308211 
901 -0.061253 
902 -0.158455 
903 -0.060192 
904 -0.323813 
905 -0.362968 
906 -0.510458 
907 -0.721194 
908 -0.683062 
909 -0.420835 
910 -0.231235 
911 -0.076777 
912 0.403890 
913 -0.285567 
914 -0.378036 
915 -0.754214 
916 -0.663744 
917 -0.284381 
918 -0.153684 
919 -0.402124 
920 -0.107998 
921 -0.398244 
922 -0.184629 
923 -0.015089 
924 -0.419127 
925 -0.139383 
926 -0.285140 
927 -0.142885 
928 -0.412866 
929 -0.231054 
930 -0.634975 
931 -0.597541 
932 -0.035520 
933 -0.123517 
934 0.538018 
935 0.291306 
936 -0.603220 
937 -0.520046 
938 -0.741672 
939 -0.631491 
940 0.034979 
941 -0.137054 
942 0.239357 
943 -0.095915 
944 0.285486 
945 -0.226720 
946 -0.432989 
947 -0.381204 
948 -0.968336 
949 -0.064602 
950 0.026442 
951 0.432142 
952 0.227764 
953 -0.181353 
954 -0.572733 
955 -0.532964 
956 -0.302168 
957 0.012403 
958 0.339455 
959 -0.273305 
960 -0.118577 
961 -0.168567 
962 -0.212678 
963 -0.346518 
964 0.395347 
965 -0.461078 
966 -0.035152 
967 0.261172 
968 -0.284137 
969 -0.219002 
970 -0.428255 
971 -0.106246 
972 -0.081241 
973 0.241866 
974 0.105275 
975 0.029841 
976 -0.328917 
977 -0.179800 
978 -0.480568 
979 0.064287 
980 0.049957 
981 0.006524 
982 0.251211 
983 -0.119080 
984 0.362229 
985 -0.341737 
986 -0.462374 
987 -0.297244 
988 -0.069336 
989 -0.102740 
990 0.621613 
991 0.143360 
992 -0.015677 
993 -0.019290 
994 -0.298795 
995 -0.019764 
996 0.097846 
997 -0.046982 
998 -0.333654 
999 0.157650 
1000 0.019300 
1001 0.291352 
1002 0.200029 
1003 -0.074188 
1004 0.049926 
1005 0.000902 
1006 -0.158351 
1007 0.198646 
1008 0.126753 
1009 -0.077087 
1010 -0.066291 
1011 -0.129101 
1012 0.572720 
1013 0.264575 
1014 0.315340 
1015 -0.062470 
1016 0.206882 
1017 0.039999 
1018 -0.302769 
1019 0.257346 
1020 -0.041334 
1021 0.258672 
1022 0.032276 
1023 0.491543 
