0 0.567517 
1 0.540111 
2 0.571911 
3 0.533398 
4 0.569269 
5 0.572817 
6 0.563175 
7 0.574710 
8 0.472077 
9 0.621386 
10 0.497193 
11 0.605261 
12 0.468114 
13 0.506961 
14 0.609792 
15 0.543318 
16 0.632729 
17 0.527121 
18 0.620501 
19 0.591740 
20 0.603767 
21 0.539589 
22 0.521442 
23 0.501282 
24 0.533193 
25 0.529280 
26 0.640222 
27 0.550849 
28 0.564177 
29 0.571075 
30 0.578434 
31 0.668389 
32 0.471299 
33 0.684746 
34 0.406153 
35 0.687954 
36 0.419091 
37 0.607306 
38 0.484047 
39 0.645941 
40 0.565544 
41 0.563241 
42 0.618288 
43 0.429488 
44 0.757942 
45 0.375904 
46 0.773330 
47 0.357261 
48 0.691802 
49 0.438998 
50 0.656936 
51 0.494543 
52 0.623193 
53 0.583800 
54 0.561456 
55 0.580959 
56 0.500319 
57 0.614181 
58 0.576997 
59 0.629363 
60 0.489905 
61 0.653634 
62 0.450719 
63 0.704143 
64 0.412198 
65 0.743677 
66 0.438212 
67 0.725133 
68 0.452190 
69 0.586388 
70 0.572633 
71 0.591662 
72 0.630520 
73 0.494122 
74 0.601956 
75 0.545458 
76 0.604231 
77 0.516954 
78 0.604296 
79 0.504891 
80 0.723556 
81 0.424266 
82 0.704173 
83 0.427770 
84 0.778505 
85 0.428744 
86 0.696177 
87 0.417342 
88 0.651335 
89 0.564967 
90 0.612509 
91 0.597128 
92 0.571157 
93 0.591650 
94 0.533099 
95 0.593785 
96 0.633243 
97 0.591000 
98 0.531663 
99 0.600327 
100 0.494028 
101 0.715655 
102 0.409906 
103 0.770900 
104 0.365349 
105 0.801799 
106 0.416576 
107 0.728589 
108 0.506031 
109 0.664676 
110 0.551606 
111 0.585855 
112 0.637008 
113 0.492051 
114 0.678903 
115 0.439318 
116 0.704647 
117 0.460278 
118 0.783097 
119 0.409260 
120 0.753661 
121 0.423819 
122 0.763339 
123 0.433429 
124 0.717198 
125 0.429635 
126 0.696197 
127 0.551093 
128 0.593476 
129 0.604901 
130 0.523308 
131 0.756072 
132 0.406676 
133 0.804820 
134 0.337575 
135 0.811283 
136 0.423502 
137 0.709156 
138 0.530403 
139 0.627274 
140 0.606539 
141 0.553710 
142 0.628915 
143 0.572023 
144 0.587256 
145 0.589054 
146 0.594651 
147 0.634295 
148 0.583039 
149 0.568970 
150 0.625092 
151 0.555805 
152 0.702875 
153 0.482875 
154 0.669901 
155 0.487991 
156 0.689121 
157 0.481630 
158 0.624479 
159 0.582364 
160 0.630634 
161 0.634909 
162 0.512438 
163 0.578717 
164 0.591175 
165 0.647889 
166 0.575659 
167 0.582716 
168 0.539676 
169 0.640545 
170 0.508580 
171 0.667961 
172 0.533199 
173 0.769518 
174 0.502533 
175 0.666846 
176 0.466303 
177 0.681516 
178 0.550009 
179 0.636799 
180 0.517188 
181 0.633850 
182 0.568818 
183 0.608639 
184 0.595748 
185 0.597698 
186 0.671224 
187 0.579665 
188 0.652925 
189 0.522670 
190 0.663746 
191 0.484018 
192 0.748743 
193 0.409957 
194 0.811842 
195 0.337390 
196 0.821574 
197 0.397318 
198 0.772852 
199 0.546001 
200 0.628356 
201 0.629099 
202 0.493567 
203 0.683688 
204 0.487903 
205 0.739369 
206 0.502657 
207 0.684998 
208 0.460564 
209 0.708321 
210 0.474513 
211 0.765175 
212 0.484812 
213 0.744392 
214 0.426898 
215 0.707817 
216 0.479217 
217 0.699886 
218 0.652866 
219 0.610145 
220 0.644685 
221 0.477025 
222 0.667398 
223 0.536579 
224 0.718927 
225 0.532516 
226 0.635319 
227 0.513131 
228 0.670793 
229 0.537801 
230 0.685130 
231 0.583835 
232 0.698630 
233 0.557505 
234 0.664942 
235 0.470314 
236 0.707806 
237 0.499472 
238 0.695465 
239 0.555207 
240 0.600392 
241 0.634111 
242 0.521044 
243 0.711800 
244 0.498928 
245 0.745107 
246 0.497920 
247 0.685530 
248 0.476605 
249 0.674103 
250 0.547271 
251 0.677711 
252 0.558199 
253 0.648907 
254 0.561990 
255 0.678550 
256 0.574307 
257 0.604358 
258 0.595150 
259 0.570365 
260 0.659855 
261 0.490087 
262 0.728138 
263 0.482384 
264 0.824775 
265 0.495259 
266 0.729828 
267 0.514264 
268 0.691185 
269 0.583880 
270 0.627749 
271 0.609439 
272 0.535869 
273 0.632811 
274 0.563411 
275 0.734721 
276 0.538561 
277 0.724768 
278 0.472024 
279 0.741974 
280 0.482728 
281 0.799614 
282 0.455769 
283 0.738562 
284 0.494971 
285 0.642513 
286 0.615092 
287 0.612630 
288 0.736935 
289 0.522261 
290 0.732521 
291 0.423186 
292 0.775446 
293 0.483721 
294 0.780076 
295 0.488746 
296 0.673294 
297 0.522584 
298 0.705433 
299 0.613121 
300 0.677629 
301 0.602859 
302 0.667569 
303 0.612948 
304 0.629300 
305 0.572817 
306 0.651114 
307 0.645422 
308 0.630543 
309 0.631058 
310 0.576236 
311 0.656962 
312 0.629219 
313 0.659396 
314 0.625686 
315 0.634167 
316 0.617098 
317 0.604751 
318 0.626944 
319 0.694549 
320 0.635685 
321 0.709648 
322 0.522925 
323 0.639007 
324 0.577886 
325 0.704903 
326 0.616908 
327 0.644184 
328 0.611503 
329 0.580163 
330 0.668554 
331 0.582995 
332 0.757952 
333 0.592756 
334 0.742905 
335 0.497672 
336 0.649198 
337 0.560977 
338 0.656316 
339 0.646356 
340 0.664203 
341 0.610402 
342 0.628651 
343 0.563029 
344 0.715229 
345 0.676774 
346 0.720522 
347 0.623415 
348 0.540172 
349 0.646389 
350 0.582649 
351 0.730114 
352 0.600224 
353 0.703617 
354 0.610804 
355 0.620463 
356 0.654957 
357 0.607293 
358 0.683229 
359 0.632989 
360 0.633414 
361 0.582433 
362 0.656856 
363 0.594600 
364 0.749921 
365 0.597977 
366 0.710798 
367 0.557553 
368 0.677941 
369 0.570053 
370 0.627219 
371 0.644675 
372 0.624347 
373 0.675919 
374 0.555770 
375 0.708297 
376 0.591458 
377 0.796660 
378 0.574843 
379 0.665141 
380 0.562633 
381 0.664236 
382 0.667374 
383 0.599160 
384 0.671045 
385 0.559839 
386 0.723371 
387 0.616954 
388 0.662463 
389 0.630992 
390 0.640300 
391 0.685799 
392 0.616450 
393 0.676876 
394 0.572529 
395 0.692001 
396 0.598132 
397 0.682205 
398 0.621722 
399 0.651043 
400 0.649797 
401 0.624429 
402 0.657439 
403 0.636711 
404 0.625543 
405 0.620858 
406 0.631333 
407 0.656063 
408 0.680051 
409 0.603588 
410 0.711469 
411 0.531408 
412 0.761984 
413 0.555280 
414 0.726100 
415 0.592971 
416 0.601661 
417 0.655994 
418 0.577125 
419 0.738729 
420 0.564590 
421 0.749612 
422 0.543259 
423 0.722663 
424 0.543584 
425 0.730348 
426 0.554053 
427 0.711943 
428 0.583925 
429 0.659931 
430 0.618717 
431 0.622347 
432 0.663709 
433 0.646768 
434 0.732591 
435 0.583077 
436 0.684531 
437 0.548447 
438 0.726536 
439 0.553809 
440 0.743910 
441 0.546604 
442 0.723457 
443 0.544671 
444 0.655197 
445 0.627457 
446 0.661282 
447 0.707044 
448 0.560302 
449 0.689054 
450 0.534011 
451 0.707983 
452 0.565378 
453 0.736437 
454 0.547609 
455 0.692755 
456 0.538050 
457 0.687621 
458 0.590894 
459 0.643357 
460 0.653969 
461 0.591795 
462 0.729149 
463 0.528271 
464 0.711330 
465 0.577455 
466 0.768330 
467 0.583885 
468 0.672151 
469 0.563279 
470 0.642309 
471 0.638402 
472 0.621065 
473 0.679411 
474 0.578999 
475 0.690049 
476 0.561288 
477 0.668281 
478 0.669559 
479 0.648267 
480 0.665436 
481 0.585920 
482 0.636618 
483 0.626617 
484 0.626107 
485 0.626499 
486 0.591416 
487 0.712725 
488 0.570161 
489 0.687822 
490 0.563328 
491 0.703548 
492 0.599532 
493 0.684468 
494 0.559371 
495 0.657226 
496 0.601231 
497 0.655347 
498 0.601633 
499 0.663237 
500 0.651303 
501 0.649726 
502 0.625196 
503 0.633279 
504 0.659529 
505 0.601794 
506 0.663553 
507 0.550955 
508 0.665902 
509 0.579581 
510 0.668351 
511 0.603768 
512 0.683077 
513 0.628620 
514 0.639293 
515 0.628794 
516 0.596905 
517 0.644732 
518 0.578523 
519 0.706551 
520 0.522261 
521 0.740473 
522 0.513486 
523 0.746532 
524 0.575365 
525 0.726858 
526 0.599559 
527 0.632176 
528 0.612965 
529 0.593716 
530 0.633931 
531 0.557939 
532 0.659816 
533 0.546236 
534 0.790682 
535 0.553362 
536 0.717852 
537 0.525154 
538 0.690517 
539 0.602349 
540 0.639405 
541 0.609152 
542 0.582596 
543 0.677536 
544 0.538545 
545 0.679474 
546 0.571455 
547 0.759090 
548 0.570672 
549 0.679977 
550 0.536274 
551 0.690786 
552 0.629412 
553 0.631934 
554 0.612572 
555 0.622278 
556 0.676410 
557 0.597057 
558 0.635898 
559 0.585201 
560 0.690915 
561 0.587343 
562 0.679595 
563 0.581500 
564 0.637852 
565 0.622439 
566 0.627682 
567 0.670661 
568 0.603974 
569 0.673217 
570 0.561911 
571 0.636310 
572 0.598826 
573 0.625865 
574 0.588538 
575 0.649468 
576 0.606335 
577 0.620292 
578 0.621023 
579 0.600477 
580 0.695388 
581 0.613327 
582 0.670209 
583 0.559376 
584 0.653296 
585 0.595800 
586 0.618409 
587 0.640248 
588 0.620703 
589 0.643790 
590 0.620966 
591 0.600154 
592 0.625934 
593 0.647580 
594 0.642170 
595 0.627879 
596 0.571481 
597 0.631240 
598 0.618501 
599 0.672209 
600 0.634281 
601 0.629027 
602 0.612420 
603 0.584425 
604 0.645463 
605 0.582459 
606 0.690951 
607 0.563818 
608 0.641259 
609 0.571988 
610 0.662175 
611 0.591663 
612 0.660607 
613 0.629710 
614 0.651737 
615 0.659735 
616 0.584699 
617 0.602904 
618 0.603383 
619 0.634154 
620 0.633370 
621 0.585813 
622 0.625281 
623 0.604039 
624 0.621036 
625 0.636223 
626 0.644581 
627 0.637906 
628 0.665610 
629 0.535775 
630 0.624242 
631 0.555385 
632 0.686673 
633 0.592671 
634 0.661306 
635 0.621660 
636 0.615509 
637 0.651739 
638 0.624737 
639 0.624087 
640 0.610954 
641 0.599587 
642 0.556868 
643 0.629229 
644 0.576899 
645 0.684143 
646 0.614140 
647 0.625012 
648 0.635867 
649 0.576723 
650 0.676593 
651 0.558801 
652 0.673166 
653 0.551017 
654 0.650354 
655 0.557531 
656 0.635643 
657 0.585821 
658 0.651755 
659 0.597455 
660 0.628623 
661 0.601760 
662 0.582257 
663 0.669228 
664 0.527950 
665 0.678540 
666 0.552711 
667 0.673602 
668 0.572648 
669 0.635417 
670 0.599750 
671 0.627267 
672 0.628119 
673 0.587140 
674 0.656360 
675 0.572336 
676 0.701230 
677 0.488680 
678 0.693943 
679 0.553663 
680 0.677212 
681 0.597489 
682 0.619880 
683 0.561960 
684 0.657234 
685 0.528711 
686 0.653919 
687 0.583233 
688 0.659533 
689 0.601037 
690 0.529930 
691 0.701647 
692 0.531172 
693 0.740017 
694 0.493383 
695 0.675411 
696 0.552974 
697 0.650306 
698 0.593595 
699 0.575267 
700 0.645128 
701 0.572837 
702 0.695268 
703 0.500682 
704 0.709000 
705 0.447194 
706 0.750566 
707 0.490125 
708 0.720073 
709 0.549597 
710 0.655953 
711 0.582675 
712 0.612550 
713 0.637047 
714 0.627810 
715 0.616891 
716 0.566401 
717 0.611242 
718 0.567532 
719 0.678568 
720 0.524480 
721 0.652201 
722 0.540503 
723 0.709147 
724 0.588987 
725 0.640428 
726 0.621745 
727 0.622201 
728 0.625574 
729 0.573341 
730 0.571739 
731 0.575771 
732 0.658127 
733 0.565737 
734 0.638979 
735 0.573159 
736 0.603840 
737 0.657262 
738 0.608476 
739 0.639750 
740 0.579134 
741 0.587134 
742 0.578042 
743 0.610237 
744 0.620815 
745 0.619024 
746 0.579269 
747 0.639066 
748 0.593684 
749 0.637987 
750 0.581317 
751 0.574725 
752 0.628806 
753 0.567455 
754 0.658935 
755 0.535071 
756 0.648206 
757 0.613247 
758 0.596729 
759 0.677075 
760 0.582114 
761 0.707219 
762 0.498684 
763 0.668877 
764 0.513597 
765 0.676992 
766 0.533774 
767 0.604809 
768 0.601255 
769 0.615654 
770 0.653655 
771 0.533008 
772 0.676898 
773 0.556434 
774 0.701181 
775 0.527980 
776 0.622124 
777 0.527610 
778 0.649976 
779 0.561262 
780 0.643735 
781 0.564967 
782 0.628177 
783 0.597515 
784 0.611434 
785 0.691886 
786 0.522790 
787 0.742075 
788 0.456954 
789 0.747798 
790 0.467000 
791 0.731707 
792 0.468279 
793 0.677282 
794 0.526206 
795 0.678789 
796 0.626313 
797 0.601965 
798 0.626405 
799 0.550332 
800 0.706766 
801 0.513909 
802 0.700116 
803 0.514703 
804 0.670314 
805 0.508984 
806 0.654033 
807 0.573499 
808 0.667670 
809 0.565327 
810 0.582553 
811 0.585358 
812 0.608759 
813 0.677965 
814 0.520310 
815 0.745634 
816 0.479964 
817 0.746991 
818 0.460743 
819 0.671265 
820 0.557550 
821 0.601669 
822 0.595433 
823 0.600791 
824 0.632517 
825 0.594442 
826 0.614674 
827 0.579417 
828 0.666690 
829 0.650359 
830 0.556651 
831 0.576790 
832 0.517044 
833 0.637054 
834 0.563153 
835 0.621982 
836 0.543840 
837 0.657950 
838 0.610401 
839 0.629933 
840 0.569726 
841 0.679344 
842 0.549416 
843 0.695777 
844 0.546549 
845 0.573148 
846 0.607616 
847 0.561335 
848 0.663390 
849 0.528175 
850 0.678820 
851 0.556794 
852 0.647614 
853 0.530548 
854 0.627517 
855 0.552527 
856 0.653285 
857 0.583480 
858 0.592806 
859 0.613087 
860 0.613387 
861 0.652558 
862 0.529937 
863 0.649246 
864 0.500351 
865 0.652986 
866 0.523129 
867 0.575454 
868 0.536454 
869 0.624443 
870 0.544804 
871 0.667996 
872 0.577077 
873 0.680543 
874 0.616164 
875 0.633335 
876 0.681306 
877 0.503525 
878 0.596892 
879 0.531609 
880 0.651270 
881 0.594500 
882 0.510800 
883 0.484547 
884 0.523174 
885 0.679883 
886 0.565749 
887 0.720063 
888 0.619134 
889 0.752537 
890 0.536014 
891 0.520185 
892 0.513994 
893 0.554198 
894 0.712540 
895 0.525047 
896 0.526924 
897 0.460963 
898 0.560871 
899 0.612419 
900 0.668705 
901 0.579619 
902 0.603382 
903 0.539088 
904 0.621642 
905 0.603433 
906 0.585609 
907 0.661538 
908 0.550084 
909 0.645160 
910 0.506999 
911 0.582408 
912 0.538903 
913 0.600126 
914 0.577268 
915 0.540576 
916 0.585897 
917 0.583621 
918 0.645715 
919 0.544582 
920 0.626262 
921 0.446912 
922 0.684040 
923 0.481092 
924 0.680700 
925 0.407756 
926 0.701619 
927 0.467173 
928 0.656649 
929 0.541676 
930 0.547406 
931 0.624038 
932 0.541772 
933 0.669935 
934 0.444182 
935 0.700528 
936 0.380063 
937 0.732592 
938 0.423672 
939 0.702726 
940 0.457091 
941 0.636187 
942 0.506107 
943 0.570842 
944 0.581259 
945 0.557713 
946 0.584534 
947 0.484987 
948 0.637711 
949 0.502672 
950 0.675975 
951 0.480183 
952 0.636437 
953 0.434454 
954 0.663965 
955 0.443769 
956 0.626704 
957 0.502443 
958 0.597929 
959 0.515181 
960 0.564960 
961 0.624919 
962 0.565249 
963 0.644355 
964 0.463609 
965 0.632119 
966 0.517443 
967 0.599169 
968 0.516823 
969 0.503902 
970 0.618893 
971 0.520535 
972 0.637566 
973 0.473801 
974 0.612341 
975 0.567846 
976 0.588344 
977 0.535028 
978 0.451382 
979 0.542230 
980 0.573211 
981 0.564018 
982 0.569500 
983 0.544607 
984 0.548743 
985 0.609584 
986 0.521981 
987 0.574852 
988 0.568910 
989 0.567676 
990 0.483093 
991 0.496429 
992 0.508347 
993 0.555793 
994 0.597375 
995 0.507539 
996 0.652103 
997 0.512011 
998 0.690268 
999 0.435035 
1000 0.615388 
1001 0.520975 
1002 0.572305 
1003 0.535389 
1004 0.473429 
1005 0.560880 
1006 0.491778 
1007 0.631514 
1008 0.498348 
1009 0.608901 
1010 0.526577 
1011 0.628396 
1012 0.483828 
1013 0.595654 
1014 0.512519 
1015 0.576283 
1016 0.532123 
1017 0.497682 
1018 0.577902 
1019 0.511218 
1020 0.607846 
1021 0.526873 
1022 0.596213 
1023 0.535370 
