0 0.083092 
1 -0.333538 
2 0.214057 
3 0.782608 
4 0.464600 
5 -0.205225 
6 -0.155351 
7 0.076820 
8 0.054622 
9 -0.217486 
10 -0.023775 
11 0.099600 
12 -0.169079 
13 -0.135745 
14 0.276244 
15 -0.201203 
16 -0.045332 
17 0.226360 
18 -0.141907 
19 -0.066916 
20 0.262477 
21 -0.090914 
22 -0.024008 
23 0.264122 
24 -0.037109 
25 0.030735 
26 0.073345 
27 0.067495 
28 -0.000661 
29 0.068562 
30 0.134864 
31 -0.053964 
32 -0.016943 
33 0.108484 
34 -0.009434 
35 -0.137671 
36 0.231817 
37 -0.063426 
38 -0.074937 
39 0.057632 
40 0.024635 
41 -0.193762 
42 0.092258 
43 0.089342 
44 -0.276992 
45 0.042990 
46 0.119132 
47 -0.276023 
48 -0.083951 
49 0.171930 
50 -0.380869 
51 -0.037382 
52 0.167140 
53 -0.243764 
54 -0.048069 
55 0.165907 
56 -0.103715 
57 -0.116239 
58 0.311284 
59 -0.040264 
60 -0.120883 
61 0.242353 
62 -0.026212 
63 -0.125889 
64 0.185586 
65 0.142285 
66 -0.237543 
67 0.194353 
68 0.080960 
69 -0.198414 
70 0.153756 
71 0.221004 
72 -0.159810 
73 0.083959 
74 0.228512 
75 -0.192241 
76 0.080549 
77 0.194072 
78 -0.191283 
79 -0.042939 
80 0.239656 
81 -0.183840 
82 -0.099686 
83 0.123247 
84 -0.152226 
85 -0.103052 
86 0.110796 
87 -0.051291 
88 -0.113490 
89 0.069447 
90 -0.010209 
91 -0.091384 
92 -0.016078 
93 0.034904 
94 -0.046895 
95 -0.011262 
96 0.084313 
97 -0.085698 
98 -0.105715 
99 0.023588 
100 -0.045194 
101 -0.036316 
102 0.071648 
103 0.013204 
104 -0.152996 
105 -0.024611 
106 0.055483 
107 -0.076718 
108 0.017845 
109 0.124092 
110 -0.093415 
111 0.013057 
112 0.170080 
113 -0.046538 
114 -0.032606 
115 0.237216 
116 -0.061634 
117 -0.056315 
118 0.171028 
119 -0.034717 
120 -0.101264 
121 0.180189 
122 -0.061943 
123 -0.138554 
124 0.162174 
125 0.023379 
126 -0.179248 
127 0.115889 
128 0.035391 
129 -0.147094 
130 0.122292 
131 0.116899 
132 -0.251482 
133 0.086699 
134 -0.043563 
135 -0.161152 
136 -0.039967 
137 0.122038 
138 -0.229633 
139 0.008092 
140 0.042673 
141 -0.163798 
142 -0.110961 
143 0.117276 
144 -0.040798 
145 -0.023040 
146 0.179535 
147 -0.038998 
148 -0.123510 
149 0.183241 
150 0.035263 
151 -0.027919 
152 0.130797 
153 0.115273 
154 -0.153598 
155 0.118862 
156 0.042937 
157 -0.069543 
158 0.079387 
159 0.093098 
160 -0.059130 
161 0.037910 
162 0.081250 
163 -0.015191 
164 0.021423 
165 0.055478 
166 0.098556 
167 -0.037609 
168 0.021000 
169 0.039833 
170 -0.107562 
171 0.029926 
172 0.038715 
173 -0.087202 
174 -0.110218 
175 0.077472 
176 -0.139185 
177 -0.067501 
178 -0.002533 
179 -0.015761 
180 -0.083310 
181 0.082107 
182 -0.011454 
183 -0.097830 
184 0.135889 
185 0.016443 
186 -0.114650 
187 0.062146 
188 0.028501 
189 -0.118033 
190 0.069166 
191 -0.058280 
192 -0.112168 
193 0.057314 
194 -0.026240 
195 -0.026927 
196 -0.021011 
197 0.049093 
198 -0.062594 
199 0.043677 
200 0.052519 
201 -0.010541 
202 0.003825 
203 0.076848 
204 -0.039347 
205 -0.044075 
206 0.068199 
207 -0.036852 
208 -0.006799 
209 0.021413 
210 0.003237 
211 -0.057849 
212 -0.039793 
213 0.097590 
214 -0.067259 
215 0.018517 
216 0.156551 
217 -0.033843 
218 -0.078938 
219 0.208717 
220 -0.062402 
221 -0.080830 
222 0.205016 
223 -0.094248 
224 -0.089487 
225 0.103569 
226 -0.045805 
227 -0.207981 
228 0.105509 
229 -0.059276 
230 -0.173577 
231 0.073306 
232 0.052946 
233 -0.180729 
234 0.103232 
235 0.010332 
236 -0.024142 
237 0.014117 
238 0.169628 
239 -0.073786 
240 -0.061928 
241 0.113409 
242 -0.141011 
243 0.011381 
244 0.108087 
245 -0.009346 
246 -0.125562 
247 0.163841 
248 0.011359 
249 -0.087129 
250 0.167150 
251 0.024477 
252 -0.023281 
253 0.145619 
254 0.099635 
255 -0.167873 
256 0.189649 
257 0.012570 
258 -0.080802 
259 0.077438 
260 -0.012462 
261 -0.076038 
262 -0.025134 
263 0.054317 
264 -0.164090 
265 -0.027684 
266 0.035504 
267 -0.116816 
268 0.089696 
269 -0.002537 
270 -0.049055 
271 -0.125658 
272 0.110115 
273 -0.073669 
274 0.029730 
275 0.026131 
276 0.095702 
277 -0.173020 
278 0.062433 
279 0.001371 
280 -0.120032 
281 0.042104 
282 0.096510 
283 -0.192737 
284 -0.005939 
285 0.130477 
286 -0.103376 
287 0.003690 
288 0.185150 
289 -0.087671 
290 -0.050463 
291 0.152183 
292 -0.006449 
293 -0.098179 
294 0.193861 
295 -0.060785 
296 -0.126533 
297 0.067717 
298 -0.030352 
299 -0.139538 
300 0.046005 
301 0.060603 
302 -0.091690 
303 0.016119 
304 0.060558 
305 -0.073294 
306 -0.011991 
307 0.155509 
308 0.023833 
309 -0.021830 
310 0.087125 
311 -0.086647 
312 -0.020570 
313 0.006424 
314 0.045371 
315 -0.124438 
316 0.054747 
317 -0.024702 
318 -0.053776 
319 -0.083794 
320 0.056264 
321 -0.125609 
322 0.000392 
323 0.088660 
324 -0.046081 
325 -0.048416 
326 0.115723 
327 -0.117493 
328 0.004742 
329 0.101671 
330 -0.005689 
331 -0.002109 
332 0.069495 
333 -0.021291 
334 -0.100582 
335 0.099779 
336 0.071732 
337 -0.067135 
338 0.085697 
339 0.060583 
340 -0.074531 
341 0.093927 
342 0.165439 
343 -0.186017 
344 0.154071 
345 0.123294 
346 -0.019172 
347 0.001945 
348 0.137665 
349 -0.183309 
350 -0.066549 
351 0.107221 
352 -0.111770 
353 -0.123275 
354 0.118852 
355 -0.127083 
356 -0.171031 
357 0.108352 
358 -0.058414 
359 -0.140677 
360 0.203245 
361 -0.028270 
362 -0.081666 
363 0.046639 
364 0.102696 
365 -0.156953 
366 0.033150 
367 0.057174 
368 -0.127741 
369 -0.028306 
370 0.062616 
371 -0.054732 
372 -0.103771 
373 0.174682 
374 -0.025255 
375 -0.108326 
376 0.124186 
377 0.046153 
378 -0.078378 
379 0.108797 
380 0.107527 
381 -0.144835 
382 0.052152 
383 0.083157 
384 -0.163434 
385 0.008618 
386 0.093615 
387 -0.129781 
388 -0.078909 
389 0.149693 
390 -0.141180 
391 -0.054881 
392 0.134158 
393 -0.071120 
394 -0.021865 
395 0.163420 
396 0.014375 
397 -0.102140 
398 0.149500 
399 -0.020018 
400 -0.086396 
401 0.158940 
402 0.029672 
403 -0.166956 
404 0.074583 
405 0.058191 
406 -0.178956 
407 0.064367 
408 0.061900 
409 -0.132414 
410 0.041448 
411 0.121797 
412 -0.104742 
413 -0.078407 
414 0.211078 
415 -0.099616 
416 -0.041854 
417 0.156206 
418 -0.089981 
419 -0.088267 
420 0.100759 
421 -0.059313 
422 -0.201542 
423 0.161707 
424 -0.007221 
425 -0.065239 
426 0.025330 
427 0.052910 
428 -0.160640 
429 0.094147 
430 0.113221 
431 -0.082458 
432 0.096275 
433 0.116073 
434 -0.125031 
435 -0.009296 
436 0.131850 
437 -0.003533 
438 0.004514 
439 0.088884 
440 -0.097612 
441 -0.066419 
442 0.018727 
443 0.055033 
444 -0.143573 
445 0.061270 
446 0.002000 
447 -0.112595 
448 -0.004169 
449 0.121943 
450 -0.134417 
451 0.009371 
452 0.100713 
453 -0.012790 
454 -0.075887 
455 0.157128 
456 -0.093369 
457 -0.091827 
458 0.083909 
459 -0.007974 
460 -0.180229 
461 0.119524 
462 -0.018427 
463 -0.139235 
464 0.114808 
465 0.054208 
466 -0.069106 
467 0.141466 
468 0.082315 
469 -0.069210 
470 0.086739 
471 0.077961 
472 -0.099152 
473 0.029521 
474 0.055577 
475 -0.078076 
476 -0.105271 
477 0.089652 
478 -0.155320 
479 -0.013947 
480 0.070534 
481 -0.011147 
482 -0.081108 
483 0.161851 
484 -0.084715 
485 -0.018153 
486 0.056080 
487 0.014978 
488 -0.042683 
489 0.008467 
490 0.009253 
491 -0.130311 
492 0.019403 
493 0.048697 
494 -0.133345 
495 -0.007260 
496 0.059238 
497 -0.033234 
498 -0.010818 
499 0.116621 
500 -0.108926 
501 0.014275 
502 0.057692 
503 0.054011 
504 -0.082565 
505 0.051953 
506 0.001047 
507 -0.134085 
508 0.077211 
509 0.090283 
510 -0.136973 
511 0.014553 
512 0.092981 
513 -0.114936 
514 -0.028702 
515 0.170883 
516 -0.142617 
517 0.031407 
518 0.121703 
519 -0.070079 
520 -0.078142 
521 0.194301 
522 -0.051915 
523 -0.045997 
524 0.179605 
525 -0.022418 
526 -0.078314 
527 0.141996 
528 -0.057402 
529 -0.063243 
530 0.039182 
531 0.077427 
532 -0.166752 
533 0.095441 
534 -0.012415 
535 -0.097283 
536 -0.006070 
537 0.056938 
538 -0.019236 
539 -0.037574 
540 0.099803 
541 -0.027838 
542 -0.079142 
543 0.072166 
544 -0.038903 
545 -0.082224 
546 0.034115 
547 0.108271 
548 -0.224704 
549 0.062317 
550 0.036373 
551 -0.128021 
552 0.051078 
553 0.115462 
554 -0.097553 
555 0.026515 
556 0.216070 
557 -0.164352 
558 0.079188 
559 0.116628 
560 -0.074124 
561 -0.022100 
562 0.145031 
563 -0.108342 
564 -0.071524 
565 0.151609 
566 -0.185192 
567 -0.042330 
568 0.116480 
569 -0.067436 
570 -0.156563 
571 0.173684 
572 -0.075283 
573 -0.093034 
574 0.180854 
575 -0.045209 
576 -0.131083 
577 0.120031 
578 -0.014347 
579 -0.150348 
580 0.104943 
581 0.003489 
582 -0.110831 
583 -0.044589 
584 0.071701 
585 -0.095431 
586 0.050632 
587 0.120532 
588 -0.066591 
589 0.001177 
590 0.146807 
591 -0.041026 
592 -0.003848 
593 0.107162 
594 0.014539 
595 -0.056697 
596 0.035266 
597 -0.019155 
598 -0.083928 
599 -0.056597 
600 0.110572 
601 -0.118370 
602 -0.003596 
603 0.066397 
604 -0.075609 
605 -0.080707 
606 0.144924 
607 -0.100460 
608 -0.080549 
609 0.084502 
610 0.022016 
611 -0.120059 
612 0.094832 
613 -0.002661 
614 -0.204889 
615 0.101500 
616 0.161050 
617 -0.176410 
618 0.140187 
619 0.119208 
620 -0.164447 
621 0.098753 
622 0.131871 
623 -0.137188 
624 0.082315 
625 0.095132 
626 -0.103852 
627 -0.013442 
628 0.116405 
629 -0.061213 
630 0.032361 
631 0.121693 
632 -0.110425 
633 -0.026568 
634 0.125817 
635 -0.095564 
636 0.028908 
637 0.036332 
638 -0.058584 
639 -0.062327 
640 0.034456 
641 -0.087061 
642 -0.025675 
643 0.038451 
644 0.030002 
645 -0.040635 
646 0.074985 
647 -0.000107 
648 0.027911 
649 -0.011214 
650 0.073674 
651 -0.090507 
652 0.023479 
653 -0.006402 
654 0.013115 
655 -0.082899 
656 -0.012282 
657 0.027530 
658 -0.113258 
659 0.066603 
660 0.062822 
661 -0.052489 
662 0.013961 
663 0.048713 
664 -0.047637 
665 -0.061349 
666 0.180028 
667 -0.137505 
668 -0.076362 
669 0.039736 
670 -0.055588 
671 -0.182052 
672 0.174544 
673 -0.075186 
674 -0.123054 
675 0.113507 
676 0.028110 
677 -0.169379 
678 0.136318 
679 0.063036 
680 -0.107696 
681 0.094705 
682 0.058423 
683 -0.180215 
684 0.022593 
685 0.084445 
686 -0.112457 
687 -0.033340 
688 0.116154 
689 -0.107011 
690 -0.031838 
691 0.102810 
692 -0.059108 
693 -0.021732 
694 0.131960 
695 0.016442 
696 -0.058636 
697 0.071805 
698 0.100166 
699 -0.124060 
700 0.037931 
701 0.022643 
702 -0.005031 
703 0.009697 
704 0.121899 
705 -0.097813 
706 -0.093618 
707 0.137291 
708 0.017110 
709 -0.027003 
710 0.195691 
711 -0.077825 
712 -0.033391 
713 0.080503 
714 0.022300 
715 -0.063144 
716 0.066451 
717 0.022199 
718 -0.105269 
719 0.064285 
720 -0.005687 
721 -0.171278 
722 0.075126 
723 0.057382 
724 -0.112308 
725 0.057339 
726 0.031016 
727 -0.175656 
728 0.078338 
729 -0.007028 
730 -0.094264 
731 0.089298 
732 0.025637 
733 -0.131689 
734 -0.012433 
735 -0.010340 
736 -0.009920 
737 0.023733 
738 0.066194 
739 -0.005220 
740 -0.026313 
741 0.050227 
742 -0.015448 
743 0.014743 
744 0.036193 
745 0.035179 
746 0.060779 
747 -0.083881 
748 0.066809 
749 -0.006433 
750 -0.083722 
751 0.067863 
752 0.023623 
753 -0.044786 
754 0.055745 
755 0.026228 
756 -0.177386 
757 0.074580 
758 0.000271 
759 -0.125858 
760 0.062747 
761 -0.050153 
762 -0.145440 
763 0.025039 
764 -0.019463 
765 -0.085323 
766 0.052156 
767 0.111614 
768 -0.114211 
769 0.078963 
770 0.030698 
771 -0.104898 
772 0.005720 
773 0.205295 
774 -0.163799 
775 0.089341 
776 0.014750 
777 -0.159443 
778 0.067815 
779 0.092734 
780 -0.076429 
781 0.100667 
782 0.065418 
783 -0.026243 
784 -0.013476 
785 0.152594 
786 -0.074750 
787 0.081188 
788 0.042124 
789 -0.110652 
790 -0.050353 
791 0.065448 
792 -0.081487 
793 -0.077433 
794 0.091087 
795 -0.136382 
796 0.087439 
797 0.045951 
798 -0.065425 
799 0.061415 
800 0.011741 
801 0.027879 
802 0.017407 
803 0.074476 
804 -0.102654 
805 0.082583 
806 -0.059817 
807 -0.023686 
808 -0.050627 
809 0.087700 
810 -0.119523 
811 0.109419 
812 0.023435 
813 -0.161080 
814 0.137219 
815 0.005299 
816 -0.040555 
817 0.075183 
818 -0.004795 
819 -0.124804 
820 0.067725 
821 0.048093 
822 -0.138922 
823 0.023614 
824 0.004167 
825 -0.083761 
826 0.026888 
827 0.059590 
828 -0.109659 
829 0.098889 
830 0.032592 
831 -0.067254 
832 0.005613 
833 0.131136 
834 -0.140853 
835 0.112338 
836 -0.004305 
837 -0.067284 
838 0.069566 
839 0.021465 
840 -0.050001 
841 0.063645 
842 0.057858 
843 -0.042365 
844 -0.053796 
845 0.090953 
846 -0.086550 
847 -0.001432 
848 0.033473 
849 -0.063042 
850 -0.056305 
851 0.094469 
852 -0.143299 
853 -0.033156 
854 0.053491 
855 -0.065358 
856 -0.101729 
857 0.034981 
858 -0.048572 
859 0.040365 
860 0.015354 
861 0.011103 
862 -0.133543 
863 -0.028249 
864 0.063536 
865 0.000124 
866 0.045552 
867 0.056277 
868 -0.087052 
869 -0.014034 
870 -0.065789 
871 0.203764 
872 0.026865 
873 0.076898 
874 0.017166 
875 0.028921 
876 0.065557 
877 0.140473 
878 0.000443 
879 -0.033231 
880 0.048309 
881 0.000107 
882 -0.130185 
883 0.126327 
884 -0.014389 
885 -0.004482 
886 0.075455 
887 -0.107130 
888 -0.034062 
889 0.170324 
890 -0.039766 
891 -0.030444 
892 0.082027 
893 -0.006354 
894 -0.050900 
895 0.081417 
896 -0.126581 
897 -0.135481 
898 0.062136 
899 -0.035807 
900 -0.184270 
901 0.028656 
902 0.052414 
903 -0.113625 
904 0.050562 
905 0.009507 
906 -0.088532 
907 -0.045379 
908 0.128369 
909 -0.006852 
910 -0.146067 
911 0.025683 
912 -0.062722 
913 -0.145950 
914 0.074323 
915 0.040402 
916 -0.177806 
917 0.009123 
918 0.068718 
919 -0.103617 
920 0.077376 
921 0.241134 
922 -0.055494 
923 0.019151 
924 0.193208 
925 -0.097278 
926 0.039101 
927 0.187756 
928 -0.055684 
929 -0.030852 
930 0.097362 
931 -0.080278 
932 -0.080903 
933 0.127469 
934 0.065081 
935 -0.150808 
936 0.161353 
937 0.001794 
938 -0.136504 
939 0.006585 
940 0.062447 
941 -0.183437 
942 0.039632 
943 -0.000394 
944 -0.084557 
945 -0.107737 
946 0.012053 
947 -0.036012 
948 -0.050242 
949 0.011996 
950 0.087477 
951 -0.100519 
952 0.059618 
953 0.109788 
954 -0.138612 
955 -0.060992 
956 0.162552 
957 -0.098668 
958 0.051950 
959 0.202708 
960 -0.078621 
961 -0.109094 
962 0.140812 
963 0.035790 
964 0.025269 
965 0.240859 
966 0.157429 
967 -0.227811 
968 0.133441 
969 0.030007 
970 -0.129937 
971 0.150328 
972 0.132523 
973 -0.287358 
974 0.083805 
975 -0.066298 
976 -0.191952 
977 0.121193 
978 0.105134 
979 -0.137757 
980 0.055765 
981 0.069543 
982 -0.192473 
983 0.014379 
984 0.133441 
985 -0.124550 
986 0.015757 
987 0.037084 
988 -0.307297 
989 -0.203526 
990 0.205203 
991 -0.216821 
992 0.079418 
993 0.211652 
994 -0.132643 
995 -0.021785 
996 0.301838 
997 0.047501 
998 -0.031300 
999 0.193161 
1000 -0.071420 
1001 -0.161923 
1002 0.201493 
1003 -0.134259 
1004 -0.338328 
1005 0.092737 
1006 0.173369 
1007 -0.172393 
1008 0.112160 
1009 0.205986 
1010 -0.125597 
1011 -0.069536 
1012 0.307764 
1013 -0.152905 
1014 0.033257 
1015 0.500930 
1016 -0.105426 
1017 -0.557033 
1018 0.214580 
1019 -0.031778 
1020 -0.247481 
1021 0.452419 
1022 0.219207 
1023 -0.576218 
