0 -0.002521 
1 0.020324 
2 -0.009294 
3 -0.003515 
4 0.016579 
5 0.023728 
6 -0.019376 
7 -0.003808 
8 0.017474 
9 0.011838 
10 -0.039446 
11 -0.023377 
12 0.033477 
13 0.033462 
14 -0.015957 
15 -0.021754 
16 0.041414 
17 0.028522 
18 -0.003479 
19 -0.023386 
20 0.019453 
21 -0.038077 
22 -0.024234 
23 -0.014175 
24 0.043014 
25 -0.024462 
26 -0.003605 
27 0.012220 
28 0.065081 
29 -0.011434 
30 -0.018869 
31 -0.001527 
32 0.032578 
33 -0.014499 
34 -0.042804 
35 -0.014860 
36 0.000079 
37 -0.006564 
38 -0.032819 
39 0.035454 
40 0.023114 
41 0.023636 
42 -0.028955 
43 0.012755 
44 -0.026157 
45 0.006381 
46 -0.008251 
47 0.018715 
48 -0.039888 
49 -0.033981 
50 -0.024247 
51 0.017686 
52 0.019460 
53 0.020450 
54 0.035430 
55 0.021731 
56 0.007138 
57 -0.016161 
58 0.020675 
59 0.001569 
60 -0.030423 
61 -0.083916 
62 -0.023200 
63 -0.018215 
64 -0.019939 
65 0.000035 
66 0.080305 
67 0.074769 
68 0.001034 
69 -0.021288 
70 0.010634 
71 -0.018501 
72 -0.069718 
73 -0.037785 
74 -0.018964 
75 0.004739 
76 -0.022796 
77 0.008833 
78 0.000340 
79 0.029495 
80 0.004490 
81 0.026929 
82 -0.024260 
83 -0.033381 
84 -0.034196 
85 0.025413 
86 0.025991 
87 0.006255 
88 0.008037 
89 0.030788 
90 0.043471 
91 -0.020567 
92 -0.040748 
93 -0.066377 
94 -0.008837 
95 -0.019230 
96 0.025832 
97 -0.015248 
98 0.013466 
99 -0.002048 
100 0.051877 
101 0.013668 
102 0.022583 
103 -0.021968 
104 -0.010042 
105 -0.045254 
106 -0.037157 
107 -0.039110 
108 -0.000428 
109 0.010831 
110 0.002676 
111 0.001805 
112 0.028578 
113 0.051299 
114 0.022347 
115 -0.006394 
116 -0.039891 
117 -0.011608 
118 -0.042872 
119 -0.038222 
120 -0.043856 
121 0.023060 
122 0.024668 
123 0.038785 
124 0.002784 
125 0.029985 
126 0.015845 
127 0.025615 
128 0.001448 
129 -0.029314 
130 -0.044617 
131 -0.039173 
132 -0.015056 
133 -0.036029 
134 0.006998 
135 -0.000995 
136 0.055196 
137 0.010553 
138 0.065010 
139 -0.000169 
140 0.011520 
141 -0.062613 
142 -0.002978 
143 -0.053909 
144 -0.011233 
145 -0.030441 
146 0.024439 
147 -0.006942 
148 0.032719 
149 0.043867 
150 0.028072 
151 -0.022529 
152 -0.029548 
153 0.017096 
154 -0.029915 
155 -0.041512 
156 -0.035048 
157 0.048949 
158 0.013606 
159 0.029785 
160 0.000851 
161 0.029134 
162 -0.015214 
163 -0.003567 
164 0.006763 
165 0.008288 
166 -0.019215 
167 -0.016642 
168 0.026286 
169 0.007520 
170 0.011068 
171 -0.010907 
172 0.026217 
173 -0.028648 
174 -0.013716 
175 -0.003567 
176 0.043328 
177 -0.005204 
178 -0.001902 
179 0.007490 
180 0.020450 
181 -0.004645 
182 -0.012033 
183 0.020896 
184 -0.008597 
185 -0.004765 
186 -0.011070 
187 0.030881 
188 -0.011919 
189 0.010834 
190 0.005561 
191 0.042638 
192 -0.021626 
193 -0.012905 
194 -0.005883 
195 0.024404 
196 -0.020071 
197 -0.017464 
198 0.009979 
199 0.036981 
200 0.038028 
201 0.025586 
202 0.035437 
203 -0.005971 
204 -0.016732 
205 -0.048332 
206 0.010508 
207 -0.014104 
208 0.004715 
209 -0.034662 
210 0.032364 
211 0.009065 
212 0.047037 
213 0.018719 
214 0.052467 
215 -0.015609 
216 -0.001062 
217 -0.014298 
218 -0.002900 
219 -0.054410 
220 -0.026469 
221 0.001422 
222 0.020180 
223 0.000497 
224 0.024442 
225 0.063532 
226 0.026826 
227 -0.004344 
228 -0.032590 
229 0.000828 
230 -0.030294 
231 -0.009200 
232 -0.021788 
233 0.032404 
234 -0.010148 
235 0.019396 
236 -0.003456 
237 0.035152 
238 0.002281 
239 0.034271 
240 -0.000670 
241 -0.001750 
242 -0.045945 
243 -0.002257 
244 -0.002792 
245 -0.004474 
246 -0.036136 
247 0.001189 
248 0.010393 
249 0.019249 
250 0.004457 
251 0.024510 
252 0.019028 
253 0.008087 
254 -0.012828 
255 -0.013399 
256 -0.010541 
257 -0.007406 
258 -0.006472 
259 -0.014941 
260 -0.014562 
261 -0.004581 
262 0.014771 
263 0.011344 
264 0.006242 
265 0.012284 
266 0.012918 
267 0.003677 
268 -0.034198 
269 -0.015792 
270 0.003784 
271 0.036038 
272 -0.008353 
273 -0.009926 
274 -0.010062 
275 0.021568 
276 -0.003817 
277 -0.008038 
278 -0.011835 
279 -0.012552 
280 0.004433 
281 0.005373 
282 0.038170 
283 -0.007239 
284 -0.011211 
285 -0.049273 
286 0.022459 
287 -0.012344 
288 0.010633 
289 -0.045292 
290 0.013482 
291 -0.019479 
292 0.025812 
293 0.005898 
294 0.042593 
295 -0.004128 
296 -0.002235 
297 -0.021693 
298 -0.023218 
299 -0.027737 
300 -0.022934 
301 0.002067 
302 -0.010763 
303 0.017266 
304 0.011393 
305 0.037925 
306 0.005840 
307 0.027237 
308 -0.002602 
309 -0.003949 
310 -0.057076 
311 -0.031876 
312 -0.013784 
313 0.023068 
314 -0.007791 
315 -0.003806 
316 0.012560 
317 0.042059 
318 0.015495 
319 0.007518 
320 -0.004707 
321 -0.011317 
322 -0.047662 
323 -0.038334 
324 -0.022723 
325 0.003348 
326 -0.003534 
327 0.022729 
328 0.026151 
329 0.030320 
330 0.007470 
331 0.003497 
332 -0.020348 
333 -0.026853 
334 -0.034428 
335 -0.009935 
336 -0.005535 
337 0.001643 
338 -0.010674 
339 0.010141 
340 0.003383 
341 0.013410 
342 0.007674 
343 0.039970 
344 0.009711 
345 0.000891 
346 -0.018693 
347 -0.000142 
348 -0.023876 
349 -0.027517 
350 -0.015574 
351 0.000100 
352 -0.014318 
353 -0.015005 
354 0.028057 
355 0.019654 
356 0.030918 
357 0.006839 
358 0.037320 
359 -0.025846 
360 -0.018942 
361 -0.050089 
362 0.009616 
363 -0.038458 
364 -0.006841 
365 -0.029574 
366 0.050641 
367 0.013826 
368 0.034030 
369 0.008964 
370 0.048938 
371 -0.019724 
372 -0.027813 
373 -0.046757 
374 -0.018467 
375 -0.033772 
376 -0.000468 
377 0.019230 
378 0.021949 
379 0.007149 
380 0.019280 
381 0.039213 
382 0.013806 
383 0.002026 
384 -0.013977 
385 -0.012482 
386 -0.054627 
387 -0.038317 
388 -0.013098 
389 0.024815 
390 -0.000820 
391 0.008251 
392 0.025857 
393 0.050572 
394 0.002022 
395 -0.013645 
396 -0.021076 
397 -0.017174 
398 -0.040886 
399 -0.004059 
400 0.010962 
401 0.008346 
402 -0.024726 
403 0.024099 
404 0.035153 
405 0.029678 
406 -0.008334 
407 0.009714 
408 -0.011596 
409 -0.032174 
410 -0.045614 
411 -0.002582 
412 0.004501 
413 -0.003504 
414 -0.001962 
415 0.024174 
416 0.042410 
417 0.029147 
418 0.021695 
419 0.003922 
420 -0.014435 
421 -0.042511 
422 -0.027449 
423 -0.022918 
424 -0.005962 
425 -0.008490 
426 0.015989 
427 0.014035 
428 0.016389 
429 0.016658 
430 0.051217 
431 0.024575 
432 -0.016382 
433 -0.046807 
434 -0.018169 
435 -0.022770 
436 -0.028565 
437 -0.030467 
438 0.017510 
439 0.023215 
440 0.037495 
441 0.032626 
442 0.058930 
443 0.020184 
444 -0.009682 
445 -0.047637 
446 -0.015745 
447 -0.033205 
448 -0.033662 
449 -0.034136 
450 0.021013 
451 0.027960 
452 0.033346 
453 0.044852 
454 0.036735 
455 0.016500 
456 -0.010925 
457 0.011592 
458 -0.023156 
459 -0.038427 
460 -0.062276 
461 0.014657 
462 -0.002324 
463 0.015336 
464 0.006023 
465 0.055643 
466 0.011607 
467 0.010419 
468 0.003997 
469 0.031849 
470 -0.015915 
471 -0.036245 
472 -0.025467 
473 -0.006631 
474 -0.015837 
475 -0.008733 
476 0.013192 
477 0.013159 
478 0.002489 
479 0.012068 
480 0.036959 
481 0.029810 
482 -0.004180 
483 -0.008234 
484 -0.005108 
485 -0.005920 
486 -0.042776 
487 -0.006338 
488 0.002484 
489 0.008129 
490 -0.035006 
491 0.017115 
492 0.039813 
493 0.047446 
494 -0.000595 
495 0.004612 
496 -0.008077 
497 -0.024123 
498 -0.022758 
499 -0.009751 
500 0.006673 
501 -0.031149 
502 -0.004845 
503 0.007916 
504 0.046104 
505 0.000353 
506 0.029152 
507 0.017665 
508 0.006033 
509 -0.046472 
510 -0.011427 
511 0.015112 
512 -0.012944 
513 -0.034153 
514 -0.012827 
515 0.026212 
516 0.000772 
517 0.023142 
518 0.030781 
519 0.033111 
520 -0.027271 
521 -0.013081 
522 0.004876 
523 0.002351 
524 -0.037474 
525 -0.025384 
526 0.016830 
527 0.002539 
528 -0.014485 
529 0.006432 
530 0.048953 
531 0.001883 
532 -0.006463 
533 0.003504 
534 0.029795 
535 -0.019406 
536 -0.021695 
537 -0.001954 
538 -0.005393 
539 -0.044556 
540 -0.021258 
541 0.032153 
542 0.034280 
543 0.005981 
544 -0.002673 
545 0.013094 
546 0.010198 
547 0.015273 
548 0.015302 
549 -0.010505 
550 -0.035136 
551 -0.043796 
552 -0.000867 
553 0.001210 
554 0.014794 
555 0.005078 
556 0.051982 
557 0.021526 
558 0.011203 
559 -0.023878 
560 0.008510 
561 -0.012569 
562 -0.030163 
563 -0.032006 
564 -0.002251 
565 -0.007607 
566 -0.014277 
567 0.037153 
568 0.044471 
569 0.022655 
570 -0.025693 
571 0.011757 
572 -0.005596 
573 -0.013258 
574 -0.034426 
575 -0.009627 
576 -0.018941 
577 -0.012588 
578 0.011441 
579 0.027959 
580 0.026759 
581 -0.012463 
582 0.015719 
583 0.008425 
584 0.010235 
585 -0.055435 
586 -0.014131 
587 -0.014649 
588 0.012398 
589 -0.013551 
590 0.030452 
591 0.005094 
592 -0.005208 
593 0.000178 
594 0.032431 
595 0.017439 
596 -0.035414 
597 -0.009301 
598 -0.013899 
599 0.004510 
600 -0.042733 
601 0.009130 
602 -0.010731 
603 0.034947 
604 -0.001827 
605 0.051882 
606 0.005500 
607 -0.005484 
608 -0.050019 
609 -0.007188 
610 -0.011576 
611 -0.008757 
612 -0.014771 
613 -0.002864 
614 0.007463 
615 -0.000224 
616 0.031807 
617 0.016673 
618 0.021142 
619 -0.022193 
620 -0.000329 
621 -0.016945 
622 -0.005410 
623 -0.040577 
624 -0.017559 
625 -0.011841 
626 0.005769 
627 0.001731 
628 0.031445 
629 0.052662 
630 0.039949 
631 0.004280 
632 -0.016095 
633 -0.024963 
634 -0.044881 
635 -0.041469 
636 -0.019304 
637 -0.009372 
638 -0.015413 
639 -0.005258 
640 0.031834 
641 0.042871 
642 0.037222 
643 0.016986 
644 0.008134 
645 -0.017285 
646 -0.028929 
647 -0.016130 
648 -0.010631 
649 -0.033451 
650 -0.038681 
651 0.006590 
652 0.041531 
653 0.042130 
654 0.003958 
655 0.006429 
656 -0.004649 
657 -0.013753 
658 -0.013734 
659 0.013151 
660 0.002861 
661 -0.027697 
662 -0.023216 
663 0.007207 
664 0.004013 
665 -0.020023 
666 0.001897 
667 0.027156 
668 0.026382 
669 0.008083 
670 0.004509 
671 0.007477 
672 -0.018394 
673 -0.022981 
674 -0.023734 
675 0.007766 
676 -0.039722 
677 -0.018429 
678 -0.017296 
679 0.051733 
680 -0.014717 
681 0.015064 
682 0.006136 
683 0.057381 
684 -0.018278 
685 0.015328 
686 0.000113 
687 -0.008582 
688 -0.063677 
689 -0.031895 
690 0.005059 
691 -0.007540 
692 0.006820 
693 0.021209 
694 0.072677 
695 0.001740 
696 -0.000061 
697 -0.011253 
698 0.037299 
699 -0.045172 
700 -0.026851 
701 -0.027138 
702 0.005072 
703 -0.054617 
704 -0.001853 
705 0.044277 
706 0.049886 
707 -0.007642 
708 0.014145 
709 0.038067 
710 0.014778 
711 -0.023585 
712 -0.034292 
713 -0.035658 
714 -0.058268 
715 -0.020638 
716 0.032737 
717 0.048555 
718 0.001260 
719 -0.002934 
720 0.030393 
721 0.044685 
722 -0.004239 
723 -0.022668 
724 -0.003226 
725 -0.011386 
726 -0.046960 
727 -0.028962 
728 0.011089 
729 0.005749 
730 -0.019485 
731 0.018150 
732 0.052419 
733 0.046451 
734 0.017635 
735 0.024535 
736 -0.000393 
737 -0.029945 
738 -0.054959 
739 -0.013267 
740 -0.009972 
741 -0.018672 
742 -0.016519 
743 0.022902 
744 0.013437 
745 -0.000567 
746 0.023175 
747 0.077551 
748 0.029840 
749 -0.036156 
750 -0.047838 
751 0.007326 
752 -0.035296 
753 -0.036171 
754 -0.004315 
755 0.055627 
756 -0.016298 
757 0.007727 
758 0.036704 
759 0.067380 
760 -0.023412 
761 -0.014161 
762 -0.017945 
763 -0.008805 
764 -0.036344 
765 0.004992 
766 0.017399 
767 -0.008180 
768 -0.007427 
769 0.011451 
770 0.049572 
771 0.011916 
772 0.018105 
773 0.000593 
774 0.049453 
775 -0.044494 
776 -0.037425 
777 -0.031421 
778 0.059151 
779 -0.017358 
780 -0.000804 
781 -0.002690 
782 0.041448 
783 -0.021863 
784 -0.002160 
785 -0.000525 
786 -0.001870 
787 -0.017748 
788 0.011010 
789 0.040825 
790 0.007945 
791 -0.005788 
792 -0.018161 
793 0.020817 
794 0.004116 
795 -0.001730 
796 -0.010838 
797 0.025937 
798 -0.011304 
799 -0.039144 
800 -0.013355 
801 0.026888 
802 0.018052 
803 -0.012001 
804 0.029109 
805 0.026560 
806 0.008543 
807 -0.033906 
808 0.007421 
809 -0.017004 
810 -0.007778 
811 -0.016939 
812 0.019557 
813 -0.007054 
814 0.005241 
815 0.001395 
816 0.034813 
817 0.004025 
818 0.004773 
819 0.003932 
820 0.014529 
821 -0.018523 
822 -0.026582 
823 -0.013417 
824 -0.010093 
825 -0.030749 
826 -0.032020 
827 0.013255 
828 0.030471 
829 0.039215 
830 0.023476 
831 0.038544 
832 -0.009693 
833 -0.005584 
834 -0.019122 
835 -0.001766 
836 -0.032428 
837 -0.002907 
838 -0.021536 
839 -0.003031 
840 -0.015987 
841 0.016904 
842 0.015486 
843 0.019012 
844 0.008333 
845 0.014033 
846 0.012560 
847 -0.007919 
848 -0.032793 
849 -0.059086 
850 -0.005856 
851 -0.008316 
852 0.024067 
853 0.000914 
854 0.044664 
855 -0.017874 
856 -0.002671 
857 -0.026879 
858 0.035231 
859 0.000801 
860 0.023168 
861 -0.020859 
862 -0.020602 
863 -0.042016 
864 -0.006527 
865 0.012428 
866 -0.010100 
867 -0.019975 
868 -0.016811 
869 0.046464 
870 0.021747 
871 0.028247 
872 -0.002614 
873 0.038758 
874 -0.021591 
875 -0.031530 
876 -0.033787 
877 0.000803 
878 -0.026196 
879 -0.033211 
880 0.003188 
881 0.001533 
882 0.014466 
883 0.020945 
884 0.073765 
885 0.000144 
886 -0.015093 
887 -0.040431 
888 0.009238 
889 -0.044626 
890 -0.027733 
891 -0.040361 
892 0.003944 
893 -0.024619 
894 0.002698 
895 0.032833 
896 0.053552 
897 0.011847 
898 -0.018022 
899 0.022484 
900 0.018844 
901 -0.020025 
902 -0.070992 
903 -0.018969 
904 -0.025025 
905 -0.000206 
906 -0.033174 
907 0.032338 
908 0.009365 
909 0.050399 
910 0.028293 
911 0.048503 
912 -0.042323 
913 -0.029744 
914 -0.034044 
915 0.025465 
916 -0.047240 
917 -0.032695 
918 -0.016054 
919 0.049309 
920 -0.005556 
921 0.004918 
922 0.033273 
923 0.062017 
924 -0.005505 
925 -0.026830 
926 -0.002988 
927 -0.021808 
928 -0.056911 
929 -0.063638 
930 0.006877 
931 -0.020283 
932 -0.001652 
933 0.012850 
934 0.085563 
935 0.017245 
936 0.006948 
937 0.012747 
938 0.056527 
939 -0.015002 
940 -0.059747 
941 -0.039096 
942 -0.022363 
943 -0.041634 
944 -0.041457 
945 0.044660 
946 0.041538 
947 0.033499 
948 0.009281 
949 0.065102 
950 0.011311 
951 -0.027198 
952 -0.031428 
953 0.005787 
954 -0.037542 
955 -0.066591 
956 -0.019736 
957 0.035851 
958 0.047952 
959 -0.003389 
960 0.037376 
961 0.024593 
962 0.029319 
963 -0.024732 
964 0.019793 
965 -0.018836 
966 -0.026185 
967 -0.077629 
968 -0.007520 
969 -0.010854 
970 0.006005 
971 0.010315 
972 0.076499 
973 0.055577 
974 -0.007482 
975 -0.016017 
976 -0.000089 
977 -0.007207 
978 -0.060904 
979 -0.023037 
980 -0.012205 
981 0.013593 
982 -0.016436 
983 0.054781 
984 0.041067 
985 0.020751 
986 -0.030189 
987 0.012947 
988 0.004320 
989 -0.012990 
990 -0.039328 
991 0.001185 
992 0.001913 
993 -0.007495 
994 0.021856 
995 0.041064 
996 0.017805 
997 -0.007277 
998 0.026166 
999 0.008002 
1000 -0.021705 
1001 -0.026945 
1002 0.023041 
1003 -0.005475 
1004 -0.022886 
1005 -0.007583 
1006 0.040673 
1007 0.018003 
1008 0.006499 
1009 0.008367 
1010 0.021944 
1011 -0.025054 
1012 -0.051859 
1013 -0.004044 
1014 0.036484 
1015 0.015070 
1016 -0.024559 
1017 -0.002236 
1018 0.021774 
1019 0.015864 
1020 -0.000325 
1021 0.015505 
1022 -0.011994 
1023 -0.011207 
