0 -0.000739 
1 -0.000865 
2 -0.000629 
3 -0.000094 
4 0.000537 
5 0.000843 
6 0.000581 
7 0.000249 
8 0.000333 
9 0.000449 
10 0.000126 
11 -0.000317 
12 -0.000567 
13 -0.000875 
14 -0.001089 
15 -0.000693 
16 0.000058 
17 0.000315 
18 -0.000040 
19 -0.000300 
20 0.000028 
21 0.000496 
22 0.000475 
23 -0.000019 
24 -0.000542 
25 -0.000877 
26 -0.000940 
27 -0.000577 
28 -0.000047 
29 0.000057 
30 -0.000245 
31 -0.000444 
32 -0.000308 
33 -0.000182 
34 -0.000310 
35 -0.000409 
36 -0.000327 
37 -0.000336 
38 -0.000530 
39 -0.000556 
40 -0.000279 
41 -0.000106 
42 -0.000349 
43 -0.000743 
44 -0.000812 
45 -0.000595 
46 -0.000501 
47 -0.000484 
48 -0.000204 
49 0.000054 
50 -0.000021 
51 -0.000145 
52 -0.000122 
53 -0.000151 
54 -0.000262 
55 -0.000481 
56 -0.000755 
57 -0.000809 
58 -0.000604 
59 -0.000337 
60 -0.000171 
61 0.000000 
62 0.000406 
63 0.001059 
64 0.001282 
65 0.000591 
66 -0.000311 
67 -0.000595 
68 -0.000735 
69 -0.000979 
70 -0.000730 
71 -0.000043 
72 0.000386 
73 0.000511 
74 0.000612 
75 0.000544 
76 0.000154 
77 -0.000099 
78 0.000144 
79 0.000575 
80 0.000713 
81 0.000534 
82 0.000475 
83 0.000640 
84 0.000282 
85 -0.000692 
86 -0.001009 
87 -0.000140 
88 0.000506 
89 0.000029 
90 -0.000291 
91 0.000434 
92 0.001174 
93 0.001217 
94 0.001091 
95 0.000851 
96 0.000259 
97 -0.000164 
98 0.000252 
99 0.000933 
100 0.000924 
101 0.000092 
102 -0.000596 
103 -0.000335 
104 0.000305 
105 0.000068 
106 -0.000638 
107 -0.000564 
108 -0.000077 
109 0.000142 
110 0.000538 
111 0.001270 
112 0.001591 
113 0.001444 
114 0.001386 
115 0.001240 
116 0.000896 
117 0.000718 
118 0.000555 
119 0.000197 
120 0.000098 
121 0.000443 
122 0.000460 
123 0.000004 
124 -0.000029 
125 0.001002 
126 0.002547 
127 0.003290 
128 0.002566 
129 0.001829 
130 0.002093 
131 0.002134 
132 0.000968 
133 -0.000238 
134 -0.000363 
135 0.000126 
136 0.000481 
137 0.001271 
138 0.002687 
139 0.003449 
140 0.002912 
141 0.001969 
142 0.001565 
143 0.001757 
144 0.001831 
145 0.001711 
146 0.002142 
147 0.002653 
148 0.001857 
149 -0.000098 
150 -0.000937 
151 0.000383 
152 0.002001 
153 0.002447 
154 0.002251 
155 0.002241 
156 0.002841 
157 0.003150 
158 0.002213 
159 0.000723 
160 0.000128 
161 0.000368 
162 0.000440 
163 -0.000076 
164 -0.001119 
165 -0.002100 
166 -0.001971 
167 -0.001183 
168 -0.000848 
169 -0.000697 
170 -0.000570 
171 -0.000597 
172 -0.000145 
173 0.001104 
174 0.001474 
175 -0.000495 
176 -0.002988 
177 -0.003626 
178 -0.002745 
179 -0.002138 
180 -0.002377 
181 -0.002901 
182 -0.003112 
183 -0.003244 
184 -0.003274 
185 -0.002643 
186 -0.001689 
187 -0.001565 
188 -0.002318 
189 -0.002576 
190 -0.002285 
191 -0.002477 
192 -0.002735 
193 -0.001932 
194 -0.000976 
195 -0.001350 
196 -0.002939 
197 -0.004204 
198 -0.004119 
199 -0.003871 
200 -0.004499 
201 -0.005194 
202 -0.004611 
203 -0.003361 
204 -0.002311 
205 -0.001390 
206 -0.000908 
207 -0.001455 
208 -0.002534 
209 -0.003262 
210 -0.003236 
211 -0.003182 
212 -0.004078 
213 -0.004912 
214 -0.004321 
215 -0.003814 
216 -0.005136 
217 -0.006789 
218 -0.006505 
219 -0.004309 
220 -0.002220 
221 -0.001961 
222 -0.002329 
223 -0.000907 
224 0.001196 
225 0.000799 
226 -0.002534 
227 -0.005769 
228 -0.006889 
229 -0.006584 
230 -0.006033 
231 -0.006069 
232 -0.005762 
233 -0.003410 
234 -0.000171 
235 0.001890 
236 0.001569 
237 -0.000657 
238 -0.002325 
239 -0.002345 
240 -0.002235 
241 -0.002350 
242 -0.001752 
243 -0.000827 
244 -0.001013 
245 -0.002541 
246 -0.003357 
247 -0.002740 
248 -0.002478 
249 -0.002648 
250 -0.001036 
251 0.001521 
252 0.001642 
253 0.000420 
254 0.001972 
255 0.005174 
256 0.005821 
257 0.003722 
258 0.000694 
259 -0.002394 
260 -0.004089 
261 -0.003843 
262 -0.002844 
263 -0.002821 
264 -0.004266 
265 -0.005166 
266 -0.002455 
267 0.002407 
268 0.004382 
269 0.003106 
270 0.003066 
271 0.005317 
272 0.005707 
273 0.002302 
274 -0.001147 
275 -0.001481 
276 -0.001248 
277 -0.003438 
278 -0.005740 
279 -0.004952 
280 -0.002589 
281 -0.001567 
282 -0.000588 
283 0.002790 
284 0.006336 
285 0.007215 
286 0.006676 
287 0.007428 
288 0.009236 
289 0.008592 
290 0.004293 
291 -0.000875 
292 -0.002801 
293 -0.001814 
294 -0.000658 
295 -0.000222 
296 0.000450 
297 0.001762 
298 0.003541 
299 0.006173 
300 0.010156 
301 0.014075 
302 0.013998 
303 0.009909 
304 0.005810 
305 0.004010 
306 0.003732 
307 0.002699 
308 0.000226 
309 -0.001603 
310 -0.000803 
311 0.002408 
312 0.005606 
313 0.007847 
314 0.009724 
315 0.010613 
316 0.011128 
317 0.012098 
318 0.011938 
319 0.008707 
320 0.003653 
321 -0.001391 
322 -0.005252 
323 -0.005435 
324 -0.001400 
325 0.002742 
326 0.003274 
327 0.002069 
328 0.002876 
329 0.006905 
330 0.011550 
331 0.012497 
332 0.009145 
333 0.004799 
334 0.001170 
335 -0.001745 
336 -0.003870 
337 -0.004563 
338 -0.005405 
339 -0.007534 
340 -0.009169 
341 -0.007456 
342 -0.002157 
343 0.004566 
344 0.008924 
345 0.009211 
346 0.006274 
347 0.002212 
348 -0.001507 
349 -0.004350 
350 -0.006881 
351 -0.008847 
352 -0.009375 
353 -0.008716 
354 -0.007685 
355 -0.006855 
356 -0.005099 
357 -0.002047 
358 0.000192 
359 -0.000874 
360 -0.003680 
361 -0.003593 
362 -0.001049 
363 -0.001649 
364 -0.006771 
365 -0.010968 
366 -0.010326 
367 -0.006863 
368 -0.004172 
369 -0.003219 
370 -0.003729 
371 -0.004693 
372 -0.004757 
373 -0.004471 
374 -0.005973 
375 -0.009024 
376 -0.010262 
377 -0.008048 
378 -0.005083 
379 -0.004496 
380 -0.006100 
381 -0.007072 
382 -0.004661 
383 -0.000875 
384 -0.000930 
385 -0.004206 
386 -0.006881 
387 -0.007103 
388 -0.005836 
389 -0.005371 
390 -0.007865 
391 -0.011270 
392 -0.011373 
393 -0.007902 
394 -0.004342 
395 -0.003129 
396 -0.003662 
397 -0.004876 
398 -0.005900 
399 -0.005795 
400 -0.004554 
401 -0.001275 
402 0.002051 
403 0.000172 
404 -0.004618 
405 -0.005933 
406 -0.005833 
407 -0.007397 
408 -0.007559 
409 -0.005542 
410 -0.003712 
411 -0.001844 
412 -0.000382 
413 -0.000726 
414 -0.000386 
415 0.003051 
416 0.007064 
417 0.006897 
418 0.003084 
419 -0.000778 
420 -0.002765 
421 -0.001825 
422 -0.002040 
423 -0.006229 
424 -0.008586 
425 -0.004946 
426 -0.000123 
427 0.001550 
428 0.002616 
429 0.006463 
430 0.010308 
431 0.009804 
432 0.007098 
433 0.004839 
434 0.002394 
435 -0.001685 
436 -0.005701 
437 -0.007550 
438 -0.008134 
439 -0.009302 
440 -0.007432 
441 0.000766 
442 0.009655 
443 0.013098 
444 0.012845 
445 0.011638 
446 0.008685 
447 0.004939 
448 0.002926 
449 0.001944 
450 -0.000634 
451 -0.005535 
452 -0.010641 
453 -0.011103 
454 -0.004611 
455 0.003522 
456 0.006306 
457 0.006510 
458 0.010915 
459 0.017690 
460 0.020372 
461 0.017212 
462 0.009640 
463 0.001233 
464 -0.002170 
465 -0.000148 
466 0.003103 
467 0.004648 
468 0.004795 
469 0.004761 
470 0.007407 
471 0.012711 
472 0.015285 
473 0.014928 
474 0.016123 
475 0.016676 
476 0.013450 
477 0.011418 
478 0.013882 
479 0.015382 
480 0.011237 
481 0.004806 
482 0.001716 
483 0.003589 
484 0.007756 
485 0.008847 
486 0.007725 
487 0.008429 
488 0.009644 
489 0.009535 
490 0.012002 
491 0.017822 
492 0.019568 
493 0.014090 
494 0.007839 
495 0.005002 
496 0.002732 
497 -0.000657 
498 -0.002474 
499 -0.001236 
500 0.001406 
501 0.002823 
502 0.004673 
503 0.011467 
504 0.019483 
505 0.018962 
506 0.009859 
507 0.002967 
508 0.002697 
509 0.003797 
510 0.001389 
511 -0.004098 
512 -0.009288 
513 -0.010860 
514 -0.007915 
515 -0.001227 
516 0.006648 
517 0.010421 
518 0.007148 
519 0.003006 
520 0.004053 
521 0.005468 
522 0.001481 
523 -0.003980 
524 -0.007034 
525 -0.010793 
526 -0.013384 
527 -0.008535 
528 0.000586 
529 0.003693 
530 -0.000592 
531 -0.003712 
532 0.000233 
533 0.005829 
534 0.005565 
535 -0.000260 
536 -0.006376 
537 -0.010218 
538 -0.010882 
539 -0.006631 
540 -0.000529 
541 0.000647 
542 -0.002764 
543 -0.004989 
544 -0.003458 
545 -0.002029 
546 -0.003416 
547 -0.004464 
548 -0.003551 
549 -0.003605 
550 -0.005639 
551 -0.005883 
552 -0.002930 
553 -0.001090 
554 -0.003588 
555 -0.007602 
556 -0.008245 
557 -0.005987 
558 -0.004988 
559 -0.004763 
560 -0.001966 
561 0.000547 
562 -0.000181 
563 -0.001374 
564 -0.001140 
565 -0.001395 
566 -0.002402 
567 -0.004395 
568 -0.006827 
569 -0.007246 
570 -0.005346 
571 -0.002938 
572 -0.001469 
573 0.000019 
574 0.003482 
575 0.008993 
576 0.010752 
577 0.004912 
578 -0.002527 
579 -0.004809 
580 -0.005855 
581 -0.007698 
582 -0.005653 
583 -0.000229 
584 0.003061 
585 0.003981 
586 0.004697 
587 0.004148 
588 0.001231 
589 -0.000620 
590 0.001150 
591 0.004188 
592 0.005123 
593 0.003821 
594 0.003375 
595 0.004456 
596 0.001993 
597 -0.004496 
598 -0.006515 
599 -0.000810 
600 0.003339 
601 0.000282 
602 -0.001710 
603 0.002790 
604 0.007293 
605 0.007470 
606 0.006629 
607 0.005131 
608 0.001621 
609 -0.000847 
610 0.001540 
611 0.005372 
612 0.005265 
613 0.000630 
614 -0.003124 
615 -0.001663 
616 0.001767 
617 0.000507 
618 -0.003168 
619 -0.002751 
620 -0.000254 
621 0.000841 
622 0.002772 
623 0.006332 
624 0.007814 
625 0.007017 
626 0.006657 
627 0.005887 
628 0.004234 
629 0.003373 
630 0.002621 
631 0.000999 
632 0.000550 
633 0.002056 
634 0.002111 
635 0.000148 
636 0.000001 
637 0.004275 
638 0.010567 
639 0.013449 
640 0.010379 
641 0.007333 
642 0.008295 
643 0.008368 
644 0.003803 
645 -0.000805 
646 -0.001258 
647 0.000573 
648 0.001876 
649 0.004701 
650 0.009707 
651 0.012277 
652 0.010252 
653 0.006878 
654 0.005417 
655 0.006009 
656 0.006200 
657 0.005733 
658 0.007099 
659 0.008666 
660 0.006039 
661 -0.000203 
662 -0.002808 
663 0.001295 
664 0.006224 
665 0.007498 
666 0.006822 
667 0.006717 
668 0.008389 
669 0.009193 
670 0.006426 
671 0.002161 
672 0.000489 
673 0.001159 
674 0.001351 
675 -0.000046 
676 -0.002840 
677 -0.005405 
678 -0.005028 
679 -0.002948 
680 -0.002064 
681 -0.001661 
682 -0.001320 
683 -0.001362 
684 -0.000219 
685 0.002801 
686 0.003658 
687 -0.001027 
688 -0.006849 
689 -0.008245 
690 -0.006147 
691 -0.004709 
692 -0.005193 
693 -0.006285 
694 -0.006686 
695 -0.006897 
696 -0.006895 
697 -0.005487 
698 -0.003430 
699 -0.003137 
700 -0.004637 
701 -0.005100 
702 -0.004442 
703 -0.004778 
704 -0.005224 
705 -0.003613 
706 -0.001734 
707 -0.002430 
708 -0.005392 
709 -0.007680 
710 -0.007451 
711 -0.006916 
712 -0.007975 
713 -0.009114 
714 -0.007987 
715 -0.005722 
716 -0.003844 
717 -0.002230 
718 -0.001385 
719 -0.002287 
720 -0.004045 
721 -0.005201 
722 -0.005109 
723 -0.004975 
724 -0.006347 
725 -0.007582 
726 -0.006586 
727 -0.005735 
728 -0.007665 
729 -0.010060 
730 -0.009525 
731 -0.006203 
732 -0.003106 
733 -0.002709 
734 -0.003208 
735 -0.001180 
736 0.001742 
737 0.001171 
738 -0.003380 
739 -0.007716 
740 -0.009123 
741 -0.008614 
742 -0.007788 
743 -0.007748 
744 -0.007269 
745 -0.004209 
746 -0.000126 
747 0.002426 
748 0.001998 
749 -0.000737 
750 -0.002736 
751 -0.002718 
752 -0.002551 
753 -0.002645 
754 -0.001936 
755 -0.000861 
756 -0.001068 
757 -0.002762 
758 -0.003634 
759 -0.002923 
760 -0.002615 
761 -0.002769 
762 -0.001041 
763 0.001639 
764 0.001732 
765 0.000451 
766 0.002008 
767 0.005201 
768 0.005791 
769 0.003666 
770 0.000691 
771 -0.002280 
772 -0.003858 
773 -0.003580 
774 -0.002609 
775 -0.002556 
776 -0.003857 
777 -0.004645 
778 -0.002183 
779 0.002143 
780 0.003850 
781 0.002701 
782 0.002638 
783 0.004530 
784 0.004816 
785 0.001933 
786 -0.000923 
787 -0.001185 
788 -0.000986 
789 -0.002722 
790 -0.004517 
791 -0.003856 
792 -0.001995 
793 -0.001196 
794 -0.000460 
795 0.002074 
796 0.004673 
797 0.005267 
798 0.004823 
799 0.005325 
800 0.006557 
801 0.006041 
802 0.002989 
803 -0.000600 
804 -0.001905 
805 -0.001223 
806 -0.000450 
807 -0.000154 
808 0.000287 
809 0.001132 
810 0.002256 
811 0.003890 
812 0.006343 
813 0.008702 
814 0.008568 
815 0.006002 
816 0.003486 
817 0.002380 
818 0.002190 
819 0.001568 
820 0.000133 
821 -0.000909 
822 -0.000448 
823 0.001344 
824 0.003091 
825 0.004282 
826 0.005252 
827 0.005666 
828 0.005875 
829 0.006312 
830 0.006160 
831 0.004447 
832 0.001848 
833 -0.000689 
834 -0.002581 
835 -0.002636 
836 -0.000657 
837 0.001332 
838 0.001569 
839 0.000986 
840 0.001344 
841 0.003170 
842 0.005237 
843 0.005600 
844 0.004056 
845 0.002107 
846 0.000512 
847 -0.000748 
848 -0.001636 
849 -0.001905 
850 -0.002234 
851 -0.003079 
852 -0.003709 
853 -0.002982 
854 -0.000850 
855 0.001791 
856 0.003458 
857 0.003528 
858 0.002376 
859 0.000824 
860 -0.000568 
861 -0.001606 
862 -0.002510 
863 -0.003188 
864 -0.003339 
865 -0.003071 
866 -0.002677 
867 -0.002363 
868 -0.001741 
869 -0.000708 
870 0.000037 
871 -0.000314 
872 -0.001223 
873 -0.001176 
874 -0.000362 
875 -0.000542 
876 -0.002124 
877 -0.003381 
878 -0.003149 
879 -0.002076 
880 -0.001256 
881 -0.000965 
882 -0.001099 
883 -0.001358 
884 -0.001362 
885 -0.001266 
886 -0.001669 
887 -0.002485 
888 -0.002790 
889 -0.002171 
890 -0.001364 
891 -0.001196 
892 -0.001597 
893 -0.001824 
894 -0.001197 
895 -0.000242 
896 -0.000255 
897 -0.001054 
898 -0.001688 
899 -0.001724 
900 -0.001408 
901 -0.001288 
902 -0.001846 
903 -0.002595 
904 -0.002588 
905 -0.001790 
906 -0.000994 
907 -0.000722 
908 -0.000827 
909 -0.001074 
910 -0.001277 
911 -0.001240 
912 -0.000973 
913 -0.000302 
914 0.000361 
915 -0.000016 
916 -0.000948 
917 -0.001191 
918 -0.001157 
919 -0.001437 
920 -0.001449 
921 -0.001060 
922 -0.000714 
923 -0.000406 
924 -0.000141 
925 -0.000197 
926 -0.000138 
927 0.000452 
928 0.001124 
929 0.001084 
930 0.000440 
931 -0.000198 
932 -0.000519 
933 -0.000365 
934 -0.000392 
935 -0.001039 
936 -0.001390 
937 -0.000819 
938 -0.000080 
939 0.000170 
940 0.000321 
941 0.000876 
942 0.001418 
943 0.001331 
944 0.000933 
945 0.000608 
946 0.000267 
947 -0.000293 
948 -0.000834 
949 -0.001074 
950 -0.001141 
951 -0.001282 
952 -0.001026 
953 0.000030 
954 0.001147 
955 0.001563 
956 0.001517 
957 0.001354 
958 0.000983 
959 0.000526 
960 0.000281 
961 0.000162 
962 -0.000139 
963 -0.000703 
964 -0.001275 
965 -0.001314 
966 -0.000578 
967 0.000325 
968 0.000628 
969 0.000647 
970 0.001114 
971 0.001820 
972 0.002084 
973 0.001735 
974 0.000938 
975 0.000071 
976 -0.000272 
977 -0.000067 
978 0.000256 
979 0.000408 
980 0.000420 
981 0.000413 
982 0.000662 
983 0.001162 
984 0.001398 
985 0.001355 
986 0.001459 
987 0.001498 
988 0.001192 
989 0.000998 
990 0.001214 
991 0.001337 
992 0.000957 
993 0.000382 
994 0.000108 
995 0.000272 
996 0.000633 
997 0.000726 
998 0.000625 
999 0.000682 
1000 0.000781 
1001 0.000767 
1002 0.000972 
1003 0.001455 
1004 0.001594 
1005 0.001132 
1006 0.000613 
1007 0.000377 
1008 0.000189 
1009 -0.000090 
1010 -0.000239 
1011 -0.000136 
1012 0.000081 
1013 0.000195 
1014 0.000347 
1015 0.000895 
1016 0.001540 
1017 0.001497 
1018 0.000764 
1019 0.000212 
1020 0.000191 
1021 0.000278 
1022 0.000086 
1023 -0.000354 
