0 -0.013465 
1 0.002705 
2 -0.035435 
3 0.013731 
4 -0.027238 
5 0.031018 
6 -0.027766 
7 0.027608 
8 -0.022158 
9 0.010551 
10 0.003463 
11 0.005728 
12 -0.003546 
13 -0.016706 
14 -0.004046 
15 0.011933 
16 0.042219 
17 0.005487 
18 0.012817 
19 -0.006804 
20 -0.023306 
21 -0.035828 
22 -0.034798 
23 0.007442 
24 0.006243 
25 0.007060 
26 0.014176 
27 0.029860 
28 0.051075 
29 0.021429 
30 -0.032863 
31 -0.062767 
32 -0.039339 
33 -0.034662 
34 0.000671 
35 -0.011500 
36 0.030634 
37 0.017269 
38 0.034269 
39 0.016001 
40 -0.000653 
41 -0.006693 
42 -0.045619 
43 -0.010398 
44 -0.025929 
45 0.045334 
46 0.010529 
47 0.040066 
48 -0.016919 
49 -0.034761 
50 -0.033678 
51 -0.018456 
52 -0.028879 
53 -0.074763 
54 0.000704 
55 0.053922 
56 0.102125 
57 0.015985 
58 0.045319 
59 0.020289 
60 -0.021386 
61 -0.084190 
62 -0.067991 
63 -0.003168 
64 0.004192 
65 -0.043354 
66 -0.049413 
67 0.023760 
68 0.083271 
69 0.019998 
70 0.022753 
71 -0.009508 
72 0.025881 
73 0.001905 
74 0.007277 
75 -0.004090 
76 -0.029257 
77 -0.035232 
78 -0.057012 
79 0.010782 
80 0.011865 
81 0.033693 
82 -0.016433 
83 0.041533 
84 0.009557 
85 0.005874 
86 -0.013820 
87 -0.025147 
88 -0.025384 
89 -0.059476 
90 -0.022260 
91 0.004472 
92 0.033729 
93 0.020061 
94 0.012571 
95 0.014034 
96 -0.019672 
97 -0.013946 
98 -0.018660 
99 0.024428 
100 -0.036951 
101 -0.005310 
102 -0.011890 
103 0.034361 
104 -0.009585 
105 0.023528 
106 -0.003888 
107 0.000242 
108 -0.060126 
109 0.001182 
110 0.018299 
111 0.024725 
112 -0.041029 
113 -0.014470 
114 0.015168 
115 0.058638 
116 -0.001217 
117 0.009220 
118 -0.032774 
119 -0.004643 
120 -0.046895 
121 0.006436 
122 -0.022443 
123 0.004110 
124 -0.042427 
125 0.044566 
126 0.028937 
127 0.041474 
128 -0.028302 
129 0.003560 
130 -0.032918 
131 -0.014384 
132 -0.042536 
133 -0.004567 
134 -0.000862 
135 -0.012711 
136 0.013126 
137 0.001266 
138 0.050641 
139 -0.027408 
140 0.016385 
141 -0.039730 
142 0.022546 
143 -0.041067 
144 0.016392 
145 -0.016335 
146 0.045677 
147 -0.007687 
148 -0.006622 
149 -0.028244 
150 -0.003503 
151 0.004886 
152 -0.010891 
153 0.003064 
154 -0.001823 
155 0.009746 
156 0.019549 
157 0.023730 
158 0.009070 
159 -0.036378 
160 -0.009176 
161 -0.011755 
162 0.011148 
163 -0.003424 
164 0.018623 
165 -0.021337 
166 0.011721 
167 -0.002002 
168 0.012862 
169 -0.024729 
170 -0.018852 
171 -0.010953 
172 0.017006 
173 -0.001051 
174 0.014776 
175 0.031533 
176 0.012208 
177 -0.029409 
178 -0.033213 
179 0.018044 
180 -0.002149 
181 -0.028799 
182 -0.030828 
183 0.026025 
184 0.023270 
185 0.010817 
186 0.006382 
187 0.021010 
188 -0.000734 
189 -0.024167 
190 -0.007179 
191 -0.006229 
192 -0.012830 
193 -0.024113 
194 0.023968 
195 0.023636 
196 0.013562 
197 -0.017345 
198 0.056103 
199 0.023949 
200 -0.010066 
201 -0.058613 
202 -0.008158 
203 0.014967 
204 0.004681 
205 -0.037169 
206 0.013743 
207 0.053363 
208 0.055263 
209 0.012793 
210 -0.005138 
211 -0.004915 
212 -0.020271 
213 -0.036230 
214 0.001662 
215 -0.018827 
216 0.006782 
217 -0.026071 
218 0.075098 
219 0.027751 
220 0.064371 
221 -0.042394 
222 0.013710 
223 -0.065826 
224 0.006172 
225 -0.036400 
226 0.036450 
227 -0.006832 
228 0.016563 
229 0.006710 
230 0.047401 
231 0.006815 
232 -0.014568 
233 -0.022431 
234 0.026817 
235 -0.018615 
236 -0.004178 
237 -0.033120 
238 0.057637 
239 0.007064 
240 0.052396 
241 -0.028752 
242 0.047496 
243 -0.049972 
244 0.042470 
245 -0.035414 
246 0.029816 
247 -0.070084 
248 0.041846 
249 -0.005909 
250 0.065601 
251 -0.029612 
252 0.048669 
253 0.011511 
254 0.067168 
255 -0.053785 
256 0.000678 
257 -0.053748 
258 0.018707 
259 -0.041714 
260 0.019738 
261 -0.004280 
262 0.048991 
263 0.016723 
264 0.024109 
265 -0.013100 
266 0.028400 
267 -0.011333 
268 0.004609 
269 -0.064137 
270 0.008732 
271 -0.012728 
272 0.048811 
273 -0.036284 
274 0.038090 
275 -0.036314 
276 0.065373 
277 -0.045183 
278 0.015958 
279 -0.042430 
280 0.048770 
281 -0.008874 
282 0.020042 
283 -0.031099 
284 0.030572 
285 -0.006414 
286 0.001327 
287 -0.044128 
288 0.015240 
289 -0.007780 
290 0.044082 
291 -0.020884 
292 0.031012 
293 -0.039518 
294 0.049119 
295 -0.023418 
296 0.031603 
297 -0.040659 
298 0.024815 
299 -0.023154 
300 0.025534 
301 -0.028030 
302 0.029858 
303 -0.005440 
304 0.004848 
305 -0.045901 
306 0.009743 
307 -0.005626 
308 0.037777 
309 -0.028820 
310 0.025774 
311 -0.017760 
312 0.042891 
313 -0.044122 
314 0.018830 
315 -0.040997 
316 0.013629 
317 -0.032887 
318 0.028320 
319 -0.028440 
320 -0.006965 
321 -0.018780 
322 0.051888 
323 0.002774 
324 0.014327 
325 -0.049878 
326 0.030787 
327 -0.040077 
328 0.024966 
329 -0.063831 
330 0.035456 
331 -0.039420 
332 0.036091 
333 -0.031204 
334 0.045453 
335 -0.002077 
336 0.024807 
337 -0.026402 
338 -0.007284 
339 -0.014305 
340 -0.008871 
341 -0.012463 
342 -0.001502 
343 -0.006786 
344 0.028129 
345 -0.004210 
346 0.039031 
347 -0.039868 
348 0.016022 
349 -0.033774 
350 0.024344 
351 -0.059355 
352 0.017129 
353 -0.016072 
354 0.057945 
355 -0.046097 
356 0.005130 
357 -0.008783 
358 0.052433 
359 -0.043815 
360 -0.014913 
361 -0.039087 
362 0.039500 
363 -0.036544 
364 0.013069 
365 -0.030571 
366 0.035965 
367 -0.014552 
368 0.026712 
369 -0.016035 
370 0.010308 
371 -0.036849 
372 0.000780 
373 -0.019568 
374 -0.010848 
375 -0.020281 
376 0.018704 
377 0.004707 
378 0.022675 
379 -0.010561 
380 0.035238 
381 -0.003707 
382 0.008773 
383 -0.065841 
384 -0.015573 
385 -0.037231 
386 0.033079 
387 -0.000850 
388 0.041156 
389 0.000189 
390 0.027690 
391 -0.006691 
392 0.020475 
393 -0.026614 
394 -0.012537 
395 -0.054059 
396 -0.006811 
397 -0.038802 
398 0.049846 
399 0.001532 
400 0.071689 
401 -0.021830 
402 0.028338 
403 -0.054663 
404 0.020779 
405 -0.052712 
406 0.009102 
407 -0.043705 
408 0.017259 
409 -0.015038 
410 0.034713 
411 0.007790 
412 0.033414 
413 -0.032447 
414 -0.007801 
415 -0.037652 
416 0.031979 
417 -0.034220 
418 0.009370 
419 -0.030560 
420 0.036756 
421 -0.000142 
422 0.040152 
423 -0.017994 
424 -0.002488 
425 -0.033803 
426 0.002240 
427 0.003677 
428 -0.000967 
429 -0.025172 
430 0.024053 
431 0.006375 
432 0.033920 
433 -0.029459 
434 0.048883 
435 -0.023138 
436 0.026487 
437 -0.070739 
438 0.037904 
439 -0.043439 
440 0.043723 
441 -0.034563 
442 0.045237 
443 -0.023465 
444 0.014609 
445 -0.004021 
446 0.022499 
447 -0.015179 
448 -0.009108 
449 -0.008286 
450 0.019459 
451 -0.002071 
452 0.002796 
453 -0.024834 
454 -0.000910 
455 -0.036196 
456 0.035692 
457 -0.012879 
458 0.017828 
459 -0.027559 
460 0.029651 
461 0.001702 
462 0.030908 
463 -0.018137 
464 -0.013034 
465 -0.016705 
466 -0.019927 
467 -0.017490 
468 -0.001846 
469 0.031885 
470 0.023559 
471 0.011256 
472 0.000538 
473 -0.004989 
474 0.013614 
475 -0.019615 
476 -0.002900 
477 -0.027707 
478 0.004345 
479 -0.014502 
480 0.039235 
481 0.019370 
482 0.020450 
483 -0.012847 
484 0.016489 
485 -0.000118 
486 -0.006671 
487 -0.047574 
488 0.002802 
489 0.001233 
490 0.026448 
491 -0.017098 
492 0.034047 
493 0.011913 
494 0.025293 
495 -0.030458 
496 0.009692 
497 -0.011600 
498 -0.001840 
499 -0.041433 
500 0.003676 
501 -0.006833 
502 0.024622 
503 0.001164 
504 0.027306 
505 0.008075 
506 0.021140 
507 -0.024953 
508 0.005455 
509 -0.042241 
510 0.013193 
511 -0.033856 
512 0.026856 
513 -0.036790 
514 0.055399 
515 0.013920 
516 0.056585 
517 -0.046837 
518 0.014573 
519 -0.034161 
520 0.031102 
521 -0.033529 
522 -0.000799 
523 -0.031756 
524 0.037806 
525 0.004790 
526 0.064765 
527 -0.002642 
528 0.027176 
529 -0.026552 
530 0.005793 
531 -0.047557 
532 0.005311 
533 -0.014896 
534 0.021474 
535 -0.004699 
536 0.021073 
537 0.021355 
538 0.028662 
539 0.012420 
540 -0.008796 
541 -0.027790 
542 -0.009115 
543 -0.019042 
544 -0.000818 
545 -0.024380 
546 0.022756 
547 0.014185 
548 0.042655 
549 -0.019351 
550 0.010370 
551 -0.022347 
552 -0.001725 
553 -0.025186 
554 -0.010884 
555 -0.007138 
556 0.007970 
557 0.009389 
558 0.025067 
559 0.009756 
560 0.029423 
561 0.002301 
562 -0.006100 
563 -0.055612 
564 -0.017916 
565 -0.018092 
566 0.031077 
567 -0.005031 
568 0.028492 
569 0.010093 
570 0.039063 
571 0.003556 
572 0.006880 
573 -0.009172 
574 -0.015250 
575 -0.026901 
576 -0.017441 
577 -0.007833 
578 0.019138 
579 0.021589 
580 0.033137 
581 0.011121 
582 0.012472 
583 -0.008729 
584 0.014974 
585 -0.032441 
586 -0.008450 
587 -0.023914 
588 0.027267 
589 -0.007219 
590 0.007752 
591 -0.012550 
592 0.025564 
593 0.003441 
594 -0.001881 
595 -0.028737 
596 0.017579 
597 -0.000210 
598 0.004948 
599 -0.031356 
600 0.016055 
601 -0.006556 
602 0.038439 
603 -0.035049 
604 0.025372 
605 -0.042782 
606 0.030007 
607 -0.029979 
608 0.034547 
609 -0.005639 
610 0.016409 
611 -0.017604 
612 0.010069 
613 0.001938 
614 -0.010265 
615 -0.005121 
616 0.005354 
617 0.015852 
618 0.003538 
619 -0.009272 
620 0.015410 
621 -0.004886 
622 0.010504 
623 -0.008861 
624 0.020256 
625 -0.016638 
626 -0.007010 
627 -0.016279 
628 0.013471 
629 0.007089 
630 0.014747 
631 0.015568 
632 -0.005929 
633 -0.009493 
634 -0.012705 
635 -0.012103 
636 -0.012012 
637 -0.023257 
638 0.015515 
639 0.008626 
640 0.014192 
641 -0.007357 
642 0.024476 
643 0.015095 
644 -0.002767 
645 -0.032360 
646 -0.036768 
647 -0.022744 
648 -0.009306 
649 -0.003941 
650 0.008089 
651 0.024668 
652 0.037961 
653 0.016133 
654 0.009288 
655 -0.023075 
656 -0.019669 
657 -0.041322 
658 -0.023843 
659 -0.010365 
660 0.005629 
661 0.017300 
662 0.023789 
663 0.041294 
664 0.028254 
665 0.018789 
666 -0.020850 
667 -0.025367 
668 -0.051478 
669 -0.022149 
670 -0.008256 
671 0.007713 
672 0.004953 
673 0.013548 
674 0.062396 
675 0.028845 
676 0.005002 
677 -0.028953 
678 -0.027601 
679 -0.024353 
680 -0.024264 
681 -0.012071 
682 -0.007717 
683 0.031080 
684 -0.000437 
685 0.045237 
686 0.001318 
687 0.016450 
688 -0.039105 
689 -0.021427 
690 -0.039050 
691 -0.028551 
692 -0.001384 
693 0.031899 
694 0.031905 
695 -0.002464 
696 0.000114 
697 0.000337 
698 -0.001980 
699 -0.008470 
700 -0.032765 
701 -0.004511 
702 -0.044135 
703 0.025684 
704 0.016842 
705 0.060985 
706 0.007415 
707 0.000827 
708 -0.014003 
709 -0.017154 
710 -0.018912 
711 -0.029836 
712 0.013562 
713 -0.025502 
714 0.031260 
715 0.005196 
716 0.043384 
717 0.003074 
718 -0.006013 
719 -0.006641 
720 -0.013940 
721 0.006722 
722 -0.027603 
723 0.014047 
724 -0.013152 
725 0.031520 
726 -0.009709 
727 0.015438 
728 -0.012307 
729 -0.004177 
730 -0.033032 
731 -0.041730 
732 0.008381 
733 0.028807 
734 0.024870 
735 0.008823 
736 0.000817 
737 0.008009 
738 -0.019185 
739 -0.012063 
740 -0.023667 
741 0.001056 
742 -0.039255 
743 -0.008927 
744 0.000719 
745 0.037207 
746 0.024584 
747 0.025379 
748 -0.000985 
749 -0.016798 
750 -0.018595 
751 0.002095 
752 -0.004640 
753 0.003753 
754 -0.030625 
755 0.009236 
756 -0.001899 
757 0.054962 
758 0.003970 
759 0.004195 
760 -0.053025 
761 0.003762 
762 -0.002219 
763 0.044354 
764 0.002232 
765 0.013339 
766 -0.005402 
767 0.012472 
768 0.006173 
769 0.008591 
770 -0.012488 
771 -0.021777 
772 -0.051391 
773 0.005596 
774 -0.005693 
775 0.041857 
776 -0.000314 
777 0.049881 
778 -0.007630 
779 0.049176 
780 -0.050545 
781 -0.000241 
782 -0.054820 
783 0.016156 
784 -0.044059 
785 0.000760 
786 -0.012679 
787 0.048895 
788 0.024548 
789 0.022732 
790 -0.020171 
791 0.016211 
792 -0.007627 
793 -0.003483 
794 -0.062939 
795 -0.001822 
796 -0.002788 
797 0.039588 
798 0.011517 
799 0.028424 
800 0.001857 
801 -0.000076 
802 -0.009126 
803 0.003101 
804 -0.012801 
805 0.004651 
806 -0.019120 
807 0.017218 
808 -0.007676 
809 0.054541 
810 -0.011310 
811 0.020986 
812 -0.034706 
813 0.020571 
814 -0.022785 
815 -0.015318 
816 -0.029815 
817 0.013821 
818 0.012714 
819 0.019150 
820 0.016696 
821 0.016814 
822 0.010451 
823 0.004885 
824 -0.014610 
825 0.001299 
826 -0.050261 
827 0.003387 
828 -0.035831 
829 0.033926 
830 -0.042222 
831 0.051428 
832 -0.004186 
833 0.049196 
834 -0.030564 
835 0.006941 
836 -0.022619 
837 0.012187 
838 -0.027853 
839 -0.023110 
840 -0.008654 
841 0.041057 
842 -0.004193 
843 0.021473 
844 -0.012081 
845 0.047498 
846 -0.035186 
847 0.030061 
848 -0.045972 
849 0.033973 
850 -0.055234 
851 0.024345 
852 -0.019573 
853 0.047949 
854 -0.022954 
855 0.021930 
856 -0.000074 
857 0.034443 
858 -0.041331 
859 0.008395 
860 -0.009909 
861 0.026546 
862 -0.050972 
863 -0.000526 
864 -0.024050 
865 0.051682 
866 -0.005989 
867 0.049056 
868 -0.024921 
869 0.029678 
870 -0.054972 
871 0.005468 
872 -0.040944 
873 0.005197 
874 -0.023802 
875 -0.009055 
876 -0.007428 
877 0.001219 
878 0.027205 
879 0.035159 
880 0.007201 
881 -0.008253 
882 -0.037137 
883 0.011767 
884 -0.045554 
885 0.014446 
886 -0.030547 
887 0.040977 
888 -0.055576 
889 0.022693 
890 -0.011013 
891 0.042452 
892 -0.025711 
893 -0.003860 
894 -0.011273 
895 0.024177 
896 0.005177 
897 0.001707 
898 -0.008494 
899 -0.008032 
900 -0.001743 
901 0.006832 
902 -0.000434 
903 0.009196 
904 -0.036845 
905 0.025323 
906 -0.016421 
907 0.033866 
908 -0.024511 
909 0.030155 
910 -0.024084 
911 0.036333 
912 -0.041166 
913 0.025911 
914 -0.026715 
915 0.034367 
916 -0.046009 
917 0.020280 
918 -0.027282 
919 0.019885 
920 -0.038598 
921 0.014554 
922 -0.020512 
923 0.021342 
924 0.008060 
925 0.041803 
926 0.001245 
927 -0.013577 
928 -0.008368 
929 0.030223 
930 0.000930 
931 -0.038064 
932 -0.027489 
933 -0.001663 
934 -0.019160 
935 0.015993 
936 0.020315 
937 0.087581 
938 -0.014371 
939 0.012488 
940 -0.037277 
941 0.050156 
942 -0.061272 
943 0.011984 
944 -0.036930 
945 0.050127 
946 -0.037919 
947 0.041457 
948 0.026812 
949 0.063854 
950 0.003423 
951 0.009056 
952 -0.028078 
953 -0.047235 
954 -0.071470 
955 0.010154 
956 0.032295 
957 0.046947 
958 -0.004721 
959 0.039761 
960 0.029337 
961 0.019633 
962 -0.043859 
963 -0.026365 
964 -0.026553 
965 -0.035001 
966 -0.030567 
967 0.022421 
968 0.044765 
969 0.048219 
970 0.019893 
971 0.008377 
972 -0.026459 
973 -0.056227 
974 -0.057817 
975 -0.006919 
976 0.014590 
977 0.018075 
978 0.018716 
979 0.054174 
980 0.036698 
981 0.010321 
982 -0.021647 
983 -0.013336 
984 -0.023966 
985 -0.027606 
986 -0.040235 
987 0.018536 
988 0.053207 
989 0.067192 
990 -0.002632 
991 0.035012 
992 -0.029013 
993 0.020475 
994 -0.060777 
995 0.004620 
996 -0.040073 
997 0.019143 
998 0.004427 
999 0.041597 
1000 0.031624 
1001 0.026073 
1002 0.008159 
1003 -0.036221 
1004 -0.021176 
1005 -0.009248 
1006 0.019834 
1007 -0.014792 
1008 -0.038685 
1009 0.000618 
1010 0.027794 
1011 0.052606 
1012 -0.023842 
1013 0.016671 
1014 -0.020811 
1015 0.018186 
1016 -0.047337 
1017 0.015665 
1018 -0.023936 
1019 0.030530 
1020 -0.031807 
1021 0.034618 
1022 -0.006582 
1023 0.034381 
