0 0.042368 
1 -0.003557 
2 0.051401 
3 0.012635 
4 0.038430 
5 0.007054 
6 -0.008585 
7 -0.022107 
8 -0.063978 
9 -0.051649 
10 -0.060370 
11 0.004512 
12 0.027039 
13 0.071239 
14 0.072798 
15 0.038690 
16 -0.005654 
17 -0.049761 
18 -0.037376 
19 -0.050508 
20 -0.006421 
21 -0.004400 
22 0.038531 
23 0.007469 
24 0.010973 
25 -0.013094 
26 -0.018277 
27 -0.004133 
28 -0.011551 
29 0.018669 
30 0.007298 
31 0.027649 
32 0.002389 
33 -0.002760 
34 -0.021151 
35 -0.029588 
36 -0.005052 
37 -0.003342 
38 0.025100 
39 -0.007558 
40 0.000537 
41 -0.021894 
42 -0.004101 
43 -0.010054 
44 0.002103 
45 0.021130 
46 0.017044 
47 0.014786 
48 -0.008884 
49 -0.007624 
50 -0.009521 
51 -0.010808 
52 0.002730 
53 -0.006638 
54 0.006501 
55 -0.005686 
56 0.012764 
57 -0.003038 
58 0.015561 
59 0.004735 
60 -0.002908 
61 -0.002486 
62 -0.017542 
63 0.008250 
64 0.001229 
65 0.027063 
66 0.017916 
67 0.010515 
68 -0.028921 
69 -0.042315 
70 -0.037148 
71 -0.012614 
72 0.026993 
73 0.037412 
74 0.062870 
75 0.030244 
76 0.029689 
77 -0.014235 
78 -0.027788 
79 -0.035639 
80 -0.042422 
81 -0.026251 
82 -0.031921 
83 0.001537 
84 0.017797 
85 0.051074 
86 0.039125 
87 0.029267 
88 -0.000229 
89 -0.016424 
90 -0.029608 
91 -0.020654 
92 -0.008251 
93 0.010678 
94 0.033487 
95 0.025581 
96 0.023807 
97 -0.011416 
98 -0.023293 
99 -0.052226 
100 -0.042667 
101 -0.019766 
102 0.009159 
103 0.052890 
104 0.059784 
105 0.070696 
106 0.016571 
107 -0.002629 
108 -0.038274 
109 -0.035133 
110 -0.033936 
111 -0.026045 
112 0.004684 
113 -0.005806 
114 0.012100 
115 -0.001796 
116 0.034358 
117 0.027653 
118 0.058675 
119 0.045801 
120 0.033500 
121 -0.017902 
122 -0.062492 
123 -0.078365 
124 -0.071981 
125 -0.032227 
126 0.016200 
127 0.064894 
128 0.105220 
129 0.093843 
130 0.054179 
131 -0.009775 
132 -0.053282 
133 -0.080769 
134 -0.064854 
135 -0.040920 
136 -0.003822 
137 0.030343 
138 0.024772 
139 0.020757 
140 -0.025253 
141 0.000832 
142 -0.017125 
143 0.024900 
144 0.008467 
145 0.058059 
146 0.031156 
147 0.059206 
148 0.020636 
149 0.004800 
150 -0.043232 
151 -0.064074 
152 -0.056040 
153 -0.043613 
154 -0.000024 
155 0.018029 
156 0.052435 
157 0.044892 
158 0.043018 
159 0.018577 
160 0.001040 
161 -0.012171 
162 -0.026461 
163 -0.029919 
164 -0.039818 
165 -0.024738 
166 -0.011513 
167 0.026838 
168 0.033053 
169 0.036305 
170 0.019331 
171 -0.011397 
172 -0.010888 
173 -0.031299 
174 -0.009614 
175 -0.011860 
176 0.012032 
177 0.021393 
178 0.009550 
179 0.002410 
180 -0.018171 
181 -0.009488 
182 -0.033811 
183 -0.002883 
184 -0.018060 
185 0.022457 
186 0.017435 
187 0.037263 
188 0.014615 
189 -0.003789 
190 -0.025662 
191 -0.043846 
192 -0.029185 
193 -0.025647 
194 0.004895 
195 0.009953 
196 0.027005 
197 0.028174 
198 0.005099 
199 0.004987 
200 -0.017766 
201 0.001359 
202 -0.024675 
203 -0.011690 
204 -0.030957 
205 -0.007462 
206 -0.003539 
207 0.019991 
208 0.013045 
209 0.009850 
210 0.000484 
211 -0.014568 
212 -0.021342 
213 -0.025091 
214 -0.013628 
215 -0.001426 
216 0.010433 
217 0.015997 
218 0.003068 
219 0.010545 
220 -0.016950 
221 0.002257 
222 -0.031086 
223 -0.009157 
224 -0.028635 
225 0.014381 
226 0.004000 
227 0.034708 
228 0.019231 
229 0.028453 
230 -0.005230 
231 -0.018958 
232 -0.046904 
233 -0.059311 
234 -0.045172 
235 -0.022677 
236 0.017123 
237 0.038255 
238 0.050441 
239 0.035601 
240 0.024002 
241 -0.006045 
242 -0.016867 
243 -0.032111 
244 -0.036990 
245 -0.034926 
246 -0.023840 
247 -0.018829 
248 0.015671 
249 0.004996 
250 0.040735 
251 0.008100 
252 0.017817 
253 -0.021553 
254 0.000618 
255 -0.003593 
256 0.019615 
257 0.007951 
258 0.004416 
259 -0.003367 
260 -0.022302 
261 -0.021079 
262 -0.032839 
263 -0.008549 
264 -0.008833 
265 0.021185 
266 0.013490 
267 0.040147 
268 0.036998 
269 0.028556 
270 0.008962 
271 -0.019565 
272 -0.039359 
273 -0.057504 
274 -0.040173 
275 -0.026002 
276 0.016816 
277 0.023140 
278 0.058409 
279 0.037473 
280 0.040586 
281 0.005634 
282 -0.014776 
283 -0.035594 
284 -0.042001 
285 -0.031376 
286 -0.022736 
287 0.005197 
288 0.019584 
289 0.042506 
290 0.031116 
291 0.019443 
292 0.001304 
293 -0.019248 
294 -0.020152 
295 -0.028449 
296 -0.004807 
297 0.005062 
298 0.021792 
299 0.022714 
300 0.013170 
301 0.012170 
302 -0.007239 
303 0.007105 
304 -0.021270 
305 -0.005624 
306 -0.030867 
307 -0.005417 
308 -0.004219 
309 0.016410 
310 0.036571 
311 0.025350 
312 0.031976 
313 -0.003234 
314 0.000888 
315 -0.020936 
316 -0.013393 
317 -0.016197 
318 -0.004965 
319 0.012577 
320 0.013877 
321 0.017850 
322 -0.001028 
323 -0.003351 
324 -0.008617 
325 -0.017614 
326 0.001598 
327 0.000341 
328 0.024832 
329 0.003173 
330 0.023768 
331 -0.007186 
332 0.014925 
333 -0.016197 
334 -0.014211 
335 -0.026053 
336 -0.016878 
337 0.000665 
338 0.009777 
339 0.033189 
340 0.021925 
341 0.034143 
342 0.005492 
343 0.009351 
344 -0.009923 
345 -0.016648 
346 -0.027163 
347 -0.030913 
348 -0.016283 
349 -0.000537 
350 0.017506 
351 0.031147 
352 0.035002 
353 0.007547 
354 0.001979 
355 -0.023748 
356 -0.013542 
357 -0.020727 
358 -0.006557 
359 -0.001449 
360 0.009948 
361 0.021427 
362 0.018249 
363 0.014734 
364 -0.007625 
365 -0.010578 
366 -0.033756 
367 -0.020681 
368 -0.018386 
369 0.008223 
370 0.014728 
371 0.034326 
372 0.022829 
373 0.016082 
374 -0.008122 
375 -0.014324 
376 -0.039598 
377 -0.025484 
378 -0.034262 
379 0.004888 
380 -0.001700 
381 0.029308 
382 0.007102 
383 0.019093 
384 0.007375 
385 0.009901 
386 0.010363 
387 -0.012666 
388 -0.015862 
389 -0.036735 
390 -0.006444 
391 -0.016709 
392 0.019772 
393 0.005422 
394 0.027576 
395 0.001812 
396 0.003295 
397 -0.013923 
398 -0.009548 
399 -0.006702 
400 -0.004889 
401 0.000632 
402 -0.005398 
403 -0.004798 
404 -0.015146 
405 -0.014049 
406 -0.001499 
407 -0.004738 
408 0.017412 
409 0.007399 
410 0.028339 
411 0.002209 
412 -0.006712 
413 -0.032218 
414 -0.016382 
415 -0.023398 
416 -0.007298 
417 -0.007694 
418 0.000216 
419 0.011577 
420 0.012640 
421 0.020127 
422 0.015106 
423 0.017123 
424 -0.004485 
425 -0.019843 
426 -0.037299 
427 -0.042907 
428 -0.028988 
429 -0.028739 
430 0.008908 
431 0.008199 
432 0.051537 
433 0.040027 
434 0.058364 
435 0.007184 
436 -0.009468 
437 -0.055963 
438 -0.042002 
439 -0.040359 
440 -0.013304 
441 -0.003594 
442 0.008511 
443 0.008891 
444 0.019068 
445 0.017891 
446 0.018806 
447 0.006340 
448 0.000757 
449 -0.010461 
450 -0.007181 
451 -0.006550 
452 0.000091 
453 0.008876 
454 -0.004682 
455 0.001976 
456 -0.028873 
457 0.000308 
458 -0.015302 
459 0.014312 
460 0.001802 
461 0.018647 
462 0.022111 
463 0.025547 
464 0.015391 
465 -0.011134 
466 -0.008206 
467 -0.036788 
468 -0.006523 
469 -0.032426 
470 0.005618 
471 -0.015570 
472 0.020157 
473 0.013834 
474 0.036894 
475 0.024777 
476 0.021317 
477 -0.008277 
478 -0.019650 
479 -0.035442 
480 -0.028073 
481 -0.014230 
482 0.009613 
483 0.021941 
484 0.022606 
485 0.009477 
486 -0.002989 
487 -0.003836 
488 -0.003438 
489 -0.003125 
490 0.002080 
491 0.010772 
492 0.018955 
493 0.021542 
494 0.006555 
495 0.004147 
496 -0.018888 
497 -0.014092 
498 -0.024399 
499 -0.008728 
500 -0.014680 
501 0.008447 
502 0.004895 
503 0.027977 
504 0.027267 
505 0.032114 
506 0.034467 
507 0.015337 
508 -0.004154 
509 -0.043337 
510 -0.035592 
511 -0.045051 
512 -0.001857 
513 -0.005446 
514 0.037413 
515 0.029644 
516 0.037962 
517 0.015403 
518 -0.005017 
519 -0.019414 
520 -0.018095 
521 -0.009377 
522 0.003305 
523 0.007240 
524 0.011125 
525 0.003342 
526 0.006105 
527 -0.006038 
528 -0.001347 
529 -0.009197 
530 -0.003692 
531 0.001269 
532 -0.004152 
533 0.015656 
534 0.001225 
535 0.038625 
536 0.012692 
537 0.031188 
538 -0.029232 
539 -0.015526 
540 -0.058893 
541 -0.012620 
542 -0.021510 
543 0.021657 
544 0.022326 
545 0.043528 
546 0.041226 
547 0.011310 
548 -0.000480 
549 -0.042000 
550 -0.021388 
551 -0.046823 
552 0.000113 
553 -0.006307 
554 0.036556 
555 0.018585 
556 0.035822 
557 0.019278 
558 0.012849 
559 -0.013778 
560 -0.026155 
561 -0.032515 
562 -0.036156 
563 -0.015905 
564 0.001900 
565 0.032505 
566 0.037637 
567 0.028269 
568 0.008876 
569 -0.002272 
570 -0.014615 
571 -0.020700 
572 -0.034744 
573 -0.030315 
574 -0.016996 
575 0.004609 
576 0.004463 
577 0.034542 
578 0.005864 
579 0.032730 
580 -0.005533 
581 0.018767 
582 -0.015122 
583 -0.002024 
584 -0.018430 
585 -0.006410 
586 -0.010389 
587 -0.007533 
588 0.010203 
589 -0.003507 
590 0.008138 
591 -0.018261 
592 -0.000036 
593 -0.010787 
594 0.021362 
595 0.007430 
596 0.029814 
597 -0.001105 
598 -0.004184 
599 -0.030449 
600 -0.021158 
601 -0.027776 
602 -0.000374 
603 -0.002564 
604 0.028038 
605 0.013278 
606 0.022434 
607 -0.007839 
608 -0.003156 
609 -0.012677 
610 -0.012883 
611 -0.009683 
612 -0.016208 
613 0.001942 
614 -0.020182 
615 0.010492 
616 -0.016182 
617 0.030458 
618 0.003070 
619 0.038157 
620 -0.016686 
621 -0.016423 
622 -0.050776 
623 -0.028049 
624 -0.010354 
625 0.017363 
626 0.036322 
627 0.028367 
628 0.031210 
629 -0.004052 
630 -0.008134 
631 -0.038530 
632 -0.025364 
633 -0.034046 
634 -0.006587 
635 -0.006242 
636 0.021517 
637 0.017262 
638 0.029347 
639 0.018122 
640 0.015468 
641 -0.004914 
642 -0.007149 
643 -0.021436 
644 -0.019835 
645 -0.028651 
646 -0.022375 
647 -0.000511 
648 0.013768 
649 0.032044 
650 0.018340 
651 0.010741 
652 -0.020943 
653 -0.005918 
654 -0.022630 
655 0.006616 
656 -0.012200 
657 0.019489 
658 0.004666 
659 0.020670 
660 -0.008730 
661 0.006425 
662 -0.019042 
663 -0.012700 
664 -0.015108 
665 -0.005307 
666 0.012836 
667 0.010329 
668 0.016297 
669 -0.005047 
670 0.000690 
671 -0.014468 
672 0.004834 
673 -0.008201 
674 0.001359 
675 0.001153 
676 0.012085 
677 0.011022 
678 0.019184 
679 -0.001494 
680 -0.007642 
681 -0.035944 
682 -0.026773 
683 -0.028355 
684 0.006344 
685 0.013582 
686 0.041019 
687 0.030804 
688 0.036516 
689 0.014112 
690 -0.009394 
691 -0.018494 
692 -0.045270 
693 -0.024058 
694 -0.053453 
695 -0.007584 
696 -0.010431 
697 0.059326 
698 0.045144 
699 0.074802 
700 0.033475 
701 0.026606 
702 -0.028027 
703 -0.056209 
704 -0.069352 
705 -0.059791 
706 -0.012681 
707 0.006633 
708 0.050145 
709 0.037208 
710 0.050675 
711 -0.000738 
712 0.003481 
713 -0.025109 
714 -0.003451 
715 -0.012036 
716 0.005998 
717 -0.003810 
718 -0.010728 
719 -0.014157 
720 -0.015616 
721 0.006125 
722 -0.000932 
723 0.026852 
724 0.004121 
725 0.021382 
726 -0.010937 
727 0.007995 
728 -0.012716 
729 0.005979 
730 -0.006840 
731 0.008803 
732 -0.001479 
733 -0.001380 
734 -0.020905 
735 -0.017404 
736 -0.028848 
737 0.000130 
738 0.001657 
739 0.031430 
740 0.024531 
741 0.019406 
742 -0.004865 
743 -0.021781 
744 -0.037755 
745 -0.032176 
746 -0.012784 
747 -0.005351 
748 0.033350 
749 0.020822 
750 0.036636 
751 0.001544 
752 0.005780 
753 -0.019027 
754 -0.010865 
755 -0.024959 
756 -0.013209 
757 -0.021536 
758 -0.003334 
759 0.010069 
760 0.028959 
761 0.015426 
762 0.017711 
763 0.001030 
764 -0.005568 
765 -0.021668 
766 -0.026680 
767 -0.014519 
768 -0.017098 
769 0.003478 
770 -0.003549 
771 0.030751 
772 0.007533 
773 0.035363 
774 -0.003737 
775 0.007092 
776 -0.038435 
777 -0.023772 
778 -0.028621 
779 0.003304 
780 0.014710 
781 0.025182 
782 0.028300 
783 0.012461 
784 -0.001090 
785 -0.037881 
786 -0.026663 
787 -0.039330 
788 -0.003062 
789 0.005723 
790 0.043000 
791 0.031645 
792 0.030167 
793 -0.002549 
794 -0.008382 
795 -0.029722 
796 -0.028487 
797 -0.026435 
798 -0.021010 
799 -0.008529 
800 -0.006624 
801 0.016547 
802 0.022364 
803 0.040502 
804 0.022574 
805 0.013753 
806 -0.019577 
807 -0.022117 
808 -0.042662 
809 -0.016577 
810 -0.012648 
811 0.027231 
812 0.017084 
813 0.042846 
814 -0.006929 
815 -0.001730 
816 -0.041263 
817 -0.013365 
818 -0.014713 
819 0.016170 
820 0.030985 
821 0.029768 
822 0.033359 
823 -0.021163 
824 -0.004790 
825 -0.055937 
826 -0.007961 
827 -0.020695 
828 0.031947 
829 0.018210 
830 0.034711 
831 0.011687 
832 0.018841 
833 -0.004191 
834 0.000477 
835 0.000903 
836 0.007628 
837 -0.013614 
838 -0.011323 
839 -0.028675 
840 -0.003461 
841 -0.008138 
842 0.031164 
843 0.024931 
844 0.044562 
845 0.009984 
846 0.011066 
847 -0.017344 
848 -0.028153 
849 -0.019161 
850 -0.023238 
851 0.014171 
852 0.002924 
853 0.028937 
854 -0.003728 
855 0.001759 
856 -0.013195 
857 0.003089 
858 0.002289 
859 0.010010 
860 0.023260 
861 0.003934 
862 0.014832 
863 -0.021729 
864 0.019694 
865 -0.017515 
866 0.021812 
867 -0.023104 
868 0.023215 
869 -0.020834 
870 0.034958 
871 -0.000423 
872 0.021984 
873 -0.022603 
874 -0.014382 
875 -0.015567 
876 -0.003344 
877 0.009080 
878 0.017428 
879 0.023851 
880 0.009010 
881 0.001433 
882 0.001084 
883 0.008084 
884 0.010749 
885 -0.000932 
886 0.003252 
887 -0.000503 
888 -0.016697 
889 -0.008530 
890 -0.015534 
891 0.014736 
892 0.007090 
893 0.037057 
894 0.025482 
895 0.034458 
896 -0.008505 
897 -0.022814 
898 -0.041832 
899 -0.035754 
900 -0.007623 
901 0.000709 
902 0.035928 
903 0.024349 
904 0.045056 
905 0.007047 
906 0.020264 
907 -0.044016 
908 0.001979 
909 -0.034723 
910 0.013302 
911 -0.013542 
912 0.011673 
913 -0.000670 
914 0.025001 
915 0.008991 
916 0.019084 
917 -0.003856 
918 -0.004905 
919 -0.028090 
920 -0.020267 
921 -0.028094 
922 0.024403 
923 0.035300 
924 0.067182 
925 0.041339 
926 0.018151 
927 -0.035580 
928 -0.079519 
929 -0.083951 
930 -0.063454 
931 0.003014 
932 0.029164 
933 0.086868 
934 0.056787 
935 0.067896 
936 -0.009878 
937 -0.005836 
938 -0.059182 
939 -0.016364 
940 -0.034940 
941 -0.013825 
942 -0.024301 
943 0.000451 
944 0.003764 
945 0.010985 
946 0.022733 
947 0.010968 
948 0.031779 
949 0.005704 
950 0.001415 
951 -0.042414 
952 -0.022361 
953 -0.014898 
954 0.019733 
955 0.016665 
956 0.027424 
957 -0.003342 
958 -0.015092 
959 -0.053089 
960 -0.017898 
961 -0.028312 
962 0.023570 
963 0.018941 
964 0.051098 
965 0.045882 
966 0.032789 
967 0.008662 
968 -0.034767 
969 -0.049781 
970 -0.085647 
971 -0.039817 
972 -0.031955 
973 0.049858 
974 0.042815 
975 0.083428 
976 0.037529 
977 0.023912 
978 -0.018212 
979 -0.043377 
980 -0.055273 
981 -0.074352 
982 -0.024754 
983 -0.027636 
984 0.052752 
985 0.023529 
986 0.073214 
987 0.012380 
988 0.028145 
989 -0.027828 
990 -0.015040 
991 -0.050639 
992 -0.029731 
993 -0.031036 
994 -0.013300 
995 0.000714 
996 0.026721 
997 0.043686 
998 0.050045 
999 0.026082 
1000 -0.001586 
1001 -0.027744 
1002 -0.030580 
1003 -0.036256 
1004 -0.021417 
1005 -0.005412 
1006 0.013903 
1007 0.030312 
1008 0.013132 
1009 0.008599 
1010 -0.034227 
1011 -0.029236 
1012 -0.035640 
1013 0.008236 
1014 0.016989 
1015 0.043670 
1016 0.040160 
1017 0.020410 
1018 -0.001789 
1019 -0.047279 
1020 -0.027773 
1021 -0.055268 
1022 0.005765 
1023 -0.030277 
