0 0.689530 
1 -0.144636 
2 -0.021529 
3 0.106850 
4 -0.052390 
5 0.034531 
6 0.018595 
7 -0.076162 
8 -0.052034 
9 0.021563 
10 0.001981 
11 0.024525 
12 -0.008596 
13 -0.017705 
14 -0.041779 
15 -0.051022 
16 0.005660 
17 0.036164 
18 -0.012659 
19 0.000420 
20 0.022849 
21 -0.048433 
22 0.024980 
23 0.032735 
24 -0.025566 
25 0.012568 
26 0.014373 
27 -0.031671 
28 0.013297 
29 -0.006596 
30 0.034041 
31 0.008891 
32 -0.003772 
33 -0.004751 
34 -0.006029 
35 -0.037974 
36 -0.000313 
37 0.011137 
38 -0.037660 
39 0.052519 
40 -0.043376 
41 0.044912 
42 -0.077500 
43 0.073606 
44 -0.098297 
45 0.027551 
46 -0.012274 
47 -0.009753 
48 0.032615 
49 -0.000971 
50 0.033604 
51 0.033680 
52 -0.048932 
53 0.061619 
54 -0.055547 
55 0.002121 
56 0.059303 
57 -0.046828 
58 0.017649 
59 -0.000457 
60 -0.007264 
61 -0.058792 
62 0.033880 
63 -0.026916 
64 0.000191 
65 -0.026352 
66 -0.021724 
67 -0.051264 
68 -0.042512 
69 0.032308 
70 -0.012019 
71 0.022765 
72 0.033749 
73 -0.059005 
74 -0.011692 
75 -0.065039 
76 0.057522 
77 -0.006313 
78 0.056334 
79 0.049782 
80 -0.022708 
81 0.010191 
82 -0.043072 
83 0.022450 
84 0.040628 
85 0.001406 
86 0.066198 
87 -0.082187 
88 0.003537 
89 -0.022743 
90 -0.005126 
91 0.053662 
92 0.023717 
93 0.012160 
94 0.002041 
95 -0.045065 
96 -0.026294 
97 0.022553 
98 -0.006095 
99 0.067963 
100 0.057871 
101 0.002290 
102 0.035552 
103 -0.016803 
104 -0.011372 
105 0.008668 
106 0.026527 
107 0.039442 
108 0.005476 
109 0.038184 
110 -0.048218 
111 -0.000564 
112 -0.025718 
113 -0.000708 
114 0.002059 
115 -0.051571 
116 0.012812 
117 -0.122059 
118 0.037835 
119 -0.033196 
120 0.001124 
121 0.004442 
122 0.015283 
123 -0.051628 
124 0.010801 
125 0.009453 
126 -0.034475 
127 0.046581 
128 -0.040083 
129 0.037827 
130 0.001100 
131 0.034145 
132 0.022133 
133 -0.001702 
134 -0.028145 
135 -0.037908 
136 -0.009782 
137 -0.002964 
138 -0.003364 
139 0.042631 
140 -0.073234 
141 -0.015756 
142 -0.053503 
143 -0.014002 
144 0.017282 
145 -0.022806 
146 0.034919 
147 -0.030461 
148 -0.042008 
149 0.003124 
150 -0.007996 
151 -0.018451 
152 0.039049 
153 0.058648 
154 -0.027987 
155 0.046814 
156 -0.028234 
157 -0.057810 
158 0.045319 
159 0.010238 
160 0.034626 
161 0.042903 
162 0.012337 
163 -0.059923 
164 -0.046810 
165 -0.035729 
166 -0.010932 
167 0.016286 
168 0.028639 
169 0.001768 
170 -0.045920 
171 -0.035660 
172 0.024628 
173 -0.053239 
174 0.080692 
175 0.011515 
176 0.024163 
177 -0.026537 
178 0.013807 
179 -0.028034 
180 0.021595 
181 0.025338 
182 0.049611 
183 0.018502 
184 -0.014570 
185 0.020226 
186 -0.057914 
187 -0.029629 
188 0.025610 
189 -0.007106 
190 0.013044 
191 0.029429 
192 -0.021247 
193 0.014214 
194 -0.044513 
195 0.013003 
196 -0.049903 
197 0.044917 
198 -0.010602 
199 0.046390 
200 -0.035598 
201 0.047551 
202 -0.023352 
203 -0.008838 
204 0.024134 
205 0.012857 
206 0.032274 
207 -0.000106 
208 0.037814 
209 -0.044766 
210 -0.000311 
211 -0.004055 
212 -0.005079 
213 -0.003699 
214 0.045905 
215 -0.077105 
216 0.005487 
217 -0.076415 
218 0.022528 
219 -0.062535 
220 0.066262 
221 -0.017813 
222 0.042021 
223 -0.013120 
224 -0.020649 
225 -0.019622 
226 -0.022876 
227 0.021762 
228 0.040196 
229 0.020013 
230 0.021169 
231 -0.064424 
232 -0.002418 
233 -0.031221 
234 0.050705 
235 0.046718 
236 0.046889 
237 0.004951 
238 -0.028957 
239 -0.020339 
240 -0.051059 
241 0.061953 
242 -0.008610 
243 0.077483 
244 -0.011332 
245 -0.019457 
246 -0.011745 
247 -0.043453 
248 -0.052304 
249 0.067169 
250 -0.040336 
251 0.069134 
252 -0.012111 
253 0.028803 
254 -0.056566 
255 0.005829 
256 -0.029612 
257 0.028552 
258 -0.006292 
259 0.038684 
260 -0.011658 
261 -0.062155 
262 0.018733 
263 -0.056509 
264 0.009932 
265 0.016741 
266 -0.007410 
267 -0.014593 
268 -0.021421 
269 -0.015089 
270 0.011810 
271 0.013349 
272 0.035867 
273 0.021442 
274 0.009270 
275 0.022129 
276 -0.022610 
277 -0.044392 
278 0.003675 
279 -0.028409 
280 -0.006890 
281 0.040393 
282 -0.003356 
283 0.018426 
284 -0.059497 
285 0.017057 
286 -0.073563 
287 0.037003 
288 0.031914 
289 0.026585 
290 -0.013645 
291 -0.024220 
292 0.008919 
293 -0.054236 
294 0.006733 
295 0.056517 
296 -0.019055 
297 0.023221 
298 0.007729 
299 -0.067045 
300 0.003735 
301 -0.030701 
302 0.067594 
303 0.002214 
304 0.058330 
305 -0.009888 
306 -0.016960 
307 -0.075623 
308 0.060835 
309 -0.078005 
310 0.028755 
311 0.084400 
312 -0.063631 
313 0.055811 
314 -0.013898 
315 -0.040249 
316 0.045803 
317 -0.017268 
318 0.077928 
319 -0.016338 
320 0.028255 
321 -0.000237 
322 -0.021871 
323 0.003867 
324 0.048291 
325 -0.000835 
326 0.019466 
327 -0.002952 
328 -0.031096 
329 -0.029070 
330 -0.046828 
331 0.018931 
332 -0.001552 
333 0.032175 
334 0.039797 
335 0.006395 
336 -0.028211 
337 -0.000995 
338 -0.018733 
339 0.015979 
340 -0.002829 
341 0.063787 
342 -0.024768 
343 0.030394 
344 -0.016586 
345 -0.030558 
346 0.004105 
347 0.005387 
348 0.041215 
349 -0.001555 
350 0.010187 
351 0.021799 
352 -0.057115 
353 -0.006449 
354 -0.024371 
355 -0.043127 
356 0.050722 
357 -0.012124 
358 -0.027087 
359 -0.013885 
360 -0.070052 
361 -0.025860 
362 0.012960 
363 0.006792 
364 0.067927 
365 -0.018189 
366 0.021909 
367 -0.000656 
368 -0.041803 
369 0.061991 
370 -0.007283 
371 0.022365 
372 0.044084 
373 -0.012342 
374 -0.003317 
375 -0.004565 
376 -0.044176 
377 0.003894 
378 0.015167 
379 -0.003341 
380 0.010893 
381 -0.029882 
382 -0.034834 
383 -0.021060 
384 0.004530 
385 0.026897 
386 0.046406 
387 0.025725 
388 0.016121 
389 -0.054571 
390 -0.007760 
391 -0.010315 
392 0.040483 
393 0.037631 
394 0.064617 
395 -0.002424 
396 0.004951 
397 -0.016664 
398 -0.022197 
399 0.042181 
400 -0.039780 
401 0.047630 
402 -0.004440 
403 -0.019794 
404 -0.020202 
405 -0.022548 
406 -0.067090 
407 0.013425 
408 -0.034899 
409 0.010666 
410 0.000831 
411 -0.026246 
412 -0.003592 
413 -0.054960 
414 0.017270 
415 0.028702 
416 0.034556 
417 0.008677 
418 0.043796 
419 -0.059873 
420 0.038900 
421 -0.010466 
422 0.008384 
423 0.025680 
424 0.037428 
425 0.004473 
426 -0.013658 
427 0.019305 
428 -0.045643 
429 -0.004910 
430 0.024604 
431 0.007031 
432 0.035118 
433 -0.013271 
434 -0.003311 
435 -0.018691 
436 -0.052827 
437 0.060749 
438 -0.032960 
439 0.048680 
440 -0.008065 
441 0.016382 
442 -0.043174 
443 0.006004 
444 0.000727 
445 0.037085 
446 0.036758 
447 0.053107 
448 0.007119 
449 -0.024023 
450 -0.030610 
451 -0.007492 
452 -0.015208 
453 0.029102 
454 0.020455 
455 0.019591 
456 -0.026208 
457 -0.023742 
458 -0.033230 
459 -0.051641 
460 0.047506 
461 0.024388 
462 0.006238 
463 -0.002442 
464 -0.006631 
465 -0.047491 
466 0.041916 
467 0.010338 
468 0.014663 
469 0.026571 
470 0.004437 
471 -0.029459 
472 0.002996 
473 -0.045474 
474 0.037484 
475 -0.025573 
476 0.051696 
477 0.018590 
478 0.009638 
479 -0.044688 
480 0.008606 
481 -0.063097 
482 0.027103 
483 0.009535 
484 0.012506 
485 0.025217 
486 -0.036581 
487 -0.022652 
488 -0.042510 
489 -0.041721 
490 0.052107 
491 0.020759 
492 -0.016953 
493 0.057535 
494 -0.049574 
495 0.026380 
496 -0.007627 
497 0.044993 
498 -0.018686 
499 0.045275 
500 -0.033127 
501 0.035195 
502 -0.053513 
503 -0.032307 
504 0.015362 
505 -0.084029 
506 0.100085 
507 0.005325 
508 -0.000415 
509 0.011618 
510 -0.077150 
511 -0.014484 
512 -0.001212 
513 -0.016791 
514 0.084202 
515 -0.015624 
516 0.017886 
517 -0.010320 
518 -0.059152 
519 0.016535 
520 0.021119 
521 0.012068 
522 0.048463 
523 -0.002772 
524 -0.005783 
525 0.001968 
526 -0.024316 
527 0.037754 
528 0.014997 
529 0.006844 
530 0.069171 
531 -0.031356 
532 -0.017265 
533 -0.012943 
534 -0.043740 
535 -0.007905 
536 0.075155 
537 0.035613 
538 0.001602 
539 0.010108 
540 -0.028594 
541 -0.054252 
542 0.021745 
543 0.022758 
544 0.052640 
545 0.020779 
546 0.028643 
547 -0.040712 
548 -0.030061 
549 -0.021692 
550 -0.000625 
551 -0.015720 
552 0.017924 
553 -0.006812 
554 -0.046014 
555 -0.001770 
556 -0.055149 
557 0.028595 
558 -0.007221 
559 0.024118 
560 0.041877 
561 -0.033811 
562 -0.010883 
563 -0.011224 
564 -0.042530 
565 0.036163 
566 0.012686 
567 0.048612 
568 0.013967 
569 0.016048 
570 -0.015362 
571 -0.034485 
572 -0.016902 
573 0.029062 
574 0.009296 
575 0.020926 
576 0.074213 
577 -0.072814 
578 0.022920 
579 -0.019492 
580 -0.041253 
581 0.032649 
582 -0.024212 
583 0.042733 
584 -0.056287 
585 0.022219 
586 -0.026933 
587 -0.008179 
588 0.025400 
589 0.020257 
590 0.017512 
591 0.004504 
592 0.000980 
593 -0.029933 
594 -0.012784 
595 0.028709 
596 0.009173 
597 0.025065 
598 0.033022 
599 -0.037641 
600 -0.005339 
601 -0.057343 
602 -0.039881 
603 0.025126 
604 0.004272 
605 0.036216 
606 0.019566 
607 -0.043754 
608 0.002124 
609 -0.016247 
610 -0.040881 
611 0.100264 
612 -0.028473 
613 0.056486 
614 -0.015044 
615 -0.038066 
616 0.025674 
617 -0.032246 
618 0.046575 
619 0.022232 
620 -0.013079 
621 0.036736 
622 -0.024830 
623 -0.043941 
624 0.046577 
625 -0.047717 
626 0.022578 
627 0.042056 
628 -0.001214 
629 0.017769 
630 -0.019105 
631 -0.042955 
632 0.000129 
633 -0.047842 
634 0.074949 
635 -0.017170 
636 0.038976 
637 0.005904 
638 -0.005713 
639 -0.017456 
640 0.054970 
641 0.015545 
642 0.000045 
643 0.061751 
644 -0.059639 
645 -0.001743 
646 -0.008361 
647 -0.008511 
648 -0.001329 
649 0.010700 
650 -0.016894 
651 0.009540 
652 -0.068802 
653 0.015838 
654 -0.041813 
655 -0.035556 
656 0.014570 
657 0.052275 
658 -0.037578 
659 0.069733 
660 -0.040033 
661 -0.041183 
662 -0.007514 
663 0.000401 
664 0.072086 
665 -0.021854 
666 0.077038 
667 -0.036078 
668 -0.037103 
669 0.010940 
670 -0.003196 
671 0.025475 
672 0.042280 
673 0.011273 
674 -0.004611 
675 -0.030224 
676 -0.018878 
677 0.010912 
678 -0.030221 
679 0.052060 
680 0.021893 
681 -0.027672 
682 -0.003751 
683 -0.005625 
684 -0.073462 
685 0.012609 
686 0.047298 
687 0.009196 
688 0.036980 
689 0.028334 
690 -0.030226 
691 -0.030717 
692 0.033844 
693 -0.014681 
694 0.030316 
695 -0.003217 
696 0.013222 
697 -0.034882 
698 -0.061701 
699 0.048173 
700 -0.061551 
701 0.024057 
702 0.047549 
703 -0.022502 
704 0.006051 
705 -0.027282 
706 -0.039714 
707 -0.004471 
708 0.012341 
709 0.042373 
710 0.054881 
711 -0.036078 
712 0.048755 
713 -0.045415 
714 -0.042230 
715 0.031368 
716 0.012303 
717 0.030961 
718 0.057352 
719 0.007155 
720 -0.025754 
721 -0.000269 
722 -0.016758 
723 0.012379 
724 -0.001987 
725 0.063353 
726 0.025623 
727 -0.033621 
728 0.039742 
729 -0.055719 
730 -0.016325 
731 0.013672 
732 0.038725 
733 0.010923 
734 0.014921 
735 -0.000836 
736 -0.078960 
737 0.011039 
738 0.005756 
739 0.032833 
740 -0.007031 
741 0.056827 
742 -0.069666 
743 -0.002621 
744 -0.048309 
745 -0.005147 
746 0.006269 
747 0.013372 
748 0.034943 
749 -0.018831 
750 0.028438 
751 -0.043923 
752 -0.021468 
753 0.045392 
754 -0.013355 
755 0.077427 
756 0.028720 
757 -0.033380 
758 0.005359 
759 -0.048991 
760 -0.039013 
761 0.058398 
762 0.009660 
763 0.039818 
764 -0.006179 
765 -0.056930 
766 -0.029471 
767 -0.034286 
768 -0.018376 
769 0.067493 
770 -0.026762 
771 0.068573 
772 -0.032310 
773 -0.022832 
774 0.035987 
775 -0.083108 
776 0.060684 
777 0.008492 
778 0.010207 
779 0.078649 
780 0.005846 
781 -0.024872 
782 0.045670 
783 -0.048812 
784 0.013346 
785 0.029048 
786 -0.010577 
787 0.013020 
788 -0.003569 
789 -0.056251 
790 0.045230 
791 -0.061921 
792 0.051944 
793 -0.000082 
794 -0.069186 
795 0.042790 
796 -0.073549 
797 -0.050977 
798 0.051410 
799 -0.011367 
800 0.028519 
801 0.060875 
802 -0.008373 
803 -0.025854 
804 0.020639 
805 -0.044057 
806 0.018782 
807 0.048551 
808 0.023045 
809 0.063036 
810 -0.045039 
811 0.001606 
812 -0.025490 
813 -0.038490 
814 0.052111 
815 0.025834 
816 0.008588 
817 0.048064 
818 -0.075900 
819 0.019320 
820 0.004509 
821 -0.044319 
822 0.104851 
823 -0.056102 
824 0.035457 
825 0.061786 
826 -0.106621 
827 0.044625 
828 -0.004386 
829 -0.035652 
830 0.093025 
831 0.003923 
832 0.013282 
833 0.011850 
834 -0.041636 
835 0.009524 
836 0.010580 
837 -0.008108 
838 0.067406 
839 -0.091332 
840 0.038945 
841 -0.022936 
842 -0.015854 
843 0.040508 
844 0.006639 
845 -0.000799 
846 -0.006751 
847 -0.065989 
848 0.030569 
849 -0.080379 
850 0.021880 
851 0.044326 
852 -0.059233 
853 0.089705 
854 0.002005 
855 -0.054635 
856 0.022742 
857 -0.047040 
858 -0.015195 
859 0.021102 
860 0.041043 
861 0.012902 
862 0.043598 
863 -0.037512 
864 0.017050 
865 -0.002417 
866 -0.004436 
867 0.061058 
868 -0.008653 
869 0.004632 
870 0.058531 
871 -0.090872 
872 0.020328 
873 -0.023263 
874 -0.027003 
875 0.001143 
876 -0.021583 
877 0.003879 
878 -0.002074 
879 -0.010241 
880 -0.019339 
881 0.006031 
882 -0.011708 
883 0.062181 
884 -0.003148 
885 0.004148 
886 0.000422 
887 -0.062482 
888 0.003534 
889 0.001699 
890 0.038533 
891 0.021632 
892 -0.003892 
893 -0.060439 
894 -0.022053 
895 0.002654 
896 0.031409 
897 0.014319 
898 -0.003527 
899 0.037299 
900 -0.091106 
901 -0.008223 
902 -0.024809 
903 0.008729 
904 0.023453 
905 0.047527 
906 0.054302 
907 -0.030342 
908 0.061180 
909 -0.077435 
910 -0.036600 
911 0.070540 
912 0.052170 
913 0.029409 
914 0.095519 
915 0.028762 
916 0.018239 
917 -0.030925 
918 -0.016831 
919 -0.017559 
920 -0.027650 
921 0.083766 
922 -0.071090 
923 0.047015 
924 -0.005645 
925 -0.014669 
926 0.054003 
927 -0.028065 
928 -0.003738 
929 0.016070 
930 -0.090539 
931 0.020185 
932 0.082427 
933 -0.017099 
934 0.079811 
935 0.000851 
936 -0.011062 
937 -0.002088 
938 -0.073520 
939 -0.026147 
940 -0.089313 
941 0.061449 
942 -0.020521 
943 0.062736 
944 0.037543 
945 -0.009715 
946 -0.007224 
947 -0.049641 
948 -0.018755 
949 -0.034875 
950 0.022285 
951 -0.008202 
952 0.007381 
953 -0.024754 
954 0.016573 
955 -0.047215 
956 -0.010155 
957 0.001388 
958 0.070818 
959 -0.038461 
960 0.066125 
961 -0.053429 
962 -0.004152 
963 -0.013788 
964 0.036653 
965 0.039900 
966 0.018872 
967 0.034849 
968 -0.099529 
969 0.015527 
970 -0.113283 
971 0.042375 
972 -0.042795 
973 0.050409 
974 0.014309 
975 0.053308 
976 -0.066589 
977 0.087959 
978 -0.073773 
979 0.043040 
980 -0.006542 
981 -0.009266 
982 0.005335 
983 -0.013670 
984 -0.029403 
985 -0.039769 
986 0.015852 
987 0.013872 
988 -0.033488 
989 -0.007876 
990 0.004240 
991 -0.078313 
992 0.036368 
993 0.037177 
994 0.040559 
995 0.110311 
996 -0.023545 
997 0.003426 
998 -0.002412 
999 -0.074829 
1000 -0.047614 
1001 -0.078070 
1002 -0.003757 
1003 0.062011 
1004 0.076690 
1005 0.073061 
1006 0.079410 
1007 0.014506 
1008 0.011831 
1009 -0.153275 
1010 -0.026334 
1011 0.106787 
1012 0.011091 
1013 -0.011318 
1014 0.056236 
1015 -0.055425 
1016 -0.047719 
1017 -0.045875 
1018 0.076713 
1019 0.049004 
1020 0.006707 
1021 -0.034681 
1022 0.088339 
1023 0.256013 
