0 0.000341 
1 0.000357 
2 0.000325 
3 0.000281 
4 0.000248 
5 0.000219 
6 0.000184 
7 0.000153 
8 0.000185 
9 0.000240 
10 0.000263 
11 0.000265 
12 0.000269 
13 0.000276 
14 0.000283 
15 0.000308 
16 0.000326 
17 0.000317 
18 0.000288 
19 0.000294 
20 0.000337 
21 0.000364 
22 0.000394 
23 0.000415 
24 0.000399 
25 0.000335 
26 0.000262 
27 0.000217 
28 0.000174 
29 0.000120 
30 0.000090 
31 0.000130 
32 0.000214 
33 0.000298 
34 0.000369 
35 0.000431 
36 0.000438 
37 0.000387 
38 0.000297 
39 0.000209 
40 0.000126 
41 0.000055 
42 0.000014 
43 0.000018 
44 0.000064 
45 0.000119 
46 0.000163 
47 0.000225 
48 0.000278 
49 0.000320 
50 0.000358 
51 0.000367 
52 0.000319 
53 0.000225 
54 0.000113 
55 0.000002 
56 -0.000078 
57 -0.000063 
58 0.000022 
59 0.000126 
60 0.000228 
61 0.000318 
62 0.000362 
63 0.000344 
64 0.000270 
65 0.000192 
66 0.000146 
67 0.000090 
68 0.000018 
69 -0.000005 
70 -0.000008 
71 -0.000022 
72 -0.000018 
73 0.000092 
74 0.000297 
75 0.000438 
76 0.000458 
77 0.000410 
78 0.000260 
79 0.000008 
80 -0.000252 
81 -0.000394 
82 -0.000381 
83 -0.000268 
84 -0.000048 
85 0.000244 
86 0.000439 
87 0.000452 
88 0.000371 
89 0.000246 
90 0.000116 
91 -0.000002 
92 -0.000019 
93 -0.000008 
94 -0.000068 
95 -0.000191 
96 -0.000279 
97 -0.000291 
98 -0.000264 
99 -0.000181 
100 0.000068 
101 0.000396 
102 0.000597 
103 0.000594 
104 0.000451 
105 0.000198 
106 -0.000220 
107 -0.000639 
108 -0.000842 
109 -0.000826 
110 -0.000702 
111 -0.000448 
112 -0.000002 
113 0.000370 
114 0.000453 
115 0.000335 
116 0.000197 
117 -0.000024 
118 -0.000373 
119 -0.000637 
120 -0.000671 
121 -0.000594 
122 -0.000511 
123 -0.000332 
124 -0.000080 
125 0.000095 
126 0.000107 
127 0.000086 
128 0.000080 
129 0.000047 
130 0.000022 
131 0.000057 
132 0.000026 
133 -0.000119 
134 -0.000263 
135 -0.000336 
136 -0.000361 
137 -0.000342 
138 -0.000152 
139 0.000235 
140 0.000654 
141 0.000898 
142 0.000817 
143 0.000487 
144 0.000009 
145 -0.000560 
146 -0.000947 
147 -0.000998 
148 -0.000691 
149 -0.000176 
150 0.000324 
151 0.000703 
152 0.000900 
153 0.000852 
154 0.000583 
155 0.000241 
156 -0.000004 
157 -0.000228 
158 -0.000412 
159 -0.000468 
160 -0.000473 
161 -0.000468 
162 -0.000389 
163 -0.000152 
164 0.000148 
165 0.000396 
166 0.000570 
167 0.000667 
168 0.000467 
169 -0.000027 
170 -0.000568 
171 -0.000974 
172 -0.001230 
173 -0.001375 
174 -0.001181 
175 -0.000629 
176 0.000004 
177 0.000555 
178 0.001030 
179 0.001254 
180 0.001077 
181 0.000604 
182 0.000058 
183 -0.000433 
184 -0.000823 
185 -0.001118 
186 -0.001102 
187 -0.000755 
188 -0.000353 
189 -0.000079 
190 0.000116 
191 0.000388 
192 0.000701 
193 0.001047 
194 0.001400 
195 0.001513 
196 0.001209 
197 0.000454 
198 -0.000627 
199 -0.001844 
200 -0.002682 
201 -0.002791 
202 -0.002207 
203 -0.001182 
204 0.000040 
205 0.001165 
206 0.001679 
207 0.001224 
208 0.000203 
209 -0.000766 
210 -0.001559 
211 -0.002223 
212 -0.002450 
213 -0.002076 
214 -0.001591 
215 -0.001371 
216 -0.001105 
217 -0.000769 
218 -0.000591 
219 -0.000687 
220 -0.000793 
221 -0.000857 
222 -0.001307 
223 -0.001882 
224 -0.002162 
225 -0.002180 
226 -0.002186 
227 -0.002018 
228 -0.001378 
229 -0.000730 
230 -0.000244 
231 0.000136 
232 0.000443 
233 0.000184 
234 -0.000595 
235 -0.001468 
236 -0.002256 
237 -0.002997 
238 -0.003428 
239 -0.003164 
240 -0.002213 
241 -0.001006 
242 0.000053 
243 0.000777 
244 0.001055 
245 0.000748 
246 -0.000103 
247 -0.001291 
248 -0.002361 
249 -0.002965 
250 -0.003168 
251 -0.003062 
252 -0.002632 
253 -0.001853 
254 -0.001173 
255 -0.000912 
256 -0.000978 
257 -0.001033 
258 -0.001097 
259 -0.001324 
260 -0.001685 
261 -0.001978 
262 -0.002012 
263 -0.002090 
264 -0.002325 
265 -0.002430 
266 -0.002223 
267 -0.001950 
268 -0.001800 
269 -0.001443 
270 -0.000897 
271 -0.000506 
272 -0.000439 
273 -0.000641 
274 -0.000959 
275 -0.001313 
276 -0.001467 
277 -0.001369 
278 -0.001081 
279 -0.000679 
280 -0.000219 
281 -0.000151 
282 -0.000647 
283 -0.001286 
284 -0.001563 
285 -0.001769 
286 -0.001838 
287 -0.001257 
288 -0.000282 
289 0.000304 
290 0.000323 
291 0.000058 
292 -0.000530 
293 -0.001520 
294 -0.002497 
295 -0.002968 
296 -0.002908 
297 -0.002631 
298 -0.001954 
299 -0.001020 
300 -0.000422 
301 -0.000207 
302 -0.000081 
303 -0.000071 
304 -0.000320 
305 -0.000522 
306 -0.000633 
307 -0.000789 
308 -0.000933 
309 -0.000634 
310 -0.000014 
311 0.000447 
312 0.000837 
313 0.001317 
314 0.001795 
315 0.001981 
316 0.001874 
317 0.001715 
318 0.001528 
319 0.001297 
320 0.000982 
321 0.001104 
322 0.001503 
323 0.001789 
324 0.001721 
325 0.001842 
326 0.002146 
327 0.002206 
328 0.001791 
329 0.001395 
330 0.001074 
331 0.000633 
332 0.000143 
333 -0.000242 
334 -0.000259 
335 0.000066 
336 0.000579 
337 0.001205 
338 0.001737 
339 0.001776 
340 0.001440 
341 0.000981 
342 0.000238 
343 -0.000386 
344 -0.000660 
345 -0.000650 
346 -0.000730 
347 -0.000742 
348 0.000076 
349 0.001479 
350 0.002645 
351 0.003270 
352 0.003588 
353 0.003348 
354 0.002268 
355 0.001126 
356 0.000594 
357 0.000481 
358 0.000532 
359 0.001136 
360 0.002268 
361 0.003038 
362 0.002906 
363 0.002630 
364 0.002516 
365 0.002334 
366 0.002077 
367 0.002273 
368 0.002905 
369 0.003010 
370 0.002405 
371 0.001825 
372 0.001198 
373 0.000027 
374 -0.001041 
375 -0.001191 
376 -0.000611 
377 0.000044 
378 0.000892 
379 0.001897 
380 0.002333 
381 0.001961 
382 0.001469 
383 0.001096 
384 0.000636 
385 0.000114 
386 -0.000096 
387 -0.000050 
388 -0.000151 
389 -0.000185 
390 0.000241 
391 0.000749 
392 0.001114 
393 0.001761 
394 0.002492 
395 0.002490 
396 0.001628 
397 0.000907 
398 0.000644 
399 0.000270 
400 0.000156 
401 0.000907 
402 0.001963 
403 0.002389 
404 0.002358 
405 0.002103 
406 0.001468 
407 0.000435 
408 -0.000374 
409 -0.000580 
410 -0.000538 
411 -0.000816 
412 -0.000739 
413 -0.000265 
414 -0.000051 
415 -0.000113 
416 -0.000041 
417 0.000413 
418 0.000372 
419 0.000170 
420 0.000099 
421 -0.000106 
422 -0.000925 
423 -0.001815 
424 -0.002175 
425 -0.002544 
426 -0.002953 
427 -0.002586 
428 -0.001226 
429 0.000002 
430 0.000545 
431 0.000803 
432 0.001121 
433 0.000744 
434 0.000040 
435 0.000212 
436 0.001106 
437 0.001503 
438 0.001233 
439 0.000833 
440 0.000242 
441 -0.000864 
442 -0.002107 
443 -0.002587 
444 -0.002188 
445 -0.001173 
446 0.000449 
447 0.002293 
448 0.003615 
449 0.003941 
450 0.003432 
451 0.002350 
452 0.000896 
453 -0.000082 
454 -0.000631 
455 -0.000905 
456 -0.001267 
457 -0.001572 
458 -0.001771 
459 -0.001907 
460 -0.001787 
461 -0.001172 
462 -0.000164 
463 0.000851 
464 0.002000 
465 0.002934 
466 0.003134 
467 0.002613 
468 0.001879 
469 0.001200 
470 0.000243 
471 -0.000410 
472 -0.000353 
473 0.000056 
474 0.000172 
475 0.000231 
476 0.000749 
477 0.001339 
478 0.001700 
479 0.002411 
480 0.003495 
481 0.004385 
482 0.004663 
483 0.004582 
484 0.004324 
485 0.003653 
486 0.002620 
487 0.001966 
488 0.001800 
489 0.001687 
490 0.001593 
491 0.001358 
492 0.001174 
493 0.001374 
494 0.001588 
495 0.002078 
496 0.002863 
497 0.003590 
498 0.004435 
499 0.004891 
500 0.004712 
501 0.003895 
502 0.002635 
503 0.001375 
504 0.000472 
505 -0.000111 
506 -0.000306 
507 -0.000112 
508 0.000616 
509 0.001665 
510 0.002888 
511 0.003952 
512 0.004605 
513 0.004799 
514 0.004402 
515 0.003841 
516 0.003421 
517 0.003053 
518 0.002617 
519 0.002233 
520 0.002616 
521 0.003309 
522 0.003579 
523 0.003593 
524 0.003640 
525 0.003707 
526 0.003785 
527 0.004063 
528 0.004258 
529 0.004138 
530 0.003771 
531 0.003818 
532 0.004303 
533 0.004614 
534 0.004949 
535 0.005179 
536 0.004977 
537 0.004200 
538 0.003335 
539 0.002788 
540 0.002284 
541 0.001642 
542 0.001305 
543 0.001737 
544 0.002670 
545 0.003578 
546 0.004334 
547 0.004979 
548 0.005026 
549 0.004435 
550 0.003460 
551 0.002507 
552 0.001630 
553 0.000868 
554 0.000419 
555 0.000444 
556 0.000885 
557 0.001423 
558 0.001856 
559 0.002461 
560 0.002964 
561 0.003364 
562 0.003716 
563 0.003781 
564 0.003290 
565 0.002381 
566 0.001307 
567 0.000261 
568 -0.000478 
569 -0.000352 
570 0.000398 
571 0.001323 
572 0.002207 
573 0.002971 
574 0.003327 
575 0.003145 
576 0.002482 
577 0.001816 
578 0.001410 
579 0.000935 
580 0.000345 
581 0.000156 
582 0.000125 
583 0.000027 
584 0.000060 
585 0.000912 
586 0.002445 
587 0.003471 
588 0.003582 
589 0.003193 
590 0.002081 
591 0.000275 
592 -0.001550 
593 -0.002520 
594 -0.002388 
595 -0.001590 
596 -0.000089 
597 0.001853 
598 0.003122 
599 0.003175 
600 0.002625 
601 0.001799 
602 0.000956 
603 0.000206 
604 0.000108 
605 0.000188 
606 -0.000153 
607 -0.000869 
608 -0.001368 
609 -0.001418 
610 -0.001245 
611 -0.000764 
612 0.000623 
613 0.002420 
614 0.003480 
615 0.003417 
616 0.002613 
617 0.001260 
618 -0.000936 
619 -0.003068 
620 -0.004057 
621 -0.003923 
622 -0.003257 
623 -0.001975 
624 0.000203 
625 0.001977 
626 0.002346 
627 0.001762 
628 0.001093 
629 0.000075 
630 -0.001511 
631 -0.002663 
632 -0.002783 
633 -0.002413 
634 -0.002023 
635 -0.001239 
636 -0.000163 
637 0.000566 
638 0.000603 
639 0.000511 
640 0.000476 
641 0.000347 
642 0.000245 
643 0.000377 
644 0.000259 
645 -0.000288 
646 -0.000821 
647 -0.001092 
648 -0.001176 
649 -0.001095 
650 -0.000400 
651 0.000974 
652 0.002426 
653 0.003234 
654 0.002923 
655 0.001780 
656 0.000158 
657 -0.001727 
658 -0.002967 
659 -0.003106 
660 -0.002095 
661 -0.000455 
662 0.001102 
663 0.002252 
664 0.002827 
665 0.002645 
666 0.001817 
667 0.000787 
668 0.000064 
669 -0.000588 
670 -0.001111 
671 -0.001256 
672 -0.001260 
673 -0.001242 
674 -0.001020 
675 -0.000370 
676 0.000436 
677 0.001082 
678 0.001518 
679 0.001752 
680 0.001223 
681 -0.000045 
682 -0.001394 
683 -0.002384 
684 -0.002988 
685 -0.003303 
686 -0.002804 
687 -0.001469 
688 0.000019 
689 0.001282 
690 0.002348 
691 0.002827 
692 0.002397 
693 0.001317 
694 0.000112 
695 -0.000947 
696 -0.001770 
697 -0.002375 
698 -0.002328 
699 -0.001589 
700 -0.000758 
701 -0.000204 
702 0.000183 
703 0.000719 
704 0.001323 
705 0.001978 
706 0.002630 
707 0.002815 
708 0.002214 
709 0.000781 
710 -0.001222 
711 -0.003428 
712 -0.004901 
713 -0.005045 
714 -0.003972 
715 -0.002149 
716 -0.000021 
717 0.001895 
718 0.002748 
719 0.001957 
720 0.000245 
721 -0.001343 
722 -0.002614 
723 -0.003659 
724 -0.003983 
725 -0.003360 
726 -0.002569 
727 -0.002199 
728 -0.001767 
729 -0.001241 
730 -0.000961 
731 -0.001091 
732 -0.001237 
733 -0.001318 
734 -0.001943 
735 -0.002741 
736 -0.003108 
737 -0.003099 
738 -0.003068 
739 -0.002808 
740 -0.001919 
741 -0.001041 
742 -0.000393 
743 0.000101 
744 0.000496 
745 0.000157 
746 -0.000825 
747 -0.001901 
748 -0.002853 
749 -0.003720 
750 -0.004197 
751 -0.003836 
752 -0.002669 
753 -0.001228 
754 0.000005 
755 0.000826 
756 0.001132 
757 0.000773 
758 -0.000176 
759 -0.001472 
760 -0.002614 
761 -0.003231 
762 -0.003408 
763 -0.003263 
764 -0.002778 
765 -0.001943 
766 -0.001227 
767 -0.000945 
768 -0.000997 
769 -0.001044 
770 -0.001098 
771 -0.001309 
772 -0.001644 
773 -0.001903 
774 -0.001913 
775 -0.001958 
776 -0.002150 
777 -0.002218 
778 -0.002009 
779 -0.001741 
780 -0.001592 
781 -0.001265 
782 -0.000780 
783 -0.000442 
784 -0.000380 
785 -0.000545 
786 -0.000797 
787 -0.001077 
788 -0.001186 
789 -0.001098 
790 -0.000849 
791 -0.000525 
792 -0.000161 
793 -0.000111 
794 -0.000486 
795 -0.000959 
796 -0.001156 
797 -0.001293 
798 -0.001331 
799 -0.000899 
800 -0.000192 
801 0.000231 
802 0.000246 
803 0.000060 
804 -0.000340 
805 -0.001003 
806 -0.001647 
807 -0.001938 
808 -0.001882 
809 -0.001683 
810 -0.001231 
811 -0.000622 
812 -0.000238 
813 -0.000099 
814 -0.000019 
815 -0.000013 
816 -0.000161 
817 -0.000284 
818 -0.000350 
819 -0.000438 
820 -0.000517 
821 -0.000338 
822 0.000018 
823 0.000280 
824 0.000496 
825 0.000756 
826 0.001004 
827 0.001090 
828 0.001020 
829 0.000922 
830 0.000813 
831 0.000684 
832 0.000520 
833 0.000574 
834 0.000771 
835 0.000904 
836 0.000862 
837 0.000911 
838 0.001047 
839 0.001063 
840 0.000856 
841 0.000662 
842 0.000504 
843 0.000293 
844 0.000073 
845 -0.000098 
846 -0.000103 
847 0.000043 
848 0.000263 
849 0.000524 
850 0.000737 
851 0.000742 
852 0.000592 
853 0.000397 
854 0.000097 
855 -0.000148 
856 -0.000255 
857 -0.000245 
858 -0.000271 
859 -0.000270 
860 0.000037 
861 0.000550 
862 0.000963 
863 0.001171 
864 0.001266 
865 0.001164 
866 0.000774 
867 0.000373 
868 0.000188 
869 0.000153 
870 0.000172 
871 0.000371 
872 0.000734 
873 0.000969 
874 0.000912 
875 0.000813 
876 0.000763 
877 0.000696 
878 0.000611 
879 0.000663 
880 0.000843 
881 0.000866 
882 0.000685 
883 0.000512 
884 0.000329 
885 -0.000004 
886 -0.000300 
887 -0.000342 
888 -0.000183 
889 -0.000009 
890 0.000213 
891 0.000472 
892 0.000581 
893 0.000481 
894 0.000353 
895 0.000257 
896 0.000141 
897 0.000011 
898 -0.000040 
899 -0.000032 
900 -0.000056 
901 -0.000065 
902 0.000031 
903 0.000145 
904 0.000224 
905 0.000367 
906 0.000523 
907 0.000518 
908 0.000328 
909 0.000171 
910 0.000115 
911 0.000036 
912 0.000011 
913 0.000161 
914 0.000369 
915 0.000447 
916 0.000437 
917 0.000382 
918 0.000257 
919 0.000060 
920 -0.000089 
921 -0.000126 
922 -0.000118 
923 -0.000159 
924 -0.000143 
925 -0.000060 
926 -0.000024 
927 -0.000036 
928 -0.000024 
929 0.000051 
930 0.000044 
931 0.000010 
932 -0.000004 
933 -0.000038 
934 -0.000164 
935 -0.000303 
936 -0.000356 
937 -0.000409 
938 -0.000466 
939 -0.000409 
940 -0.000204 
941 -0.000024 
942 0.000053 
943 0.000090 
944 0.000133 
945 0.000078 
946 -0.000018 
947 0.000005 
948 0.000123 
949 0.000174 
950 0.000136 
951 0.000082 
952 0.000004 
953 -0.000138 
954 -0.000294 
955 -0.000350 
956 -0.000295 
957 -0.000167 
958 0.000030 
959 0.000249 
960 0.000403 
961 0.000437 
962 0.000372 
963 0.000243 
964 0.000076 
965 -0.000034 
966 -0.000094 
967 -0.000122 
968 -0.000160 
969 -0.000190 
970 -0.000208 
971 -0.000221 
972 -0.000208 
973 -0.000143 
974 -0.000040 
975 0.000063 
976 0.000178 
977 0.000271 
978 0.000289 
979 0.000237 
980 0.000164 
981 0.000099 
982 0.000006 
983 -0.000056 
984 -0.000052 
985 -0.000013 
986 -0.000004 
987 0.000002 
988 0.000050 
989 0.000103 
990 0.000137 
991 0.000200 
992 0.000296 
993 0.000374 
994 0.000397 
995 0.000389 
996 0.000364 
997 0.000304 
998 0.000213 
999 0.000155 
1000 0.000141 
1001 0.000131 
1002 0.000124 
1003 0.000105 
1004 0.000091 
1005 0.000108 
1006 0.000126 
1007 0.000166 
1008 0.000230 
1009 0.000289 
1010 0.000356 
1011 0.000393 
1012 0.000378 
1013 0.000311 
1014 0.000208 
1015 0.000107 
1016 0.000034 
1017 -0.000011 
1018 -0.000026 
1019 -0.000011 
1020 0.000047 
1021 0.000130 
1022 0.000229 
1023 0.000313 
