0 -0.016246 
1 -0.004996 
2 -0.094248 
3 -0.017557 
4 -0.087060 
5 0.028073 
6 -0.051610 
7 0.072615 
8 -0.001028 
9 0.089064 
10 0.027542 
11 0.072883 
12 -0.008424 
13 -0.024170 
14 -0.085147 
15 -0.081260 
16 -0.044787 
17 -0.046681 
18 0.055127 
19 0.031654 
20 0.099136 
21 0.006005 
22 0.030165 
23 -0.041126 
24 -0.011929 
25 -0.049572 
26 0.000736 
27 0.010970 
28 0.001565 
29 0.009936 
30 -0.024715 
31 0.015822 
32 -0.034046 
33 0.035130 
34 -0.031763 
35 0.060883 
36 -0.037755 
37 0.015290 
38 -0.077779 
39 0.012812 
40 -0.057021 
41 0.029413 
42 -0.020520 
43 0.064703 
44 0.002040 
45 0.020586 
46 -0.026043 
47 -0.004308 
48 -0.043421 
49 -0.019976 
50 -0.011746 
51 0.013190 
52 0.017534 
53 0.014940 
54 0.013661 
55 0.017966 
56 -0.008625 
57 -0.008153 
58 -0.014441 
59 -0.006461 
60 -0.020872 
61 -0.005885 
62 -0.006010 
63 0.013855 
64 0.011623 
65 0.019242 
66 0.028163 
67 0.005549 
68 0.001819 
69 -0.020807 
70 -0.004456 
71 -0.028433 
72 -0.036114 
73 -0.034499 
74 -0.008874 
75 0.008171 
76 -0.003065 
77 0.031548 
78 -0.014583 
79 0.011742 
80 -0.036765 
81 0.054593 
82 -0.012640 
83 0.047141 
84 -0.049029 
85 0.005261 
86 -0.086951 
87 0.003154 
88 -0.020200 
89 0.081146 
90 0.012215 
91 0.034702 
92 -0.017375 
93 -0.019399 
94 -0.037544 
95 -0.016291 
96 0.038112 
97 0.023602 
98 0.048615 
99 -0.014987 
100 0.013966 
101 -0.103342 
102 -0.032630 
103 -0.057618 
104 0.045417 
105 -0.011853 
106 0.089487 
107 0.043598 
108 0.081406 
109 -0.015593 
110 0.006590 
111 -0.022067 
112 -0.043442 
113 -0.078178 
114 -0.058728 
115 -0.010255 
116 -0.031720 
117 0.045155 
118 0.044002 
119 0.122198 
120 0.002426 
121 0.016179 
122 -0.076117 
123 -0.013371 
124 -0.095062 
125 0.021770 
126 0.001872 
127 0.064420 
128 -0.019703 
129 0.004082 
130 -0.048276 
131 -0.038571 
132 -0.053697 
133 0.030529 
134 0.040648 
135 0.032555 
136 0.018378 
137 0.002494 
138 -0.030772 
139 -0.053691 
140 -0.006838 
141 0.025399 
142 0.033333 
143 -0.004908 
144 0.004734 
145 0.003793 
146 -0.026669 
147 -0.020753 
148 -0.020497 
149 0.020576 
150 -0.029306 
151 0.014503 
152 0.000754 
153 0.064783 
154 -0.003406 
155 0.024224 
156 0.007498 
157 0.024815 
158 -0.033752 
159 -0.028402 
160 -0.029280 
161 -0.015124 
162 0.000718 
163 0.004389 
164 0.045923 
165 0.017199 
166 0.001279 
167 -0.040080 
168 -0.005475 
169 -0.022441 
170 0.021487 
171 0.018243 
172 0.026402 
173 -0.001742 
174 -0.030854 
175 -0.020989 
176 -0.047155 
177 -0.009776 
178 -0.020087 
179 0.042301 
180 0.005879 
181 0.062636 
182 0.014194 
183 0.030287 
184 -0.065735 
185 -0.031250 
186 -0.050933 
187 0.018686 
188 -0.004791 
189 0.057619 
190 0.027384 
191 0.026463 
192 -0.043320 
193 -0.016458 
194 -0.030765 
195 -0.018625 
196 -0.027063 
197 0.010173 
198 0.030419 
199 0.020048 
200 -0.005115 
201 0.006426 
202 -0.009153 
203 -0.031631 
204 -0.008258 
205 0.013742 
206 0.021878 
207 -0.010457 
208 -0.020437 
209 -0.031714 
210 -0.028344 
211 -0.035266 
212 0.038247 
213 0.036588 
214 0.030171 
215 -0.013479 
216 -0.008953 
217 -0.015813 
218 -0.021804 
219 0.002058 
220 0.004897 
221 -0.001897 
222 -0.082083 
223 -0.047396 
224 -0.047986 
225 0.041165 
226 0.001182 
227 0.084755 
228 0.014367 
229 0.028918 
230 -0.072637 
231 0.002206 
232 0.000354 
233 0.064699 
234 -0.010303 
235 0.009392 
236 -0.057328 
237 -0.077234 
238 -0.100521 
239 -0.044627 
240 0.036148 
241 0.066496 
242 0.075884 
243 0.065644 
244 0.058750 
245 -0.040314 
246 -0.080403 
247 -0.114879 
248 -0.062030 
249 -0.054163 
250 -0.002488 
251 0.030271 
252 0.036658 
253 -0.011517 
254 0.004245 
255 0.006482 
256 0.038650 
257 0.004613 
258 -0.003850 
259 -0.046108 
260 -0.016771 
261 -0.041684 
262 0.012069 
263 0.020403 
264 0.052783 
265 -0.003169 
266 -0.001202 
267 -0.029648 
268 -0.016201 
269 -0.030100 
270 -0.008683 
271 0.010959 
272 0.002902 
273 -0.007541 
274 -0.031286 
275 0.008350 
276 -0.033666 
277 0.021503 
278 -0.010395 
279 0.053542 
280 -0.001965 
281 0.019218 
282 -0.027432 
283 0.005235 
284 -0.055464 
285 -0.030961 
286 -0.030582 
287 0.007841 
288 0.011332 
289 0.027254 
290 0.032466 
291 0.023574 
292 0.005979 
293 -0.008618 
294 -0.001359 
295 -0.017191 
296 -0.019025 
297 -0.018713 
298 0.011791 
299 0.012217 
300 0.013486 
301 0.013640 
302 0.013646 
303 -0.011209 
304 -0.030318 
305 -0.016875 
306 -0.012005 
307 -0.007700 
308 -0.005251 
309 0.015259 
310 0.019765 
311 0.026163 
312 0.022608 
313 0.024135 
314 0.000521 
315 -0.023219 
316 -0.021604 
317 -0.009576 
318 -0.019007 
319 -0.002531 
320 -0.007495 
321 -0.009814 
322 -0.020730 
323 0.009068 
324 0.024408 
325 0.035172 
326 0.022588 
327 0.021780 
328 -0.006024 
329 -0.032088 
330 -0.030500 
331 -0.008740 
332 0.002180 
333 0.007628 
334 0.035014 
335 0.029259 
336 0.016096 
337 -0.032906 
338 -0.021519 
339 -0.030266 
340 -0.008615 
341 -0.011192 
342 0.055096 
343 0.031353 
344 0.033734 
345 0.008913 
346 0.034348 
347 0.006759 
348 -0.012127 
349 -0.039750 
350 -0.020863 
351 -0.040684 
352 -0.038445 
353 -0.008880 
354 0.051015 
355 0.053237 
356 0.049381 
357 0.027104 
358 0.029100 
359 -0.052669 
360 -0.063628 
361 -0.047946 
362 0.011095 
363 -0.000512 
364 0.041008 
365 0.041869 
366 0.026380 
367 -0.029202 
368 -0.029627 
369 -0.008442 
370 -0.017984 
371 -0.022727 
372 -0.016517 
373 0.024581 
374 0.002222 
375 0.021518 
376 0.010516 
377 0.036910 
378 -0.020013 
379 -0.011955 
380 -0.035981 
381 0.011934 
382 -0.025577 
383 0.001733 
384 0.008841 
385 0.010311 
386 -0.021590 
387 -0.002129 
388 0.010266 
389 0.024985 
390 0.019518 
391 0.022415 
392 0.015254 
393 -0.020787 
394 -0.074278 
395 -0.055199 
396 -0.036257 
397 -0.015552 
398 0.015531 
399 0.056659 
400 0.064187 
401 0.019801 
402 -0.009955 
403 -0.012118 
404 -0.028429 
405 -0.050932 
406 -0.029070 
407 -0.002344 
408 0.018150 
409 0.000189 
410 0.038777 
411 0.015633 
412 0.010276 
413 -0.045886 
414 -0.009250 
415 -0.040027 
416 -0.018346 
417 -0.046464 
418 0.012858 
419 0.001028 
420 0.023210 
421 0.018548 
422 0.032280 
423 0.002987 
424 -0.019550 
425 -0.036108 
426 -0.018684 
427 -0.024551 
428 -0.019818 
429 -0.006736 
430 0.005279 
431 -0.005931 
432 0.010516 
433 0.002875 
434 0.027357 
435 -0.003687 
436 0.001656 
437 -0.011059 
438 -0.002322 
439 -0.028901 
440 0.008339 
441 0.009368 
442 0.019286 
443 0.001640 
444 -0.010168 
445 -0.024643 
446 -0.035342 
447 -0.029897 
448 -0.025380 
449 0.006497 
450 0.004098 
451 0.022963 
452 0.015181 
453 0.024344 
454 0.001519 
455 -0.006423 
456 -0.025411 
457 -0.029169 
458 -0.022584 
459 -0.008962 
460 0.018618 
461 0.028822 
462 0.027072 
463 0.011007 
464 -0.033829 
465 -0.046547 
466 -0.054946 
467 -0.019403 
468 -0.002951 
469 0.050290 
470 0.026742 
471 0.044666 
472 -0.010981 
473 -0.007570 
474 -0.033835 
475 -0.004111 
476 -0.012622 
477 0.004853 
478 -0.019752 
479 -0.005994 
480 -0.024429 
481 -0.006757 
482 0.012556 
483 0.034248 
484 0.037768 
485 0.018804 
486 0.000458 
487 -0.031637 
488 -0.020998 
489 -0.052914 
490 -0.016507 
491 -0.004013 
492 0.029775 
493 -0.003977 
494 0.002525 
495 -0.017607 
496 -0.015842 
497 -0.017438 
498 0.004734 
499 0.037896 
500 0.017096 
501 -0.020351 
502 -0.040036 
503 -0.022656 
504 -0.029064 
505 0.008958 
506 0.024845 
507 0.053991 
508 -0.005291 
509 -0.032298 
510 -0.052310 
511 -0.029072 
512 -0.039497 
513 0.004270 
514 0.048447 
515 0.049695 
516 0.040785 
517 0.009613 
518 0.024565 
519 -0.022635 
520 -0.034708 
521 -0.076734 
522 -0.033945 
523 -0.064352 
524 -0.013411 
525 0.005953 
526 0.081069 
527 0.031359 
528 0.042744 
529 -0.014874 
530 -0.003177 
531 -0.081560 
532 -0.051010 
533 -0.026117 
534 0.027784 
535 0.019630 
536 0.021947 
537 0.024002 
538 -0.024300 
539 -0.031425 
540 -0.048830 
541 0.032495 
542 -0.015713 
543 0.005709 
544 -0.037077 
545 0.026751 
546 -0.049453 
547 0.011327 
548 -0.021001 
549 0.056938 
550 -0.003206 
551 0.039975 
552 -0.004327 
553 0.022231 
554 -0.053261 
555 -0.039723 
556 -0.046625 
557 -0.019483 
558 -0.005437 
559 0.016113 
560 0.044639 
561 0.025312 
562 0.026100 
563 -0.003910 
564 0.019436 
565 -0.030129 
566 -0.030024 
567 -0.034529 
568 -0.014647 
569 -0.020136 
570 0.011569 
571 0.031653 
572 0.034564 
573 0.019759 
574 -0.009232 
575 -0.007484 
576 -0.026590 
577 -0.032094 
578 -0.017783 
579 0.013895 
580 0.008844 
581 0.010771 
582 0.023442 
583 0.036008 
584 0.012940 
585 -0.016414 
586 0.001659 
587 -0.021557 
588 -0.010004 
589 -0.009851 
590 0.036752 
591 0.013855 
592 0.010507 
593 -0.017326 
594 -0.000310 
595 -0.010170 
596 0.000030 
597 0.019047 
598 0.033945 
599 0.018519 
600 -0.021983 
601 -0.032824 
602 -0.047481 
603 -0.019312 
604 0.009677 
605 0.051396 
606 0.051851 
607 0.024723 
608 -0.022172 
609 -0.026805 
610 -0.033354 
611 -0.010841 
612 0.032935 
613 0.048877 
614 0.043454 
615 0.015418 
616 0.003938 
617 -0.020271 
618 -0.031389 
619 -0.053086 
620 -0.006907 
621 -0.010370 
622 0.003822 
623 0.011338 
624 0.038679 
625 0.034789 
626 0.048415 
627 0.043370 
628 0.040345 
629 -0.019105 
630 -0.055769 
631 -0.078640 
632 -0.043703 
633 -0.017281 
634 0.032690 
635 0.052010 
636 0.045330 
637 0.013532 
638 -0.031381 
639 -0.026025 
640 -0.027816 
641 0.019946 
642 0.021537 
643 0.048622 
644 0.007826 
645 0.004633 
646 -0.047121 
647 -0.026084 
648 -0.030885 
649 0.023728 
650 0.000867 
651 0.032029 
652 0.000429 
653 -0.007116 
654 -0.042269 
655 -0.024298 
656 -0.020572 
657 0.008568 
658 0.009872 
659 0.022601 
660 0.022963 
661 -0.000574 
662 0.006744 
663 -0.011306 
664 -0.004635 
665 -0.028644 
666 -0.021197 
667 -0.053440 
668 -0.003005 
669 -0.041824 
670 0.024917 
671 0.006927 
672 0.052957 
673 -0.016651 
674 0.017751 
675 -0.041303 
676 -0.013832 
677 -0.055768 
678 0.006047 
679 -0.002545 
680 0.024792 
681 -0.013682 
682 0.002666 
683 -0.027328 
684 -0.035734 
685 -0.044952 
686 -0.015426 
687 0.002779 
688 0.012142 
689 0.026147 
690 0.028270 
691 0.010591 
692 -0.050147 
693 -0.053654 
694 -0.058237 
695 -0.030674 
696 -0.030151 
697 0.027106 
698 0.023518 
699 0.042401 
700 -0.024633 
701 -0.013717 
702 -0.055955 
703 -0.028121 
704 -0.052652 
705 0.005491 
706 0.000116 
707 0.023177 
708 -0.006301 
709 0.007433 
710 0.009922 
711 0.008160 
712 -0.005732 
713 -0.007311 
714 -0.028368 
715 -0.062930 
716 -0.052130 
717 -0.051463 
718 0.007175 
719 0.010907 
720 0.056400 
721 0.022263 
722 0.042848 
723 -0.033627 
724 0.009961 
725 -0.043606 
726 0.002574 
727 -0.034004 
728 0.008429 
729 -0.035552 
730 -0.006162 
731 -0.039657 
732 -0.014176 
733 -0.004471 
734 0.017848 
735 0.032469 
736 0.012311 
737 0.014902 
738 -0.026072 
739 -0.001082 
740 -0.044725 
741 0.017028 
742 -0.017224 
743 0.031375 
744 -0.024647 
745 0.017551 
746 -0.031565 
747 -0.007986 
748 -0.048406 
749 -0.023572 
750 -0.020615 
751 -0.014981 
752 0.020772 
753 0.041921 
754 0.081419 
755 0.050510 
756 0.078502 
757 -0.005867 
758 -0.020030 
759 -0.123338 
760 -0.089906 
761 -0.097881 
762 0.021223 
763 0.031179 
764 0.105619 
765 0.044583 
766 0.052551 
767 -0.027255 
768 -0.016199 
769 -0.005427 
770 0.012558 
771 -0.001193 
772 0.023129 
773 0.020078 
774 -0.012719 
775 -0.018258 
776 -0.015160 
777 0.015119 
778 0.001323 
779 0.005517 
780 0.005963 
781 0.011049 
782 -0.026320 
783 -0.013221 
784 0.002389 
785 0.029398 
786 0.014948 
787 0.041784 
788 0.028765 
789 0.019403 
790 -0.041347 
791 -0.029190 
792 -0.036108 
793 -0.007131 
794 -0.007720 
795 0.049084 
796 0.034824 
797 0.037934 
798 0.017939 
799 0.015928 
800 -0.018702 
801 -0.016427 
802 -0.027830 
803 -0.004851 
804 -0.007644 
805 0.009356 
806 0.023274 
807 0.013592 
808 -0.000681 
809 -0.005929 
810 0.011414 
811 -0.005947 
812 -0.000851 
813 -0.008598 
814 0.020498 
815 -0.005069 
816 0.005358 
817 0.008139 
818 0.012702 
819 -0.022188 
820 -0.008505 
821 0.001110 
822 0.019755 
823 -0.020044 
824 -0.015424 
825 -0.014335 
826 -0.010779 
827 -0.026911 
828 -0.012946 
829 0.022002 
830 0.007690 
831 0.019317 
832 0.012054 
833 0.032932 
834 -0.000765 
835 -0.022568 
836 -0.042988 
837 -0.029906 
838 -0.030604 
839 -0.020083 
840 0.035069 
841 0.033112 
842 0.036277 
843 -0.013283 
844 -0.014120 
845 -0.059763 
846 -0.043275 
847 -0.046185 
848 0.033045 
849 0.029578 
850 0.047639 
851 0.041608 
852 0.027968 
853 -0.021798 
854 -0.052923 
855 -0.055700 
856 -0.053888 
857 -0.029096 
858 -0.026745 
859 0.017207 
860 0.021950 
861 0.031475 
862 0.015922 
863 0.014501 
864 0.022253 
865 -0.026640 
866 -0.036802 
867 -0.072179 
868 -0.017759 
869 -0.032581 
870 0.030203 
871 0.017441 
872 0.045925 
873 -0.001955 
874 -0.030356 
875 -0.047313 
876 -0.039179 
877 -0.001516 
878 -0.020247 
879 0.056439 
880 -0.003961 
881 0.043113 
882 -0.062478 
883 0.019971 
884 -0.076851 
885 0.034010 
886 -0.063274 
887 0.047301 
888 -0.042190 
889 0.040117 
890 -0.032753 
891 0.025202 
892 -0.037998 
893 0.016745 
894 -0.023688 
895 0.000182 
896 -0.008270 
897 -0.009578 
898 0.007189 
899 -0.003375 
900 0.001356 
901 -0.039802 
902 -0.027063 
903 -0.053060 
904 -0.014342 
905 0.008220 
906 0.073001 
907 0.067988 
908 0.036364 
909 -0.019978 
910 -0.045250 
911 -0.075284 
912 -0.074820 
913 -0.048247 
914 0.018718 
915 0.012454 
916 0.042785 
917 0.021501 
918 0.056097 
919 -0.027039 
920 -0.030214 
921 -0.079416 
922 -0.014833 
923 -0.050288 
924 0.004830 
925 0.013117 
926 0.044054 
927 0.025967 
928 0.009170 
929 0.015725 
930 -0.026581 
931 -0.017585 
932 -0.078405 
933 0.014365 
934 -0.055803 
935 0.047561 
936 -0.026434 
937 0.080698 
938 -0.035159 
939 0.031701 
940 -0.045819 
941 0.036873 
942 -0.026699 
943 0.006079 
944 -0.001865 
945 -0.004559 
946 -0.014228 
947 -0.039858 
948 0.001264 
949 -0.036094 
950 0.009143 
951 -0.032846 
952 0.065625 
953 -0.013845 
954 0.009264 
955 -0.036074 
956 0.014093 
957 -0.032919 
958 -0.001891 
959 0.013770 
960 0.021049 
961 0.016987 
962 -0.047331 
963 0.022579 
964 -0.036887 
965 0.007277 
966 -0.075872 
967 0.025987 
968 -0.054145 
969 0.051625 
970 -0.038997 
971 0.072193 
972 -0.062051 
973 0.015154 
974 -0.078250 
975 0.023243 
976 -0.037087 
977 0.069177 
978 0.006711 
979 0.039063 
980 -0.053131 
981 -0.003193 
982 -0.054913 
983 -0.018663 
984 -0.036882 
985 0.009984 
986 -0.003780 
987 -0.000763 
988 -0.002784 
989 0.025506 
990 0.021915 
991 0.012778 
992 0.002081 
993 0.003148 
994 -0.027411 
995 -0.060022 
996 -0.076008 
997 -0.018745 
998 -0.021911 
999 0.013213 
1000 0.048593 
1001 0.067749 
1002 0.021472 
1003 -0.019074 
1004 -0.023318 
1005 -0.021049 
1006 -0.019452 
1007 -0.022276 
1008 0.019931 
1009 -0.019127 
1010 -0.019649 
1011 -0.066027 
1012 0.008529 
1013 -0.017501 
1014 0.036319 
1015 -0.005622 
1016 0.051854 
1017 -0.022037 
1018 -0.003399 
1019 -0.055250 
1020 0.013353 
1021 0.000586 
1022 0.011903 
1023 0.038883 
