0 0.272345 
1 0.323570 
2 1.021234 
3 0.131178 
4 -0.482176 
5 0.217474 
6 0.112762 
7 -0.314204 
8 0.090763 
9 0.164795 
10 -0.444944 
11 0.122617 
12 0.143854 
13 -0.322931 
14 0.187494 
15 0.208687 
16 -0.402824 
17 0.055125 
18 0.215602 
19 -0.326889 
20 0.185748 
21 0.098985 
22 -0.300242 
23 0.128552 
24 0.201352 
25 -0.470284 
26 0.124059 
27 0.297200 
28 -0.305631 
29 -0.073195 
30 0.274915 
31 -0.202314 
32 -0.236052 
33 0.420690 
34 -0.259873 
35 -0.001759 
36 0.280519 
37 -0.244638 
38 0.009681 
39 0.229129 
40 -0.050649 
41 -0.113945 
42 0.372117 
43 -0.160625 
44 -0.144203 
45 0.335433 
46 -0.145846 
47 -0.103018 
48 0.283716 
49 -0.082688 
50 -0.204070 
51 0.301647 
52 -0.068357 
53 -0.220399 
54 0.077255 
55 0.260926 
56 -0.372510 
57 0.093378 
58 0.189543 
59 -0.352049 
60 0.208401 
61 0.028848 
62 -0.218488 
63 0.068313 
64 0.279129 
65 -0.194690 
66 -0.060584 
67 0.224374 
68 -0.182288 
69 0.039549 
70 0.197181 
71 -0.223346 
72 0.098302 
73 0.178480 
74 -0.331335 
75 0.010429 
76 0.162736 
77 -0.064523 
78 -0.179971 
79 0.190197 
80 -0.035699 
81 -0.274062 
82 0.352579 
83 -0.084334 
84 -0.198410 
85 0.237453 
86 -0.064614 
87 -0.162350 
88 0.224342 
89 0.026962 
90 -0.216425 
91 0.206542 
92 0.062616 
93 -0.333094 
94 0.147856 
95 0.212619 
96 -0.369677 
97 0.160921 
98 0.143494 
99 -0.328517 
100 0.144230 
101 0.053655 
102 -0.220773 
103 0.057382 
104 0.225794 
105 -0.295715 
106 0.088441 
107 0.189380 
108 -0.245355 
109 0.054705 
110 0.244716 
111 -0.209828 
112 -0.055107 
113 0.361926 
114 -0.234125 
115 -0.103109 
116 0.236911 
117 -0.136800 
118 -0.166586 
119 0.307305 
120 -0.119184 
121 -0.270472 
122 0.340540 
123 -0.088397 
124 -0.233548 
125 0.289663 
126 -0.113043 
127 -0.172571 
128 0.253086 
129 -0.071841 
130 -0.247297 
131 0.252537 
132 0.104307 
133 -0.148935 
134 -0.005960 
135 0.244145 
136 -0.343367 
137 0.136083 
138 0.179261 
139 -0.289796 
140 0.262960 
141 -0.024392 
142 -0.135314 
143 -0.095827 
144 0.211869 
145 -0.204609 
146 0.052461 
147 0.290195 
148 -0.276156 
149 0.020342 
150 0.238015 
151 -0.337201 
152 0.213159 
153 0.150133 
154 -0.167455 
155 0.073956 
156 0.197822 
157 -0.241419 
158 -0.158431 
159 0.374774 
160 -0.144538 
161 -0.245006 
162 0.350852 
163 -0.161953 
164 -0.287614 
165 0.243852 
166 0.074990 
167 -0.316746 
168 0.288834 
169 -0.013765 
170 -0.398874 
171 0.292696 
172 0.038370 
173 -0.294945 
174 0.238775 
175 0.221682 
176 -0.490839 
177 0.369970 
178 0.010081 
179 -0.257177 
180 0.192215 
181 0.138444 
182 -0.158781 
183 0.013279 
184 0.191444 
185 -0.316447 
186 0.108136 
187 0.135739 
188 -0.192199 
189 0.103901 
190 0.172762 
191 -0.259794 
192 0.030769 
193 0.226390 
194 -0.322909 
195 0.091570 
196 0.414032 
197 -0.395153 
198 -0.042545 
199 0.392511 
200 -0.230710 
201 -0.199328 
202 0.425866 
203 -0.172646 
204 -0.198130 
205 0.388687 
206 -0.213454 
207 -0.212679 
208 0.402529 
209 -0.178970 
210 -0.144770 
211 0.170625 
212 0.013578 
213 -0.288785 
214 0.112323 
215 0.162731 
216 -0.332034 
217 0.358642 
218 -0.082976 
219 -0.177551 
220 0.182220 
221 -0.012906 
222 -0.179052 
223 0.113114 
224 0.152341 
225 -0.247655 
226 0.106012 
227 0.111688 
228 -0.329964 
229 0.060546 
230 0.129979 
231 -0.200677 
232 0.164747 
233 0.020623 
234 -0.227043 
235 0.056542 
236 0.134348 
237 -0.177680 
238 0.007133 
239 0.316200 
240 -0.251857 
241 -0.101596 
242 0.327819 
243 -0.285214 
244 -0.028952 
245 0.318319 
246 -0.063308 
247 -0.299637 
248 0.266532 
249 0.040203 
250 -0.280524 
251 0.199471 
252 0.147839 
253 -0.290443 
254 0.121659 
255 0.084903 
256 -0.197716 
257 0.240631 
258 -0.044157 
259 -0.096464 
260 0.172157 
261 0.105952 
262 -0.267545 
263 0.136208 
264 0.193929 
265 -0.307288 
266 0.183281 
267 0.192514 
268 -0.328850 
269 0.030222 
270 0.182867 
271 -0.296350 
272 -0.001329 
273 0.316955 
274 -0.344798 
275 -0.008695 
276 0.243088 
277 -0.254774 
278 -0.139947 
279 0.286231 
280 -0.145470 
281 -0.106498 
282 0.349694 
283 -0.292886 
284 -0.068965 
285 0.272203 
286 -0.165649 
287 -0.105210 
288 0.360742 
289 -0.163317 
290 -0.163861 
291 0.180505 
292 0.045268 
293 -0.283049 
294 0.358975 
295 0.015978 
296 -0.386203 
297 0.298333 
298 -0.033961 
299 -0.186252 
300 0.174799 
301 0.104901 
302 -0.205943 
303 0.097858 
304 0.160282 
305 -0.271561 
306 0.224874 
307 0.105688 
308 -0.305873 
309 0.201187 
310 0.158750 
311 -0.313925 
312 0.186771 
313 0.192151 
314 -0.322133 
315 0.027207 
316 0.220770 
317 -0.104179 
318 -0.232553 
319 0.389931 
320 -0.243122 
321 -0.119170 
322 0.315611 
323 -0.230236 
324 -0.057192 
325 0.240070 
326 -0.080023 
327 -0.274391 
328 0.306877 
329 -0.053144 
330 -0.226397 
331 0.266153 
332 -0.009087 
333 -0.287865 
334 0.287403 
335 -0.089753 
336 -0.174485 
337 0.235319 
338 -0.070226 
339 -0.162254 
340 0.140999 
341 0.047861 
342 -0.339716 
343 0.238154 
344 0.153041 
345 -0.353155 
346 0.169083 
347 0.142933 
348 -0.331490 
349 0.109649 
350 0.291198 
351 -0.383979 
352 0.122282 
353 0.309193 
354 -0.339220 
355 -0.004345 
356 0.255374 
357 -0.206753 
358 -0.089096 
359 0.425948 
360 -0.366686 
361 -0.008219 
362 0.259539 
363 -0.282244 
364 -0.006918 
365 0.260728 
366 -0.082281 
367 -0.146732 
368 0.225852 
369 -0.115729 
370 -0.098926 
371 0.240106 
372 0.028496 
373 -0.203010 
374 0.257725 
375 -0.101198 
376 -0.175025 
377 0.268180 
378 -0.004803 
379 -0.199357 
380 0.156720 
381 0.040077 
382 -0.310425 
383 0.197685 
384 0.076690 
385 -0.316931 
386 0.258472 
387 0.016621 
388 -0.293551 
389 0.220952 
390 0.037303 
391 -0.329320 
392 0.195059 
393 0.177321 
394 -0.236332 
395 -0.016609 
396 0.270300 
397 -0.190757 
398 -0.203337 
399 0.397562 
400 -0.200782 
401 -0.020124 
402 0.168459 
403 -0.089997 
404 -0.174351 
405 0.187211 
406 -0.022974 
407 -0.133101 
408 0.283058 
409 -0.105967 
410 -0.169128 
411 0.223939 
412 -0.060793 
413 -0.207964 
414 0.304092 
415 -0.047337 
416 -0.187890 
417 0.189552 
418 0.006345 
419 -0.213040 
420 0.125289 
421 0.191814 
422 -0.238867 
423 0.053808 
424 0.131895 
425 -0.242137 
426 0.081230 
427 0.156375 
428 -0.229551 
429 0.078476 
430 0.201861 
431 -0.403787 
432 0.162274 
433 0.177689 
434 -0.242068 
435 -0.049817 
436 0.348822 
437 -0.240773 
438 -0.153479 
439 0.424805 
440 -0.394212 
441 -0.026112 
442 0.362646 
443 -0.165345 
444 -0.155128 
445 0.237144 
446 -0.096543 
447 -0.230212 
448 0.249004 
449 0.025201 
450 -0.187197 
451 0.185345 
452 -0.043627 
453 -0.179537 
454 0.267265 
455 -0.128878 
456 -0.105110 
457 0.343211 
458 -0.067379 
459 -0.304646 
460 0.336324 
461 0.085985 
462 -0.428927 
463 0.364610 
464 0.147780 
465 -0.426503 
466 0.262983 
467 0.138320 
468 -0.396025 
469 0.131309 
470 0.200864 
471 -0.251992 
472 0.106141 
473 0.066519 
474 -0.172259 
475 -0.071409 
476 0.259794 
477 -0.272155 
478 0.112138 
479 0.183203 
480 -0.354376 
481 0.121871 
482 0.154290 
483 -0.157209 
484 -0.103200 
485 0.320656 
486 -0.161512 
487 -0.187301 
488 0.315193 
489 -0.167239 
490 -0.149382 
491 0.248347 
492 -0.031812 
493 -0.130965 
494 0.161719 
495 -0.057492 
496 -0.230088 
497 0.292902 
498 -0.046649 
499 -0.150300 
500 0.133494 
501 0.037357 
502 -0.180473 
503 0.189995 
504 0.078283 
505 -0.234482 
506 0.160043 
507 0.137434 
508 -0.338117 
509 0.217936 
510 0.212950 
511 -0.348382 
512 0.092733 
513 0.231391 
514 -0.200721 
515 -0.101493 
516 0.341014 
517 -0.209116 
518 -0.090688 
519 0.246005 
520 -0.224125 
521 0.028481 
522 0.233436 
523 -0.189033 
524 0.014312 
525 0.117358 
526 -0.170960 
527 -0.051033 
528 0.265494 
529 -0.130940 
530 -0.149820 
531 0.282052 
532 -0.154800 
533 -0.298039 
534 0.413707 
535 -0.158552 
536 -0.222215 
537 0.330596 
538 -0.088205 
539 -0.289432 
540 0.152276 
541 0.155864 
542 -0.362949 
543 0.320049 
544 -0.004322 
545 -0.336976 
546 0.229411 
547 0.023734 
548 -0.247184 
549 0.159711 
550 0.132942 
551 -0.246029 
552 0.024793 
553 0.150498 
554 -0.200210 
555 0.029631 
556 0.188503 
557 -0.233524 
558 0.137401 
559 0.096134 
560 -0.250130 
561 0.071084 
562 0.153286 
563 -0.079448 
564 -0.081186 
565 0.305778 
566 -0.193267 
567 -0.134526 
568 0.299063 
569 -0.157995 
570 0.039843 
571 0.209853 
572 -0.087609 
573 -0.155367 
574 0.279970 
575 -0.118215 
576 -0.106835 
577 0.256355 
578 0.009105 
579 -0.217631 
580 0.173106 
581 0.044914 
582 -0.379992 
583 0.297696 
584 0.089731 
585 -0.307677 
586 0.127021 
587 0.162544 
588 -0.384404 
589 0.093752 
590 0.228919 
591 -0.288997 
592 0.042989 
593 0.213306 
594 -0.239253 
595 -0.049843 
596 0.224932 
597 -0.224104 
598 0.060670 
599 0.220404 
600 -0.231959 
601 -0.003811 
602 0.166099 
603 -0.191098 
604 0.009444 
605 0.239955 
606 -0.187816 
607 -0.060560 
608 0.236285 
609 -0.170147 
610 -0.111333 
611 0.402832 
612 -0.198209 
613 -0.262318 
614 0.537182 
615 -0.266055 
616 -0.165212 
617 0.261845 
618 0.055577 
619 -0.298670 
620 0.236980 
621 0.085968 
622 -0.348794 
623 0.344619 
624 -0.103102 
625 -0.202711 
626 0.286874 
627 -0.017954 
628 -0.226831 
629 0.208191 
630 0.073201 
631 -0.301200 
632 0.179120 
633 0.144934 
634 -0.285235 
635 0.129112 
636 0.156091 
637 -0.285573 
638 0.046508 
639 0.239611 
640 -0.252908 
641 0.032934 
642 0.206285 
643 -0.182062 
644 -0.034395 
645 0.183951 
646 -0.245716 
647 0.078885 
648 0.198162 
649 -0.193619 
650 -0.002429 
651 0.193213 
652 -0.255973 
653 -0.044651 
654 0.293727 
655 -0.171986 
656 -0.094805 
657 0.107027 
658 0.012282 
659 -0.256733 
660 0.292614 
661 -0.030894 
662 -0.253748 
663 0.259954 
664 -0.029174 
665 -0.186464 
666 0.063473 
667 0.125935 
668 -0.272396 
669 0.148445 
670 0.130775 
671 -0.221909 
672 0.105025 
673 -0.033733 
674 -0.128637 
675 0.158846 
676 0.115541 
677 -0.258937 
678 0.142861 
679 0.110719 
680 -0.278839 
681 0.114577 
682 0.171302 
683 -0.121282 
684 -0.074138 
685 0.196016 
686 -0.164383 
687 -0.051052 
688 0.223055 
689 -0.136032 
690 -0.100912 
691 0.317781 
692 -0.210477 
693 -0.139477 
694 0.300535 
695 -0.168506 
696 -0.145311 
697 0.311099 
698 -0.010185 
699 -0.430743 
700 0.410291 
701 -0.098660 
702 -0.256732 
703 0.333835 
704 0.028860 
705 -0.258117 
706 0.139139 
707 0.112340 
708 -0.226415 
709 0.149928 
710 0.063329 
711 -0.155994 
712 0.128966 
713 0.061938 
714 -0.137737 
715 0.094189 
716 0.111384 
717 -0.277058 
718 0.200222 
719 0.228575 
720 -0.258407 
721 0.030072 
722 0.247132 
723 -0.297128 
724 0.052941 
725 0.316467 
726 -0.349351 
727 0.101214 
728 0.190666 
729 -0.212462 
730 -0.130723 
731 0.322075 
732 -0.203162 
733 -0.114291 
734 0.261942 
735 -0.136648 
736 -0.118624 
737 0.103672 
738 -0.088009 
739 -0.153018 
740 0.245949 
741 -0.133064 
742 -0.136665 
743 0.204584 
744 -0.078804 
745 -0.253147 
746 0.265718 
747 0.061030 
748 -0.240346 
749 0.203891 
750 0.055296 
751 -0.305747 
752 0.111527 
753 0.197454 
754 -0.230895 
755 0.105009 
756 0.211320 
757 -0.328145 
758 0.105983 
759 0.052966 
760 -0.124725 
761 0.123676 
762 0.209511 
763 -0.234287 
764 0.005963 
765 0.256913 
766 -0.352955 
767 0.050542 
768 0.448756 
769 -0.212130 
770 -0.152234 
771 0.324084 
772 -0.220124 
773 -0.206726 
774 0.351539 
775 0.023832 
776 -0.260559 
777 0.296932 
778 -0.100188 
779 -0.335906 
780 0.354585 
781 -0.138290 
782 -0.180979 
783 0.274879 
784 -0.097560 
785 -0.208815 
786 0.109555 
787 0.043931 
788 -0.202213 
789 0.207997 
790 0.006984 
791 -0.246747 
792 0.195182 
793 -0.037187 
794 -0.255722 
795 0.246067 
796 0.120226 
797 -0.379925 
798 0.194988 
799 0.093797 
800 -0.344037 
801 0.158455 
802 0.276523 
803 -0.365706 
804 0.110617 
805 0.255259 
806 -0.369448 
807 0.029642 
808 0.194041 
809 -0.153790 
810 -0.041006 
811 0.266082 
812 -0.187344 
813 -0.090078 
814 0.323526 
815 -0.249916 
816 -0.004247 
817 0.284161 
818 -0.071676 
819 -0.113023 
820 0.209293 
821 -0.068314 
822 -0.216273 
823 0.242707 
824 0.027777 
825 -0.130683 
826 0.197638 
827 -0.082409 
828 -0.158505 
829 0.240017 
830 -0.004057 
831 -0.144780 
832 0.215799 
833 0.099937 
834 -0.330992 
835 0.218026 
836 0.151962 
837 -0.303929 
838 0.196165 
839 0.034088 
840 -0.103928 
841 -0.028317 
842 0.206192 
843 -0.246761 
844 -0.018275 
845 0.307118 
846 -0.284338 
847 -0.129064 
848 0.338748 
849 -0.257819 
850 -0.194750 
851 0.340398 
852 -0.145132 
853 -0.184882 
854 0.290904 
855 -0.098867 
856 -0.270205 
857 0.190358 
858 -0.008185 
859 -0.204070 
860 0.364695 
861 -0.165001 
862 -0.103684 
863 0.136223 
864 -0.130251 
865 -0.081275 
866 0.223021 
867 -0.029585 
868 -0.224435 
869 0.340525 
870 0.017859 
871 -0.349688 
872 0.268001 
873 0.141586 
874 -0.389340 
875 0.300548 
876 0.180479 
877 -0.393386 
878 0.119926 
879 0.194048 
880 -0.307017 
881 0.095229 
882 0.340269 
883 -0.401383 
884 0.061753 
885 0.257063 
886 -0.310411 
887 0.138654 
888 0.183289 
889 -0.217276 
890 -0.018862 
891 0.179801 
892 -0.231551 
893 -0.040103 
894 0.248087 
895 -0.229622 
896 -0.004523 
897 0.193449 
898 -0.175661 
899 -0.262576 
900 0.267358 
901 0.032514 
902 -0.194508 
903 0.216876 
904 -0.034654 
905 -0.320952 
906 0.212813 
907 -0.069419 
908 -0.048982 
909 0.254637 
910 -0.083702 
911 -0.152589 
912 0.194487 
913 0.038180 
914 -0.255010 
915 0.304695 
916 -0.047815 
917 -0.261496 
918 0.332681 
919 0.020778 
920 -0.241232 
921 0.068466 
922 0.268570 
923 -0.307333 
924 0.038810 
925 0.296375 
926 -0.320157 
927 0.037778 
928 0.144008 
929 -0.194063 
930 -0.033945 
931 0.280840 
932 -0.298064 
933 -0.071277 
934 0.217370 
935 -0.209992 
936 -0.051314 
937 0.334944 
938 -0.194230 
939 -0.110871 
940 0.308224 
941 -0.172648 
942 -0.037408 
943 0.174492 
944 -0.041519 
945 -0.113666 
946 0.280554 
947 -0.067495 
948 -0.355876 
949 0.258384 
950 0.063516 
951 -0.268070 
952 0.326498 
953 0.103583 
954 -0.410952 
955 0.232995 
956 0.091595 
957 -0.225567 
958 0.186894 
959 0.224459 
960 -0.296373 
961 0.085613 
962 0.215674 
963 -0.476610 
964 0.325188 
965 0.172457 
966 -0.268957 
967 0.138531 
968 0.204057 
969 -0.362541 
970 0.078770 
971 0.244589 
972 -0.206917 
973 0.001312 
974 0.093651 
975 -0.099470 
976 -0.226514 
977 0.306704 
978 -0.179676 
979 -0.007410 
980 0.224501 
981 -0.306982 
982 0.087443 
983 0.144291 
984 -0.104446 
985 -0.207834 
986 0.327778 
987 -0.032406 
988 -0.211125 
989 0.237660 
990 -0.198916 
991 -0.204264 
992 0.292405 
993 -0.045985 
994 -0.129480 
995 0.270217 
996 -0.005195 
997 -0.293573 
998 0.117466 
999 0.050971 
1000 -0.254609 
1001 0.074900 
1002 0.231870 
1003 -0.519911 
1004 -0.097972 
1005 0.354593 
1006 -0.205274 
1007 -0.090377 
1008 0.387526 
1009 0.018594 
1010 -0.066143 
1011 0.112724 
1012 -0.146309 
1013 -0.092493 
1014 0.167138 
1015 -0.095889 
1016 -0.147216 
1017 0.273118 
1018 -0.274576 
1019 0.003963 
1020 0.378344 
1021 0.120682 
1022 -0.063518 
1023 -0.317095 
