0 0.562070 
1 0.602809 
2 -0.230542 
3 -0.054826 
4 -0.150712 
5 0.113625 
6 -0.075056 
7 -0.191918 
8 0.081485 
9 -0.086356 
10 0.060890 
11 -0.186535 
12 0.199657 
13 -0.164118 
14 -0.022341 
15 -0.018462 
16 0.082759 
17 -0.109292 
18 0.025384 
19 -0.021580 
20 0.039872 
21 -0.178032 
22 0.219203 
23 -0.273351 
24 0.244558 
25 -0.316349 
26 0.204635 
27 -0.229950 
28 0.233634 
29 -0.233962 
30 0.062033 
31 -0.092384 
32 0.118049 
33 -0.247816 
34 0.166868 
35 -0.122286 
36 0.186736 
37 -0.324083 
38 0.336528 
39 -0.209735 
40 -0.007997 
41 -0.087539 
42 0.134157 
43 -0.138486 
44 0.090834 
45 -0.057197 
46 -0.004942 
47 -0.110358 
48 0.139432 
49 -0.222709 
50 0.115641 
51 -0.059450 
52 -0.004421 
53 -0.054869 
54 0.014466 
55 -0.014185 
56 -0.163659 
57 0.103688 
58 -0.109730 
59 -0.002702 
60 -0.082352 
61 0.137666 
62 -0.175132 
63 0.043179 
64 -0.268322 
65 0.340669 
66 -0.304388 
67 0.214447 
68 -0.219320 
69 0.088746 
70 -0.095159 
71 0.009392 
72 -0.147557 
73 0.205318 
74 -0.292695 
75 0.144226 
76 -0.217173 
77 0.328870 
78 -0.381494 
79 0.161026 
80 -0.181030 
81 0.237936 
82 -0.375671 
83 0.276918 
84 -0.251801 
85 0.109719 
86 -0.145255 
87 0.145729 
88 -0.214952 
89 0.063648 
90 -0.129802 
91 0.121485 
92 -0.220548 
93 0.144570 
94 -0.195567 
95 0.105658 
96 -0.106672 
97 0.002228 
98 -0.106669 
99 0.035445 
100 -0.068747 
101 -0.066476 
102 0.047780 
103 0.048516 
104 -0.067236 
105 -0.030117 
106 0.047883 
107 -0.114230 
108 0.096427 
109 -0.059847 
110 0.052696 
111 -0.200332 
112 0.248393 
113 -0.330358 
114 0.220347 
115 -0.243421 
116 0.226587 
117 -0.358349 
118 0.222047 
119 -0.143473 
120 0.081669 
121 -0.161035 
122 0.109606 
123 -0.180010 
124 0.152843 
125 -0.171339 
126 0.270756 
127 -0.424734 
128 0.347032 
129 -0.336058 
130 0.198930 
131 -0.188262 
132 0.139923 
133 -0.157525 
134 0.105362 
135 -0.123142 
136 0.075172 
137 -0.106410 
138 0.171077 
139 -0.250949 
140 0.162441 
141 -0.071882 
142 0.077950 
143 -0.070786 
144 -0.010034 
145 0.048501 
146 -0.151715 
147 0.085808 
148 -0.049102 
149 0.013078 
150 -0.066225 
151 0.018587 
152 -0.048227 
153 0.055345 
154 -0.098877 
155 0.092918 
156 -0.131335 
157 0.109753 
158 -0.107343 
159 0.081276 
160 -0.182100 
161 0.209193 
162 -0.302086 
163 0.243217 
164 -0.245540 
165 0.229930 
166 -0.371790 
167 0.264066 
168 -0.300036 
169 0.217223 
170 -0.283403 
171 0.165221 
172 -0.283478 
173 0.198599 
174 -0.296079 
175 0.163713 
176 -0.213612 
177 0.096980 
178 -0.281720 
179 0.172898 
180 -0.192394 
181 0.032979 
182 -0.270107 
183 0.216545 
184 -0.256525 
185 0.031825 
186 -0.095653 
187 0.043722 
188 -0.160063 
189 0.008730 
190 0.050597 
191 -0.052737 
192 -0.038277 
193 0.030527 
194 0.014557 
195 -0.037005 
196 -0.049954 
197 0.034594 
198 0.060686 
199 -0.101048 
200 0.107703 
201 -0.135671 
202 0.219559 
203 -0.328672 
204 0.245822 
205 -0.197413 
206 0.191292 
207 -0.188047 
208 0.144124 
209 -0.082466 
210 0.008010 
211 -0.054551 
212 0.080641 
213 -0.155922 
214 0.246737 
215 -0.314273 
216 0.371278 
217 -0.426504 
218 0.420791 
219 -0.371757 
220 0.226615 
221 -0.146317 
222 0.116508 
223 -0.075177 
224 -0.010636 
225 -0.055915 
226 0.042902 
227 -0.174665 
228 0.193601 
229 -0.281588 
230 0.191764 
231 -0.199465 
232 0.119526 
233 -0.164041 
234 -0.013557 
235 -0.028082 
236 -0.103614 
237 0.038755 
238 -0.065132 
239 -0.071532 
240 -0.041036 
241 -0.043672 
242 -0.089587 
243 0.007770 
244 -0.022551 
245 -0.041597 
246 -0.178563 
247 0.194459 
248 -0.223224 
249 0.178633 
250 -0.269775 
251 0.147685 
252 -0.194601 
253 0.159330 
254 -0.216997 
255 0.214745 
256 -0.305009 
257 0.236174 
258 -0.169773 
259 0.159956 
260 -0.200161 
261 0.079228 
262 -0.128775 
263 0.163752 
264 -0.194994 
265 0.197441 
266 -0.256604 
267 0.205489 
268 -0.273971 
269 0.238902 
270 -0.221593 
271 0.124361 
272 -0.161221 
273 0.151345 
274 -0.212649 
275 0.190478 
276 -0.167982 
277 0.035202 
278 -0.039308 
279 -0.001512 
280 0.050295 
281 -0.114910 
282 0.137233 
283 -0.066183 
284 -0.115331 
285 0.093450 
286 -0.034018 
287 0.041638 
288 -0.121466 
289 0.014065 
290 -0.036167 
291 -0.113567 
292 0.111467 
293 -0.199885 
294 0.106363 
295 -0.205745 
296 0.124420 
297 -0.133149 
298 0.040108 
299 -0.159746 
300 0.098216 
301 -0.125262 
302 0.080521 
303 -0.224489 
304 0.258710 
305 -0.311901 
306 0.141738 
307 -0.205228 
308 0.258787 
309 -0.332012 
310 0.142554 
311 -0.152630 
312 0.087393 
313 -0.146834 
314 0.053037 
315 -0.091087 
316 0.086823 
317 -0.150699 
318 0.214298 
319 -0.301080 
320 0.226585 
321 -0.244434 
322 0.184720 
323 -0.175763 
324 0.169953 
325 -0.142089 
326 -0.025178 
327 -0.016859 
328 0.014383 
329 -0.048970 
330 0.013537 
331 -0.011052 
332 0.029507 
333 0.029774 
334 -0.087604 
335 0.054948 
336 -0.057591 
337 0.053960 
338 -0.103678 
339 0.110078 
340 -0.135162 
341 0.080653 
342 -0.119402 
343 0.088422 
344 -0.207608 
345 0.073168 
346 -0.086637 
347 0.146639 
348 -0.236609 
349 0.148945 
350 -0.245212 
351 0.143931 
352 -0.217932 
353 0.196900 
354 -0.276924 
355 0.221187 
356 -0.326358 
357 0.218979 
358 -0.253886 
359 0.148794 
360 -0.214166 
361 0.058564 
362 -0.056908 
363 -0.000757 
364 -0.141983 
365 0.134466 
366 -0.300007 
367 0.168168 
368 -0.188299 
369 0.160644 
370 -0.184081 
371 0.032687 
372 -0.064381 
373 0.051903 
374 -0.070575 
375 0.048477 
376 -0.110647 
377 0.019714 
378 -0.041374 
379 0.053207 
380 -0.050968 
381 -0.059777 
382 0.065015 
383 -0.147025 
384 0.133824 
385 -0.078076 
386 0.060604 
387 -0.176576 
388 0.130839 
389 -0.050683 
390 0.109576 
391 -0.111222 
392 0.130022 
393 -0.169088 
394 0.135374 
395 -0.151134 
396 0.250114 
397 -0.261816 
398 0.195387 
399 -0.215156 
400 0.231167 
401 -0.243144 
402 0.140485 
403 -0.166952 
404 0.173009 
405 -0.298723 
406 0.242018 
407 -0.214920 
408 0.115575 
409 -0.314483 
410 0.276508 
411 -0.283483 
412 0.154733 
413 -0.216266 
414 0.127060 
415 -0.184669 
416 -0.013653 
417 -0.044310 
418 0.012069 
419 -0.088336 
420 -0.034963 
421 -0.073633 
422 0.092888 
423 -0.122510 
424 0.048202 
425 -0.224875 
426 0.109985 
427 -0.107346 
428 0.019049 
429 0.035376 
430 -0.181852 
431 0.044851 
432 -0.168303 
433 0.185625 
434 -0.267583 
435 0.150257 
436 -0.191822 
437 0.077196 
438 -0.101466 
439 0.162480 
440 -0.240069 
441 0.082588 
442 -0.143569 
443 0.232321 
444 -0.265496 
445 0.308567 
446 -0.314360 
447 0.230495 
448 -0.226758 
449 0.253233 
450 -0.170796 
451 0.096791 
452 -0.136920 
453 0.142203 
454 -0.160445 
455 0.212108 
456 -0.279721 
457 0.248953 
458 -0.316931 
459 0.259248 
460 -0.247093 
461 0.253321 
462 -0.250235 
463 0.028318 
464 -0.032771 
465 0.081677 
466 -0.162380 
467 0.007908 
468 -0.028347 
469 -0.049407 
470 -0.053876 
471 0.033172 
472 -0.018625 
473 -0.143083 
474 0.045690 
475 -0.070266 
476 -0.002692 
477 -0.045939 
478 0.003079 
479 -0.050434 
480 0.040269 
481 -0.129915 
482 0.060844 
483 -0.205534 
484 0.239840 
485 -0.288499 
486 0.193940 
487 -0.209208 
488 0.208039 
489 -0.320345 
490 0.239543 
491 -0.247863 
492 0.186815 
493 -0.288451 
494 0.260430 
495 -0.252308 
496 0.193038 
497 -0.221529 
498 0.184050 
499 -0.238046 
500 0.239891 
501 -0.340324 
502 0.294332 
503 -0.156502 
504 0.143793 
505 -0.281701 
506 0.202803 
507 -0.106699 
508 -0.060069 
509 0.012625 
510 0.138389 
511 -0.225963 
512 0.096037 
513 -0.036329 
514 0.169096 
515 -0.335422 
516 0.222486 
517 -0.089911 
518 -0.064420 
519 0.078862 
520 -0.110375 
521 0.121986 
522 -0.297776 
523 0.172402 
524 -0.233707 
525 0.084038 
526 -0.102821 
527 -0.036966 
528 -0.038954 
529 0.039956 
530 -0.185245 
531 0.005942 
532 -0.128987 
533 0.205444 
534 -0.378951 
535 0.331795 
536 -0.297739 
537 0.196697 
538 -0.333082 
539 0.302016 
540 -0.296977 
541 0.114479 
542 -0.150178 
543 0.145059 
544 -0.223858 
545 0.235375 
546 -0.317420 
547 0.176164 
548 -0.277835 
549 0.255767 
550 -0.303163 
551 0.206582 
552 -0.148529 
553 0.041841 
554 -0.119672 
555 0.130336 
556 -0.186608 
557 0.080374 
558 -0.039049 
559 0.095768 
560 -0.190893 
561 0.133225 
562 -0.067028 
563 0.014202 
564 -0.004735 
565 0.011315 
566 -0.005598 
567 -0.028794 
568 0.081608 
569 -0.155889 
570 0.132391 
571 -0.042962 
572 0.019154 
573 -0.228191 
574 0.271399 
575 -0.189301 
576 0.057350 
577 -0.154277 
578 0.208012 
579 -0.311359 
580 0.169418 
581 -0.116903 
582 0.124164 
583 -0.279866 
584 0.229949 
585 -0.229653 
586 0.214222 
587 -0.233007 
588 0.181650 
589 -0.308542 
590 0.267733 
591 -0.300304 
592 0.233984 
593 -0.339657 
594 0.337628 
595 -0.342848 
596 0.207825 
597 -0.180900 
598 -0.002596 
599 -0.124213 
600 0.155558 
601 -0.154948 
602 0.013386 
603 -0.123655 
604 0.132300 
605 -0.252053 
606 0.118532 
607 -0.144043 
608 -0.020571 
609 0.044083 
610 -0.065553 
611 -0.010370 
612 -0.099581 
613 0.127034 
614 -0.162015 
615 -0.059887 
616 0.051964 
617 -0.033159 
618 -0.060070 
619 0.058052 
620 -0.097821 
621 0.025090 
622 -0.203648 
623 0.312498 
624 -0.296953 
625 0.195230 
626 -0.195463 
627 0.218587 
628 -0.231669 
629 0.174602 
630 -0.188370 
631 0.180611 
632 -0.260142 
633 0.188547 
634 -0.180169 
635 0.228897 
636 -0.363993 
637 0.190759 
638 -0.224309 
639 0.278730 
640 -0.346436 
641 0.261577 
642 -0.209950 
643 0.106425 
644 -0.193563 
645 0.190068 
646 -0.148380 
647 0.071425 
648 -0.173266 
649 0.152509 
650 -0.218168 
651 0.221030 
652 -0.234521 
653 0.073075 
654 -0.134079 
655 0.097102 
656 -0.104903 
657 0.013899 
658 -0.026512 
659 -0.091141 
660 0.085689 
661 -0.079986 
662 -0.019773 
663 -0.132567 
664 0.051051 
665 -0.099527 
666 0.051060 
667 -0.148784 
668 0.113403 
669 -0.230636 
670 0.159483 
671 -0.218391 
672 0.181809 
673 -0.260703 
674 0.220151 
675 -0.301289 
676 0.236972 
677 -0.137699 
678 0.114265 
679 -0.311520 
680 0.264251 
681 -0.191052 
682 0.168690 
683 -0.286116 
684 0.292156 
685 -0.327059 
686 0.222620 
687 -0.252241 
688 0.203551 
689 -0.207511 
690 0.098928 
691 -0.188455 
692 0.184713 
693 -0.238764 
694 0.209153 
695 -0.258686 
696 0.215364 
697 -0.230263 
698 0.128906 
699 -0.012078 
700 -0.006213 
701 -0.023371 
702 -0.070951 
703 0.024800 
704 -0.085610 
705 0.005410 
706 0.055417 
707 -0.075990 
708 -0.043108 
709 -0.002841 
710 -0.019709 
711 0.003189 
712 -0.125740 
713 0.103192 
714 -0.210510 
715 0.268476 
716 -0.274737 
717 0.086285 
718 -0.142416 
719 0.153005 
720 -0.251982 
721 0.163840 
722 -0.180878 
723 0.145224 
724 -0.277203 
725 0.286302 
726 -0.286445 
727 0.197092 
728 -0.320974 
729 0.265945 
730 -0.313279 
731 0.245571 
732 -0.284860 
733 0.200475 
734 -0.235169 
735 0.126590 
736 -0.162945 
737 0.164551 
738 -0.188747 
739 0.052884 
740 -0.145154 
741 0.295349 
742 -0.341732 
743 0.168188 
744 -0.186712 
745 0.182009 
746 -0.250691 
747 0.140498 
748 0.011022 
749 -0.066596 
750 -0.032241 
751 -0.030091 
752 0.086056 
753 -0.119847 
754 0.017647 
755 0.011299 
756 0.000808 
757 -0.016873 
758 -0.030533 
759 -0.066175 
760 0.108187 
761 -0.196504 
762 0.198496 
763 -0.178261 
764 0.159581 
765 -0.291955 
766 0.311403 
767 -0.196571 
768 0.062777 
769 -0.182106 
770 0.228338 
771 -0.252321 
772 0.098529 
773 -0.200992 
774 0.237083 
775 -0.336812 
776 0.187052 
777 -0.296627 
778 0.216943 
779 -0.321923 
780 0.147075 
781 -0.237970 
782 0.123908 
783 -0.232813 
784 0.137576 
785 -0.260486 
786 0.169129 
787 -0.234279 
788 0.047203 
789 -0.127183 
790 0.079197 
791 -0.107095 
792 0.069729 
793 -0.185716 
794 0.017118 
795 -0.084757 
796 0.076219 
797 -0.172064 
798 0.092681 
799 -0.076806 
800 -0.072227 
801 0.050733 
802 -0.103556 
803 0.058548 
804 -0.196372 
805 0.201068 
806 -0.192177 
807 0.174187 
808 -0.118217 
809 0.161318 
810 -0.240052 
811 0.154769 
812 -0.054930 
813 0.167814 
814 -0.180185 
815 0.207360 
816 -0.208533 
817 0.213772 
818 -0.249891 
819 0.235003 
820 -0.291773 
821 0.300388 
822 -0.217217 
823 0.195279 
824 -0.213266 
825 0.210940 
826 -0.220834 
827 0.135897 
828 -0.137676 
829 0.186114 
830 -0.242358 
831 0.249514 
832 -0.325236 
833 0.261841 
834 -0.248541 
835 0.063869 
836 -0.095041 
837 0.032509 
838 -0.018554 
839 -0.086967 
840 0.153432 
841 -0.171493 
842 -0.070647 
843 0.067786 
844 -0.058851 
845 0.035747 
846 -0.158457 
847 0.087720 
848 -0.122231 
849 -0.124058 
850 0.069011 
851 -0.098379 
852 0.071104 
853 -0.245998 
854 0.197372 
855 -0.271659 
856 0.135624 
857 -0.159854 
858 0.095670 
859 -0.172078 
860 0.102230 
861 -0.136877 
862 0.169535 
863 -0.268528 
864 0.150048 
865 -0.312713 
866 0.378354 
867 -0.283468 
868 0.153749 
869 -0.232139 
870 0.119475 
871 -0.228733 
872 0.194811 
873 -0.121435 
874 0.096363 
875 -0.316312 
876 0.254441 
877 -0.152684 
878 0.087330 
879 -0.246948 
880 0.203365 
881 -0.161830 
882 0.122998 
883 -0.190550 
884 0.078415 
885 -0.148297 
886 -0.035006 
887 -0.065320 
888 0.120533 
889 -0.100448 
890 -0.048948 
891 -0.047981 
892 -0.083118 
893 -0.016913 
894 -0.030882 
895 0.033057 
896 -0.122308 
897 0.057130 
898 -0.119032 
899 0.088728 
900 -0.189203 
901 0.096203 
902 -0.181328 
903 0.122400 
904 -0.059364 
905 0.185899 
906 -0.327296 
907 0.193093 
908 -0.159039 
909 0.145585 
910 -0.208456 
911 0.292253 
912 -0.321913 
913 0.168384 
914 -0.212023 
915 0.187468 
916 -0.222760 
917 0.142619 
918 -0.192575 
919 0.196370 
920 -0.266462 
921 0.202216 
922 -0.281562 
923 0.247006 
924 -0.278308 
925 0.189632 
926 -0.103535 
927 0.160574 
928 -0.096130 
929 -0.050958 
930 -0.001613 
931 0.017822 
932 -0.041365 
933 0.164633 
934 -0.122243 
935 0.086387 
936 -0.165006 
937 0.143577 
938 -0.027408 
939 -0.055447 
940 0.030709 
941 -0.098918 
942 0.126569 
943 -0.165989 
944 0.081424 
945 -0.220613 
946 0.120298 
947 -0.186834 
948 0.143995 
949 -0.102859 
950 0.009620 
951 -0.202454 
952 0.064167 
953 -0.027318 
954 0.137355 
955 -0.214022 
956 0.198186 
957 -0.334491 
958 0.287676 
959 -0.378465 
960 0.209348 
961 -0.271094 
962 0.162778 
963 -0.223643 
964 0.210766 
965 -0.200720 
966 -0.081952 
967 -0.295119 
968 0.218600 
969 -0.139759 
970 0.140399 
971 -0.255699 
972 0.208018 
973 -0.249455 
974 -0.020040 
975 0.032066 
976 0.010110 
977 -0.116820 
978 0.154686 
979 -0.039724 
980 -0.084634 
981 -0.159425 
982 0.102213 
983 0.010723 
984 0.011457 
985 -0.015661 
986 0.005926 
987 0.112935 
988 -0.172687 
989 -0.057583 
990 0.033471 
991 0.120114 
992 -0.146988 
993 0.028126 
994 -0.005875 
995 0.110703 
996 -0.430187 
997 0.166834 
998 -0.256417 
999 0.143499 
1000 -0.280662 
1001 0.294538 
1002 -0.361908 
1003 0.170161 
1004 -0.122536 
1005 0.234791 
1006 -0.264182 
1007 0.305701 
1008 -0.187245 
1009 0.132817 
1010 -0.383639 
1011 0.132190 
1012 -0.204459 
1013 0.436519 
1014 -0.451727 
1015 -0.012011 
1016 -0.202617 
1017 0.469875 
1018 -0.187993 
1019 0.042112 
1020 -0.002943 
1021 -0.006867 
1022 -0.356046 
1023 0.309143 
