0 0.000908 
1 0.001167 
2 0.001221 
3 0.001105 
4 0.000842 
5 0.000508 
6 0.000113 
7 -0.000315 
8 -0.000701 
9 -0.000948 
10 -0.000976 
11 -0.000792 
12 -0.000470 
13 -0.000111 
14 0.000294 
15 0.000651 
16 0.000835 
17 0.000803 
18 0.000621 
19 0.000310 
20 -0.000053 
21 -0.000386 
22 -0.000596 
23 -0.000638 
24 -0.000491 
25 -0.000184 
26 0.000134 
27 0.000396 
28 0.000619 
29 0.000775 
30 0.000760 
31 0.000509 
32 0.000100 
33 -0.000302 
34 -0.000643 
35 -0.000912 
36 -0.001048 
37 -0.000922 
38 -0.000521 
39 -0.000033 
40 0.000363 
41 0.000737 
42 0.001161 
43 0.001513 
44 0.001617 
45 0.001372 
46 0.000865 
47 0.000290 
48 -0.000269 
49 -0.000831 
50 -0.001347 
51 -0.001644 
52 -0.001572 
53 -0.001183 
54 -0.000626 
55 0.000030 
56 0.000772 
57 0.001523 
58 0.002095 
59 0.002288 
60 0.002055 
61 0.001524 
62 0.000819 
63 0.000040 
64 -0.000724 
65 -0.001390 
66 -0.001888 
67 -0.002085 
68 -0.001876 
69 -0.001267 
70 -0.000374 
71 0.000690 
72 0.001684 
73 0.002381 
74 0.002634 
75 0.002473 
76 0.001998 
77 0.001312 
78 0.000434 
79 -0.000535 
80 -0.001347 
81 -0.001778 
82 -0.001712 
83 -0.001261 
84 -0.000607 
85 0.000075 
86 0.000682 
87 0.001145 
88 0.001407 
89 0.001399 
90 0.001246 
91 0.001019 
92 0.000636 
93 0.000095 
94 -0.000334 
95 -0.000437 
96 -0.000343 
97 -0.000247 
98 -0.000157 
99 0.000054 
100 0.000436 
101 0.000805 
102 0.001023 
103 0.001054 
104 0.000932 
105 0.000648 
106 0.000213 
107 -0.000335 
108 -0.000875 
109 -0.001129 
110 -0.001139 
111 -0.000974 
112 -0.000519 
113 0.000279 
114 0.001248 
115 0.002049 
116 0.002576 
117 0.002864 
118 0.002806 
119 0.002227 
120 0.001122 
121 -0.000317 
122 -0.001784 
123 -0.002943 
124 -0.003658 
125 -0.003816 
126 -0.003309 
127 -0.002106 
128 -0.000378 
129 0.001502 
130 0.003220 
131 0.004467 
132 0.004974 
133 0.004627 
134 0.003413 
135 0.001596 
136 -0.000386 
137 -0.002102 
138 -0.003376 
139 -0.004209 
140 -0.004431 
141 -0.003873 
142 -0.002515 
143 -0.000787 
144 0.000778 
145 0.001823 
146 0.002496 
147 0.003018 
148 0.003389 
149 0.003438 
150 0.002855 
151 0.001678 
152 0.000269 
153 -0.000992 
154 -0.002102 
155 -0.003060 
156 -0.003505 
157 -0.003233 
158 -0.002293 
159 -0.001036 
160 0.000237 
161 0.001432 
162 0.002368 
163 0.002767 
164 0.002415 
165 0.001440 
166 0.000342 
167 -0.000591 
168 -0.001488 
169 -0.002214 
170 -0.002396 
171 -0.001809 
172 -0.000744 
173 0.000452 
174 0.001483 
175 0.002143 
176 0.002335 
177 0.001904 
178 0.000916 
179 -0.000519 
180 -0.002108 
181 -0.003634 
182 -0.004544 
183 -0.004572 
184 -0.003495 
185 -0.001802 
186 0.000188 
187 0.002181 
188 0.003839 
189 0.004826 
190 0.004931 
191 0.004006 
192 0.002176 
193 -0.000097 
194 -0.002294 
195 -0.004131 
196 -0.005329 
197 -0.005862 
198 -0.005644 
199 -0.004738 
200 -0.003289 
201 -0.001743 
202 -0.000076 
203 0.001874 
204 0.003901 
205 0.005292 
206 0.005547 
207 0.004732 
208 0.003399 
209 0.001694 
210 -0.000773 
211 -0.003904 
212 -0.006780 
213 -0.008346 
214 -0.008292 
215 -0.007104 
216 -0.004909 
217 -0.002071 
218 0.001059 
219 0.004073 
220 0.006139 
221 0.006751 
222 0.005950 
223 0.004191 
224 0.001581 
225 -0.001528 
226 -0.004414 
227 -0.006365 
228 -0.006941 
229 -0.006223 
230 -0.004547 
231 -0.002395 
232 -0.000058 
233 0.002034 
234 0.003446 
235 0.003858 
236 0.003212 
237 0.001828 
238 -0.000200 
239 -0.002296 
240 -0.003767 
241 -0.004243 
242 -0.003458 
243 -0.001787 
244 -0.000112 
245 0.000894 
246 0.001457 
247 0.001703 
248 0.001592 
249 0.000960 
250 -0.000242 
251 -0.001673 
252 -0.002876 
253 -0.003315 
254 -0.003313 
255 -0.003323 
256 -0.003368 
257 -0.002904 
258 -0.001942 
259 -0.000842 
260 0.000215 
261 0.001609 
262 0.003383 
263 0.005137 
264 0.005954 
265 0.005061 
266 0.002872 
267 0.000009 
268 -0.003292 
269 -0.006755 
270 -0.009874 
271 -0.011407 
272 -0.010670 
273 -0.008041 
274 -0.004002 
275 0.001016 
276 0.006088 
277 0.010197 
278 0.012601 
279 0.012460 
280 0.009541 
281 0.004500 
282 -0.001326 
283 -0.006623 
284 -0.010562 
285 -0.012849 
286 -0.013298 
287 -0.011662 
288 -0.008022 
289 -0.003229 
290 0.001667 
291 0.005315 
292 0.007595 
293 0.008683 
294 0.008154 
295 0.006235 
296 0.003691 
297 0.001090 
298 -0.001060 
299 -0.002590 
300 -0.003917 
301 -0.005030 
302 -0.005568 
303 -0.005213 
304 -0.004474 
305 -0.003757 
306 -0.002934 
307 -0.001326 
308 0.000941 
309 0.003050 
310 0.004080 
311 0.004047 
312 0.003448 
313 0.002690 
314 0.001393 
315 -0.000968 
316 -0.003516 
317 -0.004725 
318 -0.003850 
319 -0.001647 
320 0.000544 
321 0.002448 
322 0.004022 
323 0.004697 
324 0.003825 
325 0.001513 
326 -0.002155 
327 -0.006347 
328 -0.009476 
329 -0.010399 
330 -0.009005 
331 -0.005560 
332 -0.000425 
333 0.005320 
334 0.010329 
335 0.013620 
336 0.014590 
337 0.013379 
338 0.009861 
339 0.004215 
340 -0.002639 
341 -0.009069 
342 -0.013643 
343 -0.015304 
344 -0.014025 
345 -0.010306 
346 -0.005573 
347 -0.000986 
348 0.003407 
349 0.007575 
350 0.010888 
351 0.012660 
352 0.012319 
353 0.010190 
354 0.007305 
355 0.004330 
356 0.001301 
357 -0.002033 
358 -0.005693 
359 -0.009327 
360 -0.012043 
361 -0.012587 
362 -0.010641 
363 -0.006778 
364 -0.001906 
365 0.003278 
366 0.008092 
367 0.011735 
368 0.013694 
369 0.013193 
370 0.009996 
371 0.005114 
372 -0.000525 
373 -0.006015 
374 -0.009767 
375 -0.010555 
376 -0.008757 
377 -0.005603 
378 -0.001887 
379 0.001889 
380 0.005157 
381 0.007092 
382 0.007394 
383 0.006699 
384 0.004847 
385 0.001511 
386 -0.002459 
387 -0.005196 
388 -0.005878 
389 -0.004777 
390 -0.002779 
391 -0.000501 
392 0.002019 
393 0.004959 
394 0.007756 
395 0.009166 
396 0.008339 
397 0.005388 
398 0.001162 
399 -0.003588 
400 -0.007737 
401 -0.009802 
402 -0.009663 
403 -0.007824 
404 -0.004856 
405 -0.000788 
406 0.004053 
407 0.008802 
408 0.012081 
409 0.012837 
410 0.011238 
411 0.008425 
412 0.004812 
413 0.000374 
414 -0.004493 
415 -0.008808 
416 -0.011626 
417 -0.012779 
418 -0.012754 
419 -0.010846 
420 -0.006814 
421 -0.000839 
422 0.005909 
423 0.011960 
424 0.016177 
425 0.017920 
426 0.016653 
427 0.012828 
428 0.006855 
429 -0.000656 
430 -0.008772 
431 -0.016058 
432 -0.020284 
433 -0.020207 
434 -0.016514 
435 -0.010506 
436 -0.002945 
437 0.004407 
438 0.010500 
439 0.014732 
440 0.016798 
441 0.016864 
442 0.014154 
443 0.008440 
444 0.000899 
445 -0.006423 
446 -0.011840 
447 -0.014427 
448 -0.014355 
449 -0.012382 
450 -0.008949 
451 -0.004913 
452 -0.000409 
453 0.004135 
454 0.007725 
455 0.009052 
456 0.007822 
457 0.004811 
458 0.001704 
459 -0.000703 
460 -0.002435 
461 -0.003679 
462 -0.003850 
463 -0.003039 
464 -0.002264 
465 -0.001710 
466 -0.000718 
467 0.000472 
468 0.001486 
469 0.001542 
470 0.000211 
471 -0.001697 
472 -0.003260 
473 -0.004513 
474 -0.006065 
475 -0.007977 
476 -0.008812 
477 -0.007547 
478 -0.004693 
479 -0.000667 
480 0.004246 
481 0.009004 
482 0.012929 
483 0.015285 
484 0.015038 
485 0.010732 
486 0.002781 
487 -0.006523 
488 -0.014794 
489 -0.020134 
490 -0.021943 
491 -0.020636 
492 -0.016265 
493 -0.008890 
494 0.000465 
495 0.009952 
496 0.017314 
497 0.021217 
498 0.021602 
499 0.018687 
500 0.013074 
501 0.005157 
502 -0.003738 
503 -0.011177 
504 -0.015780 
505 -0.017614 
506 -0.017453 
507 -0.015179 
508 -0.011360 
509 -0.006371 
510 -0.000624 
511 0.005557 
512 0.010862 
513 0.014105 
514 0.014765 
515 0.013304 
516 0.009983 
517 0.005804 
518 0.000858 
519 -0.004498 
520 -0.009291 
521 -0.012321 
522 -0.012639 
523 -0.010345 
524 -0.006350 
525 -0.001917 
526 0.003039 
527 0.007372 
528 0.009568 
529 0.009129 
530 0.006886 
531 0.003131 
532 -0.001230 
533 -0.005178 
534 -0.007629 
535 -0.008072 
536 -0.006315 
537 -0.002690 
538 0.001001 
539 0.004008 
540 0.006533 
541 0.008252 
542 0.008018 
543 0.005146 
544 0.000550 
545 -0.003923 
546 -0.007621 
547 -0.010497 
548 -0.011908 
549 -0.010458 
550 -0.006105 
551 -0.000890 
552 0.003276 
553 0.007145 
554 0.011476 
555 0.015004 
556 0.015940 
557 0.013329 
558 0.008148 
559 0.002364 
560 -0.003139 
561 -0.008580 
562 -0.013484 
563 -0.016183 
564 -0.015347 
565 -0.011553 
566 -0.006263 
567 -0.000179 
568 0.006589 
569 0.013280 
570 0.018255 
571 0.019782 
572 0.017546 
573 0.012786 
574 0.006633 
575 -0.000017 
576 -0.006406 
577 -0.011869 
578 -0.015844 
579 -0.017266 
580 -0.015389 
581 -0.010382 
582 -0.003243 
583 0.005074 
584 0.012677 
585 0.017864 
586 0.019597 
587 0.018187 
588 0.014503 
589 0.009348 
590 0.002957 
591 -0.003954 
592 -0.009599 
593 -0.012470 
594 -0.011877 
595 -0.008653 
596 -0.004151 
597 0.000444 
598 0.004432 
599 0.007394 
600 0.009004 
601 0.008856 
602 0.007808 
603 0.006320 
604 0.003924 
605 0.000627 
606 -0.001944 
607 -0.002505 
608 -0.001923 
609 -0.001344 
610 -0.000806 
611 0.000405 
612 0.002545 
613 0.004571 
614 0.005721 
615 0.005830 
616 0.005114 
617 0.003569 
618 0.001288 
619 -0.001529 
620 -0.004227 
621 -0.005444 
622 -0.005408 
623 -0.004534 
624 -0.002275 
625 0.001569 
626 0.006142 
627 0.009814 
628 0.012132 
629 0.013306 
630 0.012898 
631 0.010187 
632 0.005223 
633 -0.001084 
634 -0.007378 
635 -0.012190 
636 -0.015042 
637 -0.015508 
638 -0.013235 
639 -0.008187 
640 -0.001142 
641 0.006339 
642 0.013012 
643 0.017704 
644 0.019443 
645 0.017911 
646 0.013164 
647 0.006297 
648 -0.001022 
649 -0.007193 
650 -0.011656 
651 -0.014470 
652 -0.015081 
653 -0.012979 
654 -0.008190 
655 -0.002254 
656 0.003000 
657 0.006415 
658 0.008545 
659 0.010137 
660 0.011210 
661 0.011235 
662 0.009302 
663 0.005571 
664 0.001235 
665 -0.002579 
666 -0.005849 
667 -0.008618 
668 -0.009826 
669 -0.008941 
670 -0.006171 
671 -0.002571 
672 0.001007 
673 0.004288 
674 0.006778 
675 0.007774 
676 0.006744 
677 0.004109 
678 0.001198 
679 -0.001228 
680 -0.003504 
681 -0.005316 
682 -0.005721 
683 -0.004212 
684 -0.001571 
685 0.001335 
686 0.003774 
687 0.005281 
688 0.005667 
689 0.004596 
690 0.002284 
691 -0.000982 
692 -0.004529 
693 -0.007861 
694 -0.009772 
695 -0.009726 
696 -0.007317 
697 -0.003668 
698 0.000522 
699 0.004632 
700 0.007959 
701 0.009869 
702 0.009963 
703 0.008009 
704 0.004331 
705 -0.000137 
706 -0.004356 
707 -0.007807 
708 -0.009969 
709 -0.010850 
710 -0.010338 
711 -0.008581 
712 -0.005904 
713 -0.003112 
714 -0.000157 
715 0.003230 
716 0.006677 
717 0.008961 
718 0.009291 
719 0.007820 
720 0.005526 
721 0.002671 
722 -0.001340 
723 -0.006343 
724 -0.010825 
725 -0.013172 
726 -0.012954 
727 -0.010997 
728 -0.007549 
729 -0.003218 
730 0.001457 
731 0.005862 
732 0.008785 
733 0.009558 
734 0.008321 
735 0.005759 
736 0.002067 
737 -0.002235 
738 -0.006140 
739 -0.008703 
740 -0.009387 
741 -0.008347 
742 -0.006071 
743 -0.003228 
744 -0.000204 
745 0.002455 
746 0.004205 
747 0.004677 
748 0.003824 
749 0.002102 
750 -0.000364 
751 -0.002854 
752 -0.004556 
753 -0.005062 
754 -0.004111 
755 -0.002170 
756 -0.000262 
757 0.000864 
758 0.001485 
759 0.001737 
760 0.001599 
761 0.000906 
762 -0.000379 
763 -0.001880 
764 -0.003111 
765 -0.003531 
766 -0.003497 
767 -0.003473 
768 -0.003484 
769 -0.002988 
770 -0.002020 
771 -0.000926 
772 0.000096 
773 0.001407 
774 0.003050 
775 0.004634 
776 0.005334 
777 0.004472 
778 0.002471 
779 -0.000091 
780 -0.002983 
781 -0.005952 
782 -0.008563 
783 -0.009765 
784 -0.009038 
785 -0.006756 
786 -0.003358 
787 0.000769 
788 0.004854 
789 0.008078 
790 0.009890 
791 0.009674 
792 0.007321 
793 0.003393 
794 -0.001050 
795 -0.004994 
796 -0.007856 
797 -0.009444 
798 -0.009669 
799 -0.008390 
800 -0.005715 
801 -0.002283 
802 0.001144 
803 0.003641 
804 0.005156 
805 0.005834 
806 0.005426 
807 0.004106 
808 0.002403 
809 0.000708 
810 -0.000673 
811 -0.001631 
812 -0.002443 
813 -0.003106 
814 -0.003397 
815 -0.003149 
816 -0.002666 
817 -0.002211 
818 -0.001700 
819 -0.000744 
820 0.000572 
821 0.001767 
822 0.002326 
823 0.002286 
824 0.001937 
825 0.001509 
826 0.000796 
827 -0.000467 
828 -0.001804 
829 -0.002414 
830 -0.001929 
831 -0.000778 
832 0.000339 
833 0.001291 
834 0.002058 
835 0.002362 
836 0.001913 
837 0.000787 
838 -0.000959 
839 -0.002905 
840 -0.004314 
841 -0.004681 
842 -0.003989 
843 -0.002396 
844 -0.000092 
845 0.002429 
846 0.004578 
847 0.005936 
848 0.006286 
849 0.005707 
850 0.004186 
851 0.001824 
852 -0.000974 
853 -0.003539 
854 -0.005309 
855 -0.005899 
856 -0.005332 
857 -0.003842 
858 -0.002003 
859 -0.000264 
860 0.001364 
861 0.002879 
862 0.004049 
863 0.004638 
864 0.004463 
865 0.003662 
866 0.002618 
867 0.001569 
868 0.000523 
869 -0.000602 
870 -0.001811 
871 -0.002983 
872 -0.003829 
873 -0.003955 
874 -0.003295 
875 -0.002050 
876 -0.000518 
877 0.001072 
878 0.002514 
879 0.003575 
880 0.004110 
881 0.003915 
882 0.002944 
883 0.001513 
884 -0.000102 
885 -0.001633 
886 -0.002647 
887 -0.002830 
888 -0.002311 
889 -0.001445 
890 -0.000451 
891 0.000536 
892 0.001370 
893 0.001846 
894 0.001899 
895 0.001701 
896 0.001224 
897 0.000398 
898 -0.000562 
899 -0.001205 
900 -0.001352 
901 -0.001083 
902 -0.000612 
903 -0.000088 
904 0.000477 
905 0.001123 
906 0.001722 
907 0.002006 
908 0.001806 
909 0.001161 
910 0.000263 
911 -0.000719 
912 -0.001555 
913 -0.001957 
914 -0.001910 
915 -0.001525 
916 -0.000934 
917 -0.000141 
918 0.000780 
919 0.001664 
920 0.002255 
921 0.002369 
922 0.002052 
923 0.001527 
924 0.000867 
925 0.000080 
926 -0.000766 
927 -0.001497 
928 -0.001957 
929 -0.002128 
930 -0.002102 
931 -0.001768 
932 -0.001099 
933 -0.000133 
934 0.000932 
935 0.001865 
936 0.002493 
937 0.002731 
938 0.002509 
939 0.001911 
940 0.001011 
941 -0.000092 
942 -0.001261 
943 -0.002285 
944 -0.002855 
945 -0.002815 
946 -0.002277 
947 -0.001436 
948 -0.000406 
949 0.000575 
950 0.001370 
951 0.001905 
952 0.002152 
953 0.002139 
954 0.001774 
955 0.001043 
956 0.000102 
957 -0.000793 
958 -0.001439 
959 -0.001734 
960 -0.001708 
961 -0.001461 
962 -0.001049 
963 -0.000579 
964 -0.000063 
965 0.000447 
966 0.000841 
967 0.000980 
968 0.000837 
969 0.000507 
970 0.000172 
971 -0.000085 
972 -0.000267 
973 -0.000395 
974 -0.000411 
975 -0.000325 
976 -0.000244 
977 -0.000185 
978 -0.000083 
979 0.000036 
980 0.000134 
981 0.000139 
982 0.000010 
983 -0.000172 
984 -0.000318 
985 -0.000432 
986 -0.000574 
987 -0.000745 
988 -0.000816 
989 -0.000695 
990 -0.000432 
991 -0.000068 
992 0.000370 
993 0.000791 
994 0.001132 
995 0.001335 
996 0.001307 
997 0.000928 
998 0.000241 
999 -0.000555 
1000 -0.001254 
1001 -0.001698 
1002 -0.001841 
1003 -0.001722 
1004 -0.001350 
1005 -0.000731 
1006 0.000048 
1007 0.000831 
1008 0.001433 
1009 0.001749 
1010 0.001776 
1011 0.001535 
1012 0.001077 
1013 0.000435 
1014 -0.000284 
1015 -0.000882 
1016 -0.001250 
1017 -0.001396 
1018 -0.001382 
1019 -0.001199 
1020 -0.000893 
1021 -0.000492 
1022 -0.000030 
1023 0.000465 
