0 0.006960 
1 -0.005913 
2 0.001344 
3 0.002494 
4 0.017839 
5 -0.004896 
6 -0.002931 
7 0.005572 
8 0.008384 
9 0.006878 
10 -0.016692 
11 -0.003482 
12 0.010905 
13 0.005004 
14 -0.022062 
15 -0.019698 
16 0.011979 
17 0.011378 
18 0.003730 
19 -0.022315 
20 0.018047 
21 0.010750 
22 0.016483 
23 -0.007443 
24 0.005935 
25 0.014843 
26 -0.012307 
27 -0.000933 
28 -0.020296 
29 0.009730 
30 -0.014744 
31 0.001066 
32 -0.020271 
33 0.006416 
34 0.006734 
35 0.018765 
36 -0.000679 
37 -0.003442 
38 0.006712 
39 0.006665 
40 -0.008198 
41 -0.018044 
42 -0.007022 
43 0.003288 
44 -0.015972 
45 0.000603 
46 0.008907 
47 0.028998 
48 -0.000845 
49 -0.006555 
50 0.011545 
51 0.009599 
52 -0.007465 
53 -0.032154 
54 -0.016276 
55 -0.007021 
56 -0.007281 
57 0.006380 
58 0.007732 
59 0.036189 
60 0.013673 
61 0.005919 
62 -0.019485 
63 -0.000885 
64 -0.000061 
65 -0.003165 
66 -0.032708 
67 -0.023161 
68 -0.001933 
69 0.008099 
70 0.006984 
71 -0.006964 
72 0.019505 
73 -0.000103 
74 -0.001399 
75 -0.016551 
76 0.018581 
77 0.014253 
78 0.005659 
79 -0.017791 
80 0.005627 
81 -0.001817 
82 0.000268 
83 -0.020907 
84 0.002502 
85 0.013564 
86 0.005043 
87 -0.018612 
88 -0.027962 
89 0.025941 
90 0.017571 
91 0.002193 
92 -0.032431 
93 -0.011108 
94 0.020682 
95 0.014569 
96 0.001044 
97 -0.005962 
98 0.009748 
99 0.002677 
100 -0.011415 
101 -0.022170 
102 0.000364 
103 0.012624 
104 0.005531 
105 -0.021837 
106 -0.006965 
107 0.007636 
108 0.022375 
109 -0.015645 
110 0.003157 
111 -0.005190 
112 0.014827 
113 -0.023145 
114 -0.010995 
115 0.002701 
116 0.016342 
117 0.000878 
118 -0.003656 
119 -0.002067 
120 -0.002870 
121 0.001984 
122 -0.011812 
123 0.011850 
124 -0.004479 
125 0.015998 
126 -0.016882 
127 -0.004314 
128 -0.001327 
129 0.007132 
130 0.005141 
131 -0.019094 
132 -0.004759 
133 0.005640 
134 0.014776 
135 -0.006092 
136 0.001615 
137 0.009093 
138 0.012891 
139 -0.007994 
140 -0.015063 
141 -0.005878 
142 0.004834 
143 -0.012233 
144 -0.005770 
145 -0.003100 
146 0.019437 
147 -0.005849 
148 -0.006648 
149 -0.000480 
150 0.016546 
151 0.010729 
152 -0.014659 
153 -0.008419 
154 0.003859 
155 0.010090 
156 -0.005689 
157 -0.002917 
158 -0.006252 
159 0.010392 
160 -0.014702 
161 -0.005331 
162 -0.003622 
163 0.007848 
164 0.010398 
165 -0.009132 
166 0.009847 
167 0.005706 
168 0.018682 
169 -0.004392 
170 -0.009624 
171 0.004435 
172 0.011792 
173 -0.014393 
174 -0.028260 
175 -0.015453 
176 0.026308 
177 0.009325 
178 -0.010575 
179 -0.011022 
180 0.020081 
181 0.020190 
182 -0.001712 
183 -0.008633 
184 0.000172 
185 0.001817 
186 -0.007803 
187 -0.011311 
188 -0.007258 
189 0.000723 
190 0.011333 
191 0.000898 
192 0.005280 
193 -0.006088 
194 0.019652 
195 0.007282 
196 -0.002736 
197 -0.010219 
198 0.004116 
199 0.004342 
200 -0.010642 
201 -0.011464 
202 0.006723 
203 0.008601 
204 -0.002166 
205 -0.008256 
206 0.010482 
207 0.019188 
208 0.006703 
209 -0.012228 
210 -0.006090 
211 0.008544 
212 0.001416 
213 -0.005823 
214 -0.016905 
215 0.014055 
216 0.002789 
217 -0.000993 
218 -0.011476 
219 0.003928 
220 0.009032 
221 0.003015 
222 0.001022 
223 0.008209 
224 0.005919 
225 0.000974 
226 -0.010301 
227 -0.003035 
228 0.002001 
229 0.000848 
230 -0.000671 
231 -0.014360 
232 0.001449 
233 0.009189 
234 0.012553 
235 -0.003375 
236 -0.007097 
237 0.008350 
238 0.004942 
239 -0.002012 
240 -0.000036 
241 0.010756 
242 0.009014 
243 -0.000335 
244 -0.010351 
245 -0.005455 
246 -0.004287 
247 -0.002316 
248 0.000374 
249 -0.003114 
250 0.005940 
251 0.003813 
252 0.007839 
253 0.010021 
254 0.008104 
255 0.000616 
256 -0.009593 
257 -0.006347 
258 -0.007095 
259 -0.008956 
260 -0.013933 
261 0.008497 
262 0.017236 
263 0.005752 
264 -0.009809 
265 -0.006148 
266 0.021246 
267 0.010406 
268 0.000286 
269 -0.012116 
270 -0.012417 
271 0.001097 
272 0.000687 
273 0.006167 
274 -0.009063 
275 -0.004995 
276 0.001459 
277 0.015360 
278 0.003572 
279 0.002907 
280 0.001130 
281 0.009052 
282 0.001710 
283 -0.008121 
284 -0.006475 
285 -0.006483 
286 -0.003273 
287 -0.009482 
288 -0.001325 
289 0.002193 
290 0.005163 
291 -0.001852 
292 0.001492 
293 0.011127 
294 0.006489 
295 0.003723 
296 -0.003725 
297 -0.003556 
298 0.001585 
299 -0.009075 
300 -0.000892 
301 -0.005477 
302 -0.004529 
303 -0.003683 
304 -0.006186 
305 0.007013 
306 -0.000251 
307 0.002056 
308 0.003120 
309 0.005938 
310 0.012542 
311 0.007266 
312 -0.007279 
313 -0.007442 
314 -0.004294 
315 0.009245 
316 0.000798 
317 -0.012933 
318 -0.016560 
319 0.002410 
320 -0.000325 
321 0.006715 
322 -0.007153 
323 0.010741 
324 0.005723 
325 0.006479 
326 -0.002323 
327 -0.000910 
328 -0.000159 
329 0.001653 
330 -0.005272 
331 -0.013740 
332 -0.017557 
333 -0.000078 
334 0.010696 
335 0.011826 
336 -0.007543 
337 0.008480 
338 0.006613 
339 0.013418 
340 -0.006270 
341 -0.013187 
342 -0.002310 
343 -0.002811 
344 -0.003067 
345 -0.013308 
346 -0.009886 
347 0.004909 
348 0.011358 
349 0.013821 
350 0.004326 
351 0.000252 
352 0.001505 
353 0.006292 
354 0.003961 
355 -0.002415 
356 -0.014980 
357 -0.012907 
358 -0.006006 
359 -0.001820 
360 -0.001087 
361 -0.001217 
362 0.005926 
363 0.006895 
364 0.009243 
365 0.001225 
366 0.004171 
367 -0.001974 
368 0.001209 
369 0.003996 
370 -0.009935 
371 -0.010804 
372 -0.004543 
373 0.004406 
374 -0.004328 
375 -0.011068 
376 -0.000768 
377 0.013117 
378 0.008106 
379 0.000599 
380 -0.003046 
381 0.011990 
382 0.005888 
383 -0.003905 
384 -0.009947 
385 -0.005854 
386 0.001521 
387 0.000644 
388 -0.003667 
389 -0.003788 
390 0.000375 
391 0.005838 
392 0.002124 
393 0.006229 
394 -0.001882 
395 0.006560 
396 -0.002517 
397 0.007115 
398 -0.006127 
399 -0.000240 
400 -0.010490 
401 -0.000081 
402 -0.010362 
403 -0.004043 
404 0.003056 
405 0.009421 
406 0.003751 
407 -0.001222 
408 0.004305 
409 0.004337 
410 0.002476 
411 0.004258 
412 -0.000636 
413 -0.009707 
414 -0.013849 
415 -0.004654 
416 0.012929 
417 -0.006207 
418 -0.009241 
419 -0.008839 
420 0.023846 
421 0.010364 
422 0.004762 
423 -0.008429 
424 0.008852 
425 0.014680 
426 -0.000523 
427 -0.011080 
428 -0.020416 
429 -0.009845 
430 -0.000069 
431 -0.007272 
432 0.003287 
433 -0.003400 
434 0.014826 
435 0.005480 
436 0.005630 
437 0.005306 
438 0.001757 
439 -0.000702 
440 -0.005150 
441 -0.007711 
442 -0.003950 
443 0.001954 
444 -0.008285 
445 -0.005162 
446 -0.002467 
447 0.004384 
448 0.008868 
449 -0.008058 
450 0.008811 
451 0.004357 
452 0.007410 
453 -0.005323 
454 -0.000765 
455 0.006521 
456 -0.009515 
457 -0.016484 
458 0.000145 
459 0.008813 
460 0.007770 
461 -0.011606 
462 -0.004267 
463 0.010855 
464 0.011611 
465 -0.001030 
466 -0.002929 
467 -0.001058 
468 0.004026 
469 -0.001913 
470 -0.012782 
471 -0.009730 
472 0.001400 
473 0.008117 
474 -0.004500 
475 -0.004948 
476 0.003213 
477 0.012682 
478 0.002719 
479 -0.000124 
480 -0.001764 
481 0.009951 
482 -0.004730 
483 -0.014641 
484 -0.007911 
485 -0.001624 
486 0.009723 
487 -0.001776 
488 -0.009545 
489 -0.003682 
490 -0.000388 
491 0.014557 
492 0.003824 
493 0.007992 
494 0.004501 
495 -0.002064 
496 0.001087 
497 -0.004374 
498 0.010383 
499 -0.003923 
500 -0.015868 
501 -0.016948 
502 0.002404 
503 0.004933 
504 0.003737 
505 -0.008601 
506 0.012995 
507 0.020872 
508 0.013799 
509 -0.010953 
510 -0.011424 
511 0.002192 
512 0.008857 
513 -0.009847 
514 -0.015761 
515 -0.009316 
516 0.012083 
517 0.002281 
518 -0.006257 
519 -0.002128 
520 0.014866 
521 0.007906 
522 -0.004359 
523 -0.005630 
524 0.002548 
525 0.011250 
526 -0.007372 
527 -0.003940 
528 -0.000255 
529 0.002274 
530 -0.002233 
531 -0.005797 
532 -0.001585 
533 0.010295 
534 0.001699 
535 0.003775 
536 -0.002497 
537 0.010823 
538 0.003991 
539 -0.006987 
540 -0.002193 
541 -0.005774 
542 0.002803 
543 -0.004757 
544 -0.007632 
545 0.005680 
546 0.003496 
547 0.010754 
548 -0.003062 
549 0.006557 
550 -0.005276 
551 0.009430 
552 -0.003590 
553 -0.005470 
554 -0.002391 
555 0.002498 
556 -0.000510 
557 -0.014035 
558 -0.005204 
559 0.010513 
560 0.006856 
561 -0.001561 
562 -0.004277 
563 0.017758 
564 0.009128 
565 -0.004636 
566 -0.007827 
567 0.006311 
568 0.002564 
569 -0.001260 
570 -0.013344 
571 -0.005859 
572 0.001731 
573 -0.000513 
574 0.004881 
575 0.001855 
576 0.007068 
577 -0.003109 
578 0.002183 
579 0.001055 
580 0.011842 
581 0.002141 
582 -0.005639 
583 -0.009752 
584 0.000462 
585 0.003144 
586 -0.005346 
587 -0.007800 
588 -0.004865 
589 0.009841 
590 0.004389 
591 -0.001328 
592 -0.004502 
593 0.010148 
594 0.015598 
595 -0.003200 
596 -0.010034 
597 -0.014467 
598 0.010021 
599 -0.003467 
600 -0.013343 
601 -0.008840 
602 0.014863 
603 0.010904 
604 0.005073 
605 -0.002510 
606 0.007303 
607 0.011354 
608 -0.006231 
609 -0.008269 
610 -0.010293 
611 -0.000880 
612 -0.008565 
613 -0.005848 
614 0.002188 
615 0.006774 
616 0.009312 
617 -0.007182 
618 0.006965 
619 0.003905 
620 0.016118 
621 -0.012214 
622 -0.002143 
623 -0.000173 
624 0.002162 
625 -0.000610 
626 -0.023244 
627 -0.008473 
628 -0.001959 
629 0.004022 
630 0.004773 
631 -0.004130 
632 0.005104 
633 0.008566 
634 0.011473 
635 -0.006551 
636 -0.003259 
637 -0.002001 
638 0.010570 
639 -0.010698 
640 -0.003965 
641 -0.005111 
642 0.007860 
643 0.004202 
644 -0.012480 
645 0.000849 
646 -0.003315 
647 0.002206 
648 -0.007999 
649 0.006583 
650 0.006000 
651 0.011967 
652 0.002834 
653 -0.004824 
654 -0.000605 
655 -0.003071 
656 -0.002218 
657 -0.003103 
658 -0.016411 
659 -0.002326 
660 -0.006774 
661 0.014256 
662 0.000064 
663 0.009016 
664 0.003000 
665 0.001700 
666 0.002909 
667 -0.004371 
668 -0.004861 
669 -0.010032 
670 -0.004450 
671 -0.003649 
672 0.006327 
673 -0.009576 
674 -0.000755 
675 0.009781 
676 0.018476 
677 0.007242 
678 -0.002314 
679 -0.005730 
680 0.003279 
681 -0.006353 
682 -0.010547 
683 -0.016502 
684 0.003947 
685 -0.004317 
686 0.010773 
687 -0.007483 
688 0.008062 
689 0.003165 
690 0.012468 
691 0.006482 
692 -0.003176 
693 -0.005448 
694 -0.006340 
695 -0.006507 
696 0.004602 
697 -0.013085 
698 0.005119 
699 -0.007520 
700 0.004061 
701 0.001469 
702 0.001431 
703 -0.000457 
704 0.002445 
705 0.005519 
706 0.003564 
707 0.000820 
708 -0.009935 
709 0.001811 
710 0.002559 
711 0.008753 
712 -0.011008 
713 -0.004081 
714 -0.006840 
715 0.005050 
716 -0.005850 
717 0.004570 
718 -0.000344 
719 0.018489 
720 0.006049 
721 -0.000413 
722 -0.006530 
723 -0.001744 
724 0.007391 
725 0.004494 
726 -0.013163 
727 -0.014829 
728 -0.004720 
729 0.004263 
730 0.005568 
731 0.001005 
732 0.000855 
733 0.013706 
734 0.005214 
735 0.001460 
736 -0.010397 
737 0.005323 
738 0.003045 
739 -0.000221 
740 -0.014849 
741 -0.014172 
742 0.003605 
743 0.010667 
744 -0.003192 
745 0.002104 
746 0.000623 
747 0.022698 
748 -0.003286 
749 0.005834 
750 -0.005348 
751 0.011956 
752 0.000943 
753 -0.011014 
754 -0.010161 
755 -0.004418 
756 -0.004347 
757 0.006104 
758 0.007254 
759 0.008334 
760 0.001064 
761 -0.009185 
762 0.019529 
763 0.006831 
764 0.005405 
765 -0.017402 
766 -0.002032 
767 0.002212 
768 -0.004100 
769 -0.005308 
770 -0.010089 
771 -0.002110 
772 0.013390 
773 0.011863 
774 0.002001 
775 -0.016944 
776 0.000625 
777 0.013476 
778 0.019177 
779 -0.018322 
780 -0.004791 
781 0.006529 
782 0.009383 
783 -0.008590 
784 -0.008429 
785 0.006579 
786 0.011304 
787 -0.007374 
788 -0.007903 
789 -0.001725 
790 0.009202 
791 0.011284 
792 -0.004815 
793 0.005604 
794 -0.008341 
795 0.009692 
796 0.000270 
797 0.002981 
798 -0.007198 
799 -0.000792 
800 -0.006677 
801 0.013086 
802 -0.004351 
803 0.001453 
804 0.001672 
805 0.007232 
806 0.000855 
807 0.003061 
808 -0.007564 
809 -0.001975 
810 -0.016268 
811 0.012270 
812 -0.001477 
813 0.003957 
814 -0.018595 
815 0.004744 
816 0.013341 
817 0.002282 
818 -0.004409 
819 -0.001353 
820 0.020235 
821 -0.003207 
822 -0.005628 
823 -0.011540 
824 0.006796 
825 0.007069 
826 -0.019553 
827 -0.018326 
828 -0.011177 
829 0.018427 
830 0.015120 
831 -0.000485 
832 -0.005446 
833 0.013497 
834 0.022790 
835 -0.000388 
836 -0.018069 
837 -0.009339 
838 0.002431 
839 -0.004303 
840 -0.011355 
841 -0.017510 
842 0.008253 
843 -0.002551 
844 0.011665 
845 0.000439 
846 0.004462 
847 -0.009129 
848 0.001921 
849 0.005470 
850 0.009570 
851 -0.008402 
852 -0.014107 
853 -0.010062 
854 0.005746 
855 0.002705 
856 -0.000902 
857 -0.010948 
858 0.006605 
859 0.001853 
860 0.013960 
861 -0.017640 
862 0.001653 
863 0.004701 
864 0.008719 
865 -0.006608 
866 -0.018173 
867 0.000717 
868 0.009402 
869 -0.000178 
870 -0.016873 
871 -0.008301 
872 0.007225 
873 0.005451 
874 -0.011739 
875 0.005887 
876 0.002008 
877 0.018288 
878 -0.009335 
879 0.002970 
880 -0.019632 
881 0.002733 
882 -0.022544 
883 0.007563 
884 -0.003893 
885 -0.004902 
886 -0.002453 
887 -0.000365 
888 0.011940 
889 0.013551 
890 0.003170 
891 0.001807 
892 -0.018408 
893 0.002782 
894 -0.006290 
895 0.002403 
896 -0.017276 
897 -0.000078 
898 0.005529 
899 0.007550 
900 -0.015532 
901 0.007384 
902 0.015694 
903 0.002068 
904 -0.010469 
905 -0.010550 
906 0.020255 
907 0.000109 
908 -0.015769 
909 -0.015821 
910 0.014850 
911 0.016851 
912 -0.007018 
913 -0.017226 
914 -0.012096 
915 0.016703 
916 0.009974 
917 0.009151 
918 -0.021138 
919 -0.001761 
920 0.004336 
921 0.009663 
922 -0.006495 
923 -0.013869 
924 0.009003 
925 0.008088 
926 -0.011156 
927 -0.013573 
928 0.010803 
929 0.018215 
930 0.002895 
931 -0.014373 
932 -0.003056 
933 0.015103 
934 -0.005958 
935 -0.003840 
936 -0.003692 
937 0.016867 
938 -0.006184 
939 -0.012036 
940 0.004260 
941 0.012331 
942 0.009335 
943 -0.008809 
944 0.000342 
945 0.021194 
946 -0.005780 
947 -0.009505 
948 -0.014061 
949 0.015855 
950 0.007559 
951 -0.001725 
952 -0.013298 
953 -0.001385 
954 0.007121 
955 0.016281 
956 -0.012010 
957 -0.010873 
958 -0.006144 
959 0.013972 
960 0.014743 
961 -0.012576 
962 -0.000640 
963 0.009350 
964 0.008569 
965 -0.007856 
966 -0.001061 
967 -0.010944 
968 0.000842 
969 -0.015722 
970 0.009645 
971 0.013268 
972 0.002962 
973 0.002855 
974 -0.008252 
975 0.026536 
976 0.002150 
977 0.005464 
978 -0.012812 
979 -0.001416 
980 -0.003101 
981 -0.002032 
982 0.000692 
983 0.004441 
984 0.014637 
985 -0.012214 
986 -0.007713 
987 -0.000600 
988 0.010485 
989 0.008010 
990 -0.014370 
991 0.000885 
992 0.004687 
993 0.015428 
994 -0.009597 
995 -0.005913 
996 -0.005167 
997 0.016408 
998 -0.001883 
999 -0.011071 
1000 -0.011438 
1001 0.024741 
1002 0.025007 
1003 0.000232 
1004 -0.011139 
1005 -0.005417 
1006 0.010142 
1007 -0.009707 
1008 -0.014285 
1009 -0.005665 
1010 0.007776 
1011 0.006658 
1012 -0.005675 
1013 0.016543 
1014 0.004800 
1015 0.022270 
1016 -0.005775 
1017 -0.008248 
1018 -0.007850 
1019 -0.006246 
1020 0.000981 
1021 -0.015381 
1022 -0.003118 
1023 0.000996 
