0 0.479158 
1 -0.305243 
2 0.155070 
3 0.045048 
4 0.067288 
5 0.009784 
6 0.022725 
7 -0.056224 
8 -0.098171 
9 0.163048 
10 -0.023143 
11 0.129171 
12 0.062650 
13 -0.095652 
14 0.013589 
15 -0.083046 
16 0.010061 
17 0.049241 
18 0.126470 
19 -0.066802 
20 0.052827 
21 -0.105603 
22 -0.159704 
23 0.090469 
24 -0.103813 
25 0.106453 
26 0.012402 
27 0.028332 
28 -0.104601 
29 -0.068215 
30 0.010792 
31 -0.099155 
32 0.139106 
33 -0.007180 
34 0.064767 
35 -0.004357 
36 -0.015871 
37 -0.045763 
38 -0.015172 
39 0.099754 
40 -0.024149 
41 0.054293 
42 0.014161 
43 -0.095808 
44 0.000646 
45 -0.065990 
46 0.053693 
47 -0.018365 
48 0.087185 
49 -0.077260 
50 -0.044615 
51 -0.079567 
52 -0.049935 
53 -0.021077 
54 0.059635 
55 0.102786 
56 -0.067599 
57 0.032495 
58 -0.061101 
59 -0.151375 
60 0.124442 
61 -0.035585 
62 0.078741 
63 0.113717 
64 -0.061921 
65 -0.039000 
66 -0.059363 
67 -0.008998 
68 -0.005895 
69 0.131463 
70 0.020816 
71 0.031484 
72 -0.030660 
73 -0.109628 
74 0.022612 
75 -0.106643 
76 0.201515 
77 -0.053585 
78 0.082894 
79 -0.000605 
80 -0.095157 
81 -0.022239 
82 0.005616 
83 0.063384 
84 0.027793 
85 0.166012 
86 -0.119908 
87 -0.005582 
88 -0.010335 
89 -0.078156 
90 0.155278 
91 0.038325 
92 0.086828 
93 0.032138 
94 -0.115687 
95 0.019833 
96 -0.101127 
97 0.111265 
98 0.060438 
99 0.067878 
100 0.027870 
101 -0.065542 
102 -0.071102 
103 -0.088221 
104 0.059082 
105 -0.014008 
106 0.118087 
107 0.060533 
108 -0.056354 
109 -0.025024 
110 -0.093056 
111 -0.026658 
112 -0.007959 
113 0.119481 
114 0.019123 
115 0.005619 
116 -0.006747 
117 -0.091241 
118 -0.047440 
119 0.035636 
120 -0.015050 
121 0.064591 
122 -0.039436 
123 -0.042670 
124 -0.087695 
125 -0.034658 
126 -0.023523 
127 0.028437 
128 0.031811 
129 -0.073294 
130 0.024669 
131 -0.177854 
132 0.009311 
133 -0.016052 
134 -0.036520 
135 0.201977 
136 -0.135447 
137 0.106947 
138 -0.110745 
139 -0.081001 
140 -0.027717 
141 0.024654 
142 0.079169 
143 0.013623 
144 0.125275 
145 -0.112688 
146 -0.050229 
147 -0.059716 
148 -0.028888 
149 0.047931 
150 0.107577 
151 0.058943 
152 -0.034735 
153 0.015455 
154 -0.115871 
155 -0.059109 
156 0.083931 
157 -0.024300 
158 0.155501 
159 0.001532 
160 -0.038318 
161 -0.060192 
162 -0.073072 
163 0.016965 
164 -0.003773 
165 0.125201 
166 -0.045905 
167 0.007555 
168 -0.110855 
169 -0.050660 
170 0.016670 
171 -0.026236 
172 0.177230 
173 -0.057289 
174 0.030217 
175 -0.057863 
176 -0.072692 
177 0.017076 
178 0.039504 
179 0.151220 
180 -0.017491 
181 0.124031 
182 -0.087365 
183 -0.056632 
184 0.017296 
185 0.001926 
186 0.091801 
187 0.106655 
188 0.040316 
189 -0.031161 
190 -0.020857 
191 -0.110445 
192 -0.009908 
193 0.062688 
194 0.058172 
195 0.070549 
196 0.021191 
197 -0.035008 
198 -0.055040 
199 0.004164 
200 0.005671 
201 0.042118 
202 0.098186 
203 -0.042728 
204 0.011114 
205 -0.012921 
206 -0.089146 
207 0.121747 
208 -0.046240 
209 0.111413 
210 -0.047948 
211 -0.061409 
212 -0.031441 
213 -0.077934 
214 0.048733 
215 0.022037 
216 0.061481 
217 -0.077513 
218 0.041390 
219 -0.154237 
220 -0.054184 
221 0.057073 
222 -0.048784 
223 0.122188 
224 0.033629 
225 -0.041343 
226 -0.015228 
227 -0.103729 
228 -0.030046 
229 -0.029514 
230 0.085811 
231 0.036912 
232 0.046965 
233 -0.044125 
234 -0.072267 
235 -0.063861 
236 -0.065225 
237 0.082725 
238 -0.010320 
239 0.100724 
240 -0.028825 
241 -0.074582 
242 0.016952 
243 -0.113551 
244 0.079759 
245 0.005729 
246 0.026140 
247 0.043509 
248 -0.129550 
249 0.065743 
250 -0.130241 
251 0.084994 
252 0.014699 
253 0.011522 
254 0.034375 
255 -0.076651 
256 -0.003942 
257 -0.093225 
258 0.051487 
259 -0.023924 
260 0.054764 
261 0.027681 
262 -0.078085 
263 -0.039754 
264 -0.106278 
265 -0.001236 
266 0.015032 
267 0.076686 
268 0.045826 
269 -0.044301 
270 -0.001983 
271 -0.106742 
272 -0.029024 
273 0.045964 
274 0.051722 
275 0.081237 
276 0.027823 
277 0.003487 
278 -0.098419 
279 0.021976 
280 -0.042046 
281 0.054280 
282 0.093456 
283 -0.003904 
284 0.056146 
285 -0.091721 
286 0.023805 
287 -0.025450 
288 0.040802 
289 0.099761 
290 -0.009883 
291 0.048671 
292 -0.065225 
293 -0.023161 
294 -0.029166 
295 0.072133 
296 0.047492 
297 0.023224 
298 0.063778 
299 -0.087485 
300 -0.034754 
301 -0.011208 
302 0.003481 
303 0.078219 
304 0.055184 
305 0.048237 
306 -0.059338 
307 -0.031056 
308 -0.055327 
309 -0.051418 
310 0.098789 
311 0.029359 
312 0.073825 
313 0.006946 
314 -0.037686 
315 -0.073660 
316 -0.039374 
317 0.032160 
318 -0.021273 
319 0.152066 
320 -0.063340 
321 0.058230 
322 -0.083095 
323 -0.023566 
324 0.002592 
325 -0.027159 
326 0.113607 
327 -0.060969 
328 0.080051 
329 -0.068215 
330 0.027997 
331 -0.029865 
332 0.039338 
333 0.044574 
334 -0.012789 
335 0.038291 
336 -0.046025 
337 -0.046488 
338 0.027730 
339 -0.029362 
340 0.044048 
341 -0.000747 
342 -0.027265 
343 -0.060063 
344 -0.062153 
345 -0.027559 
346 -0.016609 
347 0.057426 
348 -0.006942 
349 0.008049 
350 -0.072423 
351 -0.033569 
352 -0.039670 
353 -0.035532 
354 0.125927 
355 -0.052871 
356 0.105518 
357 -0.032821 
358 -0.100044 
359 0.005789 
360 -0.107004 
361 0.081298 
362 -0.007497 
363 0.061213 
364 -0.041873 
365 -0.020258 
366 -0.088399 
367 -0.042196 
368 -0.004086 
369 -0.014731 
370 0.085327 
371 -0.099767 
372 0.059213 
373 -0.109093 
374 -0.056326 
375 0.040169 
376 -0.034500 
377 0.060348 
378 0.014527 
379 -0.040120 
380 -0.047404 
381 -0.024101 
382 -0.009575 
383 0.018718 
384 0.075063 
385 0.014465 
386 0.013385 
387 -0.046013 
388 -0.067915 
389 0.041714 
390 -0.041335 
391 0.146235 
392 0.003066 
393 0.064293 
394 0.002669 
395 -0.089180 
396 0.065459 
397 -0.073867 
398 0.134216 
399 0.010660 
400 0.084170 
401 0.004065 
402 -0.042957 
403 0.014014 
404 -0.067323 
405 0.071012 
406 0.034014 
407 0.034877 
408 0.008455 
409 -0.012102 
410 -0.007763 
411 -0.064542 
412 0.087590 
413 -0.017217 
414 0.058776 
415 0.027746 
416 -0.051752 
417 -0.003994 
418 -0.011506 
419 0.055338 
420 0.031213 
421 0.068317 
422 0.022855 
423 -0.068668 
424 0.016236 
425 -0.061155 
426 0.035360 
427 0.052673 
428 0.052518 
429 0.035628 
430 -0.044332 
431 0.009580 
432 -0.139523 
433 0.047375 
434 0.001727 
435 0.027252 
436 0.094405 
437 -0.048623 
438 0.002444 
439 -0.101505 
440 -0.013617 
441 -0.020846 
442 0.046895 
443 0.060709 
444 -0.006139 
445 0.026427 
446 -0.087623 
447 -0.022822 
448 -0.035732 
449 0.026297 
450 0.023567 
451 -0.006502 
452 0.015545 
453 -0.074753 
454 -0.031291 
455 -0.033924 
456 0.004633 
457 0.010798 
458 -0.006997 
459 0.028152 
460 -0.114501 
461 0.021818 
462 -0.067442 
463 0.003137 
464 0.038198 
465 -0.022972 
466 0.026509 
467 -0.095528 
468 0.011760 
469 -0.077173 
470 0.018292 
471 0.052628 
472 -0.030692 
473 0.079208 
474 -0.062937 
475 -0.021269 
476 -0.017694 
477 -0.002819 
478 0.026585 
479 0.027083 
480 0.064405 
481 -0.058424 
482 0.016505 
483 -0.065039 
484 0.001996 
485 0.026085 
486 0.022324 
487 0.071508 
488 -0.055753 
489 0.019102 
490 -0.064019 
491 -0.045225 
492 0.037605 
493 0.023799 
494 0.035514 
495 -0.004916 
496 0.003789 
497 -0.088234 
498 0.013100 
499 0.006594 
500 0.009318 
501 0.124988 
502 -0.061792 
503 0.058232 
504 -0.115769 
505 0.020922 
506 -0.031443 
507 0.030223 
508 0.120875 
509 -0.022907 
510 0.052601 
511 -0.064635 
512 -0.052587 
513 -0.041423 
514 0.044647 
515 0.029024 
516 0.049954 
517 0.036447 
518 -0.078151 
519 -0.012007 
520 -0.078537 
521 0.032792 
522 0.028398 
523 0.039450 
524 0.101052 
525 -0.037835 
526 -0.014865 
527 -0.021686 
528 -0.069736 
529 0.088680 
530 0.024200 
531 0.053602 
532 0.027438 
533 0.001584 
534 -0.072655 
535 0.009579 
536 0.033543 
537 -0.006029 
538 0.114556 
539 -0.019655 
540 -0.021072 
541 -0.022382 
542 -0.029328 
543 0.027360 
544 0.016610 
545 0.118293 
546 -0.064681 
547 0.012360 
548 -0.067715 
549 -0.070161 
550 0.055633 
551 -0.032888 
552 0.108665 
553 -0.006189 
554 -0.014816 
555 -0.020778 
556 -0.091303 
557 0.026210 
558 -0.009465 
559 0.050398 
560 0.031884 
561 -0.001988 
562 -0.049591 
563 -0.058301 
564 -0.006308 
565 -0.043562 
566 0.074501 
567 0.050930 
568 -0.019543 
569 0.040219 
570 -0.129819 
571 -0.003758 
572 -0.069124 
573 0.103387 
574 -0.014234 
575 0.079071 
576 0.013031 
577 -0.116714 
578 0.032775 
579 -0.120558 
580 0.060559 
581 0.001183 
582 0.017313 
583 0.000982 
584 -0.069362 
585 -0.042453 
586 -0.058611 
587 -0.011994 
588 0.031191 
589 0.002248 
590 0.011300 
591 -0.054606 
592 -0.046563 
593 -0.071692 
594 0.035350 
595 -0.006452 
596 0.048614 
597 0.058102 
598 -0.067815 
599 0.028869 
600 -0.105403 
601 0.023512 
602 0.003431 
603 0.043826 
604 0.089261 
605 -0.039339 
606 0.032339 
607 -0.103608 
608 -0.002688 
609 -0.018768 
610 0.053918 
611 0.061359 
612 0.010001 
613 0.037740 
614 -0.091475 
615 0.045046 
616 -0.041712 
617 0.088469 
618 0.029761 
619 0.020176 
620 0.011530 
621 -0.058975 
622 0.029082 
623 -0.011634 
624 0.065031 
625 0.060405 
626 0.020265 
627 -0.013200 
628 -0.043734 
629 -0.044033 
630 -0.030822 
631 0.065657 
632 0.033348 
633 0.077538 
634 0.029882 
635 -0.063628 
636 -0.019283 
637 -0.055398 
638 0.015306 
639 0.103658 
640 0.022863 
641 0.121577 
642 -0.071723 
643 -0.029484 
644 -0.049982 
645 -0.021632 
646 0.059604 
647 0.049028 
648 0.071398 
649 -0.055660 
650 0.003648 
651 -0.132884 
652 -0.000109 
653 -0.011098 
654 0.024075 
655 0.085761 
656 -0.027946 
657 -0.018730 
658 -0.067667 
659 -0.044584 
660 -0.040140 
661 0.020663 
662 0.071671 
663 -0.034863 
664 0.009598 
665 -0.082399 
666 -0.049066 
667 -0.031506 
668 0.040192 
669 0.023237 
670 0.028982 
671 -0.009389 
672 -0.059680 
673 -0.068214 
674 0.008355 
675 -0.009603 
676 0.086964 
677 0.010314 
678 0.055869 
679 -0.071074 
680 -0.026476 
681 -0.015795 
682 -0.043993 
683 0.132374 
684 -0.022778 
685 0.089723 
686 -0.053393 
687 -0.001367 
688 -0.066218 
689 -0.023583 
690 0.061934 
691 -0.017028 
692 0.103388 
693 -0.027051 
694 -0.010707 
695 -0.086136 
696 0.003426 
697 -0.045549 
698 0.027435 
699 0.080386 
700 -0.060978 
701 0.005353 
702 -0.064763 
703 -0.029803 
704 0.023148 
705 0.040989 
706 0.054218 
707 -0.015681 
708 -0.018534 
709 -0.056791 
710 -0.081646 
711 0.084992 
712 -0.022095 
713 0.091877 
714 0.033407 
715 -0.030248 
716 -0.029856 
717 -0.067937 
718 0.027030 
719 -0.063083 
720 0.126672 
721 0.007516 
722 -0.007431 
723 0.028534 
724 -0.106918 
725 0.006624 
726 -0.084885 
727 0.092966 
728 -0.002964 
729 0.020547 
730 0.064137 
731 -0.138016 
732 0.053485 
733 -0.105083 
734 0.075858 
735 0.012118 
736 0.071360 
737 0.003968 
738 -0.017769 
739 -0.022989 
740 -0.005298 
741 0.040009 
742 0.038469 
743 0.058491 
744 -0.008893 
745 -0.030783 
746 0.025058 
747 -0.042766 
748 0.076497 
749 0.055262 
750 -0.024425 
751 0.054319 
752 -0.052716 
753 -0.036408 
754 -0.018012 
755 0.000776 
756 0.035189 
757 0.007929 
758 0.041552 
759 -0.063828 
760 -0.009762 
761 -0.058547 
762 -0.009210 
763 0.013735 
764 0.096969 
765 -0.001568 
766 0.026645 
767 -0.031089 
768 -0.085295 
769 0.021150 
770 -0.039565 
771 0.088994 
772 0.028555 
773 0.009936 
774 -0.018050 
775 -0.079387 
776 -0.030999 
777 0.016939 
778 0.009738 
779 0.060569 
780 -0.018795 
781 -0.013910 
782 -0.081529 
783 0.015542 
784 -0.035123 
785 0.055209 
786 0.049795 
787 -0.041403 
788 0.051430 
789 -0.134235 
790 0.005852 
791 -0.045997 
792 0.002995 
793 0.059583 
794 0.011977 
795 0.041846 
796 -0.080478 
797 -0.000616 
798 -0.121495 
799 0.046246 
800 0.010622 
801 0.065697 
802 0.051482 
803 -0.111736 
804 0.039773 
805 -0.131737 
806 -0.018590 
807 0.052251 
808 0.027639 
809 0.030116 
810 0.020026 
811 -0.064135 
812 -0.056118 
813 0.038530 
814 -0.021757 
815 0.053372 
816 0.084279 
817 -0.036195 
818 0.026635 
819 -0.000055 
820 -0.033691 
821 0.032564 
822 0.031918 
823 0.005878 
824 0.000677 
825 0.027164 
826 -0.077069 
827 0.035536 
828 -0.020325 
829 0.007607 
830 0.052610 
831 -0.017498 
832 -0.018093 
833 -0.047155 
834 -0.070179 
835 -0.010174 
836 0.047627 
837 0.041096 
838 -0.000484 
839 0.048335 
840 -0.109496 
841 0.011854 
842 -0.052550 
843 0.037703 
844 0.148801 
845 -0.029399 
846 0.131204 
847 -0.059440 
848 -0.012664 
849 -0.051183 
850 0.046921 
851 0.000013 
852 0.047368 
853 0.132433 
854 -0.115873 
855 0.070081 
856 -0.058341 
857 -0.053253 
858 0.024975 
859 -0.002705 
860 0.045310 
861 -0.009840 
862 -0.007064 
863 -0.006861 
864 -0.050687 
865 0.085952 
866 -0.044725 
867 0.105282 
868 -0.043331 
869 -0.008843 
870 -0.073762 
871 -0.052367 
872 0.038264 
873 -0.022748 
874 0.129562 
875 -0.071730 
876 -0.000341 
877 -0.085318 
878 -0.048861 
879 0.005000 
880 0.018093 
881 0.133757 
882 -0.068690 
883 0.008484 
884 -0.021841 
885 -0.108243 
886 -0.011585 
887 0.042103 
888 -0.030921 
889 0.072422 
890 -0.041914 
891 0.000414 
892 -0.093603 
893 0.022175 
894 -0.044546 
895 0.031971 
896 0.083099 
897 -0.005614 
898 0.011844 
899 -0.037796 
900 -0.024694 
901 -0.045354 
902 0.028533 
903 0.016729 
904 -0.029678 
905 0.031773 
906 -0.091721 
907 -0.030677 
908 -0.043271 
909 0.084240 
910 0.017268 
911 0.043884 
912 0.041341 
913 -0.112220 
914 -0.013033 
915 0.038568 
916 0.077907 
917 0.037697 
918 0.133039 
919 -0.072816 
920 -0.081020 
921 -0.009689 
922 -0.067626 
923 0.072272 
924 0.053374 
925 0.118835 
926 0.001961 
927 0.016633 
928 -0.058403 
929 -0.122374 
930 -0.005838 
931 -0.047730 
932 0.103951 
933 0.048667 
934 0.027930 
935 0.023174 
936 -0.129422 
937 0.022070 
938 -0.115749 
939 0.047107 
940 0.000944 
941 -0.003584 
942 0.072443 
943 -0.045054 
944 0.034884 
945 -0.034019 
946 0.070454 
947 0.013256 
948 -0.015340 
949 0.015625 
950 -0.179466 
951 0.050637 
952 -0.057466 
953 0.054498 
954 0.121200 
955 0.043004 
956 -0.003753 
957 -0.022846 
958 -0.048470 
959 -0.038614 
960 0.089987 
961 -0.008181 
962 0.090101 
963 0.027528 
964 -0.049183 
965 -0.001546 
966 -0.057462 
967 -0.005981 
968 0.022069 
969 0.009395 
970 0.016843 
971 -0.027214 
972 0.004638 
973 -0.066957 
974 0.024384 
975 -0.007462 
976 0.077942 
977 0.110342 
978 -0.052958 
979 0.085195 
980 -0.165881 
981 -0.002086 
982 0.027301 
983 0.043512 
984 0.042563 
985 0.053890 
986 -0.054285 
987 -0.137356 
988 0.055302 
989 -0.130438 
990 0.107022 
991 0.034737 
992 -0.057372 
993 0.029061 
994 -0.107104 
995 0.014965 
996 -0.108942 
997 0.050521 
998 -0.034648 
999 -0.024602 
1000 -0.110408 
1001 -0.105870 
1002 0.010112 
1003 -0.066394 
1004 0.157546 
1005 0.088826 
1006 0.039120 
1007 0.194561 
1008 -0.189814 
1009 -0.096665 
1010 -0.012459 
1011 0.022079 
1012 0.083386 
1013 0.006948 
1014 0.137561 
1015 -0.103335 
1016 -0.079751 
1017 -0.038335 
1018 0.029477 
1019 0.120333 
1020 0.005900 
1021 -0.002295 
1022 0.205110 
1023 0.283675 
