0 0.000224 
1 0.000100 
2 -0.000005 
3 -0.000094 
4 -0.000196 
5 -0.000125 
6 0.000043 
7 -0.000019 
8 -0.000167 
9 -0.000018 
10 0.000258 
11 0.000333 
12 0.000202 
13 -0.000013 
14 -0.000206 
15 -0.000299 
16 -0.000203 
17 0.000060 
18 0.000258 
19 0.000160 
20 -0.000106 
21 -0.000245 
22 -0.000151 
23 0.000046 
24 0.000185 
25 0.000283 
26 0.000223 
27 -0.000104 
28 -0.000505 
29 -0.000557 
30 -0.000185 
31 0.000213 
32 0.000310 
33 0.000152 
34 -0.000050 
35 -0.000182 
36 -0.000183 
37 -0.000003 
38 0.000259 
39 0.000383 
40 0.000330 
41 0.000264 
42 0.000236 
43 0.000191 
44 0.000140 
45 0.000173 
46 0.000125 
47 -0.000096 
48 -0.000263 
49 -0.000225 
50 -0.000182 
51 -0.000223 
52 -0.000155 
53 0.000068 
54 0.000304 
55 0.000318 
56 0.000008 
57 -0.000429 
58 -0.000755 
59 -0.000813 
60 -0.000501 
61 -0.000013 
62 0.000205 
63 0.000036 
64 -0.000378 
65 -0.000757 
66 -0.000669 
67 -0.000088 
68 0.000402 
69 0.000454 
70 0.000193 
71 -0.000225 
72 -0.000404 
73 -0.000052 
74 0.000346 
75 0.000162 
76 -0.000395 
77 -0.000613 
78 -0.000182 
79 0.000456 
80 0.000731 
81 0.000592 
82 0.000277 
83 -0.000049 
84 -0.000114 
85 0.000315 
86 0.000832 
87 0.000743 
88 0.000104 
89 -0.000416 
90 -0.000392 
91 0.000061 
92 0.000748 
93 0.001234 
94 0.001144 
95 0.000707 
96 0.000385 
97 0.000283 
98 0.000263 
99 0.000204 
100 -0.000032 
101 -0.000493 
102 -0.000939 
103 -0.000885 
104 -0.000187 
105 0.000736 
106 0.001334 
107 0.001501 
108 0.001199 
109 0.000428 
110 -0.000336 
111 -0.000368 
112 0.000151 
113 0.000564 
114 0.000803 
115 0.000870 
116 0.000801 
117 0.000723 
118 0.000510 
119 0.000106 
120 -0.000366 
121 -0.000713 
122 -0.000445 
123 0.000462 
124 0.001017 
125 0.000888 
126 0.000585 
127 0.000215 
128 -0.000284 
129 -0.000529 
130 -0.000392 
131 -0.000224 
132 -0.000356 
133 -0.000239 
134 0.000595 
135 0.001288 
136 0.001088 
137 0.000494 
138 0.000099 
139 -0.000424 
140 -0.001137 
141 -0.001232 
142 -0.000420 
143 0.000423 
144 0.000354 
145 -0.000237 
146 -0.000528 
147 -0.000596 
148 -0.000849 
149 -0.000905 
150 -0.000511 
151 -0.000399 
152 -0.000707 
153 -0.000739 
154 -0.000540 
155 -0.000701 
156 -0.001010 
157 -0.000839 
158 -0.000403 
159 -0.000348 
160 -0.000668 
161 -0.000763 
162 -0.000409 
163 -0.000210 
164 -0.000511 
165 -0.000774 
166 -0.000742 
167 -0.000950 
168 -0.000979 
169 -0.000134 
170 0.000831 
171 0.000940 
172 -0.000163 
173 -0.001872 
174 -0.002905 
175 -0.002632 
176 -0.001493 
177 -0.000071 
178 0.000764 
179 0.000295 
180 -0.000749 
181 -0.001231 
182 -0.000768 
183 -0.000066 
184 0.000137 
185 0.000083 
186 -0.000070 
187 -0.000429 
188 -0.001136 
189 -0.001975 
190 -0.002195 
191 -0.001346 
192 -0.000242 
193 0.000534 
194 0.000727 
195 0.000449 
196 -0.000061 
197 -0.001007 
198 -0.002160 
199 -0.002469 
200 -0.001842 
201 -0.001046 
202 -0.000255 
203 0.000169 
204 0.000180 
205 0.000128 
206 0.000024 
207 -0.000434 
208 -0.001359 
209 -0.002003 
210 -0.001384 
211 -0.000436 
212 -0.000388 
213 -0.000664 
214 -0.000744 
215 -0.000979 
216 -0.001332 
217 -0.001834 
218 -0.002299 
219 -0.002703 
220 -0.002822 
221 -0.001855 
222 -0.000311 
223 -0.000007 
224 -0.001037 
225 -0.001895 
226 -0.002306 
227 -0.002667 
228 -0.002264 
229 -0.000694 
230 0.000498 
231 -0.000177 
232 -0.001614 
233 -0.001881 
234 -0.001483 
235 -0.002253 
236 -0.003597 
237 -0.003592 
238 -0.002559 
239 -0.001761 
240 -0.000888 
241 0.000380 
242 0.000730 
243 -0.000316 
244 -0.000919 
245 -0.000779 
246 -0.001152 
247 -0.001559 
248 -0.000519 
249 0.001372 
250 0.001869 
251 0.000055 
252 -0.001854 
253 -0.001613 
254 -0.000121 
255 0.001012 
256 0.000906 
257 -0.000224 
258 -0.001722 
259 -0.002058 
260 -0.000358 
261 0.001863 
262 0.002101 
263 0.000033 
264 -0.002507 
265 -0.003473 
266 -0.002033 
267 0.000740 
268 0.002885 
269 0.003194 
270 0.001636 
271 -0.000611 
272 -0.001784 
273 -0.001313 
274 -0.000266 
275 0.000145 
276 -0.000017 
277 0.000607 
278 0.002415 
279 0.002960 
280 0.001231 
281 -0.000536 
282 -0.001124 
283 -0.001242 
284 -0.000767 
285 0.000449 
286 0.001794 
287 0.002423 
288 0.002049 
289 0.001457 
290 0.001022 
291 -0.000190 
292 -0.001543 
293 -0.001549 
294 -0.000433 
295 0.000931 
296 0.001971 
297 0.002720 
298 0.003121 
299 0.002271 
300 0.000490 
301 -0.000689 
302 -0.000876 
303 -0.001171 
304 -0.001767 
305 -0.001816 
306 -0.000716 
307 0.000418 
308 0.000442 
309 -0.000274 
310 -0.001844 
311 -0.004096 
312 -0.004928 
313 -0.002922 
314 -0.000030 
315 0.001135 
316 0.000028 
317 -0.001987 
318 -0.002866 
319 -0.001442 
320 0.001238 
321 0.003169 
322 0.002867 
323 -0.000179 
324 -0.003961 
325 -0.005399 
326 -0.003822 
327 -0.001043 
328 0.001040 
329 0.001506 
330 0.000860 
331 -0.000523 
332 -0.002415 
333 -0.003824 
334 -0.003550 
335 -0.002147 
336 -0.000529 
337 0.000573 
338 0.000667 
339 0.000616 
340 0.001027 
341 0.001270 
342 0.000606 
343 -0.000494 
344 -0.001074 
345 -0.000464 
346 0.000292 
347 0.000599 
348 0.001013 
349 0.001010 
350 -0.000197 
351 -0.001949 
352 -0.002886 
353 -0.002089 
354 -0.000018 
355 0.001439 
356 0.001644 
357 0.001692 
358 0.001291 
359 -0.000062 
360 -0.001070 
361 -0.000903 
362 -0.000382 
363 0.000574 
364 0.002092 
365 0.002605 
366 0.001667 
367 0.000566 
368 0.000546 
369 0.001384 
370 0.002154 
371 0.002253 
372 0.001717 
373 0.001457 
374 0.001475 
375 0.001120 
376 0.000373 
377 -0.000361 
378 -0.000726 
379 -0.001258 
380 -0.002373 
381 -0.003093 
382 -0.001090 
383 0.003212 
384 0.005481 
385 0.003608 
386 0.000029 
387 -0.001958 
388 -0.001794 
389 -0.000106 
390 0.002230 
391 0.003798 
392 0.002259 
393 -0.000974 
394 -0.001759 
395 -0.000278 
396 0.000252 
397 -0.000339 
398 -0.000885 
399 -0.001216 
400 -0.001057 
401 -0.000598 
402 0.000130 
403 0.000882 
404 0.001791 
405 0.002722 
406 0.002983 
407 0.001713 
408 -0.000600 
409 -0.000933 
410 0.001645 
411 0.002985 
412 0.001652 
413 0.000933 
414 0.001601 
415 0.002195 
416 0.003970 
417 0.006077 
418 0.005306 
419 0.001466 
420 -0.002320 
421 -0.002389 
422 -0.000416 
423 0.000679 
424 0.001176 
425 0.001157 
426 -0.000168 
427 -0.001189 
428 0.000565 
429 0.003909 
430 0.005418 
431 0.003994 
432 0.002902 
433 0.003979 
434 0.004844 
435 0.004403 
436 0.001823 
437 -0.001588 
438 -0.001631 
439 0.001259 
440 0.003832 
441 0.005352 
442 0.005135 
443 0.002555 
444 -0.000244 
445 -0.001259 
446 0.000489 
447 0.004296 
448 0.006684 
449 0.006105 
450 0.003768 
451 0.000327 
452 -0.001383 
453 0.000840 
454 0.003545 
455 0.003439 
456 0.001957 
457 0.002197 
458 0.003726 
459 0.004090 
460 0.003916 
461 0.004877 
462 0.004661 
463 0.002112 
464 -0.000127 
465 -0.001032 
466 -0.001697 
467 -0.001685 
468 0.000358 
469 0.002945 
470 0.002422 
471 -0.000453 
472 -0.000945 
473 0.001253 
474 0.002825 
475 0.001929 
476 -0.000631 
477 -0.003222 
478 -0.005278 
479 -0.005434 
480 -0.002370 
481 0.001072 
482 0.002597 
483 0.002212 
484 -0.000145 
485 -0.002943 
486 -0.003097 
487 -0.001490 
488 -0.000845 
489 -0.002197 
490 -0.004941 
491 -0.006626 
492 -0.005454 
493 -0.002730 
494 -0.000134 
495 -0.000070 
496 -0.004007 
497 -0.008384 
498 -0.008031 
499 -0.003557 
500 0.000699 
501 0.002224 
502 0.002482 
503 0.001702 
504 -0.000986 
505 -0.001865 
506 0.000824 
507 0.002022 
508 -0.000156 
509 -0.001277 
510 0.000432 
511 0.002388 
512 0.002313 
513 0.000749 
514 -0.000375 
515 -0.001217 
516 -0.002446 
517 -0.001746 
518 0.000173 
519 -0.000563 
520 -0.002173 
521 -0.000127 
522 0.003191 
523 0.003723 
524 0.001810 
525 -0.000793 
526 -0.002809 
527 -0.003538 
528 -0.002234 
529 0.000646 
530 0.002567 
531 0.001240 
532 -0.001673 
533 -0.003057 
534 -0.001887 
535 0.000325 
536 0.001840 
537 0.003039 
538 0.002450 
539 -0.001428 
540 -0.006184 
541 -0.006791 
542 -0.002515 
543 0.002195 
544 0.003493 
545 0.001675 
546 -0.000757 
547 -0.002282 
548 -0.002224 
549 -0.000162 
550 0.002626 
551 0.003703 
552 0.002898 
553 0.002204 
554 0.002147 
555 0.001902 
556 0.001384 
557 0.001561 
558 0.000903 
559 -0.001360 
560 -0.002860 
561 -0.002208 
562 -0.001651 
563 -0.002130 
564 -0.001762 
565 0.000094 
566 0.002311 
567 0.002646 
568 -0.000084 
569 -0.004130 
570 -0.007172 
571 -0.007699 
572 -0.004781 
573 -0.000248 
574 0.001784 
575 0.000277 
576 -0.003345 
577 -0.006643 
578 -0.005935 
579 -0.000978 
580 0.003190 
581 0.003542 
582 0.001265 
583 -0.002144 
584 -0.003541 
585 -0.000769 
586 0.002313 
587 0.001049 
588 -0.002917 
589 -0.004368 
590 -0.001143 
591 0.003443 
592 0.005307 
593 0.004145 
594 0.001684 
595 -0.000675 
596 -0.000928 
597 0.002186 
598 0.005654 
599 0.004946 
600 0.000632 
601 -0.002723 
602 -0.002385 
603 0.000694 
604 0.005019 
605 0.007874 
606 0.007077 
607 0.004242 
608 0.002347 
609 0.001877 
610 0.001736 
611 0.001166 
612 -0.000327 
613 -0.002757 
614 -0.004866 
615 -0.004243 
616 -0.000408 
617 0.004267 
618 0.007073 
619 0.007738 
620 0.006257 
621 0.002539 
622 -0.001231 
623 -0.001542 
624 0.000836 
625 0.002787 
626 0.003925 
627 0.004167 
628 0.003745 
629 0.003387 
630 0.002539 
631 0.000858 
632 -0.001170 
633 -0.002707 
634 -0.001603 
635 0.002173 
636 0.004425 
637 0.003838 
638 0.002498 
639 0.000807 
640 -0.001290 
641 -0.002118 
642 -0.001323 
643 -0.000581 
644 -0.001182 
645 -0.000823 
646 0.002259 
647 0.004799 
648 0.004092 
649 0.001994 
650 0.000581 
651 -0.001359 
652 -0.004011 
653 -0.004432 
654 -0.001656 
655 0.001178 
656 0.000991 
657 -0.000771 
658 -0.001469 
659 -0.001524 
660 -0.002369 
661 -0.002676 
662 -0.001456 
663 -0.001018 
664 -0.001925 
665 -0.002102 
666 -0.001613 
667 -0.002083 
668 -0.002866 
669 -0.002231 
670 -0.000888 
671 -0.000774 
672 -0.001791 
673 -0.002048 
674 -0.000910 
675 -0.000207 
676 -0.000964 
677 -0.001790 
678 -0.001890 
679 -0.002486 
680 -0.002523 
681 -0.000329 
682 0.002097 
683 0.002232 
684 -0.000573 
685 -0.004604 
686 -0.006861 
687 -0.006060 
688 -0.003402 
689 -0.000262 
690 0.001459 
691 0.000303 
692 -0.001984 
693 -0.002971 
694 -0.001967 
695 -0.000475 
696 0.000022 
697 0.000038 
698 -0.000226 
699 -0.001079 
700 -0.002716 
701 -0.004402 
702 -0.004555 
703 -0.002601 
704 -0.000417 
705 0.000900 
706 0.001086 
707 0.000517 
708 -0.000362 
709 -0.002006 
710 -0.004062 
711 -0.004629 
712 -0.003502 
713 -0.001976 
714 -0.000366 
715 0.000543 
716 0.000501 
717 0.000180 
718 -0.000172 
719 -0.000974 
720 -0.002447 
721 -0.003431 
722 -0.002373 
723 -0.000834 
724 -0.000750 
725 -0.001186 
726 -0.001302 
727 -0.001642 
728 -0.002193 
729 -0.002997 
730 -0.003668 
731 -0.004153 
732 -0.004262 
733 -0.002936 
734 -0.000841 
735 -0.000435 
736 -0.001847 
737 -0.003026 
738 -0.003576 
739 -0.003976 
740 -0.003274 
741 -0.001084 
742 0.000500 
743 -0.000362 
744 -0.002187 
745 -0.002521 
746 -0.002013 
747 -0.002935 
748 -0.004502 
749 -0.004414 
750 -0.003149 
751 -0.002238 
752 -0.001243 
753 0.000282 
754 0.000809 
755 -0.000222 
756 -0.000733 
757 -0.000505 
758 -0.001000 
759 -0.001544 
760 -0.000429 
761 0.001630 
762 0.002133 
763 0.000111 
764 -0.002012 
765 -0.001812 
766 -0.000220 
767 0.001039 
768 0.000994 
769 -0.000124 
770 -0.001628 
771 -0.001971 
772 -0.000322 
773 0.001772 
774 0.001939 
775 -0.000034 
776 -0.002403 
777 -0.003353 
778 -0.002177 
779 0.000188 
780 0.002051 
781 0.002427 
782 0.001291 
783 -0.000433 
784 -0.001379 
785 -0.001083 
786 -0.000354 
787 -0.000075 
788 -0.000173 
789 0.000353 
790 0.001736 
791 0.002070 
792 0.000692 
793 -0.000596 
794 -0.000907 
795 -0.000883 
796 -0.000505 
797 0.000350 
798 0.001312 
799 0.001834 
800 0.001691 
801 0.001376 
802 0.001022 
803 -0.000007 
804 -0.001135 
805 -0.001225 
806 -0.000429 
807 0.000599 
808 0.001411 
809 0.001936 
810 0.002145 
811 0.001559 
812 0.000438 
813 -0.000259 
814 -0.000364 
815 -0.000619 
816 -0.001089 
817 -0.001157 
818 -0.000503 
819 0.000186 
820 0.000234 
821 -0.000180 
822 -0.001101 
823 -0.002353 
824 -0.002757 
825 -0.001574 
826 0.000041 
827 0.000644 
828 0.000030 
829 -0.001005 
830 -0.001421 
831 -0.000688 
832 0.000569 
833 0.001377 
834 0.001154 
835 -0.000270 
836 -0.001930 
837 -0.002439 
838 -0.001615 
839 -0.000346 
840 0.000552 
841 0.000726 
842 0.000466 
843 -0.000112 
844 -0.000985 
845 -0.001666 
846 -0.001569 
847 -0.000961 
848 -0.000247 
849 0.000241 
850 0.000293 
851 0.000294 
852 0.000485 
853 0.000612 
854 0.000383 
855 -0.000036 
856 -0.000295 
857 -0.000129 
858 0.000088 
859 0.000152 
860 0.000258 
861 0.000217 
862 -0.000214 
863 -0.000785 
864 -0.001037 
865 -0.000711 
866 0.000008 
867 0.000492 
868 0.000552 
869 0.000559 
870 0.000397 
871 -0.000085 
872 -0.000446 
873 -0.000414 
874 -0.000265 
875 0.000036 
876 0.000517 
877 0.000674 
878 0.000388 
879 0.000081 
880 0.000122 
881 0.000404 
882 0.000615 
883 0.000594 
884 0.000398 
885 0.000317 
886 0.000326 
887 0.000216 
888 -0.000020 
889 -0.000232 
890 -0.000310 
891 -0.000402 
892 -0.000625 
893 -0.000756 
894 -0.000231 
895 0.000824 
896 0.001354 
897 0.000872 
898 -0.000004 
899 -0.000497 
900 -0.000481 
901 -0.000090 
902 0.000464 
903 0.000845 
904 0.000514 
905 -0.000195 
906 -0.000352 
907 -0.000020 
908 0.000089 
909 -0.000047 
910 -0.000169 
911 -0.000244 
912 -0.000223 
913 -0.000144 
914 -0.000006 
915 0.000138 
916 0.000303 
917 0.000475 
918 0.000537 
919 0.000325 
920 -0.000090 
921 -0.000157 
922 0.000291 
923 0.000533 
924 0.000292 
925 0.000164 
926 0.000259 
927 0.000333 
928 0.000612 
929 0.000941 
930 0.000809 
931 0.000204 
932 -0.000382 
933 -0.000380 
934 -0.000061 
935 0.000114 
936 0.000197 
937 0.000192 
938 -0.000024 
939 -0.000195 
940 0.000049 
941 0.000530 
942 0.000751 
943 0.000559 
944 0.000421 
945 0.000580 
946 0.000691 
947 0.000622 
948 0.000274 
949 -0.000177 
950 -0.000175 
951 0.000200 
952 0.000518 
953 0.000697 
954 0.000654 
955 0.000320 
956 -0.000028 
957 -0.000147 
958 0.000070 
959 0.000534 
960 0.000828 
961 0.000766 
962 0.000486 
963 0.000071 
964 -0.000145 
965 0.000085 
966 0.000373 
967 0.000357 
968 0.000196 
969 0.000221 
970 0.000381 
971 0.000419 
972 0.000404 
973 0.000504 
974 0.000472 
975 0.000204 
976 -0.000017 
977 -0.000093 
978 -0.000152 
979 -0.000155 
980 0.000027 
981 0.000254 
982 0.000195 
983 -0.000068 
984 -0.000099 
985 0.000116 
986 0.000271 
987 0.000201 
988 -0.000016 
989 -0.000241 
990 -0.000435 
991 -0.000460 
992 -0.000189 
993 0.000123 
994 0.000260 
995 0.000219 
996 0.000008 
997 -0.000229 
998 -0.000231 
999 -0.000080 
1000 -0.000014 
1001 -0.000127 
1002 -0.000368 
1003 -0.000524 
1004 -0.000433 
1005 -0.000197 
1006 0.000032 
1007 0.000034 
1008 -0.000304 
1009 -0.000679 
1010 -0.000659 
1011 -0.000292 
1012 0.000063 
1013 0.000197 
1014 0.000224 
1015 0.000158 
1016 -0.000068 
1017 -0.000151 
1018 0.000055 
1019 0.000145 
1020 -0.000030 
1021 -0.000119 
1022 0.000021 
1023 0.000175 
