0 0.739147 
1 -0.011156 
2 -0.088619 
3 0.061155 
4 -0.018347 
5 -0.060888 
6 0.069564 
7 0.151255 
8 0.048346 
9 -0.072223 
10 0.003937 
11 -0.046398 
12 0.036610 
13 0.121321 
14 -0.109651 
15 0.031962 
16 -0.095362 
17 0.288682 
18 -0.118833 
19 -0.082569 
20 0.182017 
21 -0.107741 
22 0.059975 
23 0.068377 
24 -0.118569 
25 0.093969 
26 -0.036152 
27 -0.107282 
28 0.127227 
29 0.004098 
30 0.083071 
31 -0.192298 
32 0.192537 
33 -0.106421 
34 -0.039380 
35 0.213939 
36 -0.225190 
37 0.075496 
38 -0.001930 
39 -0.014829 
40 0.059371 
41 -0.122828 
42 0.263557 
43 -0.227295 
44 0.146415 
45 -0.110633 
46 0.055655 
47 0.090873 
48 -0.091947 
49 -0.116145 
50 0.119385 
51 -0.088490 
52 0.028708 
53 0.019855 
54 0.043626 
55 0.091639 
56 -0.156509 
57 0.139576 
58 -0.100991 
59 0.083891 
60 -0.023012 
61 -0.061255 
62 0.071072 
63 -0.169020 
64 -0.059063 
65 0.162168 
66 -0.036511 
67 -0.028734 
68 -0.059583 
69 -0.024764 
70 0.043024 
71 -0.046833 
72 0.074374 
73 -0.085540 
74 -0.166284 
75 0.129753 
76 -0.087922 
77 0.113714 
78 -0.157648 
79 -0.132291 
80 0.071378 
81 -0.024286 
82 0.017731 
83 -0.053797 
84 -0.010128 
85 -0.082412 
86 0.059268 
87 0.061832 
88 0.099271 
89 -0.080293 
90 -0.037131 
91 0.059119 
92 -0.017050 
93 0.075470 
94 -0.026535 
95 0.060268 
96 -0.062876 
97 0.086078 
98 0.008925 
99 -0.055224 
100 0.190146 
101 -0.152131 
102 0.208736 
103 -0.002693 
104 -0.066571 
105 0.140927 
106 -0.108559 
107 0.048871 
108 0.008262 
109 -0.002408 
110 -0.012675 
111 0.021781 
112 0.034139 
113 -0.031722 
114 -0.005638 
115 0.115086 
116 -0.149370 
117 0.169466 
118 0.022584 
119 -0.075457 
120 0.139201 
121 -0.187392 
122 0.054479 
123 -0.078173 
124 0.102294 
125 -0.000710 
126 -0.163560 
127 -0.042035 
128 -0.000087 
129 0.057705 
130 -0.084095 
131 -0.056892 
132 0.030574 
133 -0.032040 
134 -0.050845 
135 0.279045 
136 -0.225138 
137 0.114233 
138 -0.073100 
139 -0.019494 
140 0.184640 
141 -0.120607 
142 0.147892 
143 -0.157585 
144 -0.130435 
145 0.052516 
146 -0.023346 
147 0.154043 
148 -0.077034 
149 -0.070557 
150 0.050700 
151 0.093712 
152 -0.011724 
153 0.034846 
154 0.028628 
155 -0.104167 
156 -0.055877 
157 0.166838 
158 0.028425 
159 -0.173834 
160 0.085385 
161 -0.146004 
162 0.067164 
163 -0.010061 
164 0.079107 
165 -0.065021 
166 -0.178950 
167 0.119806 
168 0.058083 
169 0.016301 
170 0.048495 
171 -0.098915 
172 0.137475 
173 -0.054548 
174 -0.040893 
175 0.052938 
176 -0.064093 
177 -0.018753 
178 -0.075679 
179 0.022951 
180 0.159109 
181 -0.162308 
182 0.058610 
183 -0.015236 
184 0.033638 
185 -0.062885 
186 0.016148 
187 0.100345 
188 -0.120275 
189 0.244609 
190 -0.200286 
191 -0.057552 
192 0.019218 
193 -0.041782 
194 0.127911 
195 -0.020074 
196 -0.079473 
197 -0.024444 
198 -0.010962 
199 0.023597 
200 0.111236 
201 -0.104824 
202 0.099925 
203 -0.036349 
204 0.029938 
205 0.143886 
206 -0.045801 
207 0.067027 
208 -0.124949 
209 0.109372 
210 0.084397 
211 0.095082 
212 -0.072158 
213 -0.173526 
214 0.036102 
215 0.033545 
216 0.040285 
217 0.083002 
218 -0.122245 
219 -0.010177 
220 0.080157 
221 0.029027 
222 -0.015411 
223 0.066367 
224 -0.054457 
225 -0.088597 
226 -0.045821 
227 0.135309 
228 -0.158536 
229 0.030925 
230 0.044835 
231 -0.185327 
232 0.128468 
233 -0.039097 
234 0.033677 
235 0.010502 
236 -0.078259 
237 -0.043149 
238 0.007877 
239 -0.164682 
240 0.120935 
241 -0.072414 
242 -0.003180 
243 -0.126281 
244 -0.003190 
245 0.092247 
246 -0.111395 
247 0.159634 
248 -0.153455 
249 0.080901 
250 -0.066641 
251 -0.028667 
252 0.201573 
253 -0.069392 
254 0.098750 
255 -0.030095 
256 0.025238 
257 0.075115 
258 -0.012942 
259 -0.034543 
260 0.082658 
261 -0.074899 
262 0.035238 
263 0.090611 
264 -0.009391 
265 0.102045 
266 -0.144950 
267 0.116603 
268 -0.032423 
269 0.092863 
270 0.018200 
271 -0.124747 
272 0.143984 
273 -0.113535 
274 0.028895 
275 0.049366 
276 -0.093105 
277 -0.013358 
278 -0.057462 
279 0.037329 
280 -0.049453 
281 -0.004145 
282 0.038588 
283 -0.132461 
284 -0.040126 
285 0.041700 
286 -0.102878 
287 0.144107 
288 -0.146175 
289 -0.015575 
290 0.053734 
291 -0.144392 
292 0.128180 
293 -0.113847 
294 0.127661 
295 0.002644 
296 -0.147679 
297 0.072937 
298 0.022215 
299 -0.010039 
300 0.073291 
301 0.052227 
302 -0.035560 
303 0.096711 
304 -0.032105 
305 0.201869 
306 -0.121741 
307 0.130738 
308 -0.083991 
309 0.055373 
310 0.147079 
311 -0.086686 
312 0.173793 
313 -0.255858 
314 0.222371 
315 0.032806 
316 -0.045710 
317 0.121756 
318 -0.108338 
319 0.046484 
320 -0.113527 
321 0.095145 
322 0.057051 
323 -0.157442 
324 0.051320 
325 0.040003 
326 -0.036333 
327 0.028691 
328 -0.011468 
329 -0.052639 
330 -0.087002 
331 -0.030046 
332 0.100026 
333 -0.068083 
334 0.076359 
335 -0.116519 
336 -0.073622 
337 0.091562 
338 -0.114262 
339 0.052501 
340 -0.104650 
341 0.117539 
342 -0.061214 
343 -0.086989 
344 0.077686 
345 -0.127781 
346 -0.056523 
347 0.134664 
348 -0.096879 
349 -0.021310 
350 0.041953 
351 -0.052262 
352 0.101321 
353 -0.092414 
354 0.020412 
355 -0.015224 
356 -0.044212 
357 0.084998 
358 -0.043214 
359 0.063121 
360 -0.105440 
361 0.044294 
362 0.002478 
363 0.071916 
364 -0.014711 
365 -0.002155 
366 -0.000574 
367 -0.085844 
368 0.166016 
369 -0.009161 
370 0.073189 
371 -0.166437 
372 0.156467 
373 -0.073189 
374 0.061353 
375 0.115895 
376 -0.253632 
377 0.188676 
378 -0.075822 
379 0.074544 
380 0.042285 
381 -0.082813 
382 0.072408 
383 -0.132863 
384 0.103118 
385 0.019340 
386 -0.069574 
387 0.042625 
388 -0.102627 
389 -0.043087 
390 0.048177 
391 -0.195367 
392 0.149070 
393 -0.138067 
394 0.004436 
395 0.090411 
396 -0.192831 
397 0.172645 
398 -0.134326 
399 0.091279 
400 -0.046477 
401 -0.022491 
402 0.016212 
403 0.007975 
404 0.067701 
405 -0.046280 
406 -0.014345 
407 0.093640 
408 -0.114152 
409 0.137387 
410 0.082458 
411 -0.034147 
412 0.174351 
413 -0.155557 
414 0.148670 
415 0.092633 
416 -0.077372 
417 0.262944 
418 -0.172774 
419 0.051316 
420 0.085707 
421 -0.004742 
422 0.038201 
423 -0.050796 
424 0.131457 
425 -0.189063 
426 0.141051 
427 0.052801 
428 -0.062443 
429 0.117708 
430 -0.197944 
431 0.000007 
432 0.071352 
433 -0.047714 
434 -0.044489 
435 -0.015098 
436 -0.215021 
437 0.025263 
438 -0.091617 
439 0.098321 
440 -0.083918 
441 -0.129430 
442 0.089532 
443 -0.147404 
444 -0.008488 
445 0.017602 
446 -0.074048 
447 -0.044966 
448 -0.106485 
449 0.001502 
450 -0.046378 
451 -0.037838 
452 0.006419 
453 -0.081555 
454 0.007693 
455 0.131052 
456 -0.059485 
457 0.111331 
458 -0.000643 
459 0.007830 
460 -0.063223 
461 0.104031 
462 0.080673 
463 -0.044970 
464 0.158325 
465 -0.148322 
466 0.116763 
467 -0.012605 
468 -0.037862 
469 0.199171 
470 -0.060973 
471 -0.040806 
472 0.131017 
473 -0.045707 
474 0.039264 
475 0.110994 
476 -0.042098 
477 0.061021 
478 -0.115085 
479 0.084301 
480 0.049838 
481 -0.032799 
482 0.025176 
483 -0.176077 
484 0.085825 
485 -0.062260 
486 0.022131 
487 0.008402 
488 -0.105418 
489 0.124300 
490 -0.212494 
491 0.130514 
492 0.048196 
493 -0.082942 
494 0.003562 
495 -0.001901 
496 -0.137764 
497 0.093132 
498 -0.022127 
499 -0.010466 
500 -0.074885 
501 -0.065315 
502 0.122963 
503 -0.134867 
504 0.104312 
505 -0.081219 
506 -0.041983 
507 0.072435 
508 0.026305 
509 0.068229 
510 0.045313 
511 -0.035020 
512 0.045124 
513 0.030309 
514 0.078658 
515 0.097040 
516 -0.043102 
517 0.015341 
518 -0.070336 
519 -0.004751 
520 0.108255 
521 -0.060021 
522 0.144458 
523 -0.166660 
524 0.096809 
525 0.016217 
526 -0.092350 
527 0.155174 
528 -0.199805 
529 0.173212 
530 -0.102627 
531 0.007234 
532 0.024829 
533 -0.060187 
534 0.024844 
535 -0.066761 
536 -0.054891 
537 0.009136 
538 -0.052411 
539 -0.018925 
540 0.039423 
541 -0.098771 
542 0.065762 
543 -0.160195 
544 0.079617 
545 -0.016441 
546 -0.100844 
547 0.109409 
548 -0.145914 
549 0.085186 
550 -0.132846 
551 0.061437 
552 -0.097417 
553 -0.063390 
554 0.103649 
555 -0.125453 
556 0.085641 
557 -0.024937 
558 -0.078289 
559 0.110232 
560 -0.068545 
561 0.057128 
562 0.129512 
563 -0.081694 
564 0.096426 
565 -0.078927 
566 -0.030568 
567 0.180689 
568 -0.027804 
569 0.109670 
570 -0.147467 
571 0.188102 
572 0.067120 
573 -0.063760 
574 0.208991 
575 -0.017793 
576 0.033860 
577 -0.009825 
578 0.055439 
579 0.067499 
580 -0.015404 
581 -0.009379 
582 0.007952 
583 -0.048796 
584 -0.001841 
585 0.101141 
586 -0.097437 
587 0.131944 
588 -0.149432 
589 0.060876 
590 -0.004458 
591 0.050072 
592 -0.068879 
593 -0.050858 
594 0.081500 
595 -0.131920 
596 -0.016245 
597 0.004709 
598 -0.116332 
599 0.027193 
600 -0.039767 
601 -0.167520 
602 0.136684 
603 0.014259 
604 -0.149026 
605 0.048691 
606 -0.056733 
607 0.032171 
608 -0.018589 
609 0.091722 
610 -0.073956 
611 -0.089582 
612 0.020195 
613 0.002506 
614 0.199275 
615 -0.157592 
616 0.111273 
617 -0.010290 
618 -0.063123 
619 0.128758 
620 -0.048971 
621 0.020160 
622 0.064457 
623 -0.082421 
624 0.056692 
625 0.063963 
626 -0.066371 
627 0.153314 
628 -0.102592 
629 0.097273 
630 -0.048218 
631 -0.005452 
632 0.119954 
633 -0.167680 
634 0.101295 
635 -0.145908 
636 0.062474 
637 -0.055465 
638 -0.116045 
639 0.122382 
640 -0.081037 
641 -0.072166 
642 -0.070727 
643 0.019018 
644 -0.021733 
645 0.105165 
646 -0.101675 
647 0.023962 
648 -0.127844 
649 0.063874 
650 -0.035007 
651 0.022838 
652 0.029512 
653 -0.257787 
654 0.124758 
655 0.014358 
656 -0.032590 
657 0.009960 
658 -0.095200 
659 0.072293 
660 0.037346 
661 -0.050597 
662 0.173761 
663 -0.113600 
664 0.009133 
665 0.008659 
666 0.040180 
667 0.165631 
668 -0.036182 
669 -0.023131 
670 -0.052631 
671 0.046119 
672 0.193858 
673 -0.046100 
674 0.148808 
675 -0.163358 
676 0.081307 
677 0.196852 
678 -0.102177 
679 0.231849 
680 -0.208988 
681 0.036215 
682 0.141563 
683 -0.105321 
684 0.054925 
685 -0.003059 
686 0.001075 
687 0.087440 
688 -0.096538 
689 0.068896 
690 -0.124993 
691 0.017504 
692 0.072451 
693 -0.090565 
694 0.087760 
695 -0.164400 
696 0.016213 
697 -0.021236 
698 -0.013316 
699 0.133399 
700 -0.257785 
701 0.186334 
702 -0.074108 
703 -0.091125 
704 0.177669 
705 -0.132790 
706 -0.005866 
707 -0.074626 
708 0.056103 
709 0.116281 
710 -0.169546 
711 0.020792 
712 -0.065418 
713 -0.010315 
714 0.164481 
715 -0.070718 
716 0.043923 
717 -0.087902 
718 -0.048965 
719 0.198080 
720 -0.059821 
721 0.098736 
722 -0.083886 
723 -0.057467 
724 0.050945 
725 0.053361 
726 -0.029900 
727 -0.039786 
728 -0.008702 
729 0.044081 
730 -0.004238 
731 0.004054 
732 0.083896 
733 -0.039550 
734 -0.158922 
735 0.174785 
736 -0.094658 
737 0.088065 
738 -0.171475 
739 0.055719 
740 -0.153203 
741 0.107693 
742 -0.004633 
743 -0.134171 
744 0.009124 
745 0.039995 
746 0.099654 
747 -0.088826 
748 0.000533 
749 -0.095414 
750 0.159321 
751 -0.035555 
752 -0.022253 
753 -0.085401 
754 0.046516 
755 -0.123302 
756 0.009439 
757 0.150801 
758 -0.195219 
759 0.043964 
760 0.010005 
761 0.070477 
762 0.128030 
763 -0.218774 
764 0.213235 
765 -0.091055 
766 0.045122 
767 -0.038827 
768 0.042066 
769 0.033848 
770 -0.157762 
771 -0.022424 
772 0.097027 
773 0.076771 
774 -0.052740 
775 -0.061222 
776 0.059036 
777 0.185466 
778 -0.129006 
779 0.295714 
780 -0.170851 
781 0.056253 
782 0.087960 
783 -0.122259 
784 0.218141 
785 -0.119973 
786 -0.048442 
787 -0.032399 
788 0.050636 
789 -0.019627 
790 0.014277 
791 -0.024359 
792 -0.030873 
793 0.090360 
794 -0.017216 
795 -0.100284 
796 0.132177 
797 0.053273 
798 -0.150100 
799 0.185273 
800 -0.143665 
801 -0.037652 
802 0.063881 
803 -0.147933 
804 0.163006 
805 -0.237369 
806 0.043681 
807 0.037388 
808 -0.061527 
809 0.104052 
810 -0.121718 
811 -0.001140 
812 -0.009307 
813 0.035049 
814 -0.012074 
815 0.079363 
816 -0.065805 
817 -0.087218 
818 -0.057668 
819 0.212571 
820 -0.122493 
821 -0.066149 
822 0.009281 
823 -0.076590 
824 0.132454 
825 -0.037013 
826 0.027869 
827 -0.027915 
828 0.006584 
829 0.010069 
830 -0.008926 
831 0.184633 
832 -0.160971 
833 0.117481 
834 0.029901 
835 -0.117679 
836 0.074889 
837 -0.013879 
838 -0.070552 
839 0.058026 
840 -0.154045 
841 -0.017398 
842 0.056090 
843 -0.048597 
844 0.081466 
845 -0.218371 
846 0.225074 
847 -0.062190 
848 -0.004352 
849 0.127131 
850 -0.066247 
851 0.080197 
852 -0.149830 
853 0.038470 
854 -0.025958 
855 -0.007290 
856 0.086496 
857 -0.130281 
858 0.003587 
859 0.126766 
860 -0.096879 
861 0.021301 
862 0.065134 
863 0.001218 
864 -0.002893 
865 0.013763 
866 0.027704 
867 0.160902 
868 -0.273475 
869 0.086619 
870 -0.112908 
871 0.066724 
872 -0.017534 
873 -0.017041 
874 0.007714 
875 -0.010116 
876 0.007486 
877 0.116452 
878 0.046573 
879 0.028088 
880 0.121053 
881 -0.149475 
882 0.134654 
883 -0.074830 
884 0.112371 
885 -0.172165 
886 0.053335 
887 -0.080814 
888 -0.172640 
889 0.128298 
890 -0.045196 
891 -0.036697 
892 0.101612 
893 -0.136363 
894 0.057968 
895 0.014488 
896 0.010624 
897 0.024825 
898 -0.077418 
899 -0.041259 
900 -0.093838 
901 0.041210 
902 0.085317 
903 -0.186842 
904 0.005451 
905 -0.130446 
906 0.107290 
907 0.081127 
908 -0.097604 
909 0.141521 
910 -0.225806 
911 0.222529 
912 0.027844 
913 -0.076338 
914 0.202903 
915 -0.187040 
916 0.019364 
917 -0.024106 
918 -0.067127 
919 0.053398 
920 -0.100657 
921 -0.037045 
922 -0.039222 
923 -0.024027 
924 0.086817 
925 -0.149003 
926 0.202939 
927 -0.055852 
928 -0.090116 
929 0.210939 
930 -0.154109 
931 0.185923 
932 -0.045106 
933 -0.008036 
934 0.130402 
935 -0.221174 
936 0.202068 
937 -0.079630 
938 0.008351 
939 -0.049240 
940 0.000377 
941 0.062217 
942 -0.035607 
943 -0.053095 
944 0.218703 
945 -0.061747 
946 0.005661 
947 0.085516 
948 0.041317 
949 0.071163 
950 -0.083040 
951 0.140550 
952 -0.100695 
953 0.104564 
954 0.028475 
955 0.000206 
956 -0.044648 
957 -0.050706 
958 0.062933 
959 0.001283 
960 0.112214 
961 0.035536 
962 -0.126338 
963 0.146677 
964 0.008673 
965 0.061963 
966 -0.093028 
967 0.043058 
968 -0.088485 
969 0.046228 
970 0.025593 
971 -0.091936 
972 0.083576 
973 -0.208329 
974 0.045123 
975 0.032246 
976 0.027044 
977 -0.093263 
978 0.029102 
979 -0.018633 
980 -0.039649 
981 0.066134 
982 -0.063851 
983 0.005894 
984 -0.069996 
985 0.072890 
986 -0.099052 
987 -0.068081 
988 -0.028799 
989 0.009404 
990 -0.077294 
991 0.141291 
992 -0.075283 
993 -0.078448 
994 0.046601 
995 -0.054840 
996 0.063852 
997 -0.008361 
998 -0.019304 
999 -0.107413 
1000 -0.164332 
1001 0.113054 
1002 -0.084571 
1003 0.011364 
1004 -0.106802 
1005 -0.050847 
1006 0.166968 
1007 -0.021369 
1008 -0.047568 
1009 0.031974 
1010 -0.119078 
1011 0.046058 
1012 0.240523 
1013 -0.217544 
1014 0.168540 
1015 -0.177360 
1016 0.134601 
1017 0.019473 
1018 -0.066902 
1019 0.184502 
1020 -0.202677 
1021 0.071576 
1022 0.078532 
1023 0.326504 
