0 0.001392 
1 0.001499 
2 0.001103 
3 0.000459 
4 0.000030 
5 0.000033 
6 0.000256 
7 0.000385 
8 0.000378 
9 0.000229 
10 0.000035 
11 0.000115 
12 0.000572 
13 0.001082 
14 0.001182 
15 0.000856 
16 0.000616 
17 0.000723 
18 0.000959 
19 0.001230 
20 0.001348 
21 0.001015 
22 0.000259 
23 -0.000563 
24 -0.000891 
25 -0.000498 
26 0.000077 
27 0.000334 
28 0.000456 
29 0.000613 
30 0.000682 
31 0.000558 
32 0.000331 
33 0.000083 
34 -0.000351 
35 -0.000895 
36 -0.001084 
37 -0.000720 
38 -0.000107 
39 0.000322 
40 0.000316 
41 -0.000054 
42 -0.000479 
43 -0.000690 
44 -0.000444 
45 0.000040 
46 0.000120 
47 -0.000243 
48 -0.000736 
49 -0.001172 
50 -0.001313 
51 -0.001097 
52 -0.000694 
53 -0.000383 
54 -0.000332 
55 -0.000171 
56 0.000390 
57 0.000865 
58 0.000877 
59 0.000595 
60 0.000153 
61 -0.000526 
62 -0.001194 
63 -0.001361 
64 -0.001061 
65 -0.000658 
66 -0.000191 
67 0.000270 
68 0.000540 
69 0.000452 
70 -0.000091 
71 -0.000571 
72 -0.000491 
73 -0.000143 
74 0.000397 
75 0.001031 
76 0.000908 
77 -0.000006 
78 -0.000875 
79 -0.001200 
80 -0.000835 
81 -0.000109 
82 0.000467 
83 0.000658 
84 0.000440 
85 0.000124 
86 0.000158 
87 0.000635 
88 0.001196 
89 0.001236 
90 0.000460 
91 -0.000559 
92 -0.000949 
93 -0.000403 
94 0.000728 
95 0.001346 
96 0.000756 
97 -0.000389 
98 -0.001050 
99 -0.000745 
100 0.000501 
101 0.002106 
102 0.002745 
103 0.001987 
104 0.001039 
105 0.000476 
106 -0.000099 
107 -0.000397 
108 -0.000448 
109 -0.000682 
110 -0.000794 
111 -0.000757 
112 -0.000749 
113 -0.000076 
114 0.001227 
115 0.001631 
116 0.000527 
117 -0.001229 
118 -0.002540 
119 -0.002874 
120 -0.001980 
121 -0.000272 
122 0.000823 
123 0.000517 
124 -0.000446 
125 -0.000953 
126 -0.000274 
127 0.000773 
128 0.000764 
129 -0.000142 
130 -0.000827 
131 -0.001035 
132 -0.000765 
133 0.000160 
134 0.001391 
135 0.001940 
136 0.001507 
137 0.001056 
138 0.001183 
139 0.001512 
140 0.001353 
141 0.000417 
142 -0.000345 
143 0.000164 
144 0.001511 
145 0.002588 
146 0.002707 
147 0.001490 
148 0.000034 
149 -0.000016 
150 0.001479 
151 0.003562 
152 0.004973 
153 0.004728 
154 0.003805 
155 0.003344 
156 0.003996 
157 0.004697 
158 0.004328 
159 0.002910 
160 0.001404 
161 0.001315 
162 0.002832 
163 0.004575 
164 0.005483 
165 0.004937 
166 0.003046 
167 0.000727 
168 -0.001189 
169 -0.001755 
170 -0.001015 
171 -0.000333 
172 0.000488 
173 0.002545 
174 0.004794 
175 0.005525 
176 0.004279 
177 0.002133 
178 0.000463 
179 -0.000538 
180 -0.001397 
181 -0.002272 
182 -0.002929 
183 -0.003213 
184 -0.002883 
185 -0.001260 
186 0.000527 
187 0.000370 
188 -0.001162 
189 -0.002048 
190 -0.001356 
191 0.000312 
192 0.001426 
193 0.001369 
194 0.000414 
195 -0.001491 
196 -0.003480 
197 -0.004558 
198 -0.005081 
199 -0.004935 
200 -0.003491 
201 -0.001706 
202 -0.000431 
203 0.000258 
204 0.000501 
205 0.000286 
206 -0.000330 
207 -0.000798 
208 -0.000742 
209 -0.001492 
210 -0.003317 
211 -0.004584 
212 -0.004696 
213 -0.004521 
214 -0.004147 
215 -0.003070 
216 -0.001755 
217 -0.001260 
218 -0.001527 
219 -0.001652 
220 -0.000761 
221 0.000437 
222 0.000550 
223 0.000173 
224 0.000648 
225 0.001114 
226 0.000566 
227 0.000248 
228 0.000655 
229 0.000497 
230 -0.000583 
231 -0.001120 
232 -0.000738 
233 -0.001290 
234 -0.002366 
235 -0.002244 
236 -0.002088 
237 -0.002570 
238 -0.002532 
239 -0.001636 
240 0.000058 
241 0.000975 
242 -0.000452 
243 -0.002126 
244 -0.002342 
245 -0.002601 
246 -0.002218 
247 0.000455 
248 0.003056 
249 0.002778 
250 0.000585 
251 -0.001137 
252 -0.002977 
253 -0.005932 
254 -0.008105 
255 -0.007787 
256 -0.006422 
257 -0.006564 
258 -0.007800 
259 -0.006587 
260 -0.003756 
261 -0.003787 
262 -0.005489 
263 -0.006164 
264 -0.007341 
265 -0.009286 
266 -0.009217 
267 -0.006469 
268 -0.004310 
269 -0.004871 
270 -0.005522 
271 -0.004749 
272 -0.004572 
273 -0.004524 
274 -0.003344 
275 -0.003156 
276 -0.004624 
277 -0.006722 
278 -0.007789 
279 -0.006137 
280 -0.002902 
281 -0.000287 
282 0.002027 
283 0.003261 
284 0.001286 
285 -0.001830 
286 -0.002868 
287 -0.001977 
288 -0.000823 
289 -0.000106 
290 0.001179 
291 0.003338 
292 0.004833 
293 0.005518 
294 0.005960 
295 0.004244 
296 0.000093 
297 -0.003237 
298 -0.003180 
299 0.000066 
300 0.003719 
301 0.005051 
302 0.005545 
303 0.007504 
304 0.009758 
305 0.010893 
306 0.010462 
307 0.007937 
308 0.003351 
309 -0.000309 
310 0.000089 
311 0.003117 
312 0.004901 
313 0.004854 
314 0.003610 
315 0.003129 
316 0.005739 
317 0.008894 
318 0.010431 
319 0.010668 
320 0.007742 
321 0.002778 
322 0.000437 
323 0.001103 
324 0.003567 
325 0.005776 
326 0.004564 
327 0.002075 
328 0.002406 
329 0.004966 
330 0.008046 
331 0.009713 
332 0.007202 
333 0.001529 
334 -0.002489 
335 -0.001918 
336 0.001897 
337 0.004971 
338 0.005191 
339 0.002871 
340 -0.000441 
341 -0.002113 
342 -0.001188 
343 0.000618 
344 0.000994 
345 0.000689 
346 0.002107 
347 0.004285 
348 0.004694 
349 0.002061 
350 -0.003267 
351 -0.007932 
352 -0.008661 
353 -0.006120 
354 -0.001182 
355 0.003851 
356 0.005426 
357 0.005233 
358 0.004894 
359 0.003458 
360 0.002584 
361 0.002412 
362 0.001546 
363 0.001728 
364 0.003420 
365 0.005747 
366 0.008793 
367 0.009129 
368 0.005255 
369 0.000365 
370 -0.003337 
371 -0.003745 
372 0.001278 
373 0.009428 
374 0.015970 
375 0.017415 
376 0.013865 
377 0.009603 
378 0.007577 
379 0.006630 
380 0.005907 
381 0.005295 
382 0.004258 
383 0.003817 
384 0.005647 
385 0.008398 
386 0.008316 
387 0.005094 
388 0.000502 
389 -0.003201 
390 -0.002972 
391 0.000570 
392 0.004327 
393 0.006208 
394 0.004248 
395 -0.000230 
396 -0.003649 
397 -0.005019 
398 -0.004898 
399 -0.003078 
400 0.000061 
401 0.003581 
402 0.006099 
403 0.006425 
404 0.005134 
405 0.002107 
406 -0.002957 
407 -0.008933 
408 -0.013800 
409 -0.014358 
410 -0.010036 
411 -0.004037 
412 -0.000532 
413 -0.001297 
414 -0.004062 
415 -0.007199 
416 -0.010309 
417 -0.012174 
418 -0.011824 
419 -0.009297 
420 -0.006522 
421 -0.004846 
422 -0.002780 
423 -0.000370 
424 -0.001569 
425 -0.005895 
426 -0.009917 
427 -0.012204 
428 -0.012871 
429 -0.011754 
430 -0.006809 
431 0.000026 
432 0.003231 
433 0.001378 
434 -0.001993 
435 -0.004062 
436 -0.003791 
437 -0.004734 
438 -0.007757 
439 -0.009375 
440 -0.010421 
441 -0.009970 
442 -0.004677 
443 0.002261 
444 0.006339 
445 0.006187 
446 0.003212 
447 0.001067 
448 -0.001743 
449 -0.007291 
450 -0.009816 
451 -0.008353 
452 -0.005651 
453 -0.000738 
454 0.004886 
455 0.008520 
456 0.007836 
457 0.001519 
458 -0.004403 
459 -0.005985 
460 -0.006304 
461 -0.004102 
462 0.000692 
463 0.003767 
464 0.004323 
465 0.003385 
466 0.003069 
467 0.003259 
468 0.000780 
469 -0.002617 
470 -0.003826 
471 -0.004367 
472 -0.004736 
473 -0.002758 
474 0.000486 
475 0.000099 
476 -0.004356 
477 -0.007989 
478 -0.007968 
479 -0.004039 
480 0.001310 
481 0.004784 
482 0.006637 
483 0.005537 
484 0.000400 
485 -0.002614 
486 -0.001589 
487 -0.003520 
488 -0.008195 
489 -0.009803 
490 -0.007900 
491 -0.004819 
492 -0.002369 
493 -0.000189 
494 0.002791 
495 0.004222 
496 0.002937 
497 0.002394 
498 0.003092 
499 0.001017 
500 -0.003095 
501 -0.004751 
502 -0.004015 
503 -0.005100 
504 -0.007576 
505 -0.007330 
506 -0.004643 
507 -0.003301 
508 -0.002617 
509 0.000754 
510 0.006576 
511 0.012496 
512 0.017310 
513 0.018325 
514 0.013093 
515 0.004736 
516 -0.000688 
517 -0.000180 
518 0.003524 
519 0.005913 
520 0.006003 
521 0.003678 
522 0.000391 
523 0.000547 
524 0.005853 
525 0.012402 
526 0.014111 
527 0.010318 
528 0.007186 
529 0.008092 
530 0.010605 
531 0.013901 
532 0.015912 
533 0.012627 
534 0.003671 
535 -0.006823 
536 -0.011601 
537 -0.007242 
538 -0.000097 
539 0.003380 
540 0.004989 
541 0.006640 
542 0.006918 
543 0.005010 
544 0.002514 
545 0.000408 
546 -0.003808 
547 -0.009969 
548 -0.012739 
549 -0.009246 
550 -0.002682 
551 0.002137 
552 0.002576 
553 -0.000856 
554 -0.005227 
555 -0.007689 
556 -0.005478 
557 -0.000690 
558 0.000139 
559 -0.003412 
560 -0.008162 
561 -0.012316 
562 -0.013564 
563 -0.011142 
564 -0.006786 
565 -0.003501 
566 -0.003061 
567 -0.001952 
568 0.002590 
569 0.006347 
570 0.006342 
571 0.004418 
572 0.001449 
573 -0.003974 
574 -0.010009 
575 -0.011984 
576 -0.009513 
577 -0.005667 
578 -0.001249 
579 0.002815 
580 0.004836 
581 0.003551 
582 -0.001178 
583 -0.004738 
584 -0.003525 
585 -0.000458 
586 0.003463 
587 0.007644 
588 0.006370 
589 -0.000227 
590 -0.006125 
591 -0.008104 
592 -0.005582 
593 -0.000804 
594 0.003069 
595 0.004556 
596 0.003404 
597 0.001549 
598 0.001702 
599 0.004511 
600 0.007938 
601 0.008279 
602 0.003619 
603 -0.002789 
604 -0.005750 
605 -0.003014 
606 0.003820 
607 0.008205 
608 0.005517 
609 -0.000951 
610 -0.005264 
611 -0.004270 
612 0.002364 
613 0.011539 
614 0.015597 
615 0.011687 
616 0.006125 
617 0.002339 
618 -0.001063 
619 -0.002206 
620 -0.001635 
621 -0.002300 
622 -0.003050 
623 -0.003404 
624 -0.003588 
625 -0.000098 
626 0.006415 
627 0.008225 
628 0.002478 
629 -0.006252 
630 -0.012181 
631 -0.012721 
632 -0.007441 
633 0.000732 
634 0.004997 
635 0.002472 
636 -0.002529 
637 -0.004622 
638 -0.001006 
639 0.004090 
640 0.004355 
641 0.000576 
642 -0.002442 
643 -0.003388 
644 -0.002183 
645 0.001482 
646 0.005882 
647 0.007401 
648 0.005316 
649 0.003520 
650 0.004391 
651 0.006440 
652 0.006685 
653 0.003624 
654 0.000629 
655 0.001689 
656 0.005694 
657 0.009028 
658 0.009393 
659 0.005536 
660 0.000904 
661 0.000539 
662 0.004946 
663 0.011437 
664 0.016170 
665 0.015833 
666 0.013085 
667 0.011192 
668 0.012262 
669 0.013612 
670 0.012380 
671 0.008779 
672 0.005264 
673 0.005412 
674 0.009239 
675 0.013156 
676 0.014932 
677 0.013361 
678 0.008564 
679 0.002498 
680 -0.002728 
681 -0.004381 
682 -0.002437 
683 -0.000340 
684 0.002272 
685 0.007627 
686 0.012731 
687 0.013649 
688 0.009964 
689 0.004661 
690 0.000899 
691 -0.001096 
692 -0.002678 
693 -0.004327 
694 -0.005646 
695 -0.006292 
696 -0.005711 
697 -0.002603 
698 0.000648 
699 0.000031 
700 -0.002945 
701 -0.004257 
702 -0.002360 
703 0.001252 
704 0.003463 
705 0.003082 
706 0.000768 
707 -0.003246 
708 -0.007065 
709 -0.008919 
710 -0.009620 
711 -0.009007 
712 -0.006115 
713 -0.002818 
714 -0.000555 
715 0.000549 
716 0.000676 
717 -0.000076 
718 -0.001283 
719 -0.001816 
720 -0.001236 
721 -0.002216 
722 -0.005343 
723 -0.007653 
724 -0.007821 
725 -0.007187 
726 -0.006226 
727 -0.004607 
728 -0.003079 
729 -0.002759 
730 -0.003044 
731 -0.002578 
732 -0.000576 
733 0.001326 
734 0.001058 
735 0.000001 
736 0.000458 
737 0.001188 
738 0.000546 
739 -0.000002 
740 0.000223 
741 -0.000200 
742 -0.001419 
743 -0.001513 
744 -0.000415 
745 -0.000971 
746 -0.002706 
747 -0.003167 
748 -0.003460 
749 -0.004093 
750 -0.003614 
751 -0.002021 
752 0.000089 
753 0.000847 
754 -0.001068 
755 -0.002859 
756 -0.002693 
757 -0.002608 
758 -0.002112 
759 0.000524 
760 0.002868 
761 0.002272 
762 0.000075 
763 -0.001372 
764 -0.003120 
765 -0.006277 
766 -0.008619 
767 -0.008252 
768 -0.006668 
769 -0.006602 
770 -0.007863 
771 -0.006974 
772 -0.004470 
773 -0.004339 
774 -0.005475 
775 -0.005763 
776 -0.006880 
777 -0.008808 
778 -0.008701 
779 -0.006021 
780 -0.003938 
781 -0.004462 
782 -0.005264 
783 -0.004873 
784 -0.004742 
785 -0.004322 
786 -0.002836 
787 -0.002475 
788 -0.003790 
789 -0.005667 
790 -0.006635 
791 -0.005399 
792 -0.002905 
793 -0.000894 
794 0.000859 
795 0.001760 
796 0.000322 
797 -0.001731 
798 -0.002142 
799 -0.001337 
800 -0.000654 
801 -0.000445 
802 0.000207 
803 0.001666 
804 0.002866 
805 0.003585 
806 0.004040 
807 0.002862 
808 -0.000020 
809 -0.002281 
810 -0.002229 
811 -0.000149 
812 0.002062 
813 0.002743 
814 0.002956 
815 0.004140 
816 0.005553 
817 0.006356 
818 0.006236 
819 0.004752 
820 0.001868 
821 -0.000564 
822 -0.000537 
823 0.001219 
824 0.002377 
825 0.002447 
826 0.001768 
827 0.001479 
828 0.002891 
829 0.004667 
830 0.005584 
831 0.005660 
832 0.003923 
833 0.001111 
834 -0.000227 
835 0.000186 
836 0.001659 
837 0.002971 
838 0.002454 
839 0.001138 
840 0.001063 
841 0.002102 
842 0.003506 
843 0.004259 
844 0.003054 
845 0.000457 
846 -0.001302 
847 -0.000917 
848 0.001008 
849 0.002584 
850 0.002689 
851 0.001457 
852 -0.000284 
853 -0.001211 
854 -0.000776 
855 0.000194 
856 0.000527 
857 0.000436 
858 0.000893 
859 0.001623 
860 0.001811 
861 0.000979 
862 -0.000915 
863 -0.002768 
864 -0.003301 
865 -0.002496 
866 -0.000557 
867 0.001507 
868 0.002216 
869 0.002071 
870 0.001716 
871 0.001036 
872 0.000710 
873 0.000746 
874 0.000559 
875 0.000573 
876 0.000955 
877 0.001619 
878 0.002666 
879 0.002963 
880 0.001957 
881 0.000525 
882 -0.000694 
883 -0.001003 
884 0.000312 
885 0.002617 
886 0.004502 
887 0.004896 
888 0.003825 
889 0.002586 
890 0.002086 
891 0.002007 
892 0.001972 
893 0.001785 
894 0.001290 
895 0.000905 
896 0.001232 
897 0.001986 
898 0.002158 
899 0.001529 
900 0.000438 
901 -0.000540 
902 -0.000578 
903 0.000254 
904 0.001211 
905 0.001701 
906 0.001225 
907 0.000128 
908 -0.000715 
909 -0.001016 
910 -0.000882 
911 -0.000371 
912 0.000327 
913 0.000994 
914 0.001399 
915 0.001377 
916 0.001088 
917 0.000504 
918 -0.000438 
919 -0.001523 
920 -0.002390 
921 -0.002465 
922 -0.001654 
923 -0.000547 
924 0.000074 
925 -0.000111 
926 -0.000668 
927 -0.001243 
928 -0.001728 
929 -0.001938 
930 -0.001770 
931 -0.001308 
932 -0.000895 
933 -0.000698 
934 -0.000405 
935 0.000005 
936 -0.000125 
937 -0.000785 
938 -0.001444 
939 -0.001806 
940 -0.001853 
941 -0.001608 
942 -0.000845 
943 0.000115 
944 0.000509 
945 0.000189 
946 -0.000312 
947 -0.000589 
948 -0.000504 
949 -0.000581 
950 -0.000974 
951 -0.001187 
952 -0.001284 
953 -0.001174 
954 -0.000488 
955 0.000345 
956 0.000777 
957 0.000679 
958 0.000277 
959 0.000050 
960 -0.000193 
961 -0.000768 
962 -0.001051 
963 -0.000923 
964 -0.000656 
965 -0.000114 
966 0.000522 
967 0.000917 
968 0.000806 
969 0.000080 
970 -0.000573 
971 -0.000705 
972 -0.000649 
973 -0.000342 
974 0.000145 
975 0.000372 
976 0.000351 
977 0.000266 
978 0.000301 
979 0.000369 
980 0.000109 
981 -0.000294 
982 -0.000473 
983 -0.000508 
984 -0.000448 
985 -0.000165 
986 0.000144 
987 0.000011 
988 -0.000503 
989 -0.000854 
990 -0.000785 
991 -0.000334 
992 0.000207 
993 0.000504 
994 0.000594 
995 0.000427 
996 -0.000030 
997 -0.000250 
998 -0.000132 
999 -0.000311 
1000 -0.000742 
1001 -0.000892 
1002 -0.000712 
1003 -0.000415 
1004 -0.000189 
1005 -0.000040 
1006 0.000135 
1007 0.000209 
1008 0.000140 
1009 0.000177 
1010 0.000287 
1011 0.000102 
1012 -0.000298 
1013 -0.000491 
1014 -0.000440 
1015 -0.000483 
1016 -0.000618 
1017 -0.000586 
1018 -0.000437 
1019 -0.000406 
1020 -0.000350 
1021 0.000001 
1022 0.000559 
1023 0.001067 
