0 0.008095 
1 0.031596 
2 0.081244 
3 0.035215 
4 0.038914 
5 -0.034244 
6 -0.002804 
7 -0.069156 
8 -0.032061 
9 -0.043142 
10 0.003452 
11 -0.021397 
12 0.010277 
13 0.021959 
14 0.055960 
15 0.015618 
16 0.033989 
17 0.006768 
18 0.000087 
19 -0.038948 
20 -0.027480 
21 -0.025191 
22 -0.017524 
23 -0.004379 
24 0.029484 
25 0.064849 
26 0.032586 
27 0.016618 
28 -0.022229 
29 -0.011952 
30 -0.039352 
31 -0.044310 
32 -0.018966 
33 -0.009324 
34 0.004113 
35 0.015555 
36 0.039454 
37 0.036707 
38 0.018783 
39 -0.026541 
40 -0.002924 
41 -0.039377 
42 -0.007044 
43 -0.015902 
44 0.035645 
45 0.034822 
46 0.015341 
47 0.042441 
48 0.003626 
49 0.007896 
50 -0.053506 
51 -0.019213 
52 -0.021945 
53 -0.009426 
54 -0.005448 
55 0.015973 
56 0.028855 
57 0.007720 
58 0.029144 
59 0.034031 
60 0.026383 
61 -0.023813 
62 -0.046538 
63 -0.032035 
64 -0.041405 
65 -0.026008 
66 -0.001565 
67 0.028598 
68 0.027517 
69 0.041158 
70 0.060800 
71 0.066644 
72 0.047743 
73 -0.002792 
74 -0.028224 
75 -0.088217 
76 -0.100699 
77 -0.115604 
78 -0.027179 
79 0.018063 
80 0.110317 
81 0.130252 
82 0.159881 
83 0.081733 
84 -0.020892 
85 -0.099591 
86 -0.152624 
87 -0.125295 
88 -0.103198 
89 -0.006236 
90 0.064313 
91 0.083571 
92 0.076022 
93 0.050062 
94 0.030630 
95 -0.009087 
96 -0.007056 
97 -0.018482 
98 0.008872 
99 -0.032800 
100 -0.025463 
101 -0.007964 
102 0.006067 
103 0.017548 
104 0.014617 
105 0.050905 
106 0.015594 
107 -0.002378 
108 -0.029897 
109 -0.021329 
110 -0.038073 
111 -0.041472 
112 -0.018820 
113 0.027613 
114 0.023848 
115 0.039203 
116 0.031280 
117 0.031816 
118 -0.015221 
119 -0.026445 
120 -0.027835 
121 -0.024821 
122 -0.032032 
123 -0.008553 
124 0.022459 
125 0.041494 
126 0.025218 
127 0.035020 
128 0.017862 
129 -0.018046 
130 -0.038389 
131 -0.060596 
132 -0.007545 
133 -0.041731 
134 0.002682 
135 0.002659 
136 0.051993 
137 0.025575 
138 0.016146 
139 0.012945 
140 0.000029 
141 -0.030970 
142 -0.042738 
143 -0.026640 
144 -0.015985 
145 -0.011110 
146 -0.005633 
147 0.042993 
148 0.042415 
149 0.048995 
150 0.021478 
151 0.030893 
152 -0.038178 
153 -0.051302 
154 -0.076897 
155 -0.046295 
156 -0.033099 
157 -0.011579 
158 0.041654 
159 0.068237 
160 0.064023 
161 0.030035 
162 0.020369 
163 -0.036081 
164 -0.058242 
165 -0.077521 
166 -0.030216 
167 -0.020408 
168 0.000457 
169 0.017877 
170 0.052257 
171 0.054140 
172 0.034738 
173 0.026066 
174 -0.003256 
175 -0.025698 
176 -0.068527 
177 -0.042728 
178 -0.032914 
179 -0.005258 
180 -0.000791 
181 0.042801 
182 0.046400 
183 0.029943 
184 0.000108 
185 -0.004197 
186 -0.026479 
187 -0.052317 
188 -0.038357 
189 -0.012005 
190 0.009306 
191 0.007869 
192 0.025587 
193 0.040195 
194 0.033185 
195 0.002113 
196 -0.000081 
197 -0.015151 
198 -0.034085 
199 -0.052322 
200 -0.028824 
201 -0.001585 
202 0.003650 
203 0.017562 
204 0.036808 
205 0.049369 
206 0.035112 
207 0.002000 
208 -0.013431 
209 -0.056274 
210 -0.062017 
211 -0.062774 
212 -0.018218 
213 0.007395 
214 0.050388 
215 0.056568 
216 0.081362 
217 0.037180 
218 0.009634 
219 -0.047844 
220 -0.049669 
221 -0.085391 
222 -0.050150 
223 -0.013867 
224 0.047137 
225 0.049729 
226 0.063682 
227 0.055805 
228 0.046083 
229 -0.017490 
230 -0.037766 
231 -0.058292 
232 -0.058331 
233 -0.060134 
234 -0.020403 
235 0.028821 
236 0.041506 
237 0.033042 
238 0.034085 
239 0.038120 
240 0.026728 
241 -0.000417 
242 -0.005661 
243 -0.015845 
244 -0.035343 
245 -0.054933 
246 -0.020859 
247 -0.008312 
248 0.010813 
249 0.028564 
250 0.058564 
251 0.070492 
252 0.021263 
253 0.008908 
254 -0.049675 
255 -0.049044 
256 -0.089209 
257 -0.014602 
258 0.003533 
259 0.058965 
260 0.031826 
261 0.060102 
262 0.012425 
263 0.000711 
264 -0.050009 
265 -0.024760 
266 -0.030694 
267 -0.019770 
268 -0.003254 
269 0.033130 
270 0.049552 
271 0.023556 
272 0.030502 
273 0.028300 
274 0.013205 
275 -0.025817 
276 -0.040625 
277 -0.035088 
278 -0.036483 
279 -0.031380 
280 0.014600 
281 0.044375 
282 0.049808 
283 0.042007 
284 0.031717 
285 0.022939 
286 -0.027572 
287 -0.056160 
288 -0.062001 
289 -0.040718 
290 -0.033152 
291 0.009205 
292 0.050502 
293 0.077862 
294 0.056590 
295 0.042900 
296 0.033262 
297 -0.015686 
298 -0.044497 
299 -0.079414 
300 -0.044713 
301 -0.055356 
302 0.004493 
303 0.021265 
304 0.095493 
305 0.049609 
306 0.055264 
307 0.002987 
308 0.003012 
309 -0.053056 
310 -0.060095 
311 -0.060633 
312 -0.029653 
313 -0.014939 
314 0.010459 
315 0.060364 
316 0.047874 
317 0.052522 
318 0.019322 
319 0.032766 
320 -0.017856 
321 -0.040593 
322 -0.062297 
323 -0.042521 
324 -0.041066 
325 -0.004234 
326 0.028309 
327 0.085661 
328 0.051707 
329 0.041411 
330 0.003451 
331 -0.019932 
332 -0.064232 
333 -0.081609 
334 -0.041654 
335 -0.021462 
336 0.016225 
337 0.030096 
338 0.072094 
339 0.051128 
340 0.022848 
341 -0.008879 
342 -0.008241 
343 -0.039079 
344 -0.048273 
345 -0.046817 
346 -0.018083 
347 0.004700 
348 0.020453 
349 0.056814 
350 0.060356 
351 0.037098 
352 0.008010 
353 -0.007562 
354 -0.029124 
355 -0.062623 
356 -0.069602 
357 -0.042661 
358 -0.022487 
359 0.010469 
360 0.050958 
361 0.086547 
362 0.071447 
363 0.021156 
364 -0.005912 
365 -0.042233 
366 -0.070537 
367 -0.086613 
368 -0.044005 
369 -0.007398 
370 0.036621 
371 0.049079 
372 0.087932 
373 0.057831 
374 0.021257 
375 -0.041044 
376 -0.030152 
377 -0.045065 
378 -0.047547 
379 -0.033530 
380 -0.010790 
381 0.013022 
382 0.016443 
383 0.032942 
384 0.055478 
385 0.028634 
386 0.007734 
387 -0.027973 
388 -0.035202 
389 -0.053165 
390 -0.065207 
391 -0.028363 
392 -0.010515 
393 0.038444 
394 0.049409 
395 0.089772 
396 0.069528 
397 0.034549 
398 -0.029170 
399 -0.045015 
400 -0.079125 
401 -0.080871 
402 -0.054966 
403 0.001501 
404 0.041962 
405 0.055733 
406 0.082809 
407 0.066983 
408 0.026579 
409 -0.043055 
410 -0.056466 
411 -0.065958 
412 -0.056387 
413 -0.038740 
414 0.001149 
415 0.044597 
416 0.046660 
417 0.056888 
418 0.050674 
419 0.031107 
420 -0.012755 
421 -0.034556 
422 -0.041649 
423 -0.037348 
424 -0.052994 
425 -0.012791 
426 0.007282 
427 0.035868 
428 0.039986 
429 0.054872 
430 0.053840 
431 0.018270 
432 -0.021220 
433 -0.043444 
434 -0.048279 
435 -0.077521 
436 -0.044520 
437 -0.017748 
438 0.045632 
439 0.052495 
440 0.078404 
441 0.067683 
442 0.034125 
443 -0.027544 
444 -0.069203 
445 -0.057948 
446 -0.052768 
447 -0.037245 
448 0.015336 
449 0.043867 
450 0.072383 
451 0.037794 
452 0.040026 
453 0.008460 
454 -0.032984 
455 -0.047074 
456 -0.048715 
457 -0.022751 
458 -0.031632 
459 -0.010614 
460 0.025356 
461 0.044652 
462 0.032177 
463 0.044880 
464 0.023843 
465 0.010799 
466 -0.052065 
467 -0.055697 
468 -0.042507 
469 -0.035960 
470 -0.008579 
471 0.025329 
472 0.077253 
473 0.070142 
474 0.042583 
475 0.029560 
476 -0.016416 
477 -0.048231 
478 -0.091753 
479 -0.053798 
480 -0.032311 
481 -0.002949 
482 0.014146 
483 0.051700 
484 0.065823 
485 0.048826 
486 0.027468 
487 0.006609 
488 -0.016395 
489 -0.060876 
490 -0.058470 
491 -0.047835 
492 -0.019598 
493 -0.014643 
494 0.029178 
495 0.068280 
496 0.057571 
497 0.047740 
498 0.024091 
499 0.004856 
500 -0.042393 
501 -0.070956 
502 -0.057990 
503 -0.029751 
504 -0.025184 
505 0.009118 
506 0.042672 
507 0.057161 
508 0.046747 
509 0.018423 
510 0.019550 
511 -0.040337 
512 -0.057089 
513 -0.085467 
514 -0.030674 
515 -0.019796 
516 0.028119 
517 0.044883 
518 0.092696 
519 0.042426 
520 0.024158 
521 -0.025518 
522 -0.023804 
523 -0.068195 
524 -0.043290 
525 -0.024830 
526 0.004864 
527 0.009688 
528 0.013217 
529 0.035934 
530 0.027999 
531 0.014761 
532 0.001627 
533 0.003234 
534 -0.027034 
535 -0.047325 
536 -0.053916 
537 -0.020865 
538 -0.011297 
539 0.023468 
540 0.049741 
541 0.078501 
542 0.047083 
543 0.007177 
544 -0.022433 
545 -0.054048 
546 -0.066409 
547 -0.071877 
548 -0.002869 
549 0.016521 
550 0.050561 
551 0.046233 
552 0.066493 
553 0.040737 
554 -0.000196 
555 -0.024542 
556 -0.053154 
557 -0.056624 
558 -0.064885 
559 -0.021167 
560 -0.003613 
561 0.043103 
562 0.020888 
563 0.062269 
564 0.029470 
565 0.026589 
566 -0.014191 
567 -0.009347 
568 -0.027449 
569 -0.029798 
570 -0.032007 
571 -0.002037 
572 0.003436 
573 0.005415 
574 0.025007 
575 0.039245 
576 0.047895 
577 0.009151 
578 -0.000946 
579 -0.023884 
580 -0.046484 
581 -0.064342 
582 -0.030542 
583 0.003058 
584 0.039478 
585 0.041534 
586 0.052300 
587 0.043224 
588 0.007635 
589 -0.036537 
590 -0.055014 
591 -0.046779 
592 -0.041542 
593 0.006331 
594 0.036425 
595 0.058996 
596 0.044370 
597 0.028289 
598 0.013631 
599 -0.014176 
600 -0.032545 
601 -0.017310 
602 -0.028401 
603 -0.011840 
604 -0.021008 
605 -0.002507 
606 0.016546 
607 0.007945 
608 0.035319 
609 0.030243 
610 0.039101 
611 -0.000648 
612 -0.021390 
613 -0.034023 
614 -0.036408 
615 -0.049226 
616 -0.003072 
617 0.012136 
618 0.057088 
619 0.037183 
620 0.058731 
621 0.028846 
622 0.003840 
623 -0.041437 
624 -0.035586 
625 -0.040659 
626 -0.023174 
627 -0.015068 
628 0.026906 
629 0.020299 
630 0.030970 
631 0.022982 
632 0.021753 
633 0.006928 
634 -0.034238 
635 -0.036652 
636 -0.029846 
637 -0.021053 
638 -0.012756 
639 0.006154 
640 0.027893 
641 0.027575 
642 0.013563 
643 0.035483 
644 0.015129 
645 0.000373 
646 -0.028309 
647 -0.025858 
648 -0.019475 
649 -0.022784 
650 -0.008162 
651 0.024927 
652 0.022010 
653 0.027054 
654 0.020199 
655 0.021166 
656 0.002947 
657 -0.041163 
658 -0.053054 
659 -0.053464 
660 -0.025573 
661 -0.005120 
662 0.033085 
663 0.056167 
664 0.033383 
665 0.019705 
666 -0.000091 
667 0.005546 
668 -0.039465 
669 -0.036658 
670 -0.034648 
671 0.001369 
672 -0.010069 
673 0.022655 
674 0.025386 
675 0.031348 
676 0.001502 
677 0.004200 
678 0.020964 
679 0.003145 
680 -0.016266 
681 -0.043316 
682 -0.030386 
683 -0.037228 
684 -0.026048 
685 -0.002418 
686 0.039515 
687 0.037021 
688 0.029850 
689 0.013818 
690 0.018516 
691 -0.029322 
692 -0.040056 
693 -0.049887 
694 -0.013770 
695 -0.011152 
696 0.022397 
697 0.043336 
698 0.034199 
699 0.010187 
700 -0.003373 
701 0.003298 
702 -0.016389 
703 -0.028459 
704 -0.028300 
705 -0.002864 
706 -0.017473 
707 0.004538 
708 -0.009584 
709 0.044192 
710 -0.013927 
711 0.013018 
712 -0.009986 
713 0.018527 
714 -0.020305 
715 -0.019135 
716 -0.016324 
717 0.010782 
718 -0.019234 
719 0.011193 
720 0.009533 
721 0.025587 
722 0.001396 
723 0.004203 
724 0.016998 
725 -0.011125 
726 -0.024887 
727 -0.034539 
728 -0.008386 
729 0.010616 
730 0.017129 
731 0.039313 
732 0.023804 
733 -0.000761 
734 -0.025017 
735 -0.018854 
736 -0.008808 
737 -0.028366 
738 -0.017270 
739 0.006018 
740 0.021598 
741 0.014619 
742 -0.000506 
743 0.019142 
744 -0.001624 
745 -0.002774 
746 0.000625 
747 0.040505 
748 0.005899 
749 0.002801 
750 -0.032460 
751 -0.008890 
752 -0.018383 
753 -0.019669 
754 0.019590 
755 0.017065 
756 0.037073 
757 -0.006852 
758 0.029950 
759 -0.007739 
760 -0.015437 
761 -0.062901 
762 -0.014807 
763 -0.021114 
764 0.026353 
765 0.015249 
766 0.047494 
767 0.028325 
768 -0.005709 
769 0.008199 
770 -0.018965 
771 0.001147 
772 -0.040631 
773 0.005759 
774 0.002073 
775 0.022687 
776 0.002496 
777 0.016686 
778 0.003588 
779 0.008446 
780 -0.021608 
781 0.030287 
782 0.000275 
783 0.016967 
784 -0.024735 
785 -0.000897 
786 -0.012087 
787 -0.019698 
788 -0.017307 
789 0.007010 
790 0.018135 
791 0.014308 
792 0.025481 
793 0.029000 
794 0.002859 
795 -0.023505 
796 -0.018294 
797 -0.010355 
798 0.002789 
799 0.007695 
800 0.018667 
801 0.016125 
802 0.005629 
803 -0.002034 
804 0.003787 
805 0.000244 
806 -0.012201 
807 -0.006112 
808 0.011254 
809 -0.000343 
810 -0.009873 
811 -0.018055 
812 0.003216 
813 -0.004896 
814 0.013336 
815 0.016074 
816 0.043700 
817 -0.013302 
818 -0.009021 
819 -0.030048 
820 -0.000965 
821 -0.013589 
822 0.006149 
823 0.025021 
824 0.019865 
825 0.015408 
826 -0.009291 
827 -0.001889 
828 -0.024495 
829 -0.024126 
830 -0.017535 
831 0.016740 
832 0.017026 
833 0.024282 
834 0.002759 
835 0.017331 
836 -0.023972 
837 -0.013065 
838 -0.011416 
839 0.008409 
840 -0.016326 
841 -0.006714 
842 -0.000299 
843 0.018321 
844 -0.009408 
845 0.006907 
846 -0.005463 
847 0.007987 
848 -0.012863 
849 0.005935 
850 0.021100 
851 0.005976 
852 -0.014500 
853 -0.018583 
854 -0.009899 
855 -0.003673 
856 -0.020100 
857 0.016596 
858 0.012621 
859 0.034130 
860 -0.007174 
861 0.005363 
862 -0.007267 
863 -0.034479 
864 -0.040897 
865 -0.012360 
866 0.007644 
867 0.024921 
868 0.027489 
869 0.031428 
870 0.019570 
871 -0.022602 
872 -0.008949 
873 -0.013556 
874 -0.009035 
875 -0.023735 
876 -0.005779 
877 0.023765 
878 -0.003629 
879 0.002277 
880 -0.022628 
881 0.016344 
882 -0.012490 
883 0.023170 
884 0.017480 
885 0.040318 
886 -0.030697 
887 -0.023815 
888 -0.050970 
889 -0.014567 
890 -0.034511 
891 0.019283 
892 0.027977 
893 0.047211 
894 0.018207 
895 0.019596 
896 -0.006865 
897 -0.012255 
898 -0.054954 
899 -0.025551 
900 -0.021995 
901 0.013381 
902 0.014027 
903 0.032485 
904 0.031024 
905 0.015341 
906 -0.009960 
907 0.005525 
908 -0.024035 
909 -0.041380 
910 -0.051726 
911 -0.008938 
912 0.005211 
913 -0.001448 
914 0.028663 
915 0.027543 
916 0.034052 
917 -0.006542 
918 -0.002021 
919 -0.007108 
920 -0.010576 
921 -0.033643 
922 -0.011706 
923 -0.002287 
924 0.020426 
925 0.000772 
926 0.030136 
927 0.016122 
928 0.014998 
929 -0.027252 
930 -0.010411 
931 -0.031995 
932 -0.025743 
933 -0.040153 
934 0.024143 
935 0.024243 
936 0.042844 
937 0.025925 
938 0.020775 
939 -0.009611 
940 -0.046691 
941 -0.017776 
942 -0.040308 
943 -0.009147 
944 -0.028315 
945 0.025442 
946 0.038966 
947 0.028572 
948 0.016486 
949 0.012676 
950 0.011599 
951 -0.007715 
952 -0.038254 
953 0.011534 
954 -0.027572 
955 -0.010643 
956 -0.050395 
957 0.008751 
958 -0.002700 
959 0.010514 
960 0.019885 
961 0.034479 
962 0.032346 
963 -0.004258 
964 -0.002767 
965 -0.024866 
966 -0.018155 
967 -0.054731 
968 -0.002221 
969 0.001731 
970 0.041086 
971 0.024147 
972 0.028199 
973 0.011282 
974 -0.031498 
975 -0.023412 
976 -0.021102 
977 0.017193 
978 -0.009212 
979 0.013290 
980 0.004415 
981 0.018857 
982 -0.022537 
983 -0.004866 
984 -0.014806 
985 -0.008583 
986 -0.025463 
987 0.005695 
988 0.020562 
989 0.011081 
990 -0.008121 
991 -0.008834 
992 0.009200 
993 -0.012454 
994 0.009671 
995 0.011175 
996 0.030624 
997 -0.027429 
998 0.005411 
999 -0.037814 
1000 0.006410 
1001 -0.043935 
1002 0.025794 
1003 0.016140 
1004 0.032636 
1005 0.012692 
1006 0.006723 
1007 0.008479 
1008 -0.034373 
1009 -0.027747 
1010 -0.038896 
1011 -0.002281 
1012 -0.035966 
1013 0.015020 
1014 0.016488 
1015 0.062826 
1016 0.027535 
1017 0.028263 
1018 0.009303 
1019 -0.001350 
1020 -0.049731 
1021 -0.050681 
1022 -0.043467 
1023 -0.011243 
