0 0.003196 
1 0.012686 
2 0.001340 
3 -0.030189 
4 0.013113 
5 -0.023699 
6 0.020099 
7 -0.037826 
8 0.043740 
9 -0.014194 
10 0.027328 
11 -0.011262 
12 0.016118 
13 -0.021116 
14 -0.022771 
15 -0.003203 
16 -0.015369 
17 -0.017103 
18 -0.021979 
19 0.043505 
20 0.017849 
21 0.016945 
22 -0.003343 
23 0.046675 
24 -0.018918 
25 -0.020579 
26 -0.063975 
27 0.015934 
28 -0.020536 
29 -0.006964 
30 -0.030514 
31 0.028619 
32 0.022974 
33 0.016755 
34 0.006150 
35 0.003951 
36 0.004966 
37 -0.030220 
38 0.021590 
39 -0.022706 
40 0.021812 
41 -0.036972 
42 0.032374 
43 -0.010962 
44 0.016458 
45 -0.012067 
46 0.011952 
47 -0.002585 
48 -0.004391 
49 -0.010370 
50 0.005823 
51 -0.008687 
52 -0.001490 
53 -0.002700 
54 0.010485 
55 0.001740 
56 -0.010176 
57 0.009616 
58 -0.002641 
59 0.005804 
60 -0.019398 
61 0.002370 
62 0.006549 
63 -0.000890 
64 0.008835 
65 -0.006757 
66 0.020396 
67 -0.014519 
68 0.007973 
69 -0.017626 
70 0.010211 
71 -0.011873 
72 0.011357 
73 -0.005296 
74 0.005479 
75 0.003574 
76 0.008233 
77 0.015841 
78 -0.010623 
79 0.007686 
80 -0.013171 
81 -0.001329 
82 -0.019446 
83 0.009380 
84 0.006687 
85 0.014283 
86 -0.007560 
87 0.007195 
88 -0.005329 
89 0.011427 
90 -0.004576 
91 0.000271 
92 -0.005372 
93 -0.006596 
94 -0.002282 
95 0.001847 
96 0.006432 
97 0.003151 
98 0.006455 
99 0.001136 
100 0.004153 
101 -0.016207 
102 -0.000340 
103 -0.011043 
104 0.013428 
105 -0.007973 
106 0.014654 
107 -0.013093 
108 0.017499 
109 -0.014319 
110 0.022770 
111 -0.021590 
112 0.011762 
113 -0.020738 
114 0.007344 
115 -0.005923 
116 -0.002169 
117 0.015970 
118 -0.014082 
119 0.020351 
120 -0.021030 
121 0.026673 
122 -0.022712 
123 0.011937 
124 -0.022553 
125 0.003509 
126 -0.000114 
127 -0.005004 
128 0.014404 
129 -0.011577 
130 0.017711 
131 -0.014107 
132 0.017852 
133 -0.009658 
134 0.011482 
135 -0.025467 
136 0.010687 
137 -0.028267 
138 0.026879 
139 -0.013712 
140 0.021870 
141 -0.017925 
142 0.002993 
143 0.004241 
144 -0.002325 
145 0.006386 
146 -0.009137 
147 0.010433 
148 -0.020340 
149 0.013072 
150 -0.019615 
151 0.028955 
152 -0.019003 
153 0.017142 
154 -0.019102 
155 0.008323 
156 -0.017064 
157 0.003196 
158 -0.000403 
159 0.006074 
160 0.008436 
161 -0.004983 
162 0.020374 
163 -0.015041 
164 0.028124 
165 -0.020349 
166 0.026596 
167 -0.034395 
168 0.009984 
169 -0.031685 
170 0.022219 
171 -0.016193 
172 0.014829 
173 -0.003596 
174 0.019912 
175 0.003838 
176 0.002134 
177 -0.001650 
178 0.006440 
179 -0.000286 
180 -0.001424 
181 -0.009852 
182 -0.005074 
183 -0.001730 
184 0.003805 
185 0.006638 
186 -0.000969 
187 0.010404 
188 -0.005840 
189 0.009301 
190 -0.003818 
191 0.010570 
192 -0.002840 
193 0.001984 
194 -0.003397 
195 -0.004646 
196 0.008512 
197 -0.014453 
198 0.014844 
199 -0.023051 
200 0.020390 
201 -0.020793 
202 0.022711 
203 -0.024571 
204 0.026679 
205 -0.010594 
206 0.024956 
207 -0.021211 
208 0.009941 
209 -0.019891 
210 0.021339 
211 -0.016984 
212 0.007313 
213 -0.009293 
214 0.008907 
215 0.003781 
216 -0.005462 
217 0.019256 
218 -0.013944 
219 0.021656 
220 -0.031819 
221 0.021829 
222 -0.024329 
223 0.011870 
224 -0.010547 
225 0.004836 
226 0.002891 
227 -0.005692 
228 0.007994 
229 -0.009717 
230 0.015398 
231 -0.018308 
232 0.019877 
233 -0.021275 
234 0.024083 
235 -0.025210 
236 0.028344 
237 -0.023028 
238 0.014921 
239 -0.022667 
240 0.010889 
241 -0.002947 
242 -0.003065 
243 0.000251 
244 -0.005645 
245 0.013979 
246 -0.010362 
247 0.021270 
248 -0.011956 
249 0.011698 
250 -0.018531 
251 0.003856 
252 -0.000326 
253 -0.002271 
254 -0.003404 
255 -0.012827 
256 0.009278 
257 -0.009076 
258 0.012727 
259 -0.010258 
260 0.015866 
261 -0.009094 
262 0.012687 
263 -0.009841 
264 0.011465 
265 -0.006640 
266 0.005284 
267 -0.010144 
268 0.001479 
269 -0.011313 
270 0.008558 
271 -0.010734 
272 0.012233 
273 0.000317 
274 0.005155 
275 -0.004086 
276 -0.006453 
277 0.010226 
278 -0.002806 
279 0.013069 
280 -0.024418 
281 0.014017 
282 -0.019881 
283 0.013075 
284 -0.017578 
285 0.015692 
286 -0.011630 
287 0.009660 
288 -0.009691 
289 0.005309 
290 -0.003454 
291 0.012714 
292 -0.002780 
293 0.001672 
294 -0.006223 
295 -0.004019 
296 0.010346 
297 -0.018062 
298 0.012455 
299 -0.021917 
300 0.025460 
301 -0.023947 
302 0.015115 
303 -0.013140 
304 0.014922 
305 -0.008979 
306 -0.001623 
307 0.005243 
308 0.003304 
309 0.001933 
310 -0.015223 
311 0.006754 
312 -0.012286 
313 0.010694 
314 -0.018851 
315 0.013467 
316 -0.013015 
317 0.010932 
318 -0.013592 
319 0.015082 
320 -0.003980 
321 0.010632 
322 0.000007 
323 -0.002490 
324 -0.002992 
325 -0.007460 
326 0.012037 
327 -0.010239 
328 0.008371 
329 -0.023671 
330 0.018356 
331 -0.020913 
332 0.020588 
333 -0.013829 
334 0.018777 
335 -0.009573 
336 -0.002826 
337 -0.000672 
338 0.005954 
339 0.004103 
340 -0.008303 
341 0.002779 
342 -0.005657 
343 0.001866 
344 -0.013653 
345 0.010560 
346 -0.004088 
347 0.015606 
348 -0.013666 
349 0.007718 
350 -0.005819 
351 0.008918 
352 -0.000218 
353 0.004364 
354 0.000093 
355 -0.009798 
356 0.000349 
357 -0.014276 
358 0.016361 
359 -0.011140 
360 0.018935 
361 -0.015979 
362 0.014199 
363 -0.009577 
364 0.007373 
365 -0.003624 
366 -0.001437 
367 0.000684 
368 -0.002206 
369 0.001233 
370 -0.008306 
371 0.007727 
372 0.000654 
373 0.014144 
374 -0.008847 
375 0.004547 
376 -0.006532 
377 0.006864 
378 -0.008707 
379 0.007011 
380 -0.006365 
381 0.006890 
382 -0.006803 
383 0.001114 
384 0.004023 
385 0.001287 
386 0.001451 
387 -0.004065 
388 -0.003177 
389 0.003451 
390 -0.006312 
391 0.006929 
392 -0.000629 
393 0.007757 
394 0.006990 
395 -0.011430 
396 0.005663 
397 -0.018521 
398 0.016682 
399 -0.013366 
400 0.007499 
401 -0.013800 
402 0.004904 
403 0.005487 
404 0.001088 
405 0.014921 
406 -0.011323 
407 0.017560 
408 -0.026453 
409 0.018830 
410 -0.029660 
411 0.026071 
412 -0.026742 
413 0.019925 
414 -0.019848 
415 0.022230 
416 -0.007475 
417 0.004879 
418 -0.005498 
419 0.006853 
420 0.004362 
421 -0.010779 
422 0.002276 
423 -0.009680 
424 0.020613 
425 -0.014240 
426 0.006721 
427 -0.010531 
428 0.009872 
429 -0.007547 
430 -0.000005 
431 -0.002322 
432 -0.006115 
433 0.009047 
434 -0.007540 
435 0.016116 
436 -0.013810 
437 0.012933 
438 -0.010513 
439 0.009998 
440 -0.009233 
441 0.004248 
442 -0.004495 
443 0.002069 
444 -0.007896 
445 0.004779 
446 0.002081 
447 0.003811 
448 -0.001504 
449 -0.000282 
450 -0.000089 
451 -0.001794 
452 -0.005779 
453 0.002709 
454 0.003814 
455 -0.000168 
456 -0.002294 
457 -0.007792 
458 0.009908 
459 0.001495 
460 0.007459 
461 -0.010203 
462 0.004431 
463 -0.010141 
464 0.003008 
465 -0.007501 
466 0.010212 
467 -0.000326 
468 0.009387 
469 -0.006827 
470 0.004754 
471 0.000566 
472 0.002978 
473 0.001447 
474 -0.007051 
475 0.002583 
476 -0.019862 
477 0.012382 
478 -0.017102 
479 0.023592 
480 -0.010472 
481 0.011451 
482 -0.006142 
483 -0.001714 
484 0.008068 
485 -0.008313 
486 0.012521 
487 -0.019531 
488 0.013612 
489 -0.019903 
490 0.017431 
491 -0.017896 
492 0.019520 
493 -0.007927 
494 0.013108 
495 -0.010895 
496 0.001144 
497 0.005431 
498 -0.005165 
499 0.002963 
500 -0.011627 
501 0.013692 
502 -0.006120 
503 0.003865 
504 -0.017375 
505 0.016021 
506 -0.008234 
507 0.008701 
508 -0.012129 
509 0.003479 
510 0.000854 
511 -0.002900 
512 0.005863 
513 -0.003210 
514 0.008493 
515 -0.006133 
516 0.004284 
517 -0.005039 
518 -0.000160 
519 -0.001427 
520 0.001876 
521 0.003426 
522 -0.004327 
523 0.001011 
524 -0.000350 
525 0.003680 
526 0.004431 
527 -0.005616 
528 0.007794 
529 -0.016524 
530 0.005977 
531 -0.008865 
532 0.010365 
533 -0.005012 
534 -0.000752 
535 -0.001119 
536 -0.003157 
537 0.005659 
538 -0.011513 
539 0.013147 
540 -0.007906 
541 0.018232 
542 -0.018914 
543 0.007862 
544 -0.009631 
545 0.010546 
546 -0.006139 
547 -0.000744 
548 -0.003662 
549 0.003661 
550 -0.001025 
551 0.000982 
552 0.004647 
553 -0.001705 
554 0.008735 
555 -0.013146 
556 0.013171 
557 -0.018979 
558 0.013070 
559 -0.021439 
560 0.014364 
561 -0.006380 
562 0.012069 
563 -0.006849 
564 -0.003607 
565 0.003423 
566 -0.000666 
567 0.008544 
568 -0.012306 
569 0.006619 
570 -0.008495 
571 0.008002 
572 -0.009513 
573 0.010430 
574 -0.004386 
575 0.007981 
576 -0.010618 
577 0.005028 
578 -0.006423 
579 0.005805 
580 -0.001406 
581 0.001498 
582 0.001242 
583 -0.009326 
584 0.006255 
585 -0.015712 
586 0.015142 
587 -0.014716 
588 0.020396 
589 -0.027309 
590 0.012102 
591 -0.008701 
592 0.017567 
593 -0.004334 
594 -0.007251 
595 0.002522 
596 -0.006189 
597 0.004840 
598 -0.011321 
599 0.011264 
600 -0.003727 
601 0.010698 
602 -0.009591 
603 0.004169 
604 -0.002931 
605 0.006225 
606 -0.003344 
607 -0.000133 
608 -0.005293 
609 0.000492 
610 0.000248 
611 0.002784 
612 -0.000765 
613 -0.001801 
614 0.006583 
615 -0.014010 
616 0.016026 
617 -0.018070 
618 0.017117 
619 -0.019624 
620 0.011485 
621 -0.005995 
622 0.009141 
623 -0.002613 
624 -0.002704 
625 0.001482 
626 -0.000590 
627 0.002664 
628 -0.002617 
629 -0.000059 
630 0.006823 
631 -0.003407 
632 0.001091 
633 -0.001900 
634 0.004874 
635 0.002403 
636 -0.010015 
637 0.001043 
638 -0.009553 
639 0.013040 
640 -0.014391 
641 0.007262 
642 -0.002858 
643 0.004705 
644 -0.007311 
645 0.001166 
646 -0.002401 
647 0.009177 
648 -0.000901 
649 0.000370 
650 -0.001885 
651 -0.005441 
652 0.008527 
653 -0.009265 
654 0.014066 
655 -0.019847 
656 0.016503 
657 -0.019541 
658 0.018980 
659 -0.011399 
660 0.015220 
661 -0.006350 
662 0.000142 
663 0.002129 
664 -0.009206 
665 0.017759 
666 -0.025333 
667 0.021997 
668 -0.024537 
669 0.030308 
670 -0.027339 
671 0.016685 
672 -0.019659 
673 0.020470 
674 -0.007737 
675 -0.004686 
676 0.005093 
677 -0.008042 
678 0.020058 
679 -0.018858 
680 0.021717 
681 -0.023179 
682 0.019794 
683 -0.021193 
684 0.012626 
685 -0.016845 
686 0.008976 
687 -0.005898 
688 0.014418 
689 -0.006820 
690 0.000175 
691 0.002643 
692 -0.001180 
693 0.001105 
694 -0.016761 
695 0.009094 
696 -0.012466 
697 0.009610 
698 -0.015381 
699 0.023242 
700 -0.002317 
701 0.008851 
702 -0.005569 
703 0.002753 
704 0.000925 
705 -0.013355 
706 -0.002408 
707 -0.005460 
708 0.012924 
709 -0.008432 
710 0.005680 
711 0.001991 
712 0.012706 
713 0.001431 
714 -0.002097 
715 -0.005384 
716 0.000006 
717 -0.004094 
718 0.000704 
719 -0.001154 
720 0.004864 
721 0.000083 
722 -0.000952 
723 0.010023 
724 -0.007849 
725 0.006351 
726 -0.012198 
727 0.007462 
728 -0.004668 
729 0.004167 
730 0.001539 
731 0.003981 
732 -0.006538 
733 0.003736 
734 -0.007503 
735 0.015715 
736 -0.018834 
737 0.013699 
738 -0.014086 
739 0.015500 
740 -0.011035 
741 0.004344 
742 0.000596 
743 0.000120 
744 0.000416 
745 -0.009062 
746 0.009900 
747 -0.006423 
748 0.013527 
749 -0.009340 
750 0.016212 
751 -0.011650 
752 0.007978 
753 -0.012069 
754 0.004631 
755 -0.000512 
756 0.001280 
757 0.004051 
758 -0.009857 
759 0.014238 
760 -0.013111 
761 0.015460 
762 -0.015901 
763 0.018327 
764 -0.016921 
765 0.011774 
766 -0.017881 
767 0.018617 
768 -0.007078 
769 0.020619 
770 -0.010052 
771 0.004665 
772 -0.009839 
773 0.000136 
774 0.005571 
775 -0.012358 
776 0.011457 
777 -0.015371 
778 0.021150 
779 -0.022918 
780 0.021110 
781 -0.011451 
782 0.021256 
783 -0.020024 
784 -0.000022 
785 -0.005166 
786 0.000608 
787 0.002969 
788 -0.008247 
789 0.014564 
790 -0.014397 
791 0.007390 
792 -0.016706 
793 0.017433 
794 -0.013603 
795 0.011881 
796 -0.013644 
797 0.015920 
798 -0.012190 
799 0.007181 
800 0.000962 
801 0.002222 
802 0.002694 
803 -0.022929 
804 0.011667 
805 -0.017389 
806 0.019384 
807 -0.015359 
808 0.019787 
809 -0.006945 
810 0.005681 
811 -0.006502 
812 0.002028 
813 -0.008102 
814 -0.007983 
815 -0.004298 
816 0.008211 
817 -0.003569 
818 -0.005567 
819 0.007781 
820 0.005914 
821 0.013851 
822 -0.016709 
823 0.000055 
824 -0.014553 
825 0.007822 
826 -0.012843 
827 0.006934 
828 -0.007565 
829 0.007932 
830 -0.004762 
831 0.009978 
832 -0.005244 
833 0.001736 
834 -0.012007 
835 0.004486 
836 -0.012985 
837 0.000138 
838 -0.010036 
839 0.008490 
840 0.000507 
841 0.000472 
842 -0.004230 
843 -0.006077 
844 0.005100 
845 -0.004953 
846 -0.000490 
847 -0.007525 
848 0.004438 
849 -0.004466 
850 0.004081 
851 -0.005740 
852 0.000510 
853 -0.003136 
854 0.005315 
855 0.001921 
856 -0.012835 
857 0.008006 
858 -0.014047 
859 0.027687 
860 -0.021761 
861 0.014728 
862 -0.012245 
863 0.011935 
864 -0.013081 
865 0.005483 
866 -0.003444 
867 -0.001800 
868 -0.011077 
869 -0.008426 
870 0.013971 
871 -0.006078 
872 0.006791 
873 -0.012021 
874 0.026455 
875 -0.017766 
876 0.016943 
877 -0.021096 
878 0.023301 
879 -0.019841 
880 -0.005785 
881 -0.002574 
882 -0.002282 
883 0.018497 
884 -0.029676 
885 0.033275 
886 -0.021635 
887 0.029562 
888 -0.031539 
889 0.032081 
890 -0.026645 
891 0.027161 
892 -0.038702 
893 0.021564 
894 -0.025906 
895 0.016623 
896 -0.007654 
897 0.013793 
898 -0.001112 
899 -0.012591 
900 0.013471 
901 -0.007902 
902 0.018978 
903 -0.024040 
904 0.016011 
905 -0.010833 
906 0.007268 
907 -0.009615 
908 0.015072 
909 0.010495 
910 -0.007064 
911 0.001172 
912 -0.010500 
913 0.015936 
914 -0.017223 
915 0.014633 
916 -0.004745 
917 0.018673 
918 -0.016280 
919 0.005579 
920 -0.002874 
921 0.006020 
922 -0.002829 
923 -0.004423 
924 -0.000675 
925 -0.006941 
926 0.004143 
927 -0.003299 
928 0.018331 
929 -0.002294 
930 0.014202 
931 -0.007894 
932 0.004589 
933 -0.018934 
934 0.009156 
935 -0.003504 
936 0.015458 
937 -0.021017 
938 0.018237 
939 -0.021891 
940 0.026231 
941 -0.017274 
942 0.031411 
943 -0.011564 
944 0.009255 
945 -0.018707 
946 0.007917 
947 -0.006313 
948 0.000929 
949 0.003415 
950 -0.007040 
951 0.007943 
952 -0.022165 
953 0.030100 
954 -0.016312 
955 0.033972 
956 -0.031172 
957 0.029914 
958 -0.018982 
959 0.017693 
960 -0.017757 
961 0.014453 
962 0.009493 
963 0.001354 
964 0.001767 
965 -0.019663 
966 0.014232 
967 -0.019396 
968 0.025481 
969 -0.023673 
970 0.021394 
971 -0.017367 
972 0.019015 
973 -0.006468 
974 0.012591 
975 0.002797 
976 -0.004675 
977 -0.001218 
978 -0.028825 
979 0.016210 
980 -0.018251 
981 0.031608 
982 -0.032698 
983 0.030070 
984 -0.029693 
985 0.020814 
986 -0.021577 
987 0.017195 
988 0.000259 
989 -0.005551 
990 0.006660 
991 -0.007058 
992 0.022603 
993 -0.019567 
994 0.019113 
995 -0.026844 
996 0.018267 
997 -0.026816 
998 0.017378 
999 -0.026526 
1000 0.013801 
1001 -0.014865 
1002 0.027413 
1003 -0.012534 
1004 0.001205 
1005 -0.004744 
1006 0.010150 
1007 0.004680 
1008 -0.019581 
1009 0.003599 
1010 -0.005581 
1011 0.018633 
1012 -0.018182 
1013 0.021313 
1014 -0.022222 
1015 0.020142 
1016 -0.028023 
1017 0.026688 
1018 -0.032316 
1019 0.002735 
1020 -0.016327 
1021 0.026889 
1022 -0.006642 
1023 -0.005374 
