0 0.124207 
1 -0.033212 
2 0.108596 
3 -0.069119 
4 0.014923 
5 -0.027861 
6 0.033936 
7 0.002324 
8 -0.000036 
9 -0.003195 
10 -0.037334 
11 0.108225 
12 -0.092664 
13 0.139777 
14 -0.122376 
15 0.060062 
16 -0.153189 
17 0.071917 
18 0.000335 
19 0.033410 
20 -0.024939 
21 0.038539 
22 0.042802 
23 -0.007897 
24 0.039442 
25 -0.085049 
26 0.024313 
27 -0.093810 
28 0.039462 
29 -0.026505 
30 0.121763 
31 -0.010735 
32 0.005604 
33 -0.022604 
34 0.020612 
35 -0.073044 
36 -0.043015 
37 0.087135 
38 -0.111453 
39 0.063439 
40 -0.041880 
41 0.068044 
42 -0.033363 
43 -0.014050 
44 -0.037093 
45 -0.028114 
46 0.029789 
47 -0.024630 
48 0.084069 
49 -0.042659 
50 0.032750 
51 -0.120590 
52 0.053112 
53 -0.072317 
54 0.016552 
55 -0.044663 
56 0.077038 
57 -0.007905 
58 0.027772 
59 -0.014424 
60 -0.022595 
61 -0.026477 
62 -0.140736 
63 0.060200 
64 -0.064002 
65 0.087636 
66 -0.049980 
67 0.030327 
68 -0.052535 
69 -0.025738 
70 -0.030459 
71 0.016799 
72 0.035205 
73 0.023226 
74 -0.015431 
75 -0.039151 
76 -0.006777 
77 -0.086663 
78 0.031929 
79 -0.026466 
80 0.018953 
81 -0.044206 
82 -0.017447 
83 0.013954 
84 -0.033050 
85 0.008111 
86 0.013508 
87 -0.008467 
88 0.034156 
89 0.005983 
90 -0.035168 
91 -0.089405 
92 -0.022840 
93 -0.087012 
94 0.059538 
95 -0.045512 
96 0.100859 
97 -0.043486 
98 0.058395 
99 -0.008970 
100 0.037607 
101 -0.078769 
102 0.029699 
103 -0.084593 
104 -0.015967 
105 0.028232 
106 -0.012812 
107 0.035079 
108 -0.003037 
109 -0.018250 
110 -0.031364 
111 -0.011992 
112 0.026937 
113 -0.041620 
114 0.066420 
115 -0.043722 
116 0.043926 
117 -0.029668 
118 0.048159 
119 -0.092831 
120 -0.008621 
121 -0.051133 
122 0.002643 
123 0.037042 
124 0.008169 
125 0.067617 
126 -0.097330 
127 0.140064 
128 -0.126885 
129 0.093562 
130 -0.065521 
131 0.053267 
132 -0.119883 
133 0.049829 
134 -0.092055 
135 0.054992 
136 -0.037353 
137 0.039595 
138 -0.006102 
139 0.018818 
140 0.076669 
141 -0.003648 
142 0.024369 
143 -0.097820 
144 0.027362 
145 -0.014114 
146 0.040347 
147 0.019551 
148 0.065410 
149 -0.045739 
150 -0.078073 
151 0.027217 
152 -0.052283 
153 0.093404 
154 -0.025330 
155 0.077242 
156 0.008669 
157 0.007448 
158 0.000824 
159 -0.012771 
160 0.043307 
161 -0.064388 
162 0.040342 
163 -0.031930 
164 0.097405 
165 -0.083986 
166 0.114112 
167 -0.120453 
168 0.074726 
169 -0.067116 
170 0.075069 
171 -0.009523 
172 0.039844 
173 -0.039990 
174 -0.004473 
175 0.047003 
176 0.023902 
177 0.053890 
178 -0.012408 
179 -0.001474 
180 -0.077067 
181 -0.015163 
182 -0.006135 
183 0.024805 
184 0.018865 
185 -0.024963 
186 0.083366 
187 -0.042093 
188 0.056286 
189 -0.100466 
190 0.076855 
191 -0.082536 
192 0.071972 
193 -0.011272 
194 0.052777 
195 -0.001409 
196 -0.038014 
197 0.015295 
198 -0.108893 
199 0.099566 
200 -0.085134 
201 0.123423 
202 -0.065132 
203 0.092763 
204 -0.104394 
205 0.114870 
206 -0.064727 
207 0.057077 
208 -0.039498 
209 -0.019028 
210 -0.071971 
211 0.005381 
212 -0.041859 
213 0.032172 
214 0.035050 
215 0.004396 
216 -0.000348 
217 -0.011260 
218 0.010126 
219 -0.028272 
220 -0.022618 
221 0.019230 
222 -0.063338 
223 0.032536 
224 -0.075893 
225 -0.004230 
226 -0.013433 
227 -0.004265 
228 0.030198 
229 0.021813 
230 0.051270 
231 -0.039379 
232 0.003640 
233 -0.094118 
234 0.032036 
235 -0.090553 
236 0.096782 
237 -0.090177 
238 0.079723 
239 -0.050712 
240 -0.042543 
241 0.012112 
242 -0.065953 
243 0.031210 
244 -0.024454 
245 0.079137 
246 -0.032555 
247 0.087516 
248 -0.089601 
249 0.028965 
250 -0.076390 
251 0.006240 
252 -0.027386 
253 0.011459 
254 -0.015158 
255 -0.080898 
256 0.027903 
257 -0.027957 
258 0.090904 
259 -0.001822 
260 0.075612 
261 -0.065932 
262 -0.020327 
263 -0.052517 
264 -0.069311 
265 0.006272 
266 -0.059451 
267 0.014109 
268 -0.064064 
269 0.112689 
270 -0.090000 
271 0.115326 
272 -0.087972 
273 0.047705 
274 -0.134530 
275 0.029194 
276 -0.055286 
277 0.033287 
278 0.051554 
279 -0.040084 
280 0.108979 
281 -0.095386 
282 0.065753 
283 -0.162437 
284 0.027380 
285 -0.114024 
286 0.076364 
287 -0.037387 
288 0.105709 
289 -0.013943 
290 0.013981 
291 -0.030430 
292 -0.041043 
293 0.042128 
294 -0.066370 
295 0.056781 
296 -0.045183 
297 -0.009381 
298 -0.024433 
299 0.013886 
300 0.003911 
301 -0.001886 
302 0.062310 
303 -0.015541 
304 0.064458 
305 -0.081499 
306 0.010580 
307 -0.119250 
308 0.065764 
309 -0.059809 
310 0.113370 
311 0.018433 
312 -0.003504 
313 0.002884 
314 -0.071225 
315 0.003237 
316 -0.006915 
317 0.031172 
318 -0.035498 
319 0.051835 
320 -0.065252 
321 0.034865 
322 -0.044561 
323 0.026150 
324 -0.015407 
325 0.002343 
326 0.038737 
327 -0.021214 
328 0.087513 
329 -0.046897 
330 0.022424 
331 -0.033556 
332 0.019434 
333 -0.033494 
334 0.035696 
335 0.004087 
336 -0.065030 
337 0.032146 
338 -0.032904 
339 0.050892 
340 -0.019215 
341 0.087731 
342 -0.115652 
343 0.057469 
344 -0.033724 
345 0.038827 
346 -0.002673 
347 0.051940 
348 -0.028762 
349 -0.021703 
350 0.020627 
351 -0.061712 
352 0.052004 
353 -0.022156 
354 0.053867 
355 0.018284 
356 0.040604 
357 -0.029779 
358 -0.024132 
359 -0.002353 
360 -0.028877 
361 0.001990 
362 0.014273 
363 0.049230 
364 -0.049671 
365 -0.012014 
366 -0.044950 
367 -0.029296 
368 0.025226 
369 0.030637 
370 0.053994 
371 -0.027739 
372 0.009105 
373 -0.072812 
374 0.071164 
375 -0.062368 
376 0.093617 
377 -0.057982 
378 0.033421 
379 -0.003445 
380 -0.014458 
381 0.017819 
382 -0.059633 
383 0.055390 
384 -0.066496 
385 0.093195 
386 -0.013142 
387 0.056938 
388 -0.073928 
389 0.077467 
390 -0.104607 
391 0.051778 
392 -0.012217 
393 0.014166 
394 0.028656 
395 -0.080424 
396 0.044400 
397 -0.066799 
398 0.076798 
399 -0.002631 
400 0.053121 
401 -0.008012 
402 -0.002221 
403 -0.047516 
404 -0.011040 
405 -0.019905 
406 -0.032161 
407 0.071270 
408 -0.048299 
409 0.076882 
410 -0.041889 
411 0.034507 
412 -0.090969 
413 0.008146 
414 -0.029909 
415 0.022576 
416 0.044208 
417 -0.057779 
418 0.051795 
419 -0.086738 
420 0.055764 
421 -0.081573 
422 0.149286 
423 -0.109484 
424 0.055662 
425 -0.082883 
426 0.000945 
427 -0.019621 
428 0.026340 
429 0.003046 
430 -0.025301 
431 0.071436 
432 -0.066061 
433 0.086571 
434 -0.068186 
435 0.116712 
436 -0.139801 
437 0.083144 
438 -0.066737 
439 -0.014057 
440 -0.003340 
441 -0.027228 
442 -0.017145 
443 -0.018243 
444 0.040789 
445 -0.001572 
446 0.041266 
447 -0.043689 
448 -0.002660 
449 0.007211 
450 0.035331 
451 0.007674 
452 -0.023622 
453 -0.000881 
454 -0.116045 
455 0.029695 
456 -0.077746 
457 0.093330 
458 -0.076223 
459 0.069903 
460 -0.071943 
461 0.086538 
462 -0.050860 
463 0.041767 
464 -0.014534 
465 -0.022689 
466 0.010554 
467 -0.056109 
468 0.021810 
469 -0.085273 
470 0.022469 
471 -0.067753 
472 0.049275 
473 0.010027 
474 0.064777 
475 -0.025622 
476 -0.017185 
477 -0.031734 
478 -0.093407 
479 0.056062 
480 -0.020066 
481 0.069860 
482 -0.026462 
483 0.013520 
484 -0.037358 
485 -0.003231 
486 0.013788 
487 -0.062075 
488 0.027515 
489 -0.072342 
490 0.057826 
491 -0.047929 
492 0.081112 
493 -0.085438 
494 0.051252 
495 -0.071447 
496 0.050162 
497 -0.014942 
498 -0.001805 
499 -0.012519 
500 -0.051139 
501 0.002812 
502 -0.047625 
503 0.083138 
504 -0.032876 
505 0.062595 
506 -0.082287 
507 0.008026 
508 -0.050278 
509 0.018604 
510 0.015369 
511 -0.062398 
512 0.033414 
513 -0.066915 
514 0.031861 
515 -0.022849 
516 0.079127 
517 -0.080636 
518 0.051003 
519 -0.062384 
520 -0.007163 
521 0.030367 
522 -0.048586 
523 0.052254 
524 -0.070794 
525 0.082778 
526 -0.105509 
527 0.099662 
528 -0.075228 
529 0.065049 
530 -0.075857 
531 0.060181 
532 -0.020919 
533 0.013908 
534 0.032861 
535 -0.081819 
536 0.060365 
537 -0.100523 
538 0.102145 
539 -0.059052 
540 0.096120 
541 -0.093589 
542 0.039731 
543 -0.078813 
544 0.068027 
545 -0.021173 
546 0.010953 
547 0.005004 
548 -0.046999 
549 0.042889 
550 -0.123120 
551 0.077334 
552 -0.060944 
553 0.036701 
554 0.009623 
555 0.047350 
556 0.004314 
557 0.013427 
558 -0.013464 
559 -0.074453 
560 0.022023 
561 -0.050516 
562 0.091030 
563 -0.031784 
564 0.050779 
565 -0.106772 
566 0.013422 
567 -0.000294 
568 -0.000973 
569 0.066469 
570 -0.024456 
571 0.033887 
572 -0.092471 
573 0.091674 
574 -0.102255 
575 0.118646 
576 -0.103450 
577 0.082171 
578 -0.044902 
579 0.078852 
580 -0.028656 
581 -0.028522 
582 0.010547 
583 -0.037119 
584 -0.005838 
585 0.018121 
586 0.059030 
587 -0.000051 
588 0.057614 
589 -0.084998 
590 0.039482 
591 -0.052366 
592 0.007982 
593 -0.025312 
594 -0.029042 
595 0.009191 
596 -0.019732 
597 0.036893 
598 -0.000658 
599 0.031970 
600 -0.026131 
601 -0.011139 
602 0.018260 
603 0.020153 
604 0.013414 
605 -0.040428 
606 0.041077 
607 -0.039267 
608 0.060564 
609 -0.063436 
610 0.021813 
611 -0.081812 
612 0.019624 
613 -0.030514 
614 0.044331 
615 0.026189 
616 0.003996 
617 0.023487 
618 -0.011663 
619 0.026645 
620 -0.038902 
621 0.073402 
622 -0.054960 
623 -0.036628 
624 -0.017504 
625 -0.072899 
626 0.054327 
627 -0.026629 
628 0.078520 
629 -0.015039 
630 0.083643 
631 -0.078767 
632 0.056531 
633 -0.070267 
634 0.027371 
635 -0.044350 
636 0.056907 
637 0.004355 
638 0.002888 
639 0.010108 
640 -0.099070 
641 0.021477 
642 -0.075854 
643 0.045790 
644 -0.013465 
645 0.069643 
646 -0.039474 
647 -0.004925 
648 -0.004605 
649 -0.014077 
650 0.019516 
651 0.017704 
652 0.036349 
653 -0.071421 
654 0.060787 
655 -0.086988 
656 0.030755 
657 -0.044254 
658 0.021664 
659 -0.044785 
660 0.055821 
661 0.020448 
662 -0.069234 
663 0.105420 
664 -0.117332 
665 0.108318 
666 -0.079449 
667 0.078051 
668 -0.088717 
669 0.046265 
670 -0.064691 
671 -0.025404 
672 -0.015400 
673 0.013245 
674 0.038344 
675 -0.051401 
676 0.106243 
677 -0.105875 
678 0.093125 
679 -0.057962 
680 0.094024 
681 -0.037235 
682 0.008663 
683 -0.040354 
684 -0.033049 
685 0.014905 
686 -0.062961 
687 0.027812 
688 -0.056194 
689 0.091892 
690 -0.051766 
691 0.080915 
692 -0.084287 
693 0.060625 
694 -0.080951 
695 0.031179 
696 0.019872 
697 0.005568 
698 -0.020845 
699 -0.021906 
700 -0.047593 
701 -0.064924 
702 0.059769 
703 -0.027511 
704 0.105460 
705 -0.033851 
706 0.018996 
707 0.019381 
708 -0.026279 
709 0.086005 
710 -0.092162 
711 0.078028 
712 -0.132585 
713 0.050606 
714 -0.103771 
715 0.081762 
716 -0.084079 
717 0.068750 
718 -0.031789 
719 0.044540 
720 0.010428 
721 -0.019218 
722 0.039168 
723 -0.066867 
724 0.076019 
725 -0.068541 
726 0.073661 
727 -0.085758 
728 0.002099 
729 -0.056991 
730 0.015374 
731 -0.003619 
732 0.044838 
733 -0.001369 
734 -0.030953 
735 0.034659 
736 -0.080257 
737 0.050915 
738 0.017083 
739 -0.006803 
740 -0.019352 
741 0.003804 
742 0.006438 
743 -0.048456 
744 0.003170 
745 -0.072049 
746 -0.004517 
747 -0.038498 
748 0.101005 
749 -0.042947 
750 0.092028 
751 -0.045946 
752 -0.033791 
753 -0.039553 
754 -0.000762 
755 0.014173 
756 -0.030916 
757 0.071603 
758 -0.082659 
759 0.067275 
760 -0.072099 
761 0.068288 
762 -0.059112 
763 0.062252 
764 -0.052859 
765 0.021849 
766 0.013283 
767 -0.053515 
768 0.029827 
769 -0.120824 
770 0.097484 
771 -0.055601 
772 0.099989 
773 -0.058115 
774 0.036723 
775 -0.086102 
776 -0.013533 
777 0.002156 
778 -0.029494 
779 0.035281 
780 -0.062662 
781 0.068199 
782 -0.102551 
783 0.097271 
784 -0.109360 
785 0.054502 
786 -0.066596 
787 0.073237 
788 -0.045841 
789 0.035166 
790 0.020769 
791 -0.050208 
792 0.025833 
793 -0.082460 
794 0.008080 
795 -0.103455 
796 0.099764 
797 -0.071470 
798 0.059998 
799 -0.004124 
800 0.005171 
801 -0.009026 
802 -0.016634 
803 -0.011814 
804 -0.046064 
805 0.044505 
806 -0.039287 
807 0.087111 
808 -0.044905 
809 -0.006188 
810 -0.067278 
811 0.013836 
812 0.010620 
813 0.008677 
814 0.035245 
815 -0.033760 
816 0.065744 
817 -0.095597 
818 0.030962 
819 -0.064648 
820 0.044790 
821 -0.053805 
822 0.043387 
823 0.012281 
824 0.002782 
825 0.030787 
826 -0.050394 
827 -0.010208 
828 -0.036158 
829 0.012521 
830 -0.051253 
831 0.087040 
832 -0.016521 
833 0.036123 
834 -0.030448 
835 0.057443 
836 -0.023692 
837 0.004072 
838 0.049787 
839 -0.081205 
840 0.015411 
841 -0.033663 
842 0.025923 
843 -0.019929 
844 0.032463 
845 -0.006582 
846 0.021718 
847 0.029779 
848 -0.027795 
849 0.063941 
850 -0.032020 
851 0.041002 
852 -0.041657 
853 0.013702 
854 -0.010654 
855 -0.012284 
856 -0.034469 
857 -0.054712 
858 0.023130 
859 0.024650 
860 0.044621 
861 0.004557 
862 0.066080 
863 -0.087773 
864 0.074023 
865 -0.023980 
866 0.044743 
867 -0.014575 
868 -0.048653 
869 -0.050773 
870 -0.049298 
871 0.035687 
872 0.014581 
873 0.023624 
874 0.045801 
875 -0.008766 
876 -0.047479 
877 0.045619 
878 -0.079497 
879 0.031544 
880 -0.007812 
881 -0.012407 
882 0.062458 
883 0.035922 
884 0.037229 
885 -0.045118 
886 -0.065138 
887 -0.084646 
888 -0.007728 
889 0.009935 
890 0.076174 
891 0.001949 
892 0.012847 
893 0.090285 
894 -0.070257 
895 0.079017 
896 -0.095062 
897 0.049313 
898 -0.137519 
899 0.015812 
900 -0.046711 
901 0.073563 
902 0.029211 
903 0.003025 
904 0.024827 
905 -0.062880 
906 0.073044 
907 -0.136984 
908 0.153398 
909 -0.136707 
910 0.145997 
911 -0.111326 
912 0.087570 
913 -0.026943 
914 -0.050602 
915 -0.030491 
916 -0.055857 
917 0.004218 
918 0.007846 
919 0.058757 
920 -0.067018 
921 0.066529 
922 -0.105056 
923 0.109913 
924 -0.086628 
925 0.114320 
926 -0.063407 
927 -0.007111 
928 -0.086529 
929 -0.077438 
930 -0.005519 
931 -0.020106 
932 0.069902 
933 -0.056777 
934 0.087539 
935 -0.059354 
936 0.012972 
937 -0.052963 
938 -0.001401 
939 -0.021814 
940 0.026294 
941 0.046452 
942 -0.036714 
943 0.004152 
944 -0.148132 
945 -0.028149 
946 -0.073498 
947 0.061236 
948 0.013497 
949 0.146286 
950 0.060197 
951 -0.047755 
952 0.037990 
953 -0.189674 
954 0.046390 
955 -0.149751 
956 0.089075 
957 -0.030409 
958 0.096376 
959 -0.049494 
960 0.041768 
961 -0.042648 
962 -0.064329 
963 -0.011306 
964 -0.041736 
965 0.131600 
966 -0.060219 
967 0.141139 
968 -0.122796 
969 0.089075 
970 -0.078311 
971 0.029598 
972 -0.115609 
973 -0.030388 
974 -0.113511 
975 -0.103286 
976 0.102961 
977 0.045467 
978 0.169673 
979 0.075176 
980 0.215587 
981 -0.078037 
982 0.069102 
983 -0.210691 
984 -0.059250 
985 -0.234401 
986 -0.076060 
987 -0.024443 
988 0.026335 
989 0.095510 
990 0.027561 
991 0.111786 
992 0.010611 
993 0.100442 
994 -0.062198 
995 0.089544 
996 -0.036945 
997 0.005006 
998 -0.054013 
999 0.006855 
1000 0.058694 
1001 -0.031535 
1002 0.032569 
1003 -0.075963 
1004 0.052915 
1005 -0.086825 
1006 0.149369 
1007 0.004139 
1008 0.058051 
1009 -0.035361 
1010 -0.077041 
1011 -0.009838 
1012 -0.015946 
1013 0.011295 
1014 -0.009962 
1015 0.072934 
1016 -0.035276 
1017 0.085365 
1018 -0.040015 
1019 0.031099 
1020 -0.059176 
1021 -0.050220 
1022 0.011216 
1023 -0.026139 
