0 0.616517 
1 0.215279 
2 -0.022467 
3 -0.028171 
4 -0.151336 
5 0.160908 
6 -0.076899 
7 -0.064919 
8 0.096621 
9 0.012059 
10 -0.100310 
11 0.137768 
12 -0.024582 
13 -0.037628 
14 0.115989 
15 0.046276 
16 -0.042221 
17 0.101924 
18 -0.000970 
19 -0.022695 
20 0.055128 
21 0.071865 
22 -0.043512 
23 0.126133 
24 -0.051217 
25 -0.026600 
26 0.053103 
27 0.004763 
28 -0.021287 
29 0.009968 
30 0.024362 
31 -0.055184 
32 -0.004040 
33 -0.096030 
34 0.055868 
35 -0.061220 
36 0.028846 
37 -0.128885 
38 0.032349 
39 -0.071580 
40 -0.034803 
41 -0.030353 
42 -0.036486 
43 -0.063610 
44 0.077289 
45 -0.159175 
46 0.004535 
47 0.068570 
48 0.009562 
49 -0.107920 
50 0.125970 
51 -0.084590 
52 0.065866 
53 0.001866 
54 0.066601 
55 -0.107289 
56 0.203428 
57 -0.051317 
58 -0.101749 
59 0.117452 
60 0.111264 
61 -0.120337 
62 0.179713 
63 -0.032815 
64 -0.012820 
65 0.047599 
66 0.077844 
67 -0.120681 
68 0.146876 
69 0.063733 
70 -0.106858 
71 -0.011059 
72 0.080843 
73 -0.109874 
74 0.009010 
75 -0.007011 
76 -0.055734 
77 -0.038867 
78 0.075185 
79 -0.158264 
80 -0.000504 
81 0.052122 
82 -0.024287 
83 -0.079019 
84 0.091130 
85 -0.049534 
86 0.024538 
87 -0.016207 
88 -0.044881 
89 0.001701 
90 0.021327 
91 -0.012269 
92 0.006587 
93 0.006030 
94 0.038250 
95 0.035678 
96 -0.011566 
97 0.027952 
98 0.066739 
99 0.017565 
100 -0.010081 
101 0.103950 
102 -0.006985 
103 0.026775 
104 0.002907 
105 0.006462 
106 0.014838 
107 0.047589 
108 -0.042433 
109 0.015363 
110 -0.042774 
111 0.025586 
112 -0.086909 
113 0.065173 
114 -0.075153 
115 0.045280 
116 -0.076352 
117 0.009649 
118 -0.054694 
119 0.017149 
120 -0.031916 
121 -0.038496 
122 -0.020712 
123 0.024168 
124 -0.128686 
125 0.067866 
126 -0.084961 
127 0.056759 
128 -0.049916 
129 0.010466 
130 -0.036250 
131 0.035737 
132 -0.004821 
133 -0.014134 
134 0.009296 
135 0.034063 
136 -0.004438 
137 0.023939 
138 -0.022572 
139 0.082913 
140 0.039646 
141 -0.026140 
142 0.028781 
143 0.073584 
144 -0.066376 
145 0.064765 
146 -0.010004 
147 -0.046300 
148 0.075027 
149 -0.003906 
150 -0.118351 
151 0.051052 
152 0.056254 
153 -0.057722 
154 -0.009483 
155 0.079821 
156 -0.084686 
157 -0.004484 
158 0.061306 
159 -0.147868 
160 0.074065 
161 0.072268 
162 -0.100273 
163 -0.056245 
164 0.114150 
165 -0.106353 
166 -0.039682 
167 0.101920 
168 -0.064011 
169 -0.012588 
170 0.163526 
171 -0.178606 
172 0.057409 
173 0.069442 
174 0.019952 
175 -0.094944 
176 0.193550 
177 -0.084449 
178 -0.004051 
179 0.025685 
180 -0.025651 
181 -0.040900 
182 0.115421 
183 -0.102695 
184 0.029274 
185 -0.007976 
186 0.039770 
187 -0.027259 
188 0.062050 
189 -0.034379 
190 0.070428 
191 -0.005550 
192 -0.057185 
193 0.027192 
194 0.059206 
195 -0.101726 
196 0.009508 
197 -0.020763 
198 -0.063230 
199 0.011705 
200 0.013802 
201 -0.064319 
202 0.029897 
203 0.038209 
204 -0.087236 
205 -0.005527 
206 0.103754 
207 -0.051154 
208 -0.010735 
209 0.041228 
210 -0.044095 
211 0.017404 
212 0.047233 
213 -0.037275 
214 0.008609 
215 0.054119 
216 -0.045996 
217 -0.026681 
218 0.056638 
219 0.004263 
220 0.018607 
221 0.015947 
222 -0.008391 
223 0.010472 
224 0.042412 
225 -0.028089 
226 -0.005378 
227 -0.001248 
228 -0.005544 
229 -0.063174 
230 -0.042706 
231 0.048440 
232 -0.050712 
233 0.019664 
234 -0.015409 
235 -0.004966 
236 -0.014614 
237 0.011242 
238 -0.049692 
239 0.049358 
240 0.001249 
241 -0.024712 
242 -0.043761 
243 0.031019 
244 -0.028987 
245 0.058262 
246 -0.063753 
247 0.007424 
248 0.007266 
249 0.046348 
250 -0.078686 
251 0.091133 
252 -0.016204 
253 0.034407 
254 -0.085560 
255 0.085204 
256 -0.032345 
257 0.025695 
258 0.017135 
259 -0.014372 
260 -0.026622 
261 0.060658 
262 -0.013871 
263 -0.097570 
264 0.100238 
265 0.048301 
266 -0.086048 
267 0.023905 
268 0.029719 
269 -0.022272 
270 -0.005103 
271 0.045478 
272 -0.049184 
273 0.028380 
274 0.070053 
275 -0.103130 
276 -0.026723 
277 0.049484 
278 -0.016055 
279 0.001585 
280 0.014154 
281 0.030904 
282 0.032063 
283 -0.057603 
284 -0.015554 
285 0.006362 
286 0.034000 
287 -0.025703 
288 0.020792 
289 -0.069088 
290 0.018257 
291 0.016038 
292 -0.048317 
293 -0.033253 
294 0.124754 
295 -0.045240 
296 -0.032456 
297 0.039853 
298 0.003512 
299 -0.071421 
300 0.102595 
301 -0.061429 
302 -0.012976 
303 0.064917 
304 -0.035123 
305 -0.084192 
306 0.095448 
307 -0.024200 
308 -0.028167 
309 -0.006938 
310 0.061211 
311 -0.092871 
312 0.121500 
313 -0.076452 
314 0.023880 
315 0.007930 
316 0.005564 
317 -0.085679 
318 0.081608 
319 -0.029526 
320 0.008259 
321 -0.024742 
322 -0.009831 
323 -0.022179 
324 0.027001 
325 -0.024526 
326 0.027189 
327 0.006088 
328 0.065434 
329 -0.053981 
330 -0.003922 
331 0.023273 
332 -0.025416 
333 0.026110 
334 -0.029069 
335 -0.026169 
336 0.020908 
337 -0.016212 
338 -0.094991 
339 0.056256 
340 -0.002871 
341 0.015063 
342 -0.027008 
343 0.049870 
344 -0.044962 
345 0.042735 
346 -0.044880 
347 -0.014250 
348 0.027479 
349 0.028272 
350 -0.038569 
351 0.001157 
352 0.018149 
353 0.002372 
354 -0.034062 
355 -0.008489 
356 0.010261 
357 0.067176 
358 -0.057744 
359 0.056165 
360 -0.013448 
361 0.031444 
362 0.002846 
363 -0.003842 
364 0.001821 
365 0.064402 
366 0.003676 
367 -0.051843 
368 -0.050703 
369 0.076312 
370 -0.052742 
371 0.027767 
372 -0.007933 
373 0.039439 
374 -0.041866 
375 0.033087 
376 -0.085568 
377 0.086925 
378 -0.007397 
379 0.012526 
380 -0.060998 
381 -0.012995 
382 -0.013165 
383 0.060545 
384 -0.117195 
385 0.081481 
386 -0.035956 
387 0.001825 
388 -0.062364 
389 0.075658 
390 -0.054303 
391 0.064431 
392 -0.007006 
393 -0.041253 
394 -0.049835 
395 0.106200 
396 -0.105084 
397 0.049350 
398 0.069211 
399 -0.045530 
400 -0.038618 
401 0.040469 
402 -0.070012 
403 0.029260 
404 0.074380 
405 -0.084578 
406 0.026846 
407 0.030819 
408 -0.034053 
409 -0.025131 
410 0.092080 
411 -0.046798 
412 0.028322 
413 -0.004627 
414 -0.017655 
415 -0.049575 
416 0.108773 
417 -0.125717 
418 0.066203 
419 0.005826 
420 0.000347 
421 -0.067454 
422 0.098426 
423 -0.081307 
424 0.061581 
425 -0.000341 
426 -0.030877 
427 -0.046787 
428 0.115112 
429 -0.083520 
430 0.016394 
431 0.037728 
432 0.002185 
433 -0.023509 
434 0.063594 
435 -0.088403 
436 0.064721 
437 -0.010693 
438 -0.017006 
439 -0.002572 
440 0.081754 
441 -0.072873 
442 0.024764 
443 -0.040696 
444 0.026628 
445 0.008719 
446 0.022363 
447 -0.035237 
448 0.014138 
449 -0.006546 
450 -0.019249 
451 -0.060528 
452 0.049918 
453 -0.031526 
454 0.022644 
455 -0.049857 
456 -0.018151 
457 0.014446 
458 -0.001396 
459 -0.043224 
460 0.028064 
461 0.030993 
462 0.001286 
463 -0.046328 
464 0.044715 
465 -0.018646 
466 0.033182 
467 0.020760 
468 -0.023984 
469 0.005477 
470 0.054767 
471 -0.052162 
472 -0.005629 
473 0.020090 
474 0.035094 
475 -0.051333 
476 0.024614 
477 0.014737 
478 0.010697 
479 0.028140 
480 -0.027755 
481 0.024241 
482 -0.010988 
483 0.046344 
484 -0.080159 
485 0.026531 
486 -0.043148 
487 0.037214 
488 -0.090215 
489 0.019731 
490 0.004715 
491 0.010802 
492 -0.035649 
493 0.027862 
494 -0.018939 
495 0.026704 
496 -0.014375 
497 -0.012154 
498 -0.003335 
499 0.054096 
500 -0.054945 
501 0.011947 
502 -0.031900 
503 0.037452 
504 -0.040621 
505 0.013485 
506 -0.036787 
507 0.032537 
508 0.009817 
509 0.002990 
510 -0.029350 
511 0.102054 
512 -0.084623 
513 0.079184 
514 -0.036394 
515 0.035603 
516 0.017185 
517 0.042195 
518 -0.083092 
519 0.066506 
520 -0.038159 
521 -0.031222 
522 0.024517 
523 0.015707 
524 -0.020491 
525 0.059213 
526 -0.070909 
527 0.000859 
528 0.015747 
529 -0.002867 
530 -0.003803 
531 0.014899 
532 -0.004425 
533 -0.036166 
534 -0.023494 
535 -0.026617 
536 0.017475 
537 0.054442 
538 -0.041727 
539 -0.014857 
540 0.038583 
541 -0.052156 
542 0.009963 
543 -0.002680 
544 0.033468 
545 0.008074 
546 0.019389 
547 -0.054562 
548 0.008744 
549 0.043130 
550 0.037313 
551 -0.082862 
552 0.077998 
553 -0.005847 
554 -0.015910 
555 -0.009962 
556 0.037318 
557 -0.035690 
558 0.079606 
559 -0.081519 
560 -0.003632 
561 0.016011 
562 0.088021 
563 -0.092843 
564 0.004566 
565 0.010679 
566 -0.040875 
567 0.016709 
568 -0.009603 
569 -0.033162 
570 0.093419 
571 -0.034389 
572 -0.039587 
573 -0.000203 
574 0.010306 
575 -0.003066 
576 0.017274 
577 -0.049291 
578 0.043159 
579 -0.023343 
580 -0.009157 
581 -0.059597 
582 0.089174 
583 -0.027936 
584 0.017350 
585 -0.001284 
586 0.039626 
587 -0.025177 
588 0.066691 
589 -0.061343 
590 -0.037995 
591 0.066392 
592 -0.024237 
593 -0.034530 
594 0.043670 
595 -0.029255 
596 -0.016653 
597 -0.006263 
598 -0.027024 
599 0.026588 
600 0.029008 
601 0.004619 
602 -0.046081 
603 0.043977 
604 -0.036178 
605 0.002418 
606 -0.023462 
607 0.029090 
608 -0.016977 
609 -0.004499 
610 -0.062305 
611 0.038792 
612 -0.053839 
613 0.033546 
614 -0.016612 
615 -0.010687 
616 0.021690 
617 0.046956 
618 -0.051793 
619 0.057193 
620 0.028243 
621 0.021267 
622 -0.068789 
623 0.109144 
624 -0.079541 
625 0.038692 
626 -0.037156 
627 0.023730 
628 -0.036197 
629 0.081956 
630 -0.020826 
631 -0.022975 
632 0.057521 
633 0.023202 
634 -0.041934 
635 0.028682 
636 0.008721 
637 0.011245 
638 -0.031499 
639 -0.017436 
640 -0.056353 
641 0.056627 
642 -0.063176 
643 -0.009969 
644 -0.026938 
645 0.024657 
646 -0.018399 
647 -0.015920 
648 -0.006080 
649 0.028008 
650 0.065216 
651 -0.059364 
652 -0.010780 
653 0.048315 
654 -0.028640 
655 0.038055 
656 -0.033771 
657 -0.006011 
658 0.007164 
659 0.016468 
660 -0.105839 
661 0.068093 
662 0.066719 
663 -0.038952 
664 0.034741 
665 0.011334 
666 0.004413 
667 0.019529 
668 0.052280 
669 -0.060357 
670 0.052865 
671 0.035032 
672 -0.063998 
673 -0.088568 
674 0.103185 
675 -0.078288 
676 0.011192 
677 -0.008477 
678 0.016597 
679 -0.100128 
680 0.098782 
681 -0.074946 
682 0.001651 
683 0.034140 
684 0.031743 
685 -0.142222 
686 0.089153 
687 -0.036728 
688 -0.028263 
689 0.011565 
690 0.036037 
691 -0.064730 
692 0.023045 
693 -0.034689 
694 -0.009546 
695 -0.022416 
696 0.073376 
697 -0.069829 
698 0.047390 
699 -0.018736 
700 0.025290 
701 -0.001521 
702 0.000471 
703 0.018741 
704 0.009131 
705 -0.035644 
706 -0.033405 
707 0.053269 
708 -0.052496 
709 -0.003274 
710 0.035789 
711 -0.059028 
712 0.045997 
713 0.002791 
714 -0.029305 
715 0.010384 
716 0.057597 
717 -0.045685 
718 -0.067647 
719 0.079770 
720 -0.007251 
721 -0.032455 
722 0.028192 
723 -0.032932 
724 -0.043250 
725 0.081645 
726 -0.040807 
727 -0.043775 
728 0.069989 
729 0.007248 
730 -0.081929 
731 0.013432 
732 0.061124 
733 -0.007839 
734 0.021500 
735 0.048481 
736 -0.090513 
737 0.041386 
738 0.086873 
739 -0.050381 
740 -0.037870 
741 0.206704 
742 -0.126440 
743 0.001890 
744 0.034264 
745 0.020003 
746 -0.006939 
747 0.106355 
748 -0.099071 
749 0.045129 
750 -0.001219 
751 0.047401 
752 -0.119471 
753 0.105598 
754 -0.014810 
755 -0.018881 
756 -0.028759 
757 0.011992 
758 -0.016294 
759 0.083108 
760 -0.099490 
761 0.033116 
762 -0.042970 
763 0.027702 
764 -0.142461 
765 0.116553 
766 -0.090358 
767 0.070347 
768 -0.039689 
769 -0.046137 
770 0.012044 
771 0.047344 
772 -0.041749 
773 -0.023381 
774 0.049963 
775 -0.010574 
776 -0.054787 
777 0.053423 
778 -0.050519 
779 -0.021289 
780 0.042670 
781 -0.021805 
782 -0.073304 
783 0.158146 
784 -0.072603 
785 -0.097469 
786 0.102311 
787 -0.047318 
788 -0.033697 
789 0.072343 
790 0.000291 
791 -0.174468 
792 0.166294 
793 -0.129455 
794 -0.062917 
795 0.076529 
796 0.053434 
797 -0.166671 
798 0.069621 
799 -0.013801 
800 -0.124833 
801 0.054615 
802 0.103315 
803 -0.187514 
804 0.158150 
805 -0.056069 
806 -0.114439 
807 0.050047 
808 0.116542 
809 -0.134662 
810 0.091589 
811 -0.008603 
812 -0.060876 
813 0.023479 
814 0.047647 
815 -0.097527 
816 0.155652 
817 -0.006363 
818 -0.033010 
819 0.030875 
820 0.083851 
821 -0.089522 
822 0.161617 
823 -0.049125 
824 0.031529 
825 0.010080 
826 0.093528 
827 -0.175279 
828 0.193708 
829 0.005979 
830 -0.059802 
831 0.018447 
832 0.062698 
833 -0.130765 
834 0.129892 
835 -0.033280 
836 -0.071903 
837 0.051356 
838 0.115736 
839 -0.235527 
840 0.130379 
841 0.014073 
842 -0.091310 
843 0.036013 
844 0.060355 
845 -0.117608 
846 0.043683 
847 0.088999 
848 -0.187161 
849 0.026983 
850 0.164649 
851 -0.171946 
852 0.043586 
853 0.085602 
854 -0.056889 
855 -0.024420 
856 0.092120 
857 -0.081538 
858 -0.052447 
859 0.230941 
860 -0.180286 
861 -0.058728 
862 0.106631 
863 -0.027536 
864 -0.089073 
865 0.110595 
866 -0.099606 
867 0.007988 
868 0.030645 
869 -0.026362 
870 -0.142374 
871 0.210238 
872 -0.068072 
873 -0.025193 
874 0.049719 
875 0.018688 
876 -0.145810 
877 0.200203 
878 -0.160607 
879 -0.000141 
880 0.104219 
881 -0.060149 
882 -0.156540 
883 0.100354 
884 -0.085736 
885 -0.030601 
886 0.090023 
887 0.011489 
888 -0.173410 
889 0.159852 
890 -0.099099 
891 -0.058510 
892 0.090096 
893 0.091990 
894 -0.219857 
895 0.163754 
896 -0.094066 
897 -0.134403 
898 0.163903 
899 0.055305 
900 -0.217377 
901 0.145473 
902 -0.030946 
903 -0.154170 
904 0.077476 
905 0.138347 
906 -0.208297 
907 0.186802 
908 0.055408 
909 -0.228231 
910 0.086954 
911 0.120564 
912 -0.155039 
913 0.105447 
914 0.055148 
915 -0.185046 
916 0.064853 
917 0.092455 
918 -0.192244 
919 0.077645 
920 0.170964 
921 -0.105566 
922 0.071382 
923 0.132762 
924 -0.130598 
925 0.157025 
926 0.090653 
927 -0.151624 
928 0.070757 
929 0.106112 
930 -0.060765 
931 -0.031120 
932 0.197248 
933 -0.209573 
934 0.082729 
935 0.013924 
936 -0.063126 
937 0.023593 
938 0.197871 
939 -0.136350 
940 -0.027928 
941 0.117539 
942 -0.030597 
943 -0.072581 
944 0.170640 
945 -0.207370 
946 0.066167 
947 0.000106 
948 -0.075633 
949 -0.075483 
950 0.199248 
951 -0.200342 
952 -0.046599 
953 0.010389 
954 0.004868 
955 0.058388 
956 0.111872 
957 -0.156188 
958 -0.064919 
959 0.125502 
960 -0.047759 
961 -0.098614 
962 0.201362 
963 -0.107089 
964 -0.020418 
965 0.017054 
966 0.008818 
967 -0.147118 
968 0.203354 
969 -0.100644 
970 -0.046599 
971 0.122365 
972 -0.034882 
973 -0.070037 
974 0.094622 
975 0.039540 
976 -0.080073 
977 0.048188 
978 0.034565 
979 -0.070401 
980 0.077498 
981 -0.008545 
982 -0.179662 
983 0.051434 
984 -0.002499 
985 -0.046231 
986 0.022053 
987 0.099788 
988 -0.143972 
989 -0.008120 
990 0.087392 
991 -0.008245 
992 0.041778 
993 0.099548 
994 -0.050271 
995 -0.020300 
996 -0.079206 
997 0.016856 
998 -0.131076 
999 0.165883 
1000 -0.115161 
1001 -0.093774 
1002 -0.155760 
1003 0.105338 
1004 0.056106 
1005 0.095775 
1006 0.028017 
1007 0.092586 
1008 -0.080588 
1009 0.237215 
1010 -0.119033 
1011 -0.017929 
1012 0.188505 
1013 0.131998 
1014 -0.385626 
1015 0.058762 
1016 0.028988 
1017 -0.070033 
1018 0.221984 
1019 0.181746 
1020 -0.214567 
1021 -0.061319 
1022 -0.039949 
1023 0.085507 
