0 0.060331 
1 -0.065071 
2 0.084267 
3 -0.022561 
4 0.095169 
5 -0.056326 
6 0.082421 
7 -0.092160 
8 0.065558 
9 0.015741 
10 0.000829 
11 0.050272 
12 -0.058330 
13 0.053636 
14 -0.084993 
15 0.056056 
16 -0.018186 
17 0.025166 
18 -0.022724 
19 0.011416 
20 0.050834 
21 -0.070208 
22 0.094710 
23 -0.055983 
24 0.011354 
25 0.010934 
26 -0.085142 
27 0.033871 
28 -0.075856 
29 0.015372 
30 0.009489 
31 -0.006562 
32 0.006056 
33 -0.001962 
34 -0.057887 
35 0.080258 
36 -0.052825 
37 0.092950 
38 0.002773 
39 -0.016784 
40 0.013970 
41 -0.040631 
42 0.028737 
43 -0.040782 
44 0.048227 
45 -0.013154 
46 -0.038993 
47 0.043686 
48 -0.081371 
49 0.047436 
50 -0.080192 
51 0.091271 
52 0.006368 
53 0.031104 
54 0.068168 
55 -0.081102 
56 0.069842 
57 -0.042519 
58 0.048143 
59 0.004942 
60 -0.014414 
61 0.013672 
62 -0.047865 
63 -0.019989 
64 0.033181 
65 -0.025794 
66 0.024069 
67 0.003378 
68 0.002356 
69 0.005290 
70 -0.043626 
71 -0.011505 
72 -0.061436 
73 0.036698 
74 0.006127 
75 -0.010869 
76 0.043856 
77 -0.129181 
78 0.015815 
79 -0.074973 
80 -0.041886 
81 0.095306 
82 -0.029057 
83 0.042009 
84 0.026877 
85 -0.082326 
86 0.012514 
87 -0.040670 
88 -0.035353 
89 0.059826 
90 -0.014012 
91 0.056476 
92 -0.038259 
93 -0.016152 
94 -0.008057 
95 -0.023161 
96 0.037308 
97 0.045874 
98 0.035297 
99 0.049212 
100 0.026036 
101 0.000454 
102 0.032958 
103 0.026233 
104 0.029383 
105 0.006555 
106 0.041869 
107 -0.050265 
108 0.019884 
109 0.004962 
110 -0.000622 
111 0.051378 
112 -0.046256 
113 0.032893 
114 -0.006412 
115 -0.022402 
116 0.101231 
117 -0.101338 
118 0.111256 
119 -0.069231 
120 0.011528 
121 0.023808 
122 -0.102268 
123 0.069753 
124 -0.108961 
125 0.065352 
126 -0.054836 
127 0.008187 
128 -0.051037 
129 -0.049726 
130 -0.006164 
131 -0.028754 
132 0.043782 
133 -0.038668 
134 0.033113 
135 -0.027393 
136 -0.044716 
137 0.012456 
138 -0.048418 
139 0.019612 
140 -0.002158 
141 0.018344 
142 -0.004557 
143 0.034977 
144 -0.043945 
145 0.092831 
146 -0.080325 
147 0.110814 
148 -0.040411 
149 0.007481 
150 0.074617 
151 -0.065364 
152 0.069619 
153 -0.046044 
154 0.026844 
155 -0.011964 
156 -0.025757 
157 0.028691 
158 -0.068870 
159 0.031107 
160 0.018945 
161 -0.012115 
162 0.042385 
163 0.037044 
164 -0.058440 
165 0.085547 
166 -0.072152 
167 0.063572 
168 -0.048174 
169 -0.017171 
170 0.042471 
171 -0.082125 
172 0.038672 
173 -0.056306 
174 -0.035998 
175 -0.004683 
176 -0.023971 
177 0.009334 
178 -0.001937 
179 -0.002050 
180 0.001009 
181 -0.038644 
182 0.027500 
183 -0.026002 
184 0.030992 
185 -0.014112 
186 -0.046708 
187 0.062753 
188 -0.064182 
189 0.061610 
190 0.011923 
191 -0.028532 
192 0.035319 
193 -0.007784 
194 -0.008059 
195 0.075680 
196 -0.013870 
197 0.036977 
198 0.025275 
199 -0.016190 
200 0.034229 
201 -0.049176 
202 0.009936 
203 -0.043788 
204 0.033052 
205 -0.013116 
206 0.038650 
207 -0.005899 
208 -0.031211 
209 0.046384 
210 -0.058720 
211 0.069393 
212 -0.007572 
213 0.009084 
214 0.022768 
215 -0.070117 
216 0.035475 
217 -0.048615 
218 -0.001596 
219 -0.002128 
220 -0.033139 
221 0.024370 
222 -0.018423 
223 -0.050192 
224 0.059185 
225 -0.064638 
226 0.063737 
227 -0.000099 
228 0.040942 
229 -0.021923 
230 0.015937 
231 -0.022734 
232 -0.034078 
233 0.026503 
234 -0.030665 
235 -0.001768 
236 0.010007 
237 -0.047940 
238 0.026760 
239 -0.028176 
240 0.025678 
241 0.055885 
242 -0.016366 
243 0.004473 
244 0.062677 
245 -0.092699 
246 0.135628 
247 -0.067729 
248 0.063781 
249 -0.003607 
250 -0.041205 
251 0.058155 
252 -0.100682 
253 0.092307 
254 -0.072328 
255 0.043276 
256 0.035744 
257 -0.010848 
258 -0.017346 
259 -0.004545 
260 -0.050621 
261 -0.022852 
262 0.057593 
263 -0.065323 
264 0.040276 
265 -0.061381 
266 0.000329 
267 -0.028001 
268 -0.027832 
269 0.018464 
270 -0.042146 
271 0.064175 
272 -0.042216 
273 0.081456 
274 -0.039663 
275 0.027199 
276 0.012187 
277 -0.025480 
278 0.070345 
279 -0.059650 
280 -0.007830 
281 -0.025787 
282 -0.054727 
283 0.000524 
284 -0.005414 
285 0.006700 
286 0.023921 
287 -0.017887 
288 -0.017909 
289 0.033116 
290 -0.064244 
291 0.074675 
292 0.013268 
293 -0.001532 
294 0.049059 
295 -0.021338 
296 -0.025975 
297 0.003064 
298 0.008657 
299 -0.018203 
300 0.065223 
301 -0.016734 
302 0.010895 
303 0.025093 
304 -0.059015 
305 0.077257 
306 -0.054390 
307 0.078248 
308 -0.003764 
309 -0.009887 
310 -0.010033 
311 -0.062909 
312 -0.023568 
313 -0.008927 
314 -0.005680 
315 0.033340 
316 -0.022514 
317 0.013459 
318 -0.036895 
319 0.016782 
320 0.014629 
321 0.010310 
322 0.008570 
323 0.026977 
324 -0.008032 
325 0.002115 
326 -0.018583 
327 -0.004439 
328 0.001660 
329 -0.023369 
330 0.033812 
331 -0.031048 
332 -0.004302 
333 -0.015088 
334 -0.015798 
335 0.040200 
336 0.002926 
337 0.051218 
338 -0.019586 
339 -0.015183 
340 0.025912 
341 -0.056942 
342 0.060472 
343 -0.029517 
344 0.003768 
345 0.016444 
346 -0.028028 
347 0.002645 
348 -0.043053 
349 0.049854 
350 -0.037731 
351 0.064424 
352 0.041752 
353 -0.000757 
354 0.019222 
355 -0.040101 
356 0.008993 
357 -0.027030 
358 0.033235 
359 -0.018033 
360 0.003700 
361 -0.033510 
362 0.009628 
363 -0.028721 
364 -0.014564 
365 0.019695 
366 -0.007895 
367 0.023942 
368 0.009488 
369 0.017215 
370 -0.033231 
371 0.011845 
372 0.005279 
373 -0.031902 
374 0.042126 
375 -0.059470 
376 0.006774 
377 -0.018976 
378 -0.040202 
379 0.019059 
380 -0.042299 
381 0.052441 
382 -0.021173 
383 0.015185 
384 0.014828 
385 -0.030219 
386 0.015483 
387 0.016799 
388 0.027833 
389 -0.007855 
390 0.005501 
391 -0.047522 
392 -0.012513 
393 0.000578 
394 -0.008285 
395 0.020857 
396 0.002769 
397 0.016468 
398 0.029256 
399 0.013108 
400 -0.033193 
401 0.056985 
402 -0.065216 
403 0.064818 
404 0.014172 
405 -0.032815 
406 0.059092 
407 -0.088415 
408 0.048340 
409 -0.047534 
410 0.032581 
411 0.000771 
412 -0.023298 
413 0.031661 
414 -0.010164 
415 0.000808 
416 0.027150 
417 -0.015659 
418 -0.000094 
419 0.025337 
420 -0.045976 
421 0.010148 
422 -0.041667 
423 -0.018365 
424 -0.004383 
425 -0.057511 
426 0.067127 
427 -0.048637 
428 0.045796 
429 -0.019042 
430 0.021111 
431 -0.007167 
432 0.007118 
433 0.024928 
434 -0.043101 
435 0.075834 
436 -0.050207 
437 0.024624 
438 -0.003213 
439 -0.049710 
440 0.018188 
441 -0.031347 
442 -0.005105 
443 0.017901 
444 -0.022277 
445 0.031508 
446 0.007075 
447 -0.010269 
448 0.050984 
449 -0.006600 
450 -0.001935 
451 0.043490 
452 -0.033098 
453 0.014297 
454 -0.019485 
455 0.007470 
456 -0.004743 
457 0.015977 
458 0.003350 
459 -0.002407 
460 -0.001681 
461 0.014146 
462 -0.011357 
463 0.032952 
464 -0.032782 
465 0.065547 
466 -0.052909 
467 0.018582 
468 0.008096 
469 -0.081971 
470 0.031676 
471 -0.026553 
472 0.003292 
473 0.041089 
474 -0.025942 
475 0.013268 
476 -0.005413 
477 0.012794 
478 0.036103 
479 -0.021498 
480 0.027493 
481 -0.033576 
482 -0.009322 
483 -0.001057 
484 0.014218 
485 -0.046003 
486 -0.000687 
487 -0.028766 
488 -0.014700 
489 0.016973 
490 -0.016819 
491 0.004635 
492 -0.003042 
493 0.032942 
494 0.031419 
495 0.037281 
496 0.009535 
497 0.006840 
498 -0.013720 
499 -0.000285 
500 0.008415 
501 -0.059162 
502 0.073026 
503 -0.110457 
504 0.056952 
505 -0.031058 
506 -0.026828 
507 0.048413 
508 -0.078330 
509 0.088683 
510 -0.055012 
511 0.019615 
512 -0.014033 
513 -0.003984 
514 -0.000761 
515 0.013754 
516 0.002591 
517 -0.008914 
518 0.013643 
519 -0.040313 
520 0.002594 
521 -0.027931 
522 0.026896 
523 0.022513 
524 0.014428 
525 0.028378 
526 0.000225 
527 -0.007910 
528 -0.025281 
529 0.053918 
530 -0.080109 
531 0.059494 
532 -0.054162 
533 -0.022107 
534 0.033125 
535 -0.059253 
536 0.059223 
537 -0.052581 
538 0.065640 
539 -0.027372 
540 0.049395 
541 -0.014189 
542 0.020623 
543 0.006017 
544 0.011808 
545 0.022311 
546 -0.005970 
547 0.000389 
548 -0.033144 
549 -0.025604 
550 0.003109 
551 -0.012274 
552 0.031451 
553 -0.024089 
554 0.012228 
555 -0.014470 
556 0.007722 
557 0.012536 
558 -0.004080 
559 0.040486 
560 -0.008771 
561 0.026423 
562 -0.006237 
563 -0.004879 
564 -0.009466 
565 -0.055960 
566 0.017854 
567 -0.020133 
568 0.014997 
569 -0.019131 
570 -0.000710 
571 -0.018953 
572 -0.021986 
573 0.057254 
574 -0.029022 
575 0.013885 
576 0.008525 
577 -0.049716 
578 0.000445 
579 0.000228 
580 -0.018773 
581 0.008613 
582 0.002724 
583 -0.008094 
584 0.039358 
585 -0.026410 
586 0.024207 
587 -0.008223 
588 0.020654 
589 0.011588 
590 0.038021 
591 -0.006223 
592 -0.002493 
593 0.024164 
594 -0.035846 
595 0.019589 
596 0.023425 
597 -0.057189 
598 0.053441 
599 -0.067245 
600 0.037893 
601 0.015522 
602 -0.035356 
603 0.098358 
604 -0.052475 
605 0.074323 
606 -0.027053 
607 -0.012724 
608 0.005381 
609 -0.025414 
610 0.026908 
611 -0.049442 
612 0.030278 
613 -0.050921 
614 0.004428 
615 -0.032755 
616 -0.028768 
617 0.029503 
618 -0.036771 
619 0.029065 
620 -0.007345 
621 0.000748 
622 -0.012956 
623 -0.000400 
624 -0.008045 
625 0.019398 
626 -0.024739 
627 -0.002138 
628 -0.013587 
629 -0.047874 
630 0.070743 
631 -0.039573 
632 0.020076 
633 0.019514 
634 -0.009995 
635 0.044777 
636 -0.028278 
637 0.043526 
638 -0.007935 
639 0.025550 
640 0.007259 
641 0.026884 
642 -0.035496 
643 0.003962 
644 -0.016664 
645 -0.027587 
646 0.055398 
647 -0.031773 
648 0.046430 
649 -0.011252 
650 -0.015327 
651 0.052381 
652 -0.033230 
653 0.046071 
654 0.021971 
655 -0.009869 
656 0.008931 
657 -0.009158 
658 -0.065554 
659 0.050466 
660 -0.028476 
661 -0.028066 
662 0.068057 
663 -0.104345 
664 0.056335 
665 -0.042672 
666 -0.044676 
667 0.027052 
668 -0.062206 
669 0.023198 
670 0.000194 
671 -0.023486 
672 -0.007323 
673 -0.016389 
674 -0.065212 
675 0.063436 
676 -0.097540 
677 0.055701 
678 -0.034537 
679 -0.037158 
680 0.084181 
681 -0.057848 
682 0.123944 
683 -0.039028 
684 0.074511 
685 -0.026772 
686 0.002304 
687 -0.002529 
688 -0.016799 
689 0.057833 
690 -0.053274 
691 0.101382 
692 -0.041759 
693 -0.003940 
694 0.039864 
695 -0.058825 
696 0.048706 
697 0.007143 
698 0.014816 
699 0.060169 
700 -0.033190 
701 0.041111 
702 -0.036627 
703 -0.009866 
704 0.036654 
705 -0.013860 
706 0.002780 
707 -0.019603 
708 -0.044716 
709 -0.003713 
710 -0.044818 
711 0.036690 
712 -0.010159 
713 0.041601 
714 -0.021717 
715 -0.014425 
716 0.006890 
717 -0.049426 
718 0.021904 
719 -0.007745 
720 -0.003584 
721 0.033711 
722 -0.067563 
723 0.000597 
724 -0.047027 
725 -0.013413 
726 0.051782 
727 -0.017497 
728 0.025644 
729 0.001315 
730 -0.038017 
731 0.017023 
732 -0.011765 
733 0.028118 
734 0.039009 
735 -0.001584 
736 0.001926 
737 -0.025141 
738 -0.018232 
739 -0.019253 
740 0.041044 
741 -0.032236 
742 0.109502 
743 -0.034473 
744 0.021246 
745 0.004548 
746 -0.028628 
747 0.039488 
748 0.008467 
749 0.065626 
750 0.023005 
751 0.008825 
752 -0.034057 
753 -0.044831 
754 -0.036542 
755 -0.002351 
756 0.045331 
757 -0.063580 
758 0.085173 
759 -0.055970 
760 -0.004687 
761 0.054982 
762 -0.072103 
763 0.074965 
764 -0.046674 
765 0.043334 
766 0.003941 
767 -0.021959 
768 -0.038673 
769 -0.001009 
770 -0.063303 
771 0.083115 
772 -0.039655 
773 0.009361 
774 -0.032844 
775 -0.080855 
776 0.027952 
777 -0.031651 
778 0.052440 
779 0.011759 
780 0.023576 
781 -0.001380 
782 -0.058027 
783 0.034920 
784 -0.075106 
785 0.069338 
786 -0.044164 
787 0.061696 
788 -0.007270 
789 -0.057612 
790 0.080318 
791 -0.100066 
792 0.096017 
793 -0.024426 
794 0.015606 
795 0.038401 
796 -0.047982 
797 0.001650 
798 -0.042200 
799 -0.030210 
800 0.009327 
801 0.003034 
802 -0.014263 
803 -0.008916 
804 -0.005809 
805 -0.029223 
806 0.023581 
807 0.040654 
808 -0.012613 
809 0.053820 
810 -0.012024 
811 -0.004620 
812 0.047021 
813 -0.048761 
814 0.030845 
815 -0.013294 
816 -0.015463 
817 0.051752 
818 -0.111937 
819 0.076698 
820 -0.096422 
821 0.066138 
822 0.020072 
823 0.009896 
824 0.065651 
825 -0.017135 
826 0.008814 
827 0.007838 
828 0.021787 
829 0.017913 
830 0.030578 
831 -0.046885 
832 0.030961 
833 -0.078944 
834 0.016839 
835 -0.036399 
836 0.019497 
837 0.011717 
838 0.024281 
839 -0.019672 
840 0.006176 
841 -0.008056 
842 -0.035331 
843 0.032113 
844 0.007026 
845 0.032305 
846 0.024784 
847 -0.012124 
848 0.010380 
849 -0.019059 
850 -0.018604 
851 0.010326 
852 0.024992 
853 -0.042803 
854 0.093049 
855 -0.018035 
856 -0.020028 
857 0.098273 
858 -0.101325 
859 0.050536 
860 -0.031478 
861 -0.015069 
862 0.016039 
863 -0.097483 
864 0.050741 
865 -0.066809 
866 0.020577 
867 0.029391 
868 -0.004517 
869 0.008834 
870 -0.020920 
871 0.000304 
872 -0.026481 
873 0.029972 
874 0.020115 
875 -0.017209 
876 0.006070 
877 -0.019461 
878 -0.022273 
879 0.003670 
880 -0.070523 
881 0.083991 
882 -0.057833 
883 -0.022343 
884 0.046322 
885 -0.127818 
886 0.143282 
887 -0.119335 
888 0.061790 
889 -0.019912 
890 -0.070403 
891 0.068276 
892 -0.058054 
893 0.068697 
894 -0.032987 
895 0.024969 
896 0.002096 
897 -0.015408 
898 0.057864 
899 -0.034576 
900 -0.042016 
901 0.024409 
902 0.067413 
903 -0.005973 
904 0.033129 
905 -0.046564 
906 -0.029896 
907 -0.019776 
908 -0.001377 
909 -0.034419 
910 -0.000932 
911 0.015570 
912 -0.006218 
913 0.051546 
914 -0.056244 
915 0.104500 
916 -0.011831 
917 -0.004985 
918 0.110883 
919 -0.081933 
920 0.037695 
921 -0.033673 
922 0.026165 
923 0.043516 
924 0.049786 
925 -0.017120 
926 0.010456 
927 -0.033606 
928 -0.034092 
929 -0.002485 
930 -0.078481 
931 0.033112 
932 0.075857 
933 -0.030708 
934 0.097737 
935 -0.045331 
936 0.060751 
937 -0.046753 
938 0.014381 
939 -0.016963 
940 -0.045629 
941 0.038177 
942 -0.029514 
943 0.061287 
944 -0.006355 
945 0.024608 
946 -0.043704 
947 0.001153 
948 0.014388 
949 -0.051986 
950 0.022177 
951 -0.055039 
952 0.002475 
953 0.027620 
954 -0.008856 
955 0.019346 
956 0.068287 
957 -0.076129 
958 0.036731 
959 -0.055363 
960 -0.054119 
961 0.039762 
962 -0.076739 
963 0.038260 
964 -0.041109 
965 0.032686 
966 -0.009764 
967 0.060201 
968 -0.043342 
969 0.002341 
970 0.010266 
971 -0.096340 
972 0.120934 
973 -0.069182 
974 0.047710 
975 -0.002083 
976 -0.007816 
977 0.058005 
978 -0.033715 
979 0.020529 
980 -0.012784 
981 -0.019784 
982 0.067895 
983 -0.026383 
984 0.061291 
985 -0.015752 
986 -0.023558 
987 0.033093 
988 -0.104988 
989 0.039333 
990 -0.026324 
991 -0.063844 
992 0.091901 
993 -0.031353 
994 0.038040 
995 -0.012388 
996 -0.049526 
997 0.029764 
998 -0.057017 
999 -0.049329 
1000 -0.056027 
1001 0.064718 
1002 0.009181 
1003 0.067108 
1004 0.011691 
1005 -0.057760 
1006 0.069654 
1007 -0.054852 
1008 -0.112247 
1009 0.013850 
1010 -0.015436 
1011 0.066556 
1012 0.038725 
1013 -0.100761 
1014 0.123335 
1015 -0.115276 
1016 -0.041862 
1017 0.082460 
1018 0.078079 
1019 0.014390 
1020 0.070979 
1021 -0.108881 
1022 0.229244 
1023 0.557941 
