0 0.164088 
1 -0.114139 
2 0.080146 
3 -0.049332 
4 -0.036620 
5 0.107941 
6 0.119416 
7 -0.092613 
8 -0.022537 
9 -0.004438 
10 0.039376 
11 -0.026242 
12 -0.099614 
13 0.128069 
14 -0.068249 
15 -0.064951 
16 -0.018546 
17 -0.079802 
18 0.101561 
19 0.058802 
20 -0.087132 
21 -0.007442 
22 0.018382 
23 0.006288 
24 0.008779 
25 -0.018749 
26 0.052246 
27 0.023094 
28 -0.029057 
29 -0.025291 
30 0.063713 
31 -0.025322 
32 0.056344 
33 -0.016327 
34 0.013248 
35 0.046319 
36 -0.022191 
37 -0.056142 
38 0.006668 
39 0.032990 
40 0.010251 
41 -0.019036 
42 -0.060200 
43 -0.060147 
44 0.075746 
45 -0.053692 
46 0.002053 
47 0.079764 
48 -0.038116 
49 -0.097314 
50 0.091954 
51 -0.026737 
52 0.065574 
53 -0.031853 
54 0.005911 
55 0.034242 
56 -0.008540 
57 0.034159 
58 -0.041938 
59 0.059471 
60 -0.068962 
61 0.072718 
62 -0.038512 
63 0.008110 
64 0.020232 
65 -0.103697 
66 0.063314 
67 -0.040004 
68 0.066896 
69 -0.076377 
70 -0.074260 
71 0.038037 
72 0.025154 
73 -0.080874 
74 0.066987 
75 -0.032274 
76 0.014564 
77 -0.090389 
78 0.102866 
79 -0.035605 
80 -0.007978 
81 0.033446 
82 -0.026015 
83 -0.020103 
84 0.040480 
85 -0.012317 
86 0.037607 
87 -0.082553 
88 -0.013666 
89 0.086489 
90 -0.056494 
91 0.030489 
92 -0.024359 
93 0.021255 
94 -0.003214 
95 -0.003234 
96 0.066092 
97 -0.071835 
98 0.060431 
99 0.006223 
100 -0.022406 
101 0.000983 
102 0.009932 
103 0.044384 
104 -0.024383 
105 0.026054 
106 -0.049538 
107 0.042515 
108 0.053511 
109 -0.009048 
110 0.020980 
111 -0.054741 
112 0.122326 
113 -0.071713 
114 0.045542 
115 -0.102496 
116 0.081084 
117 0.034988 
118 -0.070108 
119 -0.048645 
120 0.034420 
121 0.018227 
122 -0.012694 
123 -0.093653 
124 0.039577 
125 -0.005899 
126 -0.008242 
127 -0.041894 
128 -0.004700 
129 -0.041907 
130 0.003933 
131 -0.007037 
132 0.024170 
133 -0.106837 
134 0.032936 
135 0.059469 
136 -0.069975 
137 0.055297 
138 -0.016466 
139 0.030665 
140 0.028814 
141 -0.043349 
142 0.050984 
143 0.010152 
144 0.008648 
145 0.006974 
146 -0.039810 
147 -0.022561 
148 0.080144 
149 -0.024038 
150 -0.072798 
151 0.028438 
152 -0.007558 
153 -0.014628 
154 0.005800 
155 -0.025330 
156 0.041874 
157 -0.048111 
158 0.024733 
159 -0.034566 
160 0.047388 
161 -0.087788 
162 0.073377 
163 0.011408 
164 -0.063186 
165 0.038562 
166 -0.011468 
167 -0.030732 
168 0.032917 
169 0.013834 
170 -0.031927 
171 0.014988 
172 0.037965 
173 -0.094543 
174 0.036174 
175 -0.030273 
176 0.001619 
177 -0.021821 
178 -0.050888 
179 -0.004796 
180 -0.015380 
181 -0.030289 
182 0.002853 
183 0.050694 
184 -0.098282 
185 0.086810 
186 0.026779 
187 -0.044912 
188 0.048576 
189 0.012801 
190 0.025595 
191 -0.002970 
192 -0.009342 
193 0.027317 
194 0.023355 
195 -0.068380 
196 -0.005783 
197 0.029662 
198 0.011680 
199 0.016112 
200 -0.040533 
201 -0.011850 
202 0.031892 
203 -0.004998 
204 -0.035695 
205 0.002478 
206 0.012996 
207 -0.064478 
208 -0.011817 
209 -0.034134 
210 0.054773 
211 -0.015418 
212 -0.072053 
213 0.063031 
214 -0.013913 
215 0.004492 
216 0.002587 
217 0.021277 
218 0.041181 
219 -0.074673 
220 0.075152 
221 -0.027637 
222 0.037764 
223 -0.025559 
224 -0.024819 
225 0.014022 
226 -0.030971 
227 -0.021932 
228 -0.003512 
229 0.020355 
230 -0.011288 
231 -0.012768 
232 -0.047758 
233 0.081267 
234 0.051243 
235 -0.112692 
236 0.051545 
237 -0.009423 
238 0.043848 
239 -0.030044 
240 -0.042815 
241 0.010349 
242 0.062807 
243 -0.051331 
244 -0.020800 
245 0.035271 
246 -0.011144 
247 0.025682 
248 -0.005128 
249 -0.036779 
250 0.095650 
251 -0.011651 
252 -0.022989 
253 -0.071045 
254 0.076839 
255 -0.040986 
256 0.014049 
257 -0.072840 
258 0.003822 
259 0.035679 
260 -0.035109 
261 -0.040571 
262 0.052200 
263 -0.045059 
264 0.047593 
265 -0.040844 
266 0.018450 
267 0.010960 
268 -0.010300 
269 -0.020192 
270 -0.044730 
271 0.044033 
272 -0.040930 
273 -0.042959 
274 0.007689 
275 0.001285 
276 -0.010405 
277 -0.053340 
278 0.036489 
279 0.086643 
280 -0.013790 
281 -0.062478 
282 0.041861 
283 0.028197 
284 0.039012 
285 -0.087442 
286 0.021244 
287 0.009494 
288 -0.004685 
289 -0.067613 
290 -0.023759 
291 0.015813 
292 0.002925 
293 -0.013455 
294 -0.026714 
295 0.024027 
296 0.056651 
297 -0.048743 
298 -0.000086 
299 -0.025802 
300 0.104079 
301 -0.045255 
302 -0.046340 
303 -0.011490 
304 0.076040 
305 -0.066915 
306 0.001771 
307 0.025132 
308 -0.032511 
309 0.010371 
310 -0.011758 
311 0.004717 
312 0.026897 
313 -0.025465 
314 -0.018405 
315 0.017713 
316 -0.029666 
317 0.025393 
318 -0.042419 
319 -0.034971 
320 0.026357 
321 0.035260 
322 -0.088442 
323 0.013226 
324 0.052513 
325 0.007483 
326 -0.005979 
327 -0.044029 
328 0.041253 
329 0.038334 
330 0.046873 
331 -0.069442 
332 0.046657 
333 -0.019077 
334 0.012231 
335 0.004147 
336 -0.033046 
337 0.032321 
338 0.008172 
339 -0.070610 
340 -0.012022 
341 0.063152 
342 0.004649 
343 -0.054054 
344 0.000782 
345 -0.009497 
346 0.046562 
347 -0.024243 
348 -0.043476 
349 0.037268 
350 -0.004702 
351 -0.016984 
352 0.028941 
353 0.000048 
354 -0.026405 
355 0.027547 
356 -0.019801 
357 0.046873 
358 0.011952 
359 -0.043159 
360 -0.025361 
361 0.025508 
362 -0.018476 
363 -0.014580 
364 -0.018831 
365 -0.035189 
366 0.034113 
367 -0.022775 
368 -0.031834 
369 0.030947 
370 0.013385 
371 -0.044745 
372 -0.006557 
373 -0.013728 
374 0.076078 
375 -0.069729 
376 0.027996 
377 -0.086841 
378 0.079522 
379 -0.008492 
380 0.029272 
381 -0.028471 
382 -0.012746 
383 0.076883 
384 -0.030296 
385 0.000127 
386 0.075325 
387 -0.005094 
388 -0.026700 
389 -0.055250 
390 0.061227 
391 0.024936 
392 -0.043371 
393 -0.031755 
394 0.004228 
395 0.023398 
396 -0.031357 
397 0.043164 
398 -0.011756 
399 -0.006944 
400 0.057938 
401 -0.045272 
402 -0.000273 
403 0.070661 
404 -0.042386 
405 -0.019904 
406 -0.020537 
407 0.015977 
408 -0.009636 
409 -0.042632 
410 -0.024598 
411 -0.015089 
412 0.034985 
413 -0.061288 
414 0.036369 
415 -0.040183 
416 -0.029428 
417 0.054883 
418 -0.007097 
419 -0.053038 
420 0.055566 
421 -0.050029 
422 0.012932 
423 -0.014169 
424 -0.012341 
425 0.012680 
426 -0.004045 
427 -0.054036 
428 0.055551 
429 0.000633 
430 -0.033617 
431 0.039224 
432 0.010398 
433 0.006768 
434 0.026238 
435 -0.036473 
436 -0.008198 
437 0.034558 
438 0.008781 
439 -0.027287 
440 -0.005238 
441 -0.017698 
442 0.029068 
443 0.008741 
444 0.015588 
445 0.017778 
446 0.020215 
447 -0.026094 
448 0.013516 
449 0.067902 
450 -0.034887 
451 -0.024734 
452 -0.018198 
453 -0.014212 
454 0.041338 
455 -0.039015 
456 -0.041579 
457 -0.054641 
458 0.041895 
459 0.018214 
460 -0.009713 
461 -0.014138 
462 -0.025321 
463 0.058086 
464 -0.009655 
465 -0.004820 
466 0.016484 
467 -0.027239 
468 0.014716 
469 -0.020014 
470 0.014611 
471 0.002453 
472 -0.030245 
473 0.018823 
474 0.000790 
475 0.019981 
476 0.025529 
477 -0.026157 
478 -0.024380 
479 0.017340 
480 0.030713 
481 -0.016693 
482 -0.001742 
483 -0.022807 
484 -0.002952 
485 -0.018650 
486 0.008607 
487 0.021480 
488 0.005479 
489 -0.041462 
490 0.046047 
491 0.014443 
492 0.026536 
493 -0.001405 
494 -0.009784 
495 0.034455 
496 -0.016710 
497 -0.021180 
498 -0.025409 
499 0.011082 
500 0.002918 
501 -0.068445 
502 -0.015757 
503 -0.034349 
504 0.056626 
505 -0.020808 
506 -0.041745 
507 0.006929 
508 0.043954 
509 -0.009222 
510 -0.023075 
511 0.048046 
512 -0.007481 
513 -0.030788 
514 0.018694 
515 -0.062065 
516 0.053480 
517 -0.023314 
518 -0.010961 
519 0.041104 
520 -0.056959 
521 0.023099 
522 0.055278 
523 -0.044500 
524 0.050471 
525 0.016929 
526 -0.038005 
527 0.017262 
528 0.004435 
529 -0.002582 
530 -0.041191 
531 -0.008765 
532 -0.006069 
533 -0.003732 
534 -0.003073 
535 -0.014008 
536 0.003698 
537 0.017941 
538 0.037850 
539 -0.016045 
540 0.011313 
541 0.040035 
542 0.016861 
543 -0.055816 
544 0.004248 
545 0.053705 
546 0.003914 
547 -0.078818 
548 -0.031565 
549 0.038695 
550 0.025509 
551 -0.044195 
552 -0.015279 
553 -0.015098 
554 0.037321 
555 0.008331 
556 -0.024329 
557 -0.014579 
558 0.013933 
559 -0.053073 
560 -0.002948 
561 0.009547 
562 0.045034 
563 -0.037453 
564 -0.046033 
565 -0.008473 
566 0.060914 
567 0.015040 
568 -0.012686 
569 -0.014230 
570 0.026509 
571 0.024800 
572 -0.021853 
573 0.021198 
574 -0.031499 
575 0.035485 
576 -0.052352 
577 -0.015917 
578 0.044607 
579 -0.051054 
580 0.000024 
581 -0.027800 
582 0.032082 
583 0.030224 
584 -0.006137 
585 -0.071407 
586 0.009418 
587 0.054067 
588 0.006718 
589 -0.044443 
590 0.019278 
591 -0.017258 
592 0.014718 
593 -0.038227 
594 0.014972 
595 0.030843 
596 -0.043162 
597 -0.024141 
598 0.048042 
599 -0.012653 
600 -0.007525 
601 0.013361 
602 -0.011489 
603 0.010222 
604 0.006593 
605 -0.015828 
606 -0.029815 
607 0.041267 
608 0.016854 
609 -0.038368 
610 -0.017402 
611 0.018362 
612 0.015194 
613 -0.007736 
614 -0.032000 
615 0.047245 
616 -0.016022 
617 -0.050870 
618 0.065893 
619 -0.002857 
620 -0.044777 
621 0.015047 
622 -0.031601 
623 0.001520 
624 0.065942 
625 -0.043438 
626 0.011100 
627 -0.021415 
628 0.043860 
629 0.004669 
630 0.011459 
631 -0.025725 
632 0.052622 
633 -0.070818 
634 0.025435 
635 0.021663 
636 0.005165 
637 -0.059031 
638 0.003343 
639 0.006326 
640 -0.018700 
641 0.028855 
642 -0.060179 
643 0.050750 
644 -0.037726 
645 -0.027824 
646 0.018131 
647 -0.004565 
648 -0.010968 
649 -0.012199 
650 -0.033441 
651 0.028996 
652 0.007297 
653 -0.010108 
654 -0.010686 
655 -0.014454 
656 0.027929 
657 0.045447 
658 -0.056110 
659 0.005647 
660 0.021914 
661 -0.029855 
662 0.013267 
663 -0.014388 
664 0.003267 
665 -0.055961 
666 -0.010645 
667 -0.008146 
668 -0.000160 
669 0.027263 
670 -0.042372 
671 -0.011303 
672 0.036791 
673 -0.001330 
674 0.053786 
675 -0.021370 
676 0.018310 
677 0.017148 
678 -0.010294 
679 0.004616 
680 0.066520 
681 -0.026090 
682 -0.057435 
683 -0.009034 
684 0.015824 
685 0.047731 
686 -0.030291 
687 -0.051325 
688 0.019172 
689 0.052622 
690 -0.068470 
691 -0.008353 
692 0.060547 
693 -0.049144 
694 0.014819 
695 -0.060921 
696 -0.013805 
697 0.018224 
698 -0.006895 
699 -0.035980 
700 -0.007342 
701 0.008461 
702 0.017199 
703 -0.008626 
704 0.003182 
705 0.026142 
706 0.023477 
707 -0.020969 
708 0.011481 
709 0.003305 
710 -0.028845 
711 -0.046886 
712 0.043207 
713 -0.038117 
714 -0.034038 
715 0.003481 
716 -0.070561 
717 0.039885 
718 -0.025551 
719 -0.000837 
720 0.033097 
721 -0.000915 
722 0.021129 
723 0.015147 
724 -0.038253 
725 0.065963 
726 0.044707 
727 -0.032565 
728 -0.029016 
729 0.018532 
730 0.041546 
731 -0.011349 
732 -0.019139 
733 0.030872 
734 0.012148 
735 -0.003054 
736 0.012419 
737 -0.009400 
738 0.037348 
739 -0.002502 
740 -0.017127 
741 -0.076637 
742 0.092628 
743 -0.014088 
744 -0.072111 
745 -0.035107 
746 0.052188 
747 -0.039605 
748 -0.004090 
749 -0.025883 
750 0.036816 
751 0.032371 
752 -0.066072 
753 0.037889 
754 0.006729 
755 -0.006275 
756 0.025787 
757 -0.043640 
758 0.013098 
759 0.051485 
760 -0.050320 
761 -0.061322 
762 0.059396 
763 0.039379 
764 -0.064287 
765 -0.003605 
766 0.050376 
767 -0.012211 
768 -0.008531 
769 -0.040122 
770 0.074544 
771 0.012795 
772 -0.040295 
773 -0.036168 
774 -0.002316 
775 0.028555 
776 0.046259 
777 -0.079341 
778 -0.000253 
779 0.054952 
780 -0.022053 
781 0.001941 
782 -0.005747 
783 0.034869 
784 -0.011979 
785 -0.021386 
786 0.026583 
787 -0.021656 
788 0.048950 
789 -0.084549 
790 0.000678 
791 0.012349 
792 -0.017729 
793 0.044108 
794 -0.052571 
795 -0.031200 
796 0.038247 
797 -0.022308 
798 0.002067 
799 -0.015651 
800 0.031265 
801 -0.044700 
802 0.005847 
803 -0.042644 
804 0.033280 
805 -0.001396 
806 -0.002520 
807 -0.038055 
808 -0.009605 
809 0.069589 
810 -0.032889 
811 -0.006540 
812 0.062599 
813 0.020134 
814 -0.026575 
815 -0.007834 
816 0.076160 
817 -0.004304 
818 -0.022966 
819 0.018214 
820 -0.046824 
821 0.022851 
822 0.003073 
823 0.003130 
824 -0.029202 
825 -0.018910 
826 -0.002234 
827 0.000257 
828 0.012199 
829 0.039837 
830 -0.039055 
831 -0.008609 
832 0.051116 
833 0.002030 
834 0.002048 
835 -0.046630 
836 0.079842 
837 -0.038885 
838 0.007330 
839 -0.004448 
840 0.017347 
841 -0.026295 
842 0.066358 
843 0.006708 
844 0.010831 
845 -0.035264 
846 0.005701 
847 0.039933 
848 -0.058965 
849 0.000797 
850 0.059438 
851 -0.067585 
852 -0.031468 
853 -0.012095 
854 -0.023657 
855 0.066701 
856 -0.051485 
857 -0.013295 
858 0.011360 
859 -0.016205 
860 0.041479 
861 0.031517 
862 -0.003583 
863 0.023696 
864 0.061301 
865 -0.059313 
866 0.000511 
867 0.093100 
868 -0.038986 
869 -0.025552 
870 0.019031 
871 -0.019395 
872 -0.025478 
873 -0.033499 
874 0.061074 
875 -0.053968 
876 -0.019886 
877 -0.017216 
878 0.008251 
879 0.003347 
880 -0.011874 
881 -0.037711 
882 -0.006844 
883 -0.020254 
884 0.070841 
885 -0.055174 
886 -0.024501 
887 0.036123 
888 0.042377 
889 -0.056657 
890 0.090266 
891 -0.004434 
892 0.041138 
893 -0.031825 
894 0.022411 
895 0.052374 
896 0.021197 
897 -0.016256 
898 -0.065662 
899 0.010084 
900 0.031631 
901 0.011587 
902 -0.062289 
903 0.016824 
904 -0.061435 
905 0.092230 
906 -0.044556 
907 -0.044822 
908 0.032916 
909 0.002533 
910 0.026288 
911 -0.019001 
912 0.073469 
913 0.009205 
914 -0.021642 
915 0.003868 
916 0.055667 
917 0.053231 
918 0.014035 
919 -0.067438 
920 0.041530 
921 0.004888 
922 0.002442 
923 -0.014270 
924 0.006862 
925 -0.040341 
926 0.027945 
927 -0.066423 
928 0.022042 
929 -0.050886 
930 0.029594 
931 -0.011685 
932 -0.015178 
933 0.000351 
934 0.016270 
935 -0.108828 
936 0.073313 
937 0.057137 
938 -0.010470 
939 -0.044156 
940 0.039785 
941 0.025038 
942 -0.020775 
943 0.007237 
944 0.064982 
945 -0.056252 
946 0.002264 
947 0.089373 
948 -0.013070 
949 -0.093996 
950 0.080417 
951 0.030635 
952 0.093960 
953 -0.058903 
954 -0.047752 
955 0.021563 
956 0.028119 
957 0.017828 
958 0.007214 
959 0.011965 
960 0.006614 
961 -0.061068 
962 -0.053400 
963 0.035298 
964 0.081453 
965 -0.080069 
966 -0.027299 
967 -0.063631 
968 0.110584 
969 -0.022586 
970 -0.023484 
971 0.004923 
972 -0.009303 
973 0.038133 
974 0.082645 
975 -0.054148 
976 -0.020373 
977 -0.012488 
978 0.030683 
979 0.072653 
980 -0.007168 
981 -0.105981 
982 -0.050746 
983 -0.000230 
984 -0.013441 
985 0.026232 
986 0.006708 
987 -0.096302 
988 0.018412 
989 -0.025812 
990 0.061088 
991 0.060083 
992 -0.053184 
993 -0.042195 
994 0.062070 
995 -0.056666 
996 0.035032 
997 0.014574 
998 0.005300 
999 -0.120213 
1000 -0.045581 
1001 0.082994 
1002 0.112546 
1003 -0.067733 
1004 -0.059198 
1005 0.052491 
1006 0.159363 
1007 -0.050490 
1008 -0.082283 
1009 -0.011080 
1010 0.100139 
1011 0.017171 
1012 -0.082125 
1013 -0.105166 
1014 0.043143 
1015 0.100798 
1016 0.084420 
1017 -0.044112 
1018 0.063142 
1019 0.047143 
1020 -0.183047 
1021 0.157066 
1022 0.642694 
1023 0.046681 
