0 0.000138 
1 0.000137 
2 0.000154 
3 0.000368 
4 0.000687 
5 0.000525 
6 -0.000236 
7 -0.000545 
8 0.000210 
9 0.000792 
10 0.000239 
11 -0.000420 
12 -0.000149 
13 0.000355 
14 0.000157 
15 -0.000306 
16 -0.000131 
17 0.000350 
18 0.000227 
19 -0.000146 
20 0.000228 
21 0.000959 
22 0.000946 
23 0.000253 
24 -0.000146 
25 -0.000123 
26 -0.000208 
27 -0.000399 
28 -0.000407 
29 -0.000352 
30 -0.000320 
31 -0.000168 
32 0.000076 
33 0.000321 
34 0.000613 
35 0.000848 
36 0.000740 
37 0.000222 
38 -0.000258 
39 -0.000197 
40 0.000115 
41 0.000050 
42 -0.000175 
43 -0.000022 
44 0.000042 
45 -0.000422 
46 -0.000635 
47 -0.000044 
48 0.000487 
49 0.000276 
50 -0.000027 
51 0.000289 
52 0.000848 
53 0.000669 
54 -0.000213 
55 -0.000484 
56 0.000193 
57 0.000557 
58 0.000229 
59 0.000236 
60 0.000470 
61 -0.000194 
62 -0.001385 
63 -0.001582 
64 -0.000602 
65 0.000326 
66 0.000565 
67 0.000787 
68 0.001428 
69 0.001759 
70 0.001125 
71 0.000029 
72 -0.000712 
73 -0.001080 
74 -0.001192 
75 -0.000792 
76 0.000060 
77 0.000605 
78 0.000465 
79 0.000288 
80 0.000421 
81 0.000359 
82 -0.000162 
83 -0.000541 
84 -0.000211 
85 0.000424 
86 0.000525 
87 0.000129 
88 0.000049 
89 0.000284 
90 0.000027 
91 -0.000631 
92 -0.000734 
93 -0.000357 
94 -0.000220 
95 -0.000015 
96 0.000716 
97 0.001279 
98 0.000758 
99 -0.000375 
100 -0.000848 
101 -0.000689 
102 -0.001044 
103 -0.001879 
104 -0.001703 
105 -0.000081 
106 0.001777 
107 0.002719 
108 0.002322 
109 0.001111 
110 0.000246 
111 -0.000030 
112 -0.000840 
113 -0.002501 
114 -0.003578 
115 -0.002924 
116 -0.001077 
117 0.000437 
118 0.000935 
119 0.001150 
120 0.001684 
121 0.001945 
122 0.001568 
123 0.000958 
124 -0.000087 
125 -0.001506 
126 -0.002254 
127 -0.002072 
128 -0.002115 
129 -0.002438 
130 -0.001615 
131 0.000337 
132 0.001532 
133 0.001382 
134 0.001297 
135 0.001663 
136 0.000939 
137 -0.000962 
138 -0.002083 
139 -0.001824 
140 -0.001155 
141 -0.000544 
142 -0.000097 
143 -0.000290 
144 -0.001111 
145 -0.001443 
146 -0.000013 
147 0.002058 
148 0.002044 
149 0.000212 
150 -0.000517 
151 0.000166 
152 -0.000322 
153 -0.002358 
154 -0.003745 
155 -0.003371 
156 -0.001758 
157 0.000348 
158 0.002259 
159 0.003072 
160 0.002086 
161 0.000292 
162 -0.000720 
163 -0.001158 
164 -0.001786 
165 -0.001814 
166 -0.000559 
167 0.000212 
168 -0.000939 
169 -0.002654 
170 -0.003068 
171 -0.002341 
172 -0.001472 
173 -0.000525 
174 0.000980 
175 0.003031 
176 0.003831 
177 0.001900 
178 -0.000832 
179 -0.001507 
180 -0.000951 
181 -0.002338 
182 -0.005088 
183 -0.005228 
184 -0.002118 
185 0.000386 
186 0.000221 
187 -0.000042 
188 0.001494 
189 0.002664 
190 0.000893 
191 -0.001713 
192 -0.001415 
193 0.000634 
194 0.000179 
195 -0.002666 
196 -0.003773 
197 -0.002709 
198 -0.002408 
199 -0.003037 
200 -0.002442 
201 -0.000823 
202 0.000848 
203 0.002714 
204 0.004336 
205 0.004108 
206 0.001638 
207 -0.001727 
208 -0.004304 
209 -0.005579 
210 -0.005669 
211 -0.004620 
212 -0.002587 
213 -0.000191 
214 0.001812 
215 0.002645 
216 0.002092 
217 0.000492 
218 -0.000859 
219 -0.001372 
220 -0.001827 
221 -0.002405 
222 -0.001742 
223 0.000060 
224 0.000153 
225 -0.002013 
226 -0.003235 
227 -0.002224 
228 -0.001167 
229 -0.001585 
230 -0.001836 
231 0.000464 
232 0.003976 
233 0.004285 
234 0.000414 
235 -0.003819 
236 -0.005471 
237 -0.004968 
238 -0.003815 
239 -0.003245 
240 -0.002722 
241 -0.000365 
242 0.003389 
243 0.005328 
244 0.004124 
245 0.001142 
246 -0.001446 
247 -0.002513 
248 -0.002413 
249 -0.002739 
250 -0.003942 
251 -0.004830 
252 -0.004203 
253 -0.001965 
254 0.000692 
255 0.002377 
256 0.002390 
257 0.002005 
258 0.002304 
259 0.002432 
260 0.000644 
261 -0.002283 
262 -0.003756 
263 -0.003351 
264 -0.002662 
265 -0.002730 
266 -0.002496 
267 -0.000717 
268 0.001526 
269 0.002187 
270 0.001387 
271 0.000038 
272 -0.001606 
273 -0.002491 
274 -0.001215 
275 0.000329 
276 0.000008 
277 0.000038 
278 0.002639 
279 0.004682 
280 0.002907 
281 -0.000849 
282 -0.003767 
283 -0.005605 
284 -0.006337 
285 -0.004413 
286 -0.000648 
287 0.001880 
288 0.002603 
289 0.003249 
290 0.004848 
291 0.005547 
292 0.003066 
293 -0.002201 
294 -0.006902 
295 -0.008023 
296 -0.005031 
297 0.000048 
298 0.003727 
299 0.004067 
300 0.003325 
301 0.004479 
302 0.005720 
303 0.002875 
304 -0.003300 
305 -0.007123 
306 -0.005517 
307 -0.001612 
308 -0.000503 
309 -0.000682 
310 0.002157 
311 0.006098 
312 0.006023 
313 0.002687 
314 0.001069 
315 0.000982 
316 -0.000726 
317 -0.002533 
318 -0.000691 
319 0.003407 
320 0.003803 
321 -0.000934 
322 -0.004951 
323 -0.003112 
324 0.001119 
325 0.001943 
326 0.000698 
327 0.001886 
328 0.004306 
329 0.004360 
330 0.003412 
331 0.002999 
332 0.001269 
333 -0.001961 
334 -0.003519 
335 -0.002957 
336 -0.003396 
337 -0.004239 
338 -0.001626 
339 0.004587 
340 0.010133 
341 0.011480 
342 0.008708 
343 0.003608 
344 -0.002477 
345 -0.007983 
346 -0.011170 
347 -0.010669 
348 -0.006667 
349 -0.001043 
350 0.005334 
351 0.011536 
352 0.013484 
353 0.008575 
354 0.001092 
355 -0.003668 
356 -0.005720 
357 -0.006074 
358 -0.003971 
359 -0.000629 
360 0.001460 
361 0.002319 
362 0.002362 
363 0.002349 
364 0.003095 
365 0.003294 
366 0.000409 
367 -0.003597 
368 -0.003281 
369 0.001120 
370 0.003407 
371 0.001319 
372 -0.001206 
373 -0.001305 
374 -0.001181 
375 -0.002475 
376 -0.002442 
377 0.000568 
378 0.003365 
379 0.004059 
380 0.004816 
381 0.006344 
382 0.005230 
383 0.000532 
384 -0.003734 
385 -0.005216 
386 -0.007738 
387 -0.011664 
388 -0.010588 
389 -0.002462 
390 0.005339 
391 0.008734 
392 0.010970 
393 0.012591 
394 0.009212 
395 0.001390 
396 -0.003896 
397 -0.004240 
398 -0.005178 
399 -0.009435 
400 -0.010219 
401 -0.003083 
402 0.004242 
403 0.003906 
404 0.000334 
405 0.000972 
406 0.003312 
407 0.002481 
408 0.000148 
409 0.001017 
410 0.004430 
411 0.005005 
412 0.002258 
413 0.001521 
414 0.001931 
415 -0.002099 
416 -0.007155 
417 -0.006453 
418 -0.002912 
419 -0.001871 
420 -0.002710 
421 -0.001681 
422 0.002305 
423 0.006898 
424 0.007435 
425 0.003566 
426 0.000908 
427 0.002161 
428 0.002526 
429 -0.001691 
430 -0.005313 
431 -0.002981 
432 0.002035 
433 0.001035 
434 -0.005138 
435 -0.006083 
436 0.001817 
437 0.008210 
438 0.005294 
439 -0.000989 
440 -0.001242 
441 0.002407 
442 0.000924 
443 -0.004457 
444 -0.005670 
445 -0.002503 
446 0.000064 
447 0.001748 
448 0.004292 
449 0.006324 
450 0.004547 
451 -0.001109 
452 -0.005736 
453 -0.004354 
454 0.000034 
455 0.000053 
456 -0.003882 
457 -0.003233 
458 0.002908 
459 0.006342 
460 0.003346 
461 -0.000925 
462 -0.001478 
463 0.001826 
464 0.004970 
465 0.003506 
466 -0.000244 
467 -0.000699 
468 0.000831 
469 -0.000522 
470 -0.003328 
471 -0.002118 
472 0.001995 
473 0.003074 
474 0.000454 
475 -0.001435 
476 0.002548 
477 0.010384 
478 0.012070 
479 0.003468 
480 -0.004171 
481 -0.002125 
482 0.002027 
483 0.000080 
484 -0.003113 
485 -0.002923 
486 -0.001540 
487 0.001107 
488 0.005891 
489 0.007639 
490 0.002397 
491 -0.002673 
492 0.001481 
493 0.011399 
494 0.013024 
495 0.003005 
496 -0.005772 
497 -0.004262 
498 0.000022 
499 -0.002168 
500 -0.005042 
501 -0.000704 
502 0.005868 
503 0.008559 
504 0.009877 
505 0.009350 
506 0.002271 
507 -0.005435 
508 -0.005304 
509 -0.000578 
510 0.001899 
511 0.002029 
512 0.002258 
513 0.002258 
514 0.002481 
515 0.005175 
516 0.009139 
517 0.007123 
518 -0.002358 
519 -0.006205 
520 0.003150 
521 0.010348 
522 0.003495 
523 -0.004636 
524 -0.001273 
525 0.004922 
526 0.002476 
527 -0.003168 
528 -0.001039 
529 0.004771 
530 0.003268 
531 -0.001225 
532 0.003250 
533 0.011934 
534 0.011709 
535 0.003488 
536 -0.001187 
537 -0.000933 
538 -0.001912 
539 -0.004088 
540 -0.004157 
541 -0.003515 
542 -0.003113 
543 -0.001374 
544 0.001347 
545 0.004048 
546 0.007225 
547 0.009731 
548 0.008479 
549 0.002825 
550 -0.002344 
551 -0.001685 
552 0.001610 
553 0.000910 
554 -0.001441 
555 0.000135 
556 0.000797 
557 -0.003902 
558 -0.006000 
559 -0.000096 
560 0.005124 
561 0.003015 
562 0.000060 
563 0.003047 
564 0.008281 
565 0.006502 
566 -0.001747 
567 -0.004253 
568 0.001941 
569 0.005196 
570 0.002211 
571 0.002224 
572 0.004249 
573 -0.001556 
574 -0.011746 
575 -0.013314 
576 -0.004980 
577 0.002735 
578 0.004657 
579 0.006409 
580 0.011486 
581 0.013984 
582 0.008852 
583 0.000228 
584 -0.005507 
585 -0.008282 
586 -0.009056 
587 -0.005996 
588 0.000317 
589 0.004277 
590 0.003222 
591 0.001917 
592 0.002824 
593 0.002326 
594 -0.001303 
595 -0.003883 
596 -0.001628 
597 0.002601 
598 0.003217 
599 0.000584 
600 0.000059 
601 0.001523 
602 -0.000116 
603 -0.004229 
604 -0.004836 
605 -0.002496 
606 -0.001659 
607 -0.000435 
608 0.003848 
609 0.007061 
610 0.003997 
611 -0.002441 
612 -0.005062 
613 -0.004127 
614 -0.006026 
615 -0.010494 
616 -0.009463 
617 -0.000827 
618 0.008836 
619 0.013578 
620 0.011410 
621 0.005193 
622 0.000835 
623 -0.000530 
624 -0.004454 
625 -0.012377 
626 -0.017339 
627 -0.014080 
628 -0.005390 
629 0.001595 
630 0.003835 
631 0.004753 
632 0.007058 
633 0.008119 
634 0.006410 
635 0.003714 
636 -0.000723 
637 -0.006615 
638 -0.009613 
639 -0.008750 
640 -0.008810 
641 -0.009975 
642 -0.006604 
643 0.001066 
644 0.005641 
645 0.005012 
646 0.004630 
647 0.005944 
648 0.003232 
649 -0.003693 
650 -0.007662 
651 -0.006636 
652 -0.004203 
653 -0.002022 
654 -0.000446 
655 -0.001079 
656 -0.003788 
657 -0.004810 
658 -0.000064 
659 0.006633 
660 0.006525 
661 0.000674 
662 -0.001588 
663 0.000541 
664 -0.000934 
665 -0.007041 
666 -0.011081 
667 -0.009842 
668 -0.005011 
669 0.001157 
670 0.006614 
671 0.008860 
672 0.006014 
673 0.001004 
674 -0.001756 
675 -0.002907 
676 -0.004531 
677 -0.004546 
678 -0.001200 
679 0.000826 
680 -0.002113 
681 -0.006391 
682 -0.007353 
683 -0.005476 
684 -0.003274 
685 -0.000952 
686 0.002674 
687 0.007502 
688 0.009293 
689 0.004747 
690 -0.001543 
691 -0.003032 
692 -0.001755 
693 -0.004788 
694 -0.010739 
695 -0.010902 
696 -0.004125 
697 0.001232 
698 0.000893 
699 0.000361 
700 0.003526 
701 0.005869 
702 0.002274 
703 -0.002895 
704 -0.002274 
705 0.001727 
706 0.000846 
707 -0.004563 
708 -0.006581 
709 -0.004521 
710 -0.003904 
711 -0.004988 
712 -0.003841 
713 -0.000895 
714 0.002072 
715 0.005311 
716 0.008054 
717 0.007588 
718 0.003332 
719 -0.002311 
720 -0.006545 
721 -0.008544 
722 -0.008601 
723 -0.006824 
724 -0.003529 
725 0.000273 
726 0.003386 
727 0.004632 
728 0.003752 
729 0.001310 
730 -0.000706 
731 -0.001450 
732 -0.002108 
733 -0.002916 
734 -0.001934 
735 0.000627 
736 0.000746 
737 -0.002251 
738 -0.003894 
739 -0.002496 
740 -0.001054 
741 -0.001588 
742 -0.001904 
743 0.001104 
744 0.005589 
745 0.005923 
746 0.001011 
747 -0.004247 
748 -0.006237 
749 -0.005564 
750 -0.004129 
751 -0.003401 
752 -0.002754 
753 0.000024 
754 0.004347 
755 0.006505 
756 0.005069 
757 0.001683 
758 -0.001203 
759 -0.002370 
760 -0.002244 
761 -0.002568 
762 -0.003813 
763 -0.004706 
764 -0.004006 
765 -0.001670 
766 0.001046 
767 0.002719 
768 0.002688 
769 0.002271 
770 0.002525 
771 0.002615 
772 0.000864 
773 -0.001910 
774 -0.003268 
775 -0.002864 
776 -0.002206 
777 -0.002250 
778 -0.002017 
779 -0.000425 
780 0.001543 
781 0.002091 
782 0.001374 
783 0.000201 
784 -0.001187 
785 -0.001920 
786 -0.000850 
787 0.000398 
788 0.000132 
789 0.000143 
790 0.002201 
791 0.003769 
792 0.002352 
793 -0.000547 
794 -0.002748 
795 -0.004099 
796 -0.004604 
797 -0.003153 
798 -0.000398 
799 0.001413 
800 0.001903 
801 0.002332 
802 0.003423 
803 0.003868 
804 0.002139 
805 -0.001430 
806 -0.004547 
807 -0.005244 
808 -0.003240 
809 0.000074 
810 0.002420 
811 0.002605 
812 0.002111 
813 0.002808 
814 0.003529 
815 0.001763 
816 -0.001968 
817 -0.004221 
818 -0.003241 
819 -0.000945 
820 -0.000299 
821 -0.000397 
822 0.001208 
823 0.003393 
824 0.003308 
825 0.001457 
826 0.000567 
827 0.000511 
828 -0.000400 
829 -0.001336 
830 -0.000372 
831 0.001722 
832 0.001901 
833 -0.000483 
834 -0.002466 
835 -0.001539 
836 0.000519 
837 0.000912 
838 0.000315 
839 0.000863 
840 0.001974 
841 0.001973 
842 0.001520 
843 0.001313 
844 0.000537 
845 -0.000886 
846 -0.001548 
847 -0.001285 
848 -0.001454 
849 -0.001786 
850 -0.000682 
851 0.001878 
852 0.004110 
853 0.004605 
854 0.003456 
855 0.001418 
856 -0.000956 
857 -0.003053 
858 -0.004227 
859 -0.003986 
860 -0.002454 
861 -0.000359 
862 0.001960 
863 0.004169 
864 0.004816 
865 0.003040 
866 0.000412 
867 -0.001227 
868 -0.001911 
869 -0.002010 
870 -0.001288 
871 -0.000174 
872 0.000509 
873 0.000782 
874 0.000788 
875 0.000773 
876 0.000998 
877 0.001045 
878 0.000161 
879 -0.001035 
880 -0.000927 
881 0.000372 
882 0.001034 
883 0.000429 
884 -0.000289 
885 -0.000313 
886 -0.000275 
887 -0.000625 
888 -0.000607 
889 0.000204 
890 0.000940 
891 0.001113 
892 0.001296 
893 0.001668 
894 0.001371 
895 0.000188 
896 -0.000863 
897 -0.001212 
898 -0.001802 
899 -0.002712 
900 -0.002426 
901 -0.000512 
902 0.001284 
903 0.002038 
904 0.002513 
905 0.002841 
906 0.002068 
907 0.000353 
908 -0.000784 
909 -0.000846 
910 -0.001037 
911 -0.001903 
912 -0.002042 
913 -0.000580 
914 0.000886 
915 0.000811 
916 0.000108 
917 0.000229 
918 0.000669 
919 0.000505 
920 0.000064 
921 0.000222 
922 0.000836 
923 0.000917 
924 0.000415 
925 0.000279 
926 0.000344 
927 -0.000351 
928 -0.001204 
929 -0.001072 
930 -0.000476 
931 -0.000300 
932 -0.000434 
933 -0.000265 
934 0.000366 
935 0.001076 
936 0.001143 
937 0.000535 
938 0.000124 
939 0.000307 
940 0.000352 
941 -0.000268 
942 -0.000786 
943 -0.000448 
944 0.000265 
945 0.000123 
946 -0.000727 
947 -0.000846 
948 0.000221 
949 0.001066 
950 0.000667 
951 -0.000163 
952 -0.000195 
953 0.000270 
954 0.000078 
955 -0.000594 
956 -0.000737 
957 -0.000346 
958 -0.000034 
959 0.000168 
960 0.000466 
961 0.000697 
962 0.000484 
963 -0.000170 
964 -0.000696 
965 -0.000537 
966 -0.000045 
967 -0.000044 
968 -0.000474 
969 -0.000399 
970 0.000260 
971 0.000619 
972 0.000299 
973 -0.000148 
974 -0.000205 
975 0.000133 
976 0.000449 
977 0.000300 
978 -0.000075 
979 -0.000122 
980 0.000023 
981 -0.000112 
982 -0.000382 
983 -0.000265 
984 0.000125 
985 0.000227 
986 -0.000017 
987 -0.000189 
988 0.000178 
989 0.000890 
990 0.001036 
991 0.000256 
992 -0.000430 
993 -0.000245 
994 0.000122 
995 -0.000048 
996 -0.000326 
997 -0.000307 
998 -0.000186 
999 0.000040 
1000 0.000445 
1001 0.000592 
1002 0.000149 
1003 -0.000278 
1004 0.000070 
1005 0.000896 
1006 0.001028 
1007 0.000199 
1008 -0.000522 
1009 -0.000397 
1010 -0.000044 
1011 -0.000222 
1012 -0.000454 
1013 -0.000102 
1014 0.000429 
1015 0.000645 
1016 0.000750 
1017 0.000708 
1018 0.000140 
1019 -0.000473 
1020 -0.000460 
1021 -0.000079 
1022 0.000121 
1023 0.000134 
