0 0.898957 
1 0.618848 
2 -0.069679 
3 -0.159920 
4 0.042114 
5 0.080827 
6 -0.159681 
7 0.140449 
8 -0.047152 
9 -0.037642 
10 -0.001070 
11 0.037962 
12 0.032962 
13 -0.056362 
14 0.031932 
15 -0.008859 
16 -0.010246 
17 -0.005229 
18 -0.022315 
19 -0.044425 
20 0.099676 
21 0.000098 
22 -0.224121 
23 0.215878 
24 -0.092839 
25 -0.012631 
26 -0.007531 
27 0.046327 
28 0.019967 
29 -0.101269 
30 0.118305 
31 -0.018355 
32 -0.074030 
33 0.113840 
34 0.024176 
35 -0.020829 
36 0.016985 
37 -0.025194 
38 0.037934 
39 0.053127 
40 -0.053251 
41 0.097276 
42 -0.131371 
43 0.048643 
44 0.091541 
45 -0.040525 
46 -0.031774 
47 0.029247 
48 -0.132418 
49 0.230960 
50 -0.189251 
51 0.112673 
52 -0.076650 
53 -0.043933 
54 0.042085 
55 0.060267 
56 -0.051471 
57 0.078720 
58 -0.047611 
59 -0.003593 
60 0.053936 
61 -0.109314 
62 0.211763 
63 -0.090268 
64 -0.017881 
65 0.071588 
66 -0.066952 
67 -0.012363 
68 0.076837 
69 -0.050377 
70 0.009945 
71 -0.029393 
72 0.001576 
73 0.011405 
74 -0.064065 
75 0.032217 
76 0.042468 
77 -0.111857 
78 0.125537 
79 -0.092539 
80 -0.076548 
81 0.147418 
82 -0.049027 
83 -0.073911 
84 -0.014026 
85 -0.012893 
86 0.065079 
87 -0.115358 
88 0.063697 
89 0.009615 
90 -0.202890 
91 0.216034 
92 -0.070960 
93 0.059238 
94 0.091472 
95 -0.152631 
96 0.047331 
97 0.130106 
98 -0.060168 
99 0.125404 
100 -0.077909 
101 0.046773 
102 0.001776 
103 0.039693 
104 -0.018841 
105 -0.015096 
106 0.012357 
107 0.099107 
108 -0.142422 
109 0.095344 
110 -0.043713 
111 -0.132686 
112 0.097308 
113 0.131257 
114 -0.185153 
115 -0.012044 
116 0.061748 
117 0.011836 
118 -0.031181 
119 0.035703 
120 0.064249 
121 -0.042108 
122 0.093299 
123 0.011595 
124 -0.103553 
125 0.060562 
126 0.074330 
127 -0.094993 
128 0.056094 
129 -0.036464 
130 -0.122207 
131 -0.013844 
132 -0.040180 
133 -0.053374 
134 0.007306 
135 0.016279 
136 -0.039581 
137 -0.061272 
138 -0.014862 
139 0.086807 
140 -0.058559 
141 0.257364 
142 -0.160433 
143 -0.046277 
144 0.133903 
145 -0.022556 
146 0.070196 
147 0.057572 
148 -0.071945 
149 0.009906 
150 0.022505 
151 0.153091 
152 -0.133827 
153 -0.052551 
154 0.125339 
155 -0.001099 
156 -0.091068 
157 0.157519 
158 -0.118700 
159 -0.013365 
160 0.115268 
161 -0.150639 
162 0.072489 
163 0.037435 
164 0.048289 
165 -0.051198 
166 0.002648 
167 -0.033193 
168 0.019701 
169 0.035447 
170 0.121518 
171 -0.155535 
172 -0.023017 
173 0.088317 
174 -0.066579 
175 -0.021614 
176 0.091705 
177 -0.151423 
178 0.151774 
179 -0.043617 
180 -0.075369 
181 -0.005126 
182 -0.019021 
183 0.189186 
184 -0.038107 
185 -0.050049 
186 0.017450 
187 0.010033 
188 0.041306 
189 0.020154 
190 -0.044224 
191 0.005692 
192 0.027380 
193 -0.031257 
194 0.021663 
195 -0.101794 
196 0.056812 
197 0.000440 
198 0.024211 
199 -0.032571 
200 -0.082578 
201 0.077743 
202 0.037362 
203 -0.023629 
204 -0.012579 
205 0.031737 
206 -0.058285 
207 0.075649 
208 0.029924 
209 -0.047681 
210 -0.051935 
211 0.034317 
212 0.066735 
213 -0.078321 
214 0.133575 
215 -0.066303 
216 -0.038392 
217 -0.039681 
218 0.051476 
219 -0.083282 
220 0.065411 
221 0.008330 
222 -0.070630 
223 -0.060742 
224 0.035876 
225 0.006830 
226 0.038940 
227 -0.004427 
228 0.072304 
229 -0.115329 
230 0.114960 
231 0.020218 
232 -0.011068 
233 -0.024139 
234 0.056689 
235 -0.038075 
236 0.110655 
237 -0.048393 
238 -0.094566 
239 -0.015563 
240 0.064295 
241 0.091854 
242 -0.022920 
243 -0.053876 
244 -0.056187 
245 -0.012843 
246 0.102659 
247 -0.015891 
248 0.005047 
249 0.015938 
250 -0.050016 
251 -0.057350 
252 0.072953 
253 -0.040782 
254 -0.038690 
255 0.055546 
256 0.021665 
257 -0.052862 
258 -0.022449 
259 0.059069 
260 -0.020053 
261 -0.026349 
262 0.128896 
263 -0.078402 
264 -0.017468 
265 0.062538 
266 -0.024278 
267 -0.028673 
268 0.070357 
269 -0.008710 
270 0.019230 
271 -0.017147 
272 0.023647 
273 -0.010309 
274 0.014304 
275 -0.011659 
276 0.047278 
277 -0.032989 
278 0.096986 
279 -0.061739 
280 -0.017334 
281 -0.014150 
282 0.007902 
283 0.006344 
284 0.107975 
285 -0.037734 
286 -0.010516 
287 -0.055466 
288 -0.033775 
289 0.117675 
290 0.002186 
291 -0.107808 
292 0.114592 
293 -0.022093 
294 -0.022826 
295 -0.075354 
296 0.069502 
297 -0.049587 
298 0.088816 
299 0.008368 
300 -0.003969 
301 -0.134259 
302 0.030942 
303 0.082462 
304 -0.034292 
305 0.030689 
306 -0.006011 
307 -0.058121 
308 -0.090287 
309 0.047653 
310 0.098689 
311 -0.111888 
312 0.083606 
313 -0.021397 
314 0.061381 
315 -0.122695 
316 0.166619 
317 -0.045404 
318 -0.015233 
319 0.005900 
320 0.089365 
321 -0.021282 
322 -0.061817 
323 0.009551 
324 -0.006458 
325 -0.076262 
326 0.160052 
327 -0.057101 
328 -0.054768 
329 -0.049217 
330 0.093468 
331 -0.015415 
332 0.025261 
333 -0.010096 
334 0.108613 
335 -0.133377 
336 0.072731 
337 0.035834 
338 -0.049054 
339 0.054469 
340 -0.035941 
341 -0.047552 
342 0.120030 
343 -0.023152 
344 -0.035302 
345 0.022706 
346 -0.037898 
347 0.073453 
348 0.075665 
349 -0.115116 
350 0.085164 
351 -0.046477 
352 -0.031665 
353 -0.040210 
354 0.083584 
355 0.012713 
356 -0.113546 
357 0.064241 
358 0.048880 
359 -0.169257 
360 0.037192 
361 0.110169 
362 -0.041301 
363 0.009508 
364 0.007410 
365 -0.118211 
366 0.018963 
367 0.018834 
368 0.096255 
369 -0.105914 
370 -0.032879 
371 0.040220 
372 -0.093867 
373 0.034670 
374 0.150536 
375 -0.175867 
376 0.124909 
377 -0.023766 
378 0.046231 
379 -0.014035 
380 0.004176 
381 0.055157 
382 0.026338 
383 -0.096546 
384 0.109585 
385 -0.079241 
386 -0.002804 
387 0.073725 
388 -0.173589 
389 0.108719 
390 0.016650 
391 -0.091386 
392 0.148332 
393 -0.120666 
394 -0.051249 
395 0.137730 
396 0.010345 
397 -0.063702 
398 0.039478 
399 -0.025735 
400 0.050651 
401 0.015532 
402 0.004218 
403 -0.005248 
404 -0.079647 
405 0.251224 
406 -0.084931 
407 -0.124274 
408 0.056445 
409 0.029878 
410 -0.030595 
411 0.045025 
412 -0.049715 
413 -0.074351 
414 0.003855 
415 0.018708 
416 0.101301 
417 -0.186867 
418 0.125213 
419 -0.035806 
420 0.037957 
421 0.044434 
422 -0.059930 
423 0.035599 
424 0.029907 
425 -0.064870 
426 0.091740 
427 -0.092149 
428 -0.002979 
429 0.029528 
430 -0.048006 
431 -0.080016 
432 0.124729 
433 -0.115460 
434 0.137109 
435 -0.184273 
436 0.064626 
437 0.025522 
438 -0.054990 
439 0.138954 
440 0.015325 
441 -0.158109 
442 0.111153 
443 0.053441 
444 0.001949 
445 0.003772 
446 -0.068269 
447 0.115611 
448 -0.035468 
449 -0.021491 
450 0.086400 
451 -0.190250 
452 0.094190 
453 0.173284 
454 -0.212596 
455 -0.032143 
456 0.052002 
457 -0.025792 
458 0.042421 
459 -0.007627 
460 -0.014486 
461 -0.052295 
462 -0.039789 
463 0.246395 
464 -0.120356 
465 -0.064750 
466 0.129864 
467 -0.019289 
468 0.007887 
469 -0.018376 
470 -0.077203 
471 0.156364 
472 -0.108128 
473 -0.026196 
474 0.023897 
475 -0.131352 
476 0.132740 
477 -0.011938 
478 -0.038669 
479 -0.030244 
480 -0.078449 
481 0.124624 
482 0.037502 
483 -0.155470 
484 0.122294 
485 -0.037541 
486 -0.053053 
487 0.157802 
488 -0.079862 
489 -0.011894 
490 0.019111 
491 0.066236 
492 -0.007083 
493 -0.084105 
494 0.039101 
495 0.095979 
496 -0.094653 
497 0.064922 
498 -0.026163 
499 -0.175616 
500 0.214382 
501 -0.054930 
502 -0.058814 
503 0.008479 
504 -0.115366 
505 0.132928 
506 -0.048858 
507 0.049162 
508 -0.103674 
509 0.014569 
510 0.075759 
511 0.016908 
512 -0.051249 
513 0.040811 
514 -0.028576 
515 0.001256 
516 0.086031 
517 -0.060925 
518 0.029939 
519 -0.035381 
520 -0.007197 
521 0.090867 
522 -0.074807 
523 0.048142 
524 0.052543 
525 -0.032297 
526 0.000543 
527 -0.067489 
528 0.065913 
529 0.136324 
530 -0.125378 
531 -0.045510 
532 0.032561 
533 -0.065509 
534 0.129931 
535 -0.046284 
536 -0.038658 
537 -0.042079 
538 -0.025848 
539 0.095955 
540 -0.056077 
541 -0.074039 
542 0.096378 
543 -0.074785 
544 0.019888 
545 0.068135 
546 -0.126393 
547 0.065067 
548 0.054244 
549 -0.049360 
550 0.076642 
551 -0.096068 
552 0.033394 
553 0.069049 
554 -0.047848 
555 0.037910 
556 -0.075076 
557 -0.024999 
558 0.097372 
559 -0.042245 
560 -0.009803 
561 0.019473 
562 -0.088251 
563 0.073205 
564 -0.024870 
565 -0.008314 
566 0.104221 
567 -0.106866 
568 0.051827 
569 0.018865 
570 -0.084970 
571 0.115222 
572 -0.017736 
573 0.014097 
574 -0.015410 
575 -0.048970 
576 -0.000756 
577 0.042046 
578 0.005842 
579 -0.011721 
580 -0.013131 
581 -0.035771 
582 0.066779 
583 -0.048889 
584 -0.006219 
585 0.050570 
586 -0.035388 
587 0.073437 
588 -0.118110 
589 0.000930 
590 0.058730 
591 -0.007402 
592 -0.013367 
593 0.018075 
594 -0.069861 
595 0.060646 
596 0.020584 
597 -0.010521 
598 -0.036626 
599 -0.015504 
600 0.034361 
601 -0.028128 
602 0.023276 
603 0.036618 
604 -0.097856 
605 0.011823 
606 0.027339 
607 0.004426 
608 0.008349 
609 0.044593 
610 -0.114484 
611 0.063473 
612 -0.008579 
613 0.028614 
614 -0.011641 
615 0.005096 
616 -0.032035 
617 -0.053648 
618 0.085384 
619 0.002599 
620 -0.077350 
621 -0.020353 
622 0.040333 
623 0.003334 
624 -0.024015 
625 0.013493 
626 -0.031944 
627 0.048280 
628 -0.033640 
629 0.045260 
630 0.013446 
631 0.061512 
632 0.012835 
633 -0.093269 
634 0.064580 
635 -0.000576 
636 0.061354 
637 -0.006098 
638 0.020652 
639 -0.058350 
640 -0.045918 
641 0.022600 
642 -0.016562 
643 0.106221 
644 -0.060349 
645 -0.061744 
646 0.028462 
647 -0.015315 
648 0.008167 
649 -0.029349 
650 0.079402 
651 -0.005776 
652 -0.093965 
653 0.062270 
654 -0.036935 
655 -0.035357 
656 0.114680 
657 0.006737 
658 -0.097619 
659 0.047421 
660 0.009778 
661 0.007740 
662 -0.054803 
663 0.028216 
664 0.033442 
665 -0.073817 
666 0.111462 
667 -0.027724 
668 -0.167257 
669 0.090565 
670 0.010935 
671 -0.065768 
672 0.056505 
673 -0.074727 
674 -0.006674 
675 0.039259 
676 -0.102594 
677 0.025897 
678 0.033250 
679 -0.022582 
680 0.096900 
681 -0.097186 
682 0.018999 
683 -0.092788 
684 0.048739 
685 0.131019 
686 -0.098929 
687 -0.055028 
688 0.088748 
689 -0.057239 
690 -0.059201 
691 0.116565 
692 -0.116733 
693 0.141900 
694 -0.008509 
695 -0.094532 
696 0.016305 
697 -0.050813 
698 0.123724 
699 -0.029084 
700 -0.050729 
701 0.076321 
702 -0.072728 
703 -0.019834 
704 0.095238 
705 -0.006137 
706 -0.080867 
707 0.083713 
708 0.034938 
709 0.078041 
710 -0.171308 
711 0.084019 
712 -0.049834 
713 0.047485 
714 0.135261 
715 -0.102785 
716 -0.119399 
717 0.097896 
718 -0.059602 
719 0.002563 
720 0.043767 
721 -0.009376 
722 0.014038 
723 -0.068611 
724 0.034051 
725 0.058679 
726 -0.053690 
727 0.055188 
728 0.063912 
729 -0.036029 
730 -0.030266 
731 -0.044274 
732 0.110383 
733 0.017906 
734 -0.163491 
735 0.096845 
736 0.061677 
737 -0.158372 
738 0.117377 
739 -0.044991 
740 -0.039292 
741 0.013296 
742 0.080801 
743 0.016240 
744 -0.123734 
745 0.079451 
746 0.067514 
747 -0.130487 
748 0.096762 
749 0.025222 
750 -0.054727 
751 0.117663 
752 -0.004745 
753 -0.142399 
754 0.027522 
755 0.023353 
756 0.078643 
757 -0.123281 
758 -0.002301 
759 0.055400 
760 -0.165645 
761 0.085849 
762 0.022833 
763 -0.087372 
764 0.122471 
765 -0.073831 
766 0.029028 
767 0.011890 
768 -0.111976 
769 0.151507 
770 0.063178 
771 -0.080035 
772 0.079581 
773 -0.125995 
774 0.027107 
775 0.081558 
776 -0.064702 
777 0.059263 
778 -0.094410 
779 -0.066658 
780 0.160395 
781 -0.193164 
782 0.129303 
783 -0.030223 
784 -0.087576 
785 0.001227 
786 0.155674 
787 -0.083854 
788 -0.009993 
789 -0.005408 
790 0.106167 
791 -0.078955 
792 -0.113780 
793 0.248984 
794 -0.075615 
795 -0.140504 
796 0.114097 
797 -0.101323 
798 0.054195 
799 -0.002515 
800 0.014919 
801 -0.113347 
802 -0.082656 
803 0.037001 
804 0.086967 
805 -0.111950 
806 0.088324 
807 -0.071419 
808 -0.023436 
809 0.115492 
810 -0.064290 
811 0.117885 
812 -0.059280 
813 0.025492 
814 0.080430 
815 -0.131027 
816 0.013289 
817 0.148471 
818 -0.106237 
819 -0.018274 
820 0.007270 
821 -0.028452 
822 0.069921 
823 -0.096069 
824 0.018996 
825 0.097997 
826 -0.167627 
827 0.163163 
828 -0.007936 
829 -0.073780 
830 0.106088 
831 -0.088815 
832 0.063259 
833 0.035179 
834 -0.033401 
835 0.095351 
836 -0.081275 
837 0.004156 
838 0.103896 
839 -0.145713 
840 0.116806 
841 0.039157 
842 -0.047730 
843 -0.012318 
844 0.038486 
845 0.041791 
846 -0.051354 
847 0.022361 
848 0.088744 
849 -0.146385 
850 0.006773 
851 0.108991 
852 -0.116234 
853 0.004762 
854 0.097456 
855 -0.045237 
856 0.043334 
857 -0.034039 
858 0.024539 
859 0.052084 
860 -0.080094 
861 0.130472 
862 -0.086907 
863 -0.057927 
864 0.108440 
865 -0.057910 
866 0.046979 
867 0.037386 
868 -0.140402 
869 0.084484 
870 -0.025252 
871 -0.006176 
872 0.126846 
873 -0.129846 
874 -0.038056 
875 0.078446 
876 -0.119645 
877 -0.012178 
878 0.040267 
879 -0.018263 
880 0.024000 
881 -0.198785 
882 0.055744 
883 0.073471 
884 -0.117013 
885 0.114329 
886 -0.027052 
887 -0.161332 
888 0.170235 
889 -0.012852 
890 -0.055526 
891 0.023473 
892 0.001355 
893 0.096264 
894 -0.081252 
895 0.033893 
896 0.038341 
897 -0.239504 
898 0.210327 
899 -0.010801 
900 -0.060362 
901 0.005498 
902 -0.032265 
903 -0.028259 
904 0.010985 
905 -0.047913 
906 0.065984 
907 0.017231 
908 -0.070844 
909 -0.014395 
910 -0.036636 
911 0.105491 
912 -0.048458 
913 0.045134 
914 0.094075 
915 -0.017692 
916 -0.054645 
917 0.060863 
918 0.041855 
919 -0.010777 
920 0.137215 
921 -0.092587 
922 0.010466 
923 -0.047670 
924 0.056076 
925 -0.072242 
926 -0.034478 
927 0.122727 
928 -0.141039 
929 -0.065152 
930 0.024682 
931 -0.062843 
932 -0.040339 
933 0.053412 
934 0.015986 
935 -0.087482 
936 0.177774 
937 -0.121882 
938 -0.112241 
939 0.203324 
940 0.031340 
941 0.025614 
942 0.046768 
943 0.037852 
944 -0.088548 
945 0.024092 
946 0.153789 
947 0.018342 
948 -0.067217 
949 0.066273 
950 -0.042615 
951 -0.020784 
952 0.001306 
953 -0.044072 
954 0.064890 
955 0.017138 
956 0.012961 
957 -0.050441 
958 0.015364 
959 0.048409 
960 -0.039682 
961 0.156513 
962 0.061236 
963 -0.077261 
964 -0.044491 
965 0.023289 
966 -0.106807 
967 0.159910 
968 0.042870 
969 -0.054645 
970 -0.118156 
971 -0.064501 
972 0.056869 
973 -0.054070 
974 0.105917 
975 0.005126 
976 -0.111681 
977 0.031370 
978 0.155100 
979 -0.172923 
980 -0.020300 
981 0.188415 
982 -0.004314 
983 -0.054872 
984 -0.027341 
985 -0.091091 
986 0.138763 
987 -0.076295 
988 -0.042907 
989 0.060956 
990 0.028889 
991 -0.075127 
992 -0.203827 
993 0.153958 
994 0.092476 
995 -0.177765 
996 0.093969 
997 0.114485 
998 -0.268124 
999 -0.068044 
1000 0.087690 
1001 -0.153343 
1002 0.128027 
1003 -0.064597 
1004 -0.050146 
1005 0.081489 
1006 -0.047726 
1007 0.091450 
1008 -0.029163 
1009 0.198160 
1010 0.035764 
1011 -0.229678 
1012 -0.157109 
1013 0.150249 
1014 0.031982 
1015 -0.008324 
1016 -0.265904 
1017 0.132247 
1018 0.294137 
1019 -0.083981 
1020 -0.038545 
1021 0.144569 
1022 -0.194812 
1023 -0.057344 
