0 1.041671 
1 0.124696 
2 0.004738 
3 -0.034030 
4 -0.151405 
5 -0.022160 
6 0.080481 
7 -0.082298 
8 -0.020633 
9 0.008744 
10 0.023724 
11 0.045649 
12 -0.025703 
13 0.160178 
14 -0.043257 
15 -0.086862 
16 0.204669 
17 -0.119213 
18 -0.084660 
19 0.241979 
20 -0.113501 
21 -0.096105 
22 0.204014 
23 -0.160071 
24 0.026507 
25 0.194360 
26 -0.098697 
27 0.046975 
28 0.023621 
29 -0.046136 
30 0.019235 
31 0.011702 
32 -0.016445 
33 0.015885 
34 -0.022246 
35 -0.034800 
36 -0.096821 
37 0.006100 
38 0.071694 
39 -0.139399 
40 0.084049 
41 -0.022821 
42 -0.162283 
43 0.196990 
44 -0.127990 
45 -0.072026 
46 0.198493 
47 -0.146675 
48 -0.070654 
49 0.148720 
50 -0.011345 
51 -0.107047 
52 0.174900 
53 -0.087571 
54 -0.018785 
55 0.200884 
56 -0.189889 
57 0.078022 
58 0.064486 
59 -0.054585 
60 0.070180 
61 -0.132287 
62 0.172147 
63 -0.074531 
64 0.054236 
65 0.142036 
66 -0.174838 
67 0.167847 
68 0.002643 
69 -0.104573 
70 0.167041 
71 0.027157 
72 -0.243108 
73 0.144417 
74 -0.016372 
75 -0.220203 
76 0.106822 
77 -0.033863 
78 -0.151481 
79 0.146527 
80 -0.113133 
81 -0.089985 
82 0.117265 
83 -0.059793 
84 -0.060268 
85 0.033012 
86 0.043573 
87 -0.136337 
88 0.037708 
89 0.045459 
90 -0.030294 
91 -0.051770 
92 0.106624 
93 -0.127683 
94 0.017974 
95 0.250881 
96 -0.266629 
97 0.166207 
98 0.106961 
99 -0.207713 
100 0.144726 
101 0.100834 
102 -0.137267 
103 0.186275 
104 -0.015455 
105 -0.133437 
106 0.164426 
107 -0.095889 
108 0.011651 
109 0.054521 
110 -0.024161 
111 0.013724 
112 -0.040564 
113 0.015706 
114 -0.035049 
115 -0.026870 
116 0.095890 
117 -0.094797 
118 -0.038109 
119 0.085666 
120 -0.110233 
121 0.027829 
122 0.149708 
123 -0.164170 
124 -0.029136 
125 0.186880 
126 -0.240041 
127 0.113700 
128 0.043337 
129 -0.200594 
130 0.111570 
131 -0.017810 
132 -0.160010 
133 0.096933 
134 0.027449 
135 -0.033182 
136 0.036418 
137 -0.005879 
138 -0.029988 
139 0.041042 
140 0.059615 
141 -0.007158 
142 -0.082102 
143 0.119994 
144 -0.078099 
145 -0.037250 
146 0.122389 
147 -0.084787 
148 -0.046878 
149 0.177225 
150 -0.115197 
151 -0.056051 
152 0.257328 
153 -0.205890 
154 -0.036088 
155 0.173077 
156 -0.161683 
157 0.059690 
158 0.057807 
159 -0.064048 
160 0.063867 
161 -0.080505 
162 -0.002832 
163 -0.029030 
164 0.002825 
165 0.018199 
166 -0.035446 
167 -0.029313 
168 0.039742 
169 -0.107210 
170 0.040001 
171 0.079703 
172 -0.081708 
173 0.143057 
174 -0.026788 
175 -0.112043 
176 0.250251 
177 -0.112850 
178 -0.075077 
179 0.234389 
180 -0.154377 
181 0.013290 
182 0.083345 
183 -0.132552 
184 0.054053 
185 0.118599 
186 -0.135866 
187 -0.007903 
188 0.067766 
189 -0.029381 
190 0.000374 
191 0.026870 
192 0.037426 
193 -0.065431 
194 0.065706 
195 -0.019760 
196 -0.130645 
197 0.094365 
198 0.017135 
199 -0.187827 
200 0.140817 
201 -0.024232 
202 -0.150082 
203 0.166094 
204 -0.051473 
205 -0.207086 
206 0.234574 
207 -0.049270 
208 -0.120644 
209 0.144037 
210 -0.072778 
211 -0.104945 
212 0.135657 
213 -0.061832 
214 -0.064222 
215 0.101617 
216 -0.013888 
217 -0.048439 
218 -0.005323 
219 0.067677 
220 -0.038353 
221 -0.045449 
222 0.177477 
223 -0.118914 
224 0.002093 
225 0.188636 
226 -0.234128 
227 0.152899 
228 0.073187 
229 -0.133722 
230 0.146654 
231 -0.002374 
232 -0.160316 
233 0.165447 
234 0.008153 
235 -0.107322 
236 0.111467 
237 -0.066669 
238 -0.060735 
239 0.101632 
240 -0.045704 
241 -0.011246 
242 0.055279 
243 -0.077169 
244 0.044340 
245 -0.108756 
246 0.081345 
247 0.001401 
248 -0.030281 
249 0.073342 
250 -0.135415 
251 0.018984 
252 0.071137 
253 -0.132062 
254 0.051075 
255 0.125980 
256 -0.225669 
257 0.146139 
258 -0.024625 
259 -0.140510 
260 0.192558 
261 0.035134 
262 -0.154136 
263 0.149770 
264 -0.018278 
265 -0.096191 
266 0.146111 
267 -0.027796 
268 -0.038001 
269 0.019560 
270 0.039880 
271 -0.089938 
272 -0.007657 
273 0.120008 
274 -0.054963 
275 -0.088432 
276 0.157897 
277 -0.112928 
278 -0.074102 
279 0.173964 
280 -0.133406 
281 -0.024441 
282 0.149036 
283 -0.220962 
284 0.029257 
285 0.166581 
286 -0.197151 
287 0.076623 
288 0.099110 
289 -0.163069 
290 0.056539 
291 -0.024415 
292 -0.057162 
293 0.082409 
294 0.019659 
295 -0.023247 
296 -0.048756 
297 0.061728 
298 -0.025384 
299 -0.040446 
300 0.114744 
301 0.013431 
302 -0.106966 
303 0.109168 
304 -0.041620 
305 -0.109240 
306 0.211076 
307 -0.109846 
308 -0.056802 
309 0.188076 
310 -0.152236 
311 -0.006502 
312 0.155248 
313 -0.162281 
314 0.090691 
315 0.091105 
316 -0.148889 
317 0.093982 
318 0.066731 
319 -0.087572 
320 0.036009 
321 0.031960 
322 -0.029926 
323 -0.088262 
324 0.050467 
325 0.016128 
326 -0.117661 
327 0.081770 
328 -0.002336 
329 -0.131557 
330 0.157389 
331 -0.076010 
332 -0.112152 
333 0.230599 
334 -0.085008 
335 -0.105733 
336 0.191991 
337 -0.121323 
338 -0.096165 
339 0.155536 
340 -0.147297 
341 0.012381 
342 0.144681 
343 -0.115428 
344 -0.011359 
345 0.081973 
346 -0.021086 
347 -0.049560 
348 0.087006 
349 0.022262 
350 -0.037239 
351 0.030575 
352 0.030059 
353 -0.131978 
354 0.074718 
355 0.104283 
356 -0.175762 
357 0.094144 
358 0.066345 
359 -0.201992 
360 0.119366 
361 0.054041 
362 -0.136645 
363 0.173634 
364 -0.069404 
365 -0.127663 
366 0.176302 
367 -0.111789 
368 -0.045913 
369 0.127208 
370 -0.068048 
371 -0.025068 
372 0.046530 
373 -0.043053 
374 0.005249 
375 0.030041 
376 0.026261 
377 -0.052082 
378 -0.011435 
379 0.067899 
380 -0.108932 
381 0.030142 
382 0.124914 
383 -0.160756 
384 0.027881 
385 0.095071 
386 -0.142442 
387 0.119760 
388 0.047278 
389 -0.134182 
390 0.164727 
391 -0.069345 
392 -0.111051 
393 0.119717 
394 -0.007573 
395 -0.099599 
396 0.142452 
397 -0.076021 
398 -0.050140 
399 0.149641 
400 -0.090231 
401 0.027174 
402 0.023319 
403 0.076272 
404 -0.068270 
405 -0.057238 
406 0.149056 
407 -0.144305 
408 -0.015918 
409 0.117813 
410 -0.215780 
411 0.044324 
412 0.106117 
413 -0.175512 
414 0.086439 
415 0.090103 
416 -0.205224 
417 0.077082 
418 0.119498 
419 -0.197340 
420 0.128728 
421 0.014660 
422 -0.126169 
423 0.074632 
424 -0.023482 
425 -0.034269 
426 0.058680 
427 0.028346 
428 -0.052394 
429 -0.044031 
430 0.149331 
431 -0.054748 
432 -0.040680 
433 0.136827 
434 -0.041733 
435 -0.103438 
436 0.195367 
437 -0.139516 
438 -0.042566 
439 0.219905 
440 -0.201699 
441 -0.009191 
442 0.137138 
443 -0.103452 
444 0.005327 
445 0.136614 
446 -0.174756 
447 0.133793 
448 -0.011612 
449 -0.131405 
450 0.096231 
451 -0.012728 
452 -0.018853 
453 -0.055356 
454 0.058425 
455 -0.061069 
456 -0.020076 
457 0.069232 
458 0.010886 
459 -0.070245 
460 0.103462 
461 -0.037178 
462 -0.106228 
463 0.172250 
464 -0.057533 
465 -0.161629 
466 0.253947 
467 -0.150290 
468 -0.096558 
469 0.237979 
470 -0.204661 
471 0.100894 
472 0.091928 
473 -0.135716 
474 0.040331 
475 0.074978 
476 -0.040967 
477 -0.022832 
478 0.075875 
479 -0.023354 
480 -0.041967 
481 0.009904 
482 0.008418 
483 -0.073539 
484 0.127219 
485 -0.009720 
486 -0.192331 
487 0.181380 
488 -0.024562 
489 -0.131602 
490 0.134684 
491 0.015523 
492 -0.173961 
493 0.172430 
494 -0.064350 
495 -0.161800 
496 0.223209 
497 -0.140506 
498 -0.058893 
499 0.119096 
500 -0.081970 
501 -0.032128 
502 0.073861 
503 0.011757 
504 -0.030890 
505 0.018726 
506 -0.018113 
507 -0.030627 
508 0.057903 
509 0.005763 
510 -0.033941 
511 0.029381 
512 0.064376 
513 -0.082240 
514 0.038002 
515 0.128475 
516 -0.138803 
517 0.133249 
518 -0.019193 
519 -0.145743 
520 0.167619 
521 -0.005260 
522 -0.172225 
523 0.183230 
524 -0.044940 
525 -0.140042 
526 0.148663 
527 -0.090540 
528 0.034203 
529 0.098972 
530 -0.091335 
531 0.006774 
532 -0.000152 
533 0.022636 
534 -0.041412 
535 -0.024568 
536 0.111490 
537 -0.157036 
538 -0.020140 
539 0.151531 
540 -0.165938 
541 0.062574 
542 0.188452 
543 -0.235781 
544 0.127526 
545 0.059086 
546 -0.218130 
547 0.149316 
548 0.104405 
549 -0.192414 
550 0.058770 
551 0.028547 
552 -0.146995 
553 0.065480 
554 0.023489 
555 -0.070446 
556 0.057513 
557 0.025674 
558 -0.054759 
559 0.011681 
560 0.059391 
561 0.044928 
562 -0.104576 
563 0.119285 
564 -0.053511 
565 -0.106049 
566 0.150857 
567 -0.142289 
568 -0.008841 
569 0.174029 
570 -0.137284 
571 -0.050361 
572 0.170980 
573 -0.121550 
574 0.060877 
575 0.086936 
576 -0.114204 
577 0.026742 
578 0.066910 
579 -0.130974 
580 0.059248 
581 -0.003904 
582 -0.058726 
583 0.065650 
584 -0.033446 
585 0.024243 
586 -0.040116 
587 0.032559 
588 0.040198 
589 -0.057487 
590 0.081817 
591 -0.003161 
592 -0.107538 
593 0.131686 
594 -0.074082 
595 -0.081245 
596 0.243665 
597 -0.183850 
598 -0.036878 
599 0.221767 
600 -0.252375 
601 0.078519 
602 0.125885 
603 -0.181593 
604 0.102601 
605 0.054615 
606 -0.129254 
607 -0.002187 
608 0.061977 
609 -0.004831 
610 -0.021794 
611 0.070463 
612 -0.073711 
613 -0.047896 
614 0.058210 
615 -0.028772 
616 -0.050433 
617 0.112124 
618 0.001088 
619 -0.154740 
620 0.175583 
621 -0.048849 
622 -0.158910 
623 0.270220 
624 -0.112006 
625 -0.099834 
626 0.202491 
627 -0.148429 
628 -0.027435 
629 0.179507 
630 -0.131102 
631 0.016200 
632 -0.000935 
633 -0.034659 
634 -0.054561 
635 0.019292 
636 0.046069 
637 -0.046642 
638 0.012182 
639 -0.001395 
640 -0.016036 
641 0.030772 
642 0.045907 
643 -0.065275 
644 0.038561 
645 0.082567 
646 -0.187042 
647 0.074220 
648 0.080166 
649 -0.154180 
650 0.190408 
651 -0.065283 
652 -0.112255 
653 0.202753 
654 -0.067741 
655 -0.042429 
656 0.162634 
657 -0.066056 
658 -0.055290 
659 0.078703 
660 -0.109823 
661 0.031056 
662 0.039238 
663 -0.061821 
664 -0.025513 
665 -0.014627 
666 0.040231 
667 -0.025224 
668 -0.016580 
669 0.123429 
670 -0.140448 
671 0.050907 
672 0.067956 
673 -0.147257 
674 0.129746 
675 0.036200 
676 -0.172280 
677 0.144564 
678 0.018198 
679 -0.206834 
680 0.188148 
681 0.002061 
682 -0.120435 
683 0.097587 
684 -0.024315 
685 -0.085598 
686 0.099756 
687 -0.030650 
688 -0.026829 
689 0.007969 
690 0.005807 
691 0.011571 
692 -0.119603 
693 0.151425 
694 -0.058545 
695 -0.066077 
696 0.154570 
697 -0.152013 
698 0.017127 
699 0.132705 
700 -0.129341 
701 0.029911 
702 0.117582 
703 -0.153404 
704 0.040990 
705 0.090146 
706 -0.123885 
707 0.079965 
708 0.040473 
709 -0.100685 
710 0.053717 
711 0.031327 
712 -0.079101 
713 0.058712 
714 0.012272 
715 -0.025608 
716 0.001147 
717 -0.022743 
718 0.033952 
719 -0.082866 
720 0.097800 
721 0.005717 
722 -0.088109 
723 0.097590 
724 -0.050712 
725 -0.046914 
726 0.181237 
727 -0.133253 
728 -0.029912 
729 0.157012 
730 -0.227465 
731 0.095195 
732 0.075964 
733 -0.140491 
734 0.089185 
735 0.063741 
736 -0.178541 
737 0.106750 
738 0.051041 
739 -0.069049 
740 0.064402 
741 -0.028545 
742 -0.021147 
743 0.026962 
744 -0.010105 
745 0.017997 
746 -0.070698 
747 0.064941 
748 0.010932 
749 -0.167443 
750 0.197610 
751 -0.039737 
752 -0.126865 
753 0.241943 
754 -0.128867 
755 -0.085777 
756 0.223157 
757 -0.168112 
758 0.012749 
759 0.126280 
760 -0.149944 
761 -0.038319 
762 0.136000 
763 -0.136844 
764 0.033418 
765 0.033217 
766 -0.002294 
767 -0.033260 
768 0.028220 
769 0.057022 
770 -0.104765 
771 0.087799 
772 -0.004750 
773 -0.098135 
774 0.011244 
775 0.122053 
776 -0.186535 
777 0.104630 
778 0.027773 
779 -0.120764 
780 0.152664 
781 -0.041994 
782 -0.023122 
783 0.133162 
784 -0.044414 
785 -0.070364 
786 0.127756 
787 -0.133794 
788 0.042477 
789 0.056605 
790 -0.113480 
791 0.057431 
792 0.044489 
793 -0.099703 
794 0.036030 
795 0.035420 
796 0.023623 
797 -0.013578 
798 0.013347 
799 0.006551 
800 -0.065083 
801 0.002313 
802 0.068520 
803 -0.139370 
804 0.054542 
805 -0.004275 
806 -0.109519 
807 0.113896 
808 -0.028472 
809 -0.091600 
810 0.187179 
811 -0.088895 
812 -0.082081 
813 0.156489 
814 -0.109409 
815 -0.029506 
816 0.103754 
817 -0.099500 
818 -0.025256 
819 0.089012 
820 -0.095970 
821 -0.015848 
822 0.023430 
823 0.096506 
824 -0.034398 
825 -0.060698 
826 0.161113 
827 -0.123802 
828 0.044916 
829 0.121212 
830 -0.187629 
831 0.111811 
832 0.064635 
833 -0.213010 
834 0.086214 
835 0.061539 
836 -0.149252 
837 0.103410 
838 0.055764 
839 -0.153456 
840 0.148858 
841 -0.082608 
842 -0.092130 
843 0.166893 
844 -0.070761 
845 -0.002014 
846 0.023511 
847 0.022294 
848 -0.031365 
849 -0.009480 
850 0.037544 
851 0.033107 
852 -0.030565 
853 0.112996 
854 -0.093130 
855 -0.011737 
856 0.112451 
857 -0.131834 
858 0.031365 
859 0.088058 
860 -0.147211 
861 0.001578 
862 0.053693 
863 -0.104272 
864 0.149900 
865 -0.008991 
866 -0.152339 
867 0.162431 
868 0.015510 
869 -0.150174 
870 0.090745 
871 -0.029220 
872 -0.003151 
873 0.064492 
874 -0.061647 
875 -0.027767 
876 0.009860 
877 0.077746 
878 -0.050581 
879 -0.047050 
880 0.165928 
881 -0.092896 
882 -0.174057 
883 0.246001 
884 -0.097656 
885 -0.065558 
886 0.157630 
887 -0.224107 
888 -0.012667 
889 0.148916 
890 -0.220981 
891 0.122783 
892 0.167356 
893 -0.158081 
894 0.062388 
895 0.035562 
896 -0.099159 
897 0.057602 
898 0.083517 
899 -0.064263 
900 -0.003738 
901 -0.021667 
902 -0.016584 
903 -0.082882 
904 0.128770 
905 0.049446 
906 -0.192811 
907 0.147653 
908 -0.008171 
909 -0.158157 
910 0.230297 
911 -0.154150 
912 -0.078191 
913 0.119977 
914 -0.140469 
915 -0.048430 
916 0.168024 
917 -0.087598 
918 -0.012522 
919 0.062726 
920 -0.132384 
921 0.012566 
922 0.159274 
923 -0.046720 
924 0.118351 
925 0.025161 
926 0.020523 
927 -0.049606 
928 0.006991 
929 0.108925 
930 -0.057523 
931 0.105963 
932 0.058930 
933 -0.175584 
934 0.040149 
935 -0.010899 
936 -0.086898 
937 0.151207 
938 -0.007349 
939 -0.186783 
940 0.165440 
941 -0.095299 
942 -0.120346 
943 0.236351 
944 -0.109602 
945 -0.099033 
946 0.143699 
947 -0.201411 
948 -0.033720 
949 0.192173 
950 -0.110041 
951 -0.019499 
952 -0.019117 
953 -0.036206 
954 -0.092311 
955 0.096297 
956 0.123098 
957 -0.152396 
958 0.038208 
959 0.058383 
960 -0.200042 
961 0.209460 
962 0.155005 
963 -0.231161 
964 0.178572 
965 0.136791 
966 -0.279074 
967 0.161848 
968 0.039395 
969 -0.207820 
970 0.220943 
971 -0.117625 
972 -0.003768 
973 0.162784 
974 -0.057071 
975 -0.028605 
976 0.018581 
977 0.073232 
978 0.026467 
979 0.011810 
980 0.073781 
981 -0.133486 
982 -0.022359 
983 -0.050733 
984 -0.103326 
985 0.004648 
986 0.150680 
987 -0.116087 
988 -0.153000 
989 0.161501 
990 -0.226649 
991 0.153317 
992 0.186547 
993 -0.135644 
994 0.139967 
995 -0.008862 
996 -0.278732 
997 0.072647 
998 0.010294 
999 -0.025988 
1000 0.020566 
1001 -0.174179 
1002 -0.142987 
1003 0.000791 
1004 0.154911 
1005 0.093400 
1006 0.067277 
1007 0.095783 
1008 0.069615 
1009 -0.059750 
1010 0.082916 
1011 -0.006670 
1012 0.206860 
1013 0.155176 
1014 -0.359344 
1015 -0.256531 
1016 0.207634 
1017 -0.148062 
1018 0.214922 
1019 0.302312 
1020 -0.253674 
1021 0.002766 
1022 -0.046116 
1023 -0.222771 
