0 -0.021985 
1 0.033766 
2 -0.011185 
3 0.021332 
4 -0.015304 
5 0.008342 
6 -0.005627 
7 0.020340 
8 0.018453 
9 0.023297 
10 0.019711 
11 -0.003898 
12 -0.013365 
13 -0.041558 
14 -0.014965 
15 -0.020330 
16 0.029539 
17 0.005685 
18 0.044828 
19 0.013301 
20 0.029581 
21 -0.017825 
22 -0.009969 
23 -0.016911 
24 -0.007681 
25 -0.000323 
26 0.016606 
27 0.033878 
28 0.018130 
29 0.016704 
30 -0.027980 
31 -0.000164 
32 -0.050986 
33 0.001302 
34 -0.026922 
35 0.037790 
36 0.002361 
37 0.049296 
38 0.004846 
39 0.026848 
40 -0.024873 
41 -0.006120 
42 -0.038927 
43 -0.008490 
44 -0.025205 
45 0.022850 
46 0.008131 
47 0.050666 
48 -0.007267 
49 0.032069 
50 -0.044615 
51 0.027805 
52 -0.058523 
53 0.051247 
54 -0.043166 
55 0.057122 
56 -0.053358 
57 0.038773 
58 -0.044724 
59 0.033315 
60 -0.040900 
61 0.023774 
62 -0.044696 
63 0.008866 
64 -0.019937 
65 0.040119 
66 0.016136 
67 0.035910 
68 0.007926 
69 0.007854 
70 -0.020574 
71 -0.013968 
72 -0.006624 
73 0.006386 
74 -0.009455 
75 -0.019350 
76 -0.031651 
77 -0.040785 
78 -0.039882 
79 -0.008324 
80 0.047231 
81 0.071988 
82 0.070520 
83 0.055465 
84 0.015757 
85 -0.035094 
86 -0.101342 
87 -0.082748 
88 -0.084251 
89 -0.015764 
90 -0.009060 
91 0.070227 
92 0.028892 
93 0.059655 
94 -0.014454 
95 0.030259 
96 -0.039717 
97 0.014721 
98 -0.031601 
99 0.015850 
100 -0.006620 
101 0.018526 
102 -0.000273 
103 0.002305 
104 -0.002852 
105 -0.010728 
106 -0.003896 
107 -0.002619 
108 0.009374 
109 0.003708 
110 0.017533 
111 -0.004902 
112 0.007129 
113 -0.031130 
114 0.003620 
115 -0.022004 
116 0.026676 
117 -0.008874 
118 0.028612 
119 0.004073 
120 0.018808 
121 -0.008393 
122 -0.005624 
123 -0.013193 
124 -0.002999 
125 -0.019676 
126 0.006879 
127 -0.005061 
128 0.024809 
129 0.002095 
130 0.038120 
131 -0.000819 
132 0.023233 
133 -0.030094 
134 -0.005328 
135 -0.046263 
136 0.008283 
137 -0.006575 
138 0.038819 
139 0.008239 
140 0.037090 
141 -0.006230 
142 -0.000286 
143 -0.036894 
144 -0.003284 
145 -0.019698 
146 0.014207 
147 -0.000840 
148 0.027320 
149 0.008248 
150 0.010693 
151 0.000094 
152 -0.010938 
153 -0.000781 
154 -0.019498 
155 -0.005015 
156 -0.006353 
157 0.015113 
158 0.019423 
159 0.025460 
160 0.010948 
161 0.011575 
162 -0.017892 
163 -0.012956 
164 -0.026276 
165 -0.007463 
166 -0.009853 
167 0.012702 
168 0.011036 
169 0.022201 
170 0.011648 
171 -0.001342 
172 0.006190 
173 -0.009707 
174 0.013327 
175 -0.000421 
176 0.019240 
177 -0.007176 
178 -0.006735 
179 -0.012244 
180 -0.012721 
181 -0.004327 
182 -0.003493 
183 0.015663 
184 0.014349 
185 0.017235 
186 0.009215 
187 0.004407 
188 0.000573 
189 -0.014452 
190 -0.002818 
191 -0.007597 
192 0.005599 
193 -0.009242 
194 0.001818 
195 0.001130 
196 0.008973 
197 0.001846 
198 0.001905 
199 -0.011257 
200 -0.005657 
201 -0.016465 
202 0.010425 
203 0.008868 
204 0.033647 
205 0.004963 
206 0.015895 
207 -0.020381 
208 0.000879 
209 -0.029657 
210 -0.001577 
211 -0.016582 
212 0.015345 
213 -0.004227 
214 0.018790 
215 -0.000949 
216 0.012854 
217 -0.005553 
218 0.003047 
219 0.010038 
220 0.011605 
221 0.015824 
222 0.005927 
223 0.010617 
224 -0.012305 
225 -0.012477 
226 -0.019499 
227 -0.009002 
228 -0.005031 
229 0.004217 
230 0.016175 
231 0.011140 
232 0.018015 
233 -0.003605 
234 0.012463 
235 -0.015409 
236 0.009690 
237 -0.022895 
238 0.019709 
239 -0.012581 
240 0.039652 
241 -0.005622 
242 0.036348 
243 -0.022023 
244 0.003642 
245 -0.048068 
246 -0.002266 
247 -0.032617 
248 0.014856 
249 0.003831 
250 0.040960 
251 0.022063 
252 0.026890 
253 -0.003086 
254 0.010045 
255 -0.027646 
256 -0.012180 
257 -0.024333 
258 0.007814 
259 -0.008408 
260 0.020634 
261 -0.000749 
262 0.035669 
263 -0.012796 
264 0.026413 
265 -0.026603 
266 0.027778 
267 -0.030848 
268 0.030758 
269 -0.026925 
270 0.038736 
271 -0.027364 
272 0.035666 
273 -0.031957 
274 0.027707 
275 -0.031185 
276 0.022754 
277 -0.024847 
278 0.035404 
279 -0.008404 
280 0.040173 
281 -0.015062 
282 0.029346 
283 -0.025615 
284 0.012699 
285 -0.021691 
286 0.019342 
287 -0.014689 
288 0.021906 
289 -0.014531 
290 0.023639 
291 -0.016357 
292 0.024019 
293 -0.014285 
294 0.018080 
295 -0.018684 
296 0.019590 
297 -0.013853 
298 0.027006 
299 -0.012225 
300 0.027307 
301 -0.016421 
302 0.017011 
303 -0.018637 
304 0.013176 
305 -0.016617 
306 0.010420 
307 -0.007539 
308 0.016337 
309 0.007562 
310 0.018084 
311 0.006461 
312 0.004753 
313 -0.009877 
314 -0.012634 
315 -0.017510 
316 -0.012992 
317 0.002015 
318 0.014922 
319 0.017823 
320 0.018143 
321 -0.002157 
322 0.003443 
323 -0.019454 
324 0.003432 
325 -0.006614 
326 0.023591 
327 -0.007559 
328 0.012440 
329 -0.028350 
330 0.005055 
331 -0.035821 
332 0.019370 
333 -0.017956 
334 0.045343 
335 -0.014892 
336 0.035925 
337 -0.038864 
338 0.015014 
339 -0.046528 
340 0.019164 
341 -0.019971 
342 0.036553 
343 -0.007026 
344 0.025363 
345 -0.022044 
346 0.009138 
347 -0.036394 
348 0.003882 
349 -0.029935 
350 0.024305 
351 -0.009895 
352 0.032151 
353 -0.012800 
354 0.027654 
355 -0.027243 
356 0.020610 
357 -0.029551 
358 0.018193 
359 -0.037997 
360 0.013032 
361 -0.027692 
362 0.035141 
363 -0.010274 
364 0.039884 
365 -0.019308 
366 0.006422 
367 -0.035452 
368 -0.008042 
369 -0.022592 
370 0.003586 
371 0.012198 
372 0.022325 
373 0.025260 
374 0.004624 
375 0.014586 
376 -0.023838 
377 -0.007787 
378 -0.033579 
379 -0.003024 
380 -0.021449 
381 0.007658 
382 -0.008101 
383 0.015701 
384 0.000076 
385 0.019652 
386 0.005568 
387 0.003418 
388 0.006262 
389 -0.004356 
390 0.013520 
391 -0.013308 
392 0.016195 
393 -0.015682 
394 0.007422 
395 -0.032208 
396 0.009404 
397 -0.029357 
398 0.014790 
399 -0.017670 
400 0.031318 
401 0.004858 
402 0.028496 
403 -0.012113 
404 0.010772 
405 -0.023700 
406 0.014531 
407 -0.010313 
408 0.029365 
409 0.000995 
410 0.022005 
411 -0.019486 
412 -0.000201 
413 -0.027007 
414 0.001113 
415 -0.017557 
416 0.011257 
417 0.002578 
418 0.022525 
419 0.003101 
420 0.018395 
421 0.002921 
422 0.012774 
423 -0.003172 
424 0.000033 
425 -0.009034 
426 -0.002685 
427 -0.009794 
428 0.007561 
429 -0.003416 
430 0.016658 
431 -0.005132 
432 0.016387 
433 -0.014822 
434 0.020728 
435 -0.016601 
436 0.032575 
437 -0.018622 
438 0.033400 
439 -0.025280 
440 0.026090 
441 -0.033289 
442 0.026926 
443 -0.025752 
444 0.043906 
445 -0.020477 
446 0.041825 
447 -0.028538 
448 0.024859 
449 -0.039635 
450 0.010214 
451 -0.030385 
452 0.019266 
453 -0.010499 
454 0.036006 
455 0.004620 
456 0.031079 
457 -0.007226 
458 0.009505 
459 -0.023488 
460 0.004050 
461 -0.027212 
462 0.017032 
463 -0.021294 
464 0.030562 
465 -0.005165 
466 0.034408 
467 -0.003323 
468 0.016960 
469 -0.019803 
470 -0.004755 
471 -0.028311 
472 0.007209 
473 -0.005474 
474 0.024311 
475 0.011358 
476 0.022885 
477 0.003106 
478 0.005308 
479 -0.012785 
480 -0.006587 
481 -0.006368 
482 -0.004718 
483 0.012459 
484 0.002827 
485 0.012501 
486 -0.002583 
487 -0.013170 
488 -0.006748 
489 -0.016292 
490 0.010362 
491 -0.007989 
492 0.040612 
493 -0.000286 
494 0.040888 
495 -0.020613 
496 0.020777 
497 -0.040771 
498 0.009722 
499 -0.036349 
500 0.028343 
501 -0.014320 
502 0.030721 
503 -0.012654 
504 0.014417 
505 -0.021847 
506 0.000411 
507 -0.013803 
508 0.000534 
509 0.015349 
510 0.012184 
511 0.035155 
512 0.001968 
513 0.023645 
514 -0.031255 
515 0.001482 
516 -0.051983 
517 0.005566 
518 -0.034584 
519 0.030819 
520 -0.000803 
521 0.044011 
522 0.007266 
523 0.035419 
524 -0.009941 
525 -0.000576 
526 -0.027229 
527 -0.006943 
528 -0.011055 
529 -0.002909 
530 0.011195 
531 0.003405 
532 0.011283 
533 -0.019935 
534 0.008943 
535 -0.017579 
536 0.022388 
537 -0.008624 
538 0.040178 
539 -0.001964 
540 0.023785 
541 -0.022237 
542 0.001319 
543 -0.025376 
544 0.010969 
545 -0.010339 
546 0.023169 
547 -0.009254 
548 0.016245 
549 -0.018368 
550 0.011923 
551 -0.018419 
552 0.021255 
553 -0.018486 
554 0.023419 
555 -0.015254 
556 0.032539 
557 -0.006925 
558 0.032625 
559 -0.007999 
560 0.019511 
561 -0.026136 
562 0.002336 
563 -0.032418 
564 0.007936 
565 -0.011025 
566 0.024794 
567 0.008951 
568 0.024856 
569 0.000408 
570 0.002092 
571 -0.022331 
572 -0.009844 
573 -0.008062 
574 0.009183 
575 0.020786 
576 0.026086 
577 0.021659 
578 0.006683 
579 -0.013595 
580 -0.020314 
581 -0.025989 
582 -0.010031 
583 -0.005604 
584 0.018461 
585 0.012438 
586 0.032234 
587 -0.003277 
588 0.023893 
589 -0.026673 
590 0.009513 
591 -0.038346 
592 0.016334 
593 -0.016170 
594 0.044396 
595 -0.006628 
596 0.034800 
597 -0.030696 
598 -0.001141 
599 -0.046169 
600 -0.003057 
601 -0.018582 
602 0.028804 
603 0.018781 
604 0.041868 
605 0.014946 
606 0.007639 
607 -0.017946 
608 -0.026399 
609 -0.025335 
610 -0.014227 
611 0.013540 
612 0.011534 
613 0.031354 
614 0.004784 
615 0.016298 
616 -0.017959 
617 -0.004303 
618 -0.027018 
619 -0.000221 
620 -0.012005 
621 0.014207 
622 0.006846 
623 0.024845 
624 0.003806 
625 0.011945 
626 -0.011430 
627 0.002287 
628 -0.013314 
629 -0.008873 
630 -0.010729 
631 0.005004 
632 0.009942 
633 0.007883 
634 0.018677 
635 -0.010795 
636 0.015279 
637 -0.034025 
638 0.010349 
639 -0.030214 
640 0.025876 
641 -0.019941 
642 0.036646 
643 -0.019319 
644 0.035689 
645 -0.028394 
646 0.022863 
647 -0.018199 
648 0.028656 
649 -0.009016 
650 0.010721 
651 -0.018937 
652 -0.005306 
653 -0.015133 
654 -0.005102 
655 0.006471 
656 -0.001242 
657 0.020041 
658 -0.003398 
659 0.020234 
660 -0.011545 
661 0.007341 
662 -0.015039 
663 0.002007 
664 -0.010260 
665 0.009195 
666 0.006538 
667 0.010264 
668 0.006525 
669 0.009356 
670 0.003507 
671 -0.005740 
672 -0.014019 
673 -0.015667 
674 -0.015317 
675 -0.006672 
676 0.006883 
677 0.015982 
678 0.024650 
679 0.015665 
680 0.013749 
681 -0.006683 
682 -0.011495 
683 -0.024058 
684 -0.016703 
685 -0.009477 
686 0.012296 
687 0.016519 
688 0.017990 
689 0.011613 
690 0.004985 
691 -0.006234 
692 -0.010522 
693 -0.013526 
694 0.000404 
695 -0.005636 
696 0.013953 
697 0.008873 
698 0.020591 
699 -0.004791 
700 -0.001516 
701 -0.027713 
702 -0.009362 
703 -0.018402 
704 0.006246 
705 0.002943 
706 0.019710 
707 0.011502 
708 0.017078 
709 0.000590 
710 0.007699 
711 -0.008795 
712 -0.003852 
713 -0.015258 
714 -0.004881 
715 -0.004858 
716 -0.000458 
717 -0.001494 
718 -0.002511 
719 -0.005737 
720 -0.007055 
721 -0.004267 
722 -0.005204 
723 0.006338 
724 0.010991 
725 0.021607 
726 0.020156 
727 0.018560 
728 -0.002321 
729 -0.011499 
730 -0.039524 
731 -0.027987 
732 -0.032344 
733 -0.003035 
734 -0.006512 
735 0.031221 
736 0.015143 
737 0.040847 
738 0.007693 
739 0.018751 
740 -0.021331 
741 -0.009696 
742 -0.037266 
743 -0.010605 
744 -0.016852 
745 0.009538 
746 0.004563 
747 0.011926 
748 0.008736 
749 0.006574 
750 0.002705 
751 -0.013458 
752 0.000076 
753 -0.007548 
754 0.006313 
755 0.002174 
756 0.005559 
757 0.009848 
758 -0.005774 
759 -0.003862 
760 -0.009679 
761 0.009023 
762 -0.006496 
763 0.015530 
764 -0.011228 
765 0.008201 
766 -0.018350 
767 0.001649 
768 -0.013785 
769 0.021761 
770 0.010591 
771 0.029998 
772 0.004531 
773 0.009341 
774 -0.012723 
775 -0.001927 
776 -0.015727 
777 0.004097 
778 -0.000129 
779 0.017130 
780 0.003268 
781 0.023038 
782 -0.004993 
783 0.016680 
784 -0.025081 
785 0.009021 
786 -0.025938 
787 0.025564 
788 -0.024548 
789 0.040714 
790 -0.017932 
791 0.050457 
792 -0.013186 
793 0.041934 
794 -0.030727 
795 0.016313 
796 -0.042568 
797 0.018418 
798 -0.019644 
799 0.040533 
800 0.002586 
801 0.039175 
802 -0.007912 
803 0.019533 
804 -0.018837 
805 0.001519 
806 -0.020028 
807 0.010321 
808 0.002767 
809 0.017749 
810 0.011122 
811 0.017822 
812 0.006431 
813 0.011883 
814 0.001413 
815 0.010076 
816 -0.000898 
817 0.005382 
818 0.002080 
819 0.021911 
820 0.015695 
821 0.030351 
822 -0.004620 
823 0.004913 
824 -0.023459 
825 -0.003554 
826 -0.019923 
827 0.014210 
828 0.008886 
829 0.047632 
830 0.015636 
831 0.040433 
832 -0.007838 
833 0.003111 
834 -0.034890 
835 -0.003164 
836 -0.014295 
837 0.021061 
838 0.011045 
839 0.025859 
840 0.014033 
841 0.006689 
842 0.003533 
843 -0.021411 
844 -0.002406 
845 -0.020584 
846 0.015110 
847 -0.003486 
848 0.031183 
849 -0.003610 
850 0.026306 
851 -0.021932 
852 0.012484 
853 -0.029624 
854 0.009097 
855 -0.021721 
856 0.012955 
857 -0.003521 
858 0.018718 
859 0.011656 
860 0.014064 
861 0.009406 
862 -0.004265 
863 0.006720 
864 -0.024900 
865 0.009512 
866 -0.026866 
867 0.017970 
868 -0.026611 
869 0.021496 
870 -0.030530 
871 0.033732 
872 -0.031148 
873 0.043934 
874 -0.019909 
875 0.039988 
876 -0.028351 
877 0.018823 
878 -0.046645 
879 0.022418 
880 -0.042085 
881 0.036470 
882 -0.038845 
883 0.051285 
884 -0.036243 
885 0.044124 
886 -0.055485 
887 0.036706 
888 -0.057873 
889 0.039222 
890 -0.050733 
891 0.046056 
892 -0.035770 
893 0.037457 
894 -0.036336 
895 0.027275 
896 -0.024064 
897 0.015938 
898 -0.022860 
899 -0.001918 
900 -0.024660 
901 -0.009401 
902 -0.010736 
903 -0.000078 
904 0.003891 
905 0.006841 
906 -0.001978 
907 -0.009724 
908 -0.006800 
909 -0.014116 
910 -0.005647 
911 -0.005268 
912 0.006816 
913 0.019660 
914 0.001094 
915 0.000318 
916 -0.034194 
917 -0.014716 
918 -0.051744 
919 0.007196 
920 -0.019528 
921 0.048166 
922 -0.006287 
923 0.056747 
924 -0.024456 
925 0.042943 
926 -0.061678 
927 0.025040 
928 -0.068448 
929 0.045637 
930 -0.046990 
931 0.058420 
932 -0.041137 
933 0.036896 
934 -0.061629 
935 0.012198 
936 -0.060479 
937 0.029807 
938 -0.022077 
939 0.054916 
940 0.004916 
941 0.052286 
942 -0.013862 
943 0.013680 
944 -0.049150 
945 0.000430 
946 -0.052659 
947 0.020958 
948 -0.030386 
949 0.049904 
950 -0.012379 
951 0.050634 
952 -0.033506 
953 0.032898 
954 -0.063646 
955 0.030195 
956 -0.054900 
957 0.061868 
958 -0.028748 
959 0.069371 
960 -0.047384 
961 0.053621 
962 -0.066551 
963 0.053801 
964 -0.065256 
965 0.072562 
966 -0.042611 
967 0.085409 
968 -0.050529 
969 0.059252 
970 -0.070146 
971 0.046976 
972 -0.069845 
973 0.054361 
974 -0.044043 
975 0.059440 
976 -0.041673 
977 0.051456 
978 -0.038068 
979 0.048149 
980 -0.041059 
981 0.036914 
982 -0.032367 
983 0.030298 
984 -0.016752 
985 0.027115 
986 -0.015274 
987 0.020223 
988 -0.003643 
989 0.017435 
990 -0.013368 
991 -0.013164 
992 -0.017362 
993 -0.013746 
994 0.003570 
995 0.020770 
996 0.038783 
997 0.034950 
998 0.018093 
999 -0.005792 
1000 -0.015665 
1001 -0.015159 
1002 -0.018575 
1003 -0.004670 
1004 -0.007393 
1005 0.023196 
1006 0.003705 
1007 0.030135 
1008 0.003693 
1009 0.033245 
1010 -0.016659 
1011 0.012037 
1012 -0.033322 
1013 0.032134 
1014 -0.021706 
1015 0.048184 
1016 -0.017599 
1017 0.049907 
1018 -0.031557 
1019 0.038964 
1020 -0.044112 
1021 0.035194 
1022 -0.035237 
1023 0.034960 
