0 -0.013589 
1 0.067659 
2 0.022646 
3 0.067516 
4 -0.109491 
5 0.036382 
6 -0.182746 
7 -0.088958 
8 -0.114785 
9 -0.016746 
10 0.063463 
11 0.063979 
12 0.010260 
13 0.030069 
14 0.057650 
15 -0.022533 
16 -0.085368 
17 -0.020995 
18 -0.055174 
19 -0.064395 
20 -0.125065 
21 0.065287 
22 -0.076200 
23 0.116686 
24 0.016506 
25 0.095677 
26 -0.150784 
27 0.011345 
28 -0.069809 
29 -0.068271 
30 0.058347 
31 -0.029209 
32 0.142150 
33 0.052486 
34 -0.096260 
35 -0.115614 
36 -0.055955 
37 -0.113964 
38 0.020416 
39 -0.115266 
40 0.178161 
41 -0.075458 
42 0.183056 
43 -0.138910 
44 0.016592 
45 -0.029230 
46 -0.016347 
47 -0.075005 
48 -0.045547 
49 -0.077831 
50 -0.130490 
51 0.114262 
52 -0.054767 
53 0.028170 
54 0.077448 
55 -0.043512 
56 0.071995 
57 -0.190555 
58 0.044363 
59 -0.073724 
60 -0.069932 
61 0.014488 
62 -0.163685 
63 0.114451 
64 -0.112534 
65 0.185978 
66 -0.003539 
67 0.102985 
68 0.025721 
69 -0.057121 
70 -0.181206 
71 -0.116654 
72 -0.228365 
73 -0.057106 
74 -0.132138 
75 0.184944 
76 0.054790 
77 0.108929 
78 -0.053971 
79 -0.083547 
80 -0.103652 
81 -0.008180 
82 0.000126 
83 -0.036830 
84 0.050018 
85 -0.102357 
86 -0.051157 
87 -0.120539 
88 -0.161301 
89 -0.089995 
90 0.010723 
91 0.054210 
92 -0.017778 
93 -0.018483 
94 0.026392 
95 -0.106020 
96 -0.034003 
97 -0.260463 
98 -0.073187 
99 -0.079535 
100 -0.030549 
101 0.009790 
102 0.032560 
103 -0.046539 
104 0.012116 
105 -0.021339 
106 -0.078298 
107 -0.018833 
108 -0.148859 
109 -0.093668 
110 -0.153741 
111 -0.019688 
112 -0.047681 
113 -0.044770 
114 0.082286 
115 -0.143960 
116 -0.007785 
117 -0.120232 
118 -0.136993 
119 -0.080198 
120 -0.217390 
121 -0.033041 
122 -0.037547 
123 -0.060811 
124 -0.125653 
125 0.002330 
126 -0.116814 
127 -0.095024 
128 -0.192227 
129 -0.071303 
130 -0.126953 
131 -0.065119 
132 -0.096836 
133 -0.080478 
134 -0.109735 
135 -0.144938 
136 0.004981 
137 -0.087444 
138 -0.048454 
139 -0.205645 
140 -0.026504 
141 -0.140602 
142 -0.056895 
143 -0.093750 
144 -0.078159 
145 -0.064785 
146 -0.184132 
147 -0.018033 
148 -0.164749 
149 -0.066362 
150 -0.128073 
151 -0.091976 
152 -0.049875 
153 -0.097402 
154 -0.115324 
155 -0.105311 
156 -0.064778 
157 -0.143340 
158 -0.067003 
159 -0.192824 
160 -0.096545 
161 -0.152543 
162 -0.023202 
163 -0.172567 
164 -0.119341 
165 -0.092267 
166 -0.165401 
167 -0.019658 
168 -0.107788 
169 -0.100703 
170 -0.150020 
171 -0.019883 
172 -0.186642 
173 -0.044249 
174 -0.144977 
175 -0.168580 
176 -0.013577 
177 -0.142827 
178 -0.099183 
179 -0.171407 
180 -0.044106 
181 -0.077140 
182 -0.011060 
183 -0.039551 
184 -0.080976 
185 -0.053216 
186 -0.148323 
187 -0.134438 
188 -0.080932 
189 -0.175032 
190 -0.097942 
191 0.013421 
192 -0.074788 
193 0.051159 
194 -0.091835 
195 -0.006725 
196 -0.127803 
197 -0.071684 
198 -0.136776 
199 -0.090954 
200 -0.083625 
201 -0.070760 
202 -0.003658 
203 -0.064451 
204 -0.046134 
205 -0.042512 
206 -0.037654 
207 -0.083489 
208 -0.106112 
209 -0.098353 
210 -0.083012 
211 -0.034071 
212 -0.000776 
213 -0.000410 
214 -0.012025 
215 -0.061339 
216 0.022431 
217 -0.180716 
218 0.003617 
219 -0.101030 
220 -0.043757 
221 0.001671 
222 -0.010849 
223 0.022190 
224 0.050982 
225 0.053087 
226 -0.040436 
227 -0.071126 
228 0.057309 
229 -0.139970 
230 0.069034 
231 -0.091515 
232 0.063646 
233 -0.032227 
234 0.157280 
235 -0.076436 
236 0.076180 
237 0.010389 
238 -0.046855 
239 0.024618 
240 -0.047427 
241 -0.017739 
242 0.048582 
243 0.084452 
244 0.016365 
245 0.086584 
246 -0.046933 
247 0.053045 
248 -0.090454 
249 0.009765 
250 -0.113168 
251 0.108026 
252 0.012270 
253 0.141104 
254 0.088389 
255 0.041690 
256 0.035705 
257 -0.004629 
258 -0.023418 
259 -0.012710 
260 -0.047065 
261 0.078818 
262 0.024978 
263 0.178277 
264 0.046091 
265 0.230225 
266 -0.044808 
267 0.118311 
268 -0.034350 
269 0.046669 
270 -0.036274 
271 -0.009054 
272 0.120529 
273 0.056859 
274 0.156247 
275 0.067267 
276 0.170955 
277 0.005448 
278 0.070182 
279 -0.116118 
280 0.045057 
281 -0.049476 
282 0.185968 
283 -0.031091 
284 0.218674 
285 0.003641 
286 0.044220 
287 0.027951 
288 0.023271 
289 -0.031215 
290 0.018004 
291 0.122830 
292 0.006560 
293 0.077089 
294 0.136699 
295 0.031519 
296 0.147780 
297 -0.050443 
298 -0.025253 
299 -0.017384 
300 -0.005705 
301 -0.000064 
302 0.091858 
303 0.178402 
304 0.102879 
305 0.222997 
306 0.004164 
307 0.074301 
308 -0.051240 
309 -0.075258 
310 -0.057194 
311 -0.009885 
312 0.068567 
313 0.114918 
314 0.142974 
315 0.119270 
316 0.024602 
317 0.152684 
318 -0.124581 
319 0.063287 
320 -0.085820 
321 -0.022889 
322 0.043181 
323 0.014669 
324 0.064661 
325 0.041891 
326 0.104419 
327 0.051917 
328 0.033099 
329 -0.066591 
330 -0.010411 
331 -0.003955 
332 0.017175 
333 -0.042855 
334 0.052025 
335 0.050563 
336 0.073471 
337 -0.043368 
338 0.060405 
339 -0.092881 
340 0.008524 
341 -0.075472 
342 0.042232 
343 0.036736 
344 0.058897 
345 0.106973 
346 0.010526 
347 -0.018907 
348 -0.008962 
349 -0.093956 
350 0.069552 
351 -0.080522 
352 0.059948 
353 0.010752 
354 0.128875 
355 -0.064529 
356 0.068185 
357 -0.005657 
358 -0.031864 
359 -0.017284 
360 -0.069147 
361 -0.029321 
362 -0.011350 
363 0.080719 
364 -0.028405 
365 0.055239 
366 -0.049510 
367 -0.019382 
368 0.010070 
369 -0.089077 
370 -0.121091 
371 0.073860 
372 -0.053761 
373 0.032571 
374 0.014801 
375 0.015860 
376 -0.028195 
377 -0.031319 
378 -0.080150 
379 -0.016950 
380 -0.065375 
381 0.041200 
382 0.007666 
383 0.087038 
384 -0.073397 
385 0.062363 
386 -0.068754 
387 -0.000459 
388 -0.060471 
389 -0.003124 
390 -0.015532 
391 -0.021108 
392 0.027592 
393 0.018127 
394 0.060975 
395 -0.011502 
396 0.003754 
397 -0.035250 
398 0.017385 
399 -0.075603 
400 -0.042405 
401 -0.075223 
402 0.079348 
403 -0.009196 
404 0.096487 
405 -0.089604 
406 0.088265 
407 -0.078041 
408 0.023026 
409 -0.145719 
410 -0.016436 
411 0.014200 
412 0.028079 
413 0.063096 
414 0.031537 
415 -0.076887 
416 0.077755 
417 -0.077497 
418 -0.025190 
419 -0.104281 
420 0.038973 
421 0.000514 
422 0.069214 
423 0.030972 
424 0.016399 
425 0.104386 
426 0.001186 
427 -0.040737 
428 -0.063572 
429 -0.060733 
430 -0.078249 
431 0.092195 
432 -0.039579 
433 0.108875 
434 0.129568 
435 0.132952 
436 -0.062095 
437 0.062588 
438 -0.131496 
439 0.076862 
440 -0.158136 
441 0.054887 
442 0.008196 
443 0.189874 
444 0.031291 
445 0.118032 
446 -0.027806 
447 0.003753 
448 -0.030317 
449 -0.025614 
450 -0.060478 
451 0.002772 
452 0.084135 
453 0.072230 
454 0.073227 
455 -0.014166 
456 0.080404 
457 0.000836 
458 -0.006638 
459 -0.124676 
460 -0.004827 
461 -0.043992 
462 0.076713 
463 0.054959 
464 0.110162 
465 0.075561 
466 0.119368 
467 0.003241 
468 -0.035637 
469 -0.092558 
470 0.071133 
471 -0.035040 
472 0.094223 
473 0.015061 
474 0.181647 
475 0.028393 
476 0.082782 
477 -0.016277 
478 0.057173 
479 -0.003456 
480 -0.000586 
481 -0.028967 
482 0.058962 
483 0.058225 
484 0.061230 
485 0.131376 
486 -0.041920 
487 0.028318 
488 -0.030938 
489 0.066048 
490 -0.156706 
491 0.121001 
492 -0.082648 
493 0.150256 
494 0.024139 
495 0.041303 
496 0.019683 
497 0.065136 
498 -0.026565 
499 -0.068232 
500 -0.033961 
501 -0.006604 
502 0.046348 
503 0.124024 
504 0.003926 
505 0.166623 
506 -0.049961 
507 0.061467 
508 -0.052539 
509 -0.027180 
510 0.035352 
511 -0.042498 
512 0.115306 
513 -0.019695 
514 0.166182 
515 0.006283 
516 0.066627 
517 0.016525 
518 -0.015984 
519 -0.002049 
520 -0.000156 
521 -0.082824 
522 0.050299 
523 -0.036781 
524 0.151420 
525 -0.026175 
526 0.123566 
527 -0.048968 
528 0.061571 
529 -0.090954 
530 -0.042963 
531 -0.039226 
532 -0.022862 
533 0.140225 
534 0.012044 
535 0.034625 
536 -0.012151 
537 -0.005739 
538 0.004179 
539 -0.084894 
540 0.005470 
541 -0.039475 
542 0.068686 
543 0.038885 
544 -0.023773 
545 0.131150 
546 -0.028308 
547 0.037418 
548 -0.028677 
549 -0.038534 
550 -0.083093 
551 0.008006 
552 -0.018981 
553 -0.039636 
554 0.101453 
555 0.042921 
556 0.076418 
557 0.079942 
558 -0.054302 
559 0.007262 
560 -0.038241 
561 -0.045474 
562 -0.110669 
563 0.069730 
564 -0.014318 
565 0.115544 
566 0.009339 
567 -0.009747 
568 0.018188 
569 0.052523 
570 -0.000391 
571 -0.029410 
572 -0.024578 
573 -0.004258 
574 0.018109 
575 -0.062626 
576 -0.020622 
577 -0.012539 
578 0.065751 
579 0.008694 
580 0.025837 
581 -0.032662 
582 0.006305 
583 -0.021700 
584 -0.054067 
585 -0.015389 
586 -0.067074 
587 0.056829 
588 -0.033894 
589 0.020148 
590 -0.017348 
591 0.018474 
592 0.083160 
593 0.012325 
594 0.073479 
595 -0.068308 
596 0.073909 
597 -0.132233 
598 -0.012638 
599 -0.040558 
600 0.110110 
601 0.056584 
602 0.080144 
603 0.048100 
604 0.043853 
605 0.034948 
606 -0.041110 
607 -0.057556 
608 -0.042399 
609 0.036405 
610 -0.062235 
611 0.099627 
612 -0.060860 
613 0.071974 
614 0.063475 
615 -0.027731 
616 -0.018957 
617 -0.045993 
618 -0.010344 
619 -0.048390 
620 -0.009636 
621 -0.054046 
622 0.024880 
623 0.096542 
624 0.003552 
625 0.084341 
626 -0.059188 
627 0.040750 
628 -0.081487 
629 -0.012230 
630 -0.068653 
631 0.052488 
632 0.115717 
633 0.037143 
634 0.132549 
635 -0.004536 
636 0.098116 
637 -0.000616 
638 -0.029521 
639 -0.021600 
640 0.020078 
641 -0.026172 
642 0.008122 
643 0.027758 
644 0.089430 
645 0.070003 
646 0.103110 
647 0.005936 
648 -0.012607 
649 -0.036184 
650 -0.011605 
651 -0.089676 
652 0.010516 
653 -0.008596 
654 0.100689 
655 0.039079 
656 0.055903 
657 -0.005094 
658 0.032893 
659 -0.025968 
660 -0.034290 
661 -0.038624 
662 0.018863 
663 0.067041 
664 0.062042 
665 0.055932 
666 0.033181 
667 0.074562 
668 0.042928 
669 -0.034563 
670 -0.017945 
671 0.027696 
672 0.001277 
673 0.025592 
674 0.058882 
675 0.046838 
676 0.074535 
677 0.102823 
678 -0.001501 
679 0.061037 
680 -0.028080 
681 0.032527 
682 -0.051781 
683 0.073375 
684 -0.088638 
685 0.193743 
686 0.008645 
687 0.085908 
688 -0.008764 
689 0.051649 
690 -0.034666 
691 0.044340 
692 0.025148 
693 0.045863 
694 0.102510 
695 0.000183 
696 0.074512 
697 -0.013835 
698 0.090855 
699 -0.025805 
700 0.121024 
701 -0.104363 
702 0.031197 
703 0.021007 
704 0.043571 
705 0.068124 
706 0.049539 
707 0.082081 
708 0.069280 
709 -0.031418 
710 0.050524 
711 -0.075588 
712 0.074632 
713 -0.050081 
714 0.122606 
715 0.018987 
716 0.142944 
717 0.081497 
718 0.134698 
719 -0.016671 
720 0.022583 
721 -0.023945 
722 0.022439 
723 0.051148 
724 0.084946 
725 0.062628 
726 0.153319 
727 0.080737 
728 0.126240 
729 0.055988 
730 -0.002647 
731 0.066161 
732 -0.117526 
733 0.077570 
734 -0.009344 
735 0.097438 
736 0.080208 
737 0.121336 
738 0.077334 
739 0.045409 
740 0.087791 
741 -0.064343 
742 0.019227 
743 0.021236 
744 0.017427 
745 0.109058 
746 0.082681 
747 0.109426 
748 0.052959 
749 0.087349 
750 -0.071178 
751 0.106605 
752 -0.004036 
753 0.090692 
754 0.155531 
755 0.083293 
756 0.108775 
757 0.028491 
758 0.135162 
759 0.044240 
760 0.045374 
761 0.051677 
762 0.053366 
763 0.134726 
764 0.065955 
765 0.089077 
766 0.170346 
767 0.053378 
768 0.142540 
769 -0.021383 
770 0.141449 
771 -0.094264 
772 0.090879 
773 0.027639 
774 0.123500 
775 0.135517 
776 0.113684 
777 0.171291 
778 0.057958 
779 0.052395 
780 0.012694 
781 0.025641 
782 0.007885 
783 0.016918 
784 0.118253 
785 0.104405 
786 0.145358 
787 0.140621 
788 0.094190 
789 0.119616 
790 -0.036883 
791 0.078602 
792 -0.044281 
793 0.113436 
794 0.119034 
795 0.090616 
796 0.138135 
797 0.156271 
798 0.121365 
799 0.164413 
800 -0.016127 
801 0.051754 
802 -0.030946 
803 0.107058 
804 -0.040760 
805 0.242147 
806 0.169940 
807 0.141591 
808 0.079387 
809 0.015349 
810 -0.032420 
811 0.043470 
812 0.047403 
813 0.117923 
814 0.206237 
815 0.115555 
816 0.143809 
817 0.025353 
818 0.014566 
819 -0.096274 
820 0.066443 
821 -0.083742 
822 0.164731 
823 -0.018974 
824 0.200147 
825 0.099901 
826 0.179372 
827 0.029084 
828 0.051524 
829 0.068821 
830 -0.063679 
831 -0.080368 
832 0.026413 
833 0.022855 
834 0.198249 
835 0.126814 
836 0.180843 
837 0.077107 
838 0.098074 
839 -0.079916 
840 0.025182 
841 -0.126198 
842 -0.007759 
843 -0.000810 
844 0.175701 
845 0.068387 
846 0.161738 
847 0.132908 
848 -0.007376 
849 0.086777 
850 -0.065057 
851 -0.041236 
852 -0.032075 
853 -0.021848 
854 -0.010242 
855 0.058602 
856 -0.022563 
857 0.174419 
858 0.035907 
859 0.121350 
860 -0.074241 
861 -0.072818 
862 -0.077018 
863 -0.100621 
864 -0.059142 
865 0.045221 
866 0.075434 
867 0.029857 
868 0.008461 
869 0.045185 
870 -0.141791 
871 0.030858 
872 -0.097540 
873 0.085016 
874 -0.091790 
875 0.061364 
876 0.002314 
877 0.005303 
878 -0.094857 
879 -0.080192 
880 0.096732 
881 -0.111413 
882 0.025512 
883 -0.037960 
884 -0.035068 
885 -0.004001 
886 0.039329 
887 0.002297 
888 0.056281 
889 -0.110395 
890 0.089777 
891 -0.263099 
892 -0.077665 
893 -0.192331 
894 0.126640 
895 -0.006085 
896 0.028059 
897 -0.004830 
898 0.016006 
899 -0.084958 
900 -0.140369 
901 -0.124867 
902 -0.136246 
903 -0.066566 
904 0.013998 
905 0.050267 
906 -0.040180 
907 -0.015288 
908 -0.108408 
909 -0.062167 
910 -0.177979 
911 -0.158554 
912 -0.021816 
913 -0.057039 
914 0.010210 
915 -0.082878 
916 0.045939 
917 0.005141 
918 -0.034138 
919 -0.042319 
920 -0.104611 
921 -0.083991 
922 -0.163625 
923 -0.034985 
924 -0.165531 
925 0.063017 
926 0.014146 
927 -0.034678 
928 0.092004 
929 -0.107628 
930 -0.055273 
931 -0.107951 
932 -0.174927 
933 -0.081971 
934 -0.002067 
935 -0.035975 
936 -0.011955 
937 -0.011223 
938 -0.079582 
939 -0.138043 
940 0.044134 
941 -0.160593 
942 -0.042582 
943 -0.071049 
944 -0.000492 
945 -0.088380 
946 -0.027589 
947 -0.085680 
948 -0.022235 
949 -0.018249 
950 -0.111896 
951 -0.104538 
952 -0.034094 
953 -0.188359 
954 -0.008675 
955 -0.116702 
956 0.144580 
957 -0.113184 
958 0.138859 
959 -0.165295 
960 -0.028105 
961 -0.109508 
962 -0.206399 
963 -0.034186 
964 -0.060061 
965 0.094378 
966 0.063728 
967 -0.006243 
968 -0.028645 
969 -0.131038 
970 -0.087511 
971 -0.114326 
972 -0.093052 
973 -0.004811 
974 -0.018948 
975 0.135425 
976 -0.110536 
977 0.017512 
978 -0.183525 
979 0.061616 
980 -0.106781 
981 0.011862 
982 -0.145585 
983 -0.024371 
984 -0.044618 
985 -0.077756 
986 -0.003837 
987 -0.090490 
988 0.065455 
989 -0.006125 
990 -0.152664 
991 -0.042666 
992 -0.172890 
993 0.009237 
994 0.053935 
995 0.040790 
996 -0.007000 
997 0.029693 
998 -0.048778 
999 -0.183492 
1000 -0.068283 
1001 -0.144159 
1002 0.006976 
1003 -0.029135 
1004 0.102041 
1005 -0.085746 
1006 0.191702 
1007 -0.171287 
1008 0.138816 
1009 -0.196894 
1010 0.011754 
1011 -0.063754 
1012 0.053301 
1013 -0.101737 
1014 -0.053979 
1015 0.016985 
1016 -0.031482 
1017 0.085810 
1018 -0.100449 
1019 0.077191 
1020 -0.130092 
1021 -0.038990 
1022 -0.131940 
1023 -0.015112 
