0 -0.006926 
1 0.091657 
2 0.067550 
3 -0.011420 
4 0.008052 
5 0.012064 
6 0.126734 
7 -0.065150 
8 0.073687 
9 0.022301 
10 0.099677 
11 -0.023804 
12 0.063706 
13 0.065133 
14 0.062263 
15 -0.036710 
16 0.048448 
17 0.052899 
18 0.050302 
19 -0.041336 
20 0.014219 
21 0.046290 
22 0.073137 
23 0.061863 
24 0.046760 
25 0.106246 
26 0.034235 
27 0.019773 
28 -0.070234 
29 0.027167 
30 0.014157 
31 0.009558 
32 -0.022653 
33 0.085239 
34 0.125427 
35 0.114021 
36 0.079170 
37 0.067126 
38 0.004585 
39 -0.036513 
40 0.013767 
41 -0.109200 
42 -0.062584 
43 -0.086263 
44 0.192631 
45 0.069275 
46 0.085905 
47 0.117685 
48 0.226239 
49 -0.014889 
50 -0.150119 
51 -0.114382 
52 0.107818 
53 0.022801 
54 -0.127371 
55 -0.052160 
56 0.075729 
57 0.162094 
58 0.043522 
59 0.069968 
60 0.014386 
61 0.045653 
62 -0.042434 
63 0.073105 
64 -0.028063 
65 0.076559 
66 -0.015866 
67 0.076216 
68 -0.044667 
69 0.077900 
70 -0.015196 
71 0.053940 
72 -0.009596 
73 0.049796 
74 0.029106 
75 -0.011302 
76 -0.002349 
77 0.030333 
78 0.004065 
79 -0.014011 
80 0.034999 
81 -0.005172 
82 0.063067 
83 -0.044511 
84 0.097869 
85 -0.053667 
86 0.080040 
87 -0.063779 
88 0.088777 
89 -0.089118 
90 0.047487 
91 -0.024683 
92 0.035349 
93 -0.040089 
94 0.070386 
95 0.005847 
96 0.025010 
97 -0.060977 
98 0.031007 
99 0.043548 
100 -0.078052 
101 0.019156 
102 -0.023352 
103 0.065923 
104 -0.088623 
105 0.069238 
106 0.007401 
107 0.054913 
108 -0.099429 
109 0.063607 
110 -0.038570 
111 0.041381 
112 -0.097000 
113 0.071413 
114 -0.059927 
115 0.038539 
116 -0.056511 
117 0.063493 
118 -0.032905 
119 0.020634 
120 -0.028335 
121 0.030130 
122 -0.065054 
123 0.044715 
124 -0.066740 
125 0.041832 
126 -0.092752 
127 0.075791 
128 -0.054354 
129 0.036472 
130 -0.063424 
131 0.032771 
132 -0.043789 
133 0.024888 
134 -0.015410 
135 0.003396 
136 -0.066521 
137 0.002546 
138 0.010636 
139 -0.029452 
140 -0.020030 
141 0.005686 
142 -0.009797 
143 -0.015618 
144 -0.051961 
145 0.063315 
146 -0.055213 
147 -0.028926 
148 -0.029261 
149 0.030889 
150 -0.037998 
151 -0.025903 
152 -0.033809 
153 0.053239 
154 -0.083185 
155 0.015913 
156 -0.035743 
157 0.040874 
158 -0.073507 
159 0.014223 
160 -0.015178 
161 -0.000002 
162 0.017462 
163 -0.052803 
164 0.013218 
165 -0.072111 
166 0.068687 
167 -0.054598 
168 0.007101 
169 -0.080996 
170 0.087460 
171 -0.069229 
172 0.027947 
173 -0.078834 
174 0.093291 
175 -0.091434 
176 0.031862 
177 -0.066370 
178 0.056837 
179 -0.059855 
180 -0.002313 
181 -0.016517 
182 0.002250 
183 -0.026822 
184 -0.013971 
185 0.011065 
186 -0.066797 
187 0.070632 
188 -0.102509 
189 0.098819 
190 -0.142268 
191 0.124894 
192 -0.136320 
193 0.068646 
194 -0.129450 
195 0.151122 
196 -0.137496 
197 0.061401 
198 -0.110803 
199 0.117945 
200 -0.101103 
201 0.019521 
202 -0.067872 
203 0.069339 
204 -0.046256 
205 -0.013214 
206 0.007192 
207 -0.035219 
208 0.018492 
209 -0.072152 
210 0.024301 
211 -0.079567 
212 0.077358 
213 -0.069770 
214 0.059909 
215 -0.130666 
216 0.135485 
217 -0.074675 
218 0.039139 
219 -0.103645 
220 0.071036 
221 -0.021009 
222 -0.055788 
223 -0.042980 
224 0.001155 
225 0.017961 
226 -0.058047 
227 0.022670 
228 0.001674 
229 0.024093 
230 -0.079233 
231 0.087649 
232 -0.082248 
233 0.099370 
234 -0.136575 
235 0.082591 
236 -0.132434 
237 0.073142 
238 -0.073027 
239 0.062740 
240 -0.107273 
241 0.092942 
242 -0.044204 
243 0.043947 
244 -0.081034 
245 0.069455 
246 -0.025965 
247 -0.001600 
248 -0.067927 
249 0.026341 
250 -0.021889 
251 -0.037920 
252 -0.032451 
253 0.004904 
254 -0.004577 
255 0.015668 
256 0.000871 
257 0.009416 
258 -0.001375 
259 -0.011390 
260 0.022265 
261 -0.081143 
262 0.005887 
263 -0.045419 
264 -0.006605 
265 -0.060702 
266 0.016331 
267 0.039375 
268 -0.019767 
269 -0.007859 
270 0.015584 
271 0.014710 
272 -0.035358 
273 -0.045935 
274 0.010718 
275 -0.001228 
276 -0.053101 
277 0.014132 
278 -0.037902 
279 0.027598 
280 -0.058012 
281 0.046759 
282 -0.049735 
283 0.028813 
284 -0.045033 
285 0.057087 
286 -0.079396 
287 0.021501 
288 -0.004704 
289 0.015046 
290 -0.075360 
291 -0.028133 
292 0.024848 
293 -0.009665 
294 -0.038144 
295 -0.017764 
296 0.055929 
297 -0.028549 
298 0.000428 
299 -0.010949 
300 0.021499 
301 -0.057503 
302 0.014594 
303 -0.067825 
304 0.037052 
305 -0.083500 
306 0.058741 
307 -0.054307 
308 0.024426 
309 -0.023079 
310 0.030108 
311 -0.048033 
312 -0.011370 
313 -0.006785 
314 0.012220 
315 -0.046425 
316 -0.019160 
317 0.004475 
318 -0.028695 
319 -0.014857 
320 -0.040998 
321 0.038506 
322 -0.048410 
323 0.013089 
324 -0.033533 
325 0.019620 
326 -0.035154 
327 0.038600 
328 -0.052858 
329 0.017767 
330 -0.068824 
331 0.070777 
332 -0.088077 
333 -0.017417 
334 -0.029937 
335 0.047991 
336 -0.026947 
337 -0.035030 
338 0.034584 
339 -0.009856 
340 -0.014616 
341 -0.045042 
342 0.024683 
343 0.014358 
344 -0.070296 
345 0.001452 
346 -0.011187 
347 -0.013757 
348 -0.002096 
349 -0.029796 
350 0.045470 
351 -0.078399 
352 0.020374 
353 -0.013800 
354 0.005668 
355 -0.012763 
356 -0.017995 
357 0.016435 
358 -0.066653 
359 0.034112 
360 -0.059738 
361 0.032655 
362 -0.100617 
363 0.073187 
364 -0.052598 
365 0.059164 
366 -0.090695 
367 0.081294 
368 -0.077407 
369 0.050642 
370 -0.083638 
371 0.067946 
372 -0.105632 
373 0.082157 
374 -0.097844 
375 0.073387 
376 -0.083723 
377 0.081720 
378 -0.033074 
379 -0.018928 
380 -0.043485 
381 0.043731 
382 -0.011341 
383 -0.036639 
384 -0.025449 
385 0.060128 
386 -0.015926 
387 -0.016598 
388 -0.030958 
389 0.042301 
390 -0.048021 
391 -0.029463 
392 0.006863 
393 0.015312 
394 -0.005047 
395 0.014798 
396 -0.010577 
397 0.056179 
398 -0.061245 
399 0.079857 
400 -0.081752 
401 0.026848 
402 -0.062459 
403 0.074845 
404 -0.068863 
405 0.032504 
406 -0.010168 
407 0.076755 
408 -0.055640 
409 0.016800 
410 -0.002809 
411 0.028383 
412 -0.053136 
413 -0.010737 
414 0.062799 
415 -0.016794 
416 0.020174 
417 -0.042019 
418 0.068639 
419 -0.054917 
420 0.040331 
421 -0.054155 
422 0.063169 
423 -0.069761 
424 0.072538 
425 -0.061883 
426 0.061564 
427 -0.017493 
428 0.091254 
429 -0.062722 
430 0.029397 
431 0.001685 
432 0.046293 
433 -0.042118 
434 -0.020289 
435 0.045885 
436 0.003409 
437 -0.008258 
438 -0.014093 
439 0.083245 
440 -0.029925 
441 0.058265 
442 -0.053140 
443 0.095878 
444 -0.068024 
445 0.056674 
446 -0.054244 
447 0.059562 
448 -0.055858 
449 0.078115 
450 -0.067044 
451 0.068303 
452 -0.034886 
453 0.105961 
454 -0.059996 
455 0.034025 
456 -0.005349 
457 0.070867 
458 -0.061443 
459 0.007208 
460 0.010107 
461 0.043250 
462 -0.034326 
463 0.026466 
464 0.038481 
465 0.018152 
466 -0.000115 
467 -0.010499 
468 0.061202 
469 -0.038802 
470 0.053352 
471 -0.038500 
472 0.050813 
473 -0.050818 
474 0.077369 
475 -0.024249 
476 0.041673 
477 -0.043710 
478 0.065728 
479 -0.049055 
480 0.028938 
481 -0.024773 
482 0.078682 
483 -0.036167 
484 0.000094 
485 0.049232 
486 0.013230 
487 0.028305 
488 -0.082898 
489 0.081095 
490 -0.059935 
491 0.077829 
492 -0.094613 
493 0.113399 
494 -0.089994 
495 0.133535 
496 -0.093894 
497 0.096836 
498 -0.100357 
499 0.126901 
500 -0.111966 
501 0.080509 
502 -0.080732 
503 0.132632 
504 -0.097410 
505 0.034098 
506 -0.044511 
507 0.092034 
508 -0.054530 
509 0.000407 
510 0.006904 
511 0.009489 
512 0.007484 
513 -0.025308 
514 0.050323 
515 -0.027698 
516 -0.002102 
517 -0.006175 
518 0.016915 
519 -0.027142 
520 -0.001166 
521 0.002775 
522 0.008638 
523 -0.021555 
524 0.039075 
525 0.005782 
526 -0.002820 
527 -0.023501 
528 0.026898 
529 -0.000474 
530 -0.054469 
531 0.023661 
532 -0.016266 
533 0.018887 
534 -0.070121 
535 0.063096 
536 -0.009649 
537 0.034630 
538 -0.065960 
539 0.073317 
540 -0.021435 
541 0.010597 
542 -0.032922 
543 0.012329 
544 -0.030885 
545 -0.003897 
546 -0.007540 
547 -0.006092 
548 -0.028711 
549 0.013693 
550 0.021651 
551 -0.006720 
552 0.005462 
553 0.005091 
554 0.027281 
555 -0.073421 
556 0.030331 
557 -0.029343 
558 0.025355 
559 -0.063735 
560 0.019293 
561 -0.005486 
562 0.003276 
563 -0.008174 
564 0.033777 
565 -0.029265 
566 -0.005335 
567 -0.010955 
568 0.024131 
569 -0.047768 
570 0.009640 
571 -0.012710 
572 0.015025 
573 -0.055460 
574 0.014558 
575 0.021981 
576 -0.041898 
577 -0.010335 
578 0.003925 
579 0.067423 
580 -0.065053 
581 0.036665 
582 -0.037064 
583 0.049663 
584 -0.102474 
585 0.040190 
586 -0.042094 
587 0.005297 
588 -0.060675 
589 0.052402 
590 -0.009894 
591 0.027301 
592 -0.031272 
593 0.053837 
594 -0.042951 
595 0.023647 
596 -0.031032 
597 0.009351 
598 -0.062526 
599 -0.025200 
600 0.036753 
601 -0.037578 
602 0.028075 
603 -0.036230 
604 0.060091 
605 -0.043466 
606 0.017879 
607 -0.005269 
608 0.010251 
609 -0.019787 
610 -0.025194 
611 0.020870 
612 -0.046783 
613 0.030237 
614 -0.035681 
615 0.009647 
616 -0.050813 
617 0.046936 
618 -0.032783 
619 0.017934 
620 -0.081245 
621 0.119000 
622 -0.085765 
623 0.084070 
624 -0.125628 
625 0.137717 
626 -0.148462 
627 0.064912 
628 -0.095263 
629 0.086742 
630 -0.073577 
631 0.013608 
632 -0.015825 
633 0.026976 
634 -0.024983 
635 0.021945 
636 -0.021954 
637 -0.004394 
638 -0.039097 
639 0.022481 
640 -0.039917 
641 -0.025182 
642 -0.006721 
643 0.010238 
644 -0.020665 
645 -0.047893 
646 0.025789 
647 0.032806 
648 -0.041171 
649 0.017028 
650 -0.019772 
651 0.045934 
652 -0.099515 
653 0.020386 
654 -0.069859 
655 0.043610 
656 -0.090378 
657 0.067275 
658 -0.051126 
659 0.052273 
660 -0.050094 
661 0.034642 
662 -0.036930 
663 0.023148 
664 -0.023229 
665 -0.012123 
666 -0.034891 
667 0.009082 
668 0.007241 
669 -0.055780 
670 -0.037024 
671 0.011628 
672 0.014416 
673 -0.049270 
674 -0.015329 
675 0.009380 
676 0.041832 
677 -0.052705 
678 0.004722 
679 -0.031236 
680 0.010769 
681 -0.062647 
682 0.013431 
683 -0.053361 
684 0.016523 
685 -0.039586 
686 0.021684 
687 -0.065390 
688 0.041076 
689 -0.015314 
690 0.010746 
691 -0.076002 
692 0.027724 
693 -0.012195 
694 -0.018082 
695 -0.072410 
696 0.037272 
697 -0.020621 
698 -0.039419 
699 -0.025124 
700 0.019514 
701 0.043118 
702 -0.085079 
703 0.031772 
704 -0.019500 
705 0.033446 
706 -0.084702 
707 0.020606 
708 -0.062159 
709 0.030105 
710 -0.056040 
711 0.060072 
712 -0.080855 
713 0.050191 
714 -0.055031 
715 0.075852 
716 -0.117569 
717 0.061098 
718 -0.029504 
719 0.008718 
720 -0.055787 
721 -0.005985 
722 0.064742 
723 -0.071626 
724 -0.007686 
725 -0.067072 
726 0.090969 
727 -0.088216 
728 0.051705 
729 -0.064801 
730 0.060137 
731 -0.069448 
732 0.037776 
733 -0.054121 
734 0.030271 
735 -0.039692 
736 0.025716 
737 -0.061252 
738 -0.000128 
739 0.017207 
740 -0.022870 
741 -0.016761 
742 -0.049294 
743 0.094939 
744 -0.096149 
745 0.058430 
746 -0.083465 
747 0.133280 
748 -0.135813 
749 0.040404 
750 -0.067846 
751 0.090138 
752 -0.093396 
753 0.055486 
754 -0.057217 
755 0.080460 
756 -0.093548 
757 0.077001 
758 -0.104727 
759 0.054057 
760 -0.074934 
761 0.085002 
762 -0.088205 
763 0.036678 
764 -0.008320 
765 0.076399 
766 -0.077054 
767 0.032254 
768 -0.023332 
769 0.041506 
770 -0.098235 
771 0.012403 
772 0.027771 
773 -0.003882 
774 -0.014243 
775 -0.010725 
776 0.061681 
777 -0.037150 
778 0.024376 
779 -0.042556 
780 0.023064 
781 -0.031556 
782 0.003262 
783 -0.002784 
784 -0.014379 
785 0.000462 
786 0.014620 
787 -0.033188 
788 0.001772 
789 0.012792 
790 0.027753 
791 -0.015547 
792 -0.022129 
793 0.041567 
794 -0.010065 
795 0.008131 
796 -0.041795 
797 0.046847 
798 -0.066566 
799 0.020664 
800 -0.024423 
801 0.033723 
802 -0.016586 
803 0.008608 
804 0.034710 
805 0.004405 
806 0.002248 
807 0.006541 
808 0.001228 
809 -0.027839 
810 -0.004117 
811 0.021922 
812 -0.016325 
813 -0.017618 
814 0.031554 
815 0.021782 
816 0.008412 
817 -0.039658 
818 0.038944 
819 -0.016748 
820 -0.020717 
821 -0.011492 
822 0.044415 
823 0.013034 
824 -0.018171 
825 0.037007 
826 0.001980 
827 0.036942 
828 -0.052865 
829 0.044008 
830 -0.026208 
831 0.037393 
832 -0.015747 
833 0.048812 
834 -0.029402 
835 0.047878 
836 0.007283 
837 0.035171 
838 -0.028492 
839 0.031819 
840 0.015354 
841 -0.000121 
842 -0.026236 
843 0.040659 
844 0.041455 
845 -0.002883 
846 0.012833 
847 0.000903 
848 0.058947 
849 -0.012734 
850 0.065715 
851 -0.023791 
852 0.039313 
853 -0.015662 
854 0.047992 
855 -0.028301 
856 -0.024830 
857 0.042153 
858 0.037747 
859 0.025394 
860 0.014373 
861 0.053647 
862 0.050883 
863 -0.007339 
864 0.028972 
865 0.036834 
866 0.003672 
867 0.006091 
868 -0.023228 
869 0.062535 
870 -0.054556 
871 0.108038 
872 -0.043163 
873 0.118492 
874 -0.069867 
875 0.132113 
876 -0.040709 
877 0.075207 
878 -0.045617 
879 0.088366 
880 -0.051701 
881 0.022784 
882 0.022198 
883 0.099923 
884 -0.008615 
885 0.029210 
886 0.031835 
887 0.075017 
888 -0.026608 
889 0.019740 
890 0.033595 
891 0.052670 
892 0.016741 
893 0.051823 
894 0.052147 
895 0.019317 
896 0.010036 
897 0.023838 
898 -0.019893 
899 0.033592 
900 0.007154 
901 0.116689 
902 -0.022299 
903 0.127914 
904 0.011069 
905 0.097197 
906 -0.073978 
907 0.053092 
908 -0.000639 
909 0.013612 
910 -0.005654 
911 0.036456 
912 0.086873 
913 0.028492 
914 0.049229 
915 0.102312 
916 0.041431 
917 0.052438 
918 -0.029538 
919 0.047742 
920 -0.017316 
921 0.046362 
922 0.012443 
923 0.016953 
924 0.036121 
925 0.065502 
926 0.066234 
927 -0.010412 
928 0.057834 
929 0.092813 
930 0.023201 
931 0.016623 
932 0.033028 
933 0.057854 
934 -0.006655 
935 -0.030260 
936 0.104589 
937 0.025955 
938 0.067620 
939 -0.042026 
940 0.149798 
941 0.000530 
942 0.075826 
943 -0.018568 
944 0.079426 
945 -0.023110 
946 0.026790 
947 0.018163 
948 0.048836 
949 0.016577 
950 0.041836 
951 0.041773 
952 0.018263 
953 0.044586 
954 0.059200 
955 0.059104 
956 -0.022879 
957 0.080136 
958 0.019619 
959 0.082540 
960 -0.088871 
961 0.079344 
962 -0.007674 
963 0.077851 
964 -0.028714 
965 0.104617 
966 0.011526 
967 0.083720 
968 -0.012981 
969 0.049479 
970 0.023362 
971 0.030400 
972 0.052671 
973 -0.011821 
974 0.060401 
975 0.018852 
976 0.095485 
977 -0.071862 
978 0.078747 
979 0.027876 
980 0.125941 
981 -0.023172 
982 0.045736 
983 0.005464 
984 0.016252 
985 -0.064732 
986 0.120572 
987 0.013266 
988 0.108023 
989 -0.029198 
990 0.107099 
991 0.017102 
992 0.017867 
993 0.027901 
994 0.022140 
995 0.047414 
996 -0.009464 
997 0.067079 
998 -0.006819 
999 0.031432 
1000 0.042258 
1001 0.086611 
1002 0.006161 
1003 0.053615 
1004 0.014808 
1005 0.104178 
1006 -0.091187 
1007 0.115553 
1008 -0.039003 
1009 0.183613 
1010 -0.106130 
1011 0.163616 
1012 -0.033023 
1013 0.136440 
1014 -0.048480 
1015 0.083440 
1016 -0.026053 
1017 0.061004 
1018 -0.041312 
1019 0.081744 
1020 -0.026713 
1021 0.107290 
1022 0.043703 
1023 0.058930 
