0 0.000046 
1 0.000057 
2 0.000060 
3 0.000060 
4 0.000043 
5 0.000034 
6 0.000030 
7 0.000007 
8 -0.000001 
9 -0.000028 
10 -0.000055 
11 -0.000073 
12 -0.000086 
13 -0.000052 
14 -0.000041 
15 -0.000033 
16 -0.000028 
17 -0.000040 
18 -0.000027 
19 -0.000020 
20 -0.000011 
21 -0.000012 
22 -0.000006 
23 -0.000006 
24 -0.000023 
25 -0.000029 
26 -0.000040 
27 -0.000036 
28 -0.000033 
29 -0.000021 
30 -0.000012 
31 0.000009 
32 0.000041 
33 0.000054 
34 0.000051 
35 0.000048 
36 0.000037 
37 0.000033 
38 0.000035 
39 0.000043 
40 0.000059 
41 0.000051 
42 0.000024 
43 0.000001 
44 -0.000041 
45 -0.000044 
46 -0.000070 
47 -0.000083 
48 -0.000074 
49 -0.000066 
50 -0.000065 
51 -0.000069 
52 -0.000048 
53 -0.000022 
54 -0.000002 
55 0.000010 
56 0.000020 
57 0.000050 
58 0.000046 
59 0.000030 
60 0.000008 
61 -0.000016 
62 -0.000017 
63 -0.000032 
64 -0.000028 
65 -0.000018 
66 -0.000022 
67 -0.000013 
68 -0.000020 
69 -0.000005 
70 0.000040 
71 0.000060 
72 0.000069 
73 0.000074 
74 0.000090 
75 0.000078 
76 0.000047 
77 0.000037 
78 0.000028 
79 0.000046 
80 0.000059 
81 0.000066 
82 0.000045 
83 0.000011 
84 -0.000034 
85 -0.000068 
86 -0.000029 
87 -0.000013 
88 0.000007 
89 0.000049 
90 0.000106 
91 0.000165 
92 0.000178 
93 0.000147 
94 0.000103 
95 0.000060 
96 0.000056 
97 0.000046 
98 0.000025 
99 0.000002 
100 -0.000038 
101 -0.000056 
102 -0.000089 
103 -0.000062 
104 -0.000050 
105 0.000019 
106 0.000074 
107 0.000093 
108 0.000159 
109 0.000173 
110 0.000155 
111 0.000101 
112 0.000087 
113 0.000054 
114 0.000041 
115 -0.000010 
116 -0.000012 
117 -0.000063 
118 -0.000085 
119 -0.000080 
120 -0.000055 
121 0.000029 
122 0.000048 
123 0.000059 
124 0.000080 
125 0.000076 
126 0.000049 
127 0.000023 
128 0.000068 
129 0.000075 
130 0.000084 
131 0.000058 
132 -0.000008 
133 -0.000043 
134 -0.000093 
135 -0.000110 
136 -0.000067 
137 -0.000062 
138 -0.000020 
139 0.000039 
140 0.000054 
141 0.000101 
142 0.000140 
143 0.000153 
144 0.000174 
145 0.000213 
146 0.000240 
147 0.000312 
148 0.000288 
149 0.000204 
150 0.000091 
151 0.000006 
152 -0.000098 
153 -0.000148 
154 -0.000167 
155 -0.000146 
156 -0.000039 
157 0.000046 
158 0.000109 
159 0.000183 
160 0.000232 
161 0.000180 
162 0.000144 
163 0.000112 
164 0.000161 
165 0.000119 
166 0.000056 
167 -0.000040 
168 -0.000124 
169 -0.000068 
170 -0.000078 
171 -0.000013 
172 -0.000078 
173 -0.000006 
174 0.000010 
175 0.000134 
176 0.000179 
177 0.000219 
178 0.000221 
179 0.000232 
180 0.000249 
181 0.000264 
182 0.000204 
183 0.000156 
184 -0.000018 
185 -0.000091 
186 -0.000144 
187 -0.000167 
188 -0.000079 
189 -0.000182 
190 -0.000178 
191 -0.000224 
192 -0.000132 
193 -0.000036 
194 0.000060 
195 0.000116 
196 0.000255 
197 0.000378 
198 0.000329 
199 0.000194 
200 0.000062 
201 -0.000058 
202 -0.000204 
203 -0.000189 
204 -0.000121 
205 -0.000085 
206 -0.000018 
207 -0.000040 
208 -0.000008 
209 0.000005 
210 0.000099 
211 0.000173 
212 0.000198 
213 0.000180 
214 0.000260 
215 0.000210 
216 0.000203 
217 0.000062 
218 -0.000117 
219 -0.000236 
220 -0.000350 
221 -0.000379 
222 -0.000415 
223 -0.000446 
224 -0.000382 
225 -0.000295 
226 -0.000231 
227 -0.000232 
228 -0.000073 
229 0.000085 
230 0.000155 
231 0.000194 
232 0.000191 
233 0.000199 
234 0.000153 
235 0.000257 
236 0.000326 
237 0.000295 
238 0.000277 
239 0.000269 
240 0.000202 
241 0.000093 
242 0.000059 
243 0.000166 
244 0.000207 
245 0.000308 
246 0.000402 
247 0.000355 
248 0.000357 
249 0.000301 
250 0.000304 
251 0.000226 
252 0.000185 
253 0.000163 
254 0.000117 
255 -0.000001 
256 -0.000285 
257 -0.000528 
258 -0.000685 
259 -0.000653 
260 -0.000630 
261 -0.000495 
262 -0.000371 
263 -0.000181 
264 0.000118 
265 0.000350 
266 0.000349 
267 0.000405 
268 0.000172 
269 0.000043 
270 0.000044 
271 0.000000 
272 -0.000045 
273 -0.000083 
274 -0.000224 
275 -0.000181 
276 -0.000179 
277 -0.000135 
278 0.000000 
279 -0.000035 
280 0.000045 
281 0.000047 
282 0.000068 
283 0.000094 
284 0.000119 
285 0.000286 
286 0.000252 
287 0.000249 
288 0.000213 
289 0.000200 
290 0.000116 
291 -0.000090 
292 -0.000259 
293 -0.000438 
294 -0.000317 
295 -0.000386 
296 -0.000475 
297 -0.000390 
298 -0.000354 
299 -0.000043 
300 -0.000015 
301 0.000163 
302 0.000235 
303 0.000375 
304 0.000431 
305 0.000430 
306 0.000410 
307 0.000069 
308 -0.000043 
309 -0.000319 
310 -0.000454 
311 -0.000421 
312 -0.000252 
313 -0.000154 
314 -0.000186 
315 -0.000184 
316 -0.000161 
317 -0.000239 
318 -0.000113 
319 0.000118 
320 0.000339 
321 0.000390 
322 0.000445 
323 0.000486 
324 0.000296 
325 0.000202 
326 0.000107 
327 -0.000114 
328 -0.000116 
329 -0.000232 
330 -0.000215 
331 -0.000161 
332 -0.000191 
333 -0.000061 
334 -0.000027 
335 0.000068 
336 0.000084 
337 0.000159 
338 0.000189 
339 0.000200 
340 0.000165 
341 0.000225 
342 0.000168 
343 0.000040 
344 -0.000090 
345 -0.000307 
346 -0.000317 
347 -0.000375 
348 -0.000488 
349 -0.000386 
350 -0.000400 
351 -0.000222 
352 0.000043 
353 0.000480 
354 0.000728 
355 0.001000 
356 0.000961 
357 0.000876 
358 0.000673 
359 0.000451 
360 0.000448 
361 0.000171 
362 0.000154 
363 -0.000087 
364 -0.000437 
365 -0.000684 
366 -0.000723 
367 -0.000610 
368 -0.000405 
369 -0.000110 
370 0.000094 
371 0.000192 
372 0.000231 
373 0.000297 
374 0.000255 
375 0.000056 
376 -0.000228 
377 -0.000165 
378 -0.000134 
379 -0.000021 
380 -0.000113 
381 -0.000325 
382 -0.000488 
383 -0.000438 
384 -0.000477 
385 -0.000487 
386 -0.000358 
387 -0.000030 
388 0.000275 
389 0.000552 
390 0.000789 
391 0.001025 
392 0.001016 
393 0.001037 
394 0.001032 
395 0.000887 
396 0.000824 
397 0.000419 
398 0.000010 
399 -0.000320 
400 -0.000528 
401 -0.000582 
402 -0.000524 
403 -0.000362 
404 -0.000278 
405 -0.000174 
406 0.000353 
407 0.000648 
408 0.000794 
409 0.000830 
410 0.000781 
411 0.000843 
412 0.000647 
413 0.000447 
414 0.000147 
415 -0.000274 
416 -0.000850 
417 -0.001061 
418 -0.000919 
419 -0.000785 
420 -0.000655 
421 -0.000440 
422 -0.000214 
423 -0.000051 
424 -0.000097 
425 0.000127 
426 0.000373 
427 0.000652 
428 0.000844 
429 0.000814 
430 0.000494 
431 0.000202 
432 -0.000102 
433 -0.000407 
434 -0.000491 
435 -0.000543 
436 -0.000474 
437 -0.000272 
438 -0.000075 
439 0.000097 
440 0.000068 
441 0.000274 
442 0.000519 
443 0.000752 
444 0.001052 
445 0.001040 
446 0.001131 
447 0.000993 
448 0.000574 
449 0.000303 
450 0.000060 
451 -0.000227 
452 -0.000605 
453 -0.000778 
454 -0.001009 
455 -0.000897 
456 -0.000715 
457 -0.000380 
458 -0.000353 
459 -0.000146 
460 -0.000118 
461 0.000267 
462 0.000381 
463 0.000477 
464 0.000266 
465 -0.000062 
466 -0.000222 
467 -0.000322 
468 -0.000431 
469 -0.000494 
470 -0.000687 
471 -0.000819 
472 -0.000866 
473 -0.000644 
474 -0.000308 
475 0.000017 
476 0.000307 
477 0.000607 
478 0.000686 
479 0.000682 
480 0.000484 
481 0.000213 
482 0.000137 
483 0.000149 
484 0.000090 
485 0.000005 
486 -0.000260 
487 -0.000311 
488 -0.000636 
489 -0.000924 
490 -0.000997 
491 -0.001020 
492 -0.001113 
493 -0.000997 
494 -0.000796 
495 -0.000491 
496 -0.000158 
497 -0.000259 
498 -0.000306 
499 -0.000455 
500 -0.000352 
501 -0.000245 
502 -0.000160 
503 -0.000275 
504 -0.000239 
505 -0.000486 
506 -0.000508 
507 -0.000533 
508 -0.000387 
509 -0.000084 
510 0.000122 
511 0.000287 
512 0.000521 
513 0.000678 
514 0.000721 
515 0.000732 
516 0.000535 
517 0.000439 
518 0.000389 
519 0.000116 
520 0.000030 
521 -0.000317 
522 -0.000651 
523 -0.000871 
524 -0.001021 
525 -0.000614 
526 -0.000485 
527 -0.000389 
528 -0.000333 
529 -0.000475 
530 -0.000315 
531 -0.000239 
532 -0.000120 
533 -0.000131 
534 -0.000055 
535 -0.000056 
536 -0.000256 
537 -0.000333 
538 -0.000456 
539 -0.000406 
540 -0.000378 
541 -0.000249 
542 -0.000146 
543 0.000080 
544 0.000440 
545 0.000567 
546 0.000528 
547 0.000500 
548 0.000371 
549 0.000336 
550 0.000352 
551 0.000435 
552 0.000599 
553 0.000522 
554 0.000224 
555 -0.000013 
556 -0.000429 
557 -0.000467 
558 -0.000714 
559 -0.000841 
560 -0.000733 
561 -0.000641 
562 -0.000630 
563 -0.000647 
564 -0.000426 
565 -0.000174 
566 0.000016 
567 0.000135 
568 0.000230 
569 0.000500 
570 0.000460 
571 0.000321 
572 0.000124 
573 -0.000098 
574 -0.000102 
575 -0.000230 
576 -0.000204 
577 -0.000118 
578 -0.000145 
579 -0.000073 
580 -0.000132 
581 -0.000010 
582 0.000344 
583 0.000491 
584 0.000558 
585 0.000583 
586 0.000701 
587 0.000600 
588 0.000376 
589 0.000297 
590 0.000227 
591 0.000351 
592 0.000442 
593 0.000475 
594 0.000330 
595 0.000100 
596 -0.000211 
597 -0.000433 
598 -0.000164 
599 -0.000063 
600 0.000073 
601 0.000334 
602 0.000682 
603 0.001054 
604 0.001113 
605 0.000915 
606 0.000631 
607 0.000367 
608 0.000330 
609 0.000266 
610 0.000137 
611 -0.000001 
612 -0.000225 
613 -0.000328 
614 -0.000496 
615 -0.000350 
616 -0.000279 
617 0.000084 
618 0.000368 
619 0.000469 
620 0.000795 
621 0.000862 
622 0.000758 
623 0.000484 
624 0.000410 
625 0.000253 
626 0.000197 
627 -0.000046 
628 -0.000046 
629 -0.000271 
630 -0.000353 
631 -0.000327 
632 -0.000195 
633 0.000180 
634 0.000276 
635 0.000325 
636 0.000420 
637 0.000400 
638 0.000282 
639 0.000167 
640 0.000335 
641 0.000349 
642 0.000374 
643 0.000261 
644 -0.000001 
645 -0.000141 
646 -0.000338 
647 -0.000402 
648 -0.000251 
649 -0.000227 
650 -0.000075 
651 0.000131 
652 0.000185 
653 0.000349 
654 0.000484 
655 0.000524 
656 0.000594 
657 0.000719 
658 0.000791 
659 0.001010 
660 0.000916 
661 0.000630 
662 0.000261 
663 -0.000021 
664 -0.000345 
665 -0.000503 
666 -0.000558 
667 -0.000482 
668 -0.000160 
669 0.000095 
670 0.000287 
671 0.000507 
672 0.000654 
673 0.000518 
674 0.000424 
675 0.000343 
676 0.000481 
677 0.000372 
678 0.000208 
679 -0.000035 
680 -0.000243 
681 -0.000093 
682 -0.000127 
683 0.000032 
684 -0.000136 
685 0.000030 
686 0.000058 
687 0.000336 
688 0.000429 
689 0.000509 
690 0.000499 
691 0.000515 
692 0.000542 
693 0.000569 
694 0.000431 
695 0.000330 
696 -0.000047 
697 -0.000202 
698 -0.000312 
699 -0.000362 
700 -0.000178 
701 -0.000387 
702 -0.000380 
703 -0.000464 
704 -0.000280 
705 -0.000091 
706 0.000102 
707 0.000206 
708 0.000470 
709 0.000693 
710 0.000594 
711 0.000342 
712 0.000100 
713 -0.000119 
714 -0.000374 
715 -0.000344 
716 -0.000221 
717 -0.000163 
718 -0.000045 
719 -0.000078 
720 -0.000021 
721 0.000006 
722 0.000156 
723 0.000280 
724 0.000321 
725 0.000295 
726 0.000418 
727 0.000337 
728 0.000320 
729 0.000108 
730 -0.000161 
731 -0.000340 
732 -0.000501 
733 -0.000534 
734 -0.000586 
735 -0.000627 
736 -0.000529 
737 -0.000403 
738 -0.000309 
739 -0.000311 
740 -0.000096 
741 0.000109 
742 0.000205 
743 0.000258 
744 0.000257 
745 0.000272 
746 0.000211 
747 0.000339 
748 0.000420 
749 0.000373 
750 0.000348 
751 0.000332 
752 0.000242 
753 0.000112 
754 0.000072 
755 0.000190 
756 0.000238 
757 0.000345 
758 0.000442 
759 0.000389 
760 0.000385 
761 0.000325 
762 0.000325 
763 0.000237 
764 0.000192 
765 0.000163 
766 0.000111 
767 -0.000013 
768 -0.000299 
769 -0.000536 
770 -0.000683 
771 -0.000646 
772 -0.000615 
773 -0.000482 
774 -0.000358 
775 -0.000174 
776 0.000099 
777 0.000309 
778 0.000306 
779 0.000353 
780 0.000148 
781 0.000032 
782 0.000036 
783 0.000001 
784 -0.000034 
785 -0.000066 
786 -0.000180 
787 -0.000144 
788 -0.000137 
789 -0.000099 
790 0.000009 
791 -0.000014 
792 0.000051 
793 0.000055 
794 0.000071 
795 0.000090 
796 0.000108 
797 0.000230 
798 0.000195 
799 0.000189 
800 0.000160 
801 0.000143 
802 0.000076 
803 -0.000071 
804 -0.000189 
805 -0.000313 
806 -0.000232 
807 -0.000279 
808 -0.000331 
809 -0.000269 
810 -0.000241 
811 -0.000040 
812 -0.000017 
813 0.000095 
814 0.000144 
815 0.000231 
816 0.000263 
817 0.000259 
818 0.000247 
819 0.000046 
820 -0.000022 
821 -0.000183 
822 -0.000262 
823 -0.000246 
824 -0.000152 
825 -0.000098 
826 -0.000112 
827 -0.000108 
828 -0.000093 
829 -0.000130 
830 -0.000057 
831 0.000065 
832 0.000182 
833 0.000212 
834 0.000237 
835 0.000259 
836 0.000166 
837 0.000120 
838 0.000074 
839 -0.000030 
840 -0.000032 
841 -0.000087 
842 -0.000085 
843 -0.000064 
844 -0.000081 
845 -0.000030 
846 -0.000020 
847 0.000018 
848 0.000022 
849 0.000052 
850 0.000061 
851 0.000066 
852 0.000051 
853 0.000076 
854 0.000057 
855 0.000008 
856 -0.000040 
857 -0.000124 
858 -0.000125 
859 -0.000144 
860 -0.000186 
861 -0.000145 
862 -0.000147 
863 -0.000080 
864 0.000016 
865 0.000170 
866 0.000256 
867 0.000346 
868 0.000329 
869 0.000296 
870 0.000224 
871 0.000149 
872 0.000147 
873 0.000054 
874 0.000049 
875 -0.000026 
876 -0.000133 
877 -0.000205 
878 -0.000214 
879 -0.000177 
880 -0.000114 
881 -0.000024 
882 0.000038 
883 0.000065 
884 0.000076 
885 0.000092 
886 0.000079 
887 0.000022 
888 -0.000054 
889 -0.000038 
890 -0.000031 
891 -0.000001 
892 -0.000024 
893 -0.000078 
894 -0.000120 
895 -0.000106 
896 -0.000115 
897 -0.000116 
898 -0.000084 
899 -0.000005 
900 0.000068 
901 0.000133 
902 0.000188 
903 0.000239 
904 0.000235 
905 0.000237 
906 0.000232 
907 0.000196 
908 0.000180 
909 0.000091 
910 0.000002 
911 -0.000066 
912 -0.000108 
913 -0.000118 
914 -0.000106 
915 -0.000070 
916 -0.000054 
917 -0.000031 
918 0.000070 
919 0.000126 
920 0.000154 
921 0.000159 
922 0.000150 
923 0.000158 
924 0.000122 
925 0.000084 
926 0.000031 
927 -0.000041 
928 -0.000138 
929 -0.000172 
930 -0.000147 
931 -0.000124 
932 -0.000102 
933 -0.000067 
934 -0.000029 
935 -0.000003 
936 -0.000011 
937 0.000025 
938 0.000062 
939 0.000104 
940 0.000132 
941 0.000127 
942 0.000079 
943 0.000037 
944 -0.000007 
945 -0.000051 
946 -0.000062 
947 -0.000069 
948 -0.000061 
949 -0.000034 
950 -0.000009 
951 0.000012 
952 0.000008 
953 0.000034 
954 0.000065 
955 0.000093 
956 0.000128 
957 0.000125 
958 0.000136 
959 0.000116 
960 0.000065 
961 0.000032 
962 0.000003 
963 -0.000030 
964 -0.000073 
965 -0.000091 
966 -0.000116 
967 -0.000101 
968 -0.000079 
969 -0.000041 
970 -0.000036 
971 -0.000012 
972 -0.000007 
973 0.000034 
974 0.000046 
975 0.000056 
976 0.000034 
977 0.000001 
978 -0.000016 
979 -0.000026 
980 -0.000037 
981 -0.000043 
982 -0.000062 
983 -0.000076 
984 -0.000079 
985 -0.000060 
986 -0.000028 
987 0.000000 
988 0.000028 
989 0.000056 
990 0.000062 
991 0.000063 
992 0.000046 
993 0.000023 
994 0.000016 
995 0.000018 
996 0.000012 
997 0.000004 
998 -0.000019 
999 -0.000025 
1000 -0.000053 
1001 -0.000078 
1002 -0.000085 
1003 -0.000087 
1004 -0.000097 
1005 -0.000087 
1006 -0.000070 
1007 -0.000046 
1008 -0.000019 
1009 -0.000027 
1010 -0.000030 
1011 -0.000041 
1012 -0.000032 
1013 -0.000022 
1014 -0.000015 
1015 -0.000023 
1016 -0.000019 
1017 -0.000039 
1018 -0.000040 
1019 -0.000042 
1020 -0.000030 
1021 -0.000005 
1022 0.000011 
1023 0.000024 
