0 -0.038363 
1 0.149194 
2 -0.085740 
3 0.094401 
4 -0.060725 
5 0.080851 
6 -0.093800 
7 0.010765 
8 0.013261 
9 0.013000 
10 0.038876 
11 0.019843 
12 0.165278 
13 -0.044755 
14 0.105445 
15 -0.139174 
16 0.109690 
17 -0.108068 
18 0.061779 
19 -0.022567 
20 0.173980 
21 0.002877 
22 0.030254 
23 0.004339 
24 -0.053216 
25 0.041214 
26 -0.077821 
27 0.126838 
28 0.019265 
29 0.127371 
30 -0.088892 
31 0.092871 
32 -0.038333 
33 0.076372 
34 0.044444 
35 -0.007465 
36 0.040282 
37 -0.021245 
38 0.064008 
39 0.015404 
40 0.080508 
41 0.014077 
42 0.131882 
43 -0.035603 
44 0.011742 
45 -0.007817 
46 0.101618 
47 0.080754 
48 -0.005037 
49 0.065340 
50 0.040239 
51 0.108428 
52 -0.133401 
53 0.036658 
54 -0.067346 
55 0.126815 
56 -0.047637 
57 0.108619 
58 0.007194 
59 0.116079 
60 -0.048451 
61 0.028462 
62 0.008706 
63 0.003619 
64 0.042419 
65 -0.073451 
66 0.074780 
67 0.001394 
68 0.142358 
69 -0.021595 
70 0.108179 
71 -0.130984 
72 0.026893 
73 -0.081538 
74 0.066240 
75 -0.007606 
76 0.063775 
77 0.028001 
78 0.058758 
79 0.026205 
80 -0.050053 
81 0.062891 
82 -0.085326 
83 0.083709 
84 -0.098342 
85 0.089500 
86 -0.025142 
87 0.184147 
88 -0.041964 
89 0.082602 
90 -0.067935 
91 0.056992 
92 0.028081 
93 -0.023098 
94 -0.034724 
95 0.028072 
96 0.114512 
97 -0.007063 
98 0.097522 
99 -0.087880 
100 0.144872 
101 -0.143892 
102 0.054551 
103 -0.090143 
104 0.207196 
105 -0.040882 
106 0.063467 
107 -0.076342 
108 0.061994 
109 0.032749 
110 -0.046116 
111 0.019851 
112 -0.079047 
113 0.099233 
114 -0.086708 
115 0.125647 
116 -0.038542 
117 0.145203 
118 -0.054573 
119 0.028166 
120 -0.048343 
121 -0.009283 
122 0.053437 
123 -0.038442 
124 0.047663 
125 -0.067006 
126 0.181463 
127 -0.053975 
128 0.031503 
129 -0.112047 
130 0.059083 
131 0.007881 
132 0.023964 
133 0.013268 
134 0.090763 
135 -0.024750 
136 -0.014219 
137 -0.039080 
138 0.079744 
139 0.003995 
140 -0.010239 
141 -0.061611 
142 0.067626 
143 0.003405 
144 0.012957 
145 0.050676 
146 0.014407 
147 -0.006570 
148 -0.064021 
149 -0.045865 
150 0.014491 
151 0.022037 
152 -0.016169 
153 0.012562 
154 0.027574 
155 -0.055409 
156 0.015152 
157 -0.106485 
158 0.010016 
159 -0.058448 
160 0.056039 
161 -0.065693 
162 0.080571 
163 0.006247 
164 0.018339 
165 0.017929 
166 -0.087377 
167 0.070815 
168 -0.117380 
169 0.035719 
170 -0.145920 
171 0.104169 
172 -0.065697 
173 0.151095 
174 -0.088137 
175 0.119092 
176 -0.026159 
177 0.007911 
178 -0.116043 
179 0.020139 
180 0.064191 
181 0.025572 
182 0.035993 
183 -0.102041 
184 0.079972 
185 -0.036700 
186 0.047430 
187 -0.035973 
188 0.036013 
189 0.027687 
190 0.003233 
191 0.015861 
192 -0.019932 
193 0.050668 
194 -0.083834 
195 0.027067 
196 -0.073126 
197 0.076063 
198 -0.023796 
199 0.068934 
200 -0.006448 
201 0.051368 
202 -0.018969 
203 0.014404 
204 -0.047213 
205 -0.043769 
206 -0.064547 
207 -0.039185 
208 0.032836 
209 0.083465 
210 0.097533 
211 -0.048036 
212 0.059503 
213 -0.079589 
214 0.100458 
215 -0.093231 
216 0.052885 
217 -0.105782 
218 0.065197 
219 -0.078369 
220 0.077350 
221 0.029753 
222 0.029399 
223 0.053687 
224 -0.140419 
225 0.070903 
226 -0.101428 
227 0.122560 
228 -0.132869 
229 0.151201 
230 -0.102841 
231 0.086631 
232 -0.103584 
233 0.044232 
234 -0.018905 
235 0.001293 
236 -0.016010 
237 -0.015505 
238 0.114497 
239 -0.017040 
240 0.050063 
241 -0.160576 
242 0.028595 
243 -0.037579 
244 0.045155 
245 -0.085867 
246 0.028345 
247 -0.001025 
248 0.045292 
249 -0.044142 
250 -0.029689 
251 0.007667 
252 -0.025917 
253 -0.060494 
254 -0.035036 
255 0.057060 
256 0.053691 
257 0.013079 
258 -0.072358 
259 -0.030902 
260 -0.042448 
261 -0.026916 
262 -0.013496 
263 -0.000761 
264 0.043914 
265 0.013140 
266 0.046193 
267 -0.007566 
268 0.066075 
269 -0.061428 
270 0.007732 
271 -0.123029 
272 0.067683 
273 -0.009509 
274 0.049017 
275 -0.104503 
276 0.043741 
277 -0.018250 
278 0.020744 
279 0.014746 
280 -0.014431 
281 0.050348 
282 -0.069495 
283 0.012899 
284 -0.053984 
285 0.129616 
286 -0.110013 
287 0.012258 
288 -0.139093 
289 0.048929 
290 -0.022486 
291 0.053177 
292 0.023504 
293 0.032763 
294 0.009983 
295 -0.078232 
296 0.026764 
297 -0.083830 
298 0.048287 
299 -0.123321 
300 -0.007525 
301 -0.072686 
302 0.078848 
303 -0.045609 
304 0.000452 
305 -0.009194 
306 -0.013563 
307 0.043220 
308 -0.100456 
309 0.003926 
310 -0.037249 
311 0.033833 
312 -0.063453 
313 0.049027 
314 -0.023417 
315 0.042279 
316 -0.079647 
317 -0.063048 
318 -0.016962 
319 0.031772 
320 -0.001008 
321 -0.005039 
322 -0.007326 
323 -0.002841 
324 -0.029327 
325 -0.024844 
326 0.005848 
327 0.008496 
328 0.012069 
329 -0.086478 
330 -0.008184 
331 -0.064234 
332 0.061674 
333 -0.062893 
334 -0.014377 
335 -0.011774 
336 -0.034035 
337 0.002458 
338 -0.064831 
339 0.103232 
340 -0.079195 
341 0.054529 
342 -0.155005 
343 0.096769 
344 -0.099510 
345 0.012178 
346 -0.103343 
347 0.008544 
348 -0.008044 
349 -0.009063 
350 -0.002915 
351 -0.022077 
352 0.061399 
353 -0.082618 
354 0.044215 
355 -0.081384 
356 0.030449 
357 -0.074331 
358 -0.039416 
359 -0.086432 
360 0.033614 
361 0.046941 
362 0.050373 
363 0.012708 
364 -0.020340 
365 0.020582 
366 -0.024738 
367 -0.061504 
368 -0.023260 
369 0.026429 
370 -0.056217 
371 -0.029274 
372 -0.030620 
373 0.041882 
374 0.012373 
375 -0.044525 
376 -0.019532 
377 -0.012142 
378 0.016874 
379 -0.062277 
380 0.010488 
381 -0.060088 
382 0.055850 
383 -0.076115 
384 -0.003464 
385 -0.047536 
386 -0.000141 
387 -0.086143 
388 -0.000913 
389 -0.017789 
390 0.051983 
391 0.025054 
392 -0.038361 
393 -0.023484 
394 -0.078568 
395 0.036505 
396 -0.073570 
397 0.078910 
398 -0.105610 
399 0.077478 
400 -0.140030 
401 0.060767 
402 -0.047055 
403 0.043623 
404 -0.053657 
405 -0.028937 
406 -0.015932 
407 -0.006422 
408 0.029548 
409 -0.035467 
410 0.101208 
411 -0.044543 
412 0.029845 
413 -0.124445 
414 0.031575 
415 -0.051079 
416 0.039865 
417 -0.093405 
418 0.046777 
419 0.076335 
420 0.001312 
421 0.011806 
422 -0.092929 
423 0.035589 
424 -0.028887 
425 0.015156 
426 -0.100948 
427 0.047016 
428 -0.068484 
429 0.017374 
430 -0.022978 
431 0.019562 
432 0.045929 
433 -0.053391 
434 -0.056294 
435 -0.058483 
436 0.063506 
437 -0.038492 
438 0.090422 
439 -0.096503 
440 0.054621 
441 -0.077974 
442 0.022098 
443 -0.108485 
444 0.053463 
445 -0.030149 
446 0.037786 
447 -0.038335 
448 0.015812 
449 0.038883 
450 -0.007318 
451 -0.056098 
452 -0.063553 
453 0.048821 
454 -0.053164 
455 0.052616 
456 -0.104674 
457 0.106186 
458 -0.050797 
459 0.066623 
460 -0.085232 
461 0.063837 
462 -0.076760 
463 0.003871 
464 -0.037108 
465 -0.000162 
466 0.048653 
467 -0.038758 
468 0.048325 
469 -0.054889 
470 -0.008549 
471 -0.075416 
472 0.020318 
473 -0.028267 
474 0.039012 
475 -0.015616 
476 -0.021267 
477 0.002937 
478 -0.025486 
479 0.050150 
480 -0.083498 
481 0.042559 
482 -0.092340 
483 0.042309 
484 -0.117922 
485 0.075893 
486 -0.009446 
487 0.078112 
488 -0.028576 
489 -0.022312 
490 -0.009365 
491 0.003141 
492 -0.017499 
493 -0.067961 
494 0.085122 
495 -0.024014 
496 0.062369 
497 -0.120215 
498 0.045542 
499 -0.056460 
500 0.083836 
501 -0.084111 
502 0.098576 
503 -0.012117 
504 0.050235 
505 -0.058005 
506 -0.029843 
507 0.014319 
508 0.011107 
509 -0.014662 
510 -0.110441 
511 0.051850 
512 -0.027923 
513 0.115894 
514 -0.025278 
515 0.077673 
516 -0.030125 
517 0.006511 
518 -0.104358 
519 0.030175 
520 -0.031464 
521 0.020824 
522 -0.023048 
523 -0.023461 
524 0.004364 
525 -0.035285 
526 -0.012222 
527 -0.049315 
528 0.055124 
529 -0.048765 
530 0.042359 
531 -0.040065 
532 0.002730 
533 -0.031252 
534 -0.069482 
535 0.010318 
536 -0.053236 
537 0.073230 
538 -0.078995 
539 0.027038 
540 -0.139923 
541 0.109359 
542 -0.050330 
543 0.077626 
544 -0.043595 
545 0.024072 
546 -0.061498 
547 -0.042884 
548 -0.007037 
549 0.001433 
550 0.066369 
551 -0.109674 
552 0.056015 
553 -0.071556 
554 0.059659 
555 -0.086136 
556 0.024492 
557 -0.031573 
558 0.058520 
559 -0.063687 
560 0.024990 
561 0.006813 
562 0.042158 
563 -0.049067 
564 -0.020550 
565 -0.044284 
566 0.011840 
567 0.017559 
568 -0.078281 
569 0.034500 
570 -0.011624 
571 0.112952 
572 0.014131 
573 -0.015318 
574 -0.070986 
575 -0.004135 
576 -0.055886 
577 -0.007771 
578 0.055810 
579 0.018322 
580 0.030908 
581 -0.066527 
582 -0.005383 
583 -0.013922 
584 0.062706 
585 -0.053034 
586 0.035665 
587 -0.025159 
588 0.042915 
589 -0.005807 
590 -0.026211 
591 0.071210 
592 -0.022755 
593 0.037732 
594 -0.098657 
595 0.082433 
596 -0.071438 
597 0.095795 
598 -0.063030 
599 0.105028 
600 -0.004522 
601 0.042497 
602 -0.067836 
603 -0.019238 
604 0.001314 
605 -0.025277 
606 0.029216 
607 -0.026115 
608 0.072778 
609 -0.047457 
610 0.050293 
611 -0.048704 
612 0.061988 
613 -0.076454 
614 0.005199 
615 -0.071922 
616 0.024133 
617 0.026998 
618 -0.000157 
619 0.046224 
620 -0.020435 
621 0.024320 
622 -0.092282 
623 -0.043432 
624 -0.077336 
625 0.087964 
626 -0.020736 
627 0.031736 
628 -0.019221 
629 0.024627 
630 -0.024632 
631 -0.040516 
632 -0.055098 
633 0.002090 
634 0.017698 
635 -0.045608 
636 0.044567 
637 -0.015909 
638 0.057712 
639 -0.065973 
640 -0.007375 
641 -0.026543 
642 0.039297 
643 -0.050410 
644 0.036233 
645 -0.002121 
646 0.054091 
647 0.017465 
648 0.014694 
649 -0.017062 
650 -0.046976 
651 0.003999 
652 -0.104178 
653 0.096946 
654 -0.040251 
655 0.136867 
656 -0.087707 
657 0.025674 
658 -0.049863 
659 0.073675 
660 -0.005846 
661 -0.010348 
662 0.034331 
663 -0.038286 
664 0.016644 
665 -0.079943 
666 0.075717 
667 0.001240 
668 0.048653 
669 -0.071872 
670 0.044329 
671 -0.016497 
672 0.012312 
673 -0.039774 
674 -0.026573 
675 0.046547 
676 -0.007778 
677 0.010966 
678 -0.026871 
679 -0.008550 
680 -0.044440 
681 0.001917 
682 -0.019560 
683 0.049721 
684 0.039572 
685 -0.008034 
686 -0.051143 
687 -0.042403 
688 0.025971 
689 0.052996 
690 0.004400 
691 -0.033955 
692 -0.022188 
693 -0.033238 
694 -0.007536 
695 0.010448 
696 0.038282 
697 -0.001282 
698 -0.023585 
699 -0.095156 
700 0.035423 
701 0.024521 
702 -0.021335 
703 0.018002 
704 -0.045052 
705 0.071297 
706 -0.073303 
707 0.056968 
708 -0.124917 
709 0.079275 
710 -0.164542 
711 0.044756 
712 -0.099563 
713 0.045304 
714 -0.062234 
715 0.055030 
716 -0.013634 
717 0.071301 
718 0.005592 
719 -0.059766 
720 -0.025812 
721 -0.120524 
722 -0.015653 
723 -0.098267 
724 0.065982 
725 -0.032087 
726 0.077943 
727 -0.107578 
728 0.028867 
729 -0.029510 
730 0.035617 
731 -0.033380 
732 -0.001934 
733 -0.045431 
734 0.063196 
735 -0.017663 
736 -0.025272 
737 -0.013117 
738 -0.019064 
739 0.035787 
740 -0.038006 
741 0.021083 
742 0.044036 
743 0.046645 
744 -0.005724 
745 -0.032881 
746 0.007072 
747 -0.006129 
748 0.011333 
749 -0.116126 
750 0.005422 
751 0.023582 
752 0.056040 
753 0.002599 
754 -0.020562 
755 -0.016035 
756 -0.017471 
757 -0.044494 
758 -0.020409 
759 0.076273 
760 -0.005137 
761 0.025864 
762 -0.122114 
763 0.033101 
764 -0.049501 
765 0.079064 
766 -0.110003 
767 0.054861 
768 -0.096081 
769 0.053308 
770 -0.060113 
771 0.067292 
772 -0.042435 
773 0.051432 
774 -0.070895 
775 -0.022388 
776 -0.033325 
777 -0.034055 
778 0.022612 
779 -0.010385 
780 0.002646 
781 -0.007810 
782 0.046884 
783 -0.068053 
784 0.041103 
785 -0.075219 
786 0.017479 
787 -0.007641 
788 0.005957 
789 -0.000643 
790 -0.043153 
791 -0.020525 
792 -0.027292 
793 0.032047 
794 -0.011987 
795 0.028378 
796 0.003263 
797 0.001556 
798 -0.028021 
799 -0.091672 
800 0.024946 
801 0.003271 
802 -0.031786 
803 -0.146903 
804 -0.034320 
805 -0.008909 
806 0.076135 
807 -0.021206 
808 0.039501 
809 -0.003668 
810 0.006404 
811 -0.109803 
812 -0.032016 
813 -0.053227 
814 0.007800 
815 -0.037630 
816 -0.037566 
817 0.036388 
818 0.045793 
819 0.052071 
820 -0.055763 
821 -0.000511 
822 -0.074481 
823 0.131042 
824 -0.088874 
825 0.046966 
826 -0.117568 
827 0.110302 
828 -0.032340 
829 0.047936 
830 -0.047838 
831 0.031034 
832 -0.014385 
833 -0.096428 
834 0.045297 
835 0.020944 
836 0.069228 
837 -0.037144 
838 0.016933 
839 -0.070026 
840 0.060092 
841 -0.097057 
842 0.037969 
843 -0.041888 
844 -0.006010 
845 -0.029059 
846 -0.006814 
847 0.038127 
848 -0.005983 
849 0.021956 
850 -0.068140 
851 0.048295 
852 -0.078059 
853 0.031261 
854 -0.027448 
855 0.008579 
856 -0.012132 
857 0.014049 
858 -0.025436 
859 -0.092911 
860 -0.009002 
861 -0.086696 
862 0.056921 
863 -0.045606 
864 0.128072 
865 0.027831 
866 0.054808 
867 -0.137699 
868 0.002902 
869 -0.084197 
870 -0.009352 
871 -0.074966 
872 -0.021104 
873 0.045457 
874 0.007270 
875 0.099466 
876 0.079879 
877 0.097940 
878 -0.140805 
879 -0.058126 
880 -0.164240 
881 0.004967 
882 -0.159537 
883 0.094491 
884 0.044283 
885 0.118891 
886 -0.032301 
887 0.074162 
888 0.044683 
889 -0.028363 
890 -0.086118 
891 -0.107469 
892 0.010467 
893 -0.012324 
894 -0.000172 
895 -0.133680 
896 0.038971 
897 -0.033589 
898 0.126041 
899 -0.014452 
900 -0.025342 
901 0.007950 
902 -0.041655 
903 0.051264 
904 -0.057199 
905 0.074597 
906 -0.052386 
907 0.070719 
908 -0.181453 
909 0.033742 
910 -0.042744 
911 0.091236 
912 -0.010154 
913 -0.005723 
914 -0.004421 
915 -0.042134 
916 0.044288 
917 -0.131487 
918 0.091244 
919 -0.091498 
920 0.087549 
921 -0.126905 
922 0.050235 
923 -0.025288 
924 0.111576 
925 -0.076788 
926 0.035550 
927 -0.063763 
928 0.034077 
929 -0.027000 
930 -0.041243 
931 0.011637 
932 -0.064346 
933 0.057275 
934 -0.142283 
935 0.128374 
936 -0.150975 
937 0.130936 
938 -0.173158 
939 0.153758 
940 -0.075348 
941 0.123256 
942 -0.100569 
943 0.043980 
944 -0.073686 
945 -0.048256 
946 -0.022736 
947 -0.036937 
948 0.083339 
949 -0.090357 
950 0.023964 
951 -0.101173 
952 0.119421 
953 -0.054368 
954 0.080265 
955 -0.085087 
956 0.036464 
957 -0.018431 
958 -0.073302 
959 -0.049260 
960 -0.044002 
961 0.000748 
962 0.009311 
963 0.016899 
964 -0.012642 
965 0.066077 
966 -0.025642 
967 0.020565 
968 -0.035804 
969 0.083056 
970 -0.022525 
971 0.008513 
972 -0.082994 
973 -0.005132 
974 -0.026920 
975 -0.043390 
976 0.018112 
977 0.010528 
978 0.032372 
979 -0.038784 
980 0.086858 
981 0.028098 
982 0.086271 
983 -0.074437 
984 -0.093547 
985 0.012977 
986 -0.062245 
987 0.072654 
988 -0.067154 
989 0.106111 
990 -0.076060 
991 0.066044 
992 -0.126174 
993 0.089924 
994 -0.018020 
995 0.102025 
996 -0.066854 
997 0.039844 
998 -0.043210 
999 -0.002396 
1000 -0.012703 
1001 -0.069915 
1002 0.034089 
1003 -0.026111 
1004 0.071135 
1005 -0.038771 
1006 0.095293 
1007 -0.092942 
1008 0.116452 
1009 -0.119443 
1010 0.124753 
1011 -0.127074 
1012 0.108553 
1013 -0.108139 
1014 0.065116 
1015 -0.043635 
1016 0.147141 
1017 0.040437 
1018 0.017627 
1019 -0.007360 
1020 -0.087784 
1021 0.087730 
1022 -0.111307 
1023 0.122165 
