0 0.006577 
1 -0.034988 
2 0.018222 
3 0.003872 
4 -0.016431 
5 0.069379 
6 0.020947 
7 0.072551 
8 -0.059857 
9 -0.012596 
10 -0.095784 
11 0.017019 
12 -0.040884 
13 0.001392 
14 0.016422 
15 -0.045795 
16 0.091718 
17 -0.046559 
18 0.077945 
19 -0.052829 
20 0.034277 
21 -0.037360 
22 -0.013629 
23 -0.028331 
24 0.023496 
25 -0.033480 
26 0.004405 
27 -0.056407 
28 0.031971 
29 -0.024374 
30 0.096417 
31 -0.008298 
32 0.056388 
33 -0.072770 
34 0.083002 
35 -0.090589 
36 -0.034342 
37 -0.120419 
38 0.058820 
39 0.045747 
40 0.025548 
41 -0.001253 
42 0.048071 
43 0.002262 
44 0.015690 
45 -0.070118 
46 -0.007051 
47 -0.065847 
48 0.014390 
49 -0.088652 
50 0.143024 
51 -0.056660 
52 0.141337 
53 -0.113716 
54 0.091542 
55 -0.054086 
56 0.044102 
57 -0.064441 
58 -0.014321 
59 0.018471 
60 0.034723 
61 -0.030478 
62 -0.012974 
63 -0.018206 
64 0.054114 
65 -0.020183 
66 0.024021 
67 -0.018418 
68 0.013326 
69 -0.007832 
70 -0.053809 
71 0.020450 
72 -0.032188 
73 0.065500 
74 -0.055557 
75 0.004128 
76 0.067571 
77 0.033861 
78 0.114449 
79 -0.152427 
80 0.117335 
81 -0.187011 
82 0.106963 
83 -0.165132 
84 0.076628 
85 -0.064511 
86 0.111722 
87 0.053746 
88 0.086797 
89 0.029696 
90 0.024609 
91 -0.033491 
92 0.002339 
93 -0.169293 
94 0.022087 
95 -0.120293 
96 0.182205 
97 -0.079002 
98 0.212423 
99 -0.081746 
100 0.122408 
101 -0.071018 
102 0.072713 
103 -0.074847 
104 0.041608 
105 -0.038433 
106 0.026499 
107 -0.069215 
108 0.026377 
109 -0.006352 
110 0.020281 
111 -0.001145 
112 0.063017 
113 0.064830 
114 0.025299 
115 0.013871 
116 -0.004150 
117 -0.064940 
118 -0.012227 
119 -0.053859 
120 0.028502 
121 -0.060278 
122 0.080401 
123 0.024247 
124 0.139497 
125 -0.032974 
126 0.040507 
127 -0.059359 
128 0.000667 
129 -0.028421 
130 0.002879 
131 -0.053371 
132 0.030169 
133 -0.037951 
134 0.144089 
135 -0.098472 
136 0.106759 
137 -0.075016 
138 0.157000 
139 -0.128355 
140 0.038947 
141 -0.106419 
142 0.111982 
143 -0.101958 
144 0.034572 
145 -0.065243 
146 0.084172 
147 -0.012994 
148 0.031870 
149 -0.042553 
150 0.065157 
151 0.021033 
152 0.032461 
153 -0.115391 
154 -0.017351 
155 -0.029515 
156 0.043441 
157 -0.079032 
158 0.073290 
159 -0.079720 
160 0.173088 
161 -0.139959 
162 0.179572 
163 -0.134274 
164 0.120685 
165 -0.138739 
166 0.036269 
167 -0.078348 
168 0.033962 
169 -0.007673 
170 0.026884 
171 -0.003662 
172 0.016366 
173 0.038307 
174 -0.035913 
175 -0.006640 
176 -0.002963 
177 -0.005062 
178 -0.001820 
179 -0.042014 
180 0.013008 
181 0.026243 
182 -0.040071 
183 0.030507 
184 -0.018986 
185 -0.001506 
186 0.044243 
187 -0.053242 
188 0.103664 
189 -0.126216 
190 0.093828 
191 -0.185667 
192 0.064141 
193 -0.132687 
194 0.090587 
195 -0.086643 
196 0.111781 
197 -0.029774 
198 0.069904 
199 -0.025508 
200 0.043698 
201 -0.030395 
202 -0.012232 
203 -0.091869 
204 0.045907 
205 -0.053244 
206 0.020527 
207 -0.024993 
208 0.082830 
209 0.083134 
210 -0.077096 
211 0.004786 
212 -0.084956 
213 0.052373 
214 -0.079320 
215 0.008822 
216 -0.074093 
217 0.072910 
218 -0.030981 
219 0.064769 
220 -0.048768 
221 0.045200 
222 0.022836 
223 -0.011065 
224 -0.028940 
225 -0.029220 
226 0.025186 
227 0.001521 
228 -0.008139 
229 -0.066891 
230 0.027805 
231 -0.042918 
232 0.067470 
233 -0.036224 
234 0.059931 
235 0.009713 
236 0.038461 
237 -0.022478 
238 -0.086082 
239 -0.043950 
240 -0.019362 
241 0.032943 
242 -0.038137 
243 0.100253 
244 -0.035992 
245 0.141823 
246 -0.032543 
247 0.107427 
248 -0.133457 
249 0.015137 
250 -0.075251 
251 0.045549 
252 -0.068872 
253 0.024146 
254 0.039359 
255 0.100049 
256 -0.012238 
257 -0.019241 
258 -0.004326 
259 0.034617 
260 -0.046944 
261 0.017560 
262 -0.054910 
263 0.039313 
264 -0.045527 
265 0.034135 
266 -0.001135 
267 0.042113 
268 0.050664 
269 0.038709 
270 -0.025858 
271 0.025361 
272 -0.022670 
273 0.032153 
274 -0.076845 
275 -0.006655 
276 -0.072975 
277 0.051078 
278 -0.013832 
279 0.125323 
280 -0.017023 
281 0.084338 
282 -0.009383 
283 0.077551 
284 -0.065769 
285 -0.021224 
286 -0.117223 
287 0.061612 
288 -0.099281 
289 0.081349 
290 -0.073142 
291 0.167204 
292 -0.002215 
293 0.129031 
294 -0.093014 
295 0.012155 
296 -0.046039 
297 0.003076 
298 -0.055541 
299 -0.046807 
300 0.057703 
301 0.022213 
302 0.006330 
303 -0.032126 
304 0.013148 
305 0.071385 
306 -0.039814 
307 0.064594 
308 -0.072748 
309 0.089856 
310 -0.095388 
311 0.045446 
312 -0.102217 
313 0.029411 
314 -0.031521 
315 0.054865 
316 -0.031260 
317 0.076580 
318 -0.012869 
319 0.087056 
320 -0.066149 
321 0.060328 
322 -0.158575 
323 0.046152 
324 -0.142693 
325 0.149974 
326 -0.080733 
327 0.116602 
328 -0.096140 
329 0.112813 
330 -0.062480 
331 0.059491 
332 -0.068603 
333 0.042459 
334 -0.063522 
335 0.011832 
336 -0.046173 
337 0.005679 
338 -0.019812 
339 -0.004192 
340 -0.003094 
341 -0.041103 
342 0.025564 
343 0.018423 
344 -0.010115 
345 0.028189 
346 -0.028097 
347 0.048227 
348 -0.088422 
349 -0.001079 
350 -0.055984 
351 0.069752 
352 -0.057112 
353 0.085285 
354 -0.067800 
355 0.119758 
356 -0.106137 
357 0.088899 
358 -0.112575 
359 0.067156 
360 -0.166516 
361 0.072157 
362 -0.093254 
363 0.127166 
364 -0.053684 
365 0.057956 
366 -0.043425 
367 0.053686 
368 -0.032895 
369 0.000290 
370 -0.112306 
371 0.112357 
372 -0.089630 
373 0.121881 
374 -0.136921 
375 0.087413 
376 -0.093823 
377 0.065720 
378 -0.017769 
379 0.010205 
380 0.003172 
381 -0.000632 
382 0.016864 
383 -0.034836 
384 -0.021891 
385 0.013224 
386 -0.057696 
387 0.025018 
388 -0.131282 
389 0.168943 
390 -0.079373 
391 0.158938 
392 -0.083878 
393 0.061991 
394 -0.050553 
395 -0.013150 
396 -0.007255 
397 -0.032981 
398 -0.050313 
399 0.053526 
400 0.040872 
401 0.056721 
402 -0.050449 
403 0.034468 
404 0.023746 
405 0.008855 
406 -0.101190 
407 -0.068688 
408 0.001962 
409 0.017777 
410 0.069614 
411 -0.032756 
412 0.077108 
413 0.001890 
414 -0.008107 
415 0.018733 
416 -0.080215 
417 0.081545 
418 -0.097764 
419 0.065359 
420 -0.095626 
421 0.098881 
422 -0.063985 
423 0.076374 
424 -0.069487 
425 0.097170 
426 -0.069277 
427 0.088900 
428 -0.032259 
429 0.051183 
430 -0.038803 
431 0.011491 
432 -0.031020 
433 -0.006584 
434 -0.040090 
435 -0.009259 
436 0.049200 
437 0.028159 
438 0.080209 
439 -0.027306 
440 -0.001690 
441 -0.035919 
442 0.016815 
443 -0.037427 
444 -0.033251 
445 -0.063728 
446 0.112840 
447 -0.027850 
448 0.108739 
449 -0.062889 
450 0.086339 
451 -0.016294 
452 -0.027867 
453 -0.028944 
454 -0.045207 
455 0.019581 
456 -0.058156 
457 0.039519 
458 -0.043882 
459 0.088119 
460 -0.045189 
461 0.032432 
462 0.002309 
463 0.042789 
464 0.027901 
465 -0.024141 
466 -0.035764 
467 -0.012875 
468 -0.062078 
469 0.036196 
470 -0.052643 
471 0.044368 
472 -0.024633 
473 0.031972 
474 0.062674 
475 0.014619 
476 0.044348 
477 -0.075781 
478 0.010428 
479 -0.094690 
480 0.033065 
481 -0.060491 
482 0.015183 
483 -0.006145 
484 0.032523 
485 0.043529 
486 -0.053071 
487 0.048873 
488 -0.040000 
489 0.066777 
490 -0.052101 
491 -0.025345 
492 -0.008255 
493 -0.029089 
494 0.011634 
495 -0.012432 
496 0.028966 
497 -0.027290 
498 0.025458 
499 -0.025899 
500 0.039762 
501 -0.005475 
502 0.011243 
503 -0.000680 
504 -0.038798 
505 -0.016202 
506 -0.064725 
507 -0.033402 
508 0.025285 
509 0.002799 
510 0.057183 
511 -0.017507 
512 0.115293 
513 -0.011329 
514 0.011921 
515 -0.124975 
516 0.037992 
517 -0.064671 
518 0.013375 
519 -0.125390 
520 0.068877 
521 0.021550 
522 0.122464 
523 -0.033723 
524 -0.013545 
525 -0.032940 
526 0.010869 
527 0.015132 
528 -0.026617 
529 -0.016851 
530 -0.004568 
531 0.010602 
532 -0.043391 
533 -0.008369 
534 0.001030 
535 0.017990 
536 0.016776 
537 -0.022036 
538 0.046825 
539 0.000035 
540 0.041830 
541 -0.052974 
542 -0.000815 
543 -0.065524 
544 0.058255 
545 -0.060560 
546 0.092513 
547 -0.072978 
548 0.142022 
549 -0.056414 
550 0.085374 
551 -0.142605 
552 0.026569 
553 -0.088322 
554 0.107109 
555 -0.073978 
556 0.058528 
557 -0.082077 
558 0.173010 
559 -0.021815 
560 0.077117 
561 -0.120790 
562 0.057848 
563 -0.056100 
564 0.006392 
565 -0.089199 
566 0.022741 
567 0.036219 
568 0.010486 
569 0.047655 
570 -0.008677 
571 0.046200 
572 0.000938 
573 -0.010649 
574 0.025787 
575 -0.046446 
576 0.040105 
577 -0.042834 
578 -0.005636 
579 -0.018346 
580 0.041704 
581 0.019506 
582 0.044755 
583 -0.043417 
584 0.048752 
585 -0.049473 
586 0.096574 
587 -0.067397 
588 0.052703 
589 -0.139490 
590 0.070863 
591 -0.073764 
592 0.121973 
593 -0.015497 
594 0.082708 
595 0.007677 
596 0.029646 
597 -0.000510 
598 -0.048816 
599 -0.064675 
600 -0.016094 
601 -0.039532 
602 0.015478 
603 -0.048200 
604 0.098866 
605 0.048747 
606 0.071839 
607 -0.026183 
608 0.035472 
609 -0.050478 
610 -0.041495 
611 -0.070717 
612 0.018586 
613 0.009021 
614 -0.008337 
615 -0.022604 
616 0.045343 
617 0.015603 
618 0.075983 
619 -0.049718 
620 0.071908 
621 -0.043915 
622 0.023078 
623 -0.063271 
624 0.013492 
625 -0.052434 
626 0.033588 
627 -0.061851 
628 0.034617 
629 0.007967 
630 0.041048 
631 0.025911 
632 -0.017595 
633 0.048245 
634 -0.045566 
635 -0.016110 
636 -0.090244 
637 0.007658 
638 -0.027698 
639 0.069616 
640 -0.016834 
641 0.052239 
642 0.000760 
643 0.053374 
644 0.032841 
645 -0.064397 
646 -0.014439 
647 -0.043216 
648 0.013149 
649 -0.084087 
650 0.043345 
651 -0.051413 
652 0.105318 
653 -0.098562 
654 0.142259 
655 -0.101522 
656 0.091327 
657 -0.105120 
658 0.094533 
659 -0.055040 
660 -0.005443 
661 -0.065542 
662 -0.005045 
663 -0.027900 
664 -0.037529 
665 0.066614 
666 0.041824 
667 0.093829 
668 -0.037717 
669 -0.007210 
670 0.011587 
671 -0.012651 
672 -0.003220 
673 -0.095215 
674 -0.051759 
675 0.009488 
676 0.004056 
677 0.058938 
678 -0.007113 
679 0.059693 
680 0.001859 
681 -0.023324 
682 -0.022041 
683 -0.015654 
684 -0.010212 
685 -0.020887 
686 0.006974 
687 -0.031891 
688 0.062214 
689 -0.031587 
690 0.078547 
691 -0.037952 
692 0.041745 
693 -0.046223 
694 0.030374 
695 -0.059664 
696 0.030189 
697 -0.058614 
698 0.033361 
699 -0.097013 
700 0.035287 
701 -0.031714 
702 0.004313 
703 0.053822 
704 0.053757 
705 0.095603 
706 -0.063883 
707 0.038389 
708 -0.040175 
709 0.015119 
710 -0.157873 
711 -0.034555 
712 -0.023268 
713 0.086948 
714 0.030493 
715 0.010395 
716 0.074192 
717 0.013615 
718 0.040495 
719 -0.085634 
720 -0.066728 
721 -0.021196 
722 -0.010573 
723 0.043703 
724 -0.024298 
725 0.047544 
726 0.000958 
727 0.041677 
728 -0.027511 
729 0.023665 
730 -0.004364 
731 -0.013850 
732 0.011536 
733 -0.059093 
734 -0.017053 
735 -0.014759 
736 0.022966 
737 0.023621 
738 -0.046775 
739 0.077964 
740 -0.056819 
741 0.118072 
742 -0.092804 
743 0.083892 
744 -0.125012 
745 0.041213 
746 -0.095685 
747 0.038557 
748 -0.074191 
749 0.082987 
750 0.031076 
751 0.095702 
752 -0.050850 
753 0.005103 
754 -0.010540 
755 -0.000181 
756 -0.087711 
757 -0.049785 
758 -0.047868 
759 0.006535 
760 0.015897 
761 0.038090 
762 0.077812 
763 0.035212 
764 0.028022 
765 -0.012682 
766 -0.052961 
767 -0.026200 
768 -0.048078 
769 0.000912 
770 -0.032332 
771 0.058879 
772 -0.034285 
773 0.051080 
774 -0.053905 
775 0.109354 
776 -0.074821 
777 0.073545 
778 -0.121246 
779 0.077218 
780 -0.142693 
781 0.064081 
782 -0.094313 
783 0.119414 
784 -0.079562 
785 0.086934 
786 -0.055857 
787 0.099951 
788 -0.007611 
789 0.060396 
790 -0.059977 
791 -0.051357 
792 -0.038074 
793 -0.014829 
794 -0.033140 
795 -0.035700 
796 0.065552 
797 0.017650 
798 0.050235 
799 -0.046471 
800 0.036082 
801 -0.001036 
802 -0.064845 
803 -0.004619 
804 -0.064887 
805 0.035369 
806 -0.041124 
807 0.079852 
808 -0.000751 
809 0.063533 
810 -0.064710 
811 0.043605 
812 -0.047279 
813 0.054325 
814 -0.091222 
815 0.042361 
816 -0.037391 
817 0.091246 
818 -0.100502 
819 0.055861 
820 -0.083768 
821 0.100593 
822 -0.082325 
823 0.028166 
824 0.008006 
825 0.067539 
826 0.008327 
827 -0.084060 
828 -0.006575 
829 -0.018229 
830 0.042081 
831 -0.004973 
832 0.035836 
833 0.004767 
834 0.042489 
835 0.024184 
836 -0.059053 
837 -0.039600 
838 -0.074977 
839 0.058819 
840 -0.042413 
841 0.031395 
842 -0.013788 
843 0.073557 
844 0.009698 
845 0.057216 
846 -0.071545 
847 0.051969 
848 -0.097193 
849 0.073182 
850 -0.091135 
851 0.042787 
852 -0.062515 
853 0.083285 
854 -0.019078 
855 0.042403 
856 -0.062316 
857 0.032930 
858 0.023017 
859 -0.041727 
860 0.065641 
861 -0.037839 
862 0.134501 
863 -0.019456 
864 0.000364 
865 -0.056720 
866 -0.003676 
867 0.026539 
868 -0.087024 
869 0.002549 
870 -0.005209 
871 0.126582 
872 -0.000198 
873 0.040183 
874 -0.042971 
875 0.033608 
876 -0.043939 
877 -0.032866 
878 -0.038189 
879 0.018840 
880 -0.045446 
881 0.109155 
882 -0.101073 
883 0.169308 
884 -0.151011 
885 0.207937 
886 -0.120434 
887 0.124827 
888 -0.087406 
889 0.053096 
890 -0.051032 
891 -0.078944 
892 -0.011008 
893 -0.033180 
894 0.059200 
895 -0.085063 
896 0.098848 
897 0.031437 
898 0.108448 
899 0.029651 
900 -0.018288 
901 0.025681 
902 -0.103941 
903 -0.056761 
904 -0.078501 
905 0.010025 
906 -0.002529 
907 0.011973 
908 0.086302 
909 0.118900 
910 0.061315 
911 0.011062 
912 0.018672 
913 -0.047354 
914 -0.051789 
915 -0.048647 
916 0.000814 
917 -0.077648 
918 -0.149562 
919 0.112848 
920 0.081127 
921 0.136087 
922 -0.081221 
923 0.130058 
924 0.072009 
925 -0.043342 
926 -0.149207 
927 -0.089609 
928 0.111698 
929 -0.053934 
930 -0.120406 
931 -0.111015 
932 0.062312 
933 0.183657 
934 0.023169 
935 0.128374 
936 -0.160275 
937 0.127883 
938 -0.116369 
939 0.076111 
940 -0.063628 
941 -0.030925 
942 0.077643 
943 -0.049069 
944 0.148506 
945 -0.123984 
946 0.148327 
947 -0.088091 
948 0.037339 
949 -0.109570 
950 -0.053875 
951 0.058295 
952 -0.014636 
953 0.094642 
954 -0.072133 
955 0.082769 
956 0.002002 
957 0.028106 
958 0.014984 
959 -0.081687 
960 0.036100 
961 -0.108518 
962 0.090451 
963 -0.093088 
964 0.074274 
965 -0.068125 
966 0.135502 
967 -0.016700 
968 0.038440 
969 -0.079514 
970 0.056193 
971 -0.039081 
972 -0.003391 
973 -0.069525 
974 0.032175 
975 -0.028445 
976 0.012651 
977 -0.092459 
978 0.099993 
979 0.002164 
980 0.084354 
981 -0.056466 
982 0.006920 
983 0.021367 
984 -0.011372 
985 0.011253 
986 -0.119193 
987 0.032429 
988 -0.066435 
989 0.088614 
990 -0.053133 
991 0.047775 
992 0.011600 
993 -0.001068 
994 0.070507 
995 -0.094602 
996 0.036936 
997 -0.086487 
998 0.083206 
999 -0.042447 
1000 -0.017069 
1001 -0.035693 
1002 0.016959 
1003 -0.009135 
1004 0.066636 
1005 -0.042228 
1006 0.095077 
1007 -0.156546 
1008 0.173184 
1009 -0.176905 
1010 0.162680 
1011 -0.217470 
1012 0.185800 
1013 -0.172661 
1014 0.073339 
1015 -0.113361 
1016 0.093031 
1017 0.041699 
1018 -0.033000 
1019 0.017065 
1020 -0.018774 
1021 0.021677 
1022 -0.027959 
1023 -0.089635 
