0 0.000169 
1 0.000119 
2 0.000026 
3 0.000032 
4 0.000082 
5 0.000028 
6 -0.000068 
7 -0.000034 
8 0.000123 
9 0.000264 
10 0.000355 
11 0.000414 
12 0.000327 
13 0.000036 
14 -0.000240 
15 -0.000338 
16 -0.000371 
17 -0.000434 
18 -0.000407 
19 -0.000182 
20 0.000142 
21 0.000367 
22 0.000406 
23 0.000316 
24 0.000190 
25 0.000037 
26 -0.000135 
27 -0.000225 
28 -0.000192 
29 -0.000167 
30 -0.000187 
31 -0.000152 
32 -0.000058 
33 0.000030 
34 0.000133 
35 0.000269 
36 0.000421 
37 0.000575 
38 0.000673 
39 0.000618 
40 0.000408 
41 0.000118 
42 -0.000184 
43 -0.000421 
44 -0.000454 
45 -0.000256 
46 -0.000016 
47 0.000180 
48 0.000388 
49 0.000626 
50 0.000800 
51 0.000741 
52 0.000518 
53 0.000410 
54 0.000525 
55 0.000580 
56 0.000276 
57 -0.000210 
58 -0.000412 
59 -0.000355 
60 -0.000422 
61 -0.000649 
62 -0.000609 
63 -0.000073 
64 0.000657 
65 0.001122 
66 0.001179 
67 0.001005 
68 0.000757 
69 0.000401 
70 -0.000092 
71 -0.000556 
72 -0.000814 
73 -0.000815 
74 -0.000522 
75 0.000042 
76 0.000701 
77 0.001202 
78 0.001271 
79 0.000940 
80 0.000591 
81 0.000446 
82 0.000287 
83 -0.000025 
84 -0.000216 
85 -0.000040 
86 0.000335 
87 0.000606 
88 0.000660 
89 0.000659 
90 0.000599 
91 0.000253 
92 -0.000178 
93 -0.000211 
94 0.000181 
95 0.000535 
96 0.000625 
97 0.000627 
98 0.000657 
99 0.000603 
100 0.000285 
101 -0.000219 
102 -0.000655 
103 -0.000808 
104 -0.000710 
105 -0.000467 
106 -0.000097 
107 0.000295 
108 0.000457 
109 0.000278 
110 -0.000138 
111 -0.000531 
112 -0.000772 
113 -0.000897 
114 -0.000881 
115 -0.000696 
116 -0.000388 
117 -0.000066 
118 0.000161 
119 0.000231 
120 0.000247 
121 0.000204 
122 -0.000059 
123 -0.000484 
124 -0.000728 
125 -0.000771 
126 -0.000836 
127 -0.000906 
128 -0.000806 
129 -0.000651 
130 -0.000594 
131 -0.000686 
132 -0.000775 
133 -0.000643 
134 -0.000335 
135 -0.000094 
136 0.000043 
137 -0.000065 
138 -0.000555 
139 -0.001153 
140 -0.001410 
141 -0.001376 
142 -0.001469 
143 -0.001643 
144 -0.001479 
145 -0.001035 
146 -0.000748 
147 -0.000726 
148 -0.000638 
149 -0.000478 
150 -0.000505 
151 -0.000568 
152 -0.000388 
153 -0.000208 
154 -0.000362 
155 -0.000777 
156 -0.001152 
157 -0.001364 
158 -0.001384 
159 -0.001188 
160 -0.000953 
161 -0.000957 
162 -0.001079 
163 -0.000935 
164 -0.000447 
165 -0.000282 
166 -0.000656 
167 -0.000892 
168 -0.000822 
169 -0.000998 
170 -0.001539 
171 -0.001865 
172 -0.001594 
173 -0.001132 
174 -0.000912 
175 -0.000742 
176 -0.000639 
177 -0.000970 
178 -0.001822 
179 -0.002739 
180 -0.003201 
181 -0.003060 
182 -0.002509 
183 -0.001653 
184 -0.000575 
185 0.000538 
186 0.001312 
187 0.001350 
188 0.000587 
189 -0.000517 
190 -0.001474 
191 -0.002050 
192 -0.002223 
193 -0.002144 
194 -0.001876 
195 -0.001361 
196 -0.000610 
197 0.000101 
198 0.000366 
199 0.000065 
200 -0.000041 
201 0.000504 
202 0.001504 
203 0.002584 
204 0.003162 
205 0.002850 
206 0.001866 
207 0.000641 
208 -0.000370 
209 -0.001146 
210 -0.001671 
211 -0.001471 
212 0.000028 
213 0.002647 
214 0.004901 
215 0.005157 
216 0.003996 
217 0.002811 
218 0.001823 
219 0.000560 
220 -0.000959 
221 -0.001995 
222 -0.001853 
223 -0.000720 
224 0.000411 
225 0.001012 
226 0.001299 
227 0.001540 
228 0.001765 
229 0.002025 
230 0.002473 
231 0.002831 
232 0.002757 
233 0.002242 
234 0.001548 
235 0.001152 
236 0.001038 
237 0.000704 
238 -0.000107 
239 -0.000444 
240 0.000619 
241 0.002553 
242 0.003930 
243 0.004352 
244 0.004658 
245 0.005057 
246 0.004714 
247 0.003501 
248 0.002431 
249 0.002266 
250 0.002462 
251 0.002300 
252 0.002129 
253 0.002355 
254 0.002630 
255 0.002582 
256 0.002109 
257 0.001405 
258 0.000973 
259 0.001296 
260 0.002435 
261 0.003989 
262 0.004783 
263 0.003850 
264 0.002084 
265 0.001316 
266 0.001659 
267 0.001894 
268 0.001602 
269 0.001306 
270 0.001640 
271 0.002587 
272 0.003107 
273 0.002866 
274 0.002754 
275 0.002777 
276 0.002308 
277 0.002076 
278 0.002978 
279 0.004053 
280 0.004102 
281 0.003103 
282 0.001650 
283 0.000719 
284 0.000952 
285 0.002020 
286 0.003052 
287 0.003302 
288 0.002561 
289 0.001580 
290 0.001128 
291 0.000736 
292 0.000408 
293 0.001057 
294 0.002503 
295 0.003132 
296 0.002446 
297 0.001613 
298 0.001349 
299 0.001208 
300 0.000945 
301 0.001053 
302 0.001443 
303 0.001789 
304 0.002040 
305 0.001799 
306 0.000186 
307 -0.002308 
308 -0.003551 
309 -0.002454 
310 -0.000613 
311 0.000097 
312 0.000325 
313 0.001705 
314 0.002863 
315 0.001133 
316 -0.002048 
317 -0.002989 
318 -0.001648 
319 -0.000745 
320 -0.000533 
321 0.000339 
322 0.001497 
323 0.001803 
324 0.000993 
325 -0.000491 
326 -0.001768 
327 -0.002296 
328 -0.002389 
329 -0.002102 
330 -0.001105 
331 -0.000124 
332 0.000497 
333 0.001346 
334 0.002227 
335 0.002009 
336 0.000654 
337 -0.001276 
338 -0.003387 
339 -0.004728 
340 -0.004697 
341 -0.003921 
342 -0.002629 
343 -0.000586 
344 0.001328 
345 0.002418 
346 0.002637 
347 0.001266 
348 -0.002118 
349 -0.005406 
350 -0.006272 
351 -0.005183 
352 -0.003920 
353 -0.002938 
354 -0.001370 
355 0.000636 
356 0.001579 
357 0.000870 
358 -0.000183 
359 -0.000626 
360 -0.000759 
361 -0.001137 
362 -0.001363 
363 -0.001009 
364 -0.000419 
365 -0.000403 
366 -0.001156 
367 -0.002239 
368 -0.002704 
369 -0.002139 
370 -0.001156 
371 -0.000536 
372 -0.000447 
373 -0.000567 
374 -0.000958 
375 -0.001416 
376 -0.001563 
377 -0.002007 
378 -0.003516 
379 -0.005306 
380 -0.005580 
381 -0.004229 
382 -0.003047 
383 -0.002538 
384 -0.001384 
385 0.000887 
386 0.002153 
387 0.001160 
388 -0.000928 
389 -0.002321 
390 -0.002536 
391 -0.002429 
392 -0.002298 
393 -0.001495 
394 -0.000084 
395 0.001105 
396 0.001261 
397 0.000891 
398 0.000826 
399 0.000769 
400 0.000785 
401 0.001184 
402 0.002281 
403 0.003977 
404 0.005131 
405 0.004563 
406 0.003016 
407 0.001880 
408 0.001293 
409 0.000673 
410 -0.000655 
411 -0.001923 
412 -0.001419 
413 0.000960 
414 0.003073 
415 0.003453 
416 0.002602 
417 0.001230 
418 -0.000377 
419 -0.001356 
420 -0.001331 
421 -0.000820 
422 -0.000870 
423 -0.001377 
424 -0.002201 
425 -0.003039 
426 -0.003198 
427 -0.002360 
428 -0.000943 
429 0.000165 
430 0.001432 
431 0.003302 
432 0.004909 
433 0.004219 
434 0.001243 
435 -0.002165 
436 -0.004771 
437 -0.006917 
438 -0.007058 
439 -0.002907 
440 0.003609 
441 0.006887 
442 0.005403 
443 0.002678 
444 0.001301 
445 0.000450 
446 -0.001754 
447 -0.005021 
448 -0.007031 
449 -0.006302 
450 -0.003021 
451 0.001485 
452 0.004751 
453 0.005092 
454 0.003911 
455 0.002783 
456 0.001234 
457 -0.001461 
458 -0.004188 
459 -0.005304 
460 -0.005134 
461 -0.004804 
462 -0.004188 
463 -0.002741 
464 -0.000848 
465 0.000371 
466 0.000650 
467 0.000977 
468 0.001728 
469 0.001584 
470 -0.000258 
471 -0.002415 
472 -0.003055 
473 -0.002696 
474 -0.002699 
475 -0.003093 
476 -0.002857 
477 -0.001723 
478 -0.000469 
479 0.000328 
480 0.000158 
481 -0.000493 
482 -0.000745 
483 -0.000459 
484 0.000170 
485 0.000076 
486 -0.001005 
487 -0.001779 
488 -0.002356 
489 -0.004350 
490 -0.006919 
491 -0.007267 
492 -0.005348 
493 -0.004444 
494 -0.004945 
495 -0.004048 
496 -0.001297 
497 0.000232 
498 -0.000570 
499 -0.001408 
500 -0.001048 
501 -0.001210 
502 -0.003201 
503 -0.005431 
504 -0.006266 
505 -0.005764 
506 -0.004309 
507 -0.002536 
508 -0.001173 
509 -0.000571 
510 0.000006 
511 0.001101 
512 0.001849 
513 0.001182 
514 0.000033 
515 0.000136 
516 0.000774 
517 0.000100 
518 -0.001083 
519 -0.000638 
520 0.001351 
521 0.003153 
522 0.004330 
523 0.005069 
524 0.003957 
525 0.000360 
526 -0.003011 
527 -0.004223 
528 -0.004716 
529 -0.005538 
530 -0.005185 
531 -0.002385 
532 0.001561 
533 0.004310 
534 0.004849 
535 0.003864 
536 0.002409 
537 0.000562 
538 -0.001525 
539 -0.002688 
540 -0.002477 
541 -0.002394 
542 -0.002731 
543 -0.002325 
544 -0.001125 
545 0.000036 
546 0.001363 
547 0.002969 
548 0.004654 
549 0.006303 
550 0.007269 
551 0.006502 
552 0.004048 
553 0.000819 
554 -0.002393 
555 -0.004821 
556 -0.005071 
557 -0.002966 
558 -0.000438 
559 0.001646 
560 0.003824 
561 0.006217 
562 0.007864 
563 0.007155 
564 0.004815 
565 0.003584 
566 0.004497 
567 0.004900 
568 0.002049 
569 -0.002371 
570 -0.004122 
571 -0.003509 
572 -0.003972 
573 -0.005823 
574 -0.005357 
575 -0.000691 
576 0.005471 
577 0.009202 
578 0.009429 
579 0.007799 
580 0.005635 
581 0.002666 
582 -0.001281 
583 -0.004829 
584 -0.006624 
585 -0.006400 
586 -0.004016 
587 0.000271 
588 0.005083 
589 0.008596 
590 0.008930 
591 0.006444 
592 0.003912 
593 0.002866 
594 0.001807 
595 -0.000222 
596 -0.001419 
597 -0.000247 
598 0.002136 
599 0.003775 
600 0.004018 
601 0.003948 
602 0.003540 
603 0.001396 
604 -0.001204 
605 -0.001359 
606 0.001001 
607 0.003055 
608 0.003491 
609 0.003384 
610 0.003452 
611 0.003097 
612 0.001327 
613 -0.001395 
614 -0.003694 
615 -0.004430 
616 -0.003809 
617 -0.002448 
618 -0.000514 
619 0.001433 
620 0.002161 
621 0.001186 
622 -0.000928 
623 -0.002859 
624 -0.003974 
625 -0.004491 
626 -0.004336 
627 -0.003397 
628 -0.001884 
629 -0.000346 
630 0.000690 
631 0.000975 
632 0.001043 
633 0.000907 
634 -0.000184 
635 -0.001999 
636 -0.003053 
637 -0.003256 
638 -0.003551 
639 -0.003875 
640 -0.003492 
641 -0.002871 
642 -0.002606 
643 -0.002869 
644 -0.003078 
645 -0.002465 
646 -0.001261 
647 -0.000382 
648 0.000071 
649 -0.000393 
650 -0.002229 
651 -0.004373 
652 -0.005214 
653 -0.004994 
654 -0.005224 
655 -0.005723 
656 -0.005064 
657 -0.003503 
658 -0.002532 
659 -0.002469 
660 -0.002174 
661 -0.001635 
662 -0.001689 
663 -0.001846 
664 -0.001258 
665 -0.000683 
666 -0.001136 
667 -0.002368 
668 -0.003438 
669 -0.003985 
670 -0.003963 
671 -0.003343 
672 -0.002632 
673 -0.002581 
674 -0.002835 
675 -0.002387 
676 -0.001084 
677 -0.000675 
678 -0.001645 
679 -0.002221 
680 -0.002032 
681 -0.002514 
682 -0.003910 
683 -0.004726 
684 -0.004041 
685 -0.002882 
686 -0.002298 
687 -0.001823 
688 -0.001513 
689 -0.002214 
690 -0.004084 
691 -0.006072 
692 -0.007055 
693 -0.006727 
694 -0.005519 
695 -0.003672 
696 -0.001360 
697 0.001012 
698 0.002633 
699 0.002679 
700 0.001079 
701 -0.001150 
702 -0.003005 
703 -0.004076 
704 -0.004343 
705 -0.004121 
706 -0.003535 
707 -0.002517 
708 -0.001096 
709 0.000232 
710 0.000733 
711 0.000194 
712 0.000016 
713 0.001020 
714 0.002815 
715 0.004683 
716 0.005592 
717 0.004909 
718 0.003108 
719 0.000980 
720 -0.000697 
721 -0.001898 
722 -0.002635 
723 -0.002188 
724 0.000300 
725 0.004460 
726 0.007891 
727 0.008086 
728 0.006082 
729 0.004113 
730 0.002559 
731 0.000697 
732 -0.001454 
733 -0.002833 
734 -0.002492 
735 -0.000791 
736 0.000822 
737 0.001625 
738 0.001942 
739 0.002155 
740 0.002344 
741 0.002609 
742 0.003138 
743 0.003560 
744 0.003462 
745 0.002848 
746 0.002028 
747 0.001573 
748 0.001462 
749 0.001106 
750 0.000171 
751 -0.000242 
752 0.000937 
753 0.003086 
754 0.004557 
755 0.004929 
756 0.005190 
757 0.005580 
758 0.005174 
759 0.003865 
760 0.002767 
761 0.002636 
762 0.002823 
763 0.002597 
764 0.002385 
765 0.002604 
766 0.002862 
767 0.002768 
768 0.002252 
769 0.001520 
770 0.001050 
771 0.001293 
772 0.002296 
773 0.003691 
774 0.004402 
775 0.003562 
776 0.001993 
777 0.001328 
778 0.001628 
779 0.001807 
780 0.001515 
781 0.001222 
782 0.001479 
783 0.002267 
784 0.002691 
785 0.002483 
786 0.002393 
787 0.002404 
788 0.001980 
789 0.001716 
790 0.002356 
791 0.003154 
792 0.003185 
793 0.002438 
794 0.001377 
795 0.000726 
796 0.000926 
797 0.001706 
798 0.002417 
799 0.002526 
800 0.001902 
801 0.001119 
802 0.000736 
803 0.000428 
804 0.000199 
805 0.000664 
806 0.001670 
807 0.002111 
808 0.001673 
809 0.001142 
810 0.000976 
811 0.000874 
812 0.000673 
813 0.000683 
814 0.000854 
815 0.000997 
816 0.001100 
817 0.000944 
818 0.000013 
819 -0.001395 
820 -0.002045 
821 -0.001344 
822 -0.000242 
823 0.000191 
824 0.000332 
825 0.001077 
826 0.001662 
827 0.000684 
828 -0.001028 
829 -0.001521 
830 -0.000823 
831 -0.000370 
832 -0.000281 
833 0.000148 
834 0.000735 
835 0.000909 
836 0.000544 
837 -0.000138 
838 -0.000718 
839 -0.000947 
840 -0.000988 
841 -0.000871 
842 -0.000451 
843 -0.000054 
844 0.000176 
845 0.000508 
846 0.000864 
847 0.000759 
848 0.000192 
849 -0.000583 
850 -0.001394 
851 -0.001866 
852 -0.001782 
853 -0.001418 
854 -0.000881 
855 -0.000090 
856 0.000607 
857 0.000952 
858 0.000958 
859 0.000386 
860 -0.000892 
861 -0.002079 
862 -0.002336 
863 -0.001869 
864 -0.001345 
865 -0.000942 
866 -0.000373 
867 0.000309 
868 0.000611 
869 0.000354 
870 -0.000019 
871 -0.000193 
872 -0.000255 
873 -0.000376 
874 -0.000440 
875 -0.000326 
876 -0.000147 
877 -0.000144 
878 -0.000374 
879 -0.000698 
880 -0.000826 
881 -0.000637 
882 -0.000324 
883 -0.000127 
884 -0.000099 
885 -0.000141 
886 -0.000263 
887 -0.000400 
888 -0.000446 
889 -0.000567 
890 -0.000957 
891 -0.001394 
892 -0.001418 
893 -0.001034 
894 -0.000717 
895 -0.000593 
896 -0.000327 
897 0.000194 
898 0.000467 
899 0.000214 
900 -0.000268 
901 -0.000569 
902 -0.000586 
903 -0.000526 
904 -0.000468 
905 -0.000280 
906 0.000016 
907 0.000248 
908 0.000251 
909 0.000147 
910 0.000120 
911 0.000111 
912 0.000126 
913 0.000225 
914 0.000466 
915 0.000818 
916 0.001043 
917 0.000914 
918 0.000588 
919 0.000338 
920 0.000192 
921 0.000053 
922 -0.000191 
923 -0.000408 
924 -0.000296 
925 0.000147 
926 0.000540 
927 0.000628 
928 0.000496 
929 0.000262 
930 -0.000017 
931 -0.000197 
932 -0.000221 
933 -0.000170 
934 -0.000197 
935 -0.000282 
936 -0.000405 
937 -0.000517 
938 -0.000516 
939 -0.000362 
940 -0.000125 
941 0.000059 
942 0.000255 
943 0.000516 
944 0.000722 
945 0.000599 
946 0.000165 
947 -0.000314 
948 -0.000675 
949 -0.000961 
950 -0.000972 
951 -0.000418 
952 0.000435 
953 0.000868 
954 0.000695 
955 0.000364 
956 0.000195 
957 0.000085 
958 -0.000191 
959 -0.000596 
960 -0.000850 
961 -0.000778 
962 -0.000404 
963 0.000113 
964 0.000489 
965 0.000536 
966 0.000416 
967 0.000301 
968 0.000140 
969 -0.000145 
970 -0.000434 
971 -0.000551 
972 -0.000531 
973 -0.000497 
974 -0.000437 
975 -0.000294 
976 -0.000109 
977 0.000006 
978 0.000027 
979 0.000058 
980 0.000138 
981 0.000134 
982 -0.000031 
983 -0.000223 
984 -0.000271 
985 -0.000229 
986 -0.000230 
987 -0.000274 
988 -0.000259 
989 -0.000161 
990 -0.000054 
991 0.000009 
992 -0.000014 
993 -0.000075 
994 -0.000095 
995 -0.000064 
996 -0.000001 
997 0.000001 
998 -0.000081 
999 -0.000137 
1000 -0.000179 
1001 -0.000345 
1002 -0.000567 
1003 -0.000607 
1004 -0.000461 
1005 -0.000399 
1006 -0.000448 
1007 -0.000375 
1008 -0.000142 
1009 -0.000001 
1010 -0.000047 
1011 -0.000098 
1012 -0.000061 
1013 -0.000076 
1014 -0.000243 
1015 -0.000435 
1016 -0.000516 
1017 -0.000488 
1018 -0.000379 
1019 -0.000236 
1020 -0.000118 
1021 -0.000056 
1022 0.000003 
1023 0.000096 
