0 0.000170 
1 -0.000170 
2 -0.000153 
3 0.000152 
4 0.000320 
5 0.000182 
6 0.000054 
7 0.000230 
8 0.000570 
9 0.000712 
10 0.000506 
11 0.000099 
12 -0.000153 
13 -0.000086 
14 0.000111 
15 0.000179 
16 0.000288 
17 0.000684 
18 0.001066 
19 0.001002 
20 0.000679 
21 0.000460 
22 0.000306 
23 -0.000027 
24 -0.000273 
25 0.000003 
26 0.000590 
27 0.000859 
28 0.000685 
29 0.000532 
30 0.000737 
31 0.000933 
32 0.000747 
33 0.000341 
34 -0.000063 
35 -0.000301 
36 -0.000241 
37 0.000045 
38 0.000451 
39 0.000890 
40 0.001164 
41 0.001209 
42 0.001236 
43 0.001282 
44 0.001091 
45 0.000444 
46 -0.000367 
47 -0.000507 
48 0.000258 
49 0.001098 
50 0.001247 
51 0.001040 
52 0.001229 
53 0.001549 
54 0.001492 
55 0.001215 
56 0.000967 
57 0.000744 
58 0.000356 
59 -0.000024 
60 0.000048 
61 0.000568 
62 0.001111 
63 0.001367 
64 0.001226 
65 0.000923 
66 0.000772 
67 0.000904 
68 0.001126 
69 0.001028 
70 0.000834 
71 0.001167 
72 0.001767 
73 0.001748 
74 0.001056 
75 0.000443 
76 0.000117 
77 -0.000180 
78 -0.000229 
79 0.000313 
80 0.001108 
81 0.001437 
82 0.001081 
83 0.000730 
84 0.000954 
85 0.001270 
86 0.001035 
87 0.000467 
88 0.000326 
89 0.000769 
90 0.001160 
91 0.000999 
92 0.000515 
93 0.000080 
94 -0.000105 
95 -0.000258 
96 -0.000566 
97 -0.000773 
98 -0.000407 
99 0.000418 
100 0.001016 
101 0.001207 
102 0.001263 
103 0.001132 
104 0.000829 
105 0.000630 
106 0.000546 
107 0.000233 
108 -0.000345 
109 -0.000486 
110 0.000131 
111 0.000650 
112 0.000343 
113 -0.000238 
114 -0.000007 
115 0.000512 
116 0.000071 
117 -0.001320 
118 -0.001887 
119 -0.000764 
120 0.000557 
121 0.000400 
122 -0.000414 
123 -0.000129 
124 0.000729 
125 0.000508 
126 -0.000910 
127 -0.001832 
128 -0.001496 
129 -0.000753 
130 -0.000717 
131 -0.000994 
132 -0.000569 
133 -0.000002 
134 -0.000342 
135 -0.001135 
136 -0.001413 
137 -0.001087 
138 -0.000651 
139 -0.000651 
140 -0.001048 
141 -0.001137 
142 -0.000756 
143 -0.000863 
144 -0.002036 
145 -0.003367 
146 -0.003627 
147 -0.002877 
148 -0.002292 
149 -0.002235 
150 -0.001517 
151 0.000146 
152 0.001455 
153 0.001402 
154 0.000501 
155 -0.000523 
156 -0.001404 
157 -0.001984 
158 -0.001909 
159 -0.001360 
160 -0.000910 
161 -0.000396 
162 0.000504 
163 0.001124 
164 0.000478 
165 -0.001194 
166 -0.002565 
167 -0.003127 
168 -0.003101 
169 -0.002449 
170 -0.001166 
171 0.000346 
172 0.001216 
173 0.001231 
174 0.001034 
175 0.001051 
176 0.001204 
177 0.000607 
178 -0.001283 
179 -0.003218 
180 -0.003543 
181 -0.002677 
182 -0.001866 
183 -0.001331 
184 -0.000699 
185 0.000090 
186 0.000754 
187 0.001169 
188 0.001158 
189 0.000654 
190 -0.000600 
191 -0.002352 
192 -0.003394 
193 -0.003082 
194 -0.002115 
195 -0.001161 
196 -0.000333 
197 0.000110 
198 0.000632 
199 0.001362 
200 0.001465 
201 0.000187 
202 -0.001555 
203 -0.002622 
204 -0.002769 
205 -0.002448 
206 -0.001805 
207 -0.001778 
208 -0.002207 
209 -0.001260 
210 0.001085 
211 0.002641 
212 0.001698 
213 -0.000492 
214 -0.001050 
215 0.000466 
216 0.001353 
217 -0.000233 
218 -0.001834 
219 -0.001041 
220 0.001032 
221 0.002175 
222 0.001929 
223 0.000994 
224 -0.000170 
225 -0.001258 
226 -0.002025 
227 -0.001998 
228 -0.000856 
229 0.000479 
230 0.001352 
231 0.002143 
232 0.003164 
233 0.003784 
234 0.003081 
235 0.001238 
236 -0.001290 
237 -0.003748 
238 -0.004437 
239 -0.002577 
240 0.000570 
241 0.003497 
242 0.005086 
243 0.004226 
244 0.001944 
245 -0.000204 
246 -0.001782 
247 -0.002375 
248 -0.001215 
249 0.000448 
250 0.001596 
251 0.002630 
252 0.002999 
253 0.001783 
254 -0.000722 
255 -0.003457 
256 -0.004768 
257 -0.003113 
258 -0.000335 
259 0.000741 
260 0.001369 
261 0.003388 
262 0.003420 
263 -0.000727 
264 -0.004400 
265 -0.002953 
266 0.001208 
267 0.001708 
268 -0.001355 
269 -0.001759 
270 0.002025 
271 0.005036 
272 0.003455 
273 -0.001199 
274 -0.004737 
275 -0.005695 
276 -0.004919 
277 -0.004068 
278 -0.003525 
279 -0.001444 
280 0.002606 
281 0.005176 
282 0.003631 
283 0.000012 
284 -0.002067 
285 -0.002105 
286 -0.002645 
287 -0.003876 
288 -0.003543 
289 -0.001699 
290 -0.000176 
291 0.000488 
292 0.001356 
293 0.000951 
294 -0.001670 
295 -0.003347 
296 -0.001604 
297 0.000862 
298 0.000453 
299 -0.002555 
300 -0.004563 
301 -0.003753 
302 -0.001620 
303 -0.000774 
304 -0.001626 
305 -0.002138 
306 -0.001185 
307 0.000433 
308 0.001077 
309 0.001158 
310 0.001571 
311 0.000972 
312 -0.001088 
313 -0.001581 
314 0.000128 
315 0.000048 
316 -0.002483 
317 -0.003232 
318 -0.000223 
319 0.002340 
320 0.000711 
321 -0.001921 
322 -0.000829 
323 0.001941 
324 0.001207 
325 -0.002101 
326 -0.002491 
327 0.000963 
328 0.003666 
329 0.003931 
330 0.004065 
331 0.005361 
332 0.005886 
333 0.004446 
334 0.002779 
335 0.003098 
336 0.002870 
337 -0.000392 
338 -0.003842 
339 -0.002661 
340 0.002033 
341 0.003975 
342 0.001727 
343 0.001206 
344 0.004910 
345 0.008060 
346 0.006962 
347 0.004399 
348 0.004290 
349 0.005413 
350 0.004718 
351 0.002791 
352 0.002060 
353 0.002175 
354 0.000912 
355 -0.000359 
356 0.000957 
357 0.003938 
358 0.004794 
359 0.002793 
360 0.000810 
361 0.001593 
362 0.004372 
363 0.005327 
364 0.002824 
365 0.001219 
366 0.004488 
367 0.009824 
368 0.011085 
369 0.005963 
370 -0.001039 
371 -0.003483 
372 -0.002561 
373 -0.002974 
374 -0.004370 
375 -0.002966 
376 0.002528 
377 0.008548 
378 0.011276 
379 0.010286 
380 0.008115 
381 0.006564 
382 0.005230 
383 0.002979 
384 0.000423 
385 -0.000666 
386 -0.000843 
387 -0.001488 
388 -0.002660 
389 -0.002816 
390 -0.001343 
391 0.000167 
392 0.001513 
393 0.004349 
394 0.007982 
395 0.009538 
396 0.007946 
397 0.005092 
398 0.003199 
399 0.001142 
400 -0.002284 
401 -0.004912 
402 -0.004163 
403 -0.001584 
404 0.001170 
405 0.003766 
406 0.004714 
407 0.001832 
408 -0.003080 
409 -0.004110 
410 -0.000037 
411 0.002416 
412 0.001352 
413 0.002062 
414 0.007148 
415 0.009157 
416 0.003362 
417 -0.003446 
418 -0.004866 
419 -0.003305 
420 -0.003162 
421 -0.003577 
422 -0.001957 
423 0.001020 
424 0.002743 
425 0.002477 
426 0.000955 
427 -0.001396 
428 -0.003271 
429 -0.002619 
430 0.000617 
431 0.001833 
432 -0.000841 
433 -0.003651 
434 -0.003242 
435 -0.000737 
436 0.002017 
437 0.002325 
438 0.000252 
439 -0.001164 
440 -0.001083 
441 -0.000746 
442 -0.001444 
443 -0.003847 
444 -0.007349 
445 -0.010233 
446 -0.010235 
447 -0.007697 
448 -0.005163 
449 -0.003719 
450 -0.001555 
451 0.002184 
452 0.004036 
453 0.000689 
454 -0.004855 
455 -0.006758 
456 -0.005978 
457 -0.007885 
458 -0.012493 
459 -0.013499 
460 -0.009440 
461 -0.005234 
462 -0.005215 
463 -0.006913 
464 -0.006594 
465 -0.005887 
466 -0.006710 
467 -0.008164 
468 -0.008514 
469 -0.008455 
470 -0.009632 
471 -0.010456 
472 -0.008418 
473 -0.004458 
474 -0.000887 
475 0.000593 
476 -0.000949 
477 -0.005229 
478 -0.010785 
479 -0.015210 
480 -0.017162 
481 -0.015517 
482 -0.010097 
483 -0.004566 
484 -0.002083 
485 -0.001585 
486 -0.000483 
487 -0.000685 
488 -0.005666 
489 -0.011034 
490 -0.009500 
491 -0.004415 
492 -0.003930 
493 -0.007025 
494 -0.006003 
495 -0.000750 
496 0.000248 
497 -0.004860 
498 -0.006683 
499 -0.001870 
500 0.001646 
501 -0.001037 
502 -0.003644 
503 -0.000574 
504 0.002582 
505 0.001463 
506 -0.000200 
507 0.000672 
508 0.001926 
509 0.003350 
510 0.005399 
511 0.005477 
512 0.001568 
513 -0.002681 
514 -0.002455 
515 0.001360 
516 0.003463 
517 0.001747 
518 0.000176 
519 0.002364 
520 0.006592 
521 0.008342 
522 0.005788 
523 0.000763 
524 -0.002340 
525 -0.001522 
526 0.000882 
527 0.001693 
528 0.003012 
529 0.007796 
530 0.012378 
531 0.011582 
532 0.007690 
533 0.005082 
534 0.003265 
535 -0.000657 
536 -0.003537 
537 -0.000325 
538 0.006480 
539 0.009533 
540 0.007467 
541 0.005674 
542 0.007948 
543 0.010115 
544 0.007993 
545 0.003439 
546 -0.001014 
547 -0.003599 
548 -0.002917 
549 0.000205 
550 0.004534 
551 0.009149 
552 0.011968 
553 0.012349 
554 0.012552 
555 0.012910 
556 0.010863 
557 0.004243 
558 -0.003895 
559 -0.005239 
560 0.002342 
561 0.010499 
562 0.011857 
563 0.009786 
564 0.011491 
565 0.014380 
566 0.013721 
567 0.011038 
568 0.008681 
569 0.006561 
570 0.003042 
571 -0.000363 
572 0.000257 
573 0.004747 
574 0.009347 
575 0.011418 
576 0.010135 
577 0.007515 
578 0.006207 
579 0.007222 
580 0.008933 
581 0.008056 
582 0.006431 
583 0.008962 
584 0.013464 
585 0.013170 
586 0.007835 
587 0.003197 
588 0.000784 
589 -0.001385 
590 -0.001720 
591 0.002154 
592 0.007727 
593 0.009934 
594 0.007371 
595 0.004909 
596 0.006357 
597 0.008383 
598 0.006739 
599 0.002976 
600 0.002039 
601 0.004822 
602 0.007217 
603 0.006122 
604 0.003104 
605 0.000437 
606 -0.000681 
607 -0.001591 
608 -0.003357 
609 -0.004509 
610 -0.002374 
611 0.002325 
612 0.005639 
613 0.006619 
614 0.006841 
615 0.006053 
616 0.004375 
617 0.003278 
618 0.002807 
619 0.001174 
620 -0.001784 
621 -0.002483 
622 0.000615 
623 0.003137 
624 0.001616 
625 -0.001190 
626 -0.000082 
627 0.002350 
628 0.000286 
629 -0.006065 
630 -0.008553 
631 -0.003443 
632 0.002412 
633 0.001688 
634 -0.001853 
635 -0.000637 
636 0.002958 
637 0.001996 
638 -0.003855 
639 -0.007571 
640 -0.006149 
641 -0.003141 
642 -0.002970 
643 -0.004023 
644 -0.002341 
645 -0.000167 
646 -0.001442 
647 -0.004370 
648 -0.005346 
649 -0.004111 
650 -0.002521 
651 -0.002513 
652 -0.003893 
653 -0.004166 
654 -0.002834 
655 -0.003167 
656 -0.007037 
657 -0.011347 
658 -0.012081 
659 -0.009531 
660 -0.007552 
661 -0.007307 
662 -0.005002 
663 0.000165 
664 0.004143 
665 0.003936 
666 0.001192 
667 -0.001849 
668 -0.004403 
669 -0.006018 
670 -0.005739 
671 -0.004138 
672 -0.002851 
673 -0.001408 
674 0.001043 
675 0.002684 
676 0.000926 
677 -0.003498 
678 -0.007039 
679 -0.008416 
680 -0.008243 
681 -0.006501 
682 -0.003228 
683 0.000534 
684 0.002653 
685 0.002654 
686 0.002141 
687 0.002152 
688 0.002468 
689 0.001055 
690 -0.003286 
691 -0.007599 
692 -0.008235 
693 -0.006225 
694 -0.004372 
695 -0.003156 
696 -0.001766 
697 -0.000088 
698 0.001304 
699 0.002154 
700 0.002098 
701 0.001061 
702 -0.001458 
703 -0.004918 
704 -0.006901 
705 -0.006227 
706 -0.004293 
707 -0.002444 
708 -0.000848 
709 -0.000027 
710 0.000941 
711 0.002254 
712 0.002410 
713 0.000123 
714 -0.002947 
715 -0.004770 
716 -0.004975 
717 -0.004377 
718 -0.003253 
719 -0.003180 
720 -0.003861 
721 -0.002282 
722 0.001536 
723 0.004010 
724 0.002479 
725 -0.000960 
726 -0.001807 
727 0.000539 
728 0.001899 
729 -0.000496 
730 -0.002865 
731 -0.001670 
732 0.001356 
733 0.002984 
734 0.002608 
735 0.001272 
736 -0.000365 
737 -0.001849 
738 -0.002863 
739 -0.002779 
740 -0.001221 
741 0.000564 
742 0.001711 
743 0.002722 
744 0.003997 
745 0.004749 
746 0.003818 
747 0.001492 
748 -0.001629 
749 -0.004596 
750 -0.005370 
751 -0.003097 
752 0.000649 
753 0.004051 
754 0.005842 
755 0.004801 
756 0.002172 
757 -0.000249 
758 -0.002000 
759 -0.002625 
760 -0.001345 
761 0.000460 
762 0.001676 
763 0.002750 
764 0.003106 
765 0.001827 
766 -0.000719 
767 -0.003463 
768 -0.004728 
769 -0.003049 
770 -0.000308 
771 0.000738 
772 0.001324 
773 0.003221 
774 0.003220 
775 -0.000645 
776 -0.003981 
777 -0.002625 
778 0.001142 
779 0.001587 
780 -0.001108 
781 -0.001450 
782 0.001815 
783 0.004355 
784 0.002977 
785 -0.000915 
786 -0.003811 
787 -0.004546 
788 -0.003866 
789 -0.003136 
790 -0.002671 
791 -0.001018 
792 0.002128 
793 0.004074 
794 0.002863 
795 0.000126 
796 -0.001416 
797 -0.001426 
798 -0.001799 
799 -0.002653 
800 -0.002384 
801 -0.001064 
802 0.000007 
803 0.000460 
804 0.001045 
805 0.000757 
806 -0.000997 
807 -0.002091 
808 -0.000930 
809 0.000680 
810 0.000417 
811 -0.001485 
812 -0.002724 
813 -0.002195 
814 -0.000870 
815 -0.000351 
816 -0.000854 
817 -0.001151 
818 -0.000581 
819 0.000367 
820 0.000737 
821 0.000772 
822 0.000993 
823 0.000644 
824 -0.000498 
825 -0.000765 
826 0.000164 
827 0.000118 
828 -0.001218 
829 -0.001596 
830 -0.000027 
831 0.001283 
832 0.000441 
833 -0.000881 
834 -0.000336 
835 0.001017 
836 0.000647 
837 -0.000940 
838 -0.001112 
839 0.000518 
840 0.001765 
841 0.001867 
842 0.001905 
843 0.002465 
844 0.002668 
845 0.002001 
846 0.001256 
847 0.001368 
848 0.001257 
849 -0.000129 
850 -0.001561 
851 -0.001059 
852 0.000855 
853 0.001625 
854 0.000717 
855 0.000505 
856 0.001937 
857 0.003119 
858 0.002670 
859 0.001673 
860 0.001613 
861 0.002004 
862 0.001727 
863 0.001017 
864 0.000747 
865 0.000780 
866 0.000332 
867 -0.000105 
868 0.000331 
869 0.001325 
870 0.001591 
871 0.000916 
872 0.000261 
873 0.000508 
874 0.001384 
875 0.001670 
876 0.000877 
877 0.000374 
878 0.001359 
879 0.002938 
880 0.003281 
881 0.001739 
882 -0.000308 
883 -0.001008 
884 -0.000739 
885 -0.000846 
886 -0.001224 
887 -0.000826 
888 0.000668 
889 0.002264 
890 0.002957 
891 0.002664 
892 0.002073 
893 0.001653 
894 0.001298 
895 0.000718 
896 0.000077 
897 -0.000192 
898 -0.000239 
899 -0.000391 
900 -0.000666 
901 -0.000695 
902 -0.000351 
903 -0.000006 
904 0.000294 
905 0.000916 
906 0.001699 
907 0.002016 
908 0.001652 
909 0.001029 
910 0.000620 
911 0.000187 
912 -0.000516 
913 -0.001044 
914 -0.000882 
915 -0.000362 
916 0.000180 
917 0.000678 
918 0.000850 
919 0.000299 
920 -0.000620 
921 -0.000800 
922 -0.000056 
923 0.000419 
924 0.000221 
925 0.000341 
926 0.001217 
927 0.001547 
928 0.000546 
929 -0.000601 
930 -0.000832 
931 -0.000565 
932 -0.000537 
933 -0.000597 
934 -0.000334 
935 0.000133 
936 0.000395 
937 0.000347 
938 0.000111 
939 -0.000242 
940 -0.000520 
941 -0.000422 
942 0.000046 
943 0.000218 
944 -0.000160 
945 -0.000547 
946 -0.000483 
947 -0.000135 
948 0.000236 
949 0.000275 
950 -0.000001 
951 -0.000188 
952 -0.000175 
953 -0.000130 
954 -0.000220 
955 -0.000515 
956 -0.000940 
957 -0.001284 
958 -0.001271 
959 -0.000956 
960 -0.000647 
961 -0.000472 
962 -0.000217 
963 0.000215 
964 0.000422 
965 0.000042 
966 -0.000572 
967 -0.000774 
968 -0.000681 
969 -0.000879 
970 -0.001363 
971 -0.001458 
972 -0.001020 
973 -0.000578 
974 -0.000575 
975 -0.000743 
976 -0.000704 
977 -0.000625 
978 -0.000698 
979 -0.000833 
980 -0.000859 
981 -0.000845 
982 -0.000952 
983 -0.001023 
984 -0.000825 
985 -0.000447 
986 -0.000110 
987 0.000027 
988 -0.000115 
989 -0.000504 
990 -0.001001 
991 -0.001392 
992 -0.001557 
993 -0.001401 
994 -0.000915 
995 -0.000424 
996 -0.000206 
997 -0.000161 
998 -0.000064 
999 -0.000081 
1000 -0.000505 
1001 -0.000956 
1002 -0.000824 
1003 -0.000393 
1004 -0.000351 
1005 -0.000609 
1006 -0.000520 
1007 -0.000086 
1008 -0.000003 
1009 -0.000421 
1010 -0.000568 
1011 -0.000174 
1012 0.000112 
1013 -0.000105 
1014 -0.000316 
1015 -0.000068 
1016 0.000187 
1017 0.000098 
1018 -0.000035 
1019 0.000036 
1020 0.000138 
1021 0.000251 
1022 0.000416 
1023 0.000423 
