0 -0.000038 
1 -0.000020 
2 -0.000009 
3 0.000013 
4 0.000013 
5 0.000018 
6 0.000010 
7 0.000001 
8 -0.000002 
9 -0.000001 
10 -0.000002 
11 0.000011 
12 0.000008 
13 -0.000005 
14 -0.000031 
15 -0.000059 
16 -0.000067 
17 -0.000066 
18 -0.000039 
19 -0.000024 
20 -0.000015 
21 0.000021 
22 0.000035 
23 0.000047 
24 0.000039 
25 0.000017 
26 -0.000000 
27 0.000003 
28 -0.000014 
29 -0.000033 
30 -0.000034 
31 -0.000057 
32 -0.000066 
33 -0.000083 
34 -0.000069 
35 -0.000054 
36 -0.000031 
37 -0.000018 
38 0.000011 
39 0.000033 
40 0.000033 
41 0.000027 
42 0.000016 
43 -0.000005 
44 -0.000016 
45 -0.000035 
46 -0.000036 
47 -0.000063 
48 -0.000068 
49 -0.000080 
50 -0.000081 
51 -0.000049 
52 -0.000040 
53 -0.000007 
54 -0.000010 
55 -0.000012 
56 -0.000010 
57 -0.000017 
58 -0.000030 
59 -0.000004 
60 0.000013 
61 0.000011 
62 -0.000006 
63 -0.000038 
64 -0.000073 
65 -0.000083 
66 -0.000089 
67 -0.000081 
68 -0.000078 
69 -0.000051 
70 -0.000049 
71 -0.000024 
72 -0.000010 
73 0.000019 
74 0.000024 
75 0.000043 
76 0.000055 
77 0.000093 
78 0.000114 
79 0.000095 
80 0.000073 
81 0.000023 
82 -0.000042 
83 -0.000055 
84 -0.000095 
85 -0.000098 
86 -0.000083 
87 -0.000038 
88 0.000016 
89 0.000047 
90 0.000067 
91 0.000099 
92 0.000102 
93 0.000079 
94 0.000074 
95 0.000078 
96 0.000053 
97 -0.000007 
98 -0.000056 
99 -0.000100 
100 -0.000105 
101 -0.000062 
102 -0.000046 
103 -0.000060 
104 -0.000053 
105 -0.000008 
106 0.000001 
107 0.000045 
108 0.000101 
109 0.000078 
110 0.000093 
111 0.000088 
112 0.000108 
113 0.000101 
114 0.000043 
115 -0.000000 
116 -0.000057 
117 -0.000063 
118 -0.000072 
119 -0.000053 
120 -0.000083 
121 -0.000104 
122 -0.000085 
123 -0.000055 
124 -0.000010 
125 0.000035 
126 0.000099 
127 0.000166 
128 0.000192 
129 0.000167 
130 0.000132 
131 0.000043 
132 -0.000030 
133 -0.000080 
134 -0.000128 
135 -0.000087 
136 -0.000077 
137 -0.000042 
138 -0.000001 
139 -0.000012 
140 0.000014 
141 0.000038 
142 0.000107 
143 0.000139 
144 0.000144 
145 0.000119 
146 0.000133 
147 0.000138 
148 0.000048 
149 -0.000052 
150 -0.000104 
151 -0.000151 
152 -0.000176 
153 -0.000205 
154 -0.000152 
155 -0.000167 
156 -0.000114 
157 -0.000147 
158 -0.000104 
159 -0.000022 
160 0.000059 
161 0.000119 
162 0.000103 
163 0.000140 
164 0.000134 
165 0.000148 
166 0.000119 
167 0.000113 
168 0.000163 
169 0.000172 
170 0.000127 
171 0.000098 
172 0.000054 
173 0.000027 
174 0.000036 
175 0.000109 
176 0.000137 
177 0.000198 
178 0.000182 
179 0.000214 
180 0.000202 
181 0.000165 
182 0.000103 
183 0.000043 
184 0.000040 
185 0.000044 
186 -0.000068 
187 -0.000226 
188 -0.000323 
189 -0.000397 
190 -0.000356 
191 -0.000348 
192 -0.000311 
193 -0.000276 
194 -0.000093 
195 0.000022 
196 0.000096 
197 0.000152 
198 0.000091 
199 0.000032 
200 -0.000012 
201 0.000033 
202 -0.000004 
203 -0.000007 
204 -0.000136 
205 -0.000177 
206 -0.000179 
207 -0.000178 
208 -0.000081 
209 -0.000094 
210 -0.000050 
211 -0.000004 
212 0.000029 
213 -0.000003 
214 0.000069 
215 0.000106 
216 0.000139 
217 0.000166 
218 0.000099 
219 0.000154 
220 0.000145 
221 0.000093 
222 -0.000118 
223 -0.000230 
224 -0.000271 
225 -0.000304 
226 -0.000328 
227 -0.000399 
228 -0.000311 
229 -0.000174 
230 -0.000126 
231 -0.000093 
232 0.000005 
233 0.000125 
234 0.000179 
235 0.000271 
236 0.000245 
237 0.000181 
238 -0.000004 
239 -0.000175 
240 -0.000282 
241 -0.000304 
242 -0.000249 
243 -0.000256 
244 -0.000183 
245 -0.000181 
246 -0.000173 
247 -0.000194 
248 -0.000207 
249 -0.000103 
250 0.000046 
251 0.000157 
252 0.000243 
253 0.000188 
254 0.000162 
255 0.000098 
256 0.000023 
257 -0.000122 
258 -0.000235 
259 -0.000247 
260 -0.000177 
261 -0.000175 
262 -0.000242 
263 -0.000263 
264 -0.000213 
265 -0.000194 
266 -0.000173 
267 -0.000126 
268 -0.000064 
269 0.000002 
270 0.000013 
271 -0.000028 
272 0.000033 
273 0.000015 
274 -0.000030 
275 -0.000141 
276 -0.000210 
277 -0.000310 
278 -0.000318 
279 -0.000374 
280 -0.000393 
281 -0.000400 
282 -0.000266 
283 -0.000178 
284 0.000118 
285 0.000462 
286 0.000563 
287 0.000589 
288 0.000565 
289 0.000291 
290 0.000121 
291 -0.000014 
292 -0.000020 
293 -0.000173 
294 -0.000279 
295 -0.000549 
296 -0.000718 
297 -0.000754 
298 -0.000669 
299 -0.000542 
300 -0.000457 
301 -0.000255 
302 -0.000126 
303 -0.000091 
304 -0.000028 
305 -0.000138 
306 -0.000375 
307 -0.000456 
308 -0.000496 
309 -0.000446 
310 -0.000344 
311 -0.000430 
312 -0.000469 
313 -0.000579 
314 -0.000555 
315 -0.000576 
316 -0.000524 
317 -0.000435 
318 -0.000221 
319 0.000135 
320 0.000245 
321 0.000469 
322 0.000613 
323 0.000569 
324 0.000625 
325 0.000562 
326 0.000470 
327 0.000270 
328 0.000063 
329 -0.000268 
330 -0.000491 
331 -0.000659 
332 -0.000649 
333 -0.000520 
334 -0.000508 
335 -0.000572 
336 -0.000362 
337 -0.000099 
338 0.000194 
339 0.000227 
340 0.000375 
341 0.000292 
342 0.000339 
343 0.000249 
344 0.000246 
345 0.000007 
346 -0.000393 
347 -0.000744 
348 -0.000829 
349 -0.000644 
350 -0.000611 
351 -0.000511 
352 -0.000409 
353 -0.000142 
354 -0.000066 
355 -0.000050 
356 0.000059 
357 0.000316 
358 0.000570 
359 0.000747 
360 0.000684 
361 0.000541 
362 0.000332 
363 -0.000089 
364 -0.000242 
365 -0.000331 
366 -0.000380 
367 -0.000218 
368 -0.000146 
369 -0.000102 
370 -0.000026 
371 -0.000072 
372 0.000053 
373 0.000222 
374 0.000468 
375 0.000734 
376 0.000868 
377 0.000832 
378 0.000737 
379 0.000523 
380 0.000381 
381 0.000152 
382 -0.000194 
383 -0.000327 
384 -0.000603 
385 -0.000647 
386 -0.000628 
387 -0.000531 
388 -0.000471 
389 -0.000438 
390 -0.000143 
391 -0.000046 
392 0.000386 
393 0.000579 
394 0.000502 
395 0.000255 
396 0.000127 
397 0.000106 
398 -0.000052 
399 -0.000096 
400 -0.000242 
401 -0.000271 
402 -0.000236 
403 -0.000326 
404 -0.000257 
405 -0.000096 
406 0.000194 
407 0.000513 
408 0.000775 
409 0.000905 
410 0.000824 
411 0.000671 
412 0.000476 
413 0.000356 
414 0.000284 
415 0.000269 
416 0.000110 
417 -0.000001 
418 -0.000144 
419 -0.000386 
420 -0.000577 
421 -0.000679 
422 -0.000788 
423 -0.000850 
424 -0.000615 
425 -0.000526 
426 -0.000160 
427 -0.000064 
428 0.000017 
429 -0.000086 
430 -0.000164 
431 -0.000127 
432 -0.000042 
433 -0.000094 
434 0.000070 
435 0.000205 
436 -0.000143 
437 -0.000247 
438 -0.000161 
439 -0.000027 
440 0.000164 
441 0.000354 
442 0.000510 
443 0.000747 
444 0.000973 
445 0.000915 
446 0.000807 
447 0.000638 
448 0.000545 
449 0.000279 
450 0.000137 
451 -0.000042 
452 -0.000256 
453 -0.000572 
454 -0.000828 
455 -0.000859 
456 -0.000764 
457 -0.000568 
458 -0.000495 
459 -0.000442 
460 -0.000510 
461 -0.000468 
462 -0.000351 
463 -0.000370 
464 -0.000438 
465 -0.000356 
466 -0.000232 
467 -0.000263 
468 -0.000309 
469 -0.000466 
470 -0.000420 
471 -0.000430 
472 -0.000370 
473 -0.000061 
474 -0.000046 
475 0.000152 
476 0.000451 
477 0.000477 
478 0.000614 
479 0.000401 
480 0.000233 
481 0.000340 
482 0.000267 
483 0.000437 
484 0.000421 
485 0.000144 
486 -0.000191 
487 -0.000436 
488 -0.000671 
489 -0.000927 
490 -0.001034 
491 -0.000985 
492 -0.000856 
493 -0.000753 
494 -0.000760 
495 -0.000494 
496 -0.000429 
497 -0.000279 
498 -0.000151 
499 -0.000033 
500 0.000114 
501 0.000080 
502 -0.000079 
503 -0.000367 
504 -0.000575 
505 -0.000622 
506 -0.000869 
507 -0.000687 
508 -0.000530 
509 -0.000667 
510 -0.000558 
511 -0.000599 
512 -0.000463 
513 -0.000244 
514 -0.000115 
515 0.000159 
516 0.000163 
517 0.000238 
518 0.000133 
519 0.000019 
520 -0.000008 
521 -0.000005 
522 -0.000018 
523 0.000145 
524 0.000108 
525 -0.000062 
526 -0.000381 
527 -0.000724 
528 -0.000811 
529 -0.000802 
530 -0.000461 
531 -0.000282 
532 -0.000178 
533 0.000249 
534 0.000424 
535 0.000554 
536 0.000449 
537 0.000189 
538 -0.000020 
539 0.000018 
540 -0.000184 
541 -0.000403 
542 -0.000421 
543 -0.000676 
544 -0.000775 
545 -0.000967 
546 -0.000795 
547 -0.000630 
548 -0.000373 
549 -0.000232 
550 0.000085 
551 0.000312 
552 0.000300 
553 0.000241 
554 0.000114 
555 -0.000087 
556 -0.000195 
557 -0.000373 
558 -0.000367 
559 -0.000630 
560 -0.000657 
561 -0.000759 
562 -0.000751 
563 -0.000421 
564 -0.000327 
565 -0.000013 
566 -0.000017 
567 -0.000032 
568 -0.000008 
569 -0.000070 
570 -0.000188 
571 0.000041 
572 0.000175 
573 0.000137 
574 -0.000013 
575 -0.000292 
576 -0.000596 
577 -0.000677 
578 -0.000735 
579 -0.000663 
580 -0.000644 
581 -0.000427 
582 -0.000405 
583 -0.000209 
584 -0.000096 
585 0.000127 
586 0.000164 
587 0.000310 
588 0.000390 
589 0.000666 
590 0.000805 
591 0.000659 
592 0.000483 
593 0.000123 
594 -0.000337 
595 -0.000417 
596 -0.000697 
597 -0.000707 
598 -0.000599 
599 -0.000288 
600 0.000067 
601 0.000275 
602 0.000421 
603 0.000629 
604 0.000657 
605 0.000530 
606 0.000499 
607 0.000530 
608 0.000377 
609 0.000042 
610 -0.000238 
611 -0.000479 
612 -0.000508 
613 -0.000264 
614 -0.000183 
615 -0.000264 
616 -0.000241 
617 -0.000005 
618 0.000016 
619 0.000232 
620 0.000500 
621 0.000370 
622 0.000436 
623 0.000402 
624 0.000489 
625 0.000445 
626 0.000167 
627 -0.000040 
628 -0.000294 
629 -0.000324 
630 -0.000359 
631 -0.000268 
632 -0.000399 
633 -0.000492 
634 -0.000405 
635 -0.000263 
636 -0.000074 
637 0.000116 
638 0.000381 
639 0.000648 
640 0.000751 
641 0.000642 
642 0.000503 
643 0.000149 
644 -0.000137 
645 -0.000329 
646 -0.000502 
647 -0.000342 
648 -0.000302 
649 -0.000175 
650 -0.000025 
651 -0.000063 
652 0.000031 
653 0.000115 
654 0.000351 
655 0.000461 
656 0.000482 
657 0.000389 
658 0.000434 
659 0.000446 
660 0.000156 
661 -0.000163 
662 -0.000325 
663 -0.000472 
664 -0.000543 
665 -0.000633 
666 -0.000472 
667 -0.000508 
668 -0.000344 
669 -0.000436 
670 -0.000306 
671 -0.000073 
672 0.000153 
673 0.000318 
674 0.000272 
675 0.000376 
676 0.000361 
677 0.000397 
678 0.000319 
679 0.000294 
680 0.000423 
681 0.000443 
682 0.000316 
683 0.000241 
684 0.000127 
685 0.000059 
686 0.000085 
687 0.000250 
688 0.000314 
689 0.000451 
690 0.000411 
691 0.000482 
692 0.000456 
693 0.000365 
694 0.000221 
695 0.000084 
696 0.000067 
697 0.000073 
698 -0.000164 
699 -0.000494 
700 -0.000692 
701 -0.000838 
702 -0.000747 
703 -0.000723 
704 -0.000638 
705 -0.000568 
706 -0.000204 
707 0.000019 
708 0.000160 
709 0.000261 
710 0.000148 
711 0.000042 
712 -0.000041 
713 0.000044 
714 -0.000018 
715 -0.000021 
716 -0.000241 
717 -0.000301 
718 -0.000297 
719 -0.000288 
720 -0.000120 
721 -0.000139 
722 -0.000059 
723 0.000014 
724 0.000075 
725 0.000026 
726 0.000143 
727 0.000197 
728 0.000238 
729 0.000279 
730 0.000168 
731 0.000247 
732 0.000218 
733 0.000126 
734 -0.000177 
735 -0.000336 
736 -0.000391 
737 -0.000435 
738 -0.000470 
739 -0.000560 
740 -0.000434 
741 -0.000245 
742 -0.000175 
743 -0.000126 
744 0.000001 
745 0.000156 
746 0.000225 
747 0.000341 
748 0.000314 
749 0.000238 
750 0.000012 
751 -0.000200 
752 -0.000330 
753 -0.000353 
754 -0.000292 
755 -0.000299 
756 -0.000211 
757 -0.000210 
758 -0.000197 
759 -0.000211 
760 -0.000221 
761 -0.000099 
762 0.000065 
763 0.000189 
764 0.000281 
765 0.000221 
766 0.000199 
767 0.000133 
768 0.000060 
769 -0.000085 
770 -0.000192 
771 -0.000203 
772 -0.000138 
773 -0.000142 
774 -0.000214 
775 -0.000241 
776 -0.000200 
777 -0.000190 
778 -0.000172 
779 -0.000132 
780 -0.000078 
781 -0.000022 
782 -0.000011 
783 -0.000044 
784 0.000011 
785 0.000001 
786 -0.000034 
787 -0.000124 
788 -0.000174 
789 -0.000253 
790 -0.000255 
791 -0.000299 
792 -0.000309 
793 -0.000309 
794 -0.000203 
795 -0.000130 
796 0.000092 
797 0.000343 
798 0.000413 
799 0.000426 
800 0.000403 
801 0.000205 
802 0.000081 
803 -0.000016 
804 -0.000021 
805 -0.000124 
806 -0.000193 
807 -0.000369 
808 -0.000475 
809 -0.000492 
810 -0.000431 
811 -0.000349 
812 -0.000285 
813 -0.000157 
814 -0.000076 
815 -0.000054 
816 -0.000014 
817 -0.000080 
818 -0.000221 
819 -0.000267 
820 -0.000288 
821 -0.000257 
822 -0.000198 
823 -0.000246 
824 -0.000262 
825 -0.000321 
826 -0.000308 
827 -0.000314 
828 -0.000285 
829 -0.000234 
830 -0.000123 
831 0.000064 
832 0.000120 
833 0.000232 
834 0.000304 
835 0.000280 
836 0.000304 
837 0.000271 
838 0.000222 
839 0.000124 
840 0.000023 
841 -0.000132 
842 -0.000233 
843 -0.000305 
844 -0.000297 
845 -0.000240 
846 -0.000230 
847 -0.000253 
848 -0.000160 
849 -0.000047 
850 0.000079 
851 0.000092 
852 0.000153 
853 0.000119 
854 0.000137 
855 0.000097 
856 0.000094 
857 0.000000 
858 -0.000151 
859 -0.000282 
860 -0.000311 
861 -0.000243 
862 -0.000227 
863 -0.000188 
864 -0.000150 
865 -0.000051 
866 -0.000027 
867 -0.000019 
868 0.000018 
869 0.000106 
870 0.000191 
871 0.000248 
872 0.000228 
873 0.000178 
874 0.000111 
875 -0.000022 
876 -0.000068 
877 -0.000098 
878 -0.000115 
879 -0.000066 
880 -0.000046 
881 -0.000034 
882 -0.000013 
883 -0.000025 
884 0.000010 
885 0.000058 
886 0.000125 
887 0.000194 
888 0.000228 
889 0.000217 
890 0.000188 
891 0.000130 
892 0.000090 
893 0.000032 
894 -0.000056 
895 -0.000089 
896 -0.000156 
897 -0.000163 
898 -0.000156 
899 -0.000130 
900 -0.000112 
901 -0.000101 
902 -0.000029 
903 -0.000004 
904 0.000095 
905 0.000137 
906 0.000120 
907 0.000066 
908 0.000038 
909 0.000034 
910 0.000001 
911 -0.000010 
912 -0.000041 
913 -0.000047 
914 -0.000042 
915 -0.000059 
916 -0.000048 
917 -0.000016 
918 0.000037 
919 0.000099 
920 0.000146 
921 0.000170 
922 0.000154 
923 0.000128 
924 0.000095 
925 0.000072 
926 0.000059 
927 0.000056 
928 0.000029 
929 0.000009 
930 -0.000016 
931 -0.000058 
932 -0.000088 
933 -0.000107 
934 -0.000126 
935 -0.000136 
936 -0.000101 
937 -0.000087 
938 -0.000032 
939 -0.000017 
940 -0.000004 
941 -0.000018 
942 -0.000030 
943 -0.000023 
944 -0.000010 
945 -0.000016 
946 0.000008 
947 0.000027 
948 -0.000019 
949 -0.000031 
950 -0.000020 
951 -0.000001 
952 0.000024 
953 0.000047 
954 0.000067 
955 0.000096 
956 0.000121 
957 0.000113 
958 0.000099 
959 0.000077 
960 0.000065 
961 0.000032 
962 0.000014 
963 -0.000007 
964 -0.000031 
965 -0.000066 
966 -0.000095 
967 -0.000097 
968 -0.000085 
969 -0.000062 
970 -0.000054 
971 -0.000047 
972 -0.000053 
973 -0.000047 
974 -0.000035 
975 -0.000036 
976 -0.000042 
977 -0.000035 
978 -0.000022 
979 -0.000023 
980 -0.000028 
981 -0.000043 
982 -0.000039 
983 -0.000040 
984 -0.000034 
985 -0.000006 
986 -0.000005 
987 0.000013 
988 0.000040 
989 0.000042 
990 0.000054 
991 0.000035 
992 0.000019 
993 0.000028 
994 0.000021 
995 0.000036 
996 0.000035 
997 0.000010 
998 -0.000018 
999 -0.000040 
1000 -0.000060 
1001 -0.000081 
1002 -0.000090 
1003 -0.000085 
1004 -0.000073 
1005 -0.000064 
1006 -0.000063 
1007 -0.000042 
1008 -0.000035 
1009 -0.000023 
1010 -0.000012 
1011 -0.000003 
1012 0.000010 
1013 0.000007 
1014 -0.000006 
1015 -0.000028 
1016 -0.000045 
1017 -0.000049 
1018 -0.000068 
1019 -0.000054 
1020 -0.000043 
1021 -0.000054 
1022 -0.000046 
1023 -0.000049 
