0 -0.359977 
1 0.003654 
2 -0.260120 
3 -0.038157 
4 -0.083485 
5 -0.140087 
6 -0.002150 
7 -0.216162 
8 -0.079351 
9 -0.202658 
10 -0.187284 
11 -0.102901 
12 -0.186490 
13 -0.025707 
14 -0.122313 
15 0.012621 
16 -0.126897 
17 0.030487 
18 -0.222831 
19 0.054438 
20 -0.253844 
21 0.020752 
22 -0.241654 
23 0.021614 
24 -0.208942 
25 0.078431 
26 -0.188033 
27 0.125265 
28 -0.151398 
29 0.051652 
30 -0.064848 
31 -0.145956 
32 0.070510 
33 -0.286223 
34 0.159344 
35 -0.316900 
36 0.161678 
37 -0.198008 
38 0.073116 
39 -0.008074 
40 -0.048208 
41 0.125063 
42 -0.143286 
43 0.156864 
44 -0.212954 
45 0.133338 
46 -0.220044 
47 0.090229 
48 -0.141540 
49 0.010908 
50 -0.023019 
51 -0.024247 
52 0.066587 
53 0.019471 
54 0.019058 
55 0.108632 
56 -0.024652 
57 0.067360 
58 0.018974 
59 -0.108987 
60 0.119059 
61 -0.238983 
62 0.155749 
63 -0.149529 
64 0.125523 
65 0.034516 
66 0.105325 
67 0.118065 
68 0.083257 
69 0.104717 
70 0.010268 
71 0.102146 
72 -0.116326 
73 0.058362 
74 -0.081834 
75 -0.000203 
76 0.145299 
77 -0.059606 
78 0.377945 
79 -0.063399 
80 0.372382 
81 -0.071363 
82 0.219905 
83 -0.099070 
84 0.125374 
85 -0.122390 
86 0.097541 
87 -0.004944 
88 0.108581 
89 0.154152 
90 0.087271 
91 0.223866 
92 0.054910 
93 0.145689 
94 0.034747 
95 0.081614 
96 -0.013137 
97 0.126287 
98 -0.053645 
99 0.217399 
100 -0.051198 
101 0.281225 
102 0.010548 
103 0.189815 
104 0.085378 
105 0.052281 
106 0.184295 
107 -0.037458 
108 0.199904 
109 -0.048280 
110 0.210095 
111 0.018244 
112 0.188146 
113 0.083085 
114 0.099822 
115 0.150997 
116 -0.068105 
117 0.252298 
118 -0.166361 
119 0.339426 
120 -0.106299 
121 0.291922 
122 0.013365 
123 0.161628 
124 0.055900 
125 0.095529 
126 0.036887 
127 0.073363 
128 0.046331 
129 0.028942 
130 0.173314 
131 -0.067757 
132 0.249730 
133 -0.061162 
134 0.181211 
135 0.016498 
136 0.049287 
137 0.077928 
138 0.016116 
139 0.114972 
140 0.000980 
141 0.192018 
142 -0.114102 
143 0.285328 
144 -0.301179 
145 0.305098 
146 -0.289970 
147 0.225335 
148 -0.109971 
149 0.155921 
150 0.022609 
151 0.093498 
152 0.029467 
153 0.030984 
154 0.017830 
155 -0.088837 
156 0.075771 
157 -0.169983 
158 0.105547 
159 -0.140477 
160 0.077593 
161 -0.025784 
162 0.032949 
163 0.031112 
164 0.008032 
165 0.033128 
166 -0.019800 
167 -0.011814 
168 -0.062500 
169 -0.034763 
170 -0.081570 
171 -0.019487 
172 -0.079466 
173 -0.028067 
174 -0.029240 
175 -0.066863 
176 0.025058 
177 -0.102445 
178 0.096692 
179 -0.131859 
180 0.080829 
181 -0.154224 
182 0.038915 
183 -0.183940 
184 0.034034 
185 -0.205771 
186 0.015265 
187 -0.179262 
188 -0.019915 
189 -0.050120 
190 -0.072558 
191 0.048748 
192 -0.112283 
193 0.013654 
194 -0.135292 
195 -0.072630 
196 -0.147312 
197 -0.082286 
198 -0.140451 
199 -0.094910 
200 -0.051120 
201 -0.140098 
202 0.081670 
203 -0.224016 
204 0.117410 
205 -0.257740 
206 0.036644 
207 -0.225079 
208 -0.047581 
209 -0.201495 
210 -0.042357 
211 -0.164205 
212 -0.070706 
213 -0.078471 
214 -0.135763 
215 0.003835 
216 -0.188985 
217 0.003798 
218 -0.159704 
219 -0.073164 
220 -0.112015 
221 -0.132541 
222 -0.125807 
223 -0.160992 
224 -0.128743 
225 -0.186638 
226 -0.026335 
227 -0.242546 
228 0.074760 
229 -0.263731 
230 0.076676 
231 -0.267072 
232 -0.029200 
233 -0.181275 
234 -0.156208 
235 -0.106129 
236 -0.251028 
237 -0.015411 
238 -0.287071 
239 0.056380 
240 -0.289941 
241 0.065448 
242 -0.286207 
243 0.040304 
244 -0.292883 
245 -0.025042 
246 -0.238973 
247 -0.102952 
248 -0.156777 
249 -0.185636 
250 -0.078694 
251 -0.201935 
252 -0.040329 
253 -0.148328 
254 -0.036884 
255 -0.150503 
256 -0.057642 
257 -0.220718 
258 -0.114949 
259 -0.248545 
260 -0.164970 
261 -0.105072 
262 -0.187629 
263 0.025024 
264 -0.199903 
265 0.075560 
266 -0.272635 
267 0.019253 
268 -0.337444 
269 0.004238 
270 -0.335852 
271 -0.012972 
272 -0.195289 
273 -0.105813 
274 -0.044356 
275 -0.193085 
276 0.044758 
277 -0.235383 
278 0.045807 
279 -0.249515 
280 -0.002551 
281 -0.265517 
282 -0.066688 
283 -0.206992 
284 -0.100199 
285 -0.065774 
286 -0.143295 
287 0.024062 
288 -0.145304 
289 0.005637 
290 -0.176714 
291 -0.024467 
292 -0.196392 
293 -0.021066 
294 -0.211917 
295 -0.012505 
296 -0.132114 
297 -0.041257 
298 -0.012365 
299 -0.116599 
300 0.038773 
301 -0.181406 
302 0.021440 
303 -0.184244 
304 0.038987 
305 -0.155427 
306 0.050263 
307 -0.108660 
308 0.027038 
309 -0.077952 
310 -0.001110 
311 -0.013324 
312 -0.037279 
313 0.006685 
314 -0.081178 
315 0.005388 
316 -0.098337 
317 -0.014275 
318 -0.041576 
319 -0.015982 
320 0.091219 
321 -0.045427 
322 0.126921 
323 -0.093610 
324 0.090187 
325 -0.137453 
326 0.099143 
327 -0.105600 
328 0.151302 
329 -0.060499 
330 0.145994 
331 -0.068910 
332 0.049156 
333 -0.043293 
334 0.038798 
335 0.029697 
336 0.066072 
337 0.106692 
338 0.016025 
339 0.169944 
340 -0.070909 
341 0.171083 
342 -0.070214 
343 0.115308 
344 0.015783 
345 0.020045 
346 0.116867 
347 -0.005417 
348 0.172243 
349 0.004699 
350 0.198639 
351 -0.002150 
352 0.215832 
353 -0.015802 
354 0.149920 
355 0.008888 
356 0.058482 
357 0.078086 
358 0.010394 
359 0.169202 
360 0.034317 
361 0.214252 
362 0.030656 
363 0.231315 
364 -0.016884 
365 0.245032 
366 -0.031541 
367 0.186681 
368 0.020822 
369 0.110051 
370 0.089862 
371 0.063395 
372 0.146306 
373 0.050224 
374 0.186329 
375 0.074370 
376 0.239576 
377 0.060476 
378 0.243478 
379 0.031340 
380 0.152563 
381 0.023666 
382 0.043460 
383 0.126399 
384 0.007377 
385 0.288543 
386 -0.029162 
387 0.364955 
388 -0.037912 
389 0.332193 
390 -0.047785 
391 0.251536 
392 -0.006957 
393 0.158084 
394 0.037756 
395 0.082485 
396 0.122007 
397 0.055656 
398 0.205615 
399 0.068062 
400 0.216616 
401 0.098391 
402 0.153140 
403 0.114614 
404 0.094271 
405 0.066367 
406 0.087767 
407 0.069991 
408 0.071685 
409 0.127663 
410 0.024269 
411 0.236384 
412 -0.034334 
413 0.236263 
414 -0.003007 
415 0.178758 
416 0.041970 
417 0.109420 
418 0.040244 
419 0.078531 
420 0.050181 
421 0.037492 
422 0.128591 
423 -0.034526 
424 0.239641 
425 -0.105454 
426 0.261068 
427 -0.090408 
428 0.170372 
429 -0.032314 
430 0.072875 
431 0.024717 
432 -0.010060 
433 0.092865 
434 -0.027553 
435 0.169173 
436 -0.062664 
437 0.179898 
438 -0.068137 
439 0.114104 
440 -0.036194 
441 -0.007601 
442 0.031162 
443 -0.083820 
444 0.068741 
445 -0.100694 
446 0.122650 
447 -0.068227 
448 0.162235 
449 -0.077981 
450 0.161571 
451 -0.142538 
452 0.111232 
453 -0.157505 
454 0.022633 
455 -0.092864 
456 -0.062951 
457 0.001465 
458 -0.099388 
459 0.058704 
460 -0.097961 
461 0.076102 
462 -0.081558 
463 0.055408 
464 -0.122383 
465 0.017591 
466 -0.122942 
467 -0.097451 
468 -0.059165 
469 -0.198719 
470 0.078424 
471 -0.234559 
472 0.158074 
473 -0.204780 
474 0.125543 
475 -0.188934 
476 0.031603 
477 -0.213297 
478 -0.047195 
479 -0.170987 
480 -0.124757 
481 -0.062446 
482 -0.190633 
483 0.045071 
484 -0.190607 
485 0.061650 
486 -0.156268 
487 -0.012869 
488 -0.155454 
489 -0.050861 
490 -0.214513 
491 -0.040957 
492 -0.228717 
493 -0.060291 
494 -0.151285 
495 -0.158231 
496 -0.036525 
497 -0.207026 
498 0.040294 
499 -0.208456 
500 -0.014422 
501 -0.162220 
502 -0.101663 
503 -0.135321 
504 -0.152246 
505 -0.080784 
506 -0.208540 
507 -0.009417 
508 -0.290451 
509 0.060380 
510 -0.308855 
511 0.102070 
512 -0.245091 
513 0.022856 
514 -0.188295 
515 -0.116482 
516 -0.174131 
517 -0.187382 
518 -0.125318 
519 -0.177255 
520 -0.011943 
521 -0.159957 
522 0.072321 
523 -0.198842 
524 0.027211 
525 -0.210783 
526 -0.102147 
527 -0.139297 
528 -0.198420 
529 -0.044895 
530 -0.170306 
531 -0.032082 
532 -0.124398 
533 -0.008119 
534 -0.121106 
535 0.045032 
536 -0.222581 
537 0.081337 
538 -0.289333 
539 0.034038 
540 -0.208957 
541 -0.054975 
542 -0.045995 
543 -0.094138 
544 0.036735 
545 -0.108280 
546 0.040878 
547 -0.105635 
548 0.029404 
549 -0.121379 
550 0.000759 
551 -0.102432 
552 -0.078656 
553 -0.001912 
554 -0.163505 
555 0.100725 
556 -0.139120 
557 0.108047 
558 -0.052844 
559 0.048472 
560 0.004195 
561 0.019392 
562 0.015306 
563 0.002591 
564 -0.006399 
565 -0.049322 
566 0.070145 
567 -0.158548 
568 0.156629 
569 -0.182563 
570 0.213517 
571 -0.112002 
572 0.216374 
573 -0.019752 
574 0.196027 
575 -0.033275 
576 0.155801 
577 -0.078069 
578 0.074556 
579 -0.030733 
580 -0.015901 
581 0.108329 
582 -0.068905 
583 0.235799 
584 -0.021521 
585 0.286844 
586 0.023065 
587 0.220840 
588 0.009565 
589 0.091458 
590 -0.015804 
591 -0.029282 
592 0.090246 
593 -0.080150 
594 0.274262 
595 -0.066291 
596 0.338789 
597 0.020198 
598 0.257429 
599 0.071558 
600 0.096298 
601 0.075450 
602 0.032391 
603 0.046249 
604 0.068883 
605 0.104948 
606 0.070756 
607 0.204627 
608 0.045640 
609 0.252312 
610 0.039303 
611 0.189615 
612 0.097513 
613 0.060243 
614 0.126126 
615 0.021191 
616 0.148880 
617 0.054233 
618 0.153813 
619 0.047007 
620 0.232139 
621 0.010632 
622 0.236060 
623 -0.005751 
624 0.168465 
625 0.075047 
626 0.074478 
627 0.182524 
628 0.043128 
629 0.222509 
630 0.016247 
631 0.211382 
632 -0.067529 
633 0.263002 
634 -0.126991 
635 0.299905 
636 -0.080022 
637 0.240297 
638 0.038168 
639 0.113580 
640 0.140182 
641 0.045201 
642 0.123897 
643 0.073067 
644 0.081401 
645 0.072207 
646 0.088058 
647 0.053184 
648 0.135947 
649 0.029421 
650 0.087269 
651 0.048354 
652 -0.029951 
653 0.122705 
654 -0.096603 
655 0.207670 
656 -0.039517 
657 0.225696 
658 -0.015014 
659 0.156713 
660 -0.046506 
661 0.053606 
662 -0.051246 
663 -0.016465 
664 0.027663 
665 -0.076408 
666 0.139624 
667 -0.093746 
668 0.172355 
669 -0.058719 
670 0.121741 
671 -0.015652 
672 0.032642 
673 -0.025617 
674 -0.048124 
675 -0.019353 
676 -0.118092 
677 0.034452 
678 -0.176956 
679 0.151163 
680 -0.176326 
681 0.169641 
682 -0.114643 
683 0.065686 
684 -0.032879 
685 -0.040851 
686 -0.017804 
687 -0.106891 
688 -0.021920 
689 -0.161036 
690 -0.011764 
691 -0.245803 
692 0.090023 
693 -0.268138 
694 0.138802 
695 -0.215174 
696 0.090241 
697 -0.127789 
698 0.030337 
699 -0.104152 
700 -0.057517 
701 -0.133072 
702 -0.172780 
703 -0.084172 
704 -0.264759 
705 0.039301 
706 -0.255361 
707 0.069997 
708 -0.141521 
709 -0.068252 
710 -0.016330 
711 -0.214671 
712 0.015199 
713 -0.298769 
714 -0.019937 
715 -0.303994 
716 -0.003326 
717 -0.302068 
718 0.078134 
719 -0.305803 
720 0.098010 
721 -0.263716 
722 -0.006694 
723 -0.185252 
724 -0.140584 
725 -0.117513 
726 -0.230629 
727 -0.089027 
728 -0.246562 
729 -0.066369 
730 -0.253355 
731 -0.029608 
732 -0.269060 
733 -0.013949 
734 -0.214749 
735 -0.056633 
736 -0.104421 
737 -0.183396 
738 -0.034314 
739 -0.298549 
740 -0.018501 
741 -0.348984 
742 -0.014036 
743 -0.290716 
744 0.017932 
745 -0.242019 
746 -0.005515 
747 -0.142316 
748 -0.127859 
749 -0.038784 
750 -0.271349 
751 0.028706 
752 -0.308647 
753 0.025077 
754 -0.247287 
755 -0.012780 
756 -0.165637 
757 0.002934 
758 -0.158421 
759 0.010490 
760 -0.133310 
761 -0.059356 
762 -0.066094 
763 -0.169845 
764 -0.017768 
765 -0.227263 
766 -0.013842 
767 -0.169552 
768 0.017677 
769 -0.082585 
770 0.098940 
771 -0.042706 
772 0.072500 
773 -0.064320 
774 -0.088514 
775 0.012029 
776 -0.250474 
777 0.136525 
778 -0.232672 
779 0.238361 
780 -0.131346 
781 0.204602 
782 -0.056384 
783 0.117097 
784 -0.062304 
785 0.052167 
786 -0.033531 
787 -0.037755 
788 0.058509 
789 -0.115192 
790 0.164723 
791 -0.091442 
792 0.210944 
793 0.056807 
794 0.143045 
795 0.184208 
796 0.015403 
797 0.171555 
798 -0.038552 
799 0.101432 
800 -0.037913 
801 0.094492 
802 -0.001957 
803 0.179493 
804 0.028763 
805 0.243769 
806 0.100647 
807 0.213343 
808 0.162388 
809 0.108885 
810 0.179913 
811 0.048481 
812 0.191983 
813 -0.009027 
814 0.250463 
815 -0.091600 
816 0.352530 
817 -0.073488 
818 0.388280 
819 0.053208 
820 0.316124 
821 0.218985 
822 0.182750 
823 0.249385 
824 0.097367 
825 0.163863 
826 0.022781 
827 0.134687 
828 0.007288 
829 0.256127 
830 0.149532 
831 0.393624 
832 0.285961 
833 0.321552 
834 0.347073 
835 0.112358 
836 0.188210 
837 -0.061782 
838 0.108584 
839 0.006891 
840 0.185049 
841 0.189804 
842 0.351669 
843 0.249976 
844 0.316775 
845 0.206461 
846 0.231365 
847 0.192753 
848 0.157609 
849 0.181483 
850 0.159472 
851 0.171552 
852 0.214127 
853 0.195784 
854 0.216641 
855 0.220943 
856 0.193786 
857 0.226857 
858 0.196812 
859 0.137284 
860 0.267922 
861 0.014983 
862 0.346351 
863 -0.028221 
864 0.328257 
865 0.051162 
866 0.263660 
867 0.175137 
868 0.207389 
869 0.230403 
870 0.166458 
871 0.206886 
872 0.092177 
873 0.214621 
874 0.032047 
875 0.262054 
876 0.041803 
877 0.235969 
878 0.110583 
879 0.187408 
880 0.165841 
881 0.178967 
882 0.145206 
883 0.195003 
884 0.105959 
885 0.169989 
886 0.124648 
887 0.064377 
888 0.144294 
889 0.041061 
890 0.122258 
891 0.125206 
892 0.103960 
893 0.215857 
894 0.119072 
895 0.185056 
896 0.077266 
897 0.113752 
898 0.014926 
899 0.145822 
900 -0.079081 
901 0.228313 
902 -0.088314 
903 0.237304 
904 -0.031666 
905 0.171503 
906 0.084928 
907 0.072888 
908 0.150339 
909 -0.032855 
910 0.160997 
911 -0.120119 
912 0.157064 
913 -0.128817 
914 0.118745 
915 -0.044674 
916 0.034095 
917 0.112300 
918 -0.072088 
919 0.187749 
920 -0.133470 
921 0.183518 
922 -0.143562 
923 0.091381 
924 -0.119162 
925 0.057475 
926 -0.133212 
927 0.062836 
928 -0.150364 
929 0.092135 
930 -0.116146 
931 0.035550 
932 -0.034342 
933 -0.086531 
934 0.054919 
935 -0.213552 
936 0.099403 
937 -0.266463 
938 0.117130 
939 -0.310975 
940 0.133297 
941 -0.289479 
942 0.071441 
943 -0.169249 
944 -0.070357 
945 0.001178 
946 -0.291333 
947 0.097588 
948 -0.372575 
949 0.083300 
950 -0.301698 
951 -0.004613 
952 -0.191253 
953 -0.067960 
954 -0.114557 
955 -0.153480 
956 -0.022002 
957 -0.258563 
958 0.018085 
959 -0.369427 
960 -0.010636 
961 -0.366491 
962 -0.062683 
963 -0.276861 
964 -0.060482 
965 -0.241024 
966 -0.019123 
967 -0.258570 
968 -0.019412 
969 -0.257467 
970 -0.111898 
971 -0.200684 
972 -0.227609 
973 -0.152286 
974 -0.304772 
975 -0.127421 
976 -0.279016 
977 -0.104151 
978 -0.268590 
979 -0.058146 
980 -0.214909 
981 -0.145355 
982 -0.145417 
983 -0.327498 
984 -0.064213 
985 -0.476003 
986 -0.008599 
987 -0.440921 
988 -0.032396 
989 -0.265265 
990 -0.143546 
991 -0.130175 
992 -0.260012 
993 -0.073374 
994 -0.322821 
995 -0.111118 
996 -0.324242 
997 -0.179213 
998 -0.270536 
999 -0.202997 
1000 -0.198640 
1001 -0.208783 
1002 -0.141090 
1003 -0.206453 
1004 -0.136107 
1005 -0.193629 
1006 -0.175593 
1007 -0.154481 
1008 -0.197928 
1009 -0.204794 
1010 -0.158741 
1011 -0.307895 
1012 -0.022102 
1013 -0.397473 
1014 0.041916 
1015 -0.314447 
1016 -0.072739 
1017 -0.144188 
1018 -0.249183 
1019 0.004028 
1020 -0.345194 
1021 0.057429 
1022 -0.376268 
1023 0.025497 
