0 -0.027578 
1 0.030600 
2 -0.011988 
3 0.014985 
4 -0.022166 
5 0.013879 
6 -0.013772 
7 0.001489 
8 0.004150 
9 0.015241 
10 -0.006113 
11 -0.012840 
12 -0.008687 
13 -0.006076 
14 -0.005876 
15 0.015061 
16 0.022235 
17 0.023081 
18 -0.006453 
19 0.015163 
20 -0.013789 
21 -0.002176 
22 -0.033575 
23 0.010938 
24 -0.020839 
25 0.001028 
26 -0.013666 
27 0.016700 
28 -0.008122 
29 0.005765 
30 0.004407 
31 0.010558 
32 -0.002027 
33 0.000859 
34 0.008394 
35 -0.001718 
36 -0.006610 
37 -0.001381 
38 0.001308 
39 -0.011627 
40 -0.008107 
41 0.001592 
42 -0.000746 
43 -0.009944 
44 0.002373 
45 0.001404 
46 0.004578 
47 -0.009610 
48 0.020406 
49 0.004093 
50 0.015456 
51 -0.018642 
52 0.004646 
53 -0.031871 
54 -0.004737 
55 -0.015509 
56 0.024618 
57 -0.017719 
58 0.020439 
59 -0.008741 
60 0.041455 
61 -0.004956 
62 0.043829 
63 -0.008426 
64 0.004116 
65 -0.064651 
66 -0.032157 
67 -0.054063 
68 -0.005938 
69 0.002493 
70 0.065227 
71 0.054327 
72 0.060452 
73 0.026637 
74 0.003913 
75 -0.046012 
76 -0.071689 
77 -0.065185 
78 -0.048405 
79 -0.008482 
80 0.015165 
81 0.048413 
82 0.022135 
83 0.026376 
84 0.001340 
85 0.028126 
86 -0.014553 
87 0.008908 
88 -0.020548 
89 0.005633 
90 -0.033830 
91 0.014298 
92 -0.003650 
93 0.031053 
94 0.002264 
95 0.031669 
96 0.001463 
97 -0.003158 
98 -0.023935 
99 -0.007097 
100 -0.013196 
101 -0.010351 
102 0.007212 
103 0.015870 
104 0.014795 
105 0.008725 
106 0.018992 
107 0.006091 
108 -0.009977 
109 -0.008205 
110 -0.010277 
111 -0.001732 
112 -0.019616 
113 0.011373 
114 0.002340 
115 0.018446 
116 0.004295 
117 0.029207 
118 -0.002299 
119 0.004615 
120 -0.023923 
121 0.010173 
122 -0.026341 
123 0.006984 
124 -0.008923 
125 0.025048 
126 -0.014468 
127 0.013482 
128 -0.008919 
129 0.013807 
130 -0.015169 
131 0.021370 
132 0.001150 
133 0.012165 
134 -0.014066 
135 0.009336 
136 -0.007679 
137 -0.002129 
138 0.000157 
139 0.014797 
140 0.000263 
141 0.005771 
142 -0.004723 
143 0.009943 
144 -0.023921 
145 0.006093 
146 -0.007995 
147 0.018714 
148 -0.014920 
149 0.023319 
150 -0.000941 
151 0.013025 
152 -0.012908 
153 0.020527 
154 -0.002753 
155 0.012747 
156 -0.013956 
157 0.013129 
158 -0.026647 
159 -0.003252 
160 -0.015370 
161 0.021722 
162 -0.005850 
163 0.025979 
164 -0.000416 
165 0.023489 
166 -0.027956 
167 0.014997 
168 -0.018276 
169 0.017481 
170 -0.020428 
171 0.027873 
172 -0.006529 
173 0.018106 
174 -0.014592 
175 0.019466 
176 -0.017633 
177 -0.000579 
178 -0.016199 
179 0.013521 
180 -0.013764 
181 0.008579 
182 -0.000215 
183 0.018802 
184 -0.004221 
185 0.017865 
186 0.007469 
187 0.012018 
188 -0.015701 
189 0.003350 
190 -0.006505 
191 -0.002361 
192 -0.008525 
193 0.012568 
194 0.001801 
195 0.003950 
196 0.000861 
197 0.013722 
198 -0.004090 
199 -0.002267 
200 -0.001186 
201 0.006338 
202 -0.010143 
203 -0.002351 
204 -0.001069 
205 0.004388 
206 -0.005359 
207 0.015567 
208 0.017245 
209 0.011966 
210 -0.005166 
211 0.004246 
212 -0.010795 
213 -0.009226 
214 -0.005253 
215 0.016389 
216 0.006610 
217 0.010859 
218 -0.000680 
219 0.008660 
220 -0.019511 
221 0.001091 
222 -0.005690 
223 0.016172 
224 -0.014101 
225 0.009995 
226 -0.010935 
227 0.000543 
228 -0.013890 
229 0.021453 
230 0.012492 
231 0.017158 
232 0.001695 
233 0.008908 
234 -0.012871 
235 -0.013716 
236 -0.008021 
237 0.002058 
238 -0.002422 
239 -0.000570 
240 0.016911 
241 0.008550 
242 0.003834 
243 -0.002072 
244 0.006730 
245 -0.004838 
246 -0.002169 
247 0.007695 
248 0.004856 
249 -0.004938 
250 -0.009271 
251 0.001051 
252 -0.006996 
253 -0.004022 
254 -0.001060 
255 0.018252 
256 0.001835 
257 0.013861 
258 0.005965 
259 0.006023 
260 -0.014945 
261 -0.004716 
262 -0.002496 
263 -0.001336 
264 -0.008472 
265 0.006621 
266 0.006060 
267 0.002649 
268 0.006180 
269 0.015630 
270 0.009240 
271 -0.002503 
272 -0.001767 
273 -0.003525 
274 -0.010465 
275 -0.012712 
276 0.011333 
277 0.006426 
278 0.009200 
279 -0.002509 
280 0.009225 
281 -0.012432 
282 -0.008315 
283 -0.003548 
284 0.013251 
285 0.002779 
286 0.006471 
287 0.011038 
288 0.007332 
289 -0.005279 
290 0.000295 
291 0.006449 
292 -0.007152 
293 -0.006553 
294 -0.008717 
295 0.003114 
296 -0.012336 
297 0.008526 
298 0.008531 
299 0.019840 
300 -0.004571 
301 0.014305 
302 -0.006024 
303 -0.002698 
304 -0.020283 
305 0.009459 
306 0.001527 
307 0.011071 
308 -0.002010 
309 0.013073 
310 -0.016773 
311 -0.001827 
312 -0.010722 
313 0.018119 
314 -0.009953 
315 0.010649 
316 -0.005341 
317 0.017822 
318 -0.017089 
319 0.022115 
320 -0.008081 
321 0.016847 
322 -0.021240 
323 0.020517 
324 -0.009141 
325 0.009285 
326 -0.014392 
327 0.014211 
328 -0.013020 
329 -0.002945 
330 -0.008716 
331 0.014941 
332 -0.001247 
333 0.010293 
334 0.008213 
335 0.011330 
336 -0.014927 
337 0.008438 
338 -0.006659 
339 0.011330 
340 -0.026014 
341 0.010928 
342 -0.016369 
343 0.008852 
344 -0.014925 
345 0.029667 
346 -0.004978 
347 0.018270 
348 -0.011793 
349 0.023571 
350 -0.020387 
351 0.005375 
352 -0.012365 
353 0.016440 
354 -0.017424 
355 0.013766 
356 -0.002253 
357 0.016051 
358 -0.014558 
359 0.011439 
360 -0.010357 
361 -0.000791 
362 -0.020903 
363 0.013958 
364 -0.003879 
365 0.009925 
366 -0.001843 
367 0.022590 
368 -0.001946 
369 0.002852 
370 -0.004077 
371 -0.001280 
372 -0.017450 
373 -0.005400 
374 0.001735 
375 0.013278 
376 -0.004644 
377 0.013598 
378 0.001763 
379 0.004859 
380 -0.010178 
381 0.014016 
382 -0.002923 
383 0.009225 
384 -0.013795 
385 0.022320 
386 -0.020980 
387 0.012456 
388 -0.016477 
389 0.026181 
390 -0.019119 
391 0.019212 
392 -0.010478 
393 0.019346 
394 -0.021674 
395 0.010439 
396 -0.006539 
397 0.005845 
398 -0.004921 
399 0.009927 
400 0.003438 
401 -0.007942 
402 -0.002343 
403 -0.003218 
404 0.002429 
405 -0.011129 
406 0.009134 
407 0.003780 
408 0.007465 
409 -0.001215 
410 0.012294 
411 0.004350 
412 -0.005366 
413 0.007407 
414 0.002041 
415 0.001547 
416 -0.018386 
417 -0.000797 
418 -0.010813 
419 -0.000725 
420 -0.005960 
421 0.020451 
422 0.004125 
423 0.009326 
424 0.000531 
425 0.009895 
426 -0.008365 
427 -0.004740 
428 0.000114 
429 0.008303 
430 -0.003796 
431 0.006305 
432 0.012173 
433 0.006376 
434 0.002489 
435 0.001357 
436 0.003320 
437 -0.014809 
438 -0.009102 
439 -0.003508 
440 0.004021 
441 -0.004394 
442 0.012467 
443 0.011322 
444 0.006679 
445 -0.008190 
446 0.007347 
447 -0.004156 
448 -0.002936 
449 -0.009459 
450 0.009661 
451 -0.003369 
452 0.004098 
453 0.000901 
454 0.016349 
455 -0.012100 
456 -0.001898 
457 -0.010324 
458 0.008829 
459 -0.011321 
460 0.015385 
461 0.006184 
462 0.011752 
463 -0.014103 
464 0.004021 
465 -0.006974 
466 -0.003585 
467 -0.006501 
468 0.014858 
469 0.003590 
470 0.001852 
471 -0.003504 
472 0.011541 
473 -0.002648 
474 -0.000079 
475 0.005890 
476 0.000370 
477 -0.006793 
478 -0.013059 
479 0.005477 
480 -0.006550 
481 0.002668 
482 0.004257 
483 0.019559 
484 0.000126 
485 0.000257 
486 0.000023 
487 -0.000281 
488 -0.007495 
489 0.000851 
490 0.015564 
491 0.003306 
492 0.002659 
493 -0.001363 
494 0.002386 
495 -0.019098 
496 -0.008691 
497 -0.002311 
498 0.002793 
499 -0.000440 
500 0.006457 
501 0.018453 
502 0.001415 
503 0.011062 
504 0.001688 
505 0.012608 
506 -0.020787 
507 -0.001347 
508 -0.010186 
509 0.006091 
510 -0.011863 
511 0.017954 
512 0.004121 
513 0.012975 
514 -0.009053 
515 0.014260 
516 -0.011922 
517 -0.003605 
518 -0.016789 
519 0.014449 
520 -0.007435 
521 0.015731 
522 0.005343 
523 0.021072 
524 -0.011242 
525 0.001167 
526 -0.008706 
527 0.001093 
528 -0.014052 
529 0.010231 
530 0.005401 
531 0.007934 
532 -0.002127 
533 0.013045 
534 0.005957 
535 -0.001774 
536 0.001613 
537 0.002224 
538 -0.003231 
539 -0.013170 
540 0.000096 
541 -0.002023 
542 -0.002266 
543 -0.000237 
544 0.014059 
545 0.010047 
546 0.000367 
547 0.007093 
548 0.001153 
549 0.006027 
550 -0.011729 
551 0.019083 
552 -0.004531 
553 0.006945 
554 -0.017106 
555 0.008989 
556 -0.017242 
557 -0.000953 
558 -0.006468 
559 0.013347 
560 0.004396 
561 0.008681 
562 0.019616 
563 0.007225 
564 0.001938 
565 -0.005420 
566 0.005307 
567 -0.007686 
568 -0.002777 
569 0.003838 
570 0.006233 
571 -0.003888 
572 -0.008753 
573 0.005717 
574 -0.006169 
575 0.003976 
576 0.000719 
577 0.015854 
578 -0.007450 
579 -0.001323 
580 0.000908 
581 0.012264 
582 0.000970 
583 0.009125 
584 0.010231 
585 -0.004842 
586 -0.012393 
587 -0.007714 
588 0.002792 
589 -0.007714 
590 0.004804 
591 0.009710 
592 0.008800 
593 -0.005101 
594 -0.001749 
595 0.008135 
596 0.000442 
597 0.004550 
598 0.009061 
599 0.011227 
600 -0.010950 
601 0.001109 
602 -0.004283 
603 0.005794 
604 -0.011968 
605 0.011684 
606 0.007554 
607 0.002554 
608 -0.001352 
609 0.000939 
610 0.008668 
611 -0.012327 
612 0.007881 
613 -0.000201 
614 0.007387 
615 -0.014807 
616 0.012545 
617 0.000044 
618 0.002602 
619 -0.002150 
620 0.007473 
621 0.006883 
622 -0.006907 
623 0.005182 
624 0.003425 
625 -0.000655 
626 -0.005489 
627 0.004765 
628 0.007774 
629 -0.004917 
630 0.002842 
631 -0.000123 
632 -0.001518 
633 -0.025709 
634 0.003338 
635 -0.008271 
636 0.016548 
637 -0.000754 
638 0.032004 
639 0.004758 
640 0.006004 
641 -0.009428 
642 0.005535 
643 -0.013335 
644 -0.003024 
645 0.002387 
646 0.008199 
647 -0.002158 
648 -0.004460 
649 0.009013 
650 -0.004162 
651 -0.004049 
652 -0.005435 
653 0.002532 
654 -0.009720 
655 -0.002934 
656 0.008056 
657 0.014911 
658 0.005213 
659 0.005483 
660 0.009541 
661 -0.010083 
662 -0.011742 
663 -0.018913 
664 0.006211 
665 -0.008399 
666 0.018212 
667 0.010750 
668 0.017830 
669 -0.013289 
670 0.002063 
671 -0.009676 
672 0.001750 
673 -0.012786 
674 0.013087 
675 0.001886 
676 0.001806 
677 -0.004222 
678 0.009702 
679 -0.004192 
680 -0.000453 
681 -0.007870 
682 0.001952 
683 -0.013858 
684 -0.004301 
685 0.010528 
686 0.012258 
687 0.007424 
688 0.004435 
689 0.007333 
690 -0.008470 
691 -0.014306 
692 -0.012034 
693 -0.005117 
694 -0.014287 
695 0.000211 
696 0.014836 
697 0.011875 
698 0.017333 
699 -0.000617 
700 0.019549 
701 -0.024136 
702 0.004480 
703 -0.020546 
704 0.020682 
705 -0.018849 
706 0.023419 
707 -0.011123 
708 0.012996 
709 -0.028713 
710 0.012385 
711 -0.013509 
712 0.007099 
713 -0.010568 
714 0.019597 
715 0.002672 
716 0.013209 
717 0.000694 
718 0.018476 
719 -0.010561 
720 0.000112 
721 -0.011359 
722 0.001657 
723 -0.026159 
724 0.004115 
725 -0.001694 
726 0.029421 
727 -0.005304 
728 0.027990 
729 -0.007570 
730 0.002105 
731 -0.028090 
732 0.008540 
733 -0.008718 
734 0.008933 
735 0.002654 
736 0.028191 
737 0.002423 
738 0.000845 
739 -0.005879 
740 -0.003793 
741 -0.015868 
742 -0.012359 
743 0.002262 
744 0.002462 
745 0.000179 
746 0.012003 
747 0.015742 
748 0.010002 
749 -0.002909 
750 0.011322 
751 -0.005019 
752 -0.002751 
753 -0.018207 
754 0.015104 
755 -0.011695 
756 0.011677 
757 0.002143 
758 0.028525 
759 -0.001167 
760 0.009461 
761 0.002177 
762 0.000815 
763 -0.015757 
764 -0.004863 
765 0.007378 
766 0.002105 
767 0.001766 
768 0.010356 
769 0.007566 
770 -0.004980 
771 -0.011910 
772 0.009809 
773 -0.005891 
774 0.012354 
775 0.000316 
776 0.030430 
777 -0.006815 
778 0.013410 
779 -0.005119 
780 0.017079 
781 -0.016642 
782 0.003213 
783 -0.007253 
784 0.000033 
785 -0.011549 
786 0.008174 
787 0.011845 
788 0.009820 
789 0.003678 
790 0.010332 
791 -0.005976 
792 -0.006650 
793 -0.006438 
794 0.014832 
795 0.002137 
796 0.012825 
797 0.002564 
798 0.013878 
799 -0.017362 
800 0.000761 
801 -0.014083 
802 0.005382 
803 -0.017140 
804 0.017943 
805 0.004257 
806 0.021425 
807 -0.004063 
808 0.018542 
809 -0.005117 
810 -0.000181 
811 -0.003921 
812 0.014720 
813 0.007502 
814 -0.001501 
815 0.005331 
816 -0.007534 
817 -0.009846 
818 -0.018777 
819 0.007487 
820 -0.006741 
821 0.003735 
822 -0.001772 
823 0.017274 
824 0.000635 
825 0.007110 
826 0.006235 
827 0.011640 
828 -0.009783 
829 -0.000003 
830 -0.012297 
831 0.000372 
832 -0.023412 
833 0.014897 
834 -0.002844 
835 0.020811 
836 -0.007292 
837 0.027139 
838 -0.009687 
839 0.008643 
840 -0.013848 
841 0.009874 
842 -0.011981 
843 -0.007089 
844 -0.001403 
845 -0.003710 
846 -0.000821 
847 -0.007506 
848 0.017768 
849 -0.000111 
850 0.010314 
851 -0.001187 
852 0.013635 
853 -0.014571 
854 0.002865 
855 -0.006772 
856 0.011624 
857 -0.015068 
858 0.000869 
859 -0.010521 
860 -0.000999 
861 -0.016125 
862 0.013319 
863 0.007518 
864 0.010221 
865 -0.003080 
866 0.005371 
867 -0.009621 
868 -0.016419 
869 -0.015299 
870 0.000047 
871 -0.003762 
872 0.010426 
873 0.014480 
874 0.022255 
875 -0.009949 
876 0.000154 
877 -0.023988 
878 -0.002529 
879 -0.039629 
880 0.017035 
881 -0.013334 
882 0.031110 
883 -0.010940 
884 0.035579 
885 -0.011758 
886 0.011983 
887 -0.019873 
888 0.012961 
889 -0.019718 
890 0.002885 
891 -0.005767 
892 0.021588 
893 -0.005534 
894 0.014875 
895 -0.004724 
896 0.000788 
897 -0.038186 
898 -0.007760 
899 -0.018356 
900 0.007463 
901 -0.003374 
902 0.034701 
903 0.012826 
904 0.017057 
905 -0.016609 
906 0.006810 
907 -0.036839 
908 -0.006245 
909 -0.023390 
910 0.029369 
911 -0.011451 
912 0.031889 
913 -0.000938 
914 0.031584 
915 -0.026441 
916 0.016239 
917 -0.023182 
918 0.004520 
919 -0.039638 
920 0.008653 
921 -0.015221 
922 0.018339 
923 -0.003989 
924 0.038353 
925 -0.004622 
926 0.013811 
927 -0.020676 
928 0.016904 
929 -0.021316 
930 0.014715 
931 -0.005889 
932 0.026133 
933 -0.015118 
934 0.021447 
935 -0.011132 
936 0.008357 
937 -0.023863 
938 0.006019 
939 -0.002017 
940 0.002050 
941 0.005341 
942 0.016046 
943 0.012682 
944 0.001810 
945 0.006947 
946 0.002396 
947 0.002635 
948 -0.004348 
949 0.014803 
950 0.009537 
951 0.006167 
952 0.001794 
953 0.010924 
954 -0.004654 
955 -0.015375 
956 -0.015722 
957 -0.007207 
958 -0.014649 
959 0.001381 
960 0.014497 
961 0.030243 
962 0.019029 
963 0.028170 
964 0.021450 
965 0.008024 
966 -0.023637 
967 -0.016455 
968 -0.025073 
969 -0.003414 
970 -0.011323 
971 0.032324 
972 0.002496 
973 0.029423 
974 -0.007683 
975 0.029200 
976 -0.022315 
977 0.016140 
978 -0.016715 
979 0.016473 
980 -0.019618 
981 0.004695 
982 0.002321 
983 0.003925 
984 0.006423 
985 0.012692 
986 0.018943 
987 0.005379 
988 0.007456 
989 0.008768 
990 -0.002839 
991 -0.010408 
992 -0.011347 
993 0.002673 
994 -0.009291 
995 0.003484 
996 0.008273 
997 0.023279 
998 -0.000037 
999 0.014279 
1000 0.006729 
1001 0.007303 
1002 -0.009376 
1003 0.003638 
1004 -0.001539 
1005 -0.006677 
1006 -0.013225 
1007 0.007255 
1008 0.008146 
1009 0.010686 
1010 0.007273 
1011 0.016490 
1012 -0.010587 
1013 -0.004091 
1014 -0.021781 
1015 0.009600 
1016 -0.025835 
1017 0.021503 
1018 -0.003816 
1019 0.031674 
1020 -0.018507 
1021 0.027743 
1022 -0.017543 
1023 0.019566 
