0 -0.362107 
1 -0.578509 
2 -0.292649 
3 -0.581169 
4 -0.439874 
5 -0.451183 
6 -0.491772 
7 -0.467913 
8 -0.453901 
9 -0.534793 
10 -0.370061 
11 -0.587792 
12 -0.384657 
13 -0.511639 
14 -0.404190 
15 -0.520877 
16 -0.413303 
17 -0.519013 
18 -0.401765 
19 -0.502168 
20 -0.393925 
21 -0.482517 
22 -0.401770 
23 -0.350637 
24 -0.444175 
25 -0.355351 
26 -0.374243 
27 -0.423809 
28 -0.200876 
29 -0.468172 
30 -0.291372 
31 -0.241149 
32 -0.365822 
33 -0.289067 
34 -0.161791 
35 -0.370168 
36 -0.067878 
37 -0.311651 
38 -0.195330 
39 -0.020111 
40 -0.407854 
41 0.163973 
42 -0.320065 
43 0.061914 
44 -0.200355 
45 0.009925 
46 -0.030289 
47 -0.076291 
48 0.035444 
49 0.023162 
50 0.044180 
51 0.049407 
52 0.105311 
53 0.109764 
54 0.047123 
55 0.268400 
56 0.000293 
57 0.276497 
58 0.193316 
59 0.079475 
60 0.351797 
61 0.150718 
62 0.267967 
63 0.367087 
64 0.145434 
65 0.444564 
66 0.244843 
67 0.352120 
68 0.361112 
69 0.385734 
70 0.256445 
71 0.491603 
72 0.364071 
73 0.362808 
74 0.470718 
75 0.326417 
76 0.584748 
77 0.298677 
78 0.503875 
79 0.457909 
80 0.440485 
81 0.523906 
82 0.430556 
83 0.560231 
84 0.434166 
85 0.617313 
86 0.437237 
87 0.577060 
88 0.449449 
89 0.611879 
90 0.443781 
91 0.513594 
92 0.613324 
93 0.411457 
94 0.635977 
95 0.422036 
96 0.584058 
97 0.579386 
98 0.460117 
99 0.614580 
100 0.493987 
101 0.512420 
102 0.518802 
103 0.552017 
104 0.432208 
105 0.607980 
106 0.405667 
107 0.596351 
108 0.439336 
109 0.570390 
110 0.372342 
111 0.637503 
112 0.358503 
113 0.472264 
114 0.443389 
115 0.476252 
116 0.418063 
117 0.400629 
118 0.486664 
119 0.350381 
120 0.430376 
121 0.387650 
122 0.408307 
123 0.365764 
124 0.373624 
125 0.282625 
126 0.422330 
127 0.288745 
128 0.292191 
129 0.431161 
130 0.104687 
131 0.472383 
132 0.107417 
133 0.396347 
134 0.063780 
135 0.416896 
136 0.032940 
137 0.298994 
138 0.194986 
139 0.108391 
140 0.276548 
141 0.046524 
142 0.197461 
143 0.131847 
144 -0.002724 
145 0.206458 
146 0.022287 
147 0.066657 
148 -0.000596 
149 0.153273 
150 -0.095417 
151 0.074733 
152 -0.008306 
153 -0.061073 
154 0.022353 
155 -0.138016 
156 0.023508 
157 -0.185807 
158 0.014398 
159 -0.108239 
160 -0.213120 
161 0.007353 
162 -0.290153 
163 -0.061686 
164 -0.156778 
165 -0.258822 
166 -0.109906 
167 -0.275749 
168 -0.128089 
169 -0.226923 
170 -0.193216 
171 -0.298479 
172 -0.082595 
173 -0.360411 
174 -0.260282 
175 -0.219693 
176 -0.277680 
177 -0.305247 
178 -0.194065 
179 -0.414862 
180 -0.185700 
181 -0.363285 
182 -0.254734 
183 -0.308964 
184 -0.190568 
185 -0.470980 
186 -0.121995 
187 -0.458753 
188 -0.197502 
189 -0.383876 
190 -0.240375 
191 -0.321789 
192 -0.418302 
193 -0.143967 
194 -0.478750 
195 -0.168589 
196 -0.338050 
197 -0.324028 
198 -0.197374 
199 -0.366530 
200 -0.283984 
201 -0.200730 
202 -0.338927 
203 -0.172639 
204 -0.381250 
205 -0.192909 
206 -0.295405 
207 -0.259620 
208 -0.247930 
209 -0.203052 
210 -0.246737 
211 -0.230914 
212 -0.184017 
213 -0.284311 
214 -0.093813 
215 -0.324633 
216 -0.020670 
217 -0.344340 
218 -0.092526 
219 -0.165178 
220 -0.215770 
221 -0.114596 
222 -0.121137 
223 -0.164157 
224 -0.142557 
225 -0.125756 
226 -0.117921 
227 -0.154392 
228 -0.114748 
229 -0.055954 
230 -0.156500 
231 -0.098387 
232 -0.069770 
233 -0.087886 
234 -0.097970 
235 -0.135447 
236 0.030402 
237 -0.202346 
238 0.013158 
239 -0.085885 
240 -0.073031 
241 -0.018511 
242 -0.133377 
243 -0.025633 
244 -0.056213 
245 -0.084021 
246 -0.021426 
247 -0.119773 
248 0.012146 
249 -0.157106 
250 0.032966 
251 -0.115759 
252 -0.076524 
253 0.060713 
254 -0.278706 
255 0.169565 
256 -0.241723 
257 0.014789 
258 -0.109749 
259 -0.044951 
260 -0.133128 
261 -0.063649 
262 -0.174017 
263 0.063308 
264 -0.241273 
265 -0.029913 
266 -0.145549 
267 -0.079848 
268 -0.205118 
269 -0.033281 
270 -0.239308 
271 -0.074605 
272 -0.190221 
273 -0.126562 
274 -0.168127 
275 -0.179797 
276 -0.135625 
277 -0.261437 
278 -0.090335 
279 -0.251532 
280 -0.158896 
281 -0.231658 
282 -0.167099 
283 -0.223902 
284 -0.232466 
285 -0.163032 
286 -0.288109 
287 -0.194984 
288 -0.264618 
289 -0.257145 
290 -0.142321 
291 -0.442190 
292 -0.111357 
293 -0.307877 
294 -0.308687 
295 -0.198921 
296 -0.335182 
297 -0.237361 
298 -0.289118 
299 -0.287656 
300 -0.307868 
301 -0.290583 
302 -0.272350 
303 -0.326195 
304 -0.287922 
305 -0.335246 
306 -0.257143 
307 -0.352062 
308 -0.253224 
309 -0.409026 
310 -0.217534 
311 -0.432669 
312 -0.238707 
313 -0.353383 
314 -0.338295 
315 -0.330163 
316 -0.232090 
317 -0.358818 
318 -0.329331 
319 -0.252667 
320 -0.356657 
321 -0.279648 
322 -0.337563 
323 -0.255024 
324 -0.303626 
325 -0.230176 
326 -0.348263 
327 -0.227780 
328 -0.337246 
329 -0.187679 
330 -0.307280 
331 -0.249989 
332 -0.304444 
333 -0.225488 
334 -0.233959 
335 -0.250331 
336 -0.099524 
337 -0.356329 
338 -0.018466 
339 -0.380322 
340 -0.063349 
341 -0.304253 
342 -0.107074 
343 -0.094897 
344 -0.288532 
345 -0.072017 
346 -0.177529 
347 -0.034690 
348 -0.213114 
349 0.016790 
350 -0.154849 
351 -0.026608 
352 -0.105031 
353 -0.049362 
354 -0.002095 
355 -0.052104 
356 0.025471 
357 -0.012920 
358 0.068170 
359 0.038885 
360 0.058209 
361 0.022957 
362 0.173157 
363 0.018177 
364 0.136603 
365 0.110405 
366 0.164634 
367 0.135012 
368 0.229551 
369 0.151711 
370 0.343583 
371 0.078308 
372 0.366963 
373 0.255116 
374 0.192748 
375 0.435475 
376 0.149388 
377 0.495075 
378 0.229645 
379 0.398055 
380 0.473029 
381 0.269087 
382 0.535074 
383 0.269710 
384 0.603513 
385 0.345338 
386 0.539888 
387 0.489340 
388 0.447502 
389 0.619321 
390 0.434008 
391 0.668254 
392 0.462429 
393 0.718952 
394 0.470164 
395 0.624131 
396 0.646144 
397 0.587390 
398 0.683185 
399 0.621680 
400 0.680375 
401 0.637369 
402 0.724281 
403 0.658236 
404 0.765154 
405 0.615045 
406 0.775795 
407 0.715852 
408 0.667150 
409 0.789568 
410 0.750667 
411 0.720503 
412 0.788744 
413 0.728830 
414 0.721355 
415 0.809239 
416 0.652429 
417 0.869537 
418 0.566271 
419 0.934500 
420 0.594641 
421 0.835211 
422 0.681827 
423 0.810643 
424 0.658354 
425 0.762401 
426 0.742139 
427 0.637018 
428 0.820226 
429 0.538846 
430 0.905033 
431 0.463915 
432 0.832402 
433 0.552945 
434 0.733049 
435 0.582403 
436 0.639942 
437 0.672128 
438 0.550113 
439 0.626844 
440 0.531691 
441 0.649886 
442 0.482461 
443 0.633403 
444 0.408561 
445 0.567037 
446 0.502667 
447 0.426768 
448 0.471088 
449 0.467132 
450 0.384365 
451 0.429086 
452 0.336657 
453 0.452929 
454 0.348182 
455 0.289894 
456 0.361267 
457 0.276981 
458 0.302963 
459 0.216406 
460 0.311768 
461 0.193586 
462 0.187476 
463 0.221665 
464 0.146682 
465 0.192478 
466 0.089088 
467 0.178881 
468 0.035951 
469 0.118480 
470 0.016833 
471 0.075493 
472 -0.022850 
473 0.092966 
474 -0.081028 
475 -0.018675 
476 0.093107 
477 -0.197421 
478 0.033304 
479 -0.088195 
480 -0.161334 
481 -0.045544 
482 -0.280450 
483 -0.006511 
484 -0.282134 
485 -0.123845 
486 -0.260358 
487 -0.112248 
488 -0.348123 
489 -0.162705 
490 -0.267573 
491 -0.309102 
492 -0.213211 
493 -0.413476 
494 -0.186627 
495 -0.426937 
496 -0.264175 
497 -0.339411 
498 -0.374658 
499 -0.348151 
500 -0.408684 
501 -0.416166 
502 -0.326435 
503 -0.544017 
504 -0.269843 
505 -0.550008 
506 -0.405994 
507 -0.388002 
508 -0.579991 
509 -0.324874 
510 -0.522331 
511 -0.474627 
512 -0.525416 
513 -0.377864 
514 -0.631255 
515 -0.352582 
516 -0.579163 
517 -0.451998 
518 -0.445921 
519 -0.648032 
520 -0.355889 
521 -0.600358 
522 -0.508864 
523 -0.478417 
524 -0.543017 
525 -0.559934 
526 -0.449896 
527 -0.587466 
528 -0.453106 
529 -0.478769 
530 -0.608922 
531 -0.383209 
532 -0.599211 
533 -0.424730 
534 -0.520341 
535 -0.558468 
536 -0.468992 
537 -0.391978 
538 -0.669276 
539 -0.304217 
540 -0.599221 
541 -0.374324 
542 -0.489918 
543 -0.461853 
544 -0.421117 
545 -0.425044 
546 -0.476239 
547 -0.352284 
548 -0.482278 
549 -0.367246 
550 -0.384453 
551 -0.450350 
552 -0.292525 
553 -0.438415 
554 -0.336002 
555 -0.315001 
556 -0.399772 
557 -0.243293 
558 -0.389466 
559 -0.256209 
560 -0.283716 
561 -0.302088 
562 -0.340201 
563 -0.175977 
564 -0.312590 
565 -0.265727 
566 -0.175162 
567 -0.279937 
568 -0.121429 
569 -0.353950 
570 -0.030185 
571 -0.267710 
572 -0.175031 
573 -0.085469 
574 -0.271891 
575 -0.048512 
576 -0.229181 
577 -0.133029 
578 -0.087993 
579 -0.200002 
580 -0.051744 
581 -0.169414 
582 -0.019401 
583 -0.211690 
584 0.052485 
585 -0.199551 
586 -0.016798 
587 -0.074404 
588 -0.101000 
589 -0.045093 
590 0.027013 
591 -0.191127 
592 0.040246 
593 -0.083917 
594 0.006336 
595 -0.117007 
596 0.004106 
597 -0.079740 
598 -0.012698 
599 -0.106935 
600 0.032226 
601 -0.034499 
602 -0.094514 
603 0.079997 
604 -0.167708 
605 0.111984 
606 -0.149451 
607 0.029881 
608 -0.012470 
609 -0.144706 
610 0.033332 
611 -0.118106 
612 0.023717 
613 -0.141525 
614 0.066267 
615 -0.244989 
616 0.148475 
617 -0.239705 
618 -0.006796 
619 -0.081162 
620 -0.129858 
621 -0.052028 
622 -0.161792 
623 -0.086286 
624 -0.037810 
625 -0.254594 
626 0.017854 
627 -0.216701 
628 -0.076920 
629 -0.158308 
630 -0.155327 
631 -0.102677 
632 -0.207379 
633 -0.112512 
634 -0.244487 
635 -0.099469 
636 -0.261004 
637 -0.106667 
638 -0.241235 
639 -0.268028 
640 -0.101236 
641 -0.308292 
642 -0.166828 
643 -0.239890 
644 -0.189851 
645 -0.302076 
646 -0.124581 
647 -0.343234 
648 -0.119626 
649 -0.375246 
650 -0.178080 
651 -0.286760 
652 -0.300827 
653 -0.239043 
654 -0.292442 
655 -0.238040 
656 -0.327026 
657 -0.231831 
658 -0.279594 
659 -0.348059 
660 -0.225135 
661 -0.343800 
662 -0.265526 
663 -0.306554 
664 -0.322102 
665 -0.250535 
666 -0.395917 
667 -0.105879 
668 -0.532608 
669 -0.058983 
670 -0.457078 
671 -0.240881 
672 -0.271661 
673 -0.380461 
674 -0.122437 
675 -0.398416 
676 -0.243883 
677 -0.204478 
678 -0.366230 
679 -0.163018 
680 -0.294736 
681 -0.206432 
682 -0.273113 
683 -0.244813 
684 -0.180201 
685 -0.213492 
686 -0.211122 
687 -0.180022 
688 -0.120433 
689 -0.278355 
690 -0.052077 
691 -0.191275 
692 -0.120788 
693 -0.044461 
694 -0.223847 
695 0.001170 
696 -0.135046 
697 -0.012755 
698 -0.132589 
699 0.112048 
700 -0.146302 
701 0.124625 
702 -0.063548 
703 0.103651 
704 0.109414 
705 0.012151 
706 0.143591 
707 0.116968 
708 0.162669 
709 0.099174 
710 0.247943 
711 0.194027 
712 0.220284 
713 0.165450 
714 0.394842 
715 0.200621 
716 0.351283 
717 0.323142 
718 0.391342 
719 0.335291 
720 0.472918 
721 0.331194 
722 0.506633 
723 0.452800 
724 0.455401 
725 0.551624 
726 0.452316 
727 0.634012 
728 0.507712 
729 0.643973 
730 0.565127 
731 0.690674 
732 0.599093 
733 0.690146 
734 0.680836 
735 0.712814 
736 0.745279 
737 0.705070 
738 0.859242 
739 0.638106 
740 0.872047 
741 0.851777 
742 0.706963 
743 0.956867 
744 0.788288 
745 0.832789 
746 0.950199 
747 0.803451 
748 0.938607 
749 0.898177 
750 0.873282 
751 0.927553 
752 0.946366 
753 0.867392 
754 1.003524 
755 0.985617 
756 0.788310 
757 1.138671 
758 0.775329 
759 1.034016 
760 0.942929 
761 0.923813 
762 1.005643 
763 0.870376 
764 0.996965 
765 0.925844 
766 0.910563 
767 0.925994 
768 0.926832 
769 0.830443 
770 0.947234 
771 0.855605 
772 0.858813 
773 0.905210 
774 0.738811 
775 0.956626 
776 0.750041 
777 0.841706 
778 0.854696 
779 0.694244 
780 0.866035 
781 0.696570 
782 0.721664 
783 0.720266 
784 0.684087 
785 0.669480 
786 0.584749 
787 0.732337 
788 0.543501 
789 0.632090 
790 0.578597 
791 0.615660 
792 0.463339 
793 0.505194 
794 0.523486 
795 0.399145 
796 0.480937 
797 0.376744 
798 0.368983 
799 0.399557 
800 0.205988 
801 0.376957 
802 0.311521 
803 0.146745 
804 0.299227 
805 0.169969 
806 0.148978 
807 0.170166 
808 0.098190 
809 0.049897 
810 0.147753 
811 -0.082987 
812 0.042478 
813 -0.094609 
814 -0.029016 
815 -0.061975 
816 -0.205419 
817 -0.053327 
818 -0.284319 
819 -0.073695 
820 -0.392856 
821 -0.049588 
822 -0.448026 
823 -0.195461 
824 -0.322729 
825 -0.482246 
826 -0.234109 
827 -0.604097 
828 -0.292367 
829 -0.517171 
830 -0.586345 
831 -0.405775 
832 -0.533596 
833 -0.629738 
834 -0.477124 
835 -0.614014 
836 -0.642830 
837 -0.610874 
838 -0.646678 
839 -0.801569 
840 -0.550255 
841 -0.855375 
842 -0.689581 
843 -0.750704 
844 -0.836103 
845 -0.727728 
846 -0.845147 
847 -0.672921 
848 -0.948837 
849 -0.584412 
850 -1.019982 
851 -0.796308 
852 -0.897621 
853 -1.004334 
854 -0.816692 
855 -0.877822 
856 -1.043155 
857 -0.868175 
858 -0.844058 
859 -0.978414 
860 -0.749620 
861 -0.977229 
862 -0.886331 
863 -0.853811 
864 -0.988687 
865 -0.839325 
866 -0.898300 
867 -0.991786 
868 -0.725441 
869 -1.066383 
870 -0.771454 
871 -0.872679 
872 -0.865613 
873 -0.863223 
874 -0.759465 
875 -0.891832 
876 -0.693363 
877 -0.868818 
878 -0.746075 
879 -0.674862 
880 -0.972757 
881 -0.509443 
882 -0.863358 
883 -0.649629 
884 -0.730303 
885 -0.571467 
886 -0.737604 
887 -0.530810 
888 -0.632794 
889 -0.574382 
890 -0.513885 
891 -0.561921 
892 -0.544032 
893 -0.454201 
894 -0.487389 
895 -0.414282 
896 -0.420239 
897 -0.420716 
898 -0.327669 
899 -0.394616 
900 -0.309202 
901 -0.286921 
902 -0.236902 
903 -0.434680 
904 -0.068570 
905 -0.294415 
906 -0.183989 
907 -0.139993 
908 -0.200567 
909 0.010640 
910 -0.238915 
911 0.015588 
912 -0.076332 
913 0.011013 
914 -0.087378 
915 0.093489 
916 0.001027 
917 0.028502 
918 0.170907 
919 -0.000375 
920 0.229114 
921 0.050801 
922 0.195811 
923 0.117490 
924 0.279920 
925 0.083266 
926 0.307573 
927 0.179851 
928 0.332490 
929 0.218808 
930 0.313332 
931 0.232882 
932 0.477326 
933 0.049184 
934 0.573285 
935 0.218049 
936 0.368119 
937 0.379903 
938 0.366191 
939 0.376569 
940 0.389784 
941 0.392164 
942 0.375526 
943 0.474224 
944 0.339786 
945 0.462998 
946 0.445196 
947 0.340487 
948 0.568106 
949 0.313406 
950 0.441535 
951 0.544094 
952 0.308285 
953 0.538636 
954 0.328052 
955 0.521809 
956 0.412328 
957 0.430136 
958 0.472433 
959 0.401381 
960 0.439228 
961 0.418157 
962 0.465989 
963 0.334301 
964 0.499024 
965 0.355311 
966 0.364319 
967 0.442996 
968 0.349816 
969 0.415662 
970 0.357443 
971 0.380980 
972 0.304664 
973 0.398109 
974 0.275092 
975 0.412359 
976 0.225824 
977 0.287627 
978 0.337355 
979 0.226532 
980 0.256224 
981 0.255885 
982 0.292589 
983 0.134037 
984 0.288023 
985 0.095558 
986 0.268937 
987 0.025424 
988 0.194225 
989 0.104172 
990 0.029519 
991 0.143907 
992 0.043589 
993 0.055781 
994 0.049018 
995 -0.033592 
996 0.086692 
997 -0.132081 
998 0.064384 
999 -0.195157 
1000 0.009111 
1001 -0.060969 
1002 -0.254260 
1003 0.002863 
1004 -0.274119 
1005 -0.072915 
1006 -0.242323 
1007 -0.184006 
1008 -0.263064 
1009 -0.238228 
1010 -0.240244 
1011 -0.350095 
1012 -0.191520 
1013 -0.374397 
1014 -0.308541 
1015 -0.233612 
1016 -0.475384 
1017 -0.293516 
1018 -0.346768 
1019 -0.454689 
1020 -0.312054 
1021 -0.486174 
1022 -0.401601 
1023 -0.443948 
