0 -0.000086 
1 -0.000074 
2 -0.000011 
3 0.000068 
4 0.000115 
5 0.000105 
6 0.000084 
7 0.000069 
8 0.000051 
9 0.000012 
10 -0.000011 
11 0.000013 
12 0.000048 
13 0.000044 
14 -0.000012 
15 -0.000083 
16 -0.000126 
17 -0.000113 
18 -0.000072 
19 -0.000047 
20 -0.000052 
21 -0.000070 
22 -0.000095 
23 -0.000155 
24 -0.000254 
25 -0.000315 
26 -0.000286 
27 -0.000216 
28 -0.000171 
29 -0.000153 
30 -0.000140 
31 -0.000134 
32 -0.000174 
33 -0.000245 
34 -0.000296 
35 -0.000289 
36 -0.000234 
37 -0.000175 
38 -0.000134 
39 -0.000099 
40 -0.000079 
41 -0.000100 
42 -0.000182 
43 -0.000276 
44 -0.000329 
45 -0.000333 
46 -0.000315 
47 -0.000280 
48 -0.000220 
49 -0.000159 
50 -0.000133 
51 -0.000169 
52 -0.000253 
53 -0.000346 
54 -0.000383 
55 -0.000343 
56 -0.000250 
57 -0.000125 
58 0.000026 
59 0.000161 
60 0.000216 
61 0.000173 
62 0.000078 
63 -0.000020 
64 -0.000082 
65 -0.000076 
66 -0.000008 
67 0.000098 
68 0.000223 
69 0.000351 
70 0.000396 
71 0.000323 
72 0.000229 
73 0.000202 
74 0.000204 
75 0.000188 
76 0.000225 
77 0.000349 
78 0.000441 
79 0.000424 
80 0.000371 
81 0.000311 
82 0.000224 
83 0.000153 
84 0.000172 
85 0.000230 
86 0.000251 
87 0.000288 
88 0.000348 
89 0.000307 
90 0.000144 
91 0.000017 
92 -0.000002 
93 -0.000003 
94 0.000021 
95 0.000131 
96 0.000250 
97 0.000263 
98 0.000237 
99 0.000240 
100 0.000211 
101 0.000139 
102 0.000143 
103 0.000204 
104 0.000195 
105 0.000155 
106 0.000180 
107 0.000239 
108 0.000269 
109 0.000351 
110 0.000476 
111 0.000510 
112 0.000382 
113 0.000207 
114 0.000106 
115 0.000101 
116 0.000230 
117 0.000418 
118 0.000532 
119 0.000571 
120 0.000625 
121 0.000642 
122 0.000496 
123 0.000234 
124 0.000029 
125 -0.000025 
126 0.000070 
127 0.000262 
128 0.000464 
129 0.000597 
130 0.000644 
131 0.000571 
132 0.000334 
133 0.000063 
134 -0.000074 
135 -0.000026 
136 0.000089 
137 0.000232 
138 0.000393 
139 0.000489 
140 0.000385 
141 0.000140 
142 -0.000128 
143 -0.000319 
144 -0.000393 
145 -0.000308 
146 -0.000068 
147 0.000244 
148 0.000485 
149 0.000582 
150 0.000541 
151 0.000375 
152 0.000192 
153 0.000038 
154 -0.000007 
155 0.000080 
156 0.000250 
157 0.000394 
158 0.000523 
159 0.000622 
160 0.000545 
161 0.000163 
162 -0.000308 
163 -0.000598 
164 -0.000700 
165 -0.000691 
166 -0.000484 
167 -0.000115 
168 0.000186 
169 0.000266 
170 0.000215 
171 0.000053 
172 -0.000242 
173 -0.000514 
174 -0.000585 
175 -0.000450 
176 -0.000183 
177 0.000176 
178 0.000541 
179 0.000608 
180 0.000312 
181 -0.000118 
182 -0.000526 
183 -0.000890 
184 -0.001097 
185 -0.000989 
186 -0.000647 
187 -0.000320 
188 -0.000212 
189 -0.000239 
190 -0.000397 
191 -0.000657 
192 -0.000931 
193 -0.001078 
194 -0.001030 
195 -0.000890 
196 -0.000683 
197 -0.000462 
198 -0.000225 
199 -0.000115 
200 -0.000165 
201 -0.000345 
202 -0.000583 
203 -0.000906 
204 -0.001207 
205 -0.001204 
206 -0.000784 
207 -0.000355 
208 -0.000157 
209 -0.000086 
210 -0.000117 
211 -0.000429 
212 -0.000843 
213 -0.000953 
214 -0.000834 
215 -0.000674 
216 -0.000313 
217 0.000334 
218 0.000802 
219 0.000781 
220 0.000640 
221 0.000464 
222 0.000025 
223 -0.000430 
224 -0.000378 
225 0.000060 
226 0.000344 
227 0.000459 
228 0.000544 
229 0.000517 
230 0.000225 
231 -0.000109 
232 -0.000380 
233 -0.000665 
234 -0.000795 
235 -0.000557 
236 -0.000148 
237 0.000117 
238 0.000148 
239 0.000080 
240 -0.000103 
241 -0.000459 
242 -0.000651 
243 -0.000453 
244 -0.000018 
245 0.000357 
246 0.000479 
247 0.000457 
248 0.000404 
249 0.000343 
250 0.000182 
251 0.000055 
252 0.000098 
253 0.000387 
254 0.000657 
255 0.000631 
256 0.000406 
257 0.000155 
258 -0.000038 
259 -0.000313 
260 -0.000605 
261 -0.000671 
262 -0.000511 
263 -0.000280 
264 -0.000185 
265 -0.000121 
266 -0.000052 
267 -0.000015 
268 -0.000116 
269 -0.000229 
270 -0.000217 
271 -0.000029 
272 0.000235 
273 0.000424 
274 0.000603 
275 0.000833 
276 0.001030 
277 0.000992 
278 0.000778 
279 0.000578 
280 0.000297 
281 -0.000021 
282 -0.000182 
283 -0.000137 
284 -0.000057 
285 0.000053 
286 0.000320 
287 0.000494 
288 0.000256 
289 -0.000111 
290 -0.000215 
291 -0.000286 
292 -0.000522 
293 -0.000534 
294 -0.000046 
295 0.000491 
296 0.000683 
297 0.000727 
298 0.000711 
299 0.000363 
300 -0.000389 
301 -0.000983 
302 -0.001197 
303 -0.001146 
304 -0.000934 
305 -0.000576 
306 -0.000156 
307 0.000100 
308 0.000137 
309 -0.000083 
310 -0.000628 
311 -0.001292 
312 -0.001749 
313 -0.001737 
314 -0.001301 
315 -0.000764 
316 -0.000281 
317 0.000092 
318 0.000318 
319 0.000272 
320 -0.000035 
321 -0.000472 
322 -0.000900 
323 -0.001229 
324 -0.001346 
325 -0.001255 
326 -0.000817 
327 -0.000072 
328 0.000716 
329 0.001050 
330 0.000686 
331 0.000078 
332 -0.000350 
333 -0.000649 
334 -0.000879 
335 -0.000677 
336 -0.000014 
337 0.000740 
338 0.001303 
339 0.001628 
340 0.001562 
341 0.000984 
342 0.000178 
343 -0.000489 
344 -0.001002 
345 -0.001216 
346 -0.000819 
347 0.000111 
348 0.000969 
349 0.001397 
350 0.001400 
351 0.001039 
352 0.000307 
353 -0.000541 
354 -0.001114 
355 -0.001227 
356 -0.000876 
357 -0.000259 
358 0.000367 
359 0.000865 
360 0.001262 
361 0.001477 
362 0.001346 
363 0.001016 
364 0.000934 
365 0.001146 
366 0.001368 
367 0.001342 
368 0.001209 
369 0.001164 
370 0.001325 
371 0.001507 
372 0.001620 
373 0.001584 
374 0.001570 
375 0.001576 
376 0.001495 
377 0.001142 
378 0.000585 
379 0.000002 
380 -0.000512 
381 -0.000795 
382 -0.000819 
383 -0.000526 
384 -0.000091 
385 0.000481 
386 0.000993 
387 0.001001 
388 0.000453 
389 -0.000104 
390 -0.000345 
391 -0.000574 
392 -0.000742 
393 -0.000129 
394 0.001122 
395 0.002043 
396 0.002081 
397 0.001824 
398 0.001274 
399 0.000069 
400 -0.001328 
401 -0.001971 
402 -0.001722 
403 -0.001082 
404 -0.000218 
405 0.000815 
406 0.001449 
407 0.001556 
408 0.001178 
409 0.000249 
410 -0.001068 
411 -0.001818 
412 -0.001705 
413 -0.001140 
414 -0.000592 
415 0.000075 
416 0.000626 
417 0.000646 
418 0.000289 
419 -0.000075 
420 -0.000695 
421 -0.001528 
422 -0.001975 
423 -0.001791 
424 -0.001584 
425 -0.001389 
426 -0.000857 
427 -0.000103 
428 0.000440 
429 0.000953 
430 0.001525 
431 0.001352 
432 0.000272 
433 -0.000730 
434 -0.000908 
435 -0.000558 
436 0.000087 
437 0.001142 
438 0.002303 
439 0.002864 
440 0.002792 
441 0.002261 
442 0.001186 
443 -0.000160 
444 -0.000777 
445 -0.000240 
446 0.000429 
447 0.000598 
448 0.000687 
449 0.001072 
450 0.001267 
451 0.001002 
452 0.000721 
453 0.000579 
454 0.000246 
455 -0.000186 
456 -0.000366 
457 -0.000341 
458 -0.000351 
459 0.000038 
460 0.000845 
461 0.001644 
462 0.001883 
463 0.001690 
464 0.001168 
465 -0.000036 
466 -0.001411 
467 -0.002039 
468 -0.001599 
469 -0.000709 
470 0.000042 
471 0.000450 
472 0.000486 
473 0.000011 
474 -0.000848 
475 -0.001702 
476 -0.002202 
477 -0.002293 
478 -0.001997 
479 -0.001175 
480 -0.000100 
481 0.000551 
482 0.000475 
483 0.000021 
484 -0.000603 
485 -0.001518 
486 -0.002213 
487 -0.002009 
488 -0.001147 
489 -0.000361 
490 0.000141 
491 0.000518 
492 0.000451 
493 -0.000318 
494 -0.001126 
495 -0.001122 
496 -0.000408 
497 0.000454 
498 0.001011 
499 0.001096 
500 0.000744 
501 0.000100 
502 -0.000625 
503 -0.001044 
504 -0.000832 
505 0.000166 
506 0.001379 
507 0.001977 
508 0.001474 
509 0.000398 
510 -0.000446 
511 -0.000883 
512 -0.001093 
513 -0.000940 
514 -0.000161 
515 0.000834 
516 0.001416 
517 0.001281 
518 0.001028 
519 0.000837 
520 0.000607 
521 0.000122 
522 -0.000157 
523 0.000149 
524 0.000576 
525 0.000531 
526 -0.000156 
527 -0.001025 
528 -0.001535 
529 -0.001373 
530 -0.000874 
531 -0.000578 
532 -0.000635 
533 -0.000843 
534 -0.001131 
535 -0.001832 
536 -0.002984 
537 -0.003679 
538 -0.003322 
539 -0.002498 
540 -0.001970 
541 -0.001758 
542 -0.001595 
543 -0.001519 
544 -0.001949 
545 -0.002724 
546 -0.003266 
547 -0.003167 
548 -0.002544 
549 -0.001899 
550 -0.001439 
551 -0.001067 
552 -0.000838 
553 -0.001049 
554 -0.001885 
555 -0.002836 
556 -0.003355 
557 -0.003362 
558 -0.003162 
559 -0.002784 
560 -0.002171 
561 -0.001553 
562 -0.001279 
563 -0.001613 
564 -0.002391 
565 -0.003238 
566 -0.003547 
567 -0.003139 
568 -0.002270 
569 -0.001119 
570 0.000239 
571 0.001432 
572 0.001902 
573 0.001515 
574 0.000690 
575 -0.000142 
576 -0.000664 
577 -0.000605 
578 -0.000041 
579 0.000814 
580 0.001816 
581 0.002813 
582 0.003139 
583 0.002537 
584 0.001792 
585 0.001568 
586 0.001565 
587 0.001429 
588 0.001684 
589 0.002566 
590 0.003198 
591 0.003042 
592 0.002640 
593 0.002190 
594 0.001572 
595 0.001069 
596 0.001186 
597 0.001552 
598 0.001670 
599 0.001885 
600 0.002248 
601 0.001967 
602 0.000919 
603 0.000117 
604 -0.000001 
605 -0.000006 
606 0.000137 
607 0.000790 
608 0.001473 
609 0.001532 
610 0.001361 
611 0.001363 
612 0.001183 
613 0.000773 
614 0.000782 
615 0.001098 
616 0.001040 
617 0.000815 
618 0.000936 
619 0.001225 
620 0.001362 
621 0.001757 
622 0.002354 
623 0.002492 
624 0.001839 
625 0.000984 
626 0.000492 
627 0.000466 
628 0.001061 
629 0.001910 
630 0.002404 
631 0.002548 
632 0.002760 
633 0.002801 
634 0.002134 
635 0.000991 
636 0.000116 
637 -0.000113 
638 0.000282 
639 0.001062 
640 0.001865 
641 0.002371 
642 0.002531 
643 0.002215 
644 0.001281 
645 0.000237 
646 -0.000281 
647 -0.000101 
648 0.000318 
649 0.000832 
650 0.001399 
651 0.001720 
652 0.001339 
653 0.000478 
654 -0.000441 
655 -0.001081 
656 -0.001318 
657 -0.001024 
658 -0.000230 
659 0.000778 
660 0.001539 
661 0.001826 
662 0.001674 
663 0.001145 
664 0.000576 
665 0.000105 
666 -0.000029 
667 0.000230 
668 0.000720 
669 0.001126 
670 0.001480 
671 0.001741 
672 0.001504 
673 0.000431 
674 -0.000858 
675 -0.001631 
676 -0.001884 
677 -0.001837 
678 -0.001275 
679 -0.000306 
680 0.000464 
681 0.000658 
682 0.000523 
683 0.000114 
684 -0.000609 
685 -0.001260 
686 -0.001419 
687 -0.001084 
688 -0.000449 
689 0.000386 
690 0.001214 
691 0.001352 
692 0.000673 
693 -0.000287 
694 -0.001175 
695 -0.001949 
696 -0.002373 
697 -0.002120 
698 -0.001386 
699 -0.000697 
700 -0.000466 
701 -0.000518 
702 -0.000827 
703 -0.001331 
704 -0.001853 
705 -0.002116 
706 -0.002001 
707 -0.001713 
708 -0.001307 
709 -0.000882 
710 -0.000439 
711 -0.000234 
712 -0.000321 
713 -0.000638 
714 -0.001049 
715 -0.001596 
716 -0.002096 
717 -0.002070 
718 -0.001341 
719 -0.000612 
720 -0.000280 
721 -0.000162 
722 -0.000210 
723 -0.000703 
724 -0.001349 
725 -0.001508 
726 -0.001308 
727 -0.001048 
728 -0.000490 
729 0.000484 
730 0.001171 
731 0.001128 
732 0.000912 
733 0.000649 
734 0.000019 
735 -0.000619 
736 -0.000539 
737 0.000072 
738 0.000460 
739 0.000610 
740 0.000715 
741 0.000669 
742 0.000278 
743 -0.000160 
744 -0.000507 
745 -0.000864 
746 -0.001016 
747 -0.000709 
748 -0.000199 
749 0.000125 
750 0.000162 
751 0.000080 
752 -0.000134 
753 -0.000547 
754 -0.000762 
755 -0.000527 
756 -0.000031 
757 0.000390 
758 0.000524 
759 0.000496 
760 0.000434 
761 0.000365 
762 0.000192 
763 0.000054 
764 0.000098 
765 0.000393 
766 0.000664 
767 0.000632 
768 0.000402 
769 0.000152 
770 -0.000037 
771 -0.000302 
772 -0.000577 
773 -0.000633 
774 -0.000477 
775 -0.000258 
776 -0.000168 
777 -0.000108 
778 -0.000045 
779 -0.000012 
780 -0.000100 
781 -0.000197 
782 -0.000183 
783 -0.000022 
784 0.000200 
785 0.000355 
786 0.000498 
787 0.000680 
788 0.000834 
789 0.000796 
790 0.000620 
791 0.000456 
792 0.000234 
793 -0.000013 
794 -0.000136 
795 -0.000100 
796 -0.000040 
797 0.000042 
798 0.000236 
799 0.000361 
800 0.000188 
801 -0.000072 
802 -0.000145 
803 -0.000193 
804 -0.000353 
805 -0.000357 
806 -0.000028 
807 0.000327 
808 0.000450 
809 0.000474 
810 0.000459 
811 0.000236 
812 -0.000237 
813 -0.000603 
814 -0.000729 
815 -0.000692 
816 -0.000558 
817 -0.000341 
818 -0.000091 
819 0.000059 
820 0.000081 
821 -0.000045 
822 -0.000351 
823 -0.000718 
824 -0.000962 
825 -0.000947 
826 -0.000704 
827 -0.000411 
828 -0.000153 
829 0.000045 
830 0.000162 
831 0.000137 
832 -0.000019 
833 -0.000236 
834 -0.000445 
835 -0.000602 
836 -0.000653 
837 -0.000603 
838 -0.000390 
839 -0.000037 
840 0.000329 
841 0.000478 
842 0.000308 
843 0.000033 
844 -0.000157 
845 -0.000286 
846 -0.000382 
847 -0.000292 
848 -0.000009 
849 0.000308 
850 0.000539 
851 0.000666 
852 0.000632 
853 0.000392 
854 0.000067 
855 -0.000196 
856 -0.000392 
857 -0.000470 
858 -0.000313 
859 0.000040 
860 0.000358 
861 0.000511 
862 0.000506 
863 0.000371 
864 0.000107 
865 -0.000192 
866 -0.000389 
867 -0.000424 
868 -0.000300 
869 -0.000089 
870 0.000120 
871 0.000282 
872 0.000408 
873 0.000472 
874 0.000425 
875 0.000316 
876 0.000287 
877 0.000348 
878 0.000411 
879 0.000398 
880 0.000354 
881 0.000337 
882 0.000380 
883 0.000428 
884 0.000455 
885 0.000440 
886 0.000430 
887 0.000427 
888 0.000400 
889 0.000301 
890 0.000150 
891 -0.000004 
892 -0.000137 
893 -0.000207 
894 -0.000211 
895 -0.000135 
896 -0.000026 
897 0.000113 
898 0.000234 
899 0.000233 
900 0.000102 
901 -0.000029 
902 -0.000084 
903 -0.000135 
904 -0.000171 
905 -0.000033 
906 0.000241 
907 0.000437 
908 0.000441 
909 0.000381 
910 0.000262 
911 0.000010 
912 -0.000275 
913 -0.000402 
914 -0.000348 
915 -0.000218 
916 -0.000047 
917 0.000152 
918 0.000271 
919 0.000288 
920 0.000215 
921 0.000042 
922 -0.000197 
923 -0.000330 
924 -0.000306 
925 -0.000204 
926 -0.000107 
927 0.000008 
928 0.000101 
929 0.000104 
930 0.000044 
931 -0.000016 
932 -0.000115 
933 -0.000247 
934 -0.000314 
935 -0.000282 
936 -0.000247 
937 -0.000214 
938 -0.000132 
939 -0.000018 
940 0.000063 
941 0.000137 
942 0.000218 
943 0.000191 
944 0.000037 
945 -0.000102 
946 -0.000126 
947 -0.000077 
948 0.000011 
949 0.000151 
950 0.000303 
951 0.000372 
952 0.000359 
953 0.000288 
954 0.000148 
955 -0.000021 
956 -0.000097 
957 -0.000030 
958 0.000051 
959 0.000070 
960 0.000080 
961 0.000124 
962 0.000145 
963 0.000113 
964 0.000080 
965 0.000063 
966 0.000026 
967 -0.000022 
968 -0.000041 
969 -0.000037 
970 -0.000038 
971 0.000004 
972 0.000089 
973 0.000170 
974 0.000193 
975 0.000172 
976 0.000117 
977 -0.000004 
978 -0.000140 
979 -0.000200 
980 -0.000155 
981 -0.000067 
982 0.000006 
983 0.000045 
984 0.000048 
985 0.000003 
986 -0.000077 
987 -0.000155 
988 -0.000200 
989 -0.000206 
990 -0.000178 
991 -0.000103 
992 -0.000006 
993 0.000051 
994 0.000044 
995 0.000004 
996 -0.000050 
997 -0.000129 
998 -0.000188 
999 -0.000170 
1000 -0.000095 
1001 -0.000029 
1002 0.000014 
1003 0.000046 
1004 0.000040 
1005 -0.000025 
1006 -0.000091 
1007 -0.000090 
1008 -0.000031 
1009 0.000039 
1010 0.000084 
1011 0.000091 
1012 0.000063 
1013 0.000010 
1014 -0.000049 
1015 -0.000083 
1016 -0.000066 
1017 0.000015 
1018 0.000112 
1019 0.000160 
1020 0.000120 
1021 0.000034 
1022 -0.000034 
1023 -0.000069 
