0 -0.000240 
1 -0.000531 
2 -0.000703 
3 -0.000698 
4 -0.000550 
5 -0.000269 
6 0.000021 
7 0.000170 
8 0.000167 
9 0.000021 
10 -0.000227 
11 -0.000430 
12 -0.000541 
13 -0.000679 
14 -0.000821 
15 -0.000805 
16 -0.000505 
17 -0.000102 
18 0.000123 
19 0.000077 
20 -0.000161 
21 -0.000479 
22 -0.000738 
23 -0.000794 
24 -0.000613 
25 -0.000309 
26 -0.000052 
27 0.000150 
28 0.000250 
29 0.000087 
30 -0.000222 
31 -0.000482 
32 -0.000641 
33 -0.000652 
34 -0.000500 
35 -0.000244 
36 0.000021 
37 0.000151 
38 0.000178 
39 0.000218 
40 0.000180 
41 -0.000038 
42 -0.000265 
43 -0.000366 
44 -0.000319 
45 -0.000242 
46 -0.000253 
47 -0.000177 
48 0.000039 
49 0.000206 
50 0.000228 
51 0.000146 
52 0.000057 
53 0.000090 
54 0.000246 
55 0.000504 
56 0.000689 
57 0.000526 
58 0.000139 
59 -0.000131 
60 -0.000189 
61 -0.000139 
62 -0.000145 
63 -0.000108 
64 0.000198 
65 0.000554 
66 0.000585 
67 0.000443 
68 0.000407 
69 0.000468 
70 0.000443 
71 0.000267 
72 0.000086 
73 -0.000033 
74 -0.000192 
75 -0.000272 
76 -0.000109 
77 0.000163 
78 0.000279 
79 0.000186 
80 0.000127 
81 0.000281 
82 0.000440 
83 0.000391 
84 0.000289 
85 0.000206 
86 0.000003 
87 -0.000344 
88 -0.000576 
89 -0.000535 
90 -0.000335 
91 -0.000159 
92 0.000078 
93 0.000365 
94 0.000388 
95 0.000096 
96 -0.000182 
97 -0.000225 
98 -0.000098 
99 0.000130 
100 0.000376 
101 0.000615 
102 0.000818 
103 0.000855 
104 0.000671 
105 0.000367 
106 0.000120 
107 0.000106 
108 0.000308 
109 0.000585 
110 0.000869 
111 0.001226 
112 0.001477 
113 0.001349 
114 0.000900 
115 0.000374 
116 0.000029 
117 0.000138 
118 0.000774 
119 0.001536 
120 0.001943 
121 0.001920 
122 0.001737 
123 0.001394 
124 0.000725 
125 0.000078 
126 -0.000025 
127 0.000477 
128 0.001174 
129 0.001796 
130 0.002256 
131 0.002350 
132 0.001847 
133 0.001076 
134 0.000640 
135 0.000660 
136 0.000850 
137 0.001067 
138 0.001251 
139 0.001252 
140 0.001016 
141 0.000794 
142 0.000830 
143 0.000941 
144 0.000886 
145 0.000796 
146 0.000951 
147 0.001197 
148 0.001390 
149 0.001477 
150 0.001531 
151 0.001672 
152 0.001659 
153 0.001295 
154 0.000872 
155 0.000494 
156 0.000061 
157 -0.000240 
158 -0.000105 
159 0.000296 
160 0.000623 
161 0.000702 
162 0.000803 
163 0.001031 
164 0.000808 
165 -0.000001 
166 -0.000546 
167 -0.000395 
168 -0.000061 
169 -0.000034 
170 -0.000198 
171 -0.000139 
172 0.000036 
173 -0.000168 
174 -0.000638 
175 -0.000923 
176 -0.001119 
177 -0.001404 
178 -0.001375 
179 -0.000897 
180 -0.000403 
181 -0.000402 
182 -0.000876 
183 -0.001389 
184 -0.001744 
185 -0.002001 
186 -0.001878 
187 -0.001158 
188 -0.000368 
189 -0.000292 
190 -0.000861 
191 -0.001536 
192 -0.002080 
193 -0.002287 
194 -0.002008 
195 -0.001305 
196 -0.000678 
197 -0.000617 
198 -0.000921 
199 -0.001287 
200 -0.001585 
201 -0.002036 
202 -0.002407 
203 -0.002238 
204 -0.001396 
205 -0.000395 
206 0.000005 
207 -0.000478 
208 -0.001378 
209 -0.002015 
210 -0.001992 
211 -0.001431 
212 -0.000714 
213 -0.000400 
214 -0.000855 
215 -0.001732 
216 -0.002338 
217 -0.002732 
218 -0.002863 
219 -0.002742 
220 -0.002283 
221 -0.001209 
222 -0.000267 
223 -0.000194 
224 -0.001031 
225 -0.002288 
226 -0.003136 
227 -0.003134 
228 -0.002433 
229 -0.001521 
230 -0.000748 
231 -0.000275 
232 -0.000049 
233 -0.000349 
234 -0.001411 
235 -0.002803 
236 -0.003705 
237 -0.003659 
238 -0.002714 
239 -0.001518 
240 -0.000462 
241 0.000459 
242 0.001079 
243 0.000774 
244 -0.000684 
245 -0.002487 
246 -0.003484 
247 -0.003441 
248 -0.002827 
249 -0.002180 
250 -0.001659 
251 -0.001277 
252 -0.001182 
253 -0.001004 
254 -0.000306 
255 0.000703 
256 0.001285 
257 0.000969 
258 0.000091 
259 -0.000462 
260 -0.000811 
261 -0.001226 
262 -0.001415 
263 -0.000987 
264 -0.000199 
265 0.000108 
266 0.000048 
267 0.000656 
268 0.001840 
269 0.002330 
270 0.001554 
271 0.000153 
272 -0.000852 
273 -0.000918 
274 -0.000344 
275 0.000170 
276 0.000504 
277 0.000454 
278 0.000231 
279 0.000448 
280 0.001121 
281 0.001609 
282 0.001562 
283 0.000938 
284 -0.000187 
285 -0.001126 
286 -0.001314 
287 -0.000887 
288 -0.000191 
289 0.000280 
290 0.000018 
291 -0.000934 
292 -0.001603 
293 -0.001726 
294 -0.002122 
295 -0.003242 
296 -0.003609 
297 -0.002275 
298 -0.000193 
299 0.001021 
300 0.000398 
301 -0.001338 
302 -0.003253 
303 -0.004677 
304 -0.004540 
305 -0.002797 
306 -0.001189 
307 -0.000844 
308 -0.001237 
309 -0.001332 
310 -0.001193 
311 -0.001570 
312 -0.002835 
313 -0.004478 
314 -0.005216 
315 -0.003906 
316 -0.000780 
317 0.001906 
318 0.002366 
319 0.000498 
320 -0.001921 
321 -0.003310 
322 -0.003170 
323 -0.001690 
324 -0.000394 
325 -0.000284 
326 -0.000601 
327 0.000064 
328 0.001161 
329 0.001323 
330 0.000780 
331 0.000407 
332 -0.000168 
333 -0.001547 
334 -0.002248 
335 -0.000373 
336 0.002714 
337 0.003907 
338 0.002781 
339 0.001530 
340 0.001246 
341 0.001189 
342 0.000698 
343 -0.000178 
344 -0.001137 
345 -0.001360 
346 0.000201 
347 0.002775 
348 0.003817 
349 0.002373 
350 0.000574 
351 0.000450 
352 0.001540 
353 0.002048 
354 0.002113 
355 0.002955 
356 0.003232 
357 0.000951 
358 -0.002695 
359 -0.004203 
360 -0.002487 
361 0.000478 
362 0.002097 
363 0.002067 
364 0.002094 
365 0.003479 
366 0.004787 
367 0.003522 
368 -0.000770 
369 -0.004842 
370 -0.005498 
371 -0.003162 
372 -0.000372 
373 0.001004 
374 0.001197 
375 0.000841 
376 -0.000448 
377 -0.002482 
378 -0.003554 
379 -0.002754 
380 -0.001523 
381 -0.000967 
382 -0.000477 
383 0.000255 
384 0.000515 
385 0.000599 
386 0.000455 
387 -0.001395 
388 -0.004225 
389 -0.004592 
390 -0.002265 
391 -0.000273 
392 -0.000363 
393 -0.001318 
394 -0.000581 
395 0.001052 
396 0.000879 
397 -0.001052 
398 -0.002019 
399 -0.001536 
400 0.000157 
401 0.002268 
402 0.003203 
403 0.002466 
404 0.000806 
405 -0.000549 
406 -0.000679 
407 0.000151 
408 0.001031 
409 0.001764 
410 0.001962 
411 0.002179 
412 0.003050 
413 0.004264 
414 0.004891 
415 0.004404 
416 0.003533 
417 0.003202 
418 0.003455 
419 0.004184 
420 0.004760 
421 0.004462 
422 0.003322 
423 0.002738 
424 0.002575 
425 0.002161 
426 0.001435 
427 0.001445 
428 0.002789 
429 0.004458 
430 0.005066 
431 0.004702 
432 0.005062 
433 0.006046 
434 0.006514 
435 0.005590 
436 0.004460 
437 0.003312 
438 0.002165 
439 0.001583 
440 0.001740 
441 0.002268 
442 0.003416 
443 0.005175 
444 0.006212 
445 0.005446 
446 0.003346 
447 0.001685 
448 0.001602 
449 0.002323 
450 0.002935 
451 0.003556 
452 0.003953 
453 0.003579 
454 0.002934 
455 0.002908 
456 0.003971 
457 0.004975 
458 0.004889 
459 0.004316 
460 0.003879 
461 0.002970 
462 0.001100 
463 -0.000788 
464 -0.001312 
465 -0.000670 
466 0.000670 
467 0.002276 
468 0.003330 
469 0.004111 
470 0.004295 
471 0.003250 
472 0.001517 
473 0.000131 
474 -0.000187 
475 0.001338 
476 0.003392 
477 0.003904 
478 0.002560 
479 0.000428 
480 -0.001159 
481 -0.000843 
482 0.000906 
483 0.002529 
484 0.003303 
485 0.003875 
486 0.005030 
487 0.006212 
488 0.005969 
489 0.004352 
490 0.002428 
491 0.000207 
492 -0.001711 
493 -0.002249 
494 -0.001287 
495 -0.000062 
496 0.000029 
497 -0.000474 
498 0.000826 
499 0.003623 
500 0.005763 
501 0.006074 
502 0.004699 
503 0.002297 
504 0.000049 
505 -0.001066 
506 -0.001547 
507 -0.002086 
508 -0.001995 
509 -0.000382 
510 0.001097 
511 0.000250 
512 -0.002788 
513 -0.006436 
514 -0.008591 
515 -0.008527 
516 -0.006678 
517 -0.003178 
518 0.000446 
519 0.002282 
520 0.002230 
521 0.000400 
522 -0.002680 
523 -0.005185 
524 -0.006524 
525 -0.008206 
526 -0.009902 
527 -0.009674 
528 -0.006003 
529 -0.001110 
530 0.001597 
531 0.001037 
532 -0.001808 
533 -0.005580 
534 -0.008619 
535 -0.009240 
536 -0.007081 
537 -0.003509 
538 -0.000504 
539 0.001820 
540 0.002960 
541 0.001065 
542 -0.002423 
543 -0.005332 
544 -0.007066 
545 -0.007141 
546 -0.005427 
547 -0.002606 
548 0.000278 
549 0.001665 
550 0.001941 
551 0.002353 
552 0.001940 
553 -0.000359 
554 -0.002702 
555 -0.003720 
556 -0.003233 
557 -0.002430 
558 -0.002527 
559 -0.001738 
560 0.000409 
561 0.002032 
562 0.002217 
563 0.001414 
564 0.000549 
565 0.000853 
566 0.002283 
567 0.004621 
568 0.006248 
569 0.004718 
570 0.001226 
571 -0.001154 
572 -0.001646 
573 -0.001188 
574 -0.001240 
575 -0.000912 
576 0.001663 
577 0.004587 
578 0.004791 
579 0.003577 
580 0.003248 
581 0.003689 
582 0.003445 
583 0.002048 
584 0.000635 
585 -0.000267 
586 -0.001456 
587 -0.002030 
588 -0.000796 
589 0.001196 
590 0.002022 
591 0.001331 
592 0.000892 
593 0.001940 
594 0.003004 
595 0.002633 
596 0.001924 
597 0.001349 
598 0.000008 
599 -0.002247 
600 -0.003703 
601 -0.003395 
602 -0.002100 
603 -0.000983 
604 0.000475 
605 0.002204 
606 0.002336 
607 0.000591 
608 -0.001030 
609 -0.001266 
610 -0.000525 
611 0.000774 
612 0.002145 
613 0.003443 
614 0.004517 
615 0.004673 
616 0.003660 
617 0.002029 
618 0.000729 
619 0.000656 
620 0.001677 
621 0.003049 
622 0.004425 
623 0.006126 
624 0.007282 
625 0.006595 
626 0.004406 
627 0.001900 
628 0.000279 
629 0.000767 
630 0.003633 
631 0.006995 
632 0.008726 
633 0.008539 
634 0.007672 
635 0.006127 
636 0.003241 
637 0.000502 
638 0.000068 
639 0.002103 
640 0.004879 
641 0.007289 
642 0.009012 
643 0.009272 
644 0.007231 
645 0.004224 
646 0.002545 
647 0.002591 
648 0.003265 
649 0.004016 
650 0.004638 
651 0.004598 
652 0.003718 
653 0.002917 
654 0.003006 
655 0.003336 
656 0.003104 
657 0.002764 
658 0.003220 
659 0.003980 
660 0.004557 
661 0.004779 
662 0.004901 
663 0.005281 
664 0.005183 
665 0.004033 
666 0.002736 
667 0.001597 
668 0.000316 
669 -0.000558 
670 -0.000172 
671 0.000946 
672 0.001831 
673 0.002011 
674 0.002245 
675 0.002829 
676 0.002200 
677 0.000048 
678 -0.001368 
679 -0.000958 
680 -0.000097 
681 -0.000035 
682 -0.000447 
683 -0.000299 
684 0.000124 
685 -0.000374 
686 -0.001502 
687 -0.002171 
688 -0.002615 
689 -0.003257 
690 -0.003169 
691 -0.002069 
692 -0.000948 
693 -0.000938 
694 -0.001961 
695 -0.003048 
696 -0.003769 
697 -0.004266 
698 -0.003966 
699 -0.002435 
700 -0.000804 
701 -0.000655 
702 -0.001801 
703 -0.003136 
704 -0.004177 
705 -0.004539 
706 -0.003969 
707 -0.002600 
708 -0.001400 
709 -0.001268 
710 -0.001810 
711 -0.002464 
712 -0.002978 
713 -0.003756 
714 -0.004374 
715 -0.004041 
716 -0.002545 
717 -0.000816 
718 -0.000133 
719 -0.000944 
720 -0.002422 
721 -0.003439 
722 -0.003368 
723 -0.002447 
724 -0.001297 
725 -0.000800 
726 -0.001499 
727 -0.002825 
728 -0.003714 
729 -0.004265 
730 -0.004418 
731 -0.004197 
732 -0.003491 
733 -0.001917 
734 -0.000569 
735 -0.000468 
736 -0.001637 
737 -0.003356 
738 -0.004486 
739 -0.004445 
740 -0.003469 
741 -0.002228 
742 -0.001198 
743 -0.000579 
744 -0.000293 
745 -0.000678 
746 -0.002010 
747 -0.003709 
748 -0.004775 
749 -0.004667 
750 -0.003490 
751 -0.002041 
752 -0.000783 
753 0.000287 
754 0.000995 
755 0.000628 
756 -0.001024 
757 -0.003024 
758 -0.004094 
759 -0.003998 
760 -0.003289 
761 -0.002561 
762 -0.001983 
763 -0.001569 
764 -0.001461 
765 -0.001263 
766 -0.000537 
767 0.000487 
768 0.001066 
769 0.000748 
770 -0.000117 
771 -0.000643 
772 -0.000972 
773 -0.001347 
774 -0.001499 
775 -0.001086 
776 -0.000356 
777 -0.000074 
778 -0.000128 
779 0.000408 
780 0.001443 
781 0.001854 
782 0.001165 
783 -0.000037 
784 -0.000878 
785 -0.000912 
786 -0.000422 
787 0.000011 
788 0.000283 
789 0.000238 
790 0.000054 
791 0.000226 
792 0.000746 
793 0.001115 
794 0.001071 
795 0.000594 
796 -0.000246 
797 -0.000935 
798 -0.001066 
799 -0.000746 
800 -0.000240 
801 0.000100 
802 -0.000075 
803 -0.000724 
804 -0.001167 
805 -0.001239 
806 -0.001490 
807 -0.002215 
808 -0.002430 
809 -0.001540 
810 -0.000187 
811 0.000590 
812 0.000197 
813 -0.000876 
814 -0.002035 
815 -0.002874 
816 -0.002760 
817 -0.001697 
818 -0.000734 
819 -0.000524 
820 -0.000740 
821 -0.000784 
822 -0.000697 
823 -0.000893 
824 -0.001578 
825 -0.002454 
826 -0.002823 
827 -0.002092 
828 -0.000421 
829 0.000987 
830 0.001216 
831 0.000251 
832 -0.000974 
833 -0.001657 
834 -0.001568 
835 -0.000830 
836 -0.000197 
837 -0.000139 
838 -0.000287 
839 0.000034 
840 0.000544 
841 0.000614 
842 0.000364 
843 0.000196 
844 -0.000059 
845 -0.000661 
846 -0.000956 
847 -0.000144 
848 0.001166 
849 0.001653 
850 0.001170 
851 0.000645 
852 0.000527 
853 0.000502 
854 0.000305 
855 -0.000040 
856 -0.000411 
857 -0.000489 
858 0.000109 
859 0.001076 
860 0.001451 
861 0.000907 
862 0.000246 
863 0.000200 
864 0.000581 
865 0.000749 
866 0.000761 
867 0.001038 
868 0.001121 
869 0.000344 
870 -0.000866 
871 -0.001349 
872 -0.000775 
873 0.000187 
874 0.000700 
875 0.000686 
876 0.000689 
877 0.001104 
878 0.001485 
879 0.001088 
880 -0.000198 
881 -0.001386 
882 -0.001562 
883 -0.000880 
884 -0.000081 
885 0.000306 
886 0.000356 
887 0.000257 
888 -0.000094 
889 -0.000637 
890 -0.000914 
891 -0.000697 
892 -0.000373 
893 -0.000228 
894 -0.000103 
895 0.000080 
896 0.000142 
897 0.000159 
898 0.000121 
899 -0.000321 
900 -0.000983 
901 -0.001056 
902 -0.000510 
903 -0.000051 
904 -0.000071 
905 -0.000282 
906 -0.000121 
907 0.000231 
908 0.000188 
909 -0.000226 
910 -0.000426 
911 -0.000324 
912 0.000025 
913 0.000450 
914 0.000632 
915 0.000478 
916 0.000147 
917 -0.000118 
918 -0.000144 
919 0.000012 
920 0.000174 
921 0.000306 
922 0.000337 
923 0.000365 
924 0.000514 
925 0.000720 
926 0.000819 
927 0.000727 
928 0.000572 
929 0.000507 
930 0.000541 
931 0.000651 
932 0.000732 
933 0.000674 
934 0.000487 
935 0.000388 
936 0.000356 
937 0.000289 
938 0.000178 
939 0.000178 
940 0.000375 
941 0.000612 
942 0.000690 
943 0.000627 
944 0.000669 
945 0.000797 
946 0.000851 
947 0.000718 
948 0.000553 
949 0.000391 
950 0.000236 
951 0.000156 
952 0.000175 
953 0.000241 
954 0.000386 
955 0.000602 
956 0.000723 
957 0.000621 
958 0.000360 
959 0.000159 
960 0.000146 
961 0.000228 
962 0.000294 
963 0.000361 
964 0.000400 
965 0.000352 
966 0.000277 
967 0.000272 
968 0.000385 
969 0.000492 
970 0.000477 
971 0.000412 
972 0.000361 
973 0.000263 
974 0.000066 
975 -0.000127 
976 -0.000180 
977 -0.000114 
978 0.000020 
979 0.000177 
980 0.000278 
981 0.000351 
982 0.000366 
983 0.000266 
984 0.000100 
985 -0.000032 
986 -0.000062 
987 0.000078 
988 0.000264 
989 0.000308 
990 0.000184 
991 -0.000008 
992 -0.000149 
993 -0.000120 
994 0.000036 
995 0.000179 
996 0.000246 
997 0.000294 
998 0.000393 
999 0.000491 
1000 0.000467 
1001 0.000328 
1002 0.000163 
1003 -0.000023 
1004 -0.000183 
1005 -0.000226 
1006 -0.000144 
1007 -0.000042 
1008 -0.000034 
1009 -0.000074 
1010 0.000034 
1011 0.000264 
1012 0.000438 
1013 0.000462 
1014 0.000350 
1015 0.000156 
1016 -0.000025 
1017 -0.000115 
1018 -0.000154 
1019 -0.000198 
1020 -0.000190 
1021 -0.000060 
1022 0.000058 
1023 -0.000007 
