0 0.000029 
1 0.000431 
2 0.000788 
3 0.000809 
4 0.000611 
5 0.000444 
6 0.000290 
7 0.000079 
8 -0.000053 
9 -0.000055 
10 -0.000018 
11 0.000049 
12 0.000245 
13 0.000474 
14 0.000472 
15 0.000256 
16 0.000159 
17 0.000291 
18 0.000385 
19 0.000315 
20 0.000255 
21 0.000308 
22 0.000337 
23 0.000268 
24 0.000239 
25 0.000319 
26 0.000394 
27 0.000369 
28 0.000309 
29 0.000306 
30 0.000354 
31 0.000417 
32 0.000495 
33 0.000550 
34 0.000524 
35 0.000495 
36 0.000475 
37 0.000371 
38 0.000235 
39 0.000224 
40 0.000316 
41 0.000368 
42 0.000418 
43 0.000551 
44 0.000678 
45 0.000687 
46 0.000631 
47 0.000611 
48 0.000609 
49 0.000487 
50 0.000199 
51 -0.000044 
52 -0.000067 
53 0.000054 
54 0.000180 
55 0.000390 
56 0.000830 
57 0.001325 
58 0.001482 
59 0.001232 
60 0.000863 
61 0.000485 
62 0.000006 
63 -0.000430 
64 -0.000517 
65 -0.000222 
66 0.000272 
67 0.000838 
68 0.001309 
69 0.001517 
70 0.001416 
71 0.001090 
72 0.000658 
73 0.000254 
74 -0.000029 
75 -0.000208 
76 -0.000258 
77 -0.000010 
78 0.000512 
79 0.000937 
80 0.000941 
81 0.000720 
82 0.000621 
83 0.000445 
84 -0.000019 
85 -0.000290 
86 0.000130 
87 0.000762 
88 0.000867 
89 0.000618 
90 0.000526 
91 0.000528 
92 0.000336 
93 -0.000093 
94 -0.000446 
95 -0.000308 
96 0.000284 
97 0.000679 
98 0.000655 
99 0.000798 
100 0.001178 
101 0.001016 
102 0.000206 
103 -0.000300 
104 -0.000123 
105 -0.000150 
106 -0.000717 
107 -0.000829 
108 -0.000042 
109 0.000626 
110 0.000521 
111 0.000393 
112 0.000652 
113 0.000518 
114 -0.000133 
115 -0.000488 
116 -0.000404 
117 -0.000391 
118 -0.000291 
119 0.000272 
120 0.000852 
121 0.000709 
122 0.000026 
123 -0.000497 
124 -0.000818 
125 -0.001327 
126 -0.001699 
127 -0.001279 
128 -0.000284 
129 0.000398 
130 0.000672 
131 0.000881 
132 0.000818 
133 0.000218 
134 -0.000647 
135 -0.001624 
136 -0.002572 
137 -0.002926 
138 -0.002384 
139 -0.001489 
140 -0.000769 
141 0.000120 
142 0.001346 
143 0.001979 
144 0.001233 
145 -0.000192 
146 -0.001198 
147 -0.002038 
148 -0.003069 
149 -0.003610 
150 -0.003089 
151 -0.001917 
152 -0.000643 
153 0.000485 
154 0.001151 
155 0.001110 
156 0.000426 
157 -0.000863 
158 -0.002362 
159 -0.003205 
160 -0.002940 
161 -0.002009 
162 -0.001287 
163 -0.000846 
164 -0.000132 
165 0.000592 
166 0.000449 
167 -0.000558 
168 -0.001605 
169 -0.002377 
170 -0.003050 
171 -0.003298 
172 -0.002745 
173 -0.001831 
174 -0.001343 
175 -0.001345 
176 -0.001196 
177 -0.000513 
178 0.000029 
179 -0.000146 
180 -0.000729 
181 -0.001423 
182 -0.002269 
183 -0.003085 
184 -0.003760 
185 -0.004349 
186 -0.004367 
187 -0.003076 
188 -0.001051 
189 0.000211 
190 0.000368 
191 0.000196 
192 -0.000087 
193 -0.001129 
194 -0.002712 
195 -0.003402 
196 -0.002711 
197 -0.001945 
198 -0.001508 
199 -0.000502 
200 0.000650 
201 0.000427 
202 -0.000777 
203 -0.001476 
204 -0.001990 
205 -0.002983 
206 -0.003617 
207 -0.003323 
208 -0.002522 
209 -0.001451 
210 -0.000172 
211 0.000543 
212 0.000388 
213 0.000256 
214 0.000514 
215 0.000066 
216 -0.001468 
217 -0.002700 
218 -0.002434 
219 -0.001426 
220 -0.000857 
221 -0.000758 
222 -0.000366 
223 0.000475 
224 0.001060 
225 0.000947 
226 0.000392 
227 -0.000169 
228 -0.000444 
229 -0.000459 
230 -0.000647 
231 -0.001183 
232 -0.001399 
233 -0.000964 
234 -0.000527 
235 -0.000488 
236 -0.000382 
237 0.000005 
238 0.000164 
239 0.000342 
240 0.000997 
241 0.001699 
242 0.001748 
243 0.001154 
244 0.000747 
245 0.000714 
246 0.000291 
247 -0.000563 
248 -0.000615 
249 0.000552 
250 0.001679 
251 0.001935 
252 0.002293 
253 0.003326 
254 0.003802 
255 0.003058 
256 0.001991 
257 0.001511 
258 0.001272 
259 0.000867 
260 0.001103 
261 0.002487 
262 0.003899 
263 0.003883 
264 0.003034 
265 0.003023 
266 0.003616 
267 0.003472 
268 0.002845 
269 0.002745 
270 0.002951 
271 0.002932 
272 0.002680 
273 0.002126 
274 0.001533 
275 0.001708 
276 0.002910 
277 0.003900 
278 0.004811 
279 0.006442 
280 0.007179 
281 0.005432 
282 0.003079 
283 0.002124 
284 0.001247 
285 -0.000523 
286 -0.001114 
287 0.001054 
288 0.004135 
289 0.006068 
290 0.007378 
291 0.008280 
292 0.007640 
293 0.005568 
294 0.003746 
295 0.002559 
296 0.001099 
297 -0.000251 
298 0.000106 
299 0.001797 
300 0.003883 
301 0.006519 
302 0.009033 
303 0.009780 
304 0.008338 
305 0.005946 
306 0.003439 
307 0.000902 
308 -0.001473 
309 -0.003053 
310 -0.002602 
311 0.000695 
312 0.004811 
313 0.007156 
314 0.007556 
315 0.007721 
316 0.007943 
317 0.006303 
318 0.002427 
319 -0.000934 
320 -0.001917 
321 -0.001287 
322 -0.000232 
323 0.001035 
324 0.003041 
325 0.005706 
326 0.007871 
327 0.008227 
328 0.007171 
329 0.006010 
330 0.004244 
331 0.001179 
332 -0.001422 
333 -0.002528 
334 -0.003699 
335 -0.004800 
336 -0.003062 
337 0.001442 
338 0.004734 
339 0.005674 
340 0.006937 
341 0.008343 
342 0.006327 
343 0.001386 
344 -0.002110 
345 -0.003806 
346 -0.006335 
347 -0.007081 
348 -0.002198 
349 0.003786 
350 0.004743 
351 0.003803 
352 0.005755 
353 0.007039 
354 0.002959 
355 -0.002939 
356 -0.005148 
357 -0.004529 
358 -0.004702 
359 -0.005670 
360 -0.004975 
361 -0.002031 
362 0.001031 
363 0.002281 
364 0.001720 
365 0.000851 
366 0.001275 
367 0.001855 
368 0.000036 
369 -0.003571 
370 -0.005547 
371 -0.004895 
372 -0.004015 
373 -0.004350 
374 -0.004484 
375 -0.003457 
376 -0.002221 
377 -0.001630 
378 -0.001957 
379 -0.002904 
380 -0.003475 
381 -0.003616 
382 -0.004008 
383 -0.004335 
384 -0.004501 
385 -0.004789 
386 -0.005110 
387 -0.004820 
388 -0.004362 
389 -0.004201 
390 -0.003627 
391 -0.002112 
392 -0.000590 
393 -0.000633 
394 -0.002052 
395 -0.003323 
396 -0.004280 
397 -0.005954 
398 -0.008127 
399 -0.009181 
400 -0.007772 
401 -0.004550 
402 -0.001908 
403 -0.000681 
404 0.000443 
405 0.001682 
406 0.000304 
407 -0.004622 
408 -0.009072 
409 -0.010366 
410 -0.010224 
411 -0.009373 
412 -0.006353 
413 -0.001953 
414 0.000865 
415 0.001041 
416 -0.000104 
417 -0.002173 
418 -0.005413 
419 -0.008510 
420 -0.009965 
421 -0.009089 
422 -0.006384 
423 -0.002774 
424 -0.000137 
425 -0.000402 
426 -0.003166 
427 -0.005619 
428 -0.006182 
429 -0.005904 
430 -0.005868 
431 -0.005710 
432 -0.004342 
433 -0.002510 
434 -0.001695 
435 -0.002724 
436 -0.004789 
437 -0.005725 
438 -0.004246 
439 -0.003184 
440 -0.004834 
441 -0.005632 
442 -0.002615 
443 -0.000483 
444 -0.003357 
445 -0.007053 
446 -0.007144 
447 -0.006427 
448 -0.007804 
449 -0.008139 
450 -0.004628 
451 -0.000309 
452 0.001430 
453 0.001785 
454 0.002356 
455 0.000933 
456 -0.003751 
457 -0.008180 
458 -0.009379 
459 -0.009395 
460 -0.010415 
461 -0.009420 
462 -0.004000 
463 0.002343 
464 0.004808 
465 0.003499 
466 0.002872 
467 0.003972 
468 0.002410 
469 -0.003480 
470 -0.009066 
471 -0.010424 
472 -0.009385 
473 -0.008666 
474 -0.006849 
475 -0.002334 
476 0.003326 
477 0.007823 
478 0.009577 
479 0.007873 
480 0.003167 
481 -0.001738 
482 -0.005748 
483 -0.010326 
484 -0.014162 
485 -0.013082 
486 -0.006933 
487 -0.001073 
488 0.001985 
489 0.005949 
490 0.011892 
491 0.013392 
492 0.007183 
493 -0.000185 
494 -0.003238 
495 -0.005381 
496 -0.009623 
497 -0.011816 
498 -0.008354 
499 -0.002681 
500 0.001846 
501 0.006188 
502 0.009633 
503 0.009498 
504 0.007088 
505 0.005465 
506 0.003516 
507 -0.001224 
508 -0.005328 
509 -0.004682 
510 -0.002229 
511 -0.001488 
512 0.000258 
513 0.005204 
514 0.009774 
515 0.010309 
516 0.008197 
517 0.006496 
518 0.004873 
519 0.002354 
520 0.000557 
521 0.000188 
522 0.000192 
523 0.000508 
524 0.002463 
525 0.005144 
526 0.005389 
527 0.003235 
528 0.002548 
529 0.004528 
530 0.005873 
531 0.004978 
532 0.003955 
533 0.004160 
534 0.004090 
535 0.002947 
536 0.002433 
537 0.003388 
538 0.004412 
539 0.004308 
540 0.003784 
541 0.003920 
542 0.004615 
543 0.005356 
544 0.006120 
545 0.006501 
546 0.005977 
547 0.005466 
548 0.005087 
549 0.003817 
550 0.002294 
551 0.002204 
552 0.003227 
553 0.003781 
554 0.004316 
555 0.005707 
556 0.006994 
557 0.007006 
558 0.006313 
559 0.005980 
560 0.005869 
561 0.004612 
562 0.001779 
563 -0.000580 
564 -0.000734 
565 0.000564 
566 0.001879 
567 0.003791 
568 0.007640 
569 0.011898 
570 0.013054 
571 0.010553 
572 0.007100 
573 0.003760 
574 -0.000283 
575 -0.003835 
576 -0.004393 
577 -0.001832 
578 0.002222 
579 0.006727 
580 0.010339 
581 0.011761 
582 0.010765 
583 0.008125 
584 0.004794 
585 0.001742 
586 -0.000361 
587 -0.001610 
588 -0.001897 
589 -0.000173 
590 0.003410 
591 0.006312 
592 0.006255 
593 0.004609 
594 0.003866 
595 0.002729 
596 -0.000254 
597 -0.001934 
598 0.000778 
599 0.004559 
600 0.004815 
601 0.002998 
602 0.002443 
603 0.002535 
604 0.001459 
605 -0.000861 
606 -0.002519 
607 -0.001415 
608 0.001928 
609 0.003872 
610 0.003479 
611 0.004112 
612 0.006011 
613 0.004884 
614 0.000435 
615 -0.002079 
616 -0.000928 
617 -0.001044 
618 -0.004009 
619 -0.004545 
620 -0.000563 
621 0.002684 
622 0.002122 
623 0.001507 
624 0.002736 
625 0.002039 
626 -0.001003 
627 -0.002556 
628 -0.002089 
629 -0.002012 
630 -0.001528 
631 0.001039 
632 0.003555 
633 0.002795 
634 -0.000260 
635 -0.002520 
636 -0.003870 
637 -0.005924 
638 -0.007306 
639 -0.005462 
640 -0.001404 
641 0.001321 
642 0.002380 
643 0.003110 
644 0.002767 
645 0.000512 
646 -0.002584 
647 -0.006072 
648 -0.009434 
649 -0.010539 
650 -0.008467 
651 -0.005389 
652 -0.003069 
653 -0.000062 
654 0.004225 
655 0.006457 
656 0.004029 
657 -0.000566 
658 -0.003659 
659 -0.006251 
660 -0.009619 
661 -0.011482 
662 -0.009886 
663 -0.006169 
664 -0.002166 
665 0.001354 
666 0.003515 
667 0.003588 
668 0.001696 
669 -0.002073 
670 -0.006462 
671 -0.008913 
672 -0.008197 
673 -0.005621 
674 -0.003612 
675 -0.002351 
676 -0.000353 
677 0.001651 
678 0.001332 
679 -0.001261 
680 -0.003917 
681 -0.005770 
682 -0.007289 
683 -0.007765 
684 -0.006344 
685 -0.004060 
686 -0.002808 
687 -0.002802 
688 -0.002528 
689 -0.001003 
690 0.000228 
691 -0.000200 
692 -0.001545 
693 -0.003039 
694 -0.004774 
695 -0.006406 
696 -0.007734 
697 -0.008866 
698 -0.008766 
699 -0.005954 
700 -0.001759 
701 0.000701 
702 0.000861 
703 0.000405 
704 -0.000190 
705 -0.002198 
706 -0.005151 
707 -0.006261 
708 -0.004681 
709 -0.002993 
710 -0.002016 
711 -0.000151 
712 0.001816 
713 0.001243 
714 -0.001042 
715 -0.002390 
716 -0.003307 
717 -0.004894 
718 -0.005781 
719 -0.005133 
720 -0.003671 
721 -0.001815 
722 0.000237 
723 0.001232 
724 0.000842 
725 0.000581 
726 0.000959 
727 0.000238 
728 -0.002076 
729 -0.003818 
730 -0.003261 
731 -0.001670 
732 -0.000816 
733 -0.000633 
734 0.000036 
735 0.001285 
736 0.001992 
737 0.001643 
738 0.000765 
739 -0.000041 
740 -0.000452 
741 -0.000490 
742 -0.000671 
743 -0.001233 
744 -0.001394 
745 -0.000802 
746 -0.000290 
747 -0.000310 
748 -0.000268 
749 0.000093 
750 0.000192 
751 0.000388 
752 0.001221 
753 0.002105 
754 0.002215 
755 0.001626 
756 0.001298 
757 0.001338 
758 0.000807 
759 -0.000288 
760 -0.000495 
761 0.000642 
762 0.001709 
763 0.001866 
764 0.002225 
765 0.003365 
766 0.003950 
767 0.003304 
768 0.002340 
769 0.001912 
770 0.001645 
771 0.001169 
772 0.001271 
773 0.002430 
774 0.003608 
775 0.003478 
776 0.002613 
777 0.002564 
778 0.003135 
779 0.003091 
780 0.002609 
781 0.002564 
782 0.002773 
783 0.002746 
784 0.002431 
785 0.001807 
786 0.001170 
787 0.001193 
788 0.002044 
789 0.002733 
790 0.003443 
791 0.004809 
792 0.005481 
793 0.004194 
794 0.002443 
795 0.001768 
796 0.001124 
797 -0.000253 
798 -0.000836 
799 0.000569 
800 0.002647 
801 0.003929 
802 0.004768 
803 0.005338 
804 0.004906 
805 0.003558 
806 0.002392 
807 0.001628 
808 0.000669 
809 -0.000213 
810 -0.000009 
811 0.001000 
812 0.002221 
813 0.003789 
814 0.005299 
815 0.005731 
816 0.004842 
817 0.003401 
818 0.001919 
819 0.000434 
820 -0.000955 
821 -0.001895 
822 -0.001692 
823 0.000099 
824 0.002342 
825 0.003597 
826 0.003786 
827 0.003885 
828 0.004062 
829 0.003253 
830 0.001240 
831 -0.000514 
832 -0.001030 
833 -0.000740 
834 -0.000292 
835 0.000245 
836 0.001199 
837 0.002509 
838 0.003560 
839 0.003749 
840 0.003289 
841 0.002773 
842 0.001957 
843 0.000541 
844 -0.000669 
845 -0.001208 
846 -0.001748 
847 -0.002230 
848 -0.001497 
849 0.000379 
850 0.001736 
851 0.002138 
852 0.002675 
853 0.003235 
854 0.002427 
855 0.000521 
856 -0.000776 
857 -0.001398 
858 -0.002379 
859 -0.002683 
860 -0.000868 
861 0.001316 
862 0.001608 
863 0.001220 
864 0.001906 
865 0.002364 
866 0.000955 
867 -0.001040 
868 -0.001748 
869 -0.001511 
870 -0.001549 
871 -0.001847 
872 -0.001615 
873 -0.000693 
874 0.000237 
875 0.000594 
876 0.000401 
877 0.000130 
878 0.000275 
879 0.000500 
880 0.000030 
881 -0.000957 
882 -0.001464 
883 -0.001236 
884 -0.001002 
885 -0.001148 
886 -0.001240 
887 -0.001008 
888 -0.000707 
889 -0.000552 
890 -0.000611 
891 -0.000815 
892 -0.000909 
893 -0.000880 
894 -0.000924 
895 -0.000979 
896 -0.001011 
897 -0.001064 
898 -0.001126 
899 -0.001067 
900 -0.000989 
901 -0.000976 
902 -0.000852 
903 -0.000501 
904 -0.000139 
905 -0.000124 
906 -0.000411 
907 -0.000656 
908 -0.000828 
909 -0.001165 
910 -0.001624 
911 -0.001862 
912 -0.001586 
913 -0.000924 
914 -0.000376 
915 -0.000123 
916 0.000107 
917 0.000373 
918 0.000144 
919 -0.000765 
920 -0.001593 
921 -0.001829 
922 -0.001783 
923 -0.001600 
924 -0.001063 
925 -0.000306 
926 0.000171 
927 0.000202 
928 0.000015 
929 -0.000322 
930 -0.000841 
931 -0.001323 
932 -0.001536 
933 -0.001377 
934 -0.000936 
935 -0.000366 
936 0.000034 
937 -0.000020 
938 -0.000442 
939 -0.000795 
940 -0.000859 
941 -0.000798 
942 -0.000771 
943 -0.000726 
944 -0.000519 
945 -0.000268 
946 -0.000165 
947 -0.000309 
948 -0.000594 
949 -0.000733 
950 -0.000553 
951 -0.000425 
952 -0.000642 
953 -0.000737 
954 -0.000335 
955 -0.000033 
956 -0.000347 
957 -0.000763 
958 -0.000751 
959 -0.000659 
960 -0.000838 
961 -0.000905 
962 -0.000528 
963 -0.000054 
964 0.000137 
965 0.000181 
966 0.000256 
967 0.000123 
968 -0.000357 
969 -0.000811 
970 -0.000926 
971 -0.000921 
972 -0.001028 
973 -0.000930 
974 -0.000381 
975 0.000255 
976 0.000487 
977 0.000338 
978 0.000262 
979 0.000373 
980 0.000233 
981 -0.000322 
982 -0.000837 
983 -0.000934 
984 -0.000806 
985 -0.000731 
986 -0.000575 
987 -0.000175 
988 0.000328 
989 0.000713 
990 0.000844 
991 0.000682 
992 0.000273 
993 -0.000144 
994 -0.000475 
995 -0.000850 
996 -0.001169 
997 -0.001084 
998 -0.000575 
999 -0.000089 
1000 0.000162 
1001 0.000487 
1002 0.000977 
1003 0.001104 
1004 0.000602 
1005 0.000009 
1006 -0.000234 
1007 -0.000407 
1008 -0.000754 
1009 -0.000934 
1010 -0.000657 
1011 -0.000207 
1012 0.000146 
1013 0.000489 
1014 0.000769 
1015 0.000765 
1016 0.000580 
1017 0.000461 
1018 0.000312 
1019 -0.000069 
1020 -0.000406 
1021 -0.000362 
1022 -0.000173 
1023 -0.000126 
