0 -0.053936 
1 -0.012661 
2 -0.032408 
3 -0.008614 
4 0.027127 
5 0.011426 
6 0.060595 
7 -0.020775 
8 0.056390 
9 -0.049383 
10 0.036625 
11 -0.073772 
12 0.030750 
13 -0.074759 
14 0.054332 
15 -0.026252 
16 0.109753 
17 -0.001067 
18 0.062032 
19 -0.070869 
20 -0.034849 
21 -0.075964 
22 -0.028874 
23 -0.009960 
24 0.019076 
25 0.048382 
26 0.048827 
27 0.051064 
28 0.020153 
29 -0.019438 
30 -0.049499 
31 -0.061161 
32 -0.076641 
33 -0.037674 
34 -0.037332 
35 0.039554 
36 0.009821 
37 0.075216 
38 0.016647 
39 0.055303 
40 -0.012056 
41 0.012572 
42 -0.040674 
43 -0.041787 
44 -0.046474 
45 -0.061311 
46 -0.011701 
47 -0.026982 
48 0.068975 
49 0.019352 
50 0.086525 
51 0.012638 
52 0.016889 
53 -0.069654 
54 -0.041994 
55 -0.025064 
56 0.002330 
57 0.027011 
58 -0.003305 
59 -0.012684 
60 -0.039512 
61 -0.039285 
62 -0.013846 
63 -0.030229 
64 0.030337 
65 -0.002872 
66 0.087544 
67 0.013229 
68 0.095662 
69 -0.044324 
70 0.028469 
71 -0.145041 
72 -0.054880 
73 -0.143351 
74 -0.006721 
75 -0.017730 
76 0.107036 
77 0.097296 
78 0.148980 
79 0.054275 
80 0.037943 
81 -0.097082 
82 -0.125156 
83 -0.210839 
84 -0.141002 
85 -0.081408 
86 0.028150 
87 0.132633 
88 0.118661 
89 0.141630 
90 0.003290 
91 0.033755 
92 -0.087486 
93 -0.005221 
94 -0.094205 
95 -0.002798 
96 -0.054500 
97 0.040404 
98 0.031563 
99 0.101342 
100 0.036866 
101 0.049833 
102 -0.063607 
103 -0.016976 
104 -0.106811 
105 -0.017324 
106 -0.080085 
107 0.051119 
108 -0.009265 
109 0.113369 
110 0.002278 
111 0.064962 
112 -0.039021 
113 -0.004134 
114 -0.061876 
115 -0.031033 
116 -0.018400 
117 -0.010338 
118 0.014766 
119 -0.007633 
120 0.043670 
121 -0.021596 
122 0.037057 
123 -0.020937 
124 0.029037 
125 -0.028458 
126 0.005678 
127 -0.012814 
128 0.019455 
129 -0.010649 
130 0.030914 
131 -0.049468 
132 0.026745 
133 -0.075180 
134 0.054809 
135 -0.087138 
136 0.063902 
137 -0.058355 
138 0.088441 
139 -0.004929 
140 0.069328 
141 -0.016747 
142 0.000783 
143 -0.048137 
144 -0.045915 
145 -0.064548 
146 -0.012461 
147 0.003955 
148 0.046339 
149 0.052955 
150 0.073699 
151 0.066363 
152 0.011670 
153 0.007193 
154 -0.080353 
155 -0.059532 
156 -0.116280 
157 -0.002782 
158 -0.033284 
159 0.099558 
160 0.020370 
161 0.104843 
162 -0.030328 
163 0.046439 
164 -0.065520 
165 0.007992 
166 -0.087472 
167 0.015831 
168 -0.068202 
169 0.055699 
170 -0.021507 
171 0.077979 
172 -0.009886 
173 0.058368 
174 -0.030821 
175 0.024989 
176 -0.049959 
177 0.026198 
178 -0.061441 
179 -0.011849 
180 -0.033572 
181 0.020295 
182 0.031886 
183 0.019290 
184 0.051591 
185 -0.021350 
186 0.021562 
187 -0.060993 
188 0.013249 
189 -0.037537 
190 0.043980 
191 0.000167 
192 0.032012 
193 -0.016728 
194 0.000974 
195 -0.033741 
196 -0.021045 
197 -0.030764 
198 0.017456 
199 0.005640 
200 0.096618 
201 0.020093 
202 0.074479 
203 -0.066811 
204 -0.025864 
205 -0.121185 
206 -0.050332 
207 -0.038115 
208 0.032469 
209 0.048113 
210 0.087892 
211 0.066014 
212 0.048691 
213 -0.025330 
214 -0.042989 
215 -0.073769 
216 -0.060752 
217 -0.057644 
218 -0.034909 
219 0.014201 
220 0.030820 
221 0.081398 
222 0.040005 
223 0.082467 
224 0.003071 
225 0.055665 
226 -0.064468 
227 -0.024252 
228 -0.121579 
229 -0.028821 
230 -0.072039 
231 0.057843 
232 0.015318 
233 0.116190 
234 0.030309 
235 0.075140 
236 -0.014177 
237 -0.016770 
238 -0.041571 
239 -0.050381 
240 -0.030899 
241 -0.000512 
242 0.019176 
243 0.029333 
244 -0.006152 
245 0.017356 
246 -0.007787 
247 0.008858 
248 -0.003052 
249 0.043061 
250 0.025550 
251 0.036557 
252 0.003241 
253 -0.027628 
254 -0.046036 
255 -0.066271 
256 -0.026188 
257 -0.017400 
258 0.027413 
259 0.064116 
260 0.056084 
261 0.054261 
262 0.026889 
263 0.012531 
264 -0.013807 
265 -0.040745 
266 -0.038341 
267 -0.041455 
268 -0.011699 
269 0.001143 
270 0.015786 
271 0.029385 
272 0.053992 
273 0.060802 
274 0.030591 
275 0.028101 
276 -0.032452 
277 -0.013618 
278 -0.082083 
279 -0.015271 
280 -0.051834 
281 0.022613 
282 0.019752 
283 0.093056 
284 0.053662 
285 0.094125 
286 -0.010604 
287 0.006759 
288 -0.090307 
289 -0.045897 
290 -0.070464 
291 -0.027305 
292 0.022148 
293 0.069737 
294 0.072980 
295 0.061898 
296 0.006038 
297 -0.015174 
298 -0.057040 
299 -0.033072 
300 -0.048322 
301 -0.012132 
302 0.010509 
303 0.039117 
304 0.031951 
305 -0.000807 
306 0.016301 
307 -0.037840 
308 0.007435 
309 -0.029232 
310 0.038212 
311 -0.003245 
312 0.019950 
313 -0.023222 
314 -0.012628 
315 -0.031174 
316 -0.008054 
317 -0.019694 
318 0.031264 
319 -0.018817 
320 0.034391 
321 -0.028264 
322 0.030243 
323 -0.003564 
324 0.039959 
325 0.019344 
326 0.005740 
327 -0.017630 
328 -0.048307 
329 -0.044598 
330 -0.080244 
331 -0.020786 
332 -0.022462 
333 0.078962 
334 0.046638 
335 0.120082 
336 0.020858 
337 0.062323 
338 -0.111963 
339 -0.053975 
340 -0.174599 
341 -0.039482 
342 -0.066370 
343 0.066948 
344 0.067519 
345 0.121567 
346 0.062361 
347 0.036365 
348 -0.056132 
349 -0.042534 
350 -0.112919 
351 -0.023742 
352 -0.078697 
353 0.024615 
354 -0.018775 
355 0.045607 
356 0.016222 
357 0.024175 
358 0.026556 
359 -0.001426 
360 0.019349 
361 -0.028254 
362 0.004567 
363 -0.058457 
364 -0.003751 
365 -0.047693 
366 0.020689 
367 -0.007600 
368 0.042478 
369 -0.027073 
370 0.020042 
371 -0.054574 
372 0.029180 
373 -0.058148 
374 0.057975 
375 -0.014153 
376 0.080269 
377 -0.041121 
378 0.026246 
379 -0.100846 
380 -0.007130 
381 -0.089098 
382 0.019075 
383 -0.014159 
384 0.070319 
385 0.064233 
386 0.061914 
387 0.044296 
388 -0.035584 
389 -0.033952 
390 -0.112797 
391 -0.040873 
392 -0.072087 
393 0.035904 
394 0.019499 
395 0.086149 
396 0.040122 
397 0.050369 
398 -0.002800 
399 -0.020472 
400 -0.062851 
401 -0.025446 
402 -0.076925 
403 0.016526 
404 -0.056134 
405 0.089708 
406 0.003814 
407 0.105435 
408 0.000761 
409 0.047608 
410 -0.032345 
411 -0.020685 
412 -0.068822 
413 -0.051428 
414 -0.035766 
415 0.001984 
416 0.024683 
417 0.071842 
418 0.046086 
419 0.075266 
420 -0.005843 
421 0.000969 
422 -0.057832 
423 -0.048466 
424 -0.032656 
425 -0.028811 
426 0.024728 
427 0.007900 
428 0.071831 
429 -0.003444 
430 0.055416 
431 -0.061427 
432 0.036475 
433 -0.080513 
434 0.053349 
435 -0.041905 
436 0.095069 
437 -0.008942 
438 0.070217 
439 -0.044647 
440 0.004857 
441 -0.079102 
442 -0.026557 
443 -0.048908 
444 0.050701 
445 0.024686 
446 0.105367 
447 0.034041 
448 0.087125 
449 -0.042732 
450 -0.005123 
451 -0.119090 
452 -0.057555 
453 -0.070164 
454 0.001759 
455 0.037934 
456 0.044587 
457 0.094676 
458 0.058209 
459 0.054772 
460 -0.003038 
461 -0.017989 
462 -0.062433 
463 -0.063537 
464 -0.066700 
465 -0.035621 
466 0.001173 
467 0.052533 
468 0.062202 
469 0.085701 
470 0.019957 
471 0.037772 
472 -0.071063 
473 -0.029851 
474 -0.092445 
475 -0.017785 
476 -0.032659 
477 0.041409 
478 0.042022 
479 0.065395 
480 0.018080 
481 -0.004137 
482 -0.044948 
483 -0.042434 
484 -0.032098 
485 -0.012792 
486 0.026091 
487 0.032455 
488 0.057948 
489 0.001795 
490 -0.007899 
491 -0.059848 
492 -0.037880 
493 -0.048320 
494 0.007254 
495 0.002452 
496 0.055362 
497 0.031947 
498 0.044407 
499 -0.023046 
500 -0.013385 
501 -0.043356 
502 -0.017875 
503 -0.052468 
504 -0.006979 
505 -0.021804 
506 0.015052 
507 0.020126 
508 0.053314 
509 0.052445 
510 0.029395 
511 -0.008402 
512 -0.036996 
513 -0.089092 
514 -0.064712 
515 -0.065232 
516 0.016392 
517 0.033573 
518 0.092497 
519 0.087643 
520 0.038363 
521 0.021298 
522 -0.075841 
523 -0.048797 
524 -0.134165 
525 -0.034715 
526 -0.048986 
527 0.061219 
528 0.043857 
529 0.080016 
530 0.047402 
531 0.017785 
532 -0.010985 
533 -0.039748 
534 -0.043292 
535 -0.012580 
536 -0.026169 
537 0.009612 
538 -0.024441 
539 0.012739 
540 0.010860 
541 0.012282 
542 0.029277 
543 -0.003913 
544 0.022135 
545 -0.022691 
546 0.012309 
547 -0.043628 
548 0.001185 
549 -0.027597 
550 0.029440 
551 -0.000945 
552 0.032980 
553 -0.009888 
554 -0.004630 
555 -0.032912 
556 -0.015149 
557 -0.000612 
558 0.016743 
559 0.072724 
560 0.052043 
561 0.062158 
562 -0.021640 
563 -0.054635 
564 -0.094375 
565 -0.076928 
566 -0.007494 
567 -0.001624 
568 0.071054 
569 0.072975 
570 0.109117 
571 0.049797 
572 -0.006163 
573 -0.041968 
574 -0.101420 
575 -0.055455 
576 -0.069712 
577 0.033413 
578 0.009057 
579 0.096885 
580 0.045643 
581 0.067793 
582 0.002756 
583 0.000325 
584 -0.034559 
585 -0.048738 
586 -0.053447 
587 -0.025097 
588 -0.025466 
589 0.034843 
590 0.029592 
591 0.060574 
592 0.044973 
593 0.020541 
594 0.010855 
595 -0.037482 
596 -0.002731 
597 -0.055409 
598 -0.009479 
599 -0.044062 
600 0.038603 
601 0.002627 
602 0.064710 
603 0.029244 
604 0.049479 
605 -0.021986 
606 -0.006042 
607 -0.064782 
608 0.002581 
609 -0.035928 
610 0.043480 
611 -0.003854 
612 0.052678 
613 0.011591 
614 0.023567 
615 -0.044792 
616 -0.022311 
617 -0.049116 
618 0.034232 
619 -0.001955 
620 0.093607 
621 -0.008404 
622 0.075384 
623 -0.060969 
624 -0.007373 
625 -0.116980 
626 -0.041371 
627 -0.049847 
628 0.027526 
629 0.055751 
630 0.081532 
631 0.078537 
632 0.040234 
633 0.002264 
634 -0.050367 
635 -0.081576 
636 -0.100669 
637 -0.044644 
638 -0.036258 
639 0.066584 
640 0.008627 
641 0.094153 
642 0.008472 
643 0.077881 
644 -0.016706 
645 0.009098 
646 -0.072491 
647 -0.035265 
648 -0.079542 
649 -0.026130 
650 -0.042364 
651 0.041295 
652 0.037334 
653 0.101406 
654 0.036920 
655 0.049374 
656 -0.038098 
657 -0.029294 
658 -0.064302 
659 -0.049016 
660 -0.016864 
661 0.002142 
662 0.038622 
663 0.025093 
664 0.006901 
665 -0.002899 
666 -0.038425 
667 -0.019225 
668 -0.016762 
669 0.021678 
670 0.036553 
671 0.026563 
672 0.040140 
673 -0.030388 
674 -0.006079 
675 -0.082664 
676 -0.024838 
677 -0.049953 
678 0.033632 
679 0.017512 
680 0.073378 
681 0.020958 
682 0.041379 
683 -0.034950 
684 -0.011524 
685 -0.054569 
686 0.003603 
687 -0.047239 
688 0.012884 
689 -0.051468 
690 0.010873 
691 -0.013727 
692 0.037346 
693 0.029761 
694 0.052854 
695 0.052781 
696 0.015758 
697 -0.023015 
698 -0.081372 
699 -0.064834 
700 -0.069338 
701 0.005686 
702 0.029590 
703 0.089802 
704 0.067694 
705 0.084558 
706 -0.006466 
707 -0.027652 
708 -0.101125 
709 -0.068134 
710 -0.076343 
711 0.024795 
712 0.014637 
713 0.106639 
714 0.021975 
715 0.085668 
716 -0.051621 
717 0.018668 
718 -0.118058 
719 0.014669 
720 -0.085536 
721 0.077025 
722 -0.025090 
723 0.059829 
724 -0.005929 
725 0.019839 
726 0.002751 
727 -0.023089 
728 0.001197 
729 -0.019361 
730 0.024234 
731 0.010769 
732 0.017915 
733 -0.003640 
734 -0.001830 
735 -0.023457 
736 -0.021797 
737 -0.037866 
738 0.012308 
739 -0.018112 
740 0.046612 
741 -0.010768 
742 0.068484 
743 0.001167 
744 0.060908 
745 -0.002954 
746 0.003688 
747 -0.053586 
748 -0.059532 
749 -0.069317 
750 -0.041816 
751 0.003869 
752 0.051150 
753 0.078421 
754 0.085098 
755 0.072853 
756 0.022118 
757 -0.021519 
758 -0.077749 
759 -0.087830 
760 -0.075268 
761 -0.047679 
762 0.011909 
763 0.044536 
764 0.073416 
765 0.082871 
766 0.026445 
767 0.038734 
768 -0.038672 
769 -0.009095 
770 -0.100498 
771 -0.015204 
772 -0.082865 
773 0.049449 
774 -0.002624 
775 0.092530 
776 0.019394 
777 0.043824 
778 -0.011748 
779 -0.026724 
780 -0.058312 
781 -0.029617 
782 -0.015445 
783 0.018380 
784 0.004009 
785 0.041742 
786 -0.013308 
787 0.026498 
788 -0.024941 
789 -0.004509 
790 -0.025765 
791 -0.026303 
792 0.008119 
793 -0.000336 
794 0.054235 
795 0.014562 
796 0.026336 
797 -0.024342 
798 -0.028266 
799 -0.039925 
800 -0.058488 
801 -0.007489 
802 -0.004748 
803 0.061219 
804 0.036229 
805 0.054424 
806 0.015614 
807 -0.011318 
808 -0.046628 
809 -0.070022 
810 -0.058645 
811 -0.038753 
812 0.016507 
813 0.035387 
814 0.058632 
815 0.036966 
816 0.050815 
817 -0.006932 
818 -0.004170 
819 -0.054110 
820 -0.037117 
821 -0.050085 
822 -0.036040 
823 -0.002800 
824 -0.001478 
825 0.059558 
826 0.030855 
827 0.070666 
828 0.012368 
829 0.033114 
830 -0.043779 
831 -0.028748 
832 -0.079676 
833 -0.028723 
834 -0.055431 
835 0.019926 
836 0.008739 
837 0.087749 
838 0.033270 
839 0.062607 
840 -0.013859 
841 -0.016486 
842 -0.026123 
843 -0.060415 
844 0.028349 
845 -0.056902 
846 0.089073 
847 -0.030047 
848 0.070929 
849 -0.057108 
850 0.017089 
851 -0.062641 
852 0.000487 
853 -0.024701 
854 0.058428 
855 0.031666 
856 0.096973 
857 -0.007980 
858 0.027619 
859 -0.098198 
860 -0.012176 
861 -0.107425 
862 0.013399 
863 -0.033290 
864 0.084113 
865 0.010958 
866 0.089806 
867 0.010821 
868 0.041173 
869 -0.035985 
870 -0.007526 
871 -0.075024 
872 -0.034996 
873 -0.037307 
874 -0.001821 
875 0.022399 
876 0.027755 
877 0.067008 
878 0.029199 
879 0.047237 
880 -0.012344 
881 0.000222 
882 -0.089545 
883 -0.023224 
884 -0.080638 
885 0.041578 
886 -0.012909 
887 0.103032 
888 0.013096 
889 0.094115 
890 -0.024018 
891 0.024836 
892 -0.102595 
893 -0.042082 
894 -0.078470 
895 -0.003854 
896 0.018743 
897 0.042225 
898 0.072172 
899 0.020352 
900 0.026740 
901 -0.035687 
902 -0.035582 
903 -0.019381 
904 -0.013700 
905 0.029484 
906 -0.009592 
907 0.017511 
908 -0.028795 
909 -0.049279 
910 -0.007772 
911 -0.043011 
912 0.049213 
913 -0.023417 
914 0.096947 
915 -0.017546 
916 0.086788 
917 -0.052454 
918 0.038656 
919 -0.096469 
920 -0.002111 
921 -0.095028 
922 0.013398 
923 -0.037803 
924 0.075351 
925 0.020603 
926 0.072888 
927 0.022192 
928 0.027715 
929 -0.001915 
930 -0.031972 
931 -0.065571 
932 -0.076781 
933 -0.081168 
934 -0.023353 
935 0.003792 
936 0.088089 
937 0.104511 
938 0.111241 
939 0.062776 
940 -0.020754 
941 -0.037806 
942 -0.128508 
943 -0.063899 
944 -0.121772 
945 0.022361 
946 -0.007163 
947 0.126856 
948 0.035179 
949 0.106267 
950 -0.027741 
951 0.015919 
952 -0.066294 
953 -0.008305 
954 -0.054132 
955 0.017881 
956 -0.052292 
957 0.031081 
958 -0.050050 
959 0.033803 
960 -0.029000 
961 0.038494 
962 0.006624 
963 0.033427 
964 0.006225 
965 -0.014211 
966 -0.004901 
967 -0.045470 
968 0.027340 
969 -0.050919 
970 0.027074 
971 -0.066825 
972 0.064403 
973 -0.044529 
974 0.073134 
975 -0.046670 
976 0.079805 
977 -0.039753 
978 0.069928 
979 -0.015549 
980 0.038665 
981 -0.039511 
982 -0.026155 
983 -0.070142 
984 -0.040949 
985 -0.038429 
986 0.039185 
987 0.039749 
988 0.096124 
989 0.068616 
990 0.049564 
991 -0.003178 
992 -0.045790 
993 -0.079663 
994 -0.089558 
995 -0.076445 
996 -0.003586 
997 0.036816 
998 0.102446 
999 0.093174 
1000 0.072737 
1001 0.002594 
1002 -0.015054 
1003 -0.081510 
1004 -0.048843 
1005 -0.098927 
1006 0.013720 
1007 -0.016186 
1008 0.072505 
1009 0.040106 
1010 0.073840 
1011 0.028862 
1012 0.001232 
1013 -0.025573 
1014 -0.061264 
1015 -0.013185 
1016 -0.041344 
1017 0.039122 
1018 -0.005507 
1019 0.071265 
1020 0.005368 
1021 0.058678 
1022 -0.009558 
1023 0.019306 
