0 -4.043400 
1 3.713440 
2 -4.051363 
3 3.740811 
4 -4.117234 
5 3.821888 
6 -4.202417 
7 3.921207 
8 -4.273243 
9 3.988578 
10 -4.315000 
11 3.982915 
12 -4.304315 
13 3.945815 
14 -4.241647 
15 3.893396 
16 -4.175602 
17 3.863081 
18 -4.174413 
19 3.854121 
20 -4.232821 
21 3.907347 
22 -4.286887 
23 3.979424 
24 -4.318771 
25 4.030192 
26 -4.354133 
27 4.029529 
28 -4.340566 
29 4.021711 
30 -4.309501 
31 4.015941 
32 -4.299339 
33 3.978639 
34 -4.340874 
35 4.009167 
36 -4.368805 
37 4.031043 
38 -4.387928 
39 4.054791 
40 -4.378425 
41 4.049977 
42 -4.312789 
43 4.047516 
44 -4.266953 
45 3.960934 
46 -4.277298 
47 3.900904 
48 -4.280698 
49 3.936691 
50 -4.263575 
51 4.047027 
52 -4.310813 
53 4.048438 
54 -4.373498 
55 4.069015 
56 -4.364968 
57 4.065472 
58 -4.297252 
59 4.012942 
60 -4.256715 
61 3.927049 
62 -4.127518 
63 3.945856 
64 -4.121790 
65 3.816099 
66 -4.228117 
67 3.766313 
68 -4.292146 
69 3.913994 
70 -4.096148 
71 4.139179 
72 -4.100322 
73 4.137130 
74 -4.199447 
75 3.927662 
76 -4.475036 
77 3.791980 
78 -4.387666 
79 3.896807 
80 -4.162750 
81 4.058674 
82 -4.069427 
83 3.919702 
84 -4.110035 
85 3.875536 
86 -4.069394 
87 3.855955 
88 -4.101589 
89 3.856879 
90 -4.171783 
91 3.902626 
92 -4.224089 
93 3.998478 
94 -4.271322 
95 4.061806 
96 -4.279813 
97 4.035305 
98 -4.246425 
99 3.933903 
100 -4.147994 
101 3.848672 
102 -4.034935 
103 3.782331 
104 -3.993822 
105 3.736126 
106 -4.008590 
107 3.742802 
108 -4.037635 
109 3.818378 
110 -4.085444 
111 3.884787 
112 -4.129733 
113 3.918877 
114 -4.167034 
115 3.950119 
116 -4.205171 
117 4.007589 
118 -4.260065 
119 4.070139 
120 -4.320228 
121 4.121671 
122 -4.385156 
123 4.149156 
124 -4.392046 
125 4.104740 
126 -4.317312 
127 4.002205 
128 -4.168153 
129 3.867135 
130 -4.031741 
131 3.797645 
132 -3.997681 
133 3.792838 
134 -4.068243 
135 3.894900 
136 -4.212941 
137 4.048813 
138 -4.337139 
139 4.182864 
140 -4.416838 
141 4.186852 
142 -4.396206 
143 4.087765 
144 -4.286898 
145 3.960335 
146 -4.144940 
147 3.880819 
148 -4.087464 
149 3.885353 
150 -4.132420 
151 3.974182 
152 -4.240765 
153 4.107559 
154 -4.376023 
155 4.209359 
156 -4.476377 
157 4.236607 
158 -4.468995 
159 4.209468 
160 -4.390030 
161 4.157862 
162 -4.310053 
163 4.078056 
164 -4.285283 
165 4.022090 
166 -4.267043 
167 4.042087 
168 -4.245491 
169 4.102423 
170 -4.256109 
171 4.109365 
172 -4.313810 
173 4.101502 
174 -4.354772 
175 4.136073 
176 -4.389199 
177 4.222456 
178 -4.427066 
179 4.275093 
180 -4.467170 
181 4.244235 
182 -4.449705 
183 4.161309 
184 -4.332555 
185 4.074018 
186 -4.167345 
187 3.962086 
188 -4.041599 
189 3.865217 
190 -4.041915 
191 3.861153 
192 -4.140865 
193 3.970559 
194 -4.284850 
195 4.149213 
196 -4.413899 
197 4.293275 
198 -4.516704 
199 4.344485 
200 -4.545171 
201 4.300063 
202 -4.477526 
203 4.230728 
204 -4.389279 
205 4.167750 
206 -4.345898 
207 4.147922 
208 -4.337797 
209 4.171542 
210 -4.344106 
211 4.192021 
212 -4.361278 
213 4.152379 
214 -4.343581 
215 4.071828 
216 -4.262277 
217 3.996316 
218 -4.133917 
219 3.949866 
220 -4.070117 
221 3.926993 
222 -4.136835 
223 3.955027 
224 -4.232509 
225 4.084143 
226 -4.291432 
227 4.234326 
228 -4.366197 
229 4.262364 
230 -4.439429 
231 4.203360 
232 -4.424874 
233 4.137244 
234 -4.314057 
235 4.119638 
236 -4.233513 
237 4.090746 
238 -4.205008 
239 4.041619 
240 -4.236017 
241 4.037006 
242 -4.243126 
243 4.077186 
244 -4.240118 
245 4.122748 
246 -4.246642 
247 4.109326 
248 -4.259189 
249 4.079938 
250 -4.275235 
251 4.062413 
252 -4.253767 
253 4.067257 
254 -4.218778 
255 4.056727 
256 -4.186837 
257 4.033176 
258 -4.201872 
259 4.029887 
260 -4.211383 
261 4.051902 
262 -4.226031 
263 4.090717 
264 -4.234417 
265 4.100064 
266 -4.266082 
267 4.099478 
268 -4.285833 
269 4.061253 
270 -4.227840 
271 4.013532 
272 -4.151868 
273 3.951747 
274 -4.060305 
275 3.892021 
276 -4.018456 
277 3.871537 
278 -4.028600 
279 3.919313 
280 -4.106688 
281 4.029600 
282 -4.246037 
283 4.163382 
284 -4.402353 
285 4.272668 
286 -4.501796 
287 4.340738 
288 -4.521013 
289 4.323840 
290 -4.455698 
291 4.240997 
292 -4.310421 
293 4.099297 
294 -4.150399 
295 3.971174 
296 -4.039640 
297 3.874678 
298 -4.010830 
299 3.849963 
300 -4.039860 
301 3.896754 
302 -4.103790 
303 4.005238 
304 -4.201079 
305 4.101574 
306 -4.294596 
307 4.164208 
308 -4.357211 
309 4.219497 
310 -4.394122 
311 4.238096 
312 -4.379499 
313 4.235004 
314 -4.354485 
315 4.197667 
316 -4.325241 
317 4.157434 
318 -4.317884 
319 4.146324 
320 -4.317881 
321 4.149640 
322 -4.331845 
323 4.171950 
324 -4.352640 
325 4.191588 
326 -4.360555 
327 4.192804 
328 -4.345068 
329 4.171513 
330 -4.289311 
331 4.124031 
332 -4.235293 
333 4.068634 
334 -4.195539 
335 4.036992 
336 -4.196158 
337 4.029847 
338 -4.212736 
339 4.061645 
340 -4.261675 
341 4.123354 
342 -4.291776 
343 4.172991 
344 -4.311177 
345 4.171358 
346 -4.306317 
347 4.130181 
348 -4.271232 
349 4.082798 
350 -4.213790 
351 4.056774 
352 -4.176210 
353 4.042007 
354 -4.189892 
355 4.051740 
356 -4.230971 
357 4.056599 
358 -4.251883 
359 4.068087 
360 -4.225089 
361 4.058475 
362 -4.168278 
363 4.020883 
364 -4.119450 
365 3.963728 
366 -4.111485 
367 3.928406 
368 -4.120684 
369 3.957173 
370 -4.155538 
371 4.033136 
372 -4.201464 
373 4.089171 
374 -4.237908 
375 4.069358 
376 -4.239308 
377 4.012344 
378 -4.189877 
379 3.943823 
380 -4.085559 
381 3.898165 
382 -4.008457 
383 3.854511 
384 -3.996289 
385 3.867652 
386 -4.058647 
387 3.908972 
388 -4.131398 
389 3.971712 
390 -4.189718 
391 4.042315 
392 -4.210186 
393 4.069556 
394 -4.236207 
395 4.072997 
396 -4.250093 
397 4.059216 
398 -4.259726 
399 4.064896 
400 -4.258862 
401 4.073554 
402 -4.243577 
403 4.067444 
404 -4.216933 
405 4.018026 
406 -4.161236 
407 3.977939 
408 -4.121733 
409 3.944812 
410 -4.120298 
411 3.955373 
412 -4.180595 
413 4.019557 
414 -4.279206 
415 4.117032 
416 -4.376802 
417 4.211820 
418 -4.397228 
419 4.237111 
420 -4.345575 
421 4.162362 
422 -4.277119 
423 4.034442 
424 -4.199319 
425 3.931705 
426 -4.159568 
427 3.946166 
428 -4.177883 
429 4.049955 
430 -4.271305 
431 4.189054 
432 -4.413917 
433 4.271160 
434 -4.507710 
435 4.295634 
436 -4.514647 
437 4.256238 
438 -4.422599 
439 4.178956 
440 -4.298804 
441 4.101965 
442 -4.214334 
443 4.023896 
444 -4.225036 
445 4.018652 
446 -4.259567 
447 4.077357 
448 -4.291430 
449 4.131091 
450 -4.325802 
451 4.136835 
452 -4.349345 
453 4.132752 
454 -4.351480 
455 4.131485 
456 -4.301855 
457 4.132179 
458 -4.265784 
459 4.126185 
460 -4.260665 
461 4.083701 
462 -4.260913 
463 4.050095 
464 -4.246751 
465 4.016401 
466 -4.215983 
467 4.005334 
468 -4.195518 
469 4.017329 
470 -4.202410 
471 4.038810 
472 -4.222747 
473 4.082459 
474 -4.264986 
475 4.105481 
476 -4.299669 
477 4.123782 
478 -4.300482 
479 4.101215 
480 -4.256672 
481 4.046538 
482 -4.214513 
483 4.002415 
484 -4.177293 
485 3.967668 
486 -4.179965 
487 3.956575 
488 -4.182286 
489 3.996176 
490 -4.182157 
491 4.024898 
492 -4.194643 
493 3.996918 
494 -4.167189 
495 3.967573 
496 -4.126264 
497 3.921560 
498 -4.089324 
499 3.887717 
500 -4.101359 
501 3.905646 
502 -4.130912 
503 3.954947 
504 -4.194999 
505 4.042592 
506 -4.232553 
507 4.096681 
508 -4.259174 
509 4.087126 
510 -4.248698 
511 4.033463 
512 -4.191984 
513 3.985626 
514 -4.131285 
515 3.951821 
516 -4.103662 
517 3.947632 
518 -4.131401 
519 3.984723 
520 -4.204883 
521 4.054746 
522 -4.279292 
523 4.124788 
524 -4.306287 
525 4.147071 
526 -4.302852 
527 4.123200 
528 -4.246810 
529 4.048488 
530 -4.165521 
531 3.960218 
532 -4.077691 
533 3.885054 
534 -4.036235 
535 3.867755 
536 -4.046532 
537 3.895327 
538 -4.115438 
539 3.963068 
540 -4.206899 
541 4.053267 
542 -4.287058 
543 4.150051 
544 -4.328807 
545 4.200427 
546 -4.344836 
547 4.173144 
548 -4.321527 
549 4.115579 
550 -4.248827 
551 4.053531 
552 -4.189454 
553 3.988301 
554 -4.152995 
555 3.958254 
556 -4.153979 
557 4.006140 
558 -4.204692 
559 4.083232 
560 -4.291109 
561 4.164916 
562 -4.378486 
563 4.210238 
564 -4.422904 
565 4.225395 
566 -4.372867 
567 4.189026 
568 -4.273954 
569 4.081761 
570 -4.180415 
571 3.966702 
572 -4.107144 
573 3.902342 
574 -4.079757 
575 3.907564 
576 -4.118530 
577 3.962937 
578 -4.199609 
579 4.040245 
580 -4.279263 
581 4.130045 
582 -4.318781 
583 4.191469 
584 -4.322314 
585 4.188198 
586 -4.327360 
587 4.138002 
588 -4.323329 
589 4.088347 
590 -4.293719 
591 4.064809 
592 -4.243385 
593 4.065850 
594 -4.215479 
595 4.064709 
596 -4.236891 
597 4.037834 
598 -4.254037 
599 4.042980 
600 -4.243340 
601 4.070613 
602 -4.229777 
603 4.085826 
604 -4.238869 
605 4.060053 
606 -4.242467 
607 4.016905 
608 -4.221790 
609 3.984586 
610 -4.158828 
611 3.962342 
612 -4.119014 
613 3.925110 
614 -4.132342 
615 3.920682 
616 -4.149582 
617 3.987354 
618 -4.179254 
619 4.064657 
620 -4.227858 
621 4.079599 
622 -4.262969 
623 4.051748 
624 -4.230354 
625 3.987017 
626 -4.147969 
627 3.918309 
628 -4.066169 
629 3.857942 
630 -4.033948 
631 3.857597 
632 -4.082786 
633 3.932059 
634 -4.156186 
635 4.025260 
636 -4.222737 
637 4.088189 
638 -4.245133 
639 4.061507 
640 -4.208935 
641 3.980451 
642 -4.127778 
643 3.874022 
644 -4.042445 
645 3.831873 
646 -4.019614 
647 3.847841 
648 -4.068632 
649 3.923958 
650 -4.180810 
651 4.007323 
652 -4.253478 
653 4.077867 
654 -4.258264 
655 4.081517 
656 -4.209141 
657 3.995931 
658 -4.138188 
659 3.897262 
660 -4.070199 
661 3.835953 
662 -4.047898 
663 3.845345 
664 -4.096497 
665 3.904520 
666 -4.156748 
667 4.002134 
668 -4.234185 
669 4.099357 
670 -4.308781 
671 4.149160 
672 -4.362662 
673 4.160664 
674 -4.371151 
675 4.167720 
676 -4.334669 
677 4.157220 
678 -4.309837 
679 4.096425 
680 -4.284119 
681 4.009714 
682 -4.233608 
683 3.978827 
684 -4.143468 
685 3.981183 
686 -4.125434 
687 3.993226 
688 -4.194374 
689 4.031846 
690 -4.306351 
691 4.141859 
692 -4.385754 
693 4.250146 
694 -4.424415 
695 4.281009 
696 -4.419493 
697 4.192120 
698 -4.350224 
699 4.053923 
700 -4.240009 
701 3.958501 
702 -4.127282 
703 3.936984 
704 -4.105541 
705 3.987672 
706 -4.197436 
707 4.087934 
708 -4.343004 
709 4.200616 
710 -4.448942 
711 4.277493 
712 -4.462681 
713 4.274434 
714 -4.415024 
715 4.190441 
716 -4.324800 
717 4.069962 
718 -4.226974 
719 3.980472 
720 -4.164736 
721 3.929680 
722 -4.134523 
723 3.928466 
724 -4.123091 
725 3.954161 
726 -4.125966 
727 3.987233 
728 -4.150782 
729 3.985515 
730 -4.211454 
731 3.985507 
732 -4.252915 
733 4.039454 
734 -4.233734 
735 4.094465 
736 -4.238188 
737 4.071633 
738 -4.263837 
739 3.993779 
740 -4.219005 
741 3.951479 
742 -4.114809 
743 3.936769 
744 -4.040920 
745 3.926163 
746 -4.077057 
747 3.899328 
748 -4.148026 
749 3.930035 
750 -4.193164 
751 4.015860 
752 -4.179198 
753 4.044486 
754 -4.175552 
755 3.986125 
756 -4.158689 
757 3.900406 
758 -4.109373 
759 3.873797 
760 -4.065756 
761 3.886778 
762 -4.066207 
763 3.936936 
764 -4.125404 
765 3.975215 
766 -4.182851 
767 3.998219 
768 -4.206463 
769 3.990973 
770 -4.144298 
771 3.929125 
772 -4.078294 
773 3.843303 
774 -4.024415 
775 3.786552 
776 -4.015075 
777 3.825887 
778 -4.047308 
779 3.916861 
780 -4.133145 
781 4.033017 
782 -4.238430 
783 4.091273 
784 -4.295388 
785 4.080206 
786 -4.292927 
787 4.023877 
788 -4.212396 
789 3.956236 
790 -4.137752 
791 3.892056 
792 -4.091556 
793 3.874084 
794 -4.092649 
795 3.919696 
796 -4.135943 
797 3.989554 
798 -4.199706 
799 4.059273 
800 -4.264434 
801 4.104999 
802 -4.309055 
803 4.108502 
804 -4.330830 
805 4.098048 
806 -4.308608 
807 4.054482 
808 -4.261624 
809 4.005103 
810 -4.191838 
811 3.948453 
812 -4.128448 
813 3.915646 
814 -4.096514 
815 3.888084 
816 -4.112869 
817 3.930494 
818 -4.194445 
819 4.034090 
820 -4.314942 
821 4.149284 
822 -4.417551 
823 4.230923 
824 -4.471643 
825 4.225534 
826 -4.450694 
827 4.151586 
828 -4.343943 
829 4.034835 
830 -4.204499 
831 3.926199 
832 -4.110845 
833 3.872491 
834 -4.111765 
835 3.914019 
836 -4.194865 
837 4.033131 
838 -4.319258 
839 4.155527 
840 -4.434986 
841 4.200161 
842 -4.472672 
843 4.156968 
844 -4.378864 
845 4.040859 
846 -4.220321 
847 3.910297 
848 -4.062904 
849 3.811358 
850 -4.005502 
851 3.770264 
852 -4.020081 
853 3.802952 
854 -4.104188 
855 3.900272 
856 -4.207220 
857 3.992477 
858 -4.279589 
859 4.052895 
860 -4.300447 
861 4.072051 
862 -4.293432 
863 4.037524 
864 -4.294444 
865 4.013968 
866 -4.281338 
867 3.993177 
868 -4.238276 
869 3.984781 
870 -4.194380 
871 3.931246 
872 -4.151054 
873 3.865127 
874 -4.107187 
875 3.801084 
876 -4.076780 
877 3.812100 
878 -4.084497 
879 3.884547 
880 -4.179160 
881 3.968959 
882 -4.302627 
883 4.026265 
884 -4.378320 
885 4.057148 
886 -4.352680 
887 4.046531 
888 -4.254285 
889 3.955589 
890 -4.137626 
891 3.850176 
892 -4.093019 
893 3.790483 
894 -4.126899 
895 3.829088 
896 -4.209046 
897 3.928730 
898 -4.279523 
899 4.029311 
900 -4.322325 
901 4.053246 
902 -4.316919 
903 3.972864 
904 -4.242159 
905 3.882759 
906 -4.153162 
907 3.847798 
908 -4.131837 
909 3.903192 
910 -4.220093 
911 4.028330 
912 -4.369107 
913 4.147247 
914 -4.486154 
915 4.197637 
916 -4.484943 
917 4.147703 
918 -4.402127 
919 4.005758 
920 -4.245167 
921 3.875899 
922 -4.113428 
923 3.830930 
924 -4.097920 
925 3.868398 
926 -4.195482 
927 3.997267 
928 -4.335780 
929 4.123574 
930 -4.464256 
931 4.179755 
932 -4.518179 
933 4.144848 
934 -4.429617 
935 4.067227 
936 -4.283865 
937 3.972512 
938 -4.188605 
939 3.900253 
940 -4.187902 
941 3.884055 
942 -4.264582 
943 3.951854 
944 -4.330490 
945 4.074330 
946 -4.404210 
947 4.180436 
948 -4.471735 
949 4.216046 
950 -4.517574 
951 4.199693 
952 -4.536780 
953 4.163629 
954 -4.519499 
955 4.155828 
956 -4.437514 
957 4.120631 
958 -4.366803 
959 4.036299 
960 -4.314112 
961 3.973032 
962 -4.266764 
963 3.950141 
964 -4.259707 
965 3.996928 
966 -4.313987 
967 4.084288 
968 -4.465444 
969 4.187954 
970 -4.612081 
971 4.271662 
972 -4.657055 
973 4.297489 
974 -4.593757 
975 4.225507 
976 -4.436504 
977 4.065343 
978 -4.258173 
979 3.883016 
980 -4.145894 
981 3.776012 
982 -4.111358 
983 3.799508 
984 -4.193854 
985 3.907461 
986 -4.315085 
987 4.061191 
988 -4.435877 
989 4.135814 
990 -4.493437 
991 4.144021 
992 -4.470208 
993 4.093956 
994 -4.363283 
995 3.989520 
996 -4.268120 
997 3.897519 
998 -4.192217 
999 3.863232 
1000 -4.156171 
1001 3.848274 
1002 -4.156664 
1003 3.826820 
1004 -4.155221 
1005 3.815753 
1006 -4.157316 
1007 3.794970 
1008 -4.152655 
1009 3.792719 
1010 -4.139435 
1011 3.818126 
1012 -4.135693 
1013 3.857581 
1014 -4.167638 
1015 3.888369 
1016 -4.201132 
1017 3.862052 
1018 -4.228833 
1019 3.826410 
1020 -4.165680 
1021 3.786278 
1022 -4.089701 
1023 3.752265 
