0 0.041634 
1 0.021374 
2 -0.045120 
3 -0.098585 
4 0.053570 
5 0.053619 
6 0.025293 
7 -0.038722 
8 0.055654 
9 0.053694 
10 0.010304 
11 -0.050452 
12 -0.013932 
13 -0.024424 
14 0.001434 
15 -0.037564 
16 0.023175 
17 0.044767 
18 0.064467 
19 -0.004433 
20 -0.015563 
21 -0.012075 
22 0.025435 
23 -0.027576 
24 -0.034927 
25 -0.009895 
26 0.073117 
27 -0.010060 
28 -0.035864 
29 -0.012743 
30 0.115805 
31 0.027031 
32 -0.060595 
33 -0.036655 
34 0.072611 
35 0.038013 
36 -0.052862 
37 -0.048693 
38 0.060323 
39 0.042922 
40 -0.049490 
41 -0.051651 
42 0.039096 
43 0.091475 
44 0.006359 
45 -0.066647 
46 -0.017433 
47 0.088489 
48 0.041791 
49 -0.078323 
50 -0.102451 
51 0.041387 
52 0.108252 
53 -0.002907 
54 -0.070824 
55 0.023462 
56 0.122043 
57 0.016214 
58 -0.115461 
59 -0.006820 
60 0.089275 
61 0.047711 
62 -0.148162 
63 -0.057275 
64 0.062699 
65 0.065565 
66 -0.085165 
67 -0.029387 
68 0.066366 
69 0.096604 
70 -0.026563 
71 -0.022234 
72 0.020324 
73 0.052801 
74 -0.020204 
75 -0.068169 
76 -0.069026 
77 0.015321 
78 0.050928 
79 0.020585 
80 -0.003536 
81 0.021434 
82 0.086239 
83 -0.023312 
84 -0.071744 
85 -0.027708 
86 0.063539 
87 -0.056878 
88 -0.116510 
89 -0.032813 
90 0.134213 
91 0.025882 
92 -0.021801 
93 0.018203 
94 0.142795 
95 -0.007298 
96 -0.093056 
97 -0.097991 
98 0.060981 
99 -0.013997 
100 -0.061243 
101 -0.101291 
102 0.044271 
103 0.049694 
104 0.048039 
105 -0.029267 
106 0.034470 
107 0.012670 
108 0.011689 
109 -0.050241 
110 0.013731 
111 0.025027 
112 0.032558 
113 -0.067385 
114 -0.011417 
115 0.023435 
116 0.052988 
117 -0.075736 
118 -0.049163 
119 0.010489 
120 0.072650 
121 -0.037014 
122 -0.017997 
123 0.018508 
124 0.070883 
125 -0.077007 
126 -0.051455 
127 -0.008724 
128 0.087012 
129 -0.028185 
130 -0.024024 
131 -0.033885 
132 0.073438 
133 -0.016731 
134 -0.029197 
135 -0.054687 
136 0.044944 
137 0.017693 
138 0.003687 
139 -0.065293 
140 0.049626 
141 0.034337 
142 0.015474 
143 -0.104188 
144 -0.022252 
145 0.021117 
146 0.037216 
147 -0.065074 
148 -0.011787 
149 0.041056 
150 0.064823 
151 -0.063460 
152 -0.034419 
153 0.038468 
154 0.074152 
155 -0.063579 
156 -0.063450 
157 0.009633 
158 0.051091 
159 -0.063904 
160 -0.070239 
161 0.020658 
162 0.065626 
163 -0.006959 
164 -0.056974 
165 0.012685 
166 0.053228 
167 0.015995 
168 -0.077318 
169 -0.031231 
170 0.021044 
171 0.061817 
172 -0.017510 
173 -0.019413 
174 -0.000977 
175 0.040483 
176 -0.043174 
177 -0.050691 
178 -0.022195 
179 0.071475 
180 -0.007239 
181 -0.070335 
182 -0.021094 
183 0.091758 
184 0.044874 
185 -0.069097 
186 -0.051507 
187 0.071841 
188 0.058733 
189 -0.054603 
190 -0.060118 
191 0.038296 
192 0.061193 
193 -0.037875 
194 -0.086043 
195 0.005053 
196 0.067132 
197 0.014845 
198 -0.055900 
199 -0.023514 
200 0.070074 
201 0.057845 
202 -0.037977 
203 -0.070577 
204 0.026502 
205 0.078069 
206 0.010692 
207 -0.081608 
208 -0.016552 
209 0.057867 
210 0.026550 
211 -0.092137 
212 -0.026811 
213 0.062042 
214 0.070074 
215 -0.058970 
216 -0.017740 
217 0.044605 
218 0.081007 
219 -0.068978 
220 -0.056376 
221 0.000917 
222 0.082072 
223 -0.030444 
224 -0.022975 
225 0.010540 
226 0.068189 
227 -0.020538 
228 -0.044562 
229 -0.010495 
230 0.058820 
231 0.000073 
232 -0.003777 
233 -0.030688 
234 0.061498 
235 0.016759 
236 -0.003578 
237 -0.044653 
238 0.020019 
239 0.017477 
240 0.006574 
241 -0.037801 
242 0.019750 
243 0.028487 
244 0.003589 
245 -0.058608 
246 0.016700 
247 0.049797 
248 0.032264 
249 -0.077008 
250 0.001868 
251 0.037178 
252 0.051213 
253 -0.066560 
254 -0.001958 
255 0.013095 
256 0.053314 
257 -0.065806 
258 -0.004786 
259 0.009508 
260 0.075234 
261 -0.041985 
262 -0.035963 
263 -0.042464 
264 0.066304 
265 -0.007107 
266 0.012032 
267 -0.030234 
268 0.072964 
269 0.005311 
270 -0.002841 
271 -0.071319 
272 0.037050 
273 0.012919 
274 -0.000374 
275 -0.080678 
276 0.012555 
277 0.046471 
278 0.019611 
279 -0.051294 
280 0.007108 
281 0.047715 
282 0.011143 
283 -0.069065 
284 -0.000009 
285 0.049410 
286 0.022792 
287 -0.062854 
288 -0.034208 
289 0.031400 
290 0.034368 
291 -0.044293 
292 -0.027052 
293 0.009956 
294 0.041379 
295 -0.033514 
296 -0.038250 
297 0.003354 
298 0.055870 
299 0.001118 
300 -0.047230 
301 -0.012238 
302 0.039705 
303 0.033194 
304 -0.065687 
305 -0.041924 
306 0.018234 
307 0.029720 
308 -0.043519 
309 -0.059260 
310 0.033320 
311 0.076211 
312 -0.013955 
313 -0.087082 
314 -0.005413 
315 0.076896 
316 0.006660 
317 -0.090950 
318 -0.021879 
319 0.064453 
320 0.026424 
321 -0.063719 
322 -0.028219 
323 0.049581 
324 0.021170 
325 -0.060521 
326 -0.076453 
327 0.025240 
328 0.036659 
329 0.002549 
330 -0.052657 
331 -0.006786 
332 0.042684 
333 0.022218 
334 -0.021330 
335 -0.026291 
336 0.039390 
337 0.023466 
338 -0.061515 
339 -0.082094 
340 0.018870 
341 0.051247 
342 -0.024021 
343 -0.071278 
344 0.042234 
345 0.075825 
346 0.002309 
347 -0.080067 
348 0.007867 
349 0.042075 
350 -0.001655 
351 -0.084203 
352 0.015152 
353 0.047759 
354 0.020591 
355 -0.072443 
356 -0.001017 
357 0.002266 
358 0.052826 
359 -0.050071 
360 -0.010516 
361 -0.016945 
362 0.066313 
363 -0.001459 
364 -0.017420 
365 -0.053748 
366 0.065235 
367 -0.000161 
368 -0.014111 
369 -0.076628 
370 0.085032 
371 0.026717 
372 0.002673 
373 -0.092987 
374 0.054011 
375 0.017278 
376 -0.009866 
377 -0.088982 
378 0.061889 
379 0.057094 
380 0.022635 
381 -0.092086 
382 0.024990 
383 0.018703 
384 0.039102 
385 -0.063573 
386 0.021930 
387 0.021651 
388 0.049531 
389 -0.048724 
390 -0.021455 
391 -0.011855 
392 0.047107 
393 -0.033042 
394 -0.005746 
395 -0.001836 
396 0.074674 
397 0.008044 
398 0.005739 
399 -0.017740 
400 0.027492 
401 -0.025445 
402 -0.030816 
403 0.001029 
404 0.054810 
405 0.024058 
406 -0.034570 
407 -0.032446 
408 0.046095 
409 0.036798 
410 -0.024160 
411 -0.036394 
412 0.023933 
413 0.070091 
414 -0.005000 
415 -0.025494 
416 0.006189 
417 0.038417 
418 -0.016691 
419 -0.057090 
420 0.010974 
421 0.063036 
422 0.021093 
423 -0.047315 
424 -0.009888 
425 0.045721 
426 0.028548 
427 -0.030276 
428 -0.007986 
429 0.043931 
430 0.045468 
431 -0.028218 
432 -0.024773 
433 0.000181 
434 0.039368 
435 -0.008208 
436 -0.037192 
437 -0.004196 
438 0.074517 
439 0.047719 
440 -0.042952 
441 -0.052799 
442 0.041736 
443 0.040260 
444 -0.033131 
445 -0.043741 
446 0.055996 
447 0.080442 
448 -0.006254 
449 -0.053813 
450 0.004688 
451 0.046051 
452 -0.024223 
453 -0.060799 
454 -0.008380 
455 0.063595 
456 0.027003 
457 -0.034075 
458 -0.035680 
459 0.028027 
460 0.059218 
461 0.017249 
462 -0.045741 
463 0.015706 
464 0.045510 
465 0.017302 
466 -0.063918 
467 -0.023911 
468 0.046628 
469 -0.003206 
470 -0.051718 
471 -0.017061 
472 0.096450 
473 0.039323 
474 -0.045667 
475 -0.068804 
476 0.056484 
477 0.019737 
478 -0.027903 
479 -0.050113 
480 0.079566 
481 0.033039 
482 -0.001684 
483 -0.069623 
484 0.036688 
485 -0.007824 
486 0.000047 
487 -0.067371 
488 0.027511 
489 0.030088 
490 0.066360 
491 -0.061979 
492 -0.014267 
493 -0.015050 
494 0.067916 
495 -0.058370 
496 -0.024314 
497 0.004851 
498 0.119674 
499 -0.029837 
500 -0.063980 
501 -0.060233 
502 0.101398 
503 -0.018451 
504 -0.051773 
505 -0.067017 
506 0.122341 
507 0.016350 
508 -0.035110 
509 -0.084189 
510 0.090328 
511 0.011706 
512 -0.024010 
513 -0.074889 
514 0.057149 
515 0.025632 
516 0.000884 
517 -0.069698 
518 0.003760 
519 -0.020535 
520 0.011646 
521 -0.034486 
522 0.020744 
523 0.024692 
524 0.064311 
525 -0.017293 
526 -0.038101 
527 -0.050425 
528 0.031236 
529 -0.010447 
530 -0.031106 
531 -0.024131 
532 0.051155 
533 0.022001 
534 -0.031566 
535 -0.026756 
536 0.033845 
537 0.003199 
538 -0.059922 
539 -0.025489 
540 0.059256 
541 0.028907 
542 -0.041826 
543 -0.036619 
544 0.045479 
545 0.015577 
546 -0.031043 
547 -0.023696 
548 0.047529 
549 0.006153 
550 -0.039155 
551 -0.059681 
552 0.025846 
553 0.016582 
554 -0.019587 
555 -0.049947 
556 0.032437 
557 0.065732 
558 0.013523 
559 -0.039174 
560 -0.012653 
561 0.034089 
562 0.003992 
563 -0.054011 
564 -0.048150 
565 0.042127 
566 0.046285 
567 -0.025267 
568 -0.071781 
569 -0.000284 
570 0.059006 
571 -0.001317 
572 -0.051846 
573 0.001179 
574 0.069849 
575 0.025407 
576 -0.069655 
577 -0.052692 
578 0.053010 
579 0.046636 
580 -0.045613 
581 -0.064581 
582 0.032914 
583 0.061527 
584 -0.018029 
585 -0.069353 
586 0.004927 
587 0.039424 
588 -0.004325 
589 -0.065681 
590 0.013544 
591 0.053735 
592 0.036921 
593 -0.047695 
594 -0.017793 
595 0.031310 
596 0.042383 
597 -0.038230 
598 -0.045116 
599 0.005912 
600 0.038942 
601 -0.032950 
602 -0.052576 
603 -0.007090 
604 0.063107 
605 -0.004986 
606 -0.017684 
607 0.019978 
608 0.090816 
609 -0.006906 
610 -0.044035 
611 -0.053538 
612 0.030480 
613 -0.041166 
614 -0.028856 
615 -0.028892 
616 0.069071 
617 0.029931 
618 -0.003122 
619 -0.055749 
620 0.030907 
621 0.030097 
622 0.017329 
623 -0.078670 
624 -0.005404 
625 0.047864 
626 0.063629 
627 -0.071621 
628 -0.040913 
629 0.036345 
630 0.077102 
631 -0.070325 
632 -0.080237 
633 0.026182 
634 0.107868 
635 -0.037638 
636 -0.074270 
637 -0.012833 
638 0.102779 
639 -0.030946 
640 -0.052556 
641 -0.017788 
642 0.107649 
643 0.011256 
644 -0.044652 
645 -0.064831 
646 0.048162 
647 0.007481 
648 -0.016079 
649 -0.079279 
650 0.025783 
651 0.038674 
652 0.049313 
653 -0.059437 
654 0.003491 
655 0.036194 
656 0.047889 
657 -0.087613 
658 -0.041375 
659 0.028574 
660 0.082448 
661 -0.045418 
662 -0.050477 
663 -0.003655 
664 0.077774 
665 -0.036888 
666 -0.058589 
667 -0.003471 
668 0.068901 
669 -0.018014 
670 -0.049293 
671 0.015240 
672 0.079148 
673 -0.011588 
674 -0.058136 
675 -0.016422 
676 0.051784 
677 0.002040 
678 -0.043836 
679 -0.022254 
680 0.023492 
681 0.003461 
682 -0.031852 
683 -0.010661 
684 0.024255 
685 0.007857 
686 -0.021227 
687 -0.014588 
688 0.011494 
689 0.027055 
690 -0.000545 
691 -0.012531 
692 -0.018256 
693 0.044326 
694 0.012898 
695 -0.026471 
696 -0.045130 
697 0.032692 
698 0.019450 
699 -0.054765 
700 -0.074341 
701 0.034612 
702 0.075801 
703 -0.001683 
704 -0.056757 
705 0.030221 
706 0.077373 
707 -0.002588 
708 -0.066600 
709 -0.015148 
710 0.064315 
711 -0.013268 
712 -0.051680 
713 -0.059363 
714 0.035200 
715 -0.002535 
716 -0.010723 
717 -0.033251 
718 0.052647 
719 0.059081 
720 0.010875 
721 -0.053437 
722 0.001177 
723 0.029522 
724 0.014102 
725 -0.071417 
726 -0.029864 
727 0.031579 
728 0.046804 
729 -0.035158 
730 -0.029516 
731 0.026911 
732 0.037053 
733 -0.055658 
734 -0.029922 
735 0.052484 
736 0.066470 
737 -0.031190 
738 -0.042574 
739 0.030038 
740 0.053692 
741 -0.026084 
742 -0.077234 
743 -0.014549 
744 0.081952 
745 0.034098 
746 -0.037851 
747 -0.020291 
748 0.064998 
749 0.005487 
750 -0.078333 
751 -0.061321 
752 0.065091 
753 0.067187 
754 -0.003805 
755 -0.043475 
756 0.050746 
757 0.057789 
758 0.003277 
759 -0.097390 
760 0.005548 
761 0.029038 
762 0.027783 
763 -0.083039 
764 -0.001689 
765 0.048189 
766 0.080914 
767 -0.058637 
768 -0.026292 
769 0.031591 
770 0.109848 
771 -0.029978 
772 -0.052785 
773 -0.033965 
774 0.076441 
775 -0.046241 
776 -0.050146 
777 -0.032231 
778 0.116818 
779 0.039896 
780 0.000109 
781 -0.034352 
782 0.078843 
783 0.001076 
784 -0.060715 
785 -0.097919 
786 0.053505 
787 0.056623 
788 0.035762 
789 -0.049843 
790 0.033365 
791 0.066805 
792 0.041501 
793 -0.066980 
794 -0.025897 
795 0.037666 
796 0.047971 
797 -0.053792 
798 -0.018365 
799 0.034172 
800 0.049233 
801 -0.060974 
802 -0.035249 
803 0.063835 
804 0.095932 
805 -0.000376 
806 -0.055797 
807 0.026281 
808 0.060238 
809 -0.004678 
810 -0.080211 
811 -0.027101 
812 0.032005 
813 0.040044 
814 -0.044532 
815 -0.024716 
816 0.040589 
817 0.087749 
818 -0.004157 
819 -0.042003 
820 0.033511 
821 0.103504 
822 -0.003100 
823 -0.092949 
824 -0.037953 
825 0.044396 
826 -0.010888 
827 -0.073521 
828 0.003474 
829 0.118798 
830 0.073105 
831 -0.049548 
832 -0.025313 
833 0.056133 
834 0.034284 
835 -0.086930 
836 -0.068486 
837 0.025750 
838 0.062085 
839 0.001617 
840 -0.005038 
841 0.020255 
842 0.042181 
843 -0.010413 
844 -0.037171 
845 -0.033185 
846 0.017045 
847 0.011261 
848 -0.018044 
849 -0.029204 
850 0.009815 
851 0.032481 
852 0.001269 
853 -0.029699 
854 0.017757 
855 0.077089 
856 0.026536 
857 -0.054018 
858 -0.069161 
859 0.013600 
860 -0.009222 
861 -0.052216 
862 -0.025651 
863 0.050929 
864 0.051699 
865 -0.011862 
866 0.000890 
867 0.022313 
868 0.015615 
869 -0.071489 
870 -0.050566 
871 0.009935 
872 0.046103 
873 -0.019249 
874 -0.022683 
875 0.002677 
876 0.038037 
877 -0.047378 
878 -0.040298 
879 0.001332 
880 0.067485 
881 -0.009393 
882 -0.026694 
883 -0.027232 
884 0.055994 
885 -0.017850 
886 -0.052447 
887 -0.071209 
888 0.044350 
889 0.063893 
890 0.026052 
891 -0.057535 
892 0.008439 
893 0.011264 
894 -0.010618 
895 -0.120105 
896 0.004698 
897 0.038351 
898 0.053006 
899 -0.084461 
900 -0.015044 
901 0.047720 
902 0.076105 
903 -0.058625 
904 -0.074755 
905 0.006136 
906 0.063043 
907 -0.042705 
908 -0.095188 
909 -0.004714 
910 0.073119 
911 -0.023436 
912 -0.082510 
913 0.001907 
914 0.089841 
915 0.002722 
916 -0.060730 
917 -0.035695 
918 0.050130 
919 -0.008140 
920 -0.070635 
921 -0.060044 
922 0.055737 
923 0.046849 
924 -0.030363 
925 -0.060427 
926 0.024619 
927 0.042572 
928 -0.005288 
929 -0.085793 
930 -0.009188 
931 0.031897 
932 0.017447 
933 -0.078488 
934 -0.029718 
935 0.029796 
936 0.067879 
937 -0.048317 
938 -0.020477 
939 0.024116 
940 0.069522 
941 -0.062292 
942 -0.076403 
943 -0.034705 
944 0.050349 
945 -0.017790 
946 -0.065611 
947 -0.011523 
948 0.106599 
949 0.052754 
950 -0.051130 
951 -0.078417 
952 0.040620 
953 0.038841 
954 -0.057263 
955 -0.092970 
956 0.002764 
957 0.093657 
958 0.001096 
959 -0.080331 
960 -0.015007 
961 0.102626 
962 0.008913 
963 -0.094252 
964 -0.023125 
965 0.095212 
966 0.044163 
967 -0.066677 
968 -0.052639 
969 0.041530 
970 0.021987 
971 -0.026844 
972 -0.053981 
973 0.033558 
974 0.031699 
975 0.034720 
976 -0.056641 
977 -0.030353 
978 0.000940 
979 0.037785 
980 -0.019083 
981 -0.014800 
982 0.034630 
983 0.084612 
984 -0.021470 
985 -0.044924 
986 -0.007404 
987 0.030304 
988 -0.070841 
989 -0.059987 
990 0.031837 
991 0.077225 
992 -0.015554 
993 -0.037236 
994 0.043867 
995 0.048576 
996 -0.028055 
997 -0.067181 
998 0.023502 
999 0.038571 
1000 0.004197 
1001 -0.058862 
1002 0.042439 
1003 0.009867 
1004 0.011299 
1005 -0.049055 
1006 0.016245 
1007 -0.008527 
1008 0.017388 
1009 -0.019210 
1010 0.019334 
1011 -0.019020 
1012 0.041402 
1013 -0.012235 
1014 -0.003140 
1015 -0.045916 
1016 0.082251 
1017 0.037481 
1018 -0.015168 
1019 -0.072126 
1020 0.056493 
1021 0.075448 
1022 -0.005066 
1023 -0.058544 
