0 -0.059955 
1 -0.008352 
2 -0.095311 
3 0.033584 
4 -0.108270 
5 -0.008859 
6 -0.119874 
7 -0.037529 
8 -0.088557 
9 -0.068241 
10 -0.053602 
11 -0.052615 
12 -0.014406 
13 -0.028975 
14 -0.030313 
15 -0.023659 
16 -0.049766 
17 -0.013615 
18 -0.091354 
19 -0.037345 
20 -0.106930 
21 -0.008544 
22 -0.089774 
23 -0.037602 
24 -0.068923 
25 0.000882 
26 -0.031651 
27 -0.043970 
28 -0.016640 
29 -0.005722 
30 -0.010196 
31 -0.097407 
32 -0.032079 
33 -0.052552 
34 -0.044899 
35 -0.118530 
36 -0.041303 
37 0.016497 
38 -0.014064 
39 -0.014825 
40 -0.026858 
41 0.079285 
42 -0.081817 
43 -0.037417 
44 -0.130277 
45 0.001562 
46 -0.120393 
47 -0.000360 
48 -0.005060 
49 0.064748 
50 0.001976 
51 0.065890 
52 0.018948 
53 -0.042212 
54 -0.117387 
55 -0.010292 
56 -0.094130 
57 -0.164555 
58 -0.143287 
59 0.058263 
60 0.135533 
61 0.012863 
62 0.123305 
63 0.076934 
64 0.129248 
65 -0.227023 
66 -0.080116 
67 -0.123020 
68 0.094661 
69 -0.111568 
70 -0.128830 
71 -0.042510 
72 0.067118 
73 0.165973 
74 -0.018724 
75 0.064924 
76 -0.069157 
77 0.062683 
78 -0.025682 
79 0.003207 
80 -0.004448 
81 -0.026305 
82 0.029199 
83 -0.044565 
84 0.030643 
85 -0.019563 
86 0.012073 
87 0.032868 
88 -0.009462 
89 0.058012 
90 -0.057844 
91 0.070871 
92 -0.054311 
93 0.032316 
94 -0.043943 
95 0.020812 
96 0.043647 
97 -0.029103 
98 0.056739 
99 -0.058000 
100 0.106286 
101 -0.068216 
102 0.075325 
103 -0.060646 
104 0.066250 
105 -0.036093 
106 0.029574 
107 0.006924 
108 0.029297 
109 0.014713 
110 0.005487 
111 -0.000591 
112 0.013382 
113 -0.011219 
114 0.047744 
115 -0.004469 
116 0.041942 
117 -0.011263 
118 0.047109 
119 0.005498 
120 -0.002165 
121 0.024821 
122 -0.017650 
123 0.051120 
124 -0.071459 
125 0.068287 
126 -0.033653 
127 0.086908 
128 -0.031832 
129 0.040742 
130 0.006194 
131 0.012579 
132 0.030708 
133 -0.034334 
134 0.063173 
135 -0.037227 
136 0.063696 
137 -0.045958 
138 0.040050 
139 0.002275 
140 0.023235 
141 0.025967 
142 -0.019672 
143 0.053709 
144 -0.005563 
145 0.043357 
146 -0.020728 
147 0.018970 
148 0.038867 
149 -0.020579 
150 0.034341 
151 -0.041948 
152 0.069192 
153 -0.026473 
154 0.026387 
155 0.010879 
156 0.009796 
157 0.062718 
158 -0.051715 
159 0.083469 
160 -0.061922 
161 0.102723 
162 -0.061556 
163 0.061845 
164 -0.026391 
165 0.019503 
166 0.011720 
167 -0.009835 
168 0.043579 
169 -0.016415 
170 0.034669 
171 0.006497 
172 0.012803 
173 0.049546 
174 -0.010657 
175 0.065198 
176 -0.039005 
177 0.052007 
178 -0.008170 
179 0.015562 
180 0.018938 
181 -0.042445 
182 0.075874 
183 -0.069275 
184 0.095409 
185 -0.075814 
186 0.111376 
187 -0.036903 
188 0.057544 
189 -0.023699 
190 0.021939 
191 0.045080 
192 -0.010610 
193 0.041816 
194 -0.038070 
195 0.056395 
196 -0.026984 
197 0.032278 
198 -0.024845 
199 0.032069 
200 0.002476 
201 0.013206 
202 -0.002305 
203 0.019525 
204 0.027248 
205 0.010652 
206 0.014411 
207 0.004515 
208 0.041146 
209 -0.015351 
210 0.035343 
211 -0.036988 
212 0.056517 
213 -0.044763 
214 0.043478 
215 -0.051574 
216 0.045018 
217 -0.021487 
218 0.049833 
219 -0.005777 
220 0.039528 
221 -0.001665 
222 0.023107 
223 -0.018625 
224 0.007431 
225 -0.030598 
226 0.011479 
227 -0.022936 
228 0.019010 
229 -0.007022 
230 0.027730 
231 0.012830 
232 0.013392 
233 0.013572 
234 -0.008309 
235 0.006213 
236 -0.018370 
237 0.005864 
238 -0.003237 
239 -0.005178 
240 0.001417 
241 -0.015695 
242 0.028947 
243 -0.011250 
244 0.045054 
245 -0.025117 
246 0.040422 
247 -0.036455 
248 0.034819 
249 -0.046360 
250 0.029240 
251 -0.038077 
252 0.031380 
253 -0.033585 
254 0.019203 
255 -0.010016 
256 0.017032 
257 0.010125 
258 -0.011064 
259 0.026180 
260 -0.025083 
261 0.024288 
262 -0.032996 
263 0.030354 
264 -0.015115 
265 0.006774 
266 -0.007925 
267 -0.012345 
268 0.017077 
269 -0.019825 
270 0.026809 
271 -0.016565 
272 0.018863 
273 0.000479 
274 -0.000485 
275 0.004528 
276 -0.027976 
277 0.021801 
278 -0.018762 
279 0.014389 
280 -0.022833 
281 0.004305 
282 0.004871 
283 -0.003563 
284 -0.001255 
285 -0.008835 
286 -0.001902 
287 0.007195 
288 -0.030051 
289 0.023521 
290 -0.033247 
291 0.067992 
292 -0.039871 
293 0.042660 
294 -0.062708 
295 0.036650 
296 -0.022832 
297 0.005027 
298 -0.022185 
299 -0.023290 
300 0.019149 
301 -0.018044 
302 0.019807 
303 -0.018040 
304 0.024470 
305 -0.003433 
306 0.000052 
307 -0.000472 
308 -0.003520 
309 0.019732 
310 -0.021156 
311 0.006646 
312 -0.038207 
313 0.015701 
314 -0.031954 
315 0.021309 
316 -0.044750 
317 0.037266 
318 -0.027234 
319 0.061086 
320 -0.036550 
321 0.052415 
322 -0.028400 
323 0.025545 
324 -0.045717 
325 -0.012019 
326 -0.003823 
327 -0.015561 
328 0.014106 
329 -0.034366 
330 0.055984 
331 -0.008417 
332 0.044345 
333 -0.026822 
334 0.024284 
335 -0.005270 
336 -0.006952 
337 -0.000872 
338 -0.016218 
339 0.035182 
340 -0.019255 
341 0.025999 
342 -0.032394 
343 0.027532 
344 -0.006943 
345 0.025682 
346 -0.005565 
347 0.003752 
348 0.011119 
349 0.015248 
350 0.024102 
351 -0.014200 
352 0.011921 
353 -0.010772 
354 0.023925 
355 -0.017169 
356 0.017039 
357 0.014762 
358 0.026050 
359 0.002390 
360 -0.002707 
361 0.020070 
362 0.009951 
363 0.011395 
364 -0.013780 
365 0.005156 
366 0.013695 
367 0.016680 
368 0.023522 
369 0.000912 
370 0.021133 
371 -0.002908 
372 0.014118 
373 -0.007187 
374 0.012347 
375 0.018247 
376 0.008947 
377 0.007804 
378 0.005548 
379 0.020168 
380 0.017347 
381 -0.006251 
382 0.006751 
383 -0.019174 
384 0.013244 
385 -0.011374 
386 0.026638 
387 0.010779 
388 0.012317 
389 0.021234 
390 -0.001048 
391 0.029142 
392 -0.022314 
393 0.018625 
394 -0.024310 
395 0.004140 
396 -0.002896 
397 -0.000683 
398 0.015902 
399 -0.015423 
400 0.034434 
401 0.004626 
402 0.024204 
403 0.001309 
404 -0.004045 
405 0.029874 
406 -0.032459 
407 0.030161 
408 -0.044146 
409 0.050491 
410 -0.041972 
411 0.018574 
412 -0.022084 
413 0.019148 
414 0.010289 
415 -0.009530 
416 0.022874 
417 -0.013260 
418 0.027245 
419 -0.017702 
420 0.020345 
421 -0.009572 
422 0.002748 
423 -0.011482 
424 -0.014132 
425 -0.003551 
426 -0.004309 
427 0.017657 
428 -0.000541 
429 0.010176 
430 -0.004292 
431 0.021221 
432 -0.005922 
433 0.010705 
434 -0.020276 
435 0.024073 
436 -0.023808 
437 0.013056 
438 -0.024304 
439 0.023028 
440 -0.004386 
441 0.002829 
442 -0.004032 
443 -0.007154 
444 0.007574 
445 -0.013112 
446 0.004703 
447 -0.006871 
448 0.007160 
449 0.006460 
450 -0.002965 
451 0.004563 
452 -0.010436 
453 0.007048 
454 -0.004258 
455 -0.007413 
456 0.006889 
457 -0.013975 
458 0.016047 
459 -0.031417 
460 0.022349 
461 -0.015498 
462 0.015608 
463 -0.023085 
464 0.002357 
465 0.007204 
466 0.005297 
467 0.004681 
468 -0.002891 
469 -0.001271 
470 0.000914 
471 -0.026429 
472 0.013335 
473 -0.028873 
474 0.023475 
475 -0.036603 
476 0.027844 
477 -0.016527 
478 0.028386 
479 -0.008219 
480 0.006810 
481 -0.007321 
482 -0.012500 
483 -0.010635 
484 -0.012021 
485 -0.005413 
486 0.001480 
487 -0.008185 
488 0.007907 
489 -0.006775 
490 0.018699 
491 0.004112 
492 0.013067 
493 -0.016863 
494 -0.005310 
495 -0.010305 
496 0.005668 
497 -0.019050 
498 0.004435 
499 -0.018577 
500 0.024048 
501 -0.029159 
502 0.023643 
503 -0.027747 
504 0.032190 
505 -0.008481 
506 0.018102 
507 -0.009238 
508 -0.003607 
509 0.011054 
510 -0.010605 
511 -0.006979 
512 -0.026302 
513 0.007811 
514 0.004225 
515 -0.008320 
516 0.008812 
517 -0.010518 
518 0.039358 
519 -0.017083 
520 0.029308 
521 -0.026980 
522 0.017684 
523 -0.021810 
524 0.008096 
525 0.000940 
526 -0.000169 
527 0.013069 
528 -0.020624 
529 0.020927 
530 -0.028505 
531 0.033519 
532 -0.026466 
533 0.033490 
534 -0.037357 
535 0.036193 
536 -0.018583 
537 0.035413 
538 -0.013732 
539 0.018872 
540 -0.009809 
541 -0.015258 
542 -0.006100 
543 -0.016415 
544 0.022303 
545 -0.019045 
546 0.019402 
547 -0.012306 
548 0.021035 
549 0.013051 
550 0.001168 
551 0.024131 
552 -0.030412 
553 0.029778 
554 -0.046247 
555 0.028643 
556 -0.041086 
557 0.035842 
558 -0.031071 
559 0.009365 
560 -0.033636 
561 0.027396 
562 -0.006538 
563 0.031028 
564 -0.028301 
565 0.054316 
566 -0.026275 
567 0.053758 
568 -0.059799 
569 0.039106 
570 -0.051953 
571 0.018726 
572 -0.039326 
573 -0.006508 
574 0.012355 
575 -0.007120 
576 0.039495 
577 -0.022068 
578 0.043286 
579 -0.015114 
580 0.015542 
581 -0.021919 
582 -0.021461 
583 0.011613 
584 -0.019782 
585 0.036088 
586 -0.037837 
587 0.039446 
588 -0.024027 
589 0.028853 
590 -0.022903 
591 0.012810 
592 0.008352 
593 0.004947 
594 0.008367 
595 -0.010897 
596 0.025288 
597 -0.000491 
598 0.017313 
599 -0.026141 
600 0.005565 
601 -0.015856 
602 0.015679 
603 -0.016969 
604 0.026329 
605 0.004096 
606 0.024952 
607 -0.014742 
608 0.006979 
609 0.002803 
610 0.011050 
611 -0.012311 
612 -0.007630 
613 -0.001629 
614 0.017498 
615 0.001170 
616 0.011021 
617 -0.003491 
618 0.015956 
619 -0.008480 
620 0.002621 
621 0.000817 
622 0.008493 
623 0.025007 
624 -0.003756 
625 0.026774 
626 -0.014851 
627 0.016498 
628 -0.015571 
629 -0.005540 
630 -0.001482 
631 -0.014752 
632 0.041996 
633 -0.027348 
634 0.056755 
635 -0.043024 
636 0.071782 
637 -0.048574 
638 0.040965 
639 -0.045213 
640 0.024828 
641 -0.025998 
642 0.007204 
643 0.004181 
644 0.012217 
645 0.015446 
646 0.000334 
647 0.007164 
648 0.003960 
649 0.003816 
650 0.012271 
651 -0.009565 
652 0.003928 
653 -0.009056 
654 0.006006 
655 -0.008008 
656 -0.009936 
657 0.004474 
658 0.002417 
659 0.001288 
660 -0.007334 
661 0.012188 
662 0.021416 
663 0.005970 
664 0.002791 
665 -0.007353 
666 0.011309 
667 -0.009213 
668 -0.005008 
669 -0.008954 
670 -0.001470 
671 -0.003611 
672 -0.004790 
673 -0.002592 
674 0.003518 
675 -0.001513 
676 -0.000686 
677 0.001516 
678 -0.001100 
679 0.012320 
680 -0.012366 
681 0.025963 
682 -0.026961 
683 0.029891 
684 -0.050540 
685 0.034889 
686 -0.046865 
687 0.028507 
688 -0.032032 
689 0.010328 
690 -0.007674 
691 -0.006785 
692 0.026498 
693 -0.027538 
694 0.030606 
695 -0.038028 
696 0.045045 
697 -0.049306 
698 0.017269 
699 -0.042550 
700 0.021399 
701 -0.027455 
702 0.001437 
703 -0.017019 
704 0.007969 
705 -0.001110 
706 -0.006094 
707 0.002114 
708 -0.013155 
709 0.024252 
710 -0.027204 
711 0.004632 
712 -0.049426 
713 0.020932 
714 -0.010010 
715 0.006764 
716 -0.022342 
717 -0.018946 
718 0.022672 
719 -0.046742 
720 0.024992 
721 -0.061492 
722 0.059819 
723 -0.058594 
724 0.036025 
725 -0.041377 
726 0.035558 
727 -0.007237 
728 -0.006377 
729 -0.005212 
730 -0.037486 
731 -0.000305 
732 -0.037892 
733 0.001976 
734 -0.008554 
735 -0.016698 
736 0.019549 
737 -0.022412 
738 0.041685 
739 -0.037940 
740 0.026339 
741 -0.024741 
742 0.013835 
743 -0.003372 
744 -0.019384 
745 0.015200 
746 -0.041754 
747 0.028747 
748 -0.042041 
749 0.022009 
750 -0.023979 
751 -0.001662 
752 0.007448 
753 -0.010799 
754 0.034101 
755 -0.030133 
756 0.026755 
757 -0.024280 
758 0.017935 
759 -0.012417 
760 -0.005858 
761 0.017733 
762 -0.006678 
763 0.023012 
764 -0.018110 
765 0.020454 
766 0.006784 
767 -0.005121 
768 0.006471 
769 -0.023012 
770 0.026084 
771 -0.029255 
772 0.019933 
773 -0.015158 
774 0.020851 
775 -0.004048 
776 -0.001751 
777 0.023555 
778 0.005964 
779 0.038516 
780 -0.004177 
781 0.022889 
782 -0.007733 
783 0.001558 
784 0.010544 
785 -0.016785 
786 0.015646 
787 -0.020676 
788 0.039442 
789 -0.025974 
790 0.030011 
791 -0.009321 
792 0.041891 
793 -0.000951 
794 -0.002217 
795 0.012473 
796 -0.005834 
797 0.049115 
798 -0.030811 
799 0.057144 
800 -0.061130 
801 0.073963 
802 -0.063358 
803 0.068672 
804 -0.074103 
805 0.075717 
806 -0.019804 
807 0.062399 
808 -0.021083 
809 0.044577 
810 0.028435 
811 0.009507 
812 -0.001008 
813 -0.021084 
814 0.020952 
815 -0.012509 
816 0.006157 
817 0.013488 
818 0.013250 
819 0.033616 
820 -0.012763 
821 0.044681 
822 -0.000514 
823 0.041925 
824 -0.012148 
825 0.028844 
826 0.009826 
827 0.027097 
828 0.015723 
829 0.009123 
830 -0.004585 
831 0.003384 
832 -0.010603 
833 0.015604 
834 -0.032482 
835 0.035470 
836 0.008164 
837 0.065164 
838 0.001061 
839 0.032095 
840 0.018393 
841 0.025303 
842 0.005457 
843 -0.027757 
844 0.010760 
845 -0.011944 
846 0.019432 
847 -0.008592 
848 0.019276 
849 0.029889 
850 0.022373 
851 0.022639 
852 0.001812 
853 0.023939 
854 0.013893 
855 0.010482 
856 0.006747 
857 0.000425 
858 0.020254 
859 -0.003041 
860 0.010610 
861 -0.009564 
862 0.004153 
863 0.025074 
864 0.002540 
865 0.030546 
866 -0.006763 
867 0.043020 
868 -0.022090 
869 0.005180 
870 -0.018030 
871 0.021372 
872 0.007307 
873 -0.012933 
874 0.008223 
875 -0.009694 
876 0.046547 
877 -0.014793 
878 0.033040 
879 -0.027543 
880 0.024070 
881 -0.028527 
882 0.003874 
883 -0.017701 
884 0.005299 
885 0.022637 
886 -0.007109 
887 0.001600 
888 -0.028518 
889 0.013327 
890 -0.001359 
891 -0.016000 
892 0.013611 
893 -0.034415 
894 0.049526 
895 -0.064312 
896 0.068466 
897 -0.065796 
898 0.072422 
899 -0.057294 
900 0.038295 
901 -0.033695 
902 -0.021662 
903 0.017035 
904 -0.045238 
905 0.062265 
906 -0.078984 
907 0.075507 
908 -0.059596 
909 0.058193 
910 -0.036862 
911 0.006167 
912 -0.016999 
913 -0.070272 
914 0.024651 
915 -0.056980 
916 0.062075 
917 -0.063488 
918 0.044565 
919 -0.035537 
920 -0.001921 
921 -0.011830 
922 -0.029632 
923 0.023143 
924 -0.046455 
925 0.028151 
926 -0.038193 
927 0.011942 
928 -0.025339 
929 -0.005357 
930 -0.013681 
931 -0.032017 
932 -0.026323 
933 -0.026830 
934 -0.036891 
935 0.000715 
936 -0.026312 
937 0.050651 
938 -0.054307 
939 0.022779 
940 -0.058409 
941 0.027801 
942 -0.044718 
943 -0.015571 
944 -0.032058 
945 -0.049264 
946 -0.033245 
947 -0.071247 
948 -0.019307 
949 -0.037493 
950 -0.011673 
951 -0.002129 
952 -0.035684 
953 0.020717 
954 -0.041054 
955 0.042372 
956 -0.077830 
957 -0.016362 
958 -0.105671 
959 -0.024561 
960 -0.076908 
961 -0.043671 
962 -0.024584 
963 -0.011661 
964 -0.002361 
965 -0.072065 
966 -0.029059 
967 -0.052237 
968 -0.007171 
969 -0.062095 
970 -0.046561 
971 -0.043121 
972 -0.049622 
973 -0.042413 
974 -0.066702 
975 -0.006531 
976 -0.052081 
977 -0.039554 
978 -0.071898 
979 -0.055403 
980 -0.020936 
981 -0.071733 
982 0.003015 
983 -0.103296 
984 0.014491 
985 -0.120948 
986 0.022393 
987 -0.117257 
988 0.001628 
989 -0.078397 
990 -0.024030 
991 -0.058211 
992 -0.080151 
993 -0.019768 
994 -0.055976 
995 -0.013823 
996 -0.069782 
997 -0.062542 
998 -0.068088 
999 -0.116449 
1000 -0.020764 
1001 -0.072230 
1002 0.043994 
1003 -0.073446 
1004 -0.022287 
1005 -0.075207 
1006 -0.074164 
1007 -0.070690 
1008 -0.126529 
1009 0.003711 
1010 -0.082912 
1011 -0.007402 
1012 -0.104306 
1013 -0.033920 
1014 -0.010263 
1015 -0.062845 
1016 -0.010366 
1017 -0.147714 
1018 0.004199 
1019 -0.142280 
1020 -0.003431 
1021 -0.105185 
1022 -0.007393 
1023 -0.022173 
