0 0.000109 
1 -0.000027 
2 -0.000301 
3 -0.000069 
4 0.000151 
5 -0.000089 
6 -0.000298 
7 -0.000122 
8 -0.000060 
9 -0.000394 
10 -0.000447 
11 0.000030 
12 0.000285 
13 0.000062 
14 -0.000102 
15 -0.000089 
16 -0.000197 
17 -0.000404 
18 -0.000412 
19 -0.000269 
20 -0.000215 
21 -0.000188 
22 -0.000009 
23 0.000121 
24 0.000053 
25 -0.000020 
26 -0.000111 
27 -0.000282 
28 -0.000407 
29 -0.000248 
30 0.000078 
31 0.000091 
32 -0.000211 
33 -0.000291 
34 -0.000054 
35 0.000062 
36 -0.000167 
37 -0.000365 
38 -0.000109 
39 0.000285 
40 0.000338 
41 0.000140 
42 0.000083 
43 0.000121 
44 -0.000133 
45 -0.000560 
46 -0.000695 
47 -0.000465 
48 -0.000181 
49 0.000030 
50 0.000188 
51 0.000238 
52 0.000416 
53 0.000750 
54 0.000611 
55 -0.000049 
56 -0.000262 
57 0.000019 
58 0.000137 
59 -0.000051 
60 -0.000151 
61 0.000124 
62 0.000382 
63 0.000221 
64 -0.000099 
65 -0.000018 
66 0.000379 
67 0.000351 
68 -0.000056 
69 0.000019 
70 0.000462 
71 0.000587 
72 0.000391 
73 0.000131 
74 0.000056 
75 0.000288 
76 0.000451 
77 0.000325 
78 0.000154 
79 0.000240 
80 0.000326 
81 -0.000007 
82 -0.000278 
83 0.000001 
84 0.000356 
85 0.000276 
86 0.000126 
87 0.000594 
88 0.001458 
89 0.001500 
90 0.000558 
91 -0.000075 
92 0.000104 
93 0.000002 
94 -0.000693 
95 -0.001090 
96 -0.000681 
97 -0.000031 
98 0.000367 
99 0.000597 
100 0.000776 
101 0.000880 
102 0.000898 
103 0.000550 
104 0.000066 
105 0.000037 
106 0.000215 
107 0.000050 
108 -0.000138 
109 0.000217 
110 0.000575 
111 0.000199 
112 -0.000244 
113 -0.000246 
114 -0.000362 
115 -0.000692 
116 -0.000693 
117 -0.000332 
118 0.000172 
119 0.000653 
120 0.001035 
121 0.001388 
122 0.001285 
123 0.000547 
124 -0.000089 
125 -0.000055 
126 -0.000312 
127 -0.001221 
128 -0.001277 
129 -0.000058 
130 0.000730 
131 0.000425 
132 0.000252 
133 0.001044 
134 0.001465 
135 0.000475 
136 -0.000337 
137 0.000219 
138 0.000571 
139 -0.000374 
140 -0.000863 
141 -0.000060 
142 -0.000006 
143 -0.001199 
144 -0.001678 
145 -0.001167 
146 -0.001016 
147 -0.001335 
148 -0.001041 
149 -0.000421 
150 -0.000237 
151 -0.000095 
152 0.000063 
153 -0.000128 
154 -0.000572 
155 -0.001084 
156 -0.001476 
157 -0.001534 
158 -0.001268 
159 -0.001146 
160 -0.001488 
161 -0.001512 
162 -0.001249 
163 -0.001196 
164 -0.001110 
165 -0.001276 
166 -0.001382 
167 -0.000488 
168 0.000405 
169 0.000560 
170 0.000669 
171 0.001004 
172 0.000925 
173 -0.000366 
174 -0.001904 
175 -0.002065 
176 -0.001450 
177 -0.001490 
178 -0.001726 
179 -0.000693 
180 0.001359 
181 0.002244 
182 0.001771 
183 0.001309 
184 0.000677 
185 -0.000320 
186 -0.001247 
187 -0.001587 
188 -0.000684 
189 -0.000126 
190 -0.000851 
191 -0.000474 
192 0.001123 
193 0.001016 
194 -0.000617 
195 -0.001495 
196 -0.001325 
197 -0.001281 
198 -0.001013 
199 0.000122 
200 0.000920 
201 0.000843 
202 0.000872 
203 0.000988 
204 0.000402 
205 -0.000893 
206 -0.001991 
207 -0.002274 
208 -0.002139 
209 -0.001873 
210 -0.001562 
211 -0.000862 
212 0.000292 
213 0.000469 
214 -0.000886 
215 -0.001276 
216 0.000180 
217 0.000578 
218 -0.000544 
219 -0.000659 
220 0.000159 
221 0.000057 
222 -0.000699 
223 -0.001369 
224 -0.002491 
225 -0.003593 
226 -0.003568 
227 -0.002629 
228 -0.001549 
229 -0.000505 
230 0.001102 
231 0.002013 
232 0.001269 
233 0.000731 
234 0.000852 
235 -0.000045 
236 -0.001850 
237 -0.002501 
238 -0.000470 
239 0.001572 
240 0.001023 
241 0.000447 
242 0.001341 
243 0.001655 
244 0.000858 
245 -0.000014 
246 0.000212 
247 0.000976 
248 0.001667 
249 0.002218 
250 0.002258 
251 0.002774 
252 0.003234 
253 0.001481 
254 -0.000191 
255 0.000566 
256 0.001649 
257 0.002231 
258 0.002025 
259 0.000518 
260 0.000210 
261 0.001942 
262 0.001588 
263 -0.001549 
264 -0.002421 
265 -0.000299 
266 0.001359 
267 0.001737 
268 0.002385 
269 0.003029 
270 0.002729 
271 0.001272 
272 -0.000725 
273 -0.002217 
274 -0.002322 
275 -0.002643 
276 -0.003165 
277 -0.001572 
278 0.000846 
279 0.001447 
280 0.001137 
281 0.001001 
282 0.001034 
283 0.000375 
284 -0.001042 
285 -0.001247 
286 0.000276 
287 0.002026 
288 0.001475 
289 -0.000884 
290 -0.000701 
291 0.001083 
292 -0.000085 
293 -0.003128 
294 -0.003290 
295 0.000047 
296 0.002136 
297 0.001286 
298 0.002454 
299 0.005756 
300 0.004811 
301 -0.000503 
302 -0.003006 
303 -0.001266 
304 -0.001474 
305 -0.004376 
306 -0.004423 
307 -0.000837 
308 0.002054 
309 0.002528 
310 0.002282 
311 0.002171 
312 0.000743 
313 -0.001857 
314 -0.002743 
315 -0.002017 
316 -0.001224 
317 -0.000283 
318 0.000432 
319 0.000530 
320 0.000471 
321 0.000628 
322 0.000396 
323 -0.001355 
324 -0.003450 
325 -0.002978 
326 -0.000613 
327 0.000257 
328 -0.000624 
329 0.000060 
330 0.001641 
331 -0.000699 
332 -0.004561 
333 -0.003012 
334 0.000637 
335 -0.000572 
336 -0.003479 
337 -0.001827 
338 0.002064 
339 0.001965 
340 -0.001507 
341 -0.002922 
342 -0.001471 
343 -0.000605 
344 -0.001499 
345 -0.001230 
346 0.001808 
347 0.004148 
348 0.002304 
349 -0.000722 
350 -0.000892 
351 -0.000415 
352 -0.002823 
353 -0.005597 
354 -0.004328 
355 -0.001087 
356 0.000237 
357 0.000572 
358 0.000958 
359 0.001218 
360 0.000917 
361 -0.000610 
362 -0.002917 
363 -0.003565 
364 -0.001100 
365 0.000605 
366 -0.000258 
367 0.000208 
368 0.002446 
369 0.002452 
370 -0.000621 
371 -0.002784 
372 -0.000881 
373 0.000759 
374 -0.001679 
375 -0.002757 
376 0.001403 
377 0.005096 
378 0.002590 
379 -0.001674 
380 -0.000861 
381 0.001475 
382 -0.000963 
383 -0.003867 
384 -0.001281 
385 0.002743 
386 0.001880 
387 0.000547 
388 0.002570 
389 0.003234 
390 0.000654 
391 -0.001343 
392 0.000261 
393 0.003092 
394 0.003368 
395 0.002264 
396 0.003463 
397 0.005920 
398 0.004645 
399 0.000149 
400 -0.001375 
401 -0.000244 
402 -0.000057 
403 -0.000207 
404 -0.000071 
405 0.002101 
406 0.005571 
407 0.004214 
408 -0.000640 
409 -0.002617 
410 -0.001215 
411 -0.000793 
412 -0.003444 
413 -0.003931 
414 0.000429 
415 0.004849 
416 0.006071 
417 0.004536 
418 0.002863 
419 0.001786 
420 -0.000762 
421 -0.002890 
422 -0.002930 
423 -0.002151 
424 -0.000226 
425 0.002734 
426 0.005143 
427 0.006337 
428 0.006414 
429 0.005443 
430 0.002566 
431 -0.001341 
432 -0.001626 
433 0.001356 
434 0.002314 
435 0.001040 
436 0.002433 
437 0.006014 
438 0.006236 
439 0.002793 
440 0.001338 
441 0.002844 
442 0.002900 
443 0.000911 
444 0.002477 
445 0.007357 
446 0.008266 
447 0.004427 
448 0.001334 
449 0.001314 
450 0.001691 
451 -0.000060 
452 -0.001571 
453 -0.000436 
454 0.002600 
455 0.005052 
456 0.004044 
457 0.002421 
458 0.002965 
459 0.001600 
460 -0.003446 
461 -0.005871 
462 -0.002248 
463 0.001401 
464 -0.000562 
465 -0.002324 
466 0.001200 
467 0.003599 
468 0.000550 
469 -0.003435 
470 -0.003511 
471 -0.001050 
472 -0.001323 
473 -0.002960 
474 -0.001043 
475 0.001913 
476 0.000913 
477 -0.003695 
478 -0.006275 
479 -0.004830 
480 -0.004694 
481 -0.007779 
482 -0.008179 
483 -0.002888 
484 0.003456 
485 0.003870 
486 -0.000314 
487 -0.001432 
488 0.000413 
489 -0.001894 
490 -0.008202 
491 -0.010007 
492 -0.005720 
493 -0.002551 
494 -0.001667 
495 0.001918 
496 0.006145 
497 0.004756 
498 0.000495 
499 -0.000296 
500 -0.000590 
501 -0.003982 
502 -0.006495 
503 -0.004150 
504 -0.000421 
505 -0.000942 
506 -0.001502 
507 0.002527 
508 0.004487 
509 -0.000717 
510 -0.005779 
511 -0.003497 
512 0.001037 
513 -0.000806 
514 -0.003906 
515 -0.000926 
516 0.001598 
517 -0.001353 
518 -0.003868 
519 -0.001729 
520 -0.000962 
521 -0.005011 
522 -0.005642 
523 0.000072 
524 0.003227 
525 0.000813 
526 -0.001332 
527 -0.001628 
528 -0.002658 
529 -0.004558 
530 -0.005010 
531 -0.003970 
532 -0.002882 
533 -0.001859 
534 -0.000132 
535 0.000757 
536 0.000256 
537 0.000031 
538 -0.001239 
539 -0.003849 
540 -0.005036 
541 -0.002531 
542 0.000931 
543 0.000393 
544 -0.002755 
545 -0.002896 
546 -0.000547 
547 -0.000024 
548 -0.002105 
549 -0.003599 
550 -0.001322 
551 0.002473 
552 0.003422 
553 0.001552 
554 0.000634 
555 0.000857 
556 -0.001430 
557 -0.005636 
558 -0.007228 
559 -0.004905 
560 -0.001802 
561 0.000265 
562 0.001494 
563 0.001956 
564 0.004042 
565 0.007065 
566 0.005171 
567 -0.000753 
568 -0.002099 
569 0.000187 
570 0.000640 
571 -0.000780 
572 -0.001007 
573 0.001133 
574 0.002701 
575 0.001556 
576 -0.000550 
577 -0.000128 
578 0.002614 
579 0.002661 
580 -0.000221 
581 0.000033 
582 0.003196 
583 0.004446 
584 0.003173 
585 0.000843 
586 0.000024 
587 0.002161 
588 0.003486 
589 0.001992 
590 0.000724 
591 0.001921 
592 0.002460 
593 -0.000537 
594 -0.002347 
595 0.000369 
596 0.002740 
597 0.001275 
598 0.000297 
599 0.004159 
600 0.009628 
601 0.009071 
602 0.003073 
603 -0.000264 
604 0.000829 
605 -0.000289 
606 -0.004330 
607 -0.006256 
608 -0.003980 
609 -0.000464 
610 0.001968 
611 0.003527 
612 0.004431 
613 0.004590 
614 0.004673 
615 0.003173 
616 0.000424 
617 -0.000081 
618 0.001126 
619 0.000523 
620 -0.000790 
621 0.000821 
622 0.003034 
623 0.001279 
624 -0.001379 
625 -0.001421 
626 -0.001480 
627 -0.003054 
628 -0.003388 
629 -0.001610 
630 0.000946 
631 0.003021 
632 0.004438 
633 0.006006 
634 0.005769 
635 0.002444 
636 -0.000550 
637 -0.000224 
638 -0.001024 
639 -0.004915 
640 -0.005316 
641 -0.000198 
642 0.003156 
643 0.001704 
644 0.000735 
645 0.003985 
646 0.005850 
647 0.001844 
648 -0.001541 
649 0.000752 
650 0.002421 
651 -0.001130 
652 -0.003221 
653 -0.000298 
654 0.000296 
655 -0.003862 
656 -0.005839 
657 -0.003975 
658 -0.003061 
659 -0.004104 
660 -0.003405 
661 -0.001362 
662 -0.000558 
663 -0.000159 
664 0.000229 
665 -0.000291 
666 -0.001626 
667 -0.003193 
668 -0.004280 
669 -0.004348 
670 -0.003504 
671 -0.003109 
672 -0.004148 
673 -0.004225 
674 -0.003245 
675 -0.003006 
676 -0.002913 
677 -0.003349 
678 -0.003512 
679 -0.001148 
680 0.001093 
681 0.001498 
682 0.001799 
683 0.002500 
684 0.002287 
685 -0.000693 
686 -0.004414 
687 -0.004862 
688 -0.003299 
689 -0.003275 
690 -0.003799 
691 -0.001520 
692 0.003087 
693 0.005134 
694 0.004074 
695 0.002937 
696 0.001423 
697 -0.000619 
698 -0.002273 
699 -0.003039 
700 -0.001550 
701 -0.000258 
702 -0.001330 
703 -0.000750 
704 0.002145 
705 0.002079 
706 -0.000977 
707 -0.002716 
708 -0.002413 
709 -0.002271 
710 -0.001697 
711 0.000354 
712 0.001738 
713 0.001566 
714 0.001695 
715 0.001912 
716 0.000728 
717 -0.001432 
718 -0.003149 
719 -0.003676 
720 -0.003397 
721 -0.002931 
722 -0.002486 
723 -0.001265 
724 0.000637 
725 0.000824 
726 -0.001340 
727 -0.001853 
728 0.000460 
729 0.000977 
730 -0.000792 
731 -0.000911 
732 0.000370 
733 0.000258 
734 -0.000970 
735 -0.002029 
736 -0.003349 
737 -0.004699 
738 -0.004855 
739 -0.003623 
740 -0.001921 
741 -0.000470 
742 0.001408 
743 0.002562 
744 0.001810 
745 0.001079 
746 0.001001 
747 -0.000099 
748 -0.002172 
749 -0.002944 
750 -0.000549 
751 0.001865 
752 0.001244 
753 0.000547 
754 0.001521 
755 0.001928 
756 0.001051 
757 -0.000061 
758 0.000145 
759 0.001167 
760 0.001920 
761 0.002256 
762 0.002290 
763 0.003087 
764 0.003516 
765 0.001317 
766 -0.000407 
767 0.000796 
768 0.001886 
769 0.001970 
770 0.001716 
771 0.000703 
772 0.000443 
773 0.001634 
774 0.001223 
775 -0.001241 
776 -0.001977 
777 -0.000475 
778 0.001003 
779 0.001719 
780 0.002269 
781 0.002479 
782 0.002177 
783 0.001205 
784 -0.000504 
785 -0.002013 
786 -0.001995 
787 -0.001992 
788 -0.002491 
789 -0.001479 
790 0.000502 
791 0.001329 
792 0.001018 
793 0.000488 
794 0.000607 
795 0.000469 
796 -0.000700 
797 -0.001123 
798 0.000088 
799 0.001570 
800 0.001048 
801 -0.000834 
802 -0.000585 
803 0.000842 
804 -0.000056 
805 -0.002311 
806 -0.002318 
807 0.000117 
808 0.001397 
809 0.000656 
810 0.001503 
811 0.003720 
812 0.002958 
813 -0.000484 
814 -0.001897 
815 -0.000718 
816 -0.000923 
817 -0.002743 
818 -0.002689 
819 -0.000450 
820 0.001153 
821 0.001303 
822 0.001242 
823 0.001242 
824 0.000329 
825 -0.001159 
826 -0.001479 
827 -0.001008 
828 -0.000744 
829 -0.000298 
830 0.000232 
831 0.000299 
832 0.000121 
833 0.000185 
834 0.000226 
835 -0.000630 
836 -0.001797 
837 -0.001541 
838 -0.000264 
839 0.000144 
840 -0.000396 
841 -0.000102 
842 0.000733 
843 -0.000296 
844 -0.002083 
845 -0.001402 
846 0.000257 
847 -0.000244 
848 -0.001555 
849 -0.000845 
850 0.000883 
851 0.000778 
852 -0.000726 
853 -0.001215 
854 -0.000550 
855 -0.000261 
856 -0.000685 
857 -0.000490 
858 0.000739 
859 0.001488 
860 0.000743 
861 -0.000248 
862 -0.000274 
863 -0.000210 
864 -0.001096 
865 -0.001944 
866 -0.001445 
867 -0.000422 
868 -0.000001 
869 0.000214 
870 0.000376 
871 0.000351 
872 0.000196 
873 -0.000187 
874 -0.000841 
875 -0.001139 
876 -0.000437 
877 0.000211 
878 0.000001 
879 0.000025 
880 0.000670 
881 0.000761 
882 -0.000127 
883 -0.000845 
884 -0.000300 
885 0.000299 
886 -0.000383 
887 -0.000819 
888 0.000327 
889 0.001434 
890 0.000748 
891 -0.000486 
892 -0.000260 
893 0.000448 
894 -0.000194 
895 -0.000998 
896 -0.000320 
897 0.000736 
898 0.000499 
899 0.000099 
900 0.000593 
901 0.000828 
902 0.000201 
903 -0.000345 
904 0.000060 
905 0.000780 
906 0.000767 
907 0.000421 
908 0.000755 
909 0.001363 
910 0.000989 
911 -0.000028 
912 -0.000239 
913 0.000052 
914 0.000003 
915 -0.000070 
916 0.000029 
917 0.000490 
918 0.001079 
919 0.000767 
920 -0.000073 
921 -0.000387 
922 -0.000200 
923 -0.000184 
924 -0.000576 
925 -0.000603 
926 0.000082 
927 0.000799 
928 0.001070 
929 0.000833 
930 0.000490 
931 0.000285 
932 -0.000091 
933 -0.000401 
934 -0.000429 
935 -0.000344 
936 -0.000022 
937 0.000471 
938 0.000808 
939 0.000946 
940 0.000976 
941 0.000845 
942 0.000387 
943 -0.000179 
944 -0.000187 
945 0.000224 
946 0.000337 
947 0.000169 
948 0.000357 
949 0.000826 
950 0.000849 
951 0.000393 
952 0.000204 
953 0.000396 
954 0.000392 
955 0.000127 
956 0.000332 
957 0.000943 
958 0.001018 
959 0.000546 
960 0.000202 
961 0.000185 
962 0.000212 
963 0.000028 
964 -0.000141 
965 -0.000027 
966 0.000310 
967 0.000596 
968 0.000470 
969 0.000272 
970 0.000350 
971 0.000219 
972 -0.000331 
973 -0.000595 
974 -0.000214 
975 0.000189 
976 -0.000009 
977 -0.000224 
978 0.000141 
979 0.000419 
980 0.000093 
981 -0.000335 
982 -0.000310 
983 -0.000032 
984 -0.000089 
985 -0.000282 
986 -0.000069 
987 0.000247 
988 0.000130 
989 -0.000325 
990 -0.000539 
991 -0.000373 
992 -0.000370 
993 -0.000672 
994 -0.000684 
995 -0.000184 
996 0.000337 
997 0.000344 
998 0.000021 
999 -0.000052 
1000 0.000070 
1001 -0.000150 
1002 -0.000651 
1003 -0.000776 
1004 -0.000441 
1005 -0.000190 
1006 -0.000087 
1007 0.000215 
1008 0.000538 
1009 0.000414 
1010 0.000088 
1011 0.000038 
1012 -0.000013 
1013 -0.000306 
1014 -0.000483 
1015 -0.000272 
1016 0.000006 
1017 -0.000059 
1018 -0.000082 
1019 0.000267 
1020 0.000401 
1021 -0.000039 
1022 -0.000420 
1023 -0.000219 
