0 -0.000106 
1 -0.000143 
2 -0.000007 
3 0.000060 
4 -0.000101 
5 -0.000116 
6 0.000118 
7 0.000171 
8 0.000011 
9 -0.000040 
10 0.000056 
11 0.000099 
12 -0.000001 
13 -0.000048 
14 0.000049 
15 0.000039 
16 -0.000006 
17 0.000156 
18 0.000280 
19 0.000156 
20 0.000053 
21 0.000149 
22 0.000340 
23 0.000298 
24 0.000075 
25 0.000061 
26 0.000192 
27 0.000135 
28 0.000077 
29 0.000135 
30 0.000077 
31 -0.000016 
32 0.000092 
33 0.000302 
34 0.000450 
35 0.000429 
36 0.000286 
37 0.000167 
38 0.000114 
39 0.000153 
40 0.000233 
41 0.000182 
42 0.000045 
43 0.000011 
44 0.000109 
45 0.000280 
46 0.000505 
47 0.000604 
48 0.000432 
49 0.000223 
50 0.000230 
51 0.000265 
52 0.000142 
53 -0.000027 
54 -0.000061 
55 0.000061 
56 0.000140 
57 0.000161 
58 0.000314 
59 0.000505 
60 0.000466 
61 0.000294 
62 0.000149 
63 0.000060 
64 0.000091 
65 0.000189 
66 0.000160 
67 0.000064 
68 0.000042 
69 0.000009 
70 -0.000161 
71 -0.000197 
72 0.000035 
73 0.000212 
74 0.000080 
75 -0.000101 
76 -0.000079 
77 0.000027 
78 -0.000051 
79 -0.000213 
80 -0.000139 
81 -0.000094 
82 -0.000257 
83 -0.000167 
84 0.000255 
85 0.000552 
86 0.000501 
87 0.000295 
88 0.000329 
89 0.000322 
90 -0.000029 
91 -0.000097 
92 0.000444 
93 0.000744 
94 0.000394 
95 -0.000034 
96 -0.000037 
97 0.000137 
98 0.000160 
99 0.000308 
100 0.000702 
101 0.000831 
102 0.000455 
103 0.000197 
104 0.000384 
105 0.000479 
106 -0.000006 
107 -0.000499 
108 -0.000409 
109 -0.000205 
110 -0.000241 
111 -0.000001 
112 0.000552 
113 0.000512 
114 -0.000125 
115 -0.000374 
116 0.000048 
117 0.000280 
118 -0.000049 
119 -0.000438 
120 -0.000445 
121 -0.000199 
122 0.000013 
123 -0.000009 
124 -0.000180 
125 -0.000221 
126 -0.000075 
127 0.000126 
128 0.000394 
129 0.000732 
130 0.000921 
131 0.000787 
132 0.000672 
133 0.001034 
134 0.001422 
135 0.001150 
136 0.000626 
137 0.000536 
138 0.000889 
139 0.001288 
140 0.001511 
141 0.001662 
142 0.001500 
143 0.000634 
144 -0.000078 
145 0.000155 
146 0.000746 
147 0.000762 
148 0.000320 
149 0.000224 
150 0.000589 
151 0.000858 
152 0.000893 
153 0.000824 
154 0.000535 
155 0.000154 
156 0.000064 
157 0.000121 
158 0.000112 
159 -0.000059 
160 -0.000175 
161 -0.000086 
162 -0.000128 
163 -0.000181 
164 0.000001 
165 -0.000234 
166 -0.000867 
167 -0.000902 
168 -0.000389 
169 0.000018 
170 0.000030 
171 -0.000233 
172 -0.000245 
173 -0.000090 
174 -0.000093 
175 -0.000203 
176 -0.000374 
177 -0.000442 
178 -0.000103 
179 0.000321 
180 0.000559 
181 0.000568 
182 0.000392 
183 0.000277 
184 0.000238 
185 0.000361 
186 0.000637 
187 0.000409 
188 -0.000492 
189 -0.001370 
190 -0.001735 
191 -0.001256 
192 -0.000464 
193 0.000122 
194 0.000756 
195 0.000804 
196 0.000018 
197 -0.000350 
198 0.000103 
199 0.000265 
200 -0.000177 
201 -0.000824 
202 -0.000959 
203 -0.000541 
204 -0.000296 
205 -0.000146 
206 0.000300 
207 0.000579 
208 0.000486 
209 0.000179 
210 0.000244 
211 0.000892 
212 0.001027 
213 0.000063 
214 -0.000782 
215 -0.000879 
216 -0.000791 
217 -0.000745 
218 -0.000495 
219 0.000025 
220 0.000279 
221 0.000046 
222 -0.000104 
223 0.000270 
224 0.000400 
225 -0.000120 
226 -0.000617 
227 -0.000764 
228 -0.000813 
229 -0.001011 
230 -0.000916 
231 -0.000322 
232 0.000210 
233 0.000124 
234 -0.000013 
235 0.000271 
236 0.000048 
237 -0.000756 
238 -0.001408 
239 -0.002229 
240 -0.003437 
241 -0.004013 
242 -0.003380 
243 -0.002498 
244 -0.002044 
245 -0.002043 
246 -0.002257 
247 -0.002327 
248 -0.002023 
249 -0.001877 
250 -0.002239 
251 -0.002919 
252 -0.003559 
253 -0.003723 
254 -0.003833 
255 -0.004009 
256 -0.003954 
257 -0.004222 
258 -0.004773 
259 -0.004526 
260 -0.003808 
261 -0.003703 
262 -0.004359 
263 -0.004925 
264 -0.004181 
265 -0.002799 
266 -0.002256 
267 -0.002461 
268 -0.003180 
269 -0.004538 
270 -0.004711 
271 -0.002768 
272 -0.000753 
273 -0.000508 
274 -0.001609 
275 -0.002489 
276 -0.002408 
277 -0.001621 
278 -0.001007 
279 -0.001575 
280 -0.003104 
281 -0.003494 
282 -0.001753 
283 0.000511 
284 0.001075 
285 0.000483 
286 0.000121 
287 -0.000315 
288 -0.000724 
289 0.000040 
290 0.000745 
291 -0.000241 
292 -0.001665 
293 -0.001661 
294 -0.001138 
295 -0.001924 
296 -0.002295 
297 -0.000296 
298 0.001228 
299 -0.000296 
300 -0.002007 
301 -0.001840 
302 -0.001401 
303 -0.001101 
304 0.000181 
305 0.001246 
306 0.000746 
307 0.000454 
308 0.002000 
309 0.003050 
310 0.001211 
311 -0.000772 
312 -0.000001 
313 0.000952 
314 0.000037 
315 0.000474 
316 0.003138 
317 0.003661 
318 0.001538 
319 0.000653 
320 0.001497 
321 0.001343 
322 0.000340 
323 0.001049 
324 0.002504 
325 0.001634 
326 0.000407 
327 0.002493 
328 0.004662 
329 0.002987 
330 0.000496 
331 0.000099 
332 0.000324 
333 0.000080 
334 0.000035 
335 0.000429 
336 -0.000140 
337 -0.001577 
338 -0.001509 
339 -0.000453 
340 -0.000846 
341 -0.001113 
342 0.000284 
343 0.001315 
344 0.000624 
345 -0.000221 
346 0.000092 
347 0.000106 
348 -0.001306 
349 -0.001924 
350 -0.000390 
351 0.001104 
352 0.000673 
353 -0.000102 
354 0.000737 
355 0.002052 
356 0.002100 
357 0.002781 
358 0.004386 
359 0.003564 
360 0.001243 
361 0.001861 
362 0.004904 
363 0.005120 
364 0.002691 
365 0.002531 
366 0.004380 
367 0.004813 
368 0.004515 
369 0.005143 
370 0.005481 
371 0.004988 
372 0.004893 
373 0.005465 
374 0.004772 
375 0.003275 
376 0.004426 
377 0.006814 
378 0.006318 
379 0.004110 
380 0.004101 
381 0.005414 
382 0.004818 
383 0.003882 
384 0.004670 
385 0.005477 
386 0.004058 
387 0.002798 
388 0.003304 
389 0.003749 
390 0.003734 
391 0.004524 
392 0.004380 
393 0.001227 
394 -0.001577 
395 -0.000797 
396 0.001334 
397 0.001416 
398 0.000042 
399 -0.000140 
400 0.000617 
401 0.000470 
402 -0.000794 
403 -0.002209 
404 -0.003085 
405 -0.002315 
406 -0.000114 
407 0.001526 
408 0.001123 
409 0.000023 
410 0.000452 
411 0.000771 
412 -0.001261 
413 -0.003467 
414 -0.003714 
415 -0.003486 
416 -0.003522 
417 -0.003100 
418 -0.002574 
419 -0.001881 
420 -0.000434 
421 0.001262 
422 0.000956 
423 -0.001568 
424 -0.002647 
425 -0.000880 
426 0.000631 
427 -0.000036 
428 -0.001022 
429 -0.001030 
430 -0.002137 
431 -0.005036 
432 -0.006532 
433 -0.005127 
434 -0.002561 
435 -0.001347 
436 -0.001273 
437 -0.001111 
438 -0.001582 
439 -0.003420 
440 -0.003896 
441 -0.002497 
442 -0.003733 
443 -0.007324 
444 -0.007025 
445 -0.002996 
446 -0.001416 
447 -0.003098 
448 -0.002744 
449 -0.000564 
450 -0.001185 
451 -0.003431 
452 -0.002512 
453 -0.000393 
454 -0.001171 
455 -0.002923 
456 -0.001365 
457 0.001737 
458 0.001643 
459 -0.000014 
460 0.000954 
461 0.001958 
462 -0.000115 
463 -0.000962 
464 0.002402 
465 0.004379 
466 0.001251 
467 -0.001163 
468 0.001919 
469 0.005075 
470 0.003038 
471 -0.000236 
472 0.000015 
473 0.002068 
474 0.002266 
475 0.001758 
476 0.003162 
477 0.003225 
478 -0.000343 
479 -0.003599 
480 -0.003618 
481 -0.002811 
482 -0.003145 
483 -0.003129 
484 -0.000324 
485 0.002111 
486 0.000636 
487 -0.001648 
488 -0.001335 
489 -0.000350 
490 -0.000860 
491 -0.001963 
492 -0.002524 
493 -0.003258 
494 -0.004326 
495 -0.003848 
496 -0.001260 
497 0.000925 
498 0.001233 
499 -0.000268 
500 -0.002234 
501 -0.002578 
502 -0.001186 
503 0.000396 
504 0.000178 
505 -0.001536 
506 -0.001309 
507 0.000379 
508 0.000442 
509 0.000458 
510 0.001565 
511 0.001004 
512 -0.001015 
513 -0.001605 
514 -0.000047 
515 0.000652 
516 -0.001477 
517 -0.001764 
518 0.001108 
519 0.001771 
520 -0.000170 
521 -0.000731 
522 0.000528 
523 0.001091 
524 -0.000114 
525 -0.000694 
526 0.000447 
527 0.000261 
528 -0.000368 
529 0.001517 
530 0.002963 
531 0.001463 
532 0.000264 
533 0.001466 
534 0.003764 
535 0.003283 
536 0.000656 
537 0.000478 
538 0.001980 
539 0.001312 
540 0.000647 
541 0.001336 
542 0.000733 
543 -0.000241 
544 0.001040 
545 0.003417 
546 0.005081 
547 0.004850 
548 0.003291 
549 0.002006 
550 0.001438 
551 0.001827 
552 0.002626 
553 0.002030 
554 0.000559 
555 0.000166 
556 0.001122 
557 0.002804 
558 0.005000 
559 0.005909 
560 0.004144 
561 0.002050 
562 0.002051 
563 0.002300 
564 0.001052 
565 -0.000617 
566 -0.000989 
567 0.000094 
568 0.000809 
569 0.001014 
570 0.002419 
571 0.004140 
572 0.003802 
573 0.002300 
574 0.001024 
575 0.000231 
576 0.000429 
577 0.001208 
578 0.000934 
579 0.000156 
580 -0.000005 
581 -0.000218 
582 -0.001510 
583 -0.001735 
584 0.000098 
585 0.001444 
586 0.000430 
587 -0.000942 
588 -0.000777 
589 0.000012 
590 -0.000519 
591 -0.001616 
592 -0.001028 
593 -0.000649 
594 -0.001716 
595 -0.001032 
596 0.001854 
597 0.003845 
598 0.003510 
599 0.002157 
600 0.002363 
601 0.002263 
602 -0.000009 
603 -0.000516 
604 0.002718 
605 0.004431 
606 0.002231 
607 -0.000343 
608 -0.000358 
609 0.000665 
610 0.000799 
611 0.001609 
612 0.003755 
613 0.004369 
614 0.002199 
615 0.000721 
616 0.001661 
617 0.002140 
618 -0.000384 
619 -0.002859 
620 -0.002308 
621 -0.001206 
622 -0.001334 
623 -0.000118 
624 0.002570 
625 0.002335 
626 -0.000720 
627 -0.001897 
628 0.000060 
629 0.001111 
630 -0.000386 
631 -0.002085 
632 -0.001999 
633 -0.000731 
634 0.000403 
635 0.000517 
636 -0.000032 
637 -0.000082 
638 0.000563 
639 0.001291 
640 0.002161 
641 0.003221 
642 0.003672 
643 0.002947 
644 0.002433 
645 0.003860 
646 0.005461 
647 0.004612 
648 0.002827 
649 0.002558 
650 0.003732 
651 0.004912 
652 0.005356 
653 0.005535 
654 0.004718 
655 0.001665 
656 -0.000647 
657 0.000328 
658 0.002488 
659 0.002702 
660 0.001334 
661 0.000974 
662 0.001955 
663 0.002549 
664 0.002419 
665 0.002030 
666 0.001095 
667 0.000017 
668 -0.000125 
669 0.000172 
670 0.000249 
671 -0.000163 
672 -0.000451 
673 -0.000179 
674 -0.000283 
675 -0.000404 
676 0.000120 
677 -0.000474 
678 -0.002109 
679 -0.002181 
680 -0.000868 
681 0.000165 
682 0.000219 
683 -0.000361 
684 -0.000272 
685 0.000242 
686 0.000368 
687 0.000185 
688 -0.000233 
689 -0.000501 
690 0.000079 
691 0.000805 
692 0.001122 
693 0.000993 
694 0.000561 
695 0.000367 
696 0.000404 
697 0.000805 
698 0.001482 
699 0.001039 
700 -0.000853 
701 -0.002737 
702 -0.003596 
703 -0.002760 
704 -0.001286 
705 -0.000181 
706 0.001061 
707 0.001212 
708 -0.000185 
709 -0.000784 
710 0.000118 
711 0.000431 
712 -0.000388 
713 -0.001579 
714 -0.001851 
715 -0.001147 
716 -0.000733 
717 -0.000454 
718 0.000344 
719 0.000860 
720 0.000755 
721 0.000296 
722 0.000443 
723 0.001513 
724 0.001745 
725 0.000237 
726 -0.001058 
727 -0.001194 
728 -0.001050 
729 -0.000980 
730 -0.000602 
731 0.000170 
732 0.000546 
733 0.000215 
734 0.000006 
735 0.000542 
736 0.000712 
737 -0.000033 
738 -0.000757 
739 -0.001024 
740 -0.001172 
741 -0.001516 
742 -0.001455 
743 -0.000728 
744 -0.000075 
745 -0.000194 
746 -0.000357 
747 0.000020 
748 -0.000233 
749 -0.001188 
750 -0.001953 
751 -0.002918 
752 -0.004329 
753 -0.004982 
754 -0.004227 
755 -0.003199 
756 -0.002659 
757 -0.002626 
758 -0.002823 
759 -0.002856 
760 -0.002473 
761 -0.002269 
762 -0.002610 
763 -0.003279 
764 -0.003904 
765 -0.004032 
766 -0.004108 
767 -0.004237 
768 -0.004121 
769 -0.004311 
770 -0.004763 
771 -0.004423 
772 -0.003637 
773 -0.003461 
774 -0.004010 
775 -0.004482 
776 -0.003760 
777 -0.002485 
778 -0.001990 
779 -0.002166 
780 -0.002784 
781 -0.003932 
782 -0.004039 
783 -0.002350 
784 -0.000632 
785 -0.000430 
786 -0.001347 
787 -0.002069 
788 -0.002007 
789 -0.001384 
790 -0.000909 
791 -0.001368 
792 -0.002555 
793 -0.002839 
794 -0.001496 
795 0.000218 
796 0.000644 
797 0.000220 
798 -0.000029 
799 -0.000321 
800 -0.000597 
801 -0.000053 
802 0.000428 
803 -0.000270 
804 -0.001253 
805 -0.001239 
806 -0.000867 
807 -0.001355 
808 -0.001555 
809 -0.000211 
810 0.000794 
811 -0.000152 
812 -0.001212 
813 -0.001099 
814 -0.000834 
815 -0.000660 
816 0.000101 
817 0.000736 
818 0.000457 
819 0.000315 
820 0.001232 
821 0.001850 
822 0.000826 
823 -0.000269 
824 0.000168 
825 0.000686 
826 0.000173 
827 0.000385 
828 0.001766 
829 0.002000 
830 0.000864 
831 0.000384 
832 0.000785 
833 0.000688 
834 0.000178 
835 0.000514 
836 0.001211 
837 0.000775 
838 0.000179 
839 0.001140 
840 0.002116 
841 0.001310 
842 0.000156 
843 -0.000029 
844 0.000076 
845 -0.000022 
846 -0.000022 
847 0.000171 
848 -0.000052 
849 -0.000641 
850 -0.000605 
851 -0.000173 
852 -0.000343 
853 -0.000458 
854 0.000095 
855 0.000501 
856 0.000233 
857 -0.000078 
858 0.000065 
859 0.000098 
860 -0.000401 
861 -0.000601 
862 -0.000025 
863 0.000520 
864 0.000364 
865 0.000089 
866 0.000381 
867 0.000832 
868 0.000854 
869 0.001097 
870 0.001648 
871 0.001392 
872 0.000653 
873 0.000864 
874 0.001818 
875 0.001842 
876 0.001024 
877 0.000906 
878 0.001399 
879 0.001469 
880 0.001343 
881 0.001511 
882 0.001607 
883 0.001474 
884 0.001452 
885 0.001601 
886 0.001376 
887 0.000921 
888 0.001184 
889 0.001777 
890 0.001611 
891 0.001022 
892 0.001032 
893 0.001385 
894 0.001246 
895 0.001015 
896 0.001197 
897 0.001366 
898 0.000990 
899 0.000659 
900 0.000756 
901 0.000847 
902 0.000843 
903 0.001025 
904 0.000993 
905 0.000292 
906 -0.000321 
907 -0.000143 
908 0.000325 
909 0.000352 
910 0.000078 
911 0.000059 
912 0.000228 
913 0.000205 
914 -0.000052 
915 -0.000340 
916 -0.000521 
917 -0.000379 
918 0.000037 
919 0.000348 
920 0.000281 
921 0.000091 
922 0.000178 
923 0.000222 
924 -0.000157 
925 -0.000569 
926 -0.000640 
927 -0.000626 
928 -0.000648 
929 -0.000581 
930 -0.000489 
931 -0.000362 
932 -0.000114 
933 0.000164 
934 0.000118 
935 -0.000280 
936 -0.000451 
937 -0.000186 
938 0.000033 
939 -0.000074 
940 -0.000218 
941 -0.000212 
942 -0.000364 
943 -0.000768 
944 -0.000964 
945 -0.000754 
946 -0.000388 
947 -0.000215 
948 -0.000198 
949 -0.000172 
950 -0.000230 
951 -0.000467 
952 -0.000524 
953 -0.000337 
954 -0.000489 
955 -0.000927 
956 -0.000875 
957 -0.000369 
958 -0.000167 
959 -0.000358 
960 -0.000306 
961 -0.000046 
962 -0.000120 
963 -0.000381 
964 -0.000279 
965 -0.000043 
966 -0.000131 
967 -0.000324 
968 -0.000153 
969 0.000182 
970 0.000166 
971 -0.000017 
972 0.000077 
973 0.000171 
974 -0.000055 
975 -0.000151 
976 0.000181 
977 0.000370 
978 0.000050 
979 -0.000193 
980 0.000104 
981 0.000406 
982 0.000207 
983 -0.000104 
984 -0.000075 
985 0.000123 
986 0.000144 
987 0.000097 
988 0.000226 
989 0.000231 
990 -0.000091 
991 -0.000382 
992 -0.000379 
993 -0.000303 
994 -0.000326 
995 -0.000318 
996 -0.000069 
997 0.000145 
998 0.000021 
999 -0.000172 
1000 -0.000142 
1001 -0.000056 
1002 -0.000097 
1003 -0.000186 
1004 -0.000230 
1005 -0.000287 
1006 -0.000369 
1007 -0.000325 
1008 -0.000108 
1009 0.000072 
1010 0.000097 
1011 -0.000025 
1012 -0.000187 
1013 -0.000217 
1014 -0.000106 
1015 0.000020 
1016 0.000001 
1017 -0.000139 
1018 -0.000123 
1019 0.000010 
1020 0.000012 
1021 0.000011 
1022 0.000098 
1023 0.000051 
