0 -0.000329 
1 -0.000107 
2 -0.000049 
3 -0.000155 
4 -0.000114 
5 0.000152 
6 0.000267 
7 -0.000041 
8 -0.000443 
9 -0.000552 
10 -0.000384 
11 -0.000193 
12 -0.000061 
13 0.000009 
14 -0.000034 
15 -0.000188 
16 -0.000282 
17 -0.000265 
18 -0.000305 
19 -0.000574 
20 -0.000875 
21 -0.000821 
22 -0.000211 
23 0.000571 
24 0.000868 
25 0.000320 
26 -0.000499 
27 -0.000638 
28 -0.000119 
29 0.000148 
30 -0.000097 
31 -0.000261 
32 0.000015 
33 0.000365 
34 0.000322 
35 -0.000119 
36 -0.000482 
37 -0.000576 
38 -0.000440 
39 0.000029 
40 0.000703 
41 0.001034 
42 0.000707 
43 0.000086 
44 -0.000380 
45 -0.000794 
46 -0.001232 
47 -0.001147 
48 -0.000185 
49 0.000928 
50 0.001046 
51 0.000079 
52 -0.000694 
53 -0.000483 
54 -0.000063 
55 -0.000353 
56 -0.000888 
57 -0.000701 
58 0.000021 
59 0.000415 
60 0.000217 
61 -0.000139 
62 -0.000373 
63 -0.000475 
64 -0.000332 
65 0.000179 
66 0.000544 
67 0.000211 
68 -0.000412 
69 -0.000534 
70 -0.000118 
71 0.000282 
72 0.000256 
73 0.000035 
74 0.000023 
75 0.000048 
76 -0.000146 
77 -0.000120 
78 0.000502 
79 0.000834 
80 0.000018 
81 -0.001134 
82 -0.000930 
83 0.000568 
84 0.001308 
85 0.000483 
86 -0.000228 
87 0.000487 
88 0.001319 
89 0.000779 
90 -0.000247 
91 -0.000403 
92 0.000103 
93 0.000365 
94 0.000483 
95 0.000949 
96 0.001435 
97 0.001441 
98 0.001030 
99 0.000569 
100 0.000228 
101 0.000086 
102 0.000321 
103 0.000821 
104 0.001216 
105 0.001246 
106 0.000981 
107 0.000698 
108 0.000548 
109 0.000680 
110 0.000937 
111 0.000727 
112 -0.000075 
113 -0.000677 
114 -0.000163 
115 0.000941 
116 0.001432 
117 0.001223 
118 0.000858 
119 0.000443 
120 0.000209 
121 0.000462 
122 0.000727 
123 0.000695 
124 0.000585 
125 0.000762 
126 0.001474 
127 0.002295 
128 0.001879 
129 -0.000035 
130 -0.001585 
131 -0.000801 
132 0.001502 
133 0.003111 
134 0.002797 
135 0.001234 
136 0.000158 
137 0.000108 
138 0.000390 
139 0.000616 
140 0.000772 
141 0.000613 
142 0.000354 
143 0.000536 
144 0.000993 
145 0.001031 
146 0.001119 
147 0.001932 
148 0.002519 
149 0.001957 
150 0.000917 
151 0.000209 
152 -0.000439 
153 -0.001400 
154 -0.001892 
155 -0.000917 
156 0.001032 
157 0.002148 
158 0.001725 
159 0.000999 
160 0.000754 
161 0.000196 
162 -0.000499 
163 -0.000127 
164 0.000886 
165 0.000802 
166 -0.000308 
167 -0.000577 
168 -0.000008 
169 -0.000449 
170 -0.002423 
171 -0.003794 
172 -0.002489 
173 0.000073 
174 0.001014 
175 0.000542 
176 0.000115 
177 -0.000342 
178 -0.000977 
179 -0.001431 
180 -0.001479 
181 -0.001924 
182 -0.003193 
183 -0.004097 
184 -0.003321 
185 -0.001342 
186 0.000101 
187 -0.000090 
188 -0.000985 
189 -0.001266 
190 -0.001160 
191 -0.001825 
192 -0.003260 
193 -0.003720 
194 -0.002606 
195 -0.001616 
196 -0.001786 
197 -0.001811 
198 -0.000805 
199 -0.000408 
200 -0.002117 
201 -0.004499 
202 -0.004366 
203 -0.001293 
204 0.001516 
205 0.001675 
206 0.000073 
207 -0.001276 
208 -0.001621 
209 -0.002103 
210 -0.003682 
211 -0.005116 
212 -0.004481 
213 -0.001819 
214 0.000677 
215 0.001443 
216 0.000909 
217 -0.000545 
218 -0.002462 
219 -0.003442 
220 -0.002840 
221 -0.002305 
222 -0.002971 
223 -0.003161 
224 -0.001789 
225 -0.000833 
226 -0.001792 
227 -0.002942 
228 -0.002191 
229 -0.001109 
230 -0.002565 
231 -0.005322 
232 -0.005704 
233 -0.003579 
234 -0.001688 
235 -0.001205 
236 -0.000582 
237 0.000997 
238 0.001787 
239 0.000160 
240 -0.002590 
241 -0.003349 
242 -0.002144 
243 -0.002123 
244 -0.004022 
245 -0.005136 
246 -0.003196 
247 0.000462 
248 0.001832 
249 -0.000270 
250 -0.002543 
251 -0.002769 
252 -0.003011 
253 -0.003620 
254 -0.002267 
255 0.000424 
256 0.000255 
257 -0.002239 
258 -0.002788 
259 -0.000987 
260 -0.000521 
261 -0.002224 
262 -0.003358 
263 -0.002664 
264 -0.001891 
265 -0.002010 
266 -0.000827 
267 0.002324 
268 0.003918 
269 0.000512 
270 -0.004548 
271 -0.005727 
272 -0.002302 
273 0.001881 
274 0.003738 
275 0.003104 
276 0.001869 
277 0.001518 
278 0.002336 
279 0.002247 
280 -0.000300 
281 -0.003646 
282 -0.005123 
283 -0.003320 
284 0.000263 
285 0.003444 
286 0.005362 
287 0.005863 
288 0.004381 
289 0.001779 
290 -0.000475 
291 -0.002164 
292 -0.003464 
293 -0.004031 
294 -0.002208 
295 0.002251 
296 0.005791 
297 0.006660 
298 0.007294 
299 0.007986 
300 0.005351 
301 -0.001752 
302 -0.007631 
303 -0.006637 
304 -0.000552 
305 0.004902 
306 0.006709 
307 0.005916 
308 0.003770 
309 0.000783 
310 -0.002192 
311 -0.002871 
312 -0.000159 
313 0.003758 
314 0.005885 
315 0.005645 
316 0.004421 
317 0.003040 
318 0.000177 
319 -0.004676 
320 -0.008488 
321 -0.007439 
322 -0.001413 
323 0.005044 
324 0.007326 
325 0.006382 
326 0.005370 
327 0.003104 
328 -0.001721 
329 -0.005599 
330 -0.004825 
331 -0.001372 
332 0.000288 
333 0.000368 
334 0.001683 
335 0.003594 
336 0.002535 
337 -0.000711 
338 -0.001991 
339 -0.000655 
340 -0.000708 
341 -0.002117 
342 -0.001039 
343 0.002181 
344 0.001811 
345 -0.002922 
346 -0.006294 
347 -0.004129 
348 0.000347 
349 0.001540 
350 -0.000522 
351 -0.002220 
352 -0.002671 
353 -0.003318 
354 -0.004360 
355 -0.004425 
356 -0.003456 
357 -0.003694 
358 -0.005386 
359 -0.003560 
360 0.002255 
361 0.005392 
362 0.001537 
363 -0.004030 
364 -0.004652 
365 -0.001482 
366 -0.000410 
367 -0.002665 
368 -0.004073 
369 -0.002199 
370 -0.000254 
371 -0.001216 
372 -0.002202 
373 -0.001344 
374 -0.000871 
375 -0.002709 
376 -0.003527 
377 -0.001238 
378 0.000881 
379 0.000054 
380 -0.001359 
381 -0.001035 
382 -0.000609 
383 -0.001741 
384 -0.002962 
385 -0.000966 
386 0.003131 
387 0.004221 
388 0.000561 
389 -0.001894 
390 0.000553 
391 0.002659 
392 0.000747 
393 -0.002125 
394 -0.003288 
395 -0.002503 
396 0.000761 
397 0.005032 
398 0.006103 
399 0.001380 
400 -0.003902 
401 -0.003168 
402 0.001700 
403 0.003501 
404 0.001597 
405 0.000364 
406 0.000307 
407 -0.001286 
408 -0.002986 
409 -0.001974 
410 -0.000222 
411 -0.001865 
412 -0.005374 
413 -0.004559 
414 0.000721 
415 0.003748 
416 0.003376 
417 0.002846 
418 0.002731 
419 0.002517 
420 0.002811 
421 0.004463 
422 0.005214 
423 0.001552 
424 -0.004579 
425 -0.006107 
426 -0.000762 
427 0.004885 
428 0.005560 
429 0.004167 
430 0.005433 
431 0.007628 
432 0.007943 
433 0.004685 
434 0.000213 
435 -0.000911 
436 0.001836 
437 0.002588 
438 0.000501 
439 0.001264 
440 0.004940 
441 0.006446 
442 0.003998 
443 0.001588 
444 0.002800 
445 0.005625 
446 0.006140 
447 0.003610 
448 0.000965 
449 0.001358 
450 0.003398 
451 0.004330 
452 0.005907 
453 0.008985 
454 0.009791 
455 0.006873 
456 0.003317 
457 0.003834 
458 0.006677 
459 0.005960 
460 0.001724 
461 -0.000244 
462 0.002375 
463 0.005987 
464 0.007323 
465 0.008301 
466 0.011622 
467 0.013443 
468 0.009585 
469 0.003802 
470 0.002461 
471 0.005720 
472 0.006766 
473 0.003269 
474 0.000054 
475 0.000937 
476 0.005452 
477 0.009440 
478 0.009063 
479 0.006619 
480 0.006254 
481 0.006795 
482 0.006484 
483 0.006861 
484 0.008026 
485 0.006672 
486 0.002742 
487 0.000363 
488 0.002624 
489 0.005494 
490 0.003811 
491 -0.000169 
492 -0.000592 
493 0.002493 
494 0.004582 
495 0.004769 
496 0.006942 
497 0.009676 
498 0.007786 
499 0.002815 
500 0.000493 
501 0.001373 
502 0.000696 
503 -0.002395 
504 -0.002992 
505 -0.000001 
506 0.002715 
507 0.003783 
508 0.004171 
509 0.003397 
510 -0.000068 
511 -0.004125 
512 -0.003972 
513 -0.001199 
514 -0.000484 
515 -0.001808 
516 -0.001308 
517 0.001990 
518 0.003412 
519 -0.000421 
520 -0.005389 
521 -0.006701 
522 -0.004605 
523 -0.002231 
524 -0.000607 
525 0.000228 
526 -0.000319 
527 -0.002191 
528 -0.003324 
529 -0.003117 
530 -0.003612 
531 -0.006820 
532 -0.010399 
533 -0.009718 
534 -0.002461 
535 0.006771 
536 0.010207 
537 0.003751 
538 -0.005753 
539 -0.007314 
540 -0.001330 
541 0.001683 
542 -0.001113 
543 -0.002952 
544 0.000137 
545 0.003982 
546 0.003453 
547 -0.001405 
548 -0.005328 
549 -0.006306 
550 -0.004798 
551 0.000205 
552 0.007293 
553 0.010669 
554 0.007193 
555 0.000759 
556 -0.003965 
557 -0.008123 
558 -0.012440 
559 -0.011509 
560 -0.001977 
561 0.008858 
562 0.009919 
563 0.000607 
564 -0.006697 
565 -0.004656 
566 -0.000698 
567 -0.003341 
568 -0.008190 
569 -0.006450 
570 0.000048 
571 0.003533 
572 0.001756 
573 -0.001347 
574 -0.003330 
575 -0.004157 
576 -0.002919 
577 0.001337 
578 0.004321 
579 0.001575 
580 -0.003456 
581 -0.004386 
582 -0.001072 
583 0.002055 
584 0.001827 
585 0.000108 
586 0.000000 
587 0.000189 
588 -0.001236 
589 -0.001024 
590 0.003453 
591 0.005773 
592 -0.000023 
593 -0.008019 
594 -0.006506 
595 0.003771 
596 0.008691 
597 0.003094 
598 -0.001614 
599 0.003027 
600 0.008313 
601 0.004769 
602 -0.001717 
603 -0.002685 
604 0.000479 
605 0.002072 
606 0.002766 
607 0.005500 
608 0.008278 
609 0.008228 
610 0.005800 
611 0.003124 
612 0.001195 
613 0.000404 
614 0.001666 
615 0.004368 
616 0.006412 
617 0.006507 
618 0.005062 
619 0.003548 
620 0.002748 
621 0.003395 
622 0.004632 
623 0.003530 
624 -0.000403 
625 -0.003284 
626 -0.000815 
627 0.004360 
628 0.006577 
629 0.005547 
630 0.003841 
631 0.001946 
632 0.000912 
633 0.002017 
634 0.003135 
635 0.002955 
636 0.002449 
637 0.003145 
638 0.006035 
639 0.009323 
640 0.007554 
641 -0.000129 
642 -0.006199 
643 -0.003077 
644 0.005794 
645 0.011841 
646 0.010519 
647 0.004610 
648 0.000608 
649 0.000425 
650 0.001427 
651 0.002217 
652 0.002749 
653 0.002192 
654 0.001303 
655 0.001921 
656 0.003434 
657 0.003501 
658 0.003738 
659 0.006320 
660 0.008126 
661 0.006272 
662 0.002955 
663 0.000760 
664 -0.001204 
665 -0.004066 
666 -0.005482 
667 -0.002538 
668 0.003174 
669 0.006360 
670 0.005084 
671 0.002991 
672 0.002274 
673 0.000702 
674 -0.001206 
675 -0.000184 
676 0.002519 
677 0.002272 
678 -0.000629 
679 -0.001312 
680 0.000145 
681 -0.000948 
682 -0.005846 
683 -0.009134 
684 -0.005834 
685 0.000422 
686 0.002658 
687 0.001521 
688 0.000514 
689 -0.000546 
690 -0.002003 
691 -0.003003 
692 -0.003075 
693 -0.004025 
694 -0.006754 
695 -0.008632 
696 -0.006870 
697 -0.002616 
698 0.000425 
699 0.000042 
700 -0.001775 
701 -0.002318 
702 -0.002070 
703 -0.003347 
704 -0.006122 
705 -0.006953 
706 -0.004730 
707 -0.002797 
708 -0.003084 
709 -0.003108 
710 -0.001211 
711 -0.000476 
712 -0.003544 
713 -0.007743 
714 -0.007428 
715 -0.001993 
716 0.002886 
717 0.003114 
718 0.000379 
719 -0.001873 
720 -0.002432 
721 -0.003196 
722 -0.005711 
723 -0.007941 
724 -0.006860 
725 -0.002625 
726 0.001266 
727 0.002427 
728 0.001592 
729 -0.000619 
730 -0.003462 
731 -0.004856 
732 -0.003938 
733 -0.003137 
734 -0.004058 
735 -0.004278 
736 -0.002330 
737 -0.000989 
738 -0.002272 
739 -0.003807 
740 -0.002783 
741 -0.001335 
742 -0.003225 
743 -0.006759 
744 -0.007192 
745 -0.004438 
746 -0.002045 
747 -0.001416 
748 -0.000643 
749 0.001277 
750 0.002205 
751 0.000255 
752 -0.002994 
753 -0.003866 
754 -0.002443 
755 -0.002406 
756 -0.004528 
757 -0.005736 
758 -0.003523 
759 0.000509 
760 0.001984 
761 -0.000295 
762 -0.002701 
763 -0.002920 
764 -0.003150 
765 -0.003739 
766 -0.002329 
767 0.000397 
768 0.000208 
769 -0.002260 
770 -0.002774 
771 -0.001014 
772 -0.000564 
773 -0.002166 
774 -0.003211 
775 -0.002533 
776 -0.001802 
777 -0.001901 
778 -0.000829 
779 0.001970 
780 0.003348 
781 0.000357 
782 -0.003988 
783 -0.004948 
784 -0.002020 
785 0.001484 
786 0.002995 
787 0.002446 
788 0.001428 
789 0.001139 
790 0.001770 
791 0.001681 
792 -0.000304 
793 -0.002862 
794 -0.003959 
795 -0.002567 
796 0.000110 
797 0.002447 
798 0.003817 
799 0.004134 
800 0.003036 
801 0.001178 
802 -0.000393 
803 -0.001545 
804 -0.002420 
805 -0.002774 
806 -0.001534 
807 0.001415 
808 0.003709 
809 0.004231 
810 0.004593 
811 0.004985 
812 0.003289 
813 -0.001134 
814 -0.004723 
815 -0.004066 
816 -0.000376 
817 0.002865 
818 0.003892 
819 0.003385 
820 0.002106 
821 0.000383 
822 -0.001298 
823 -0.001663 
824 -0.000151 
825 0.001988 
826 0.003112 
827 0.002954 
828 0.002282 
829 0.001543 
830 0.000050 
831 -0.002425 
832 -0.004316 
833 -0.003744 
834 -0.000728 
835 0.002441 
836 0.003522 
837 0.003031 
838 0.002527 
839 0.001437 
840 -0.000806 
841 -0.002563 
842 -0.002181 
843 -0.000617 
844 0.000130 
845 0.000165 
846 0.000740 
847 0.001553 
848 0.001092 
849 -0.000274 
850 -0.000796 
851 -0.000237 
852 -0.000252 
853 -0.000809 
854 -0.000373 
855 0.000896 
856 0.000742 
857 -0.001079 
858 -0.002346 
859 -0.001508 
860 0.000172 
861 0.000614 
862 -0.000135 
863 -0.000734 
864 -0.000885 
865 -0.001106 
866 -0.001462 
867 -0.001466 
868 -0.001114 
869 -0.001178 
870 -0.001720 
871 -0.001103 
872 0.000801 
873 0.001805 
874 0.000566 
875 -0.001183 
876 -0.001359 
877 -0.000378 
878 -0.000050 
879 -0.000723 
880 -0.001131 
881 -0.000571 
882 -0.000001 
883 -0.000272 
884 -0.000540 
885 -0.000286 
886 -0.000149 
887 -0.000650 
888 -0.000864 
889 -0.000242 
890 0.000313 
891 0.000091 
892 -0.000277 
893 -0.000191 
894 -0.000088 
895 -0.000368 
896 -0.000663 
897 -0.000176 
898 0.000813 
899 0.001062 
900 0.000190 
901 -0.000384 
902 0.000180 
903 0.000651 
904 0.000209 
905 -0.000432 
906 -0.000685 
907 -0.000504 
908 0.000201 
909 0.001100 
910 0.001307 
911 0.000315 
912 -0.000769 
913 -0.000610 
914 0.000365 
915 0.000714 
916 0.000335 
917 0.000090 
918 0.000078 
919 -0.000223 
920 -0.000537 
921 -0.000349 
922 -0.000029 
923 -0.000313 
924 -0.000936 
925 -0.000784 
926 0.000136 
927 0.000654 
928 0.000585 
929 0.000491 
930 0.000467 
931 0.000425 
932 0.000463 
933 0.000714 
934 0.000821 
935 0.000235 
936 -0.000716 
937 -0.000941 
938 -0.000125 
939 0.000721 
940 0.000812 
941 0.000602 
942 0.000778 
943 0.001079 
944 0.001112 
945 0.000645 
946 0.000021 
947 -0.000134 
948 0.000231 
949 0.000326 
950 0.000049 
951 0.000149 
952 0.000621 
953 0.000807 
954 0.000488 
955 0.000185 
956 0.000331 
957 0.000670 
958 0.000725 
959 0.000415 
960 0.000095 
961 0.000137 
962 0.000371 
963 0.000472 
964 0.000643 
965 0.000981 
966 0.001061 
967 0.000730 
968 0.000334 
969 0.000385 
970 0.000684 
971 0.000601 
972 0.000150 
973 -0.000056 
974 0.000216 
975 0.000583 
976 0.000712 
977 0.000807 
978 0.001131 
979 0.001301 
980 0.000912 
981 0.000344 
982 0.000212 
983 0.000519 
984 0.000611 
985 0.000281 
986 -0.000019 
987 0.000062 
988 0.000476 
989 0.000835 
990 0.000792 
991 0.000565 
992 0.000527 
993 0.000572 
994 0.000543 
995 0.000577 
996 0.000674 
997 0.000556 
998 0.000216 
999 0.000010 
1000 0.000201 
1001 0.000441 
1002 0.000297 
1003 -0.000037 
1004 -0.000074 
1005 0.000185 
1006 0.000358 
1007 0.000374 
1008 0.000553 
1009 0.000774 
1010 0.000617 
1011 0.000213 
1012 0.000025 
1013 0.000095 
1014 0.000041 
1015 -0.000208 
1016 -0.000256 
1017 -0.000013 
1018 0.000208 
1019 0.000294 
1020 0.000327 
1021 0.000263 
1022 -0.000011 
1023 -0.000334 
