0 -0.082777 
1 0.601743 
2 0.891926 
3 0.001827 
4 -0.355265 
5 0.282851 
6 -0.176816 
7 -0.100914 
8 0.194437 
9 -0.158673 
10 -0.034046 
11 0.102111 
12 -0.149036 
13 0.141028 
14 0.018552 
15 -0.031713 
16 0.105090 
17 -0.154163 
18 0.001360 
19 0.054504 
20 -0.086055 
21 0.172455 
22 -0.050904 
23 0.047511 
24 -0.048198 
25 -0.037390 
26 0.080909 
27 -0.069651 
28 0.049384 
29 -0.073525 
30 -0.023345 
31 -0.041556 
32 -0.014971 
33 -0.002182 
34 0.049635 
35 -0.172710 
36 0.087904 
37 -0.061262 
38 -0.005487 
39 0.110646 
40 -0.139869 
41 0.063148 
42 -0.041601 
43 -0.106796 
44 0.181311 
45 -0.055434 
46 -0.085701 
47 0.191224 
48 -0.319267 
49 0.188987 
50 -0.049382 
51 0.015361 
52 0.105656 
53 -0.084491 
54 0.072960 
55 0.000752 
56 -0.053036 
57 0.124917 
58 -0.046413 
59 -0.054020 
60 0.103846 
61 -0.097906 
62 0.038202 
63 -0.017126 
64 -0.050499 
65 0.057689 
66 -0.043272 
67 0.089757 
68 0.031047 
69 -0.075936 
70 0.156686 
71 -0.202441 
72 0.173473 
73 0.015747 
74 -0.068013 
75 0.069372 
76 -0.082377 
77 -0.042153 
78 0.081235 
79 -0.085445 
80 0.070385 
81 -0.092040 
82 -0.040011 
83 -0.017408 
84 -0.001885 
85 0.086572 
86 0.023613 
87 -0.027334 
88 -0.039991 
89 -0.134974 
90 -0.040649 
91 0.038506 
92 -0.096908 
93 0.248267 
94 -0.172023 
95 0.033898 
96 0.047413 
97 -0.259314 
98 0.201910 
99 -0.056400 
100 0.063723 
101 0.159461 
102 -0.089951 
103 0.042975 
104 -0.111237 
105 -0.078367 
106 0.075934 
107 -0.088547 
108 0.098607 
109 0.080123 
110 -0.174642 
111 0.167362 
112 -0.171841 
113 0.011124 
114 0.099260 
115 -0.008701 
116 0.037359 
117 0.053821 
118 -0.122241 
119 0.053411 
120 -0.040530 
121 0.057029 
122 0.007635 
123 -0.048251 
124 0.147573 
125 -0.109883 
126 0.201162 
127 -0.058368 
128 0.015659 
129 0.047068 
130 -0.130268 
131 0.124283 
132 0.000007 
133 -0.053494 
134 0.012153 
135 -0.051357 
136 -0.157872 
137 0.091044 
138 -0.152811 
139 0.059309 
140 -0.057341 
141 -0.072198 
142 0.126855 
143 -0.100564 
144 0.083363 
145 0.043303 
146 -0.175923 
147 0.125359 
148 -0.102599 
149 -0.014539 
150 0.175452 
151 -0.151168 
152 0.094581 
153 -0.068099 
154 -0.126822 
155 0.093648 
156 -0.105304 
157 0.076066 
158 -0.068113 
159 0.004001 
160 0.033404 
161 -0.061044 
162 -0.000119 
163 -0.018651 
164 -0.033975 
165 -0.020235 
166 0.139575 
167 -0.121648 
168 0.148724 
169 -0.100756 
170 0.023803 
171 0.062719 
172 -0.043681 
173 0.133452 
174 -0.063679 
175 0.034533 
176 -0.030603 
177 -0.008260 
178 0.003251 
179 0.014987 
180 -0.021902 
181 -0.022874 
182 -0.093281 
183 0.001354 
184 0.045449 
185 -0.097041 
186 0.163359 
187 -0.108002 
188 -0.001912 
189 0.080038 
190 -0.127972 
191 0.114278 
192 -0.030087 
193 -0.039533 
194 0.101624 
195 -0.085834 
196 0.028442 
197 0.006281 
198 -0.100561 
199 0.124650 
200 -0.115776 
201 0.133828 
202 0.042918 
203 -0.005996 
204 0.071033 
205 -0.017138 
206 -0.055897 
207 0.029286 
208 -0.071327 
209 0.031239 
210 0.016835 
211 -0.100134 
212 0.175709 
213 -0.134449 
214 0.072432 
215 -0.037316 
216 -0.089594 
217 0.031519 
218 -0.061913 
219 0.121670 
220 0.013069 
221 -0.106342 
222 0.099970 
223 -0.135776 
224 -0.062007 
225 0.215268 
226 -0.165553 
227 0.195949 
228 -0.086043 
229 -0.071366 
230 0.139601 
231 -0.160335 
232 0.157883 
233 -0.014905 
234 -0.022317 
235 0.060435 
236 -0.067478 
237 0.020540 
238 0.065452 
239 -0.114261 
240 0.099975 
241 -0.111363 
242 -0.021095 
243 0.085532 
244 -0.159307 
245 0.185521 
246 -0.093303 
247 -0.011616 
248 0.102004 
249 -0.186799 
250 0.077537 
251 0.005388 
252 -0.071204 
253 0.092310 
254 -0.029805 
255 -0.062146 
256 0.012170 
257 -0.203316 
258 0.126164 
259 -0.129735 
260 0.066413 
261 0.144694 
262 -0.162262 
263 0.127550 
264 -0.093198 
265 -0.070497 
266 0.092337 
267 -0.047729 
268 0.028708 
269 0.063427 
270 -0.114951 
271 0.106329 
272 -0.083692 
273 0.012342 
274 0.088663 
275 -0.171308 
276 0.163664 
277 -0.146825 
278 0.102409 
279 0.002980 
280 -0.084276 
281 0.059788 
282 -0.126685 
283 -0.084577 
284 0.064495 
285 -0.078481 
286 -0.002452 
287 0.089750 
288 -0.130322 
289 0.103907 
290 -0.040953 
291 -0.012084 
292 0.072210 
293 -0.049709 
294 0.088053 
295 -0.034903 
296 0.041863 
297 0.007538 
298 -0.060972 
299 0.000813 
300 0.014135 
301 -0.028467 
302 0.086732 
303 -0.006624 
304 0.028072 
305 0.076441 
306 -0.100456 
307 0.114081 
308 -0.093458 
309 -0.003120 
310 0.045146 
311 -0.046518 
312 0.071946 
313 0.008277 
314 0.020782 
315 -0.042784 
316 -0.026327 
317 -0.034184 
318 0.058419 
319 -0.083703 
320 0.184543 
321 -0.109954 
322 0.024548 
323 0.071748 
324 -0.086908 
325 0.121019 
326 -0.006189 
327 -0.030995 
328 -0.000021 
329 -0.006080 
330 -0.083555 
331 0.104004 
332 -0.064877 
333 0.101969 
334 -0.104578 
335 0.036238 
336 0.035412 
337 -0.106761 
338 0.172196 
339 -0.063175 
340 0.044565 
341 0.003216 
342 -0.031952 
343 -0.047033 
344 0.022524 
345 -0.099679 
346 0.084601 
347 -0.078336 
348 0.040515 
349 0.037287 
350 -0.121974 
351 0.127912 
352 -0.116899 
353 0.059225 
354 0.035626 
355 -0.080945 
356 0.053148 
357 -0.105806 
358 -0.057610 
359 0.065827 
360 -0.085382 
361 0.057809 
362 0.053539 
363 -0.169965 
364 0.132026 
365 -0.105980 
366 0.027248 
367 0.080688 
368 -0.116897 
369 0.058707 
370 -0.112180 
371 0.025768 
372 0.079738 
373 -0.084814 
374 0.082982 
375 -0.053066 
376 -0.096509 
377 0.074374 
378 -0.094611 
379 0.072167 
380 0.084312 
381 -0.136177 
382 0.180696 
383 -0.161341 
384 0.058517 
385 -0.039482 
386 -0.073616 
387 0.059351 
388 -0.048612 
389 -0.009530 
390 0.066558 
391 -0.083063 
392 -0.014296 
393 0.025286 
394 -0.116259 
395 0.179798 
396 -0.138335 
397 0.131971 
398 -0.071300 
399 -0.031256 
400 0.128172 
401 -0.103886 
402 0.124725 
403 -0.058896 
404 -0.080414 
405 0.018242 
406 -0.017861 
407 -0.050927 
408 0.114680 
409 -0.127233 
410 0.060667 
411 -0.008774 
412 -0.009421 
413 0.106970 
414 -0.063898 
415 0.118761 
416 -0.053549 
417 -0.049445 
418 0.081422 
419 -0.042732 
420 0.000058 
421 0.115555 
422 -0.099237 
423 0.098659 
424 0.034965 
425 -0.080737 
426 0.160045 
427 -0.169645 
428 0.107501 
429 -0.054843 
430 0.066705 
431 0.030718 
432 -0.058251 
433 0.023979 
434 -0.066677 
435 -0.011450 
436 0.047873 
437 -0.003166 
438 0.012165 
439 0.087432 
440 -0.120901 
441 0.174534 
442 -0.069935 
443 0.003856 
444 0.073548 
445 -0.124905 
446 0.051287 
447 -0.030558 
448 0.002269 
449 0.016845 
450 -0.008334 
451 -0.054602 
452 0.006090 
453 -0.074987 
454 0.109149 
455 -0.082730 
456 0.018339 
457 0.062640 
458 -0.141914 
459 0.134751 
460 -0.046031 
461 -0.014777 
462 0.000543 
463 -0.056501 
464 -0.022930 
465 0.013948 
466 -0.034799 
467 0.022278 
468 -0.065681 
469 -0.040646 
470 0.109955 
471 -0.145803 
472 0.164447 
473 -0.100071 
474 -0.022828 
475 0.017316 
476 -0.147223 
477 0.120405 
478 -0.067815 
479 -0.017743 
480 0.063577 
481 -0.065336 
482 -0.002743 
483 0.094632 
484 -0.103486 
485 0.044335 
486 -0.029197 
487 -0.042942 
488 0.092615 
489 -0.037195 
490 0.067980 
491 -0.129077 
492 0.008800 
493 -0.025819 
494 -0.064107 
495 0.093347 
496 -0.027252 
497 -0.074406 
498 0.097139 
499 -0.073661 
500 0.019522 
501 0.098321 
502 -0.114997 
503 0.137926 
504 -0.104512 
505 0.055734 
506 -0.004033 
507 -0.055225 
508 0.008015 
509 -0.047490 
510 -0.038178 
511 0.067424 
512 -0.045228 
513 0.066406 
514 0.042414 
515 -0.119614 
516 0.186606 
517 -0.108150 
518 0.076455 
519 0.091670 
520 -0.134641 
521 0.114886 
522 -0.069094 
523 0.022930 
524 0.048230 
525 -0.050432 
526 0.055901 
527 -0.061021 
528 0.017909 
529 0.093229 
530 -0.077644 
531 0.065488 
532 -0.031452 
533 -0.104937 
534 0.060678 
535 -0.039006 
536 0.027412 
537 0.072242 
538 -0.102955 
539 0.085274 
540 -0.042694 
541 0.005828 
542 0.178731 
543 -0.109477 
544 0.102365 
545 -0.001049 
546 -0.111448 
547 0.185727 
548 -0.078510 
549 0.068242 
550 -0.036231 
551 -0.043025 
552 0.022123 
553 -0.098347 
554 0.025693 
555 -0.021115 
556 -0.094432 
557 0.007483 
558 0.052739 
559 -0.100387 
560 0.136220 
561 -0.092718 
562 0.003777 
563 -0.000103 
564 -0.032510 
565 0.135740 
566 -0.176887 
567 0.088965 
568 -0.032924 
569 -0.147203 
570 0.179975 
571 -0.047613 
572 -0.025978 
573 0.072703 
574 -0.135636 
575 0.052533 
576 0.026540 
577 -0.038554 
578 0.085446 
579 -0.153255 
580 -0.003500 
581 -0.035981 
582 -0.072915 
583 0.100478 
584 -0.024535 
585 -0.080808 
586 0.080567 
587 -0.142857 
588 0.078370 
589 -0.017227 
590 0.001875 
591 0.112407 
592 -0.157931 
593 0.126758 
594 -0.086764 
595 -0.081707 
596 0.119505 
597 -0.129096 
598 0.069365 
599 0.043357 
600 -0.008666 
601 0.069075 
602 -0.063977 
603 0.045250 
604 0.026607 
605 -0.065796 
606 0.120773 
607 -0.047408 
608 -0.147765 
609 0.138615 
610 -0.189102 
611 0.052586 
612 0.062444 
613 -0.159967 
614 0.124587 
615 -0.135017 
616 0.049789 
617 0.086596 
618 -0.055874 
619 0.113895 
620 -0.007320 
621 -0.095596 
622 0.151185 
623 -0.126572 
624 0.166960 
625 -0.046056 
626 0.011820 
627 0.027933 
628 -0.126988 
629 0.081902 
630 0.004917 
631 -0.055899 
632 0.131728 
633 -0.103301 
634 -0.021472 
635 0.198319 
636 -0.226639 
637 0.200461 
638 -0.080942 
639 -0.061088 
640 0.166913 
641 -0.170174 
642 0.180143 
643 -0.091115 
644 -0.045422 
645 0.102789 
646 -0.057026 
647 0.038774 
648 0.113978 
649 -0.108519 
650 0.129448 
651 -0.059641 
652 0.003410 
653 0.052317 
654 -0.190532 
655 0.060146 
656 -0.102308 
657 -0.081257 
658 0.162697 
659 -0.095597 
660 0.036666 
661 0.005158 
662 -0.124721 
663 0.124911 
664 -0.096254 
665 0.144817 
666 -0.001574 
667 -0.107070 
668 0.137057 
669 -0.144693 
670 0.036277 
671 0.093297 
672 -0.168509 
673 0.089665 
674 -0.008868 
675 -0.111001 
676 0.145310 
677 -0.125687 
678 -0.019726 
679 0.048906 
680 -0.192859 
681 0.140106 
682 -0.098252 
683 -0.046879 
684 0.137730 
685 -0.214631 
686 0.127435 
687 -0.113687 
688 0.001016 
689 0.032504 
690 -0.045189 
691 0.110720 
692 -0.024975 
693 -0.008725 
694 0.063905 
695 -0.107012 
696 -0.014745 
697 0.091870 
698 -0.094690 
699 0.136016 
700 -0.071210 
701 0.009607 
702 -0.035871 
703 -0.070425 
704 0.059750 
705 0.034858 
706 -0.117368 
707 0.185824 
708 -0.181549 
709 0.043910 
710 0.114425 
711 -0.183285 
712 0.231521 
713 -0.186970 
714 0.010293 
715 0.009022 
716 -0.056263 
717 0.108787 
718 -0.011862 
719 -0.005133 
720 0.039481 
721 -0.074855 
722 0.046812 
723 0.080130 
724 -0.090733 
725 0.118354 
726 -0.129293 
727 -0.004442 
728 0.060673 
729 -0.146697 
730 0.206631 
731 -0.189097 
732 0.062661 
733 0.098964 
734 -0.173518 
735 0.164151 
736 -0.003770 
737 -0.070703 
738 0.166985 
739 -0.039934 
740 0.065205 
741 0.056596 
742 -0.158273 
743 0.124763 
744 -0.165018 
745 0.111471 
746 0.056376 
747 -0.095704 
748 0.132463 
749 -0.087173 
750 -0.078884 
751 0.204081 
752 -0.099057 
753 0.070414 
754 0.049699 
755 -0.178346 
756 0.159301 
757 -0.170094 
758 0.143699 
759 -0.008499 
760 -0.123357 
761 0.159518 
762 -0.197352 
763 0.066578 
764 0.070098 
765 -0.096315 
766 0.077801 
767 0.012369 
768 -0.153831 
769 0.198477 
770 -0.177720 
771 0.138597 
772 0.021415 
773 -0.159310 
774 0.163696 
775 -0.201122 
776 0.061489 
777 0.007168 
778 -0.105041 
779 0.084107 
780 -0.049119 
781 -0.134339 
782 0.130327 
783 -0.253855 
784 0.112717 
785 -0.040259 
786 -0.068236 
787 0.144633 
788 -0.114439 
789 -0.015916 
790 0.054326 
791 -0.166236 
792 0.131129 
793 -0.040236 
794 0.030094 
795 0.066925 
796 -0.012591 
797 0.030335 
798 0.009233 
799 -0.021517 
800 0.142498 
801 -0.212834 
802 0.121467 
803 0.020667 
804 -0.163835 
805 0.213009 
806 -0.221227 
807 0.052225 
808 -0.129289 
809 -0.027345 
810 0.008822 
811 0.079330 
812 -0.116101 
813 0.118523 
814 -0.186205 
815 0.045257 
816 0.006477 
817 -0.072088 
818 0.122214 
819 -0.066570 
820 0.083412 
821 0.035884 
822 -0.063133 
823 0.159665 
824 -0.090752 
825 -0.027650 
826 0.108583 
827 -0.147880 
828 0.161386 
829 0.009324 
830 -0.078425 
831 0.082509 
832 -0.153851 
833 0.039827 
834 -0.054870 
835 0.041596 
836 0.013614 
837 -0.070972 
838 0.102425 
839 -0.014851 
840 -0.049956 
841 0.071523 
842 -0.061119 
843 -0.092286 
844 0.190960 
845 -0.173198 
846 0.197618 
847 -0.057166 
848 -0.082572 
849 0.166083 
850 -0.179858 
851 0.132055 
852 0.079230 
853 -0.089147 
854 0.072281 
855 0.019334 
856 -0.076002 
857 0.138972 
858 -0.003018 
859 0.115544 
860 -0.001511 
861 -0.009498 
862 -0.002800 
863 -0.089420 
864 0.081301 
865 -0.009539 
866 -0.047236 
867 0.113236 
868 -0.112337 
869 0.052910 
870 -0.023973 
871 -0.013659 
872 0.070447 
873 -0.057902 
874 -0.017270 
875 0.077935 
876 -0.245841 
877 0.255267 
878 -0.214168 
879 0.002635 
880 0.037675 
881 -0.168041 
882 -0.005007 
883 -0.050172 
884 -0.024461 
885 0.015197 
886 -0.038366 
887 0.072211 
888 0.033302 
889 -0.162681 
890 0.182985 
891 -0.044367 
892 -0.021911 
893 0.180138 
894 -0.199629 
895 0.037051 
896 -0.166557 
897 0.098617 
898 0.040405 
899 -0.101384 
900 0.118755 
901 -0.128882 
902 -0.166889 
903 0.186475 
904 -0.124340 
905 -0.017454 
906 0.085486 
907 -0.193878 
908 0.034743 
909 -0.012960 
910 -0.061911 
911 0.111220 
912 -0.172208 
913 0.134787 
914 -0.021187 
915 -0.004470 
916 0.189460 
917 -0.066839 
918 -0.039099 
919 0.153778 
920 -0.220900 
921 0.169641 
922 -0.032572 
923 0.054438 
924 0.060870 
925 -0.048015 
926 0.168638 
927 -0.101773 
928 -0.012727 
929 -0.049333 
930 -0.142836 
931 0.062335 
932 0.057280 
933 0.053928 
934 -0.074456 
935 -0.090075 
936 -0.015827 
937 -0.085913 
938 -0.040360 
939 0.216030 
940 -0.146112 
941 -0.063350 
942 0.165115 
943 -0.203226 
944 0.142415 
945 0.107800 
946 -0.095224 
947 0.051295 
948 -0.002431 
949 -0.048776 
950 0.062642 
951 0.046175 
952 0.077602 
953 -0.151275 
954 0.010804 
955 -0.080406 
956 -0.084872 
957 0.150592 
958 -0.031253 
959 -0.017729 
960 0.065174 
961 -0.077891 
962 0.037346 
963 0.133802 
964 -0.091341 
965 0.253114 
966 -0.175062 
967 0.093100 
968 0.074792 
969 -0.144602 
970 0.177407 
971 0.004655 
972 0.037474 
973 0.077827 
974 0.003749 
975 0.067608 
976 -0.085798 
977 0.063339 
978 0.014050 
979 -0.074095 
980 0.077135 
981 0.013440 
982 -0.169459 
983 0.102565 
984 -0.147983 
985 0.010143 
986 -0.033803 
987 -0.095293 
988 0.012857 
989 -0.177077 
990 0.079667 
991 0.076330 
992 -0.070667 
993 0.112003 
994 -0.135301 
995 -0.194637 
996 0.140498 
997 -0.075285 
998 0.233910 
999 -0.024098 
1000 -0.136431 
1001 -0.004736 
1002 -0.331008 
1003 0.079646 
1004 -0.032138 
1005 0.000268 
1006 0.165707 
1007 -0.056407 
1008 -0.077049 
1009 0.184427 
1010 -0.132344 
1011 -0.048080 
1012 -0.075877 
1013 0.006885 
1014 0.155613 
1015 -0.263669 
1016 0.111059 
1017 0.112096 
1018 -0.314070 
1019 0.304965 
1020 0.104925 
1021 0.076321 
1022 0.130221 
1023 -0.167588 
