0 0.460118 
1 -0.181731 
2 -0.223492 
3 0.188386 
4 0.083676 
5 -0.181124 
6 0.160383 
7 0.014885 
8 -0.041196 
9 -0.086307 
10 0.045974 
11 0.076659 
12 -0.027897 
13 0.009582 
14 0.041008 
15 -0.100194 
16 0.084144 
17 0.025354 
18 -0.121293 
19 0.126949 
20 0.084514 
21 0.017984 
22 -0.214024 
23 0.044852 
24 0.290140 
25 -0.217347 
26 0.022738 
27 0.080008 
28 0.047698 
29 -0.097948 
30 -0.002359 
31 0.011891 
32 0.109132 
33 -0.034144 
34 -0.071816 
35 0.060559 
36 -0.021438 
37 0.080368 
38 -0.131755 
39 0.123538 
40 0.040445 
41 -0.035008 
42 -0.109522 
43 0.063191 
44 0.014236 
45 -0.012470 
46 -0.015381 
47 -0.006544 
48 0.067084 
49 -0.161391 
50 0.105132 
51 -0.025849 
52 -0.027268 
53 0.047169 
54 -0.016891 
55 0.068912 
56 -0.193319 
57 0.106215 
58 0.030896 
59 0.001618 
60 -0.059563 
61 0.006604 
62 0.061156 
63 -0.092336 
64 0.014752 
65 -0.035475 
66 0.064499 
67 0.032930 
68 -0.013471 
69 -0.162079 
70 0.152755 
71 0.031166 
72 -0.053784 
73 -0.018110 
74 0.160506 
75 -0.089049 
76 -0.118570 
77 0.165124 
78 -0.058220 
79 0.009255 
80 -0.001812 
81 0.008993 
82 0.059003 
83 -0.045971 
84 -0.053839 
85 0.037402 
86 0.081892 
87 0.001678 
88 -0.051857 
89 -0.080587 
90 0.196547 
91 -0.093646 
92 -0.132458 
93 0.124095 
94 0.056964 
95 -0.026181 
96 -0.147201 
97 0.127244 
98 -0.060941 
99 0.088385 
100 -0.066466 
101 0.033719 
102 0.003007 
103 0.017933 
104 -0.033041 
105 -0.067419 
106 0.140329 
107 -0.021250 
108 -0.032613 
109 -0.009214 
110 -0.003792 
111 -0.013581 
112 0.014134 
113 0.005360 
114 -0.034497 
115 0.048250 
116 -0.049169 
117 -0.028389 
118 0.036541 
119 -0.016738 
120 -0.067810 
121 0.126198 
122 -0.107417 
123 0.018232 
124 0.004728 
125 -0.083516 
126 0.061001 
127 0.008087 
128 0.064273 
129 -0.183240 
130 0.131367 
131 0.027277 
132 -0.084569 
133 -0.018124 
134 0.089122 
135 0.027794 
136 -0.066029 
137 -0.004134 
138 -0.088546 
139 0.196193 
140 -0.043248 
141 -0.092784 
142 -0.008074 
143 0.150732 
144 -0.088665 
145 -0.063577 
146 0.005666 
147 0.094925 
148 0.032461 
149 -0.165765 
150 0.093867 
151 0.004249 
152 0.026443 
153 0.003306 
154 -0.048919 
155 0.087902 
156 -0.007318 
157 0.023635 
158 -0.109329 
159 0.099944 
160 0.071825 
161 -0.072964 
162 -0.023923 
163 0.104272 
164 -0.034096 
165 -0.074181 
166 0.062522 
167 0.094296 
168 -0.045374 
169 -0.092108 
170 0.151378 
171 -0.121261 
172 0.078645 
173 -0.044989 
174 0.007023 
175 0.060414 
176 -0.081131 
177 0.056752 
178 -0.099094 
179 0.044912 
180 0.002515 
181 0.011465 
182 0.007842 
183 -0.036911 
184 0.018202 
185 -0.050278 
186 0.023950 
187 0.017567 
188 -0.023206 
189 -0.020917 
190 0.103488 
191 -0.111632 
192 -0.018920 
193 -0.001850 
194 0.086956 
195 -0.080131 
196 -0.072386 
197 0.152559 
198 -0.111098 
199 -0.020142 
200 -0.054176 
201 0.156740 
202 -0.088399 
203 -0.017282 
204 -0.020316 
205 -0.022038 
206 0.038495 
207 -0.036167 
208 -0.011678 
209 0.028086 
210 0.038705 
211 -0.073451 
212 -0.088337 
213 0.121862 
214 0.061502 
215 -0.150322 
216 0.008791 
217 0.133909 
218 -0.084847 
219 -0.059140 
220 0.009448 
221 0.089247 
222 -0.023894 
223 -0.030066 
224 -0.029927 
225 0.025726 
226 0.088985 
227 -0.151657 
228 0.044718 
229 0.073198 
230 0.056415 
231 -0.131464 
232 -0.029644 
233 0.112437 
234 0.031887 
235 -0.038646 
236 -0.028486 
237 0.073901 
238 -0.001850 
239 -0.027893 
240 -0.057417 
241 0.073134 
242 0.073813 
243 -0.104245 
244 0.082117 
245 -0.023121 
246 -0.033643 
247 0.007098 
248 0.038806 
249 -0.055379 
250 0.068475 
251 0.000606 
252 -0.071821 
253 0.052990 
254 -0.005142 
255 0.059573 
256 -0.121962 
257 0.116268 
258 0.025087 
259 -0.038537 
260 -0.096242 
261 0.097817 
262 0.044120 
263 -0.037290 
264 -0.008625 
265 -0.075367 
266 0.070735 
267 0.035611 
268 -0.064918 
269 -0.084899 
270 0.143016 
271 0.013607 
272 -0.058036 
273 -0.097692 
274 0.058509 
275 0.044496 
276 -0.063165 
277 0.017445 
278 -0.074353 
279 0.129054 
280 -0.071866 
281 -0.088593 
282 0.046444 
283 0.056234 
284 -0.024182 
285 -0.045186 
286 0.017974 
287 -0.022582 
288 0.050372 
289 -0.010743 
290 0.008690 
291 0.002675 
292 0.029828 
293 -0.089297 
294 0.073341 
295 -0.045099 
296 0.043468 
297 0.037868 
298 -0.115227 
299 0.087357 
300 -0.048209 
301 0.008864 
302 -0.004224 
303 0.042807 
304 0.009325 
305 0.009316 
306 0.000363 
307 -0.043147 
308 0.051921 
309 -0.025156 
310 0.042787 
311 -0.017314 
312 0.022443 
313 -0.028113 
314 -0.006843 
315 0.079681 
316 -0.074776 
317 0.084540 
318 -0.026716 
319 0.002570 
320 -0.027338 
321 0.058622 
322 -0.039849 
323 0.016336 
324 0.041230 
325 -0.019744 
326 -0.023744 
327 -0.078664 
328 0.067609 
329 0.025589 
330 -0.046970 
331 -0.045608 
332 0.056054 
333 0.050102 
334 -0.071789 
335 -0.005927 
336 -0.053046 
337 0.159725 
338 -0.052993 
339 -0.093098 
340 0.023759 
341 0.107187 
342 -0.080885 
343 -0.038050 
344 0.048065 
345 -0.068283 
346 0.129218 
347 -0.138812 
348 0.020930 
349 0.072343 
350 0.055191 
351 -0.147321 
352 0.091837 
353 0.048512 
354 -0.110920 
355 0.006802 
356 0.006354 
357 0.113785 
358 -0.120530 
359 -0.020262 
360 0.034533 
361 0.045260 
362 -0.055246 
363 -0.065843 
364 0.088766 
365 0.068244 
366 -0.047955 
367 -0.097813 
368 0.071099 
369 0.075769 
370 -0.060050 
371 -0.046145 
372 0.066848 
373 0.044545 
374 -0.065881 
375 -0.019242 
376 0.008808 
377 0.101857 
378 -0.078086 
379 0.029059 
380 -0.024813 
381 0.048096 
382 -0.012762 
383 -0.032961 
384 0.072758 
385 -0.004152 
386 -0.008058 
387 -0.026295 
388 0.012116 
389 0.006053 
390 0.001249 
391 0.036736 
392 -0.044488 
393 0.054200 
394 0.041995 
395 -0.056387 
396 0.055447 
397 -0.024222 
398 0.011037 
399 0.084374 
400 -0.086357 
401 0.012610 
402 0.028122 
403 -0.004081 
404 0.028688 
405 -0.068792 
406 0.043760 
407 0.037371 
408 -0.058336 
409 -0.004213 
410 0.025699 
411 -0.007880 
412 0.023101 
413 -0.057336 
414 0.007750 
415 0.019145 
416 -0.022328 
417 -0.003221 
418 -0.016207 
419 0.067060 
420 -0.045163 
421 -0.023896 
422 -0.001563 
423 0.077274 
424 -0.041639 
425 -0.050289 
426 0.054242 
427 -0.018999 
428 0.066438 
429 -0.087913 
430 -0.031904 
431 0.065389 
432 -0.004487 
433 -0.020230 
434 -0.057899 
435 0.019849 
436 0.026594 
437 0.044775 
438 -0.148768 
439 0.115923 
440 -0.012815 
441 0.007247 
442 -0.064806 
443 0.061124 
444 0.011611 
445 -0.000331 
446 0.012333 
447 -0.077451 
448 0.172338 
449 -0.135502 
450 0.017260 
451 0.066317 
452 0.040276 
453 -0.047230 
454 -0.050745 
455 0.072268 
456 0.044461 
457 0.005430 
458 -0.137429 
459 0.081726 
460 0.010628 
461 0.059520 
462 -0.104501 
463 -0.065865 
464 0.198859 
465 -0.041114 
466 -0.096018 
467 -0.015163 
468 0.160182 
469 -0.073972 
470 0.010491 
471 -0.049632 
472 0.095896 
473 0.015397 
474 -0.089602 
475 -0.003619 
476 0.102318 
477 0.013559 
478 -0.115328 
479 0.076903 
480 -0.022830 
481 0.036316 
482 -0.056341 
483 0.029523 
484 0.042779 
485 -0.013853 
486 -0.052081 
487 -0.013720 
488 0.064811 
489 -0.013071 
490 -0.065243 
491 0.008577 
492 0.039788 
493 0.003356 
494 -0.145711 
495 0.101946 
496 0.060080 
497 -0.073408 
498 -0.040709 
499 0.075304 
500 -0.027083 
501 0.033245 
502 -0.046647 
503 -0.022174 
504 0.095717 
505 -0.045179 
506 -0.042480 
507 -0.056241 
508 0.121415 
509 -0.066928 
510 -0.033148 
511 0.068637 
512 -0.005859 
513 -0.092237 
514 0.063279 
515 0.012830 
516 -0.029539 
517 0.017621 
518 -0.012997 
519 0.049259 
520 -0.073730 
521 0.014837 
522 -0.000187 
523 0.059113 
524 -0.052079 
525 -0.004705 
526 0.065626 
527 -0.047100 
528 0.044478 
529 -0.075626 
530 0.096590 
531 0.006449 
532 0.013820 
533 -0.071347 
534 0.067509 
535 0.008495 
536 -0.030417 
537 0.009021 
538 -0.002408 
539 0.052874 
540 -0.102737 
541 0.063016 
542 -0.044010 
543 0.088460 
544 -0.115561 
545 0.079140 
546 0.036868 
547 0.006245 
548 -0.096588 
549 0.010030 
550 0.141211 
551 -0.112568 
552 -0.004416 
553 0.029503 
554 -0.016839 
555 0.051271 
556 -0.055278 
557 -0.050682 
558 0.064924 
559 0.055340 
560 -0.087491 
561 -0.035172 
562 0.011211 
563 0.087926 
564 -0.050739 
565 -0.089496 
566 0.118845 
567 -0.080714 
568 0.015179 
569 -0.020806 
570 -0.014994 
571 0.006438 
572 0.084715 
573 -0.156893 
574 0.034160 
575 0.087012 
576 -0.095270 
577 0.004573 
578 0.015317 
579 0.066451 
580 -0.071813 
581 0.006538 
582 -0.080939 
583 0.117219 
584 -0.004465 
585 -0.115838 
586 0.039528 
587 0.033223 
588 0.017481 
589 -0.096489 
590 -0.026916 
591 0.064969 
592 0.075186 
593 -0.134079 
594 -0.045426 
595 0.102755 
596 -0.019615 
597 -0.024102 
598 -0.043445 
599 0.099538 
600 -0.015201 
601 0.023096 
602 -0.119434 
603 0.090224 
604 0.043684 
605 -0.012726 
606 -0.088070 
607 0.073473 
608 0.053281 
609 -0.135989 
610 0.080035 
611 -0.039541 
612 0.046935 
613 0.025896 
614 -0.115885 
615 0.027734 
616 0.137758 
617 -0.094599 
618 -0.070905 
619 0.128859 
620 -0.097497 
621 0.031001 
622 -0.036492 
623 0.061040 
624 -0.090496 
625 0.045523 
626 0.030178 
627 -0.104615 
628 0.107110 
629 -0.075689 
630 0.023658 
631 0.004529 
632 0.044747 
633 -0.072734 
634 0.026063 
635 -0.014344 
636 -0.024281 
637 0.032218 
638 -0.030428 
639 0.016334 
640 -0.103593 
641 0.078628 
642 -0.058096 
643 -0.012076 
644 -0.003313 
645 0.032385 
646 -0.026437 
647 -0.018875 
648 -0.009992 
649 -0.043093 
650 0.105744 
651 -0.058705 
652 -0.033382 
653 -0.047946 
654 0.123171 
655 -0.044178 
656 -0.123653 
657 0.092882 
658 0.011245 
659 0.006616 
660 -0.036881 
661 0.002570 
662 -0.015300 
663 0.096502 
664 -0.177893 
665 0.137077 
666 -0.004345 
667 -0.063468 
668 0.016778 
669 -0.004158 
670 -0.009539 
671 0.006421 
672 -0.046062 
673 0.013414 
674 0.044673 
675 -0.066593 
676 -0.020342 
677 0.056293 
678 -0.019933 
679 -0.007239 
680 -0.022094 
681 0.012038 
682 0.039555 
683 0.046838 
684 -0.119537 
685 0.028266 
686 0.121616 
687 -0.080329 
688 -0.025854 
689 0.014480 
690 0.063355 
691 -0.070081 
692 0.045957 
693 -0.071458 
694 0.046691 
695 -0.006725 
696 -0.038581 
697 -0.028291 
698 0.073043 
699 0.025590 
700 -0.155940 
701 0.102548 
702 -0.041790 
703 0.025479 
704 -0.034599 
705 0.036585 
706 -0.057896 
707 0.072543 
708 -0.071544 
709 -0.074736 
710 0.088225 
711 -0.020956 
712 -0.000154 
713 -0.113694 
714 0.084075 
715 0.078974 
716 -0.137812 
717 -0.017577 
718 0.109489 
719 -0.011900 
720 -0.103959 
721 0.045798 
722 -0.095205 
723 0.073832 
724 -0.061175 
725 -0.028329 
726 -0.046469 
727 0.082123 
728 -0.040798 
729 -0.120399 
730 0.116857 
731 0.011191 
732 -0.034950 
733 0.017890 
734 -0.001756 
735 0.005132 
736 0.072976 
737 -0.081873 
738 -0.054110 
739 0.136559 
740 -0.045505 
741 -0.094299 
742 0.016985 
743 0.081214 
744 -0.075757 
745 0.008283 
746 -0.014786 
747 -0.013911 
748 0.077141 
749 -0.051952 
750 -0.011083 
751 0.017404 
752 0.052528 
753 -0.036563 
754 -0.038532 
755 -0.017539 
756 0.045152 
757 -0.020965 
758 -0.023212 
759 0.048167 
760 -0.056125 
761 0.066115 
762 0.038155 
763 -0.130699 
764 0.129786 
765 0.023067 
766 -0.056788 
767 -0.017954 
768 0.087940 
769 -0.098467 
770 0.043694 
771 -0.021431 
772 -0.052605 
773 0.059396 
774 -0.042730 
775 -0.044114 
776 -0.100917 
777 0.222116 
778 -0.118272 
779 -0.006257 
780 -0.035554 
781 0.097988 
782 -0.041412 
783 -0.058357 
784 -0.013569 
785 0.097154 
786 -0.020742 
787 -0.032738 
788 -0.024210 
789 -0.042328 
790 0.117379 
791 -0.117638 
792 -0.004176 
793 0.078506 
794 -0.000073 
795 -0.085849 
796 -0.006977 
797 0.080459 
798 -0.010260 
799 -0.070988 
800 0.011387 
801 0.017607 
802 -0.036313 
803 -0.022202 
804 -0.026818 
805 0.024582 
806 0.136814 
807 -0.242188 
808 0.081680 
809 0.051766 
810 -0.019593 
811 -0.032573 
812 0.063054 
813 -0.023312 
814 0.033126 
815 0.010400 
816 -0.066055 
817 0.053726 
818 0.031524 
819 -0.015419 
820 -0.002730 
821 0.092103 
822 -0.084520 
823 -0.016048 
824 0.081041 
825 -0.015665 
826 -0.025857 
827 0.014521 
828 -0.026209 
829 -0.001464 
830 0.029692 
831 -0.065774 
832 0.074589 
833 -0.022151 
834 -0.039136 
835 0.058174 
836 -0.092438 
837 0.067837 
838 0.005005 
839 0.009744 
840 -0.096899 
841 0.159856 
842 -0.119674 
843 -0.021658 
844 0.086536 
845 -0.035659 
846 -0.049050 
847 0.081291 
848 0.045565 
849 -0.216120 
850 0.237424 
851 -0.138557 
852 0.024299 
853 0.032895 
854 -0.034273 
855 0.036791 
856 -0.098073 
857 -0.003651 
858 0.067970 
859 -0.029995 
860 -0.078385 
861 0.063487 
862 -0.060543 
863 0.034068 
864 0.029391 
865 -0.049783 
866 0.086509 
867 -0.034180 
868 0.065568 
869 -0.068791 
870 0.051437 
871 -0.042176 
872 0.070060 
873 -0.108562 
874 0.030595 
875 0.071353 
876 -0.106258 
877 0.008888 
878 -0.111349 
879 0.191681 
880 -0.099401 
881 -0.003667 
882 -0.027436 
883 -0.019958 
884 0.110815 
885 -0.072944 
886 -0.094684 
887 0.088303 
888 0.082601 
889 -0.152208 
890 0.002761 
891 0.088728 
892 0.043856 
893 -0.139108 
894 0.036707 
895 0.056202 
896 0.008666 
897 0.084522 
898 -0.120913 
899 0.064268 
900 0.061623 
901 0.043592 
902 -0.108275 
903 0.030028 
904 0.046437 
905 0.002906 
906 -0.084160 
907 0.038271 
908 0.104098 
909 -0.122530 
910 -0.007674 
911 0.058439 
912 0.019588 
913 0.047057 
914 -0.024328 
915 0.001176 
916 0.053945 
917 -0.043810 
918 0.008452 
919 0.033882 
920 0.002283 
921 0.025273 
922 -0.049571 
923 -0.058207 
924 0.024867 
925 0.091005 
926 -0.073233 
927 -0.081062 
928 0.171934 
929 -0.135766 
930 -0.059282 
931 0.048707 
932 -0.023331 
933 0.036486 
934 0.034091 
935 -0.066310 
936 -0.097704 
937 0.121895 
938 -0.082405 
939 -0.033586 
940 0.049252 
941 0.039585 
942 -0.060844 
943 0.056808 
944 -0.082991 
945 -0.014303 
946 0.136696 
947 -0.027165 
948 -0.045185 
949 0.027692 
950 0.039812 
951 -0.045842 
952 0.093112 
953 -0.127421 
954 0.058411 
955 0.087831 
956 -0.148579 
957 0.120883 
958 -0.033216 
959 0.038153 
960 -0.023655 
961 0.094699 
962 -0.105758 
963 -0.005348 
964 0.002967 
965 0.085514 
966 -0.114169 
967 0.030361 
968 -0.002726 
969 -0.054081 
970 0.079827 
971 -0.067674 
972 0.035028 
973 -0.008932 
974 0.121863 
975 -0.089343 
976 -0.054842 
977 0.077301 
978 0.011224 
979 0.107087 
980 -0.071965 
981 0.039219 
982 -0.051057 
983 -0.107578 
984 0.091220 
985 0.038422 
986 -0.094671 
987 0.029241 
988 0.096810 
989 -0.211645 
990 0.075189 
991 0.037717 
992 0.000778 
993 0.005081 
994 0.063581 
995 -0.070496 
996 0.039246 
997 -0.069155 
998 -0.091565 
999 0.100639 
1000 -0.129575 
1001 0.144121 
1002 -0.074471 
1003 -0.095390 
1004 0.141736 
1005 -0.119436 
1006 0.030407 
1007 0.175960 
1008 0.001896 
1009 0.005014 
1010 -0.165427 
1011 0.097946 
1012 0.042480 
1013 -0.098786 
1014 -0.113846 
1015 0.257263 
1016 0.137845 
1017 -0.069974 
1018 0.043720 
1019 0.008739 
1020 -0.117534 
1021 0.067021 
1022 0.364626 
1023 0.357012 
