0 -0.000404 
1 -0.000716 
2 -0.000918 
3 -0.000906 
4 -0.000660 
5 -0.000330 
6 -0.000296 
7 -0.000669 
8 -0.000918 
9 -0.000724 
10 -0.000434 
11 -0.000312 
12 -0.000273 
13 -0.000331 
14 -0.000545 
15 -0.000749 
16 -0.000666 
17 -0.000366 
18 -0.000209 
19 -0.000261 
20 -0.000418 
21 -0.000602 
22 -0.000552 
23 -0.000173 
24 0.000189 
25 0.000121 
26 -0.000248 
27 -0.000364 
28 -0.000133 
29 -0.000042 
30 -0.000158 
31 -0.000076 
32 0.000178 
33 0.000053 
34 -0.000447 
35 -0.000464 
36 0.000193 
37 0.000518 
38 0.000134 
39 -0.000055 
40 0.000345 
41 0.000363 
42 -0.000130 
43 0.000038 
44 0.000747 
45 0.000573 
46 -0.000283 
47 -0.000248 
48 0.000577 
49 0.000788 
50 0.000329 
51 0.000005 
52 -0.000004 
53 0.000100 
54 0.000398 
55 0.000992 
56 0.001290 
57 0.000778 
58 0.000116 
59 0.000147 
60 0.000613 
61 0.000644 
62 0.000375 
63 0.000535 
64 0.000675 
65 0.000473 
66 0.000729 
67 0.001455 
68 0.001636 
69 0.000969 
70 0.000317 
71 0.000580 
72 0.001116 
73 0.001001 
74 0.000630 
75 0.000834 
76 0.001457 
77 0.001555 
78 0.001109 
79 0.000994 
80 0.001220 
81 0.001042 
82 0.000594 
83 0.000542 
84 0.000962 
85 0.001242 
86 0.001153 
87 0.001157 
88 0.001540 
89 0.001700 
90 0.001180 
91 0.000688 
92 0.000874 
93 0.001161 
94 0.000997 
95 0.000722 
96 0.000846 
97 0.001162 
98 0.001157 
99 0.001064 
100 0.001171 
101 0.001197 
102 0.001030 
103 0.000880 
104 0.000900 
105 0.001035 
106 0.001049 
107 0.001146 
108 0.001411 
109 0.001477 
110 0.001156 
111 0.000619 
112 0.000261 
113 0.000367 
114 0.000727 
115 0.000900 
116 0.000538 
117 0.000054 
118 0.000408 
119 0.001329 
120 0.001560 
121 0.000689 
122 -0.000254 
123 -0.000120 
124 0.000287 
125 -0.000341 
126 -0.000823 
127 0.000095 
128 0.000613 
129 -0.000815 
130 -0.001878 
131 -0.000483 
132 0.001236 
133 0.000669 
134 -0.001195 
135 -0.001700 
136 -0.000813 
137 -0.000525 
138 -0.000954 
139 -0.000588 
140 -0.000047 
141 -0.001182 
142 -0.002397 
143 -0.000861 
144 0.001477 
145 0.000706 
146 -0.001848 
147 -0.002520 
148 -0.001342 
149 -0.000425 
150 -0.000144 
151 -0.000333 
152 -0.001279 
153 -0.002274 
154 -0.001956 
155 -0.000091 
156 0.001486 
157 0.000859 
158 -0.001178 
159 -0.002734 
160 -0.003127 
161 -0.002378 
162 -0.000789 
163 0.000203 
164 -0.000741 
165 -0.002111 
166 -0.001569 
167 0.000066 
168 0.000241 
169 -0.001241 
170 -0.002386 
171 -0.002255 
172 -0.001774 
173 -0.001343 
174 -0.001035 
175 -0.001281 
176 -0.001887 
177 -0.002442 
178 -0.002146 
179 -0.000598 
180 0.000596 
181 -0.000389 
182 -0.002078 
183 -0.001835 
184 -0.000325 
185 -0.000649 
186 -0.002646 
187 -0.003062 
188 -0.001097 
189 0.000342 
190 -0.000441 
191 -0.001460 
192 -0.000954 
193 -0.000300 
194 -0.000374 
195 0.000050 
196 0.000673 
197 0.000210 
198 -0.001119 
199 -0.001797 
200 -0.000965 
201 0.000031 
202 0.000288 
203 0.000200 
204 -0.000015 
205 -0.000196 
206 0.000382 
207 0.001763 
208 0.002165 
209 0.000854 
210 -0.000095 
211 -0.000435 
212 -0.001080 
213 -0.000101 
214 0.002700 
215 0.003296 
216 0.001128 
217 0.000342 
218 0.002052 
219 0.003070 
220 0.002472 
221 0.001985 
222 0.002046 
223 0.001905 
224 0.001419 
225 0.001873 
226 0.003382 
227 0.003082 
228 0.001089 
229 0.001107 
230 0.002801 
231 0.002909 
232 0.002842 
233 0.005488 
234 0.007422 
235 0.004653 
236 0.000946 
237 0.001569 
238 0.004240 
239 0.004310 
240 0.002085 
241 0.001237 
242 0.003027 
243 0.004509 
244 0.004754 
245 0.005951 
246 0.006792 
247 0.004792 
248 0.001647 
249 -0.000108 
250 0.000157 
251 0.002038 
252 0.004605 
253 0.006041 
254 0.004404 
255 0.002181 
256 0.002933 
257 0.004850 
258 0.004338 
259 0.001561 
260 0.000247 
261 0.001933 
262 0.003763 
263 0.004627 
264 0.005577 
265 0.005758 
266 0.004093 
267 0.001679 
268 0.001191 
269 0.002667 
270 0.003465 
271 0.003056 
272 0.002960 
273 0.003843 
274 0.004505 
275 0.004041 
276 0.003831 
277 0.003905 
278 0.002485 
279 0.000261 
280 -0.000557 
281 0.000947 
282 0.003256 
283 0.004246 
284 0.003601 
285 0.002433 
286 0.001137 
287 -0.000669 
288 -0.001801 
289 -0.000934 
290 0.000750 
291 0.000618 
292 -0.000195 
293 0.001105 
294 0.003460 
295 0.003031 
296 -0.000798 
297 -0.003689 
298 -0.002221 
299 -0.001320 
300 -0.003963 
301 -0.004397 
302 -0.000292 
303 0.001609 
304 -0.001910 
305 -0.004137 
306 -0.001375 
307 0.001256 
308 -0.000679 
309 -0.004348 
310 -0.005749 
311 -0.005267 
312 -0.004478 
313 -0.002816 
314 -0.000658 
315 -0.001358 
316 -0.004156 
317 -0.003752 
318 -0.000388 
319 -0.001021 
320 -0.005900 
321 -0.007776 
322 -0.004842 
323 -0.002506 
324 -0.003380 
325 -0.005020 
326 -0.005387 
327 -0.004718 
328 -0.003299 
329 -0.001680 
330 -0.001344 
331 -0.002909 
332 -0.004927 
333 -0.005607 
334 -0.005228 
335 -0.005306 
336 -0.005953 
337 -0.006375 
338 -0.007023 
339 -0.007597 
340 -0.006478 
341 -0.004336 
342 -0.004162 
343 -0.005606 
344 -0.005736 
345 -0.005353 
346 -0.005954 
347 -0.005142 
348 -0.002388 
349 -0.002022 
350 -0.004546 
351 -0.005488 
352 -0.003995 
353 -0.002960 
354 -0.003873 
355 -0.005971 
356 -0.006938 
357 -0.004714 
358 -0.001016 
359 0.000629 
360 -0.000317 
361 -0.001512 
362 -0.002826 
363 -0.003993 
364 -0.003485 
365 -0.002110 
366 -0.001679 
367 -0.001697 
368 -0.000066 
369 0.003068 
370 0.003414 
371 -0.000339 
372 -0.003344 
373 -0.002360 
374 -0.002271 
375 -0.005625 
376 -0.005352 
377 0.001476 
378 0.005474 
379 0.002677 
380 0.000914 
381 0.003803 
382 0.004198 
383 -0.001244 
384 -0.005704 
385 -0.004311 
386 -0.001448 
387 -0.000314 
388 0.002367 
389 0.007154 
390 0.007534 
391 0.002080 
392 -0.000781 
393 0.002479 
394 0.003761 
395 0.000226 
396 -0.000417 
397 0.003307 
398 0.005036 
399 0.003686 
400 0.003690 
401 0.005317 
402 0.005051 
403 0.004048 
404 0.004289 
405 0.003482 
406 0.002175 
407 0.003865 
408 0.006920 
409 0.006521 
410 0.002665 
411 0.002127 
412 0.007798 
413 0.010331 
414 0.004864 
415 0.001131 
416 0.003752 
417 0.005962 
418 0.004968 
419 0.006038 
420 0.009862 
421 0.009045 
422 0.003295 
423 0.001132 
424 0.003672 
425 0.005961 
426 0.004395 
427 0.001199 
428 0.002584 
429 0.005793 
430 0.006130 
431 0.006482 
432 0.007279 
433 0.004867 
434 0.001241 
435 -0.000504 
436 0.000801 
437 0.003955 
438 0.006404 
439 0.005851 
440 0.002170 
441 -0.000783 
442 0.000987 
443 0.004353 
444 0.003888 
445 -0.000071 
446 -0.002120 
447 -0.000841 
448 -0.000707 
449 -0.000825 
450 0.003304 
451 0.006189 
452 0.001165 
453 -0.004584 
454 -0.002202 
455 0.002699 
456 0.001261 
457 -0.004089 
458 -0.005060 
459 -0.002613 
460 -0.003543 
461 -0.004449 
462 0.000774 
463 0.004857 
464 -0.000365 
465 -0.008661 
466 -0.008765 
467 -0.003183 
468 -0.001860 
469 -0.003138 
470 -0.001938 
471 -0.002874 
472 -0.006933 
473 -0.007115 
474 -0.001928 
475 -0.000097 
476 -0.005795 
477 -0.010452 
478 -0.007302 
479 -0.002709 
480 -0.002567 
481 -0.005030 
482 -0.007044 
483 -0.008351 
484 -0.009291 
485 -0.007784 
486 -0.004853 
487 -0.004808 
488 -0.005855 
489 -0.005276 
490 -0.006565 
491 -0.010170 
492 -0.009506 
493 -0.002540 
494 0.000749 
495 -0.006757 
496 -0.014611 
497 -0.012894 
498 -0.006735 
499 -0.004056 
500 -0.005988 
501 -0.008052 
502 -0.008849 
503 -0.009685 
504 -0.007808 
505 -0.003822 
506 -0.004010 
507 -0.009122 
508 -0.013082 
509 -0.010770 
510 -0.004763 
511 -0.002501 
512 -0.005111 
513 -0.008998 
514 -0.011510 
515 -0.011334 
516 -0.008271 
517 -0.004161 
518 -0.003742 
519 -0.008396 
520 -0.011477 
521 -0.009063 
522 -0.005455 
523 -0.003927 
524 -0.003422 
525 -0.004104 
526 -0.006685 
527 -0.009154 
528 -0.008132 
529 -0.004487 
530 -0.002585 
531 -0.003190 
532 -0.005058 
533 -0.007217 
534 -0.006592 
535 -0.002087 
536 0.002165 
537 0.001370 
538 -0.002903 
539 -0.004220 
540 -0.001549 
541 -0.000508 
542 -0.001815 
543 -0.000890 
544 0.001960 
545 0.000559 
546 -0.004944 
547 -0.005100 
548 0.002065 
549 0.005545 
550 0.001404 
551 -0.000598 
552 0.003599 
553 0.003754 
554 -0.001378 
555 0.000352 
556 0.007548 
557 0.005733 
558 -0.002871 
559 -0.002500 
560 0.005619 
561 0.007622 
562 0.003134 
563 0.000012 
564 -0.000083 
565 0.000893 
566 0.003651 
567 0.009076 
568 0.011707 
569 0.006977 
570 0.001024 
571 0.001297 
572 0.005357 
573 0.005578 
574 0.003220 
575 0.004536 
576 0.005665 
577 0.003920 
578 0.005984 
579 0.011818 
580 0.013155 
581 0.007710 
582 0.002512 
583 0.004546 
584 0.008627 
585 0.007671 
586 0.004807 
587 0.006281 
588 0.010794 
589 0.011385 
590 0.008055 
591 0.007151 
592 0.008662 
593 0.007332 
594 0.004176 
595 0.003793 
596 0.006583 
597 0.008379 
598 0.007709 
599 0.007656 
600 0.010026 
601 0.010919 
602 0.007538 
603 0.004405 
604 0.005501 
605 0.007187 
606 0.006143 
607 0.004458 
608 0.005141 
609 0.006907 
610 0.006806 
611 0.006202 
612 0.006722 
613 0.006783 
614 0.005800 
615 0.004943 
616 0.004994 
617 0.005659 
618 0.005681 
619 0.006127 
620 0.007415 
621 0.007668 
622 0.005995 
623 0.003297 
624 0.001533 
625 0.002029 
626 0.003720 
627 0.004488 
628 0.002758 
629 0.000513 
630 0.002107 
631 0.006210 
632 0.007165 
633 0.003295 
634 -0.000797 
635 -0.000219 
636 0.001491 
637 -0.001135 
638 -0.003100 
639 0.000675 
640 0.002748 
641 -0.002962 
642 -0.007090 
643 -0.001600 
644 0.005015 
645 0.002808 
646 -0.004209 
647 -0.006030 
648 -0.002701 
649 -0.001622 
650 -0.003134 
651 -0.001801 
652 0.000109 
653 -0.003810 
654 -0.007910 
655 -0.002628 
656 0.005226 
657 0.002617 
658 -0.005752 
659 -0.007847 
660 -0.003993 
661 -0.001043 
662 -0.000152 
663 -0.000737 
664 -0.003613 
665 -0.006578 
666 -0.005555 
667 0.000019 
668 0.004621 
669 0.002755 
670 -0.003087 
671 -0.007437 
672 -0.008456 
673 -0.006298 
674 -0.001889 
675 0.000815 
676 -0.001709 
677 -0.005293 
678 -0.003825 
679 0.000433 
680 0.000869 
681 -0.002882 
682 -0.005702 
683 -0.005315 
684 -0.004085 
685 -0.003006 
686 -0.002239 
687 -0.002795 
688 -0.004182 
689 -0.005415 
690 -0.004678 
691 -0.001128 
692 0.001546 
693 -0.000648 
694 -0.004337 
695 -0.003766 
696 -0.000505 
697 -0.001191 
698 -0.005367 
699 -0.006176 
700 -0.002097 
701 0.000835 
702 -0.000742 
703 -0.002746 
704 -0.001728 
705 -0.000445 
706 -0.000576 
707 0.000234 
708 0.001393 
709 0.000506 
710 -0.001959 
711 -0.003184 
712 -0.001657 
713 0.000127 
714 0.000587 
715 0.000428 
716 0.000048 
717 -0.000272 
718 0.000699 
719 0.002994 
720 0.003625 
721 0.001437 
722 -0.000122 
723 -0.000672 
724 -0.001703 
725 -0.000165 
726 0.004172 
727 0.005034 
728 0.001692 
729 0.000492 
730 0.003021 
731 0.004476 
732 0.003553 
733 0.002808 
734 0.002863 
735 0.002630 
736 0.001925 
737 0.002527 
738 0.004553 
739 0.004092 
740 0.001381 
741 0.001381 
742 0.003577 
743 0.003680 
744 0.003549 
745 0.006854 
746 0.009199 
747 0.005669 
748 0.001057 
749 0.001805 
750 0.004998 
751 0.005032 
752 0.002357 
753 0.001343 
754 0.003389 
755 0.005048 
756 0.005274 
757 0.006556 
758 0.007416 
759 0.005154 
760 0.001692 
761 -0.000213 
762 0.000068 
763 0.002038 
764 0.004683 
765 0.006109 
766 0.004388 
767 0.002113 
768 0.002843 
769 0.004701 
770 0.004150 
771 0.001433 
772 0.000157 
773 0.001742 
774 0.003431 
775 0.004187 
776 0.005012 
777 0.005128 
778 0.003592 
779 0.001417 
780 0.000977 
781 0.002250 
782 0.002910 
783 0.002530 
784 0.002421 
785 0.003132 
786 0.003640 
787 0.003226 
788 0.003025 
789 0.003054 
790 0.001901 
791 0.000145 
792 -0.000488 
793 0.000666 
794 0.002406 
795 0.003128 
796 0.002615 
797 0.001734 
798 0.000769 
799 -0.000539 
800 -0.001341 
801 -0.000716 
802 0.000466 
803 0.000370 
804 -0.000184 
805 0.000694 
806 0.002260 
807 0.001958 
808 -0.000564 
809 -0.002423 
810 -0.001456 
811 -0.000864 
812 -0.002501 
813 -0.002741 
814 -0.000200 
815 0.000952 
816 -0.001170 
817 -0.002482 
818 -0.000831 
819 0.000707 
820 -0.000408 
821 -0.002487 
822 -0.003249 
823 -0.002944 
824 -0.002476 
825 -0.001547 
826 -0.000373 
827 -0.000739 
828 -0.002207 
829 -0.001973 
830 -0.000214 
831 -0.000532 
832 -0.002986 
833 -0.003887 
834 -0.002391 
835 -0.001224 
836 -0.001633 
837 -0.002396 
838 -0.002544 
839 -0.002202 
840 -0.001518 
841 -0.000757 
842 -0.000597 
843 -0.001288 
844 -0.002164 
845 -0.002434 
846 -0.002240 
847 -0.002244 
848 -0.002491 
849 -0.002643 
850 -0.002887 
851 -0.003092 
852 -0.002605 
853 -0.001716 
854 -0.001622 
855 -0.002167 
856 -0.002191 
857 -0.002018 
858 -0.002222 
859 -0.001891 
860 -0.000847 
861 -0.000704 
862 -0.001614 
863 -0.001934 
864 -0.001383 
865 -0.001001 
866 -0.001308 
867 -0.002011 
868 -0.002316 
869 -0.001545 
870 -0.000302 
871 0.000241 
872 -0.000062 
873 -0.000445 
874 -0.000857 
875 -0.001216 
876 -0.001046 
877 -0.000615 
878 -0.000480 
879 -0.000480 
880 0.000009 
881 0.000922 
882 0.001011 
883 -0.000075 
884 -0.000922 
885 -0.000637 
886 -0.000605 
887 -0.001514 
888 -0.001421 
889 0.000416 
890 0.001465 
891 0.000720 
892 0.000257 
893 0.000988 
894 0.001078 
895 -0.000289 
896 -0.001382 
897 -0.001026 
898 -0.000325 
899 -0.000050 
900 0.000580 
901 0.001684 
902 0.001751 
903 0.000494 
904 -0.000151 
905 0.000572 
906 0.000848 
907 0.000071 
908 -0.000068 
909 0.000720 
910 0.001071 
911 0.000782 
912 0.000774 
913 0.001093 
914 0.001028 
915 0.000817 
916 0.000854 
917 0.000688 
918 0.000432 
919 0.000744 
920 0.001304 
921 0.001214 
922 0.000500 
923 0.000404 
924 0.001403 
925 0.001832 
926 0.000863 
927 0.000217 
928 0.000659 
929 0.001021 
930 0.000844 
931 0.001008 
932 0.001615 
933 0.001463 
934 0.000539 
935 0.000195 
936 0.000583 
937 0.000926 
938 0.000680 
939 0.000197 
940 0.000398 
941 0.000860 
942 0.000898 
943 0.000938 
944 0.001040 
945 0.000693 
946 0.000187 
947 -0.000051 
948 0.000124 
949 0.000541 
950 0.000856 
951 0.000773 
952 0.000289 
953 -0.000090 
954 0.000134 
955 0.000553 
956 0.000489 
957 0.000001 
958 -0.000250 
959 -0.000095 
960 -0.000079 
961 -0.000092 
962 0.000386 
963 0.000713 
964 0.000137 
965 -0.000511 
966 -0.000242 
967 0.000298 
968 0.000137 
969 -0.000442 
970 -0.000543 
971 -0.000280 
972 -0.000374 
973 -0.000467 
974 0.000074 
975 0.000490 
976 -0.000042 
977 -0.000872 
978 -0.000874 
979 -0.000317 
980 -0.000186 
981 -0.000310 
982 -0.000194 
983 -0.000282 
984 -0.000663 
985 -0.000675 
986 -0.000187 
987 -0.000018 
988 -0.000538 
989 -0.000958 
990 -0.000668 
991 -0.000254 
992 -0.000240 
993 -0.000455 
994 -0.000629 
995 -0.000738 
996 -0.000815 
997 -0.000680 
998 -0.000424 
999 -0.000420 
1000 -0.000509 
1001 -0.000459 
1002 -0.000566 
1003 -0.000866 
1004 -0.000807 
1005 -0.000225 
1006 0.000050 
1007 -0.000569 
1008 -0.001212 
1009 -0.001068 
1010 -0.000564 
1011 -0.000345 
1012 -0.000502 
1013 -0.000669 
1014 -0.000732 
1015 -0.000797 
1016 -0.000645 
1017 -0.000324 
1018 -0.000339 
1019 -0.000749 
1020 -0.001065 
1021 -0.000879 
1022 -0.000398 
1023 -0.000216 
