0 0.519587 
1 0.025484 
2 -0.131606 
3 -0.086498 
4 0.085441 
5 -0.073376 
6 0.223809 
7 -0.250461 
8 0.122834 
9 -0.057114 
10 0.088160 
11 -0.080742 
12 -0.060802 
13 0.090517 
14 0.046871 
15 -0.070500 
16 -0.041341 
17 0.126253 
18 -0.125013 
19 0.059358 
20 -0.027960 
21 0.074961 
22 -0.012459 
23 -0.076859 
24 0.063197 
25 -0.021471 
26 0.057925 
27 -0.111858 
28 0.144206 
29 -0.015803 
30 -0.013019 
31 -0.022399 
32 0.060790 
33 0.016555 
34 -0.030748 
35 0.062629 
36 -0.036927 
37 0.031347 
38 -0.041685 
39 0.074786 
40 -0.075939 
41 0.017992 
42 0.107823 
43 -0.112613 
44 0.042163 
45 -0.085462 
46 0.160204 
47 -0.155232 
48 0.155725 
49 -0.116436 
50 -0.021983 
51 0.088001 
52 -0.008702 
53 -0.010554 
54 -0.139809 
55 0.162225 
56 -0.057516 
57 0.147012 
58 -0.278580 
59 0.097876 
60 0.059836 
61 0.022818 
62 -0.037581 
63 -0.041648 
64 0.058557 
65 -0.080780 
66 0.051577 
67 -0.028270 
68 0.039972 
69 -0.079632 
70 -0.108341 
71 0.136747 
72 0.019596 
73 -0.165407 
74 -0.009522 
75 0.155003 
76 -0.108170 
77 -0.024816 
78 -0.061301 
79 0.141317 
80 -0.112756 
81 -0.046531 
82 0.109604 
83 -0.032315 
84 0.016989 
85 -0.119553 
86 0.164815 
87 -0.066955 
88 0.065799 
89 -0.121226 
90 0.196327 
91 -0.054101 
92 -0.175905 
93 0.276956 
94 -0.176038 
95 0.150452 
96 -0.172406 
97 0.144603 
98 -0.077510 
99 0.105861 
100 -0.085415 
101 -0.001337 
102 0.051651 
103 -0.042347 
104 0.048603 
105 -0.029145 
106 0.059731 
107 -0.174273 
108 0.190235 
109 -0.062590 
110 0.033207 
111 -0.062605 
112 0.044107 
113 0.035764 
114 -0.079390 
115 0.115628 
116 -0.099161 
117 0.048248 
118 0.010329 
119 0.010503 
120 -0.045762 
121 0.051129 
122 -0.005314 
123 -0.093542 
124 0.164077 
125 -0.124153 
126 -0.005099 
127 0.026911 
128 -0.020557 
129 0.050803 
130 -0.062478 
131 0.044296 
132 -0.070774 
133 0.112686 
134 -0.059300 
135 -0.032222 
136 -0.037468 
137 0.157671 
138 -0.124486 
139 0.025722 
140 -0.073852 
141 0.066879 
142 0.023481 
143 -0.129327 
144 0.096292 
145 -0.008886 
146 -0.014894 
147 -0.022669 
148 0.006003 
149 0.046545 
150 -0.125711 
151 0.103867 
152 -0.054083 
153 0.078362 
154 -0.167820 
155 0.142292 
156 -0.047366 
157 -0.005018 
158 0.045912 
159 -0.033698 
160 0.002820 
161 0.057409 
162 -0.024756 
163 0.010296 
164 -0.016267 
165 0.036554 
166 0.045768 
167 -0.016383 
168 0.015986 
169 -0.049779 
170 0.000967 
171 0.105327 
172 -0.093034 
173 0.116403 
174 -0.195391 
175 0.216043 
176 -0.105760 
177 -0.014749 
178 0.014388 
179 -0.026191 
180 0.024077 
181 0.002833 
182 0.044145 
183 -0.068599 
184 -0.007242 
185 0.042358 
186 0.073519 
187 -0.028187 
188 -0.077638 
189 0.150738 
190 -0.085632 
191 0.139075 
192 -0.159777 
193 0.100105 
194 -0.006676 
195 0.090690 
196 -0.137980 
197 0.007315 
198 0.040638 
199 -0.001567 
200 -0.015647 
201 -0.033222 
202 0.076535 
203 -0.194535 
204 0.169667 
205 -0.074308 
206 -0.056437 
207 0.037874 
208 -0.082659 
209 0.064801 
210 -0.092516 
211 0.062737 
212 -0.107253 
213 0.074648 
214 -0.096309 
215 0.117932 
216 -0.067232 
217 0.040491 
218 -0.124299 
219 0.107915 
220 0.053249 
221 -0.039693 
222 -0.037097 
223 0.054940 
224 -0.041612 
225 0.048138 
226 -0.022005 
227 0.059489 
228 -0.118409 
229 0.155326 
230 -0.149076 
231 0.124299 
232 -0.122495 
233 0.073727 
234 0.009610 
235 0.053473 
236 -0.104313 
237 0.019808 
238 0.147429 
239 -0.136195 
240 -0.018150 
241 0.140239 
242 -0.027840 
243 -0.041470 
244 0.024481 
245 0.052056 
246 -0.068474 
247 0.095327 
248 -0.054483 
249 0.105949 
250 -0.116103 
251 0.085965 
252 -0.104283 
253 0.176986 
254 -0.126514 
255 0.025730 
256 -0.017663 
257 0.029135 
258 -0.012136 
259 -0.018905 
260 0.048814 
261 -0.067636 
262 0.020480 
263 0.038161 
264 -0.000014 
265 -0.002858 
266 -0.118290 
267 0.202996 
268 -0.082224 
269 0.022247 
270 -0.114149 
271 0.247787 
272 -0.154902 
273 0.011361 
274 -0.003687 
275 0.144653 
276 -0.131892 
277 -0.012344 
278 0.046146 
279 -0.081045 
280 0.090761 
281 -0.023488 
282 -0.058161 
283 -0.009490 
284 -0.007718 
285 0.049571 
286 -0.104161 
287 0.050197 
288 -0.091785 
289 0.099336 
290 -0.082960 
291 0.027288 
292 -0.100529 
293 0.110618 
294 -0.047368 
295 -0.012973 
296 0.045925 
297 -0.016442 
298 -0.020796 
299 0.013111 
300 0.036947 
301 0.005294 
302 0.005425 
303 -0.049080 
304 0.055773 
305 0.023687 
306 -0.018294 
307 0.007410 
308 -0.093407 
309 0.170111 
310 -0.099951 
311 0.133281 
312 -0.167074 
313 0.006585 
314 0.073003 
315 0.106152 
316 -0.165020 
317 0.044937 
318 0.010837 
319 0.039034 
320 -0.039758 
321 0.057982 
322 -0.059847 
323 -0.003811 
324 0.080805 
325 0.023813 
326 -0.077096 
327 0.098182 
328 -0.097162 
329 0.048115 
330 0.021619 
331 0.078000 
332 -0.136770 
333 0.053305 
334 0.001936 
335 0.002437 
336 -0.007562 
337 0.020329 
338 -0.097837 
339 0.097137 
340 0.034995 
341 -0.128974 
342 0.047284 
343 0.036464 
344 -0.059307 
345 0.053213 
346 -0.055577 
347 0.019504 
348 -0.001176 
349 0.002682 
350 -0.044734 
351 0.055252 
352 -0.044173 
353 0.094194 
354 -0.122111 
355 0.073435 
356 -0.070627 
357 0.039048 
358 0.043944 
359 -0.028850 
360 -0.062763 
361 0.030628 
362 0.014747 
363 -0.072303 
364 0.088471 
365 -0.017849 
366 -0.094372 
367 0.069247 
368 0.021561 
369 -0.050675 
370 0.004029 
371 0.016287 
372 -0.046688 
373 0.133480 
374 -0.082322 
375 -0.027769 
376 -0.010153 
377 0.075608 
378 -0.015207 
379 0.025767 
380 -0.009972 
381 -0.042514 
382 0.040041 
383 0.001109 
384 0.012253 
385 -0.062638 
386 0.056660 
387 -0.000219 
388 -0.030033 
389 -0.030815 
390 -0.048285 
391 0.140614 
392 -0.112924 
393 0.023654 
394 -0.039984 
395 0.145455 
396 -0.088721 
397 0.009455 
398 0.018389 
399 0.001234 
400 0.086718 
401 -0.022283 
402 -0.012087 
403 -0.039580 
404 0.118701 
405 -0.047160 
406 0.033166 
407 0.002944 
408 0.055707 
409 -0.044656 
410 0.029712 
411 0.079672 
412 -0.138524 
413 0.130551 
414 -0.108734 
415 0.097333 
416 -0.081331 
417 0.012939 
418 -0.061329 
419 0.011057 
420 0.021029 
421 -0.044719 
422 0.052960 
423 -0.154297 
424 0.088282 
425 -0.027042 
426 0.041053 
427 -0.136704 
428 0.012872 
429 0.142268 
430 -0.141146 
431 0.026553 
432 -0.111099 
433 0.136143 
434 -0.054247 
435 0.059432 
436 -0.136560 
437 0.069166 
438 0.002872 
439 0.006988 
440 -0.007026 
441 -0.013101 
442 0.023860 
443 -0.116557 
444 0.217440 
445 -0.140321 
446 -0.070107 
447 0.088622 
448 0.046666 
449 -0.049580 
450 -0.027348 
451 0.085073 
452 -0.141928 
453 0.140245 
454 0.015583 
455 0.002919 
456 -0.073555 
457 0.028352 
458 0.056275 
459 0.018471 
460 0.020534 
461 -0.176557 
462 0.227714 
463 -0.070053 
464 0.068425 
465 -0.167245 
466 0.188352 
467 -0.102466 
468 0.063803 
469 0.038325 
470 -0.082459 
471 0.053432 
472 -0.125413 
473 0.248821 
474 -0.233865 
475 0.140841 
476 -0.112691 
477 0.074565 
478 0.056192 
479 -0.172195 
480 0.129151 
481 0.003656 
482 0.022038 
483 -0.149002 
484 0.182546 
485 -0.071223 
486 -0.044076 
487 0.014107 
488 0.057648 
489 -0.056479 
490 -0.034477 
491 0.081686 
492 -0.107514 
493 0.090624 
494 -0.059206 
495 0.037004 
496 -0.034730 
497 0.012293 
498 0.003234 
499 -0.059552 
500 0.105420 
501 -0.182918 
502 0.216326 
503 -0.159748 
504 0.020573 
505 -0.065258 
506 0.077331 
507 0.022183 
508 -0.087592 
509 0.022329 
510 -0.017945 
511 0.117352 
512 -0.126374 
513 0.032759 
514 -0.012430 
515 0.034435 
516 -0.060527 
517 0.068509 
518 -0.003191 
519 -0.141420 
520 0.131040 
521 -0.044810 
522 0.067981 
523 -0.135698 
524 0.203952 
525 -0.190017 
526 0.099809 
527 0.013721 
528 -0.052305 
529 0.123006 
530 -0.143812 
531 0.148150 
532 -0.125554 
533 0.143786 
534 -0.114637 
535 0.062568 
536 0.048659 
537 -0.062912 
538 0.086963 
539 -0.067206 
540 0.116575 
541 -0.155426 
542 0.107472 
543 -0.041990 
544 0.144035 
545 -0.171852 
546 0.077309 
547 -0.041972 
548 0.032923 
549 0.092123 
550 -0.155678 
551 0.104036 
552 -0.083990 
553 0.048699 
554 0.032603 
555 -0.075203 
556 0.026874 
557 -0.063964 
558 0.174546 
559 -0.217050 
560 0.157554 
561 -0.190523 
562 0.148589 
563 -0.094561 
564 0.074702 
565 -0.014728 
566 -0.157329 
567 0.149533 
568 -0.088692 
569 0.067792 
570 -0.050192 
571 0.031749 
572 -0.095445 
573 0.107767 
574 0.000168 
575 -0.093123 
576 0.014645 
577 0.038451 
578 0.087826 
579 -0.158373 
580 0.182967 
581 -0.221858 
582 0.234116 
583 -0.070943 
584 0.008655 
585 -0.029295 
586 0.023808 
587 0.027846 
588 -0.032692 
589 0.061106 
590 -0.118561 
591 0.090770 
592 0.000454 
593 -0.026926 
594 -0.045414 
595 0.015458 
596 0.046411 
597 -0.121728 
598 0.132523 
599 -0.187562 
600 0.168411 
601 -0.119486 
602 0.055613 
603 -0.071844 
604 0.023428 
605 0.034204 
606 -0.074429 
607 0.149131 
608 -0.163780 
609 0.115434 
610 -0.086592 
611 0.105786 
612 -0.076956 
613 0.047558 
614 0.046921 
615 -0.129007 
616 0.227228 
617 -0.201100 
618 0.184161 
619 -0.157592 
620 0.117308 
621 -0.018684 
622 0.042952 
623 -0.056098 
624 -0.007809 
625 0.072222 
626 -0.034899 
627 0.038337 
628 -0.046434 
629 0.124042 
630 -0.170009 
631 0.129218 
632 0.003076 
633 -0.093492 
634 0.121345 
635 -0.102555 
636 0.101645 
637 -0.157968 
638 0.178352 
639 -0.168342 
640 0.105954 
641 -0.094563 
642 -0.014097 
643 0.132549 
644 -0.118111 
645 -0.022602 
646 -0.028923 
647 0.194082 
648 -0.233271 
649 0.086069 
650 0.001375 
651 -0.003766 
652 -0.045711 
653 -0.007958 
654 0.136639 
655 -0.211575 
656 0.157056 
657 -0.183936 
658 0.175645 
659 -0.106371 
660 0.069965 
661 -0.115992 
662 0.091738 
663 0.007309 
664 -0.088159 
665 0.145048 
666 -0.205594 
667 0.116488 
668 -0.010954 
669 0.041296 
670 -0.110357 
671 0.017819 
672 0.103386 
673 -0.113540 
674 0.106350 
675 -0.129881 
676 0.158706 
677 -0.112492 
678 0.129417 
679 -0.143683 
680 0.131781 
681 -0.019477 
682 -0.035828 
683 0.102874 
684 -0.049538 
685 0.084291 
686 -0.167585 
687 0.280837 
688 -0.150159 
689 0.048754 
690 0.006052 
691 0.008702 
692 0.059089 
693 -0.058377 
694 0.126963 
695 -0.204362 
696 0.145667 
697 -0.012138 
698 0.074577 
699 -0.182952 
700 0.077686 
701 -0.008402 
702 -0.012004 
703 0.103761 
704 -0.233972 
705 0.169757 
706 -0.112226 
707 0.100840 
708 -0.075537 
709 0.007227 
710 -0.042362 
711 -0.028751 
712 0.147434 
713 -0.145043 
714 0.050463 
715 -0.106043 
716 0.218429 
717 -0.234895 
718 0.207133 
719 -0.178312 
720 0.063513 
721 0.059370 
722 -0.106160 
723 0.119263 
724 -0.149189 
725 0.062631 
726 -0.122693 
727 0.202335 
728 -0.162681 
729 -0.015379 
730 0.037677 
731 0.035845 
732 -0.071340 
733 -0.044205 
734 0.136108 
735 -0.137776 
736 0.161581 
737 -0.183973 
738 0.096915 
739 -0.015378 
740 -0.055601 
741 0.101045 
742 -0.033900 
743 0.025484 
744 -0.056071 
745 0.099463 
746 -0.018548 
747 -0.055566 
748 0.045127 
749 0.099128 
750 -0.021744 
751 -0.112102 
752 0.156295 
753 -0.146995 
754 0.184169 
755 -0.136563 
756 0.104004 
757 -0.066816 
758 0.084857 
759 -0.043411 
760 0.008976 
761 0.091310 
762 -0.100976 
763 0.132631 
764 -0.066964 
765 0.070022 
766 -0.096899 
767 0.176522 
768 -0.223984 
769 0.133195 
770 0.089926 
771 -0.173873 
772 0.035495 
773 -0.014810 
774 0.062517 
775 -0.129170 
776 0.118267 
777 -0.146250 
778 0.118169 
779 -0.084938 
780 -0.028264 
781 -0.009611 
782 0.016978 
783 0.097529 
784 -0.254766 
785 0.130012 
786 -0.025934 
787 0.027713 
788 -0.083421 
789 0.049559 
790 -0.006568 
791 -0.065200 
792 0.164294 
793 -0.157238 
794 0.020987 
795 0.012176 
796 0.054956 
797 0.033907 
798 -0.031830 
799 -0.052389 
800 0.066300 
801 0.049115 
802 -0.043951 
803 0.083002 
804 -0.093558 
805 0.123037 
806 -0.136990 
807 0.183206 
808 -0.107636 
809 -0.051266 
810 0.098422 
811 -0.063906 
812 0.120663 
813 -0.190023 
814 0.124954 
815 -0.141303 
816 0.142442 
817 0.056054 
818 -0.180775 
819 0.094650 
820 0.005728 
821 -0.056831 
822 0.026093 
823 0.116418 
824 -0.186117 
825 0.069501 
826 0.026309 
827 0.048124 
828 -0.126124 
829 0.034236 
830 0.016558 
831 -0.017013 
832 0.093942 
833 -0.163165 
834 0.083599 
835 -0.027521 
836 0.064651 
837 -0.122631 
838 0.146510 
839 -0.091080 
840 -0.080138 
841 0.135364 
842 -0.106244 
843 0.065804 
844 -0.080305 
845 0.102503 
846 -0.015026 
847 -0.035916 
848 -0.023946 
849 0.006149 
850 0.134567 
851 -0.069907 
852 -0.019768 
853 0.072834 
854 -0.078589 
855 0.033328 
856 0.151335 
857 -0.130986 
858 -0.015789 
859 0.065054 
860 -0.021961 
861 0.119481 
862 -0.189495 
863 0.116103 
864 -0.026087 
865 0.130778 
866 -0.077502 
867 -0.115434 
868 0.135113 
869 -0.030294 
870 0.049315 
871 -0.051100 
872 0.054093 
873 -0.177641 
874 0.096591 
875 -0.002607 
876 -0.058286 
877 -0.037680 
878 0.006617 
879 0.022913 
880 -0.083154 
881 -0.020627 
882 -0.045225 
883 0.029426 
884 0.015383 
885 -0.043398 
886 -0.073172 
887 0.087701 
888 -0.194326 
889 0.172183 
890 0.008765 
891 -0.205302 
892 0.192871 
893 -0.054880 
894 -0.002436 
895 -0.108084 
896 0.174058 
897 0.046989 
898 -0.109842 
899 0.124903 
900 0.003223 
901 -0.001379 
902 0.020686 
903 0.083515 
904 -0.030414 
905 0.123166 
906 -0.043235 
907 -0.019180 
908 0.160551 
909 -0.134096 
910 0.044334 
911 0.061988 
912 0.091255 
913 -0.132646 
914 0.152919 
915 -0.070523 
916 -0.009964 
917 0.076236 
918 -0.076949 
919 0.106049 
920 -0.114048 
921 0.003692 
922 -0.005625 
923 0.009169 
924 -0.110199 
925 -0.030350 
926 0.135818 
927 -0.073514 
928 -0.119004 
929 -0.069039 
930 0.098135 
931 -0.049192 
932 -0.036216 
933 0.057286 
934 -0.024628 
935 -0.080050 
936 0.049545 
937 0.035055 
938 -0.080203 
939 0.030254 
940 0.025110 
941 0.051112 
942 -0.106248 
943 0.033985 
944 -0.029803 
945 0.006015 
946 0.015947 
947 0.058888 
948 -0.069157 
949 -0.097049 
950 0.162945 
951 -0.113833 
952 0.104578 
953 0.017784 
954 -0.116482 
955 0.093944 
956 0.011293 
957 -0.050565 
958 0.038933 
959 0.022223 
960 0.086430 
961 -0.032315 
962 -0.078822 
963 0.026160 
964 -0.076056 
965 0.158572 
966 -0.018831 
967 -0.079882 
968 0.089243 
969 -0.137192 
970 0.158052 
971 -0.128440 
972 0.082394 
973 0.035825 
974 0.022110 
975 -0.098116 
976 0.084384 
977 -0.064569 
978 -0.031959 
979 0.140989 
980 -0.000953 
981 0.055970 
982 -0.148857 
983 0.026036 
984 -0.005231 
985 0.036174 
986 0.082283 
987 -0.059435 
988 0.002716 
989 0.020260 
990 0.010585 
991 -0.049312 
992 0.127976 
993 -0.087491 
994 0.065038 
995 -0.030655 
996 -0.017813 
997 -0.041683 
998 -0.056187 
999 0.013676 
1000 -0.083178 
1001 0.055303 
1002 -0.088444 
1003 -0.063648 
1004 0.147589 
1005 -0.230222 
1006 0.098069 
1007 0.133295 
1008 -0.028592 
1009 -0.027677 
1010 -0.080250 
1011 -0.019313 
1012 0.175082 
1013 -0.147757 
1014 -0.096393 
1015 0.127509 
1016 0.163422 
1017 0.080942 
1018 -0.064516 
1019 0.091233 
1020 -0.152884 
1021 0.066244 
1022 0.306070 
1023 0.300856 
