0 0.785854 
1 0.306895 
2 0.094778 
3 0.068056 
4 -0.132478 
5 0.073338 
6 0.001438 
7 -0.061586 
8 0.011814 
9 -0.084296 
10 -0.021078 
11 0.144358 
12 -0.015750 
13 0.072972 
14 0.039164 
15 0.006644 
16 -0.041310 
17 0.066123 
18 -0.049750 
19 0.233573 
20 -0.017325 
21 -0.050066 
22 0.057270 
23 -0.036709 
24 0.012754 
25 -0.047148 
26 0.012613 
27 0.151973 
28 -0.058110 
29 -0.090766 
30 -0.020642 
31 -0.017610 
32 -0.009708 
33 0.160931 
34 -0.154936 
35 -0.029388 
36 0.042301 
37 -0.013523 
38 -0.089939 
39 0.074340 
40 -0.232382 
41 0.065600 
42 -0.000989 
43 -0.057322 
44 -0.027246 
45 -0.017400 
46 0.044105 
47 -0.011391 
48 -0.027919 
49 -0.070112 
50 0.044066 
51 0.168698 
52 0.093469 
53 -0.122734 
54 -0.035692 
55 0.133449 
56 -0.034109 
57 0.033954 
58 0.006239 
59 0.133623 
60 0.057767 
61 -0.109799 
62 0.056230 
63 -0.032204 
64 0.056221 
65 0.187717 
66 -0.080493 
67 -0.029312 
68 0.028073 
69 0.109013 
70 -0.133125 
71 -0.035609 
72 0.039563 
73 0.039106 
74 0.019446 
75 -0.222764 
76 0.052742 
77 -0.013171 
78 0.007845 
79 -0.124415 
80 0.059382 
81 -0.078934 
82 0.031525 
83 -0.152796 
84 0.110027 
85 -0.046892 
86 0.004122 
87 -0.124910 
88 0.094741 
89 -0.082396 
90 0.066707 
91 -0.010272 
92 -0.058577 
93 0.055405 
94 -0.040368 
95 0.037132 
96 0.078465 
97 -0.054048 
98 -0.045569 
99 0.058704 
100 0.100588 
101 -0.004040 
102 -0.016524 
103 0.043287 
104 0.029490 
105 -0.074959 
106 0.089716 
107 0.050798 
108 -0.039235 
109 0.080371 
110 -0.004130 
111 -0.133489 
112 0.064995 
113 -0.136172 
114 0.161235 
115 0.020361 
116 -0.142751 
117 -0.087947 
118 0.059583 
119 0.055032 
120 -0.069092 
121 -0.084461 
122 0.045271 
123 0.154513 
124 -0.220076 
125 0.003468 
126 0.009319 
127 0.009063 
128 -0.041425 
129 0.070896 
130 -0.069176 
131 0.103743 
132 -0.124474 
133 0.052957 
134 0.013238 
135 -0.041218 
136 0.136450 
137 -0.095021 
138 0.009983 
139 0.122486 
140 -0.014181 
141 0.041390 
142 -0.078077 
143 0.087918 
144 -0.093788 
145 0.218292 
146 -0.109225 
147 0.055141 
148 -0.009524 
149 -0.035281 
150 0.041109 
151 -0.033113 
152 0.046900 
153 0.023532 
154 -0.135489 
155 0.165943 
156 -0.190112 
157 0.163353 
158 -0.112466 
159 0.064367 
160 0.010529 
161 0.043953 
162 -0.131786 
163 -0.067906 
164 0.147251 
165 -0.000908 
166 -0.047769 
167 -0.191748 
168 0.131277 
169 0.012102 
170 -0.024548 
171 -0.189041 
172 0.192216 
173 -0.021610 
174 -0.008036 
175 -0.070571 
176 0.094794 
177 -0.046284 
178 0.064446 
179 0.036763 
180 0.008464 
181 -0.067176 
182 -0.010145 
183 0.125969 
184 -0.076649 
185 -0.032491 
186 0.020062 
187 -0.021766 
188 0.113969 
189 -0.090610 
190 0.071499 
191 -0.055410 
192 0.043126 
193 -0.089431 
194 0.143134 
195 -0.069831 
196 0.084874 
197 -0.108528 
198 -0.037553 
199 -0.000640 
200 -0.007334 
201 -0.091668 
202 0.172792 
203 -0.175734 
204 0.025954 
205 -0.049539 
206 -0.029345 
207 0.057412 
208 0.020482 
209 -0.005513 
210 0.069592 
211 -0.140634 
212 0.005102 
213 0.035135 
214 -0.012867 
215 0.207375 
216 -0.230518 
217 -0.061561 
218 0.164437 
219 -0.124504 
220 -0.006401 
221 0.041561 
222 0.082470 
223 -0.047462 
224 0.049967 
225 -0.150124 
226 0.133196 
227 0.017800 
228 0.061304 
229 -0.038903 
230 0.002397 
231 0.015660 
232 -0.013274 
233 0.055283 
234 -0.009173 
235 0.113944 
236 -0.097358 
237 0.005062 
238 -0.064368 
239 0.066437 
240 0.040047 
241 0.041526 
242 -0.043642 
243 0.014804 
244 -0.184860 
245 0.208050 
246 -0.082620 
247 0.006210 
248 -0.028532 
249 0.014972 
250 -0.014480 
251 0.024093 
252 -0.093929 
253 0.006185 
254 0.095773 
255 -0.096260 
256 0.043450 
257 -0.039040 
258 -0.069068 
259 0.129025 
260 -0.060244 
261 -0.011037 
262 -0.006956 
263 0.019586 
264 0.085282 
265 0.000093 
266 -0.096904 
267 0.010501 
268 0.106640 
269 0.049425 
270 -0.135671 
271 0.077438 
272 -0.025978 
273 0.130751 
274 -0.185596 
275 0.028307 
276 0.038062 
277 -0.048477 
278 0.123490 
279 -0.032310 
280 -0.144950 
281 0.092931 
282 0.034941 
283 -0.032288 
284 0.019592 
285 -0.064678 
286 0.056383 
287 0.015673 
288 -0.115205 
289 -0.032411 
290 0.089934 
291 -0.039778 
292 0.011172 
293 -0.116371 
294 -0.008545 
295 -0.005434 
296 0.039895 
297 0.102157 
298 -0.142881 
299 0.022297 
300 0.025352 
301 -0.014096 
302 -0.004593 
303 0.013172 
304 0.022016 
305 -0.002636 
306 -0.067954 
307 -0.010055 
308 0.096321 
309 -0.100177 
310 0.083719 
311 -0.005819 
312 0.023141 
313 -0.054269 
314 0.139263 
315 -0.078846 
316 0.067805 
317 -0.069919 
318 0.072925 
319 0.048056 
320 -0.072009 
321 -0.021754 
322 0.011478 
323 0.046135 
324 0.017057 
325 -0.095094 
326 -0.018591 
327 0.080704 
328 0.013610 
329 -0.029771 
330 -0.066071 
331 0.032265 
332 0.002660 
333 0.045822 
334 -0.115167 
335 0.145545 
336 -0.027206 
337 -0.044579 
338 -0.049302 
339 0.019746 
340 0.077580 
341 -0.004620 
342 -0.010439 
343 -0.092078 
344 0.108134 
345 -0.009204 
346 -0.027570 
347 -0.056592 
348 0.061216 
349 0.066018 
350 -0.086530 
351 0.030818 
352 -0.025101 
353 0.062274 
354 -0.025134 
355 0.035561 
356 -0.107866 
357 0.112455 
358 -0.042079 
359 0.033152 
360 -0.012231 
361 -0.037444 
362 -0.025802 
363 0.103699 
364 -0.088652 
365 0.092678 
366 -0.081785 
367 -0.003943 
368 0.088461 
369 -0.031975 
370 -0.053400 
371 0.016324 
372 0.005625 
373 0.115953 
374 -0.030113 
375 -0.152260 
376 0.023064 
377 0.055966 
378 0.018841 
379 -0.006706 
380 -0.133536 
381 0.094508 
382 0.041288 
383 -0.128686 
384 -0.019820 
385 0.152125 
386 -0.104812 
387 0.073710 
388 -0.163502 
389 0.052489 
390 0.099249 
391 0.006412 
392 -0.060821 
393 0.001211 
394 -0.069481 
395 0.048328 
396 0.011394 
397 -0.065126 
398 0.080607 
399 -0.050290 
400 0.006769 
401 -0.105660 
402 0.021396 
403 0.031625 
404 0.072496 
405 -0.083380 
406 0.034048 
407 -0.064252 
408 0.088292 
409 -0.042979 
410 0.014015 
411 0.031656 
412 0.020022 
413 -0.073995 
414 0.107962 
415 -0.062296 
416 0.002341 
417 -0.038546 
418 0.099387 
419 0.006197 
420 0.001529 
421 -0.059554 
422 0.026707 
423 0.077432 
424 0.021812 
425 -0.034927 
426 -0.030399 
427 0.005903 
428 0.140782 
429 -0.144437 
430 0.113723 
431 -0.144150 
432 0.144086 
433 -0.164805 
434 0.103339 
435 -0.070337 
436 0.098095 
437 -0.087759 
438 -0.004711 
439 -0.000604 
440 -0.039950 
441 0.081772 
442 0.085847 
443 -0.088534 
444 -0.009935 
445 -0.061074 
446 0.010613 
447 0.079717 
448 0.004045 
449 -0.085685 
450 0.041812 
451 -0.107449 
452 0.014781 
453 0.066876 
454 0.022041 
455 0.022523 
456 -0.135687 
457 0.086958 
458 0.029252 
459 -0.001204 
460 0.031734 
461 -0.034594 
462 0.090678 
463 -0.054833 
464 -0.008153 
465 -0.040569 
466 0.053414 
467 -0.003834 
468 -0.012076 
469 0.040740 
470 -0.085517 
471 0.030391 
472 0.010955 
473 0.029086 
474 -0.000896 
475 -0.007359 
476 -0.074444 
477 0.162807 
478 -0.126886 
479 0.023798 
480 -0.005787 
481 -0.003389 
482 0.008188 
483 -0.075925 
484 -0.007952 
485 0.041755 
486 -0.016334 
487 0.000084 
488 0.001221 
489 -0.152075 
490 0.137283 
491 0.076665 
492 -0.115601 
493 0.076287 
494 -0.075027 
495 0.002956 
496 0.017997 
497 0.034303 
498 -0.010498 
499 0.069869 
500 -0.058589 
501 -0.046873 
502 -0.033858 
503 0.036206 
504 0.109439 
505 0.027033 
506 -0.171647 
507 0.080881 
508 -0.029423 
509 -0.000395 
510 0.050720 
511 0.008558 
512 0.009520 
513 0.009579 
514 -0.035097 
515 -0.035791 
516 0.005890 
517 0.041518 
518 0.056511 
519 -0.136125 
520 0.050824 
521 -0.073878 
522 0.009524 
523 0.060083 
524 -0.069704 
525 -0.020228 
526 0.029749 
527 0.045961 
528 -0.030889 
529 -0.020604 
530 -0.002028 
531 0.086549 
532 -0.004513 
533 -0.080113 
534 -0.000405 
535 0.078672 
536 0.066448 
537 -0.044485 
538 -0.085345 
539 0.041548 
540 -0.010938 
541 0.094687 
542 -0.023351 
543 0.014709 
544 -0.025119 
545 0.056627 
546 0.003199 
547 -0.096044 
548 0.168283 
549 -0.086713 
550 0.056661 
551 -0.083336 
552 0.030874 
553 0.037890 
554 0.047446 
555 -0.079322 
556 0.033395 
557 -0.033884 
558 -0.067167 
559 0.071514 
560 -0.085597 
561 0.131707 
562 0.000629 
563 -0.121101 
564 -0.065037 
565 0.045245 
566 0.000463 
567 0.069901 
568 -0.016957 
569 -0.059247 
570 -0.075880 
571 -0.009665 
572 0.055225 
573 0.012537 
574 -0.051585 
575 0.056576 
576 -0.053059 
577 0.010047 
578 -0.024317 
579 -0.079312 
580 0.114200 
581 0.066687 
582 -0.023083 
583 0.018668 
584 -0.123009 
585 0.098524 
586 0.074152 
587 0.022811 
588 -0.086411 
589 0.027443 
590 -0.012118 
591 0.093753 
592 -0.140666 
593 0.123878 
594 -0.014249 
595 0.001700 
596 -0.166400 
597 0.156040 
598 -0.089109 
599 0.198987 
600 -0.031009 
601 -0.136519 
602 0.004016 
603 0.041297 
604 0.060788 
605 0.001939 
606 -0.129662 
607 0.122498 
608 -0.004081 
609 -0.148029 
610 0.016551 
611 0.083355 
612 -0.042420 
613 -0.008556 
614 -0.041394 
615 -0.023620 
616 0.011366 
617 0.124198 
618 -0.137532 
619 0.063541 
620 -0.092016 
621 0.066977 
622 -0.012193 
623 -0.001938 
624 0.059987 
625 -0.049343 
626 -0.029825 
627 0.027422 
628 -0.054961 
629 0.068112 
630 0.032185 
631 -0.023044 
632 -0.001557 
633 0.061898 
634 -0.129127 
635 0.044188 
636 0.098554 
637 0.028756 
638 0.000034 
639 -0.136926 
640 0.115147 
641 -0.039387 
642 -0.029434 
643 0.022782 
644 -0.010451 
645 0.059772 
646 -0.059475 
647 -0.116667 
648 0.099768 
649 0.025817 
650 0.028543 
651 -0.058836 
652 -0.023767 
653 -0.038285 
654 0.153452 
655 -0.077121 
656 0.071708 
657 -0.057751 
658 -0.028442 
659 0.001877 
660 0.049809 
661 -0.060377 
662 0.172602 
663 -0.142251 
664 -0.025910 
665 -0.009194 
666 0.039364 
667 0.017847 
668 0.074398 
669 -0.149086 
670 0.117549 
671 -0.081583 
672 0.025392 
673 -0.059427 
674 0.135898 
675 -0.010701 
676 -0.074187 
677 -0.005072 
678 -0.001037 
679 0.062931 
680 -0.010354 
681 -0.031668 
682 -0.025786 
683 -0.042855 
684 0.079237 
685 -0.042450 
686 0.028639 
687 -0.010094 
688 -0.034215 
689 -0.060153 
690 0.044656 
691 -0.024812 
692 0.080807 
693 -0.054108 
694 0.043415 
695 -0.052276 
696 -0.061338 
697 0.000619 
698 0.040511 
699 0.025442 
700 0.065849 
701 -0.069252 
702 -0.120491 
703 0.054686 
704 0.018994 
705 0.081626 
706 -0.003413 
707 0.027568 
708 0.015255 
709 -0.045012 
710 -0.075400 
711 0.191004 
712 -0.047579 
713 0.024151 
714 -0.033681 
715 -0.123147 
716 0.060277 
717 0.134393 
718 -0.139809 
719 0.040936 
720 0.014773 
721 -0.060045 
722 0.068523 
723 -0.074694 
724 0.037016 
725 0.052569 
726 0.036677 
727 -0.059687 
728 0.011161 
729 -0.089426 
730 0.113166 
731 0.013000 
732 -0.005865 
733 -0.094239 
734 -0.084208 
735 0.083436 
736 0.072189 
737 0.004499 
738 -0.131373 
739 0.116365 
740 -0.044935 
741 -0.056596 
742 0.051487 
743 0.019077 
744 0.081323 
745 -0.089706 
746 -0.019410 
747 -0.012258 
748 0.047640 
749 0.047796 
750 -0.004472 
751 -0.143427 
752 0.016871 
753 -0.019362 
754 0.096907 
755 0.002128 
756 0.042607 
757 -0.056107 
758 -0.021625 
759 -0.075644 
760 0.112189 
761 -0.055285 
762 0.183698 
763 0.013472 
764 -0.186733 
765 -0.086579 
766 0.083312 
767 -0.042636 
768 0.135638 
769 -0.055510 
770 -0.046337 
771 0.043664 
772 -0.061041 
773 -0.027580 
774 0.028859 
775 0.069911 
776 0.047841 
777 -0.045926 
778 -0.029690 
779 0.011338 
780 0.058819 
781 -0.030200 
782 0.097861 
783 -0.058110 
784 -0.029712 
785 -0.054989 
786 0.043982 
787 0.107320 
788 0.011077 
789 -0.068420 
790 0.032891 
791 -0.078373 
792 -0.027893 
793 0.141953 
794 0.041034 
795 -0.035298 
796 -0.117232 
797 -0.085126 
798 0.080277 
799 0.024649 
800 0.073569 
801 -0.110360 
802 -0.057338 
803 0.031561 
804 -0.033017 
805 -0.036782 
806 -0.060739 
807 0.114501 
808 -0.077498 
809 -0.012167 
810 0.003042 
811 0.054791 
812 -0.024695 
813 -0.047277 
814 0.028712 
815 -0.015528 
816 -0.011695 
817 0.057691 
818 -0.016149 
819 -0.018304 
820 0.084220 
821 0.004113 
822 -0.179511 
823 0.197634 
824 -0.065390 
825 0.192678 
826 -0.085280 
827 -0.076877 
828 0.013883 
829 0.084426 
830 -0.068039 
831 0.189882 
832 -0.098270 
833 -0.099692 
834 0.140676 
835 -0.057278 
836 -0.013188 
837 0.069680 
838 -0.132265 
839 0.199139 
840 -0.169792 
841 0.043166 
842 -0.029195 
843 0.006672 
844 0.069415 
845 -0.035108 
846 -0.079344 
847 -0.054263 
848 0.064164 
849 0.051547 
850 0.079524 
851 -0.117450 
852 -0.160691 
853 0.132881 
854 -0.064359 
855 0.124520 
856 -0.072790 
857 0.122869 
858 -0.113384 
859 -0.045201 
860 -0.123805 
861 0.077812 
862 0.109571 
863 0.011929 
864 -0.018380 
865 -0.051534 
866 0.158669 
867 -0.174555 
868 -0.007351 
869 0.029537 
870 0.081393 
871 0.024175 
872 -0.032576 
873 -0.063840 
874 0.050494 
875 0.081673 
876 -0.044055 
877 -0.003336 
878 -0.062159 
879 0.031082 
880 0.054746 
881 -0.059307 
882 0.115882 
883 0.018164 
884 -0.111724 
885 0.014320 
886 -0.005277 
887 -0.010091 
888 0.030340 
889 -0.014325 
890 -0.119361 
891 0.070854 
892 -0.027757 
893 -0.013461 
894 0.115611 
895 -0.135558 
896 0.067141 
897 -0.024286 
898 -0.008207 
899 0.045989 
900 0.113872 
901 -0.104477 
902 -0.004489 
903 -0.117581 
904 0.094093 
905 0.025524 
906 0.027188 
907 -0.009511 
908 -0.090555 
909 -0.023811 
910 -0.063233 
911 0.164157 
912 -0.002038 
913 0.013813 
914 -0.100645 
915 -0.057674 
916 0.049825 
917 0.074283 
918 0.021037 
919 -0.134628 
920 0.030245 
921 0.013510 
922 -0.042779 
923 -0.004865 
924 -0.042259 
925 0.142924 
926 0.052217 
927 -0.077476 
928 -0.114928 
929 0.076491 
930 -0.043989 
931 0.127250 
932 0.054998 
933 -0.046377 
934 -0.019827 
935 -0.097749 
936 0.023896 
937 0.071604 
938 0.034963 
939 -0.028308 
940 -0.042920 
941 -0.043623 
942 -0.094468 
943 0.264039 
944 -0.040434 
945 0.101538 
946 -0.143970 
947 -0.098223 
948 0.064662 
949 0.057997 
950 0.109120 
951 0.049099 
952 -0.209629 
953 -0.002163 
954 -0.030021 
955 -0.113476 
956 0.261474 
957 0.084965 
958 -0.071379 
959 -0.055170 
960 -0.232449 
961 0.029143 
962 0.297548 
963 0.141311 
964 -0.061089 
965 -0.174018 
966 0.007640 
967 0.096318 
968 -0.134441 
969 0.005287 
970 0.193713 
971 -0.129324 
972 0.025657 
973 -0.145214 
974 0.045666 
975 0.110276 
976 0.050291 
977 0.000813 
978 -0.077467 
979 0.029724 
980 0.092872 
981 -0.000324 
982 -0.040494 
983 -0.030338 
984 0.042230 
985 -0.141901 
986 0.057271 
987 -0.180976 
988 0.212369 
989 -0.010988 
990 -0.048970 
991 0.004089 
992 0.013352 
993 0.077136 
994 0.150712 
995 -0.067081 
996 -0.044124 
997 -0.093709 
998 0.128746 
999 -0.214023 
1000 0.078761 
1001 -0.105122 
1002 -0.223736 
1003 0.112150 
1004 -0.075367 
1005 0.007986 
1006 0.177768 
1007 -0.049541 
1008 0.190220 
1009 -0.077707 
1010 0.043191 
1011 0.033790 
1012 0.088303 
1013 0.047889 
1014 -0.018914 
1015 -0.233549 
1016 -0.131452 
1017 0.005008 
1018 0.179946 
1019 0.098510 
1020 0.106747 
1021 -0.148230 
1022 -0.252641 
1023 -0.096613 
