0 0.059888 
1 0.013270 
2 0.053362 
3 0.012045 
4 -0.031634 
5 -0.016302 
6 0.000628 
7 0.011155 
8 -0.027455 
9 -0.048684 
10 0.000522 
11 -0.029345 
12 0.082108 
13 0.043943 
14 0.048316 
15 -0.094496 
16 -0.005278 
17 -0.009036 
18 0.032943 
19 -0.049386 
20 -0.004987 
21 0.019229 
22 -0.015013 
23 -0.018553 
24 -0.008658 
25 0.057868 
26 -0.004886 
27 -0.048927 
28 -0.034187 
29 0.018143 
30 0.026868 
31 0.044032 
32 0.013350 
33 -0.035750 
34 -0.057218 
35 -0.018362 
36 0.042161 
37 -0.023046 
38 -0.005137 
39 -0.026779 
40 0.001839 
41 -0.063947 
42 0.036340 
43 0.065820 
44 0.106128 
45 -0.041733 
46 -0.053188 
47 -0.050983 
48 0.016186 
49 0.007886 
50 -0.000961 
51 -0.026334 
52 -0.048214 
53 -0.043193 
54 0.025223 
55 0.051928 
56 0.071167 
57 0.032732 
58 -0.006509 
59 -0.046331 
60 -0.047723 
61 -0.010597 
62 0.018311 
63 -0.014447 
64 -0.050853 
65 -0.019828 
66 0.023981 
67 0.068620 
68 0.062931 
69 0.007817 
70 -0.010924 
71 -0.075895 
72 -0.020572 
73 -0.034873 
74 0.016517 
75 -0.033055 
76 -0.007368 
77 -0.004785 
78 0.046359 
79 0.065461 
80 0.035983 
81 0.009974 
82 -0.049993 
83 -0.014839 
84 -0.074347 
85 0.002705 
86 -0.002432 
87 0.056972 
88 -0.033378 
89 -0.006286 
90 -0.004785 
91 0.076219 
92 0.034364 
93 0.010782 
94 -0.050055 
95 -0.052231 
96 -0.022771 
97 0.003783 
98 0.053024 
99 0.013789 
100 0.036940 
101 -0.046878 
102 -0.006885 
103 -0.057644 
104 0.102375 
105 0.018694 
106 0.021577 
107 -0.126385 
108 -0.012116 
109 -0.014964 
110 0.047611 
111 0.049733 
112 0.025233 
113 0.004118 
114 -0.086371 
115 0.048263 
116 0.007246 
117 0.077927 
118 -0.074367 
119 -0.009731 
120 -0.081441 
121 -0.013278 
122 0.012854 
123 0.093178 
124 0.063330 
125 -0.018552 
126 -0.071233 
127 -0.007476 
128 0.019484 
129 0.012287 
130 0.002483 
131 -0.009970 
132 -0.019595 
133 -0.020326 
134 0.061805 
135 0.047359 
136 0.043828 
137 -0.060796 
138 -0.008526 
139 -0.071471 
140 0.014141 
141 0.001832 
142 0.037084 
143 0.003918 
144 -0.026627 
145 0.046566 
146 0.054967 
147 0.078754 
148 -0.003082 
149 -0.033193 
150 -0.065835 
151 -0.062458 
152 -0.015928 
153 0.001340 
154 0.023602 
155 0.000226 
156 0.039301 
157 0.009666 
158 0.020720 
159 0.046530 
160 0.062321 
161 0.018595 
162 -0.087128 
163 -0.087991 
164 -0.025048 
165 0.041183 
166 0.059040 
167 -0.024029 
168 0.016359 
169 -0.022769 
170 0.041047 
171 0.002056 
172 0.076695 
173 0.017966 
174 -0.032565 
175 -0.111650 
176 -0.067659 
177 0.020816 
178 0.077682 
179 0.079965 
180 0.008158 
181 -0.012010 
182 -0.011215 
183 0.007128 
184 0.019343 
185 -0.008137 
186 -0.044943 
187 -0.081201 
188 -0.037942 
189 0.035333 
190 0.075358 
191 0.063693 
192 0.025756 
193 0.005133 
194 -0.036058 
195 -0.024903 
196 -0.009103 
197 0.005409 
198 -0.048870 
199 -0.047659 
200 0.009933 
201 0.051371 
202 0.049957 
203 0.036082 
204 0.044299 
205 -0.034552 
206 -0.073080 
207 -0.057789 
208 0.018154 
209 0.011003 
210 -0.032300 
211 -0.046584 
212 0.000948 
213 0.073558 
214 0.075426 
215 0.045801 
216 -0.006351 
217 -0.039532 
218 -0.072950 
219 -0.055087 
220 -0.032772 
221 0.022974 
222 0.006662 
223 -0.002887 
224 -0.037229 
225 0.027438 
226 0.096181 
227 0.106232 
228 0.023155 
229 -0.057222 
230 -0.074561 
231 -0.086455 
232 -0.013788 
233 -0.020533 
234 0.035960 
235 -0.020267 
236 0.031971 
237 -0.010702 
238 0.053199 
239 0.042036 
240 0.066420 
241 -0.037242 
242 -0.078990 
243 -0.109068 
244 -0.005882 
245 0.044734 
246 0.061045 
247 0.007954 
248 0.002293 
249 0.006640 
250 -0.004225 
251 0.017892 
252 0.011476 
253 0.011493 
254 -0.089324 
255 -0.053344 
256 -0.048273 
257 0.072524 
258 0.063479 
259 0.050029 
260 -0.027579 
261 -0.036318 
262 -0.005768 
263 0.026695 
264 0.002654 
265 -0.007724 
266 -0.033981 
267 -0.009408 
268 -0.044132 
269 0.025782 
270 0.023297 
271 0.062973 
272 -0.024216 
273 -0.027437 
274 -0.031386 
275 0.007589 
276 0.052020 
277 0.012331 
278 -0.004696 
279 -0.062251 
280 -0.014472 
281 0.028139 
282 0.053728 
283 0.029426 
284 -0.025450 
285 -0.045777 
286 -0.044243 
287 0.004897 
288 0.037052 
289 0.028495 
290 -0.002711 
291 -0.045489 
292 -0.012918 
293 0.001246 
294 0.067339 
295 0.039156 
296 0.018774 
297 -0.090441 
298 -0.081316 
299 -0.038028 
300 0.062131 
301 0.063362 
302 0.028417 
303 -0.060771 
304 -0.026983 
305 -0.012168 
306 0.082213 
307 0.013330 
308 0.024808 
309 -0.074964 
310 -0.023030 
311 -0.046718 
312 0.025859 
313 0.040300 
314 0.046524 
315 0.020893 
316 -0.066883 
317 -0.005574 
318 0.006856 
319 0.068152 
320 -0.020692 
321 -0.019331 
322 -0.068438 
323 -0.008969 
324 0.011901 
325 0.044650 
326 0.024154 
327 -0.011951 
328 -0.011510 
329 -0.011265 
330 0.039108 
331 0.051379 
332 0.043594 
333 -0.036363 
334 -0.062925 
335 -0.060620 
336 -0.008886 
337 0.002835 
338 0.046629 
339 0.014728 
340 0.005192 
341 -0.016375 
342 0.035417 
343 0.054471 
344 0.067028 
345 -0.024213 
346 -0.069942 
347 -0.089153 
348 -0.047068 
349 0.047851 
350 0.027643 
351 0.047316 
352 -0.027845 
353 0.007879 
354 0.003221 
355 0.035323 
356 0.046181 
357 0.010697 
358 -0.030539 
359 -0.092333 
360 -0.020636 
361 0.010806 
362 0.078970 
363 -0.000254 
364 -0.004134 
365 -0.037565 
366 0.007910 
367 0.049671 
368 0.053307 
369 0.016703 
370 -0.046514 
371 -0.064640 
372 -0.029564 
373 0.004999 
374 0.053997 
375 0.051894 
376 -0.009578 
377 -0.052516 
378 -0.037374 
379 0.043961 
380 0.058151 
381 0.009508 
382 -0.042504 
383 -0.047248 
384 -0.025121 
385 0.012349 
386 0.045058 
387 0.037944 
388 0.031641 
389 -0.051533 
390 -0.041358 
391 -0.059992 
392 0.034278 
393 0.035345 
394 0.014944 
395 -0.025393 
396 -0.024990 
397 0.035688 
398 0.054921 
399 0.040447 
400 -0.016740 
401 -0.036805 
402 -0.079645 
403 -0.037450 
404 -0.001266 
405 0.043103 
406 0.023578 
407 0.005816 
408 -0.005395 
409 0.014173 
410 0.018353 
411 0.045751 
412 0.011791 
413 -0.026514 
414 -0.091851 
415 -0.042908 
416 0.010308 
417 0.076013 
418 0.020100 
419 0.004970 
420 -0.037669 
421 -0.015188 
422 -0.003291 
423 0.062699 
424 0.043461 
425 -0.026079 
426 -0.053051 
427 -0.026406 
428 0.017572 
429 0.019225 
430 0.029025 
431 -0.000348 
432 -0.022739 
433 -0.048150 
434 0.000030 
435 0.041821 
436 0.057327 
437 -0.014074 
438 -0.039414 
439 -0.051902 
440 0.019795 
441 0.028830 
442 0.046458 
443 -0.012723 
444 -0.033554 
445 -0.032946 
446 0.005670 
447 0.014488 
448 0.018574 
449 0.016756 
450 -0.010867 
451 -0.022420 
452 -0.007442 
453 0.044874 
454 0.047267 
455 0.007705 
456 -0.049515 
457 -0.075646 
458 -0.027700 
459 0.031361 
460 0.047690 
461 0.034099 
462 0.005222 
463 0.011623 
464 -0.014366 
465 -0.015889 
466 0.019286 
467 0.014864 
468 -0.010919 
469 -0.086304 
470 -0.049503 
471 0.001980 
472 0.077475 
473 0.057046 
474 0.034231 
475 -0.014539 
476 -0.032100 
477 0.005782 
478 -0.018395 
479 0.007535 
480 -0.043743 
481 -0.015124 
482 -0.030275 
483 0.005942 
484 0.049158 
485 0.047547 
486 0.034938 
487 -0.039276 
488 -0.042052 
489 -0.022656 
490 0.027908 
491 0.000939 
492 -0.006535 
493 -0.038074 
494 -0.001189 
495 -0.008733 
496 0.052302 
497 0.029659 
498 0.018412 
499 -0.055960 
500 -0.027664 
501 -0.011419 
502 0.033850 
503 0.039714 
504 -0.002562 
505 -0.019278 
506 -0.050508 
507 0.022555 
508 0.012961 
509 0.052186 
510 0.006163 
511 0.000611 
512 -0.052878 
513 -0.052570 
514 0.010446 
515 0.058895 
516 0.063806 
517 -0.037600 
518 -0.019399 
519 -0.030109 
520 0.041694 
521 -0.007792 
522 0.010969 
523 -0.030993 
524 -0.036450 
525 -0.033471 
526 0.009558 
527 0.066249 
528 0.075974 
529 0.050337 
530 -0.025074 
531 -0.059961 
532 -0.051198 
533 0.002951 
534 0.016108 
535 -0.030681 
536 -0.051412 
537 -0.012222 
538 0.051100 
539 0.078875 
540 0.074640 
541 0.039659 
542 -0.011188 
543 -0.079728 
544 -0.068705 
545 -0.025111 
546 0.016207 
547 0.006932 
548 -0.016579 
549 -0.015405 
550 0.026125 
551 0.075544 
552 0.074844 
553 0.032336 
554 -0.042505 
555 -0.043770 
556 -0.063446 
557 -0.002939 
558 -0.008452 
559 0.017045 
560 -0.020712 
561 -0.021056 
562 0.009062 
563 0.057527 
564 0.065444 
565 0.016250 
566 -0.011999 
567 -0.055310 
568 -0.024869 
569 -0.025178 
570 0.002348 
571 0.009627 
572 -0.007382 
573 0.002514 
574 -0.019000 
575 0.053848 
576 0.057484 
577 0.022854 
578 -0.047337 
579 -0.073897 
580 -0.036438 
581 -0.016986 
582 0.004507 
583 0.029723 
584 0.052308 
585 0.020287 
586 -0.018608 
587 -0.015171 
588 0.013801 
589 0.026373 
590 -0.026820 
591 -0.038790 
592 -0.061744 
593 -0.032343 
594 0.051774 
595 0.066647 
596 0.069495 
597 -0.027375 
598 -0.006539 
599 -0.011683 
600 -0.023750 
601 -0.043241 
602 0.002957 
603 0.014287 
604 -0.013390 
605 -0.043009 
606 0.025172 
607 0.078349 
608 0.052719 
609 -0.009025 
610 -0.028331 
611 -0.022794 
612 -0.005787 
613 -0.019892 
614 -0.013672 
615 -0.016333 
616 -0.031078 
617 0.016897 
618 0.009685 
619 0.068368 
620 0.039148 
621 0.022583 
622 -0.019681 
623 -0.032164 
624 -0.019018 
625 -0.008581 
626 -0.016324 
627 -0.036736 
628 -0.043371 
629 -0.015241 
630 0.027918 
631 0.072788 
632 0.048419 
633 0.036329 
634 -0.025516 
635 -0.008876 
636 -0.035041 
637 -0.018386 
638 -0.009865 
639 -0.008747 
640 -0.017347 
641 -0.045609 
642 0.026812 
643 0.025881 
644 0.069095 
645 0.000339 
646 0.032974 
647 -0.060314 
648 -0.017514 
649 -0.030772 
650 0.044173 
651 0.011169 
652 -0.018828 
653 -0.020454 
654 -0.012267 
655 0.036766 
656 0.021389 
657 0.011996 
658 -0.022492 
659 -0.020661 
660 -0.016533 
661 -0.001486 
662 0.022379 
663 0.032688 
664 0.011739 
665 -0.026181 
666 -0.060806 
667 -0.006524 
668 0.028410 
669 0.052539 
670 -0.017354 
671 -0.038819 
672 -0.014039 
673 0.011705 
674 0.030914 
675 0.003160 
676 0.005037 
677 -0.014688 
678 -0.002952 
679 -0.015807 
680 -0.007245 
681 0.003901 
682 0.005628 
683 -0.001759 
684 -0.055306 
685 0.010831 
686 0.033082 
687 0.070245 
688 -0.000115 
689 -0.018952 
690 0.001367 
691 -0.015968 
692 -0.028359 
693 -0.031192 
694 -0.008663 
695 -0.014635 
696 -0.009821 
697 0.047964 
698 0.054930 
699 0.059935 
700 0.014233 
701 0.008950 
702 -0.046769 
703 -0.061531 
704 -0.031485 
705 -0.018292 
706 0.033375 
707 -0.035056 
708 0.035001 
709 -0.003353 
710 0.057997 
711 0.032981 
712 0.051284 
713 0.012659 
714 -0.063618 
715 -0.065918 
716 -0.030887 
717 0.021241 
718 -0.006083 
719 0.011898 
720 0.017355 
721 0.030244 
722 0.007581 
723 0.010739 
724 0.048337 
725 0.019833 
726 -0.040783 
727 -0.077826 
728 -0.045743 
729 0.024278 
730 0.010485 
731 0.020751 
732 -0.002393 
733 0.016238 
734 0.029344 
735 0.034812 
736 0.021838 
737 -0.015299 
738 -0.022910 
739 -0.033088 
740 -0.034272 
741 -0.010227 
742 0.033706 
743 0.037752 
744 0.012507 
745 -0.015646 
746 -0.007613 
747 0.035530 
748 0.027425 
749 -0.027158 
750 -0.046830 
751 -0.028201 
752 0.017642 
753 -0.005615 
754 0.034198 
755 0.032175 
756 0.049029 
757 -0.023733 
758 -0.042658 
759 -0.024678 
760 -0.006301 
761 0.014203 
762 -0.030129 
763 0.006459 
764 -0.012133 
765 0.042517 
766 0.029347 
767 0.036093 
768 -0.023929 
769 -0.031813 
770 -0.013145 
771 -0.015415 
772 -0.017886 
773 -0.016964 
774 0.035752 
775 0.007825 
776 -0.013215 
777 -0.008227 
778 0.041771 
779 0.038261 
780 -0.009463 
781 -0.032297 
782 -0.013441 
783 -0.019622 
784 0.003368 
785 0.011527 
786 0.026425 
787 -0.030716 
788 -0.031928 
789 0.006733 
790 0.054159 
791 0.042174 
792 -0.008940 
793 -0.021078 
794 -0.024430 
795 0.000027 
796 -0.021249 
797 0.003336 
798 0.018132 
799 0.000654 
800 0.001083 
801 -0.038102 
802 0.028389 
803 0.021431 
804 0.032201 
805 -0.004826 
806 -0.041083 
807 -0.008468 
808 0.005560 
809 0.024054 
810 0.011978 
811 -0.013119 
812 -0.001413 
813 -0.017166 
814 0.001333 
815 -0.027285 
816 0.018852 
817 -0.017855 
818 0.040300 
819 -0.035511 
820 0.022588 
821 0.022304 
822 0.043966 
823 0.013872 
824 -0.063977 
825 -0.029615 
826 -0.027506 
827 0.016064 
828 -0.018739 
829 0.024118 
830 0.032455 
831 0.029821 
832 -0.019607 
833 -0.002368 
834 0.027453 
835 0.021695 
836 -0.024159 
837 -0.060296 
838 -0.044953 
839 0.011648 
840 0.018847 
841 0.043115 
842 0.033900 
843 -0.009355 
844 0.008270 
845 -0.024032 
846 0.046720 
847 -0.027340 
848 -0.012751 
849 -0.068302 
850 -0.015417 
851 -0.012752 
852 0.026269 
853 0.035981 
854 0.036247 
855 0.012042 
856 -0.023211 
857 0.017123 
858 0.015713 
859 0.005118 
860 -0.044765 
861 -0.049425 
862 -0.035086 
863 -0.037192 
864 0.016188 
865 0.051875 
866 0.062422 
867 -0.012506 
868 -0.020169 
869 0.021943 
870 0.051937 
871 -0.007764 
872 -0.026488 
873 -0.040657 
874 -0.033855 
875 -0.064746 
876 0.000085 
877 0.041166 
878 0.062857 
879 0.014711 
880 0.033226 
881 -0.001381 
882 -0.009707 
883 0.001013 
884 0.006895 
885 -0.009501 
886 -0.068059 
887 -0.008491 
888 -0.005358 
889 0.024531 
890 -0.030866 
891 0.045319 
892 0.028115 
893 0.009607 
894 -0.017013 
895 0.007021 
896 0.051459 
897 -0.029360 
898 -0.036256 
899 -0.051608 
900 0.011008 
901 -0.001936 
902 0.016128 
903 -0.018425 
904 0.015071 
905 -0.014992 
906 0.052563 
907 0.008384 
908 0.021567 
909 -0.040527 
910 -0.012730 
911 -0.039387 
912 0.004145 
913 0.031748 
914 0.021963 
915 0.024044 
916 -0.049219 
917 0.003938 
918 -0.053910 
919 0.035543 
920 -0.001559 
921 0.027520 
922 -0.022284 
923 -0.009566 
924 0.041280 
925 0.034635 
926 0.035356 
927 -0.027691 
928 -0.029804 
929 -0.074337 
930 -0.027682 
931 -0.000038 
932 0.021650 
933 0.036771 
934 0.003789 
935 0.048862 
936 -0.031791 
937 0.015072 
938 0.033745 
939 0.051130 
940 -0.032792 
941 -0.081909 
942 -0.041106 
943 0.000507 
944 -0.011350 
945 0.030811 
946 0.020295 
947 0.018747 
948 -0.036733 
949 0.035100 
950 0.044971 
951 0.053857 
952 -0.004946 
953 -0.006609 
954 -0.041061 
955 -0.111895 
956 -0.020266 
957 0.025428 
958 0.093949 
959 -0.061661 
960 0.011196 
961 0.058691 
962 0.085666 
963 0.018394 
964 -0.005744 
965 -0.015942 
966 -0.059949 
967 -0.075125 
968 -0.013774 
969 -0.014130 
970 -0.028002 
971 -0.030727 
972 0.073843 
973 0.047954 
974 0.079048 
975 0.062096 
976 0.077391 
977 -0.063152 
978 -0.147259 
979 -0.035930 
980 0.034035 
981 0.055755 
982 -0.070769 
983 -0.040224 
984 -0.017480 
985 0.064057 
986 0.048616 
987 0.045175 
988 -0.001464 
989 -0.013351 
990 -0.021876 
991 0.000019 
992 0.006330 
993 0.036400 
994 0.034354 
995 0.000434 
996 -0.057912 
997 -0.036952 
998 -0.005064 
999 0.045054 
1000 0.035013 
1001 0.029428 
1002 -0.000262 
1003 -0.037079 
1004 -0.004604 
1005 0.020057 
1006 0.035619 
1007 -0.033846 
1008 -0.037386 
1009 -0.028560 
1010 0.001526 
1011 0.008415 
1012 0.020158 
1013 0.054725 
1014 0.014737 
1015 -0.018026 
1016 -0.042267 
1017 0.021210 
1018 0.056601 
1019 -0.005412 
1020 -0.043246 
1021 -0.084020 
1022 0.011882 
1023 -0.003662 
