0 -0.009673 
1 0.010504 
2 0.003667 
3 0.007137 
4 0.016747 
5 -0.007131 
6 0.012395 
7 -0.016467 
8 0.033988 
9 -0.021160 
10 0.035963 
11 -0.033802 
12 0.036106 
13 -0.049276 
14 0.035848 
15 -0.031472 
16 0.057544 
17 -0.044764 
18 0.035191 
19 -0.063354 
20 0.032759 
21 -0.052053 
22 0.054718 
23 -0.014950 
24 0.067467 
25 -0.011742 
26 0.036890 
27 -0.019677 
28 0.013014 
29 -0.033678 
30 -0.009440 
31 -0.028227 
32 0.007121 
33 -0.004734 
34 0.023598 
35 0.010731 
36 0.026192 
37 -0.003296 
38 0.001974 
39 0.008181 
40 0.016777 
41 0.015531 
42 -0.001065 
43 -0.004000 
44 -0.030877 
45 -0.021472 
46 -0.030613 
47 0.002254 
48 0.000846 
49 0.032731 
50 0.029292 
51 0.032974 
52 0.005336 
53 0.000248 
54 -0.007649 
55 -0.008115 
56 -0.013643 
57 -0.014041 
58 -0.006805 
59 -0.021131 
60 -0.006986 
61 -0.017067 
62 0.023443 
63 -0.001172 
64 0.042547 
65 0.006163 
66 0.053944 
67 -0.009631 
68 0.026500 
69 -0.037266 
70 0.015933 
71 -0.042067 
72 0.035564 
73 -0.049582 
74 0.002921 
75 -0.098774 
76 -0.008776 
77 -0.062543 
78 0.073043 
79 0.045428 
80 0.127678 
81 0.045833 
82 0.057271 
83 -0.039569 
84 -0.038282 
85 -0.107445 
86 -0.066654 
87 -0.061943 
88 -0.005242 
89 0.024714 
90 0.030453 
91 0.048997 
92 0.004166 
93 0.038328 
94 -0.003579 
95 0.037321 
96 -0.013202 
97 0.020753 
98 -0.028704 
99 0.014858 
100 -0.033249 
101 -0.001866 
102 -0.041388 
103 -0.007991 
104 -0.008878 
105 0.010111 
106 0.023031 
107 0.018210 
108 0.027139 
109 -0.005578 
110 0.004591 
111 -0.022410 
112 -0.005611 
113 -0.030506 
114 0.001930 
115 -0.005153 
116 0.017271 
117 0.000241 
118 0.009075 
119 0.006545 
120 -0.016887 
121 0.002594 
122 -0.006609 
123 0.030389 
124 -0.013014 
125 0.007208 
126 -0.020452 
127 -0.009236 
128 -0.023081 
129 0.004213 
130 0.016568 
131 0.007404 
132 -0.010949 
133 -0.017225 
134 0.007605 
135 -0.003048 
136 0.015973 
137 -0.009750 
138 0.023549 
139 -0.027926 
140 0.010274 
141 -0.044946 
142 0.025975 
143 -0.031439 
144 0.031359 
145 -0.030647 
146 0.050116 
147 -0.036804 
148 0.029183 
149 -0.052963 
150 0.032872 
151 -0.049426 
152 0.025370 
153 -0.030024 
154 0.044194 
155 -0.017872 
156 0.022429 
157 -0.022307 
158 0.013966 
159 -0.031078 
160 0.008826 
161 -0.007792 
162 0.012244 
163 -0.015465 
164 -0.005543 
165 -0.003129 
166 0.011424 
167 0.003645 
168 0.006477 
169 0.009957 
170 -0.016153 
171 -0.011041 
172 -0.031825 
173 0.015224 
174 -0.009039 
175 0.025931 
176 -0.009715 
177 0.021686 
178 -0.020236 
179 0.008195 
180 -0.011030 
181 0.019661 
182 -0.009621 
183 -0.008203 
184 -0.011048 
185 -0.022078 
186 0.000171 
187 -0.007177 
188 0.035962 
189 0.004273 
190 0.035841 
191 -0.014002 
192 0.028425 
193 -0.042104 
194 0.017052 
195 -0.046671 
196 0.036592 
197 -0.036411 
198 0.041299 
199 -0.031959 
200 0.042788 
201 -0.047318 
202 0.030096 
203 -0.042604 
204 0.047082 
205 -0.022110 
206 0.045008 
207 -0.009774 
208 0.030946 
209 -0.028450 
210 0.000258 
211 -0.023539 
212 0.010102 
213 -0.019778 
214 0.001929 
215 -0.010884 
216 0.006108 
217 -0.003812 
218 0.016066 
219 0.016384 
220 0.028828 
221 -0.002199 
222 0.017016 
223 -0.013961 
224 0.009898 
225 -0.031922 
226 0.006848 
227 -0.023269 
228 0.006448 
229 -0.019657 
230 0.018452 
231 0.003130 
232 0.024300 
233 0.000544 
234 0.021641 
235 -0.005904 
236 0.017057 
237 -0.005074 
238 0.019991 
239 -0.016830 
240 -0.007511 
241 -0.029206 
242 -0.009626 
243 -0.020147 
244 0.006771 
245 0.002608 
246 0.025391 
247 0.013063 
248 0.015658 
249 0.012477 
250 0.003962 
251 0.006504 
252 -0.012221 
253 0.000106 
254 -0.013364 
255 -0.011133 
256 -0.016450 
257 -0.007085 
258 -0.005780 
259 0.003452 
260 0.004522 
261 0.024833 
262 0.023206 
263 0.018000 
264 0.014494 
265 -0.010434 
266 -0.008975 
267 -0.027620 
268 -0.004020 
269 -0.013091 
270 -0.003123 
271 -0.013932 
272 0.006992 
273 0.002135 
274 0.027649 
275 0.007042 
276 0.044803 
277 0.001032 
278 0.023030 
279 -0.040152 
280 0.003812 
281 -0.043177 
282 0.006351 
283 -0.029145 
284 0.036310 
285 0.003104 
286 0.028339 
287 -0.016777 
288 0.010934 
289 -0.024415 
290 0.000274 
291 -0.010833 
292 0.020775 
293 0.010029 
294 0.011650 
295 -0.006940 
296 -0.012192 
297 -0.024260 
298 -0.019530 
299 -0.012470 
300 0.002818 
301 0.010473 
302 0.011094 
303 0.017006 
304 0.002239 
305 0.010591 
306 0.001086 
307 0.010647 
308 -0.001041 
309 -0.001795 
310 -0.017031 
311 -0.015331 
312 -0.020897 
313 -0.009418 
314 0.006001 
315 0.014449 
316 0.024979 
317 0.013038 
318 0.019238 
319 -0.011080 
320 -0.003943 
321 -0.029992 
322 -0.007649 
323 -0.022387 
324 0.004085 
325 -0.007839 
326 0.021516 
327 -0.007794 
328 0.015477 
329 -0.014566 
330 0.019579 
331 -0.022512 
332 0.017562 
333 -0.022915 
334 0.030221 
335 -0.008466 
336 0.029933 
337 -0.015976 
338 0.011161 
339 -0.043830 
340 -0.007352 
341 -0.036715 
342 0.022334 
343 -0.022231 
344 0.039379 
345 -0.002551 
346 0.046556 
347 -0.011818 
348 0.024437 
349 -0.021484 
350 0.012101 
351 -0.043066 
352 0.005380 
353 -0.038989 
354 0.007451 
355 -0.035713 
356 0.020588 
357 0.004746 
358 0.034381 
359 0.002169 
360 0.017678 
361 -0.000186 
362 0.004206 
363 -0.022286 
364 -0.000827 
365 0.002305 
366 0.005503 
367 -0.007710 
368 -0.005610 
369 -0.009847 
370 -0.012492 
371 -0.012214 
372 0.012510 
373 0.010863 
374 0.020407 
375 -0.004216 
376 0.013729 
377 -0.014002 
378 0.003083 
379 -0.024975 
380 0.016767 
381 -0.021367 
382 0.014830 
383 -0.037152 
384 0.019769 
385 -0.036313 
386 0.026930 
387 -0.026900 
388 0.049658 
389 -0.017327 
390 0.041145 
391 -0.021055 
392 0.042713 
393 -0.034784 
394 0.011745 
395 -0.041797 
396 0.022846 
397 -0.034143 
398 0.011094 
399 -0.021506 
400 0.020567 
401 -0.009835 
402 0.027211 
403 0.005192 
404 0.034227 
405 -0.024594 
406 0.003432 
407 -0.035711 
408 0.006623 
409 -0.023461 
410 0.011450 
411 -0.006019 
412 0.015390 
413 -0.013599 
414 0.010359 
415 -0.000082 
416 0.026524 
417 0.001094 
418 0.009957 
419 0.001242 
420 -0.006177 
421 -0.012570 
422 -0.007881 
423 0.005172 
424 0.007147 
425 -0.000530 
426 0.000912 
427 -0.001091 
428 -0.007181 
429 -0.002762 
430 0.003375 
431 0.018252 
432 0.008533 
433 0.007393 
434 -0.003771 
435 -0.004392 
436 -0.018143 
437 -0.014492 
438 -0.012617 
439 0.004305 
440 -0.006349 
441 0.015835 
442 0.009741 
443 0.025455 
444 0.003189 
445 0.017844 
446 -0.004405 
447 0.003708 
448 -0.023942 
449 -0.004744 
450 -0.019473 
451 0.002476 
452 -0.012447 
453 0.020815 
454 0.006355 
455 0.023472 
456 -0.000115 
457 0.001040 
458 -0.006524 
459 -0.011166 
460 0.005538 
461 -0.014690 
462 0.012424 
463 -0.019080 
464 0.020068 
465 -0.016483 
466 0.027511 
467 -0.027337 
468 0.029762 
469 -0.037851 
470 0.032174 
471 -0.032832 
472 0.048469 
473 -0.019388 
474 0.044024 
475 -0.025514 
476 0.030472 
477 -0.040873 
478 0.000904 
479 -0.053290 
480 0.016206 
481 -0.023333 
482 0.032399 
483 -0.001696 
484 0.041587 
485 -0.008216 
486 0.012284 
487 -0.019925 
488 0.005629 
489 -0.011184 
490 -0.005851 
491 -0.010197 
492 -0.003788 
493 -0.008909 
494 -0.004605 
495 0.006685 
496 0.014381 
497 0.011129 
498 0.001896 
499 0.007363 
500 0.002151 
501 -0.001884 
502 0.000351 
503 0.008569 
504 0.014912 
505 -0.003689 
506 -0.003486 
507 -0.014782 
508 -0.016712 
509 -0.018383 
510 0.001351 
511 0.005211 
512 0.028413 
513 0.007862 
514 0.025528 
515 -0.005850 
516 0.001242 
517 -0.031552 
518 -0.007316 
519 -0.016352 
520 0.017493 
521 -0.007459 
522 0.024214 
523 -0.021012 
524 0.007940 
525 -0.030541 
526 0.015585 
527 -0.008554 
528 0.028790 
529 -0.005092 
530 0.031093 
531 -0.010896 
532 0.024396 
533 -0.028145 
534 0.017615 
535 -0.031918 
536 0.010678 
537 -0.028658 
538 0.020457 
539 -0.012040 
540 0.019908 
541 -0.014852 
542 0.020902 
543 -0.007220 
544 0.022395 
545 -0.002190 
546 0.014675 
547 -0.013134 
548 -0.007690 
549 -0.018814 
550 -0.008506 
551 -0.011429 
552 -0.001400 
553 0.002011 
554 0.017227 
555 0.003554 
556 0.017499 
557 0.000685 
558 0.013315 
559 -0.012104 
560 0.009807 
561 -0.005016 
562 0.008896 
563 -0.012657 
564 0.004274 
565 -0.015008 
566 -0.007065 
567 -0.021195 
568 -0.001798 
569 0.001963 
570 0.016292 
571 0.019109 
572 0.019870 
573 0.006379 
574 0.002374 
575 -0.013262 
576 -0.000971 
577 -0.015011 
578 -0.001719 
579 -0.014945 
580 -0.001471 
581 -0.017600 
582 0.008095 
583 0.001400 
584 0.036566 
585 0.008601 
586 0.032706 
587 -0.002841 
588 0.009794 
589 -0.026374 
590 -0.012086 
591 -0.034576 
592 -0.001993 
593 -0.013464 
594 0.023571 
595 0.006144 
596 0.027724 
597 -0.009877 
598 0.003639 
599 -0.017679 
600 0.009455 
601 -0.012084 
602 0.010350 
603 -0.009613 
604 0.002947 
605 -0.022363 
606 -0.009109 
607 -0.007894 
608 0.011329 
609 0.001768 
610 0.022834 
611 0.011817 
612 0.014179 
613 -0.001314 
614 0.003484 
615 0.000322 
616 -0.009806 
617 -0.014594 
618 -0.004406 
619 0.000164 
620 -0.003670 
621 -0.007638 
622 0.000001 
623 0.000996 
624 -0.005642 
625 0.007251 
626 0.002555 
627 0.014018 
628 0.000409 
629 0.013259 
630 0.000251 
631 0.003298 
632 -0.022551 
633 -0.014336 
634 -0.021647 
635 -0.010912 
636 -0.007932 
637 0.008612 
638 0.027215 
639 0.015901 
640 0.026592 
641 -0.004508 
642 0.008248 
643 -0.022976 
644 -0.003184 
645 -0.022022 
646 0.007270 
647 -0.023631 
648 0.013743 
649 -0.019049 
650 0.030785 
651 -0.018399 
652 0.035439 
653 -0.028873 
654 0.029046 
655 -0.036202 
656 0.025839 
657 -0.028610 
658 0.038955 
659 -0.025335 
660 0.036310 
661 -0.036665 
662 0.022520 
663 -0.051643 
664 0.024845 
665 -0.038856 
666 0.035205 
667 -0.019183 
668 0.038208 
669 -0.011195 
670 0.021604 
671 -0.019691 
672 0.015968 
673 -0.017231 
674 0.007174 
675 -0.021417 
676 -0.002236 
677 -0.024217 
678 -0.006504 
679 -0.006296 
680 0.016445 
681 0.011194 
682 0.024342 
683 0.005607 
684 0.008048 
685 -0.021664 
686 -0.006461 
687 -0.018777 
688 0.004148 
689 -0.008987 
690 0.019912 
691 0.000485 
692 0.012543 
693 -0.012552 
694 -0.000764 
695 -0.007864 
696 -0.007379 
697 -0.007029 
698 0.001253 
699 0.004680 
700 0.003103 
701 -0.004222 
702 0.011027 
703 -0.008549 
704 -0.008045 
705 -0.022396 
706 0.002227 
707 -0.017224 
708 0.007524 
709 -0.008920 
710 0.024084 
711 -0.003440 
712 0.020614 
713 -0.007895 
714 0.006267 
715 -0.026679 
716 -0.007581 
717 -0.014754 
718 0.006448 
719 0.003107 
720 -0.001267 
721 0.005216 
722 -0.007057 
723 0.011938 
724 -0.000691 
725 0.019828 
726 -0.006549 
727 -0.002029 
728 -0.018745 
729 -0.002456 
730 -0.012245 
731 0.003944 
732 0.002339 
733 0.014127 
734 0.005536 
735 0.000814 
736 -0.003986 
737 -0.008375 
738 -0.006353 
739 -0.005493 
740 0.009212 
741 0.011351 
742 0.014761 
743 -0.001041 
744 0.006258 
745 -0.011754 
746 -0.002111 
747 -0.021566 
748 0.004795 
749 -0.007940 
750 0.010550 
751 -0.011314 
752 0.015251 
753 -0.005419 
754 0.020301 
755 -0.010964 
756 0.028836 
757 -0.012236 
758 0.015345 
759 -0.030246 
760 0.002757 
761 -0.035085 
762 0.005176 
763 -0.021666 
764 0.025382 
765 0.000904 
766 0.034411 
767 0.008710 
768 0.024897 
769 -0.004101 
770 0.008486 
771 -0.021977 
772 -0.006421 
773 -0.020530 
774 -0.005184 
775 -0.010533 
776 0.005065 
777 0.004694 
778 0.013043 
779 0.014960 
780 0.024712 
781 0.012803 
782 0.005442 
783 -0.003052 
784 -0.019291 
785 -0.012961 
786 -0.025048 
787 0.000001 
788 -0.003417 
789 0.011812 
790 0.010579 
791 0.013952 
792 0.011869 
793 0.007294 
794 -0.000894 
795 -0.002124 
796 0.003871 
797 0.004446 
798 0.003956 
799 -0.002234 
800 -0.001478 
801 -0.014461 
802 -0.008477 
803 -0.004688 
804 0.016568 
805 0.013461 
806 0.025616 
807 0.007921 
808 0.007177 
809 -0.017267 
810 -0.007305 
811 -0.015098 
812 0.011248 
813 -0.006401 
814 0.021107 
815 0.001068 
816 0.016333 
817 -0.014945 
818 -0.006148 
819 -0.027993 
820 -0.004599 
821 -0.006538 
822 0.030225 
823 0.018737 
824 0.029555 
825 -0.002165 
826 0.008359 
827 -0.021607 
828 -0.001080 
829 -0.015531 
830 0.018889 
831 -0.013075 
832 0.030262 
833 -0.013996 
834 0.024636 
835 -0.031764 
836 0.023455 
837 -0.017366 
838 0.037442 
839 -0.016757 
840 0.043934 
841 -0.020871 
842 0.033012 
843 -0.043077 
844 0.020384 
845 -0.044227 
846 0.018020 
847 -0.021943 
848 0.033451 
849 -0.003625 
850 0.032802 
851 -0.017384 
852 0.024543 
853 -0.024794 
854 0.027049 
855 -0.022506 
856 0.029750 
857 -0.028348 
858 0.011324 
859 -0.037667 
860 0.019087 
861 -0.012588 
862 0.027481 
863 -0.005016 
864 0.024998 
865 -0.005788 
866 0.001350 
867 -0.012539 
868 -0.002834 
869 -0.008124 
870 -0.005963 
871 0.011963 
872 0.000576 
873 0.013360 
874 -0.020888 
875 0.011180 
876 -0.018220 
877 0.016703 
878 -0.004722 
879 0.027069 
880 0.003279 
881 0.001734 
882 -0.011695 
883 -0.009956 
884 -0.010992 
885 -0.009019 
886 0.015250 
887 0.010503 
888 0.018226 
889 -0.017818 
890 0.000073 
891 -0.022188 
892 0.004931 
893 -0.009898 
894 0.024642 
895 -0.003125 
896 0.011143 
897 -0.019149 
898 -0.001749 
899 -0.019167 
900 -0.000486 
901 -0.013732 
902 0.010384 
903 -0.014883 
904 0.009242 
905 -0.021919 
906 0.014100 
907 -0.026051 
908 0.022726 
909 -0.008309 
910 0.028963 
911 -0.026406 
912 0.006065 
913 -0.027187 
914 0.011102 
915 -0.019742 
916 0.014899 
917 -0.000392 
918 0.015747 
919 -0.008336 
920 0.005660 
921 -0.000375 
922 -0.001874 
923 -0.014557 
924 -0.007619 
925 -0.002007 
926 -0.014685 
927 -0.008261 
928 -0.007681 
929 0.000840 
930 -0.000349 
931 0.006565 
932 0.000559 
933 -0.003000 
934 -0.015182 
935 -0.007704 
936 -0.002997 
937 0.007809 
938 0.001231 
939 0.004911 
940 -0.003039 
941 -0.011877 
942 -0.014494 
943 -0.005867 
944 0.001357 
945 -0.008986 
946 -0.008428 
947 -0.008174 
948 0.016090 
949 -0.004652 
950 0.021792 
951 0.002542 
952 0.016293 
953 -0.020703 
954 -0.010580 
955 -0.026321 
956 -0.015128 
957 -0.026408 
958 0.005062 
959 0.010377 
960 0.033876 
961 0.004280 
962 0.012961 
963 -0.015039 
964 -0.008807 
965 -0.024762 
966 0.006878 
967 0.005183 
968 0.016614 
969 0.001944 
970 0.006048 
971 -0.004705 
972 -0.006301 
973 -0.012084 
974 -0.000763 
975 -0.002381 
976 0.006193 
977 -0.001156 
978 0.006289 
979 -0.016917 
980 0.003480 
981 -0.014525 
982 0.008938 
983 -0.017958 
984 0.009459 
985 -0.017314 
986 -0.003055 
987 -0.014679 
988 0.000199 
989 -0.002211 
990 0.001474 
991 -0.011494 
992 0.014698 
993 0.006395 
994 0.036561 
995 0.002424 
996 0.019715 
997 -0.030457 
998 -0.008280 
999 -0.048377 
1000 0.005023 
1001 -0.018773 
1002 0.033233 
1003 0.000049 
1004 0.039690 
1005 -0.004680 
1006 0.014049 
1007 -0.014555 
1008 -0.002587 
1009 -0.013262 
1010 -0.008733 
1011 -0.005462 
1012 0.008719 
1013 0.008556 
1014 -0.002896 
1015 0.009135 
1016 -0.007058 
1017 0.015358 
1018 -0.006133 
1019 0.031322 
1020 0.000097 
1021 0.013439 
1022 -0.029631 
1023 -0.004830 
