0 0.063100 
1 -0.525890 
2 0.896792 
3 1.172270 
4 -0.061095 
5 -0.525058 
6 0.219198 
7 -0.041057 
8 -0.142440 
9 0.104627 
10 0.080744 
11 -0.241720 
12 0.176951 
13 -0.130824 
14 -0.061675 
15 0.141224 
16 0.040442 
17 -0.046001 
18 0.024083 
19 0.025107 
20 0.017704 
21 0.041662 
22 0.048360 
23 0.006287 
24 -0.004098 
25 -0.108721 
26 0.048744 
27 0.040012 
28 -0.043820 
29 -0.090674 
30 0.227147 
31 -0.327957 
32 -0.066229 
33 0.162343 
34 -0.103623 
35 -0.014137 
36 0.159361 
37 -0.233607 
38 -0.064323 
39 0.058835 
40 -0.068067 
41 0.004313 
42 0.227374 
43 -0.065829 
44 -0.166790 
45 0.122724 
46 -0.042341 
47 -0.116602 
48 0.339282 
49 -0.029855 
50 0.000381 
51 0.025023 
52 -0.074280 
53 -0.024564 
54 0.123841 
55 -0.058297 
56 0.129611 
57 0.046981 
58 -0.038104 
59 -0.097250 
60 0.082648 
61 -0.092723 
62 0.027590 
63 0.096988 
64 -0.073606 
65 0.098221 
66 0.017973 
67 -0.220234 
68 0.170345 
69 -0.006592 
70 -0.119448 
71 0.164259 
72 0.142359 
73 -0.190540 
74 0.167210 
75 -0.036842 
76 -0.098684 
77 0.101725 
78 -0.016642 
79 -0.001882 
80 0.104795 
81 -0.048359 
82 -0.142488 
83 0.009986 
84 -0.007324 
85 -0.189837 
86 0.154563 
87 0.006991 
88 -0.115243 
89 0.004174 
90 -0.088177 
91 -0.145170 
92 0.112965 
93 -0.015534 
94 0.043907 
95 0.098894 
96 -0.057233 
97 -0.102687 
98 0.061841 
99 -0.040853 
100 0.094458 
101 0.092219 
102 -0.017406 
103 -0.023868 
104 0.062191 
105 -0.170600 
106 0.018369 
107 0.274149 
108 -0.189125 
109 -0.047740 
110 0.253620 
111 -0.179767 
112 -0.118005 
113 0.208428 
114 -0.122138 
115 -0.016677 
116 0.099092 
117 -0.106439 
118 0.052522 
119 0.010262 
120 -0.122914 
121 0.068672 
122 0.100046 
123 -0.153319 
124 -0.032441 
125 0.196135 
126 -0.105773 
127 -0.111352 
128 0.181139 
129 -0.129585 
130 -0.011792 
131 0.058159 
132 -0.129614 
133 0.189896 
134 -0.013561 
135 -0.181592 
136 0.122017 
137 -0.025135 
138 -0.208890 
139 0.085055 
140 0.200197 
141 -0.150218 
142 -0.052065 
143 0.149992 
144 -0.145139 
145 -0.046734 
146 0.142936 
147 -0.115043 
148 0.167959 
149 0.000438 
150 -0.190422 
151 0.174891 
152 0.003066 
153 -0.101462 
154 0.061511 
155 0.141150 
156 -0.058290 
157 -0.032339 
158 0.045412 
159 -0.063127 
160 0.021122 
161 -0.072806 
162 0.085469 
163 0.082615 
164 -0.031113 
165 -0.159032 
166 0.196101 
167 -0.092489 
168 -0.196935 
169 0.225399 
170 0.063483 
171 -0.085581 
172 0.173476 
173 -0.042106 
174 -0.089785 
175 0.067825 
176 -0.166665 
177 0.102051 
178 0.123377 
179 -0.002832 
180 -0.128064 
181 0.125031 
182 -0.111097 
183 -0.217839 
184 0.153272 
185 0.076467 
186 -0.170869 
187 0.133400 
188 -0.112452 
189 -0.039299 
190 0.015731 
191 -0.118000 
192 0.093609 
193 0.131836 
194 -0.204128 
195 0.147519 
196 -0.047493 
197 0.007767 
198 -0.074319 
199 0.147281 
200 -0.019555 
201 0.020338 
202 0.090494 
203 -0.082180 
204 0.093083 
205 0.095858 
206 -0.195605 
207 0.117705 
208 0.153583 
209 -0.192495 
210 0.047580 
211 0.137586 
212 -0.222343 
213 0.106471 
214 -0.064594 
215 -0.059425 
216 0.088578 
217 -0.032492 
218 -0.092931 
219 0.087974 
220 0.038469 
221 -0.132800 
222 0.050320 
223 0.128846 
224 -0.181134 
225 0.042063 
226 0.032115 
227 -0.034691 
228 0.102325 
229 -0.071429 
230 -0.015613 
231 0.218550 
232 -0.263238 
233 -0.016557 
234 0.126753 
235 -0.056055 
236 -0.060542 
237 0.093284 
238 -0.009105 
239 -0.107343 
240 -0.028419 
241 0.040717 
242 -0.095715 
243 0.167459 
244 -0.127835 
245 -0.084659 
246 0.207174 
247 -0.172058 
248 -0.172164 
249 0.378985 
250 -0.101995 
251 -0.112081 
252 0.118035 
253 0.035341 
254 -0.107565 
255 0.085510 
256 0.020448 
257 -0.018015 
258 0.093234 
259 -0.136950 
260 0.011306 
261 0.162244 
262 -0.083548 
263 -0.122684 
264 0.263011 
265 -0.109462 
266 -0.162739 
267 0.164013 
268 -0.110652 
269 0.096219 
270 -0.010121 
271 -0.135528 
272 0.112956 
273 -0.024065 
274 -0.222944 
275 0.183636 
276 0.071286 
277 -0.164322 
278 -0.021296 
279 0.114379 
280 -0.123869 
281 -0.034580 
282 0.200058 
283 -0.043909 
284 -0.099794 
285 0.175456 
286 -0.316744 
287 0.235076 
288 0.017578 
289 -0.089246 
290 0.034603 
291 0.102099 
292 -0.186822 
293 0.023901 
294 0.019245 
295 0.020156 
296 -0.024993 
297 0.068141 
298 -0.036740 
299 0.000941 
300 0.021312 
301 -0.074307 
302 0.113462 
303 0.084880 
304 -0.186997 
305 0.172554 
306 -0.026715 
307 -0.089622 
308 0.152196 
309 0.028796 
310 -0.101715 
311 0.181904 
312 -0.150915 
313 0.000362 
314 0.212738 
315 -0.026408 
316 -0.047636 
317 0.070584 
318 -0.035800 
319 -0.183519 
320 0.089595 
321 0.181569 
322 -0.129786 
323 0.127294 
324 -0.161174 
325 -0.109194 
326 0.032425 
327 -0.078449 
328 0.045034 
329 0.255374 
330 -0.233893 
331 0.024942 
332 -0.060910 
333 -0.080911 
334 -0.012265 
335 0.048526 
336 0.100955 
337 -0.046924 
338 0.005842 
339 -0.025895 
340 -0.079979 
341 0.132162 
342 -0.143590 
343 0.102487 
344 0.166631 
345 -0.164700 
346 -0.017670 
347 0.145082 
348 -0.214657 
349 0.095695 
350 0.074891 
351 -0.068073 
352 0.089819 
353 -0.025740 
354 -0.096468 
355 0.067057 
356 -0.013075 
357 -0.084525 
358 0.070865 
359 0.097470 
360 -0.107996 
361 0.011810 
362 0.102381 
363 -0.143436 
364 0.005201 
365 0.072269 
366 -0.148372 
367 0.209586 
368 -0.054932 
369 -0.124801 
370 0.179582 
371 -0.189509 
372 -0.062770 
373 0.127298 
374 0.022949 
375 -0.023552 
376 -0.013576 
377 0.040676 
378 -0.167047 
379 0.111669 
380 0.032454 
381 -0.091421 
382 0.144051 
383 -0.056459 
384 -0.253242 
385 0.326737 
386 -0.177972 
387 -0.041125 
388 0.183899 
389 -0.110805 
390 -0.074170 
391 0.117871 
392 -0.065829 
393 -0.004059 
394 0.119727 
395 -0.062743 
396 -0.080836 
397 0.111567 
398 -0.037653 
399 -0.107042 
400 0.123866 
401 0.021536 
402 -0.157649 
403 0.163009 
404 -0.143894 
405 -0.013707 
406 0.197037 
407 -0.194518 
408 0.138410 
409 0.103575 
410 -0.226419 
411 0.043237 
412 0.173976 
413 -0.151455 
414 0.089849 
415 0.041656 
416 -0.023669 
417 -0.095251 
418 0.066453 
419 -0.046901 
420 -0.020917 
421 0.230744 
422 -0.258617 
423 0.087209 
424 0.150354 
425 -0.264611 
426 0.057620 
427 0.134503 
428 -0.112544 
429 -0.013494 
430 0.084849 
431 -0.009343 
432 -0.002571 
433 -0.038326 
434 0.008878 
435 0.017245 
436 0.030387 
437 -0.084887 
438 0.081482 
439 0.133152 
440 -0.231303 
441 0.122249 
442 0.009855 
443 -0.127787 
444 0.146751 
445 0.018979 
446 -0.097025 
447 0.139332 
448 -0.097479 
449 -0.200825 
450 0.264086 
451 -0.005031 
452 -0.093224 
453 0.117479 
454 0.052923 
455 -0.215518 
456 -0.014172 
457 0.203075 
458 -0.106031 
459 0.090718 
460 0.071257 
461 -0.189026 
462 0.104110 
463 -0.065217 
464 -0.103643 
465 0.254868 
466 -0.070493 
467 -0.095035 
468 0.138649 
469 -0.162228 
470 0.049688 
471 -0.058429 
472 0.071895 
473 0.042451 
474 -0.006024 
475 -0.102579 
476 -0.056608 
477 0.068662 
478 -0.119034 
479 -0.027418 
480 0.244276 
481 -0.151149 
482 -0.142084 
483 0.172773 
484 -0.139175 
485 -0.059361 
486 0.192477 
487 -0.092825 
488 0.084538 
489 -0.006145 
490 -0.061843 
491 0.006606 
492 0.060947 
493 -0.017410 
494 -0.010932 
495 0.074519 
496 -0.031598 
497 -0.040547 
498 0.026132 
499 -0.006618 
500 -0.013345 
501 0.064919 
502 -0.100899 
503 0.101519 
504 0.099369 
505 -0.286946 
506 0.210274 
507 -0.071513 
508 -0.083483 
509 0.100811 
510 0.036125 
511 -0.073922 
512 0.072419 
513 -0.090238 
514 -0.033440 
515 0.069138 
516 0.074954 
517 -0.128601 
518 0.173863 
519 0.034653 
520 -0.237985 
521 0.147861 
522 0.130169 
523 -0.240525 
524 0.196880 
525 -0.061031 
526 -0.043367 
527 0.016453 
528 -0.078829 
529 0.015240 
530 0.149489 
531 -0.159559 
532 -0.048362 
533 0.096687 
534 -0.136293 
535 -0.063124 
536 0.155524 
537 0.034039 
538 -0.177098 
539 0.119318 
540 -0.073434 
541 -0.113560 
542 0.218196 
543 -0.121029 
544 0.121937 
545 0.140529 
546 -0.255279 
547 -0.035023 
548 0.227761 
549 -0.132361 
550 0.088637 
551 0.139993 
552 -0.036312 
553 -0.094545 
554 -0.040046 
555 0.097586 
556 -0.081002 
557 0.165175 
558 -0.052755 
559 -0.104021 
560 0.213338 
561 -0.310782 
562 0.062093 
563 0.189429 
564 -0.155851 
565 -0.000892 
566 0.159784 
567 -0.194816 
568 0.065555 
569 -0.080663 
570 -0.045732 
571 0.111271 
572 -0.032527 
573 -0.082860 
574 0.045054 
575 0.066260 
576 -0.225270 
577 0.023420 
578 0.238688 
579 -0.275299 
580 0.103353 
581 0.111481 
582 -0.117760 
583 0.021999 
584 0.030776 
585 -0.215241 
586 0.204020 
587 -0.045844 
588 -0.068174 
589 0.210102 
590 -0.033935 
591 -0.186746 
592 0.051337 
593 0.140481 
594 -0.093226 
595 0.099384 
596 0.197858 
597 -0.173090 
598 0.040310 
599 -0.012504 
600 -0.066691 
601 0.196149 
602 0.068874 
603 -0.154841 
604 0.203302 
605 -0.239798 
606 -0.040639 
607 0.021399 
608 0.028685 
609 0.052392 
610 0.017866 
611 -0.061411 
612 -0.079839 
613 -0.004058 
614 -0.043213 
615 -0.093404 
616 0.289637 
617 -0.100349 
618 -0.143271 
619 0.158090 
620 -0.064726 
621 -0.206153 
622 0.311274 
623 -0.134261 
624 0.081323 
625 0.028053 
626 -0.164448 
627 0.113686 
628 -0.007431 
629 0.014319 
630 0.002277 
631 0.072754 
632 -0.085912 
633 -0.112489 
634 0.074202 
635 0.040725 
636 -0.052711 
637 0.014484 
638 -0.004025 
639 -0.069461 
640 0.063553 
641 -0.122748 
642 0.148781 
643 0.058238 
644 -0.241429 
645 0.179316 
646 -0.005521 
647 -0.096925 
648 0.103005 
649 0.099841 
650 -0.101956 
651 -0.008287 
652 0.074006 
653 -0.103386 
654 0.085881 
655 0.119439 
656 -0.145113 
657 0.033357 
658 0.175091 
659 -0.295127 
660 0.158826 
661 0.079962 
662 -0.167259 
663 0.114542 
664 -0.053038 
665 -0.044918 
666 0.029247 
667 -0.098257 
668 -0.015082 
669 0.104331 
670 -0.095036 
671 -0.091007 
672 0.120784 
673 -0.005589 
674 -0.149474 
675 0.102823 
676 0.086301 
677 -0.201476 
678 0.171959 
679 -0.092986 
680 -0.000191 
681 0.131782 
682 -0.192466 
683 0.028790 
684 0.146418 
685 -0.114649 
686 -0.052450 
687 0.290782 
688 -0.192273 
689 -0.046710 
690 0.051356 
691 0.040651 
692 -0.071436 
693 0.076270 
694 0.137616 
695 -0.196086 
696 0.096717 
697 -0.109310 
698 -0.063343 
699 0.213488 
700 -0.114081 
701 0.037139 
702 0.167435 
703 -0.207046 
704 -0.036740 
705 0.133546 
706 -0.139184 
707 0.158750 
708 0.057470 
709 -0.044493 
710 -0.015846 
711 0.020613 
712 -0.129296 
713 -0.019212 
714 0.217076 
715 -0.146856 
716 0.030021 
717 0.113729 
718 -0.209320 
719 0.007719 
720 0.118598 
721 -0.157656 
722 0.157257 
723 0.039400 
724 -0.218958 
725 0.201314 
726 -0.031672 
727 -0.152435 
728 0.009038 
729 0.102697 
730 -0.109409 
731 0.002835 
732 0.143728 
733 -0.090820 
734 -0.069927 
735 0.091101 
736 -0.125120 
737 0.102394 
738 0.068313 
739 -0.081055 
740 0.152724 
741 0.018011 
742 -0.252251 
743 0.264401 
744 -0.096082 
745 0.009423 
746 0.121741 
747 0.003170 
748 -0.053699 
749 0.012641 
750 -0.012142 
751 -0.047807 
752 0.131372 
753 0.089611 
754 -0.145379 
755 0.115680 
756 -0.074476 
757 -0.165200 
758 0.157619 
759 0.021147 
760 -0.144558 
761 0.237403 
762 -0.260839 
763 -0.033700 
764 0.084598 
765 -0.124891 
766 0.042761 
767 0.095390 
768 -0.022793 
769 -0.143636 
770 0.056083 
771 0.024367 
772 -0.054150 
773 0.051152 
774 0.015499 
775 -0.003227 
776 -0.019619 
777 -0.067761 
778 0.027987 
779 0.163536 
780 -0.241072 
781 0.153466 
782 0.013017 
783 -0.161291 
784 0.061193 
785 0.053308 
786 -0.092454 
787 0.025417 
788 -0.022477 
789 -0.067193 
790 0.040609 
791 0.044784 
792 -0.146736 
793 0.025444 
794 0.105117 
795 -0.153666 
796 -0.060395 
797 0.325322 
798 -0.331166 
799 0.222317 
800 0.007606 
801 -0.122839 
802 0.115738 
803 0.011788 
804 -0.033750 
805 0.157730 
806 -0.017430 
807 -0.037109 
808 0.067984 
809 0.001369 
810 0.011963 
811 0.006849 
812 -0.002800 
813 -0.076675 
814 0.076721 
815 -0.022096 
816 -0.105946 
817 0.300171 
818 -0.225531 
819 -0.118723 
820 0.211893 
821 -0.150345 
822 -0.168991 
823 0.306412 
824 -0.072569 
825 -0.158117 
826 0.059445 
827 -0.020999 
828 -0.081701 
829 0.015365 
830 0.190800 
831 -0.054738 
832 0.073914 
833 0.090305 
834 -0.235083 
835 0.249555 
836 -0.067838 
837 0.003728 
838 0.168865 
839 -0.059210 
840 -0.068100 
841 0.128122 
842 -0.216719 
843 0.144444 
844 0.112281 
845 -0.164662 
846 0.012171 
847 -0.000320 
848 -0.046969 
849 -0.100207 
850 0.134956 
851 0.071430 
852 -0.120080 
853 0.118196 
854 -0.210776 
855 0.063978 
856 0.084322 
857 -0.177331 
858 0.118531 
859 0.190901 
860 -0.354414 
861 0.096103 
862 0.219402 
863 -0.191916 
864 -0.047162 
865 0.134325 
866 0.050902 
867 -0.134208 
868 0.013841 
869 0.170434 
870 -0.118981 
871 -0.036692 
872 -0.064251 
873 0.114047 
874 -0.037301 
875 -0.161975 
876 0.152975 
877 0.046758 
878 -0.288471 
879 0.110914 
880 0.101360 
881 -0.135982 
882 0.039580 
883 0.000187 
884 -0.060622 
885 0.044543 
886 -0.040656 
887 0.001669 
888 0.139605 
889 0.105711 
890 -0.325635 
891 0.196305 
892 -0.033962 
893 -0.198766 
894 0.206640 
895 0.132928 
896 -0.109175 
897 0.169935 
898 -0.170305 
899 -0.072267 
900 0.138263 
901 -0.049873 
902 0.061359 
903 0.105283 
904 -0.046188 
905 -0.173671 
906 -0.058574 
907 0.076562 
908 0.051993 
909 0.033072 
910 -0.022136 
911 0.009659 
912 -0.103631 
913 -0.146599 
914 0.080436 
915 0.335101 
916 -0.217771 
917 -0.075989 
918 0.219419 
919 -0.293550 
920 -0.084013 
921 0.138062 
922 0.062903 
923 -0.077000 
924 -0.013600 
925 -0.075517 
926 0.030169 
927 -0.083947 
928 -0.059488 
929 0.220714 
930 0.124092 
931 -0.166917 
932 -0.079612 
933 0.287698 
934 -0.305206 
935 -0.045199 
936 0.329224 
937 -0.098388 
938 0.039056 
939 0.000853 
940 -0.083119 
941 0.058302 
942 -0.091005 
943 -0.095812 
944 0.236593 
945 0.027166 
946 -0.203686 
947 0.171719 
948 0.073987 
949 -0.180293 
950 0.037652 
951 0.099472 
952 -0.082606 
953 0.128614 
954 0.089114 
955 -0.084547 
956 0.123433 
957 -0.110549 
958 -0.113280 
959 0.253085 
960 0.021418 
961 -0.088794 
962 0.218702 
963 -0.114137 
964 -0.181478 
965 0.115602 
966 -0.023783 
967 -0.013338 
968 0.031596 
969 0.033575 
970 -0.309750 
971 0.016386 
972 0.069978 
973 -0.204187 
974 0.249349 
975 -0.019886 
976 -0.077192 
977 0.118483 
978 -0.131770 
979 -0.005606 
980 0.259697 
981 -0.120126 
982 0.094504 
983 0.121000 
984 -0.057780 
985 -0.082626 
986 0.054145 
987 0.172211 
988 -0.133917 
989 -0.062198 
990 0.101847 
991 -0.042169 
992 0.003965 
993 -0.087453 
994 0.231515 
995 0.087379 
996 -0.348457 
997 -0.070643 
998 0.242655 
999 -0.271708 
1000 -0.121046 
1001 0.059928 
1002 -0.067550 
1003 -0.117491 
1004 -0.182510 
1005 0.131795 
1006 0.224656 
1007 -0.239467 
1008 0.064268 
1009 0.491060 
1010 -0.129828 
1011 -0.594731 
1012 0.517988 
1013 0.253443 
1014 -0.550018 
1015 -0.041754 
1016 0.441376 
1017 -0.345639 
1018 -0.068025 
1019 -0.008413 
1020 0.274518 
1021 0.239741 
1022 -0.123587 
1023 -0.158858 
