0 0.020419 
1 -0.002249 
2 0.014966 
3 -0.015384 
4 0.013376 
5 -0.030736 
6 0.002994 
7 -0.026871 
8 0.009514 
9 -0.006492 
10 0.027149 
11 0.007296 
12 0.013219 
13 0.000338 
14 -0.013787 
15 -0.000423 
16 -0.011893 
17 0.004022 
18 -0.018808 
19 0.002592 
20 -0.023342 
21 0.011968 
22 -0.000681 
23 0.038335 
24 -0.005908 
25 0.046531 
26 -0.034688 
27 0.028462 
28 -0.056374 
29 0.022794 
30 -0.040056 
31 0.031152 
32 -0.017926 
33 0.030798 
34 -0.013378 
35 0.012294 
36 -0.009087 
37 -0.015371 
38 -0.001243 
39 -0.022867 
40 0.008684 
41 -0.013853 
42 0.031195 
43 -0.005550 
44 0.027435 
45 -0.010058 
46 -0.012130 
47 -0.011992 
48 -0.032147 
49 0.009668 
50 -0.030079 
51 0.028737 
52 -0.025562 
53 0.041837 
54 -0.012350 
55 0.032935 
56 -0.018305 
57 -0.003211 
58 -0.032001 
59 -0.018446 
60 -0.008174 
61 -0.002768 
62 0.029904 
63 0.004710 
64 0.035517 
65 -0.017561 
66 0.005576 
67 -0.036278 
68 -0.005584 
69 -0.019034 
70 0.008309 
71 0.005683 
72 0.008677 
73 0.013085 
74 -0.001058 
75 0.012397 
76 -0.009889 
77 0.012309 
78 -0.018147 
79 0.011899 
80 -0.025205 
81 0.012491 
82 -0.014246 
83 0.020067 
84 -0.007549 
85 0.039934 
86 -0.025183 
87 0.042954 
88 -0.051111 
89 0.046184 
90 -0.059658 
91 0.035218 
92 -0.056131 
93 0.033355 
94 -0.038981 
95 0.042072 
96 -0.010785 
97 0.030597 
98 -0.003090 
99 0.006103 
100 0.003750 
101 -0.014127 
102 0.003783 
103 -0.030788 
104 0.015584 
105 -0.022957 
106 0.026196 
107 0.000611 
108 0.037819 
109 -0.005953 
110 -0.007065 
111 -0.017171 
112 -0.056408 
113 -0.000344 
114 -0.052021 
115 0.074169 
116 0.004288 
117 0.090619 
118 -0.007099 
119 0.047892 
120 -0.054620 
121 -0.037379 
122 -0.083996 
123 -0.039673 
124 -0.023406 
125 0.005601 
126 0.048986 
127 0.031887 
128 0.054734 
129 -0.023832 
130 0.042332 
131 -0.034587 
132 0.031860 
133 -0.035334 
134 0.022194 
135 -0.029548 
136 0.016324 
137 -0.026303 
138 0.012845 
139 -0.004026 
140 0.010967 
141 0.003493 
142 0.003551 
143 0.010242 
144 -0.027674 
145 0.019358 
146 -0.039096 
147 0.038001 
148 -0.043077 
149 0.052632 
150 -0.022315 
151 0.053736 
152 -0.024953 
153 0.026183 
154 -0.038193 
155 -0.001825 
156 -0.029920 
157 0.011106 
158 -0.001185 
159 0.014598 
160 0.008772 
161 -0.008388 
162 0.030282 
163 -0.028817 
164 0.045593 
165 -0.031084 
166 0.035604 
167 -0.053934 
168 0.016220 
169 -0.042543 
170 0.029052 
171 0.004608 
172 0.040068 
173 0.023090 
174 -0.003752 
175 -0.001606 
176 -0.042994 
177 0.007716 
178 -0.038508 
179 0.044830 
180 -0.015283 
181 0.056973 
182 -0.016586 
183 0.029112 
184 -0.028698 
185 0.008285 
186 -0.029761 
187 0.008380 
188 -0.013057 
189 -0.002479 
190 0.000663 
191 -0.011057 
192 0.021268 
193 -0.011998 
194 0.038143 
195 -0.020914 
196 0.035167 
197 -0.041689 
198 0.010121 
199 -0.033349 
200 0.002857 
201 -0.003445 
202 0.021645 
203 0.018388 
204 0.010095 
205 0.005992 
206 -0.026975 
207 0.002737 
208 -0.038414 
209 0.024141 
210 -0.029117 
211 0.045877 
212 -0.039831 
213 0.044907 
214 -0.044835 
215 0.032553 
216 -0.033352 
217 0.025972 
218 -0.013188 
219 0.011373 
220 -0.013178 
221 -0.023968 
222 0.003301 
223 -0.040608 
224 0.044662 
225 -0.020782 
226 0.067535 
227 -0.031831 
228 0.041734 
229 -0.055584 
230 0.006830 
231 -0.029876 
232 0.003523 
233 0.009306 
234 0.002026 
235 0.014571 
236 -0.018428 
237 0.013972 
238 -0.030819 
239 0.022812 
240 -0.024251 
241 0.030174 
242 -0.026084 
243 0.017369 
244 -0.033573 
245 0.012790 
246 -0.031805 
247 0.032622 
248 -0.017502 
249 0.033201 
250 -0.019940 
251 0.018087 
252 -0.030098 
253 0.005166 
254 -0.012720 
255 0.011089 
256 0.011502 
257 0.018586 
258 0.014818 
259 -0.005190 
260 0.001723 
261 -0.034606 
262 0.012222 
263 -0.024306 
264 0.025833 
265 -0.015010 
266 0.028564 
267 -0.026907 
268 0.016389 
269 -0.028154 
270 0.021806 
271 -0.003369 
272 0.014247 
273 0.010911 
274 -0.008419 
275 -0.001110 
276 -0.021117 
277 0.010819 
278 -0.007007 
279 0.028953 
280 -0.006168 
281 0.019941 
282 -0.011081 
283 0.003743 
284 -0.015146 
285 0.003556 
286 0.003534 
287 -0.003672 
288 0.019662 
289 -0.012774 
290 0.016996 
291 -0.020025 
292 0.009514 
293 -0.015110 
294 0.011034 
295 -0.011577 
296 0.005954 
297 -0.002407 
298 0.000683 
299 -0.002349 
300 -0.001308 
301 0.002499 
302 0.000359 
303 0.010677 
304 -0.008550 
305 0.010945 
306 -0.011878 
307 0.000346 
308 -0.001089 
309 0.002401 
310 0.013885 
311 -0.000698 
312 0.013032 
313 -0.009395 
314 0.003095 
315 -0.021887 
316 -0.004173 
317 -0.007910 
318 0.002945 
319 0.001796 
320 0.010120 
321 -0.000672 
322 0.009600 
323 0.000126 
324 0.009894 
325 -0.007292 
326 0.015883 
327 -0.022978 
328 0.018549 
329 -0.030692 
330 0.021777 
331 -0.025629 
332 0.030229 
333 -0.014791 
334 0.020659 
335 -0.010702 
336 -0.008080 
337 -0.004679 
338 -0.013836 
339 0.021800 
340 -0.012721 
341 0.036625 
342 -0.025985 
343 0.031777 
344 -0.039852 
345 0.030820 
346 -0.043526 
347 0.020476 
348 -0.026828 
349 0.013104 
350 -0.007384 
351 0.001658 
352 0.014636 
353 -0.017081 
354 0.025794 
355 -0.029193 
356 0.029268 
357 -0.024358 
358 0.031004 
359 -0.014817 
360 0.026463 
361 -0.014151 
362 0.000404 
363 -0.013389 
364 -0.008346 
365 0.003804 
366 -0.006468 
367 0.011642 
368 -0.012173 
369 0.014578 
370 -0.018415 
371 0.023511 
372 -0.021288 
373 0.025979 
374 -0.024502 
375 0.014143 
376 -0.029519 
377 0.021118 
378 -0.032891 
379 0.035113 
380 -0.026647 
381 0.036075 
382 -0.030317 
383 0.025209 
384 -0.028688 
385 0.014735 
386 -0.008541 
387 0.012327 
388 0.015326 
389 0.002630 
390 0.013946 
391 -0.023347 
392 0.010973 
393 -0.040677 
394 0.028322 
395 -0.028634 
396 0.046096 
397 -0.024842 
398 0.024505 
399 -0.017259 
400 -0.002633 
401 -0.004053 
402 -0.017672 
403 0.024043 
404 -0.017785 
405 0.034783 
406 -0.027535 
407 0.025949 
408 -0.036851 
409 0.017507 
410 -0.026500 
411 0.025208 
412 -0.000375 
413 0.013681 
414 0.003287 
415 -0.013429 
416 0.002803 
417 -0.026501 
418 0.017333 
419 -0.013011 
420 0.031210 
421 -0.017154 
422 0.016131 
423 -0.024552 
424 0.007716 
425 -0.010256 
426 0.011535 
427 0.003794 
428 -0.001742 
429 -0.004100 
430 -0.014321 
431 0.005339 
432 -0.013576 
433 0.028320 
434 -0.004415 
435 0.024571 
436 -0.012056 
437 0.002968 
438 -0.011477 
439 -0.005767 
440 0.001523 
441 -0.002458 
442 0.012737 
443 -0.003167 
444 0.006024 
445 -0.000275 
446 0.002860 
447 -0.002822 
448 0.002095 
449 -0.005576 
450 0.005293 
451 -0.015324 
452 0.013987 
453 -0.022544 
454 0.025491 
455 -0.023091 
456 0.037412 
457 -0.018074 
458 0.031627 
459 -0.020861 
460 0.016281 
461 -0.029336 
462 0.004991 
463 -0.012340 
464 0.003355 
465 0.020331 
466 -0.012245 
467 0.023836 
468 -0.030707 
469 0.023443 
470 -0.034604 
471 0.040182 
472 -0.025671 
473 0.036190 
474 -0.030959 
475 0.007394 
476 -0.031060 
477 0.001866 
478 -0.004154 
479 0.008308 
480 0.029443 
481 -0.007346 
482 0.026821 
483 -0.042313 
484 0.014988 
485 -0.039362 
486 0.020982 
487 -0.013890 
488 0.029671 
489 -0.007238 
490 0.016084 
491 -0.003212 
492 -0.007774 
493 -0.001839 
494 -0.014703 
495 0.000213 
496 -0.010900 
497 0.009437 
498 -0.008710 
499 0.015794 
500 -0.005350 
501 0.016876 
502 -0.008472 
503 0.021618 
504 -0.031261 
505 0.022269 
506 -0.038872 
507 0.022164 
508 -0.027480 
509 0.023982 
510 -0.007901 
511 0.028915 
512 -0.002356 
513 0.011716 
514 -0.007018 
515 -0.012873 
516 -0.002424 
517 -0.015670 
518 0.009561 
519 -0.013012 
520 0.018648 
521 -0.018331 
522 0.012952 
523 -0.015016 
524 0.002352 
525 -0.004590 
526 0.000180 
527 0.004847 
528 -0.003150 
529 0.005633 
530 -0.015490 
531 0.020100 
532 -0.015854 
533 0.029652 
534 -0.018155 
535 0.020620 
536 -0.026219 
537 0.005243 
538 -0.012752 
539 0.002397 
540 0.011502 
541 -0.001841 
542 0.017433 
543 -0.016551 
544 0.005499 
545 -0.023388 
546 0.018129 
547 -0.012161 
548 0.019221 
549 -0.007576 
550 0.004784 
551 -0.005063 
552 -0.004246 
553 -0.000498 
554 0.005162 
555 0.001454 
556 0.003539 
557 0.000562 
558 0.005581 
559 -0.005849 
560 0.006683 
561 -0.010568 
562 0.012651 
563 -0.000096 
564 0.008821 
565 0.007857 
566 0.000688 
567 0.006216 
568 -0.017188 
569 0.002408 
570 -0.017827 
571 0.010896 
572 -0.011661 
573 0.010516 
574 -0.008427 
575 -0.001179 
576 -0.008971 
577 0.002341 
578 0.009798 
579 0.003941 
580 0.020588 
581 -0.018655 
582 0.024417 
583 -0.047489 
584 0.029068 
585 -0.050378 
586 0.050412 
587 -0.039047 
588 0.053048 
589 -0.022670 
590 0.021460 
591 -0.013444 
592 -0.008108 
593 0.006828 
594 -0.018989 
595 0.022613 
596 -0.034284 
597 0.027887 
598 -0.036743 
599 0.030441 
600 -0.026916 
601 0.030464 
602 -0.012303 
603 0.012516 
604 -0.001458 
605 -0.005899 
606 0.010619 
607 -0.021558 
608 0.024749 
609 -0.032262 
610 0.037061 
611 -0.029812 
612 0.033910 
613 -0.026081 
614 0.028332 
615 -0.028763 
616 0.010049 
617 -0.007199 
618 0.004402 
619 0.016664 
620 0.002917 
621 0.013146 
622 -0.015312 
623 -0.004204 
624 -0.021231 
625 -0.008450 
626 -0.008259 
627 0.002568 
628 0.007838 
629 0.000632 
630 0.008014 
631 -0.007597 
632 0.004891 
633 -0.010970 
634 0.000106 
635 0.004341 
636 -0.004198 
637 0.020418 
638 -0.013982 
639 0.025791 
640 -0.016604 
641 0.011942 
642 -0.014043 
643 -0.000293 
644 -0.005818 
645 -0.015051 
646 0.016372 
647 -0.024019 
648 0.044439 
649 -0.023251 
650 0.042472 
651 -0.037204 
652 0.025776 
653 -0.041089 
654 0.019399 
655 -0.022050 
656 0.012807 
657 0.002733 
658 -0.000221 
659 0.013336 
660 -0.014237 
661 0.013668 
662 -0.031641 
663 0.021473 
664 -0.026377 
665 0.037393 
666 -0.015266 
667 0.032618 
668 -0.012914 
669 0.006492 
670 -0.006299 
671 -0.006125 
672 0.012369 
673 -0.015359 
674 0.018944 
675 -0.030137 
676 0.010460 
677 -0.022555 
678 0.019843 
679 -0.004600 
680 0.023068 
681 -0.008466 
682 -0.002058 
683 -0.011313 
684 -0.013579 
685 0.002977 
686 -0.000550 
687 0.019624 
688 0.003399 
689 0.024022 
690 -0.019969 
691 0.013400 
692 -0.032739 
693 0.015485 
694 -0.026830 
695 0.024806 
696 -0.003344 
697 0.016877 
698 -0.001298 
699 0.002076 
700 0.001770 
701 -0.010287 
702 0.009282 
703 -0.002880 
704 0.008702 
705 -0.007668 
706 0.004379 
707 -0.018165 
708 0.016326 
709 -0.013509 
710 0.019675 
711 -0.010754 
712 0.014529 
713 -0.015119 
714 0.010138 
715 -0.012850 
716 0.007432 
717 -0.006807 
718 0.015858 
719 0.000613 
720 0.019174 
721 0.000252 
722 -0.003932 
723 -0.004806 
724 -0.018950 
725 0.009997 
726 -0.018686 
727 0.030339 
728 -0.021397 
729 0.022180 
730 -0.025213 
731 0.013576 
732 -0.015640 
733 0.006097 
734 -0.001707 
735 -0.002474 
736 -0.000702 
737 -0.008143 
738 0.006210 
739 -0.009262 
740 0.019856 
741 -0.013041 
742 0.020283 
743 -0.020688 
744 0.013727 
745 -0.023748 
746 0.013383 
747 -0.015768 
748 0.014738 
749 0.000318 
750 0.004713 
751 -0.000639 
752 -0.009481 
753 -0.002272 
754 -0.009239 
755 0.005513 
756 0.002348 
757 0.018974 
758 -0.010182 
759 0.010427 
760 -0.019026 
761 0.002856 
762 -0.016963 
763 0.004368 
764 -0.002874 
765 0.009192 
766 0.003891 
767 -0.005271 
768 0.005546 
769 -0.017417 
770 0.013065 
771 -0.019516 
772 0.036234 
773 -0.026528 
774 0.035292 
775 -0.044307 
776 0.017021 
777 -0.040002 
778 0.009442 
779 -0.016982 
780 0.023452 
781 0.004478 
782 0.012822 
783 -0.003752 
784 -0.004290 
785 -0.009822 
786 -0.009174 
787 0.004760 
788 -0.003006 
789 0.008074 
790 -0.016770 
791 0.001397 
792 -0.022920 
793 0.001411 
794 -0.003729 
795 0.018276 
796 0.015751 
797 0.022544 
798 -0.005421 
799 -0.002544 
800 -0.028111 
801 -0.019384 
802 -0.023684 
803 0.001091 
804 0.006543 
805 0.011442 
806 0.017496 
807 0.000034 
808 0.009878 
809 -0.006540 
810 0.004501 
811 -0.003146 
812 0.001890 
813 -0.000317 
814 -0.005600 
815 0.009880 
816 -0.003252 
817 0.014928 
818 -0.009286 
819 0.016624 
820 -0.017694 
821 0.014625 
822 -0.020590 
823 0.018699 
824 -0.028162 
825 0.028816 
826 -0.020073 
827 0.032711 
828 -0.012529 
829 0.008974 
830 -0.010733 
831 -0.013949 
832 -0.001523 
833 -0.017251 
834 0.022461 
835 -0.009509 
836 0.020170 
837 -0.016440 
838 0.016417 
839 -0.020652 
840 0.015586 
841 -0.008667 
842 0.021814 
843 -0.000384 
844 0.005925 
845 0.008576 
846 -0.013940 
847 0.017378 
848 -0.018249 
849 0.028646 
850 -0.026784 
851 0.035331 
852 -0.043700 
853 0.027480 
854 -0.030358 
855 0.028567 
856 -0.013516 
857 0.030406 
858 -0.015249 
859 0.016033 
860 -0.017323 
861 0.008443 
862 -0.005560 
863 0.016578 
864 0.004219 
865 0.017782 
866 0.013323 
867 -0.001783 
868 0.008152 
869 -0.021094 
870 -0.001973 
871 -0.022100 
872 0.007069 
873 -0.008258 
874 0.030636 
875 -0.005032 
876 0.017479 
877 -0.009791 
878 -0.002608 
879 -0.001289 
880 -0.005897 
881 0.016057 
882 -0.015433 
883 0.017847 
884 -0.037078 
885 0.025967 
886 -0.027041 
887 0.033342 
888 -0.008882 
889 0.023694 
890 -0.024750 
891 0.007729 
892 -0.028386 
893 0.015058 
894 0.006351 
895 0.017943 
896 0.016703 
897 -0.000740 
898 0.003786 
899 -0.036703 
900 -0.000300 
901 -0.037517 
902 0.012375 
903 -0.011398 
904 0.030102 
905 0.001071 
906 0.029169 
907 -0.015279 
908 0.007789 
909 -0.022776 
910 -0.022792 
911 -0.002328 
912 -0.013731 
913 0.021942 
914 -0.003882 
915 0.026059 
916 -0.020355 
917 0.027161 
918 -0.022961 
919 0.024456 
920 -0.015471 
921 0.006443 
922 -0.034097 
923 0.001285 
924 -0.022391 
925 0.010154 
926 0.010915 
927 0.015105 
928 0.019719 
929 -0.005388 
930 -0.000601 
931 -0.024773 
932 -0.009615 
933 -0.022677 
934 -0.005033 
935 0.001292 
936 -0.003398 
937 0.010188 
938 -0.008741 
939 0.008460 
940 -0.014022 
941 0.013051 
942 -0.013643 
943 0.025551 
944 -0.018408 
945 0.013666 
946 -0.027616 
947 0.007189 
948 -0.028541 
949 0.019391 
950 -0.015270 
951 0.028137 
952 -0.005567 
953 0.008548 
954 -0.011851 
955 -0.000216 
956 -0.009386 
957 -0.006699 
958 0.018839 
959 -0.015662 
960 0.020411 
961 -0.025550 
962 0.028780 
963 -0.023925 
964 0.021460 
965 -0.024973 
966 0.007170 
967 -0.020171 
968 -0.001212 
969 0.009689 
970 0.003526 
971 0.028114 
972 -0.007394 
973 0.022303 
974 -0.017416 
975 0.013664 
976 -0.041800 
977 0.029728 
978 -0.052237 
979 0.045660 
980 -0.050810 
981 0.068026 
982 -0.037601 
983 0.060187 
984 -0.047940 
985 0.037654 
986 -0.052466 
987 0.023835 
988 -0.029796 
989 0.033596 
990 -0.017411 
991 0.014130 
992 -0.015572 
993 -0.003185 
994 0.008148 
995 0.003655 
996 0.036123 
997 -0.006048 
998 0.027465 
999 -0.046748 
1000 0.018682 
1001 -0.041376 
1002 0.034467 
1003 -0.008462 
1004 0.031242 
1005 0.001922 
1006 -0.004830 
1007 -0.005483 
1008 -0.022482 
1009 0.013509 
1010 -0.026962 
1011 0.030499 
1012 -0.022806 
1013 0.031891 
1014 -0.020542 
1015 0.027003 
1016 -0.012655 
1017 0.005063 
1018 -0.013395 
1019 -0.013118 
1020 0.000776 
1021 -0.011411 
1022 0.012684 
1023 -0.000010 
