0 -1.111367 
1 -0.970132 
2 -1.084232 
3 -0.696427 
4 -1.008457 
5 -0.749600 
6 -0.911149 
7 -0.621682 
8 -0.724022 
9 -0.720228 
10 -0.618654 
11 -0.610911 
12 -0.368635 
13 -0.567657 
14 -0.360795 
15 -0.375051 
16 -0.226844 
17 -0.210357 
18 -0.240211 
19 -0.093041 
20 -0.102421 
21 -0.042642 
22 0.012025 
23 0.030989 
24 0.210429 
25 0.036023 
26 0.291823 
27 0.180588 
28 0.434943 
29 0.367885 
30 0.419084 
31 0.547448 
32 0.403728 
33 0.708286 
34 0.496260 
35 0.812817 
36 0.597734 
37 0.854627 
38 0.747250 
39 0.836908 
40 0.946510 
41 0.940755 
42 1.154998 
43 0.954857 
44 1.168178 
45 1.017981 
46 1.226767 
47 1.107607 
48 1.297280 
49 1.237957 
50 1.422895 
51 1.386203 
52 1.480345 
53 1.464909 
54 1.555206 
55 1.516849 
56 1.567086 
57 1.511541 
58 1.671199 
59 1.604914 
60 1.702568 
61 1.641520 
62 1.758026 
63 1.860464 
64 1.742641 
65 1.892751 
66 1.692184 
67 2.059804 
68 1.746811 
69 2.005536 
70 1.849032 
71 1.980362 
72 1.963276 
73 1.835726 
74 2.119213 
75 1.894633 
76 2.157402 
77 1.815268 
78 2.102096 
79 1.971574 
80 2.063607 
81 1.991377 
82 1.955918 
83 2.145823 
84 1.986171 
85 2.088476 
86 1.924041 
87 2.112313 
88 2.003740 
89 1.955759 
90 1.920135 
91 1.942423 
92 2.000776 
93 1.949941 
94 1.904946 
95 2.010677 
96 1.894093 
97 2.003365 
98 1.778928 
99 1.965303 
100 1.750998 
101 1.751065 
102 1.726131 
103 1.704910 
104 1.871638 
105 1.541410 
106 1.782655 
107 1.540907 
108 1.820524 
109 1.546435 
110 1.577004 
111 1.567616 
112 1.477236 
113 1.518021 
114 1.254883 
115 1.469718 
116 1.226163 
117 1.372278 
118 1.194131 
119 1.328104 
120 1.197007 
121 1.232504 
122 1.177808 
123 1.167625 
124 1.000663 
125 0.981369 
126 0.976938 
127 0.872143 
128 0.699212 
129 0.685850 
130 0.840616 
131 0.832689 
132 0.714972 
133 0.682152 
134 0.819145 
135 0.653604 
136 0.475783 
137 0.310005 
138 0.512202 
139 0.404636 
140 0.299257 
141 0.118192 
142 0.199544 
143 0.343147 
144 0.151758 
145 0.231511 
146 -0.022716 
147 0.203944 
148 -0.098529 
149 0.000582 
150 -0.153651 
151 -0.087918 
152 -0.149847 
153 -0.266252 
154 -0.275227 
155 -0.362168 
156 -0.310875 
157 -0.404122 
158 -0.473905 
159 -0.484033 
160 -0.513777 
161 -0.538123 
162 -0.619306 
163 -0.664223 
164 -0.601127 
165 -0.760087 
166 -0.688969 
167 -0.884254 
168 -0.732983 
169 -0.933817 
170 -0.867679 
171 -0.961654 
172 -1.007919 
173 -0.943925 
174 -1.168118 
175 -0.926308 
176 -1.246617 
177 -0.959486 
178 -1.311425 
179 -1.076850 
180 -1.258900 
181 -1.208919 
182 -1.262388 
183 -1.409815 
184 -1.203724 
185 -1.458566 
186 -1.253026 
187 -1.544308 
188 -1.297098 
189 -1.461733 
190 -1.422371 
191 -1.528103 
192 -1.464043 
193 -1.465843 
194 -1.497825 
195 -1.583206 
196 -1.531840 
197 -1.574488 
198 -1.494194 
199 -1.596434 
200 -1.616188 
201 -1.583300 
202 -1.643292 
203 -1.497605 
204 -1.763652 
205 -1.510635 
206 -1.701848 
207 -1.426443 
208 -1.717643 
209 -1.577228 
210 -1.691138 
211 -1.530999 
212 -1.621428 
213 -1.656448 
214 -1.581003 
215 -1.597223 
216 -1.454502 
217 -1.705918 
218 -1.481930 
219 -1.628450 
220 -1.383294 
221 -1.656427 
222 -1.507591 
223 -1.528334 
224 -1.452735 
225 -1.445509 
226 -1.560215 
227 -1.346516 
228 -1.422780 
229 -1.332700 
230 -1.485727 
231 -1.339655 
232 -1.301077 
233 -1.276499 
234 -1.332410 
235 -1.284552 
236 -1.242065 
237 -1.175746 
238 -1.260895 
239 -1.125040 
240 -1.174321 
241 -1.058953 
242 -1.145335 
243 -1.077673 
244 -1.022791 
245 -1.045965 
246 -0.906566 
247 -1.014814 
248 -0.818393 
249 -0.982936 
250 -0.762666 
251 -0.876056 
252 -0.757935 
253 -0.797848 
254 -0.787796 
255 -0.676697 
256 -0.746740 
257 -0.574350 
258 -0.694962 
259 -0.509613 
260 -0.590508 
261 -0.459271 
262 -0.474617 
263 -0.458043 
264 -0.426988 
265 -0.418540 
266 -0.322585 
267 -0.336399 
268 -0.343965 
269 -0.275019 
270 -0.223479 
271 -0.191146 
272 -0.190384 
273 -0.177371 
274 0.013079 
275 -0.138077 
276 0.049474 
277 -0.176518 
278 0.190485 
279 -0.032587 
280 0.158263 
281 0.034888 
282 0.175937 
283 0.231413 
284 0.130533 
285 0.267708 
286 0.180566 
287 0.401210 
288 0.223183 
289 0.396872 
290 0.311997 
291 0.488210 
292 0.419195 
293 0.456610 
294 0.468133 
295 0.503102 
296 0.567264 
297 0.522781 
298 0.606553 
299 0.560681 
300 0.666404 
301 0.636947 
302 0.668046 
303 0.691687 
304 0.725909 
305 0.776360 
306 0.782740 
307 0.730197 
308 0.865202 
309 0.771521 
310 0.919351 
311 0.731431 
312 0.922670 
313 0.886848 
314 0.916001 
315 0.945301 
316 0.819634 
317 1.138041 
318 0.809240 
319 1.111010 
320 0.798664 
321 1.139715 
322 0.942181 
323 1.008045 
324 1.040579 
325 0.985232 
326 1.176816 
327 0.918861 
328 1.173637 
329 0.954503 
330 1.136626 
331 1.018477 
332 1.074139 
333 1.115927 
334 1.016510 
335 1.092441 
336 1.031152 
337 1.107817 
338 1.082156 
339 1.010407 
340 1.137693 
341 1.014431 
342 1.153062 
343 1.004732 
344 1.100426 
345 1.088024 
346 0.950725 
347 1.138234 
348 0.850051 
349 1.190210 
350 0.795556 
351 1.151076 
352 0.888170 
353 1.055661 
354 0.967353 
355 0.911779 
356 1.097453 
357 0.815160 
358 1.047620 
359 0.748063 
360 1.006544 
361 0.794997 
362 0.856970 
363 0.800221 
364 0.855719 
365 0.849746 
366 0.780318 
367 0.789358 
368 0.815835 
369 0.768024 
370 0.719578 
371 0.675235 
372 0.706230 
373 0.712848 
374 0.619288 
375 0.672997 
376 0.570977 
377 0.673684 
378 0.522641 
379 0.626781 
380 0.493610 
381 0.575317 
382 0.437401 
383 0.485712 
384 0.468282 
385 0.453306 
386 0.495189 
387 0.338388 
388 0.488831 
389 0.254642 
390 0.483723 
391 0.202335 
392 0.409046 
393 0.169608 
394 0.295029 
395 0.238437 
396 0.198720 
397 0.271121 
398 0.106285 
399 0.272937 
400 0.058828 
401 0.199303 
402 0.032659 
403 0.119135 
404 0.050035 
405 0.046147 
406 0.030231 
407 -0.016059 
408 -0.007191 
409 -0.008106 
410 -0.043308 
411 -0.018835 
412 -0.118195 
413 -0.086848 
414 -0.112662 
415 -0.120330 
416 -0.112798 
417 -0.268046 
418 -0.106598 
419 -0.311137 
420 -0.080704 
421 -0.393070 
422 -0.156673 
423 -0.321355 
424 -0.206913 
425 -0.240562 
426 -0.386195 
427 -0.185850 
428 -0.464787 
429 -0.180027 
430 -0.565573 
431 -0.282996 
432 -0.486371 
433 -0.336330 
434 -0.423760 
435 -0.486702 
436 -0.348203 
437 -0.432225 
438 -0.394355 
439 -0.506104 
440 -0.500210 
441 -0.381101 
442 -0.527043 
443 -0.485569 
444 -0.583309 
445 -0.456707 
446 -0.473136 
447 -0.633418 
448 -0.467526 
449 -0.620384 
450 -0.350969 
451 -0.704939 
452 -0.474433 
453 -0.602620 
454 -0.485631 
455 -0.560788 
456 -0.658786 
457 -0.465233 
458 -0.686087 
459 -0.444294 
460 -0.755273 
461 -0.401446 
462 -0.693035 
463 -0.466501 
464 -0.671505 
465 -0.509430 
466 -0.587049 
467 -0.621440 
468 -0.547098 
469 -0.593655 
470 -0.480846 
471 -0.615864 
472 -0.543698 
473 -0.537185 
474 -0.569772 
475 -0.504934 
476 -0.630774 
477 -0.496538 
478 -0.591251 
479 -0.526687 
480 -0.540795 
481 -0.591365 
482 -0.446993 
483 -0.574976 
484 -0.393742 
485 -0.541154 
486 -0.446835 
487 -0.459766 
488 -0.537291 
489 -0.381282 
490 -0.614366 
491 -0.319425 
492 -0.586712 
493 -0.353565 
494 -0.528531 
495 -0.398632 
496 -0.322965 
497 -0.491734 
498 -0.267332 
499 -0.561516 
500 -0.127166 
501 -0.552630 
502 -0.238569 
503 -0.479405 
504 -0.214115 
505 -0.322821 
506 -0.395359 
507 -0.297957 
508 -0.337469 
509 -0.153104 
510 -0.337717 
511 -0.285886 
512 -0.220531 
513 -0.231598 
514 -0.163200 
515 -0.331837 
516 -0.189208 
517 -0.129136 
518 -0.227383 
519 -0.085686 
520 -0.329555 
521 0.059221 
522 -0.295631 
523 0.010280 
524 -0.240873 
525 -0.036642 
526 -0.048474 
527 -0.164257 
528 0.049381 
529 -0.220131 
530 0.151472 
531 -0.207301 
532 0.092575 
533 -0.117470 
534 0.084056 
535 -0.026783 
536 0.036133 
537 0.066477 
538 0.058942 
539 0.066603 
540 0.025317 
541 0.069197 
542 0.079587 
543 0.077910 
544 0.082884 
545 0.123979 
546 0.114811 
547 0.183420 
548 0.088983 
549 0.208230 
550 0.135174 
551 0.256897 
552 0.104785 
553 0.225261 
554 0.163108 
555 0.255974 
556 0.186550 
557 0.183239 
558 0.281611 
559 0.209730 
560 0.328397 
561 0.147901 
562 0.361442 
563 0.202715 
564 0.344619 
565 0.204193 
566 0.291723 
567 0.332545 
568 0.263298 
569 0.375939 
570 0.210921 
571 0.438085 
572 0.240587 
573 0.416867 
574 0.211209 
575 0.375914 
576 0.290419 
577 0.377067 
578 0.340789 
579 0.316517 
580 0.413344 
581 0.346658 
582 0.398807 
583 0.295591 
584 0.416783 
585 0.384268 
586 0.360720 
587 0.316063 
588 0.363643 
589 0.377546 
590 0.397379 
591 0.265058 
592 0.439245 
593 0.300693 
594 0.490893 
595 0.285820 
596 0.394876 
597 0.385473 
598 0.336889 
599 0.460633 
600 0.180526 
601 0.520363 
602 0.185153 
603 0.544236 
604 0.186419 
605 0.433571 
606 0.291944 
607 0.356869 
608 0.367366 
609 0.249640 
610 0.406847 
611 0.244290 
612 0.405840 
613 0.241661 
614 0.384974 
615 0.253889 
616 0.324698 
617 0.242139 
618 0.340316 
619 0.243288 
620 0.322357 
621 0.173406 
622 0.338073 
623 0.185350 
624 0.301962 
625 0.150820 
626 0.269938 
627 0.209398 
628 0.221925 
629 0.217702 
630 0.141580 
631 0.293500 
632 0.079690 
633 0.300966 
634 0.028022 
635 0.293419 
636 0.027606 
637 0.188135 
638 0.047932 
639 0.094789 
640 0.117918 
641 -0.008678 
642 0.177983 
643 -0.027170 
644 0.198326 
645 -0.008151 
646 0.113281 
647 -0.000384 
648 0.017309 
649 0.017658 
650 -0.069798 
651 -0.036925 
652 -0.082301 
653 -0.018734 
654 -0.057049 
655 -0.100801 
656 -0.039653 
657 -0.091509 
658 -0.029425 
659 -0.195468 
660 -0.131141 
661 -0.112179 
662 -0.124480 
663 -0.136499 
664 -0.288944 
665 -0.082522 
666 -0.255384 
667 -0.129802 
668 -0.306357 
669 -0.204385 
670 -0.169043 
671 -0.341527 
672 -0.136459 
673 -0.459440 
674 -0.100644 
675 -0.456753 
676 -0.176642 
677 -0.399715 
678 -0.317705 
679 -0.285993 
680 -0.453922 
681 -0.212123 
682 -0.554410 
683 -0.222889 
684 -0.560198 
685 -0.301507 
686 -0.528099 
687 -0.371047 
688 -0.456301 
689 -0.397210 
690 -0.491144 
691 -0.403200 
692 -0.516995 
693 -0.396531 
694 -0.599686 
695 -0.388257 
696 -0.557727 
697 -0.453920 
698 -0.562080 
699 -0.552971 
700 -0.437824 
701 -0.654319 
702 -0.423204 
703 -0.696750 
704 -0.360696 
705 -0.726576 
706 -0.443497 
707 -0.668425 
708 -0.441759 
709 -0.606298 
710 -0.633325 
711 -0.566609 
712 -0.636986 
713 -0.470259 
714 -0.740106 
715 -0.514265 
716 -0.670075 
717 -0.465874 
718 -0.680380 
719 -0.595366 
720 -0.603488 
721 -0.562924 
722 -0.596599 
723 -0.622695 
724 -0.604176 
725 -0.538271 
726 -0.614321 
727 -0.581369 
728 -0.634324 
729 -0.556945 
730 -0.574367 
731 -0.608019 
732 -0.563803 
733 -0.624069 
734 -0.478522 
735 -0.645559 
736 -0.482102 
737 -0.630276 
738 -0.475767 
739 -0.585066 
740 -0.561463 
741 -0.491511 
742 -0.565252 
743 -0.392087 
744 -0.667377 
745 -0.357653 
746 -0.616054 
747 -0.292118 
748 -0.576418 
749 -0.425003 
750 -0.452704 
751 -0.467213 
752 -0.327531 
753 -0.551372 
754 -0.254750 
755 -0.478823 
756 -0.254777 
757 -0.439579 
758 -0.331740 
759 -0.302257 
760 -0.378881 
761 -0.240811 
762 -0.345576 
763 -0.216978 
764 -0.254668 
765 -0.267088 
766 -0.142432 
767 -0.282127 
768 -0.123654 
769 -0.263715 
770 -0.132597 
771 -0.108471 
772 -0.181676 
773 0.007488 
774 -0.232995 
775 0.142872 
776 -0.181632 
777 0.116618 
778 -0.133483 
779 0.065113 
780 0.062691 
781 0.011441 
782 0.169701 
783 -0.071351 
784 0.284496 
785 -0.006545 
786 0.313845 
787 0.027777 
788 0.293811 
789 0.231912 
790 0.269025 
791 0.268192 
792 0.216632 
793 0.430265 
794 0.288034 
795 0.372686 
796 0.300912 
797 0.463000 
798 0.456573 
799 0.404536 
800 0.449805 
801 0.545127 
802 0.500863 
803 0.595246 
804 0.404752 
805 0.779454 
806 0.472779 
807 0.829296 
808 0.470972 
809 0.851879 
810 0.614696 
811 0.762756 
812 0.724793 
813 0.716833 
814 0.909346 
815 0.677044 
816 0.969094 
817 0.726742 
818 0.969229 
819 0.783061 
820 0.952289 
821 0.961257 
822 0.929094 
823 1.029336 
824 0.901878 
825 1.088604 
826 0.930977 
827 1.061875 
828 1.051571 
829 1.029751 
830 1.148145 
831 1.015147 
832 1.223175 
833 1.085729 
834 1.219423 
835 1.144531 
836 1.155465 
837 1.247366 
838 1.107754 
839 1.265829 
840 1.137094 
841 1.278454 
842 1.261228 
843 1.146077 
844 1.373973 
845 1.073687 
846 1.443385 
847 1.096970 
848 1.441613 
849 1.208591 
850 1.274843 
851 1.356028 
852 1.163919 
853 1.450938 
854 1.029201 
855 1.483056 
856 1.121986 
857 1.397584 
858 1.201964 
859 1.313904 
860 1.323903 
861 1.233261 
862 1.291968 
863 1.221158 
864 1.212461 
865 1.228311 
866 1.146140 
867 1.267195 
868 1.090268 
869 1.234872 
870 1.172117 
871 1.154351 
872 1.198658 
873 0.983816 
874 1.307017 
875 0.900613 
876 1.219407 
877 0.790819 
878 1.177932 
879 0.891031 
880 0.977532 
881 0.950461 
882 0.869395 
883 1.074719 
884 0.714473 
885 1.015778 
886 0.676906 
887 0.930204 
888 0.672150 
889 0.800375 
890 0.718509 
891 0.663770 
892 0.662902 
893 0.532440 
894 0.663265 
895 0.521206 
896 0.536925 
897 0.403516 
898 0.448193 
899 0.407841 
900 0.399993 
901 0.310396 
902 0.308438 
903 0.237774 
904 0.252732 
905 0.151760 
906 0.181947 
907 0.059126 
908 0.099218 
909 -0.002470 
910 0.011163 
911 -0.080501 
912 -0.136567 
913 -0.102029 
914 -0.207555 
915 -0.160488 
916 -0.405389 
917 -0.151745 
918 -0.456776 
919 -0.237827 
920 -0.598020 
921 -0.417639 
922 -0.558954 
923 -0.611265 
924 -0.537096 
925 -0.752933 
926 -0.538371 
927 -0.874285 
928 -0.660803 
929 -0.855496 
930 -0.825361 
931 -0.864061 
932 -1.073158 
933 -0.858673 
934 -1.156255 
935 -0.961288 
936 -1.230508 
937 -1.104618 
938 -1.140303 
939 -1.252191 
940 -1.219860 
941 -1.374949 
942 -1.216724 
943 -1.391227 
944 -1.418225 
945 -1.418522 
946 -1.531694 
947 -1.388575 
948 -1.724030 
949 -1.448507 
950 -1.681802 
951 -1.557428 
952 -1.679782 
953 -1.768154 
954 -1.563402 
955 -1.918023 
956 -1.569920 
957 -2.105785 
958 -1.630575 
959 -2.045710 
960 -1.785580 
961 -2.022066 
962 -1.972026 
963 -1.817473 
964 -2.035269 
965 -1.854035 
966 -2.141805 
967 -1.876084 
968 -2.076551 
969 -2.020881 
970 -2.131475 
971 -2.074060 
972 -2.061334 
973 -2.097102 
974 -2.189346 
975 -2.019982 
976 -2.174696 
977 -1.976294 
978 -2.260208 
979 -1.974014 
980 -2.207544 
981 -2.104625 
982 -2.177180 
983 -2.156005 
984 -2.042560 
985 -2.260212 
986 -1.954611 
987 -2.282859 
988 -1.901453 
989 -2.262806 
990 -1.886389 
991 -2.211942 
992 -1.950977 
993 -2.114285 
994 -1.957426 
995 -2.023432 
996 -2.044539 
997 -1.901983 
998 -1.990919 
999 -1.826625 
1000 -1.979352 
1001 -1.808485 
1002 -1.843497 
1003 -1.812446 
1004 -1.809096 
1005 -1.805361 
1006 -1.688198 
1007 -1.744294 
1008 -1.740998 
1009 -1.646712 
1010 -1.633874 
1011 -1.504929 
1012 -1.676375 
1013 -1.452467 
1014 -1.444958 
1015 -1.425003 
1016 -1.409803 
1017 -1.487603 
1018 -1.152376 
1019 -1.340681 
1020 -1.186109 
1021 -1.373118 
1022 -1.098524 
1023 -1.044174 
