0 0.055186 
1 0.060714 
2 -0.061567 
3 0.088790 
4 -0.111348 
5 0.089319 
6 -0.127234 
7 0.047871 
8 -0.004585 
9 0.004806 
10 0.041395 
11 -0.015575 
12 0.138852 
13 -0.081438 
14 0.035719 
15 -0.046275 
16 0.042952 
17 -0.067167 
18 0.033151 
19 -0.010664 
20 0.087066 
21 -0.123545 
22 0.125886 
23 -0.132558 
24 0.109090 
25 -0.148172 
26 0.135289 
27 -0.075122 
28 0.014440 
29 0.016739 
30 0.025767 
31 0.108410 
32 -0.090230 
33 0.074498 
34 -0.101284 
35 0.044480 
36 -0.032379 
37 -0.044441 
38 0.062040 
39 -0.065862 
40 0.114264 
41 -0.147210 
42 0.127017 
43 -0.055786 
44 0.099933 
45 -0.092536 
46 0.031232 
47 0.034482 
48 -0.045515 
49 0.036631 
50 0.014344 
51 0.119398 
52 -0.094384 
53 -0.024941 
54 -0.047342 
55 0.003647 
56 -0.066192 
57 0.060665 
58 0.053523 
59 0.065089 
60 0.024800 
61 0.125839 
62 -0.018767 
63 -0.062691 
64 -0.068580 
65 0.118442 
66 -0.212013 
67 -0.200739 
68 -0.146122 
69 0.220392 
70 0.013824 
71 0.156640 
72 0.120493 
73 0.378778 
74 -0.212892 
75 -0.111487 
76 -0.283556 
77 0.161074 
78 -0.090815 
79 -0.056607 
80 -0.311736 
81 0.034756 
82 0.141489 
83 0.199291 
84 -0.006820 
85 0.011589 
86 -0.010580 
87 0.059315 
88 -0.094711 
89 0.048421 
90 -0.055283 
91 0.021119 
92 -0.093911 
93 0.013702 
94 0.012236 
95 -0.022767 
96 0.023790 
97 0.003393 
98 0.017381 
99 -0.024553 
100 -0.015324 
101 0.022226 
102 -0.076272 
103 0.049888 
104 -0.050294 
105 0.033445 
106 -0.045271 
107 0.007696 
108 0.061403 
109 -0.116174 
110 0.098626 
111 -0.141153 
112 0.141760 
113 -0.170527 
114 0.155983 
115 -0.100499 
116 0.088040 
117 -0.103878 
118 0.057972 
119 -0.032956 
120 0.044363 
121 -0.045524 
122 0.046616 
123 -0.126931 
124 0.106778 
125 -0.101425 
126 0.118655 
127 -0.181112 
128 0.166818 
129 -0.090420 
130 0.073741 
131 -0.103150 
132 0.090870 
133 -0.008653 
134 -0.011232 
135 0.005565 
136 -0.029582 
137 -0.002011 
138 -0.073325 
139 0.060818 
140 -0.017864 
141 0.002251 
142 0.001343 
143 0.028539 
144 -0.000131 
145 -0.062134 
146 0.049072 
147 -0.011973 
148 0.041202 
149 -0.089256 
150 0.065492 
151 -0.038136 
152 0.065890 
153 -0.052124 
154 0.053222 
155 -0.059773 
156 0.021846 
157 -0.034481 
158 -0.027895 
159 -0.000094 
160 -0.026817 
161 0.117192 
162 -0.124379 
163 0.177619 
164 -0.154898 
165 0.191168 
166 -0.277753 
167 0.186470 
168 -0.183637 
169 0.119929 
170 -0.121386 
171 0.078288 
172 0.012593 
173 -0.031849 
174 0.078228 
175 -0.051022 
176 0.063157 
177 -0.097583 
178 0.022923 
179 -0.029530 
180 -0.025017 
181 0.021328 
182 -0.024055 
183 0.040945 
184 -0.046745 
185 0.075190 
186 -0.041040 
187 -0.005704 
188 -0.040632 
189 0.054806 
190 -0.034704 
191 0.002016 
192 0.003369 
193 0.058398 
194 -0.044123 
195 -0.034705 
196 0.033436 
197 -0.015198 
198 0.047905 
199 -0.044993 
200 0.067708 
201 -0.068507 
202 0.052244 
203 0.011180 
204 -0.012331 
205 0.006561 
206 -0.036483 
207 0.082384 
208 -0.075552 
209 0.046568 
210 0.009812 
211 0.008209 
212 0.018160 
213 -0.054888 
214 0.087938 
215 -0.135472 
216 0.075124 
217 -0.045474 
218 0.093340 
219 -0.011087 
220 0.034102 
221 0.057637 
222 -0.038893 
223 0.020495 
224 0.004830 
225 0.011162 
226 -0.041308 
227 -0.053072 
228 0.093620 
229 -0.073964 
230 0.057805 
231 -0.045401 
232 0.128427 
233 -0.071804 
234 0.075238 
235 -0.032387 
236 0.055211 
237 -0.101136 
238 0.086150 
239 -0.045902 
240 0.058706 
241 -0.101217 
242 0.083309 
243 -0.053581 
244 0.030362 
245 -0.025172 
246 0.054568 
247 0.027384 
248 -0.045325 
249 0.047210 
250 -0.055281 
251 0.081685 
252 -0.094403 
253 0.103055 
254 -0.084032 
255 0.086920 
256 -0.079119 
257 0.054623 
258 -0.046818 
259 0.062650 
260 -0.032790 
261 -0.039741 
262 -0.002305 
263 0.022583 
264 0.021972 
265 -0.066520 
266 0.060250 
267 0.028305 
268 0.022242 
269 -0.040107 
270 0.001791 
271 0.014768 
272 -0.089739 
273 0.057206 
274 -0.068348 
275 0.095518 
276 -0.124404 
277 0.160192 
278 -0.075435 
279 0.097049 
280 -0.141313 
281 0.122395 
282 -0.077461 
283 0.061936 
284 -0.106522 
285 0.059145 
286 -0.072944 
287 0.060752 
288 -0.011407 
289 0.063420 
290 -0.053789 
291 0.048724 
292 -0.036426 
293 0.022586 
294 -0.049467 
295 0.065625 
296 -0.015852 
297 -0.007484 
298 -0.008173 
299 0.015167 
300 0.004040 
301 -0.034241 
302 0.056730 
303 -0.029156 
304 0.019157 
305 -0.029344 
306 0.028713 
307 -0.042385 
308 0.001631 
309 0.012183 
310 0.045292 
311 -0.035756 
312 0.062825 
313 -0.038261 
314 0.035243 
315 -0.094613 
316 0.105414 
317 -0.091597 
318 0.045730 
319 -0.130015 
320 0.133345 
321 -0.089358 
322 0.100770 
323 -0.063225 
324 0.186310 
325 -0.133488 
326 0.082415 
327 -0.148650 
328 0.122362 
329 -0.171935 
330 0.114742 
331 -0.116135 
332 0.091337 
333 -0.086721 
334 0.134317 
335 -0.046436 
336 0.034301 
337 -0.064618 
338 0.036703 
339 -0.069038 
340 -0.003033 
341 -0.019289 
342 0.035900 
343 -0.023920 
344 0.027156 
345 -0.004532 
346 -0.003366 
347 -0.005062 
348 -0.007568 
349 -0.002232 
350 -0.054548 
351 0.027319 
352 -0.011728 
353 0.019735 
354 -0.050671 
355 0.080742 
356 -0.026543 
357 0.013712 
358 -0.071663 
359 0.065471 
360 -0.042700 
361 0.018488 
362 -0.035227 
363 0.046895 
364 -0.053738 
365 0.000715 
366 -0.004285 
367 0.023568 
368 -0.048132 
369 0.063337 
370 -0.049579 
371 0.066327 
372 -0.108239 
373 0.158293 
374 -0.134767 
375 0.088091 
376 -0.148215 
377 0.134636 
378 -0.120892 
379 0.089282 
380 -0.055043 
381 0.110910 
382 -0.044185 
383 0.016185 
384 -0.011566 
385 0.016576 
386 -0.014482 
387 -0.017184 
388 -0.020707 
389 0.006653 
390 -0.002819 
391 0.053917 
392 -0.064462 
393 0.050556 
394 -0.025279 
395 0.116246 
396 -0.121274 
397 0.031654 
398 -0.002459 
399 0.041282 
400 -0.005562 
401 -0.027651 
402 0.086369 
403 -0.093403 
404 0.072071 
405 -0.081682 
406 0.087169 
407 -0.086059 
408 0.051275 
409 -0.003360 
410 -0.020710 
411 0.042806 
412 -0.031628 
413 0.067165 
414 -0.081792 
415 0.090171 
416 -0.014143 
417 -0.001139 
418 -0.028287 
419 -0.015283 
420 0.059744 
421 -0.090278 
422 0.096249 
423 -0.104037 
424 0.120879 
425 -0.147780 
426 0.190562 
427 -0.154338 
428 0.131561 
429 -0.159803 
430 0.177452 
431 -0.152098 
432 0.079447 
433 -0.047494 
434 0.043086 
435 -0.041685 
436 -0.050285 
437 0.091340 
438 -0.057592 
439 0.054653 
440 -0.068008 
441 0.033651 
442 -0.039670 
443 0.025650 
444 0.045231 
445 -0.045655 
446 0.036839 
447 -0.027301 
448 0.035754 
449 -0.080857 
450 0.022241 
451 0.020286 
452 0.010409 
453 -0.040200 
454 0.022189 
455 0.034847 
456 0.029612 
457 -0.057351 
458 0.066577 
459 -0.042678 
460 0.035369 
461 -0.080867 
462 0.047182 
463 -0.062109 
464 0.029676 
465 0.047033 
466 0.009806 
467 0.001487 
468 -0.068080 
469 0.095306 
470 -0.085287 
471 0.060230 
472 -0.076781 
473 0.119759 
474 -0.096552 
475 0.114849 
476 -0.093042 
477 0.092495 
478 -0.125869 
479 0.109374 
480 -0.104802 
481 0.053110 
482 -0.092679 
483 0.110133 
484 -0.033958 
485 0.074819 
486 -0.015964 
487 0.059071 
488 -0.055169 
489 -0.000293 
490 -0.036859 
491 0.020128 
492 -0.073847 
493 0.053175 
494 -0.021811 
495 0.070072 
496 -0.083476 
497 0.109748 
498 -0.098541 
499 0.070711 
500 -0.134164 
501 0.104325 
502 -0.125184 
503 0.102154 
504 -0.028530 
505 0.091518 
506 -0.069860 
507 0.013093 
508 0.017203 
509 -0.058194 
510 0.002465 
511 -0.101762 
512 0.107716 
513 -0.153164 
514 0.170720 
515 -0.140018 
516 0.197085 
517 -0.178254 
518 0.172120 
519 -0.144190 
520 0.087459 
521 -0.105899 
522 0.051714 
523 -0.048106 
524 -0.022099 
525 0.019794 
526 -0.014588 
527 -0.022888 
528 -0.015658 
529 0.014640 
530 0.054451 
531 -0.092524 
532 0.077704 
533 -0.080660 
534 0.092296 
535 -0.118998 
536 0.140976 
537 -0.141289 
538 0.078598 
539 -0.115886 
540 0.132586 
541 -0.126826 
542 0.096485 
543 -0.084309 
544 0.095478 
545 -0.102625 
546 0.083481 
547 -0.036248 
548 0.013288 
549 -0.031248 
550 0.028020 
551 0.031645 
552 -0.041109 
553 0.000769 
554 0.018039 
555 0.001124 
556 0.006588 
557 -0.019355 
558 0.035575 
559 -0.057482 
560 0.016614 
561 0.015561 
562 -0.032369 
563 0.047945 
564 -0.076561 
565 0.143852 
566 -0.173050 
567 0.160514 
568 -0.126238 
569 0.169864 
570 -0.156901 
571 0.107704 
572 -0.093231 
573 0.049729 
574 -0.050232 
575 0.054116 
576 -0.026072 
577 0.023370 
578 0.011903 
579 0.042014 
580 -0.043880 
581 0.043472 
582 -0.027789 
583 0.020495 
584 -0.112813 
585 0.089416 
586 -0.061433 
587 0.102743 
588 -0.130966 
589 0.176145 
590 -0.094396 
591 0.107463 
592 -0.148418 
593 0.096215 
594 -0.068926 
595 0.013046 
596 -0.009925 
597 -0.013938 
598 0.012449 
599 -0.035942 
600 0.111434 
601 -0.053698 
602 0.011810 
603 -0.021443 
604 0.043173 
605 -0.011552 
606 -0.037316 
607 0.076938 
608 -0.027790 
609 0.015732 
610 -0.050120 
611 0.019619 
612 -0.026932 
613 -0.012860 
614 0.052308 
615 -0.045400 
616 0.040215 
617 -0.058993 
618 0.115167 
619 -0.074391 
620 0.074652 
621 -0.069641 
622 0.079843 
623 -0.116322 
624 0.086122 
625 -0.060177 
626 0.083991 
627 -0.079411 
628 0.075380 
629 -0.022306 
630 0.015253 
631 -0.034510 
632 -0.007922 
633 0.000682 
634 0.005042 
635 0.058835 
636 0.006569 
637 -0.009176 
638 0.033807 
639 0.023902 
640 0.002024 
641 -0.101987 
642 0.078790 
643 -0.073949 
644 0.051294 
645 -0.103150 
646 0.150552 
647 -0.072111 
648 0.088149 
649 -0.059851 
650 0.078532 
651 -0.068798 
652 0.026404 
653 0.005338 
654 0.006671 
655 -0.032421 
656 0.023115 
657 0.032287 
658 0.007194 
659 -0.012950 
660 -0.024316 
661 0.021842 
662 -0.074770 
663 0.048005 
664 -0.047187 
665 0.079377 
666 -0.055458 
667 0.083984 
668 -0.054148 
669 0.026261 
670 -0.002237 
671 0.008266 
672 -0.005782 
673 -0.051278 
674 0.056471 
675 -0.055678 
676 -0.000568 
677 -0.015109 
678 0.049711 
679 0.008569 
680 -0.046773 
681 0.053263 
682 -0.069873 
683 0.060039 
684 -0.104677 
685 0.136913 
686 -0.144805 
687 0.100861 
688 -0.167974 
689 0.174097 
690 -0.157659 
691 0.163871 
692 -0.144184 
693 0.149636 
694 -0.139006 
695 0.104346 
696 -0.097299 
697 0.007283 
698 -0.054352 
699 0.043228 
700 -0.006183 
701 -0.034740 
702 0.009909 
703 0.055668 
704 -0.018583 
705 -0.037759 
706 0.019836 
707 -0.005745 
708 -0.002596 
709 -0.090219 
710 0.079089 
711 -0.083474 
712 0.095586 
713 -0.070426 
714 0.070805 
715 -0.078494 
716 0.022295 
717 0.025117 
718 -0.065667 
719 0.036098 
720 -0.046450 
721 0.088511 
722 -0.082705 
723 0.049765 
724 0.016554 
725 -0.008775 
726 0.004004 
727 -0.040054 
728 0.079119 
729 -0.069806 
730 0.067126 
731 -0.060785 
732 0.056481 
733 -0.108866 
734 0.098744 
735 -0.108578 
736 0.111026 
737 -0.169521 
738 0.259554 
739 -0.206072 
740 0.218777 
741 -0.207100 
742 0.273024 
743 -0.225212 
744 0.121422 
745 -0.127313 
746 0.057515 
747 -0.066555 
748 0.013449 
749 0.097112 
750 -0.040433 
751 0.058345 
752 -0.055882 
753 0.105877 
754 -0.089016 
755 0.043421 
756 -0.045041 
757 0.057354 
758 -0.069777 
759 0.034224 
760 0.004340 
761 0.038758 
762 0.003648 
763 -0.024148 
764 0.024776 
765 -0.077385 
766 0.058801 
767 -0.080848 
768 0.084748 
769 -0.019538 
770 0.093182 
771 -0.068596 
772 0.014466 
773 0.034467 
774 -0.030822 
775 0.017020 
776 -0.091406 
777 0.168034 
778 -0.168409 
779 0.118642 
780 -0.168423 
781 0.250605 
782 -0.226858 
783 0.214379 
784 -0.187078 
785 0.189120 
786 -0.162818 
787 0.150271 
788 -0.048912 
789 0.015685 
790 -0.027861 
791 -0.026829 
792 0.074874 
793 -0.109002 
794 0.064382 
795 -0.051400 
796 0.084943 
797 0.005215 
798 0.003010 
799 0.071886 
800 -0.095213 
801 0.106380 
802 -0.109688 
803 0.091835 
804 -0.109612 
805 0.061456 
806 -0.005476 
807 -0.024228 
808 0.077593 
809 -0.029624 
810 0.101146 
811 -0.134807 
812 0.089174 
813 -0.054720 
814 0.041600 
815 -0.003070 
816 0.014554 
817 0.047330 
818 -0.039993 
819 0.061884 
820 -0.014385 
821 0.008869 
822 -0.029603 
823 -0.033726 
824 0.015175 
825 -0.062217 
826 0.138015 
827 -0.049928 
828 0.106523 
829 -0.117919 
830 0.151491 
831 -0.105429 
832 0.069878 
833 -0.130327 
834 0.152949 
835 -0.152457 
836 0.077819 
837 -0.121206 
838 0.147798 
839 -0.096766 
840 0.099895 
841 -0.027529 
842 0.010549 
843 -0.008645 
844 -0.030074 
845 0.087196 
846 -0.135968 
847 0.104459 
848 -0.074887 
849 0.062004 
850 -0.086226 
851 0.016231 
852 0.051209 
853 -0.064842 
854 0.100196 
855 -0.113616 
856 0.106970 
857 -0.168420 
858 0.124994 
859 -0.122196 
860 0.090423 
861 -0.076313 
862 0.059310 
863 -0.040681 
864 0.000130 
865 0.030879 
866 0.000158 
867 -0.048394 
868 -0.038748 
869 -0.000798 
870 -0.009045 
871 -0.052736 
872 0.029597 
873 0.039014 
874 -0.020504 
875 -0.002832 
876 -0.039357 
877 0.093223 
878 -0.172961 
879 0.127954 
880 -0.137764 
881 0.175743 
882 -0.217139 
883 0.190848 
884 -0.154873 
885 0.133538 
886 -0.137564 
887 0.115492 
888 -0.108455 
889 0.020831 
890 -0.044336 
891 0.029811 
892 -0.001660 
893 -0.021085 
894 0.014414 
895 0.000113 
896 -0.021218 
897 -0.019189 
898 -0.014604 
899 0.035335 
900 -0.001977 
901 0.011743 
902 -0.048744 
903 -0.006335 
904 0.028331 
905 0.000612 
906 -0.055813 
907 -0.041152 
908 0.021371 
909 0.055778 
910 -0.087505 
911 0.070685 
912 -0.058548 
913 0.101115 
914 -0.157708 
915 0.102956 
916 -0.113468 
917 0.068370 
918 -0.065115 
919 0.060386 
920 0.028802 
921 -0.054824 
922 0.086721 
923 -0.127683 
924 0.120125 
925 -0.153560 
926 0.161023 
927 -0.208795 
928 0.108199 
929 -0.109662 
930 0.157539 
931 -0.084886 
932 0.081891 
933 -0.072560 
934 0.040628 
935 -0.114351 
936 0.084384 
937 -0.064306 
938 0.046528 
939 -0.102857 
940 0.117516 
941 -0.063210 
942 0.035320 
943 -0.062975 
944 0.080050 
945 -0.102853 
946 0.049174 
947 -0.060839 
948 0.130456 
949 -0.125456 
950 0.153297 
951 -0.109027 
952 0.124128 
953 -0.132583 
954 0.105745 
955 -0.112867 
956 0.015892 
957 -0.020591 
958 0.020352 
959 0.012318 
960 -0.013615 
961 0.074904 
962 -0.021257 
963 -0.000655 
964 -0.038045 
965 0.041058 
966 -0.063882 
967 -0.008958 
968 -0.020612 
969 0.101183 
970 -0.085366 
971 0.081118 
972 -0.102048 
973 0.115171 
974 -0.125225 
975 0.152197 
976 -0.103771 
977 0.069241 
978 -0.102638 
979 0.103314 
980 -0.046443 
981 0.033811 
982 -0.027993 
983 0.062577 
984 -0.053818 
985 0.026681 
986 -0.039605 
987 0.041787 
988 -0.045414 
989 0.093403 
990 -0.022874 
991 0.062719 
992 -0.095739 
993 0.121073 
994 -0.132084 
995 0.160693 
996 -0.167415 
997 0.200569 
998 -0.248539 
999 0.184423 
1000 -0.157950 
1001 0.207099 
1002 -0.087002 
1003 0.146470 
1004 0.022476 
1005 -0.017815 
1006 -0.033389 
1007 -0.053447 
1008 0.035348 
1009 -0.079407 
1010 0.004710 
1011 0.038164 
1012 0.050824 
1013 0.037891 
1014 0.092922 
1015 0.016093 
1016 0.029615 
1017 -0.156699 
1018 0.079511 
1019 -0.165218 
1020 0.101958 
1021 -0.139568 
1022 0.136052 
1023 -0.044805 
