0 0.004348 
1 -0.013470 
2 0.014175 
3 -0.017052 
4 0.002249 
5 -0.015076 
6 0.008751 
7 -0.004383 
8 0.002907 
9 0.005995 
10 -0.000950 
11 0.002731 
12 -0.009128 
13 0.004880 
14 0.012943 
15 -0.004123 
16 0.002130 
17 -0.011436 
18 0.018899 
19 -0.024646 
20 -0.018259 
21 -0.033723 
22 0.033272 
23 0.013151 
24 0.019316 
25 0.001204 
26 0.026838 
27 0.001209 
28 -0.026986 
29 -0.022735 
30 -0.000431 
31 0.006910 
32 -0.030085 
33 -0.019642 
34 -0.010442 
35 0.050286 
36 0.000501 
37 0.023692 
38 -0.020027 
39 0.012518 
40 -0.013453 
41 0.011333 
42 -0.000440 
43 0.000776 
44 -0.001393 
45 0.000874 
46 0.013198 
47 -0.016187 
48 0.022695 
49 -0.011370 
50 0.019792 
51 -0.028669 
52 0.003465 
53 -0.014479 
54 0.023173 
55 -0.002624 
56 -0.000366 
57 -0.002720 
58 -0.006380 
59 0.022397 
60 -0.021178 
61 0.018668 
62 -0.022496 
63 0.032087 
64 -0.021555 
65 -0.001712 
66 -0.016403 
67 0.021758 
68 0.006394 
69 -0.010606 
70 0.001451 
71 -0.015515 
72 0.035079 
73 -0.037881 
74 0.028167 
75 -0.017271 
76 0.038672 
77 -0.025780 
78 -0.001549 
79 -0.011259 
80 0.015132 
81 0.001030 
82 -0.012437 
83 0.008261 
84 -0.011210 
85 0.022572 
86 -0.037404 
87 0.020117 
88 -0.008552 
89 0.017096 
90 -0.020360 
91 -0.002646 
92 0.009275 
93 0.004723 
94 0.002912 
95 -0.006703 
96 0.019341 
97 -0.013186 
98 -0.002287 
99 -0.030789 
100 0.021629 
101 0.003160 
102 0.005404 
103 -0.010137 
104 0.003662 
105 0.004653 
106 -0.007077 
107 0.000867 
108 -0.004377 
109 0.023285 
110 -0.022056 
111 0.000818 
112 -0.016149 
113 0.027391 
114 -0.004787 
115 -0.004511 
116 -0.006515 
117 -0.004751 
118 0.008701 
119 -0.009179 
120 0.020404 
121 -0.012862 
122 0.021126 
123 -0.030713 
124 0.013891 
125 -0.017037 
126 0.006248 
127 -0.003795 
128 0.000802 
129 -0.003138 
130 -0.008242 
131 0.013261 
132 0.003696 
133 0.012746 
134 -0.016452 
135 0.010080 
136 -0.017050 
137 0.010930 
138 -0.019076 
139 0.001318 
140 0.001962 
141 0.008758 
142 0.006373 
143 -0.014173 
144 0.007018 
145 -0.001373 
146 0.019641 
147 -0.016803 
148 0.002282 
149 -0.010825 
150 0.018165 
151 -0.014701 
152 -0.003281 
153 -0.002545 
154 0.004911 
155 0.006161 
156 -0.013231 
157 0.002862 
158 0.007207 
159 0.014036 
160 -0.009765 
161 0.002478 
162 -0.004792 
163 0.004190 
164 -0.014207 
165 -0.005838 
166 0.006440 
167 0.003793 
168 0.001739 
169 -0.008995 
170 0.018941 
171 0.013020 
172 0.002552 
173 -0.019199 
174 0.014000 
175 -0.011264 
176 0.003394 
177 -0.021358 
178 0.009388 
179 0.008626 
180 -0.003821 
181 0.001065 
182 -0.002034 
183 0.008714 
184 -0.006562 
185 0.002657 
186 -0.003026 
187 0.009634 
188 -0.012900 
189 -0.001373 
190 0.007483 
191 0.008406 
192 0.006148 
193 -0.009177 
194 0.000053 
195 0.007602 
196 -0.000466 
197 -0.001805 
198 -0.003348 
199 0.005562 
200 0.007011 
201 -0.008998 
202 -0.006924 
203 -0.001844 
204 0.010196 
205 0.010951 
206 0.003407 
207 -0.010451 
208 0.011079 
209 -0.003590 
210 0.006748 
211 -0.009313 
212 -0.004912 
213 0.001121 
214 0.001970 
215 0.000747 
216 0.005771 
217 0.001627 
218 0.009965 
219 0.002263 
220 0.006549 
221 -0.002911 
222 -0.010211 
223 -0.002146 
224 0.004193 
225 0.003236 
226 -0.003855 
227 0.002810 
228 0.000101 
229 0.005517 
230 -0.008060 
231 0.006822 
232 0.005926 
233 0.000445 
234 -0.003989 
235 -0.005962 
236 0.011915 
237 -0.003928 
238 0.006437 
239 -0.012050 
240 0.008957 
241 -0.017732 
242 0.014935 
243 -0.009601 
244 0.018093 
245 -0.004021 
246 0.006146 
247 -0.003334 
248 -0.006481 
249 0.005144 
250 -0.011000 
251 0.015672 
252 -0.015607 
253 0.020794 
254 -0.015532 
255 0.025025 
256 -0.020393 
257 0.018105 
258 -0.003669 
259 0.004153 
260 -0.005372 
261 -0.021438 
262 0.012049 
263 -0.014673 
264 0.023853 
265 -0.032540 
266 0.029420 
267 -0.024484 
268 0.033571 
269 -0.023062 
270 0.024062 
271 -0.008271 
272 0.007518 
273 -0.005883 
274 -0.015791 
275 0.007039 
276 -0.026353 
277 0.025150 
278 -0.023483 
279 0.028928 
280 -0.038941 
281 0.031570 
282 -0.015609 
283 0.031503 
284 -0.024299 
285 0.004185 
286 0.002274 
287 -0.003012 
288 0.008127 
289 -0.034383 
290 0.029759 
291 -0.026011 
292 0.033920 
293 -0.038329 
294 0.031260 
295 -0.018070 
296 0.026952 
297 -0.014058 
298 0.003622 
299 -0.003738 
300 -0.018517 
301 0.014089 
302 -0.020790 
303 0.031083 
304 -0.029130 
305 0.025910 
306 -0.029330 
307 0.031651 
308 -0.027212 
309 0.018795 
310 -0.002210 
311 0.000745 
312 0.004618 
313 -0.025847 
314 0.027392 
315 -0.016843 
316 0.022632 
317 -0.033965 
318 0.026474 
319 -0.027195 
320 0.024335 
321 -0.025709 
322 0.024190 
323 -0.003415 
324 -0.001742 
325 -0.004483 
326 -0.019543 
327 0.016149 
328 -0.010227 
329 0.013652 
330 -0.020057 
331 0.024659 
332 -0.013815 
333 0.020885 
334 -0.027491 
335 0.015024 
336 0.002022 
337 0.004811 
338 -0.014406 
339 -0.006113 
340 0.009501 
341 0.000608 
342 0.006795 
343 -0.016350 
344 0.024159 
345 -0.021739 
346 0.014958 
347 -0.017436 
348 0.023102 
349 -0.010172 
350 0.003036 
351 -0.007278 
352 0.009556 
353 -0.001719 
354 -0.011734 
355 0.009195 
356 -0.004339 
357 0.016609 
358 -0.027229 
359 0.012709 
360 -0.009902 
361 0.018948 
362 -0.020343 
363 0.004812 
364 -0.005000 
365 0.013070 
366 -0.006216 
367 -0.004929 
368 0.018534 
369 -0.005083 
370 0.010954 
371 -0.025702 
372 0.011590 
373 -0.008576 
374 0.008351 
375 -0.015163 
376 0.002194 
377 -0.000911 
378 0.003090 
379 0.002821 
380 0.000547 
381 0.008654 
382 -0.001838 
383 0.000914 
384 -0.010905 
385 0.004805 
386 -0.004170 
387 -0.001217 
388 -0.007567 
389 0.002096 
390 -0.002413 
391 0.003056 
392 -0.008357 
393 0.012687 
394 -0.001488 
395 0.009800 
396 -0.005562 
397 0.009194 
398 -0.006200 
399 -0.010882 
400 -0.002080 
401 0.009615 
402 0.005195 
403 -0.020897 
404 -0.004099 
405 0.006730 
406 0.026957 
407 -0.013115 
408 0.001167 
409 -0.007311 
410 0.019500 
411 -0.020953 
412 -0.004580 
413 -0.012383 
414 0.021476 
415 -0.004566 
416 -0.004475 
417 -0.001720 
418 0.002298 
419 0.010142 
420 -0.008239 
421 0.005348 
422 -0.008596 
423 0.010674 
424 -0.016020 
425 0.011454 
426 -0.011384 
427 0.014212 
428 -0.010897 
429 0.008257 
430 -0.006394 
431 -0.001242 
432 0.002723 
433 -0.003277 
434 0.020571 
435 -0.010318 
436 0.012572 
437 -0.030510 
438 0.019673 
439 -0.018532 
440 0.021481 
441 -0.021034 
442 0.011373 
443 -0.001530 
444 0.003694 
445 0.004058 
446 -0.007514 
447 0.026964 
448 -0.019882 
449 0.009922 
450 -0.032896 
451 0.024213 
452 -0.015454 
453 0.019051 
454 -0.012370 
455 0.008347 
456 0.002226 
457 -0.005372 
458 0.013214 
459 -0.010704 
460 0.018291 
461 -0.022346 
462 0.016468 
463 -0.020351 
464 0.022753 
465 -0.022183 
466 0.014559 
467 -0.013672 
468 0.010441 
469 0.005682 
470 -0.010526 
471 0.007932 
472 -0.009262 
473 0.025101 
474 -0.020527 
475 0.012637 
476 -0.032962 
477 0.019818 
478 -0.010755 
479 0.016867 
480 -0.002018 
481 -0.003767 
482 0.013225 
483 -0.008939 
484 0.019588 
485 -0.024307 
486 0.011061 
487 -0.017950 
488 0.023148 
489 -0.024814 
490 0.012807 
491 -0.012877 
492 0.019326 
493 0.003681 
494 -0.003799 
495 -0.002477 
496 -0.004501 
497 0.018983 
498 -0.011147 
499 0.008393 
500 -0.023511 
501 0.021825 
502 -0.013791 
503 0.007483 
504 -0.008943 
505 0.008782 
506 0.011931 
507 -0.011049 
508 0.002748 
509 -0.014798 
510 0.016390 
511 -0.010405 
512 0.016034 
513 -0.015860 
514 0.004090 
515 -0.008153 
516 0.003134 
517 0.008989 
518 0.001168 
519 0.005473 
520 -0.009366 
521 0.005049 
522 -0.000498 
523 0.008422 
524 -0.003305 
525 0.000669 
526 -0.007038 
527 -0.002660 
528 -0.008701 
529 0.005881 
530 0.002244 
531 0.009319 
532 -0.007391 
533 0.004957 
534 0.000293 
535 -0.003921 
536 -0.003570 
537 -0.000941 
538 0.005886 
539 -0.004061 
540 -0.004846 
541 -0.003350 
542 0.005988 
543 0.005546 
544 -0.000220 
545 0.004224 
546 -0.008316 
547 0.005840 
548 -0.005710 
549 0.004200 
550 0.002000 
551 0.000406 
552 0.002983 
553 -0.011863 
554 -0.002089 
555 -0.002570 
556 0.007367 
557 -0.000820 
558 0.013028 
559 -0.006691 
560 0.003343 
561 -0.016864 
562 0.006610 
563 -0.000973 
564 0.003988 
565 -0.009587 
566 0.001847 
567 -0.000426 
568 0.003509 
569 0.007020 
570 0.000065 
571 0.012887 
572 -0.028083 
573 0.005358 
574 -0.016463 
575 0.019681 
576 -0.010134 
577 0.007286 
578 0.000526 
579 0.013790 
580 -0.001948 
581 -0.015378 
582 0.004288 
583 0.004290 
584 0.015294 
585 -0.023340 
586 -0.007490 
587 -0.007463 
588 0.017193 
589 -0.009764 
590 0.006218 
591 -0.007641 
592 0.021119 
593 -0.014469 
594 -0.000995 
595 0.004491 
596 0.007190 
597 0.007816 
598 -0.018080 
599 0.006595 
600 -0.013802 
601 0.011402 
602 -0.015796 
603 0.016475 
604 -0.003591 
605 0.009922 
606 -0.009717 
607 -0.000854 
608 0.009420 
609 -0.010268 
610 0.009601 
611 -0.017972 
612 0.007581 
613 -0.014315 
614 0.001956 
615 0.002465 
616 0.013909 
617 0.008936 
618 -0.007240 
619 -0.001067 
620 -0.004547 
621 0.007762 
622 -0.009743 
623 -0.001911 
624 -0.003598 
625 0.000605 
626 -0.001575 
627 -0.014034 
628 0.009615 
629 0.004747 
630 0.014702 
631 -0.011438 
632 0.004245 
633 -0.006194 
634 0.014590 
635 -0.004924 
636 -0.000605 
637 -0.005788 
638 -0.011939 
639 0.000196 
640 -0.011100 
641 0.018225 
642 -0.008859 
643 0.017270 
644 -0.005711 
645 0.018628 
646 -0.014565 
647 -0.000124 
648 0.001041 
649 -0.000408 
650 0.004171 
651 -0.027301 
652 0.010593 
653 -0.012082 
654 0.024843 
655 -0.017114 
656 0.017166 
657 -0.012558 
658 0.015687 
659 -0.014264 
660 0.010989 
661 -0.002003 
662 0.005948 
663 -0.006101 
664 -0.013964 
665 0.005467 
666 -0.004955 
667 0.009451 
668 -0.015930 
669 0.012833 
670 0.001828 
671 0.011689 
672 -0.012556 
673 0.001929 
674 0.008323 
675 -0.000905 
676 -0.005245 
677 -0.025161 
678 0.025308 
679 -0.011304 
680 0.023208 
681 -0.030029 
682 0.021635 
683 -0.005547 
684 0.006225 
685 -0.013287 
686 -0.006631 
687 0.006497 
688 -0.003972 
689 0.009194 
690 -0.008701 
691 0.016801 
692 -0.014316 
693 0.013451 
694 -0.002047 
695 0.014432 
696 -0.009783 
697 -0.011748 
698 0.001004 
699 0.001097 
700 0.010848 
701 -0.019792 
702 0.015534 
703 -0.017013 
704 0.016519 
705 -0.027131 
706 0.025307 
707 -0.001922 
708 0.020074 
709 -0.023793 
710 0.000831 
711 -0.004913 
712 0.016440 
713 0.000794 
714 -0.020940 
715 0.014404 
716 -0.019321 
717 0.029099 
718 -0.023900 
719 0.024028 
720 -0.005760 
721 0.015266 
722 -0.021057 
723 0.003545 
724 -0.009472 
725 0.016355 
726 -0.005265 
727 -0.003662 
728 0.000089 
729 -0.016525 
730 0.025772 
731 -0.013637 
732 0.030503 
733 -0.029197 
734 0.026661 
735 -0.026244 
736 0.024235 
737 -0.030714 
738 0.015925 
739 -0.002377 
740 0.008698 
741 0.004663 
742 -0.014428 
743 0.022741 
744 -0.014980 
745 0.029087 
746 -0.031458 
747 0.022191 
748 -0.024907 
749 0.026242 
750 -0.024094 
751 0.009553 
752 -0.004074 
753 0.015516 
754 -0.003713 
755 -0.004889 
756 0.001471 
757 0.008878 
758 0.014652 
759 -0.014208 
760 0.010120 
761 -0.011925 
762 0.011129 
763 -0.028725 
764 0.002534 
765 0.002292 
766 0.015085 
767 0.006409 
768 -0.009522 
769 0.004779 
770 0.002237 
771 0.009482 
772 -0.005771 
773 -0.002089 
774 -0.005635 
775 -0.004393 
776 0.000920 
777 0.002161 
778 0.016759 
779 -0.004183 
780 0.010087 
781 -0.019855 
782 0.001709 
783 -0.009468 
784 0.004143 
785 0.008915 
786 -0.005843 
787 0.000912 
788 -0.007776 
789 0.010745 
790 0.002744 
791 0.001793 
792 -0.004176 
793 0.005651 
794 0.004663 
795 -0.001759 
796 -0.005661 
797 -0.015228 
798 0.011946 
799 -0.015040 
800 0.009335 
801 -0.032253 
802 0.026519 
803 -0.009747 
804 0.027847 
805 -0.017744 
806 0.019665 
807 -0.006526 
808 0.001644 
809 -0.014077 
810 -0.005657 
811 0.006070 
812 -0.015245 
813 0.009152 
814 -0.014990 
815 0.016072 
816 -0.019436 
817 0.018246 
818 -0.010125 
819 0.014409 
820 -0.011910 
821 0.005330 
822 0.005071 
823 -0.000709 
824 -0.012610 
825 -0.006675 
826 -0.004491 
827 0.001883 
828 -0.020726 
829 -0.000788 
830 0.007052 
831 0.013841 
832 -0.000497 
833 -0.013108 
834 0.001134 
835 0.019231 
836 -0.004793 
837 -0.008960 
838 -0.018613 
839 0.010627 
840 0.002298 
841 -0.010060 
842 -0.007566 
843 0.005983 
844 0.016324 
845 -0.014125 
846 -0.007583 
847 -0.014891 
848 0.024476 
849 -0.020257 
850 0.006785 
851 -0.021906 
852 0.018980 
853 -0.006906 
854 -0.003188 
855 0.001917 
856 0.002306 
857 0.015274 
858 -0.026285 
859 0.011688 
860 -0.018730 
861 0.021520 
862 -0.027905 
863 0.010316 
864 -0.012794 
865 0.007056 
866 -0.008743 
867 0.000070 
868 0.014220 
869 0.000652 
870 0.010088 
871 -0.021438 
872 0.029083 
873 -0.031876 
874 0.021032 
875 -0.041891 
876 0.019268 
877 -0.017732 
878 0.014065 
879 -0.010367 
880 0.002438 
881 0.011136 
882 0.007037 
883 0.009773 
884 -0.014125 
885 0.007699 
886 -0.017320 
887 0.003966 
888 -0.018004 
889 0.005582 
890 0.010329 
891 0.003301 
892 0.000027 
893 -0.005103 
894 0.005551 
895 0.003587 
896 0.007352 
897 -0.005418 
898 0.009636 
899 -0.010172 
900 0.017836 
901 -0.023433 
902 0.018489 
903 -0.022488 
904 0.028622 
905 -0.022593 
906 0.009925 
907 -0.016103 
908 0.019940 
909 0.017212 
910 0.002016 
911 -0.005181 
912 -0.017573 
913 0.016354 
914 -0.008572 
915 0.013557 
916 -0.025196 
917 0.030583 
918 -0.019806 
919 0.014692 
920 -0.023850 
921 0.033261 
922 0.012166 
923 -0.006060 
924 -0.016284 
925 -0.008950 
926 0.034155 
927 -0.008501 
928 0.002117 
929 -0.027986 
930 0.029734 
931 -0.003490 
932 0.005478 
933 -0.019648 
934 0.007485 
935 0.017178 
936 -0.013400 
937 0.011023 
938 -0.028411 
939 0.042166 
940 -0.017121 
941 0.011001 
942 -0.015475 
943 0.007814 
944 0.013903 
945 -0.014563 
946 0.004906 
947 -0.020477 
948 0.021738 
949 -0.026179 
950 0.030232 
951 -0.025496 
952 0.041681 
953 -0.030897 
954 0.025227 
955 -0.005106 
956 0.021597 
957 -0.008653 
958 -0.017872 
959 0.002942 
960 -0.007548 
961 0.020746 
962 -0.025908 
963 0.024212 
964 -0.014483 
965 0.023171 
966 -0.018921 
967 0.015772 
968 0.007240 
969 0.004901 
970 -0.006607 
971 -0.015981 
972 0.006660 
973 -0.023687 
974 0.012918 
975 -0.026846 
976 0.042679 
977 -0.009387 
978 0.017058 
979 -0.010125 
980 0.005232 
981 0.018115 
982 -0.009278 
983 -0.003807 
984 -0.031075 
985 0.000627 
986 -0.006746 
987 0.007641 
988 -0.007817 
989 0.016218 
990 -0.007291 
991 0.009462 
992 -0.002256 
993 0.004847 
994 0.011383 
995 0.000858 
996 0.003774 
997 -0.007405 
998 -0.009342 
999 -0.007810 
1000 -0.001004 
1001 -0.005288 
1002 -0.015215 
1003 -0.001062 
1004 0.013049 
1005 0.021027 
1006 -0.016244 
1007 0.012104 
1008 -0.003819 
1009 0.025196 
1010 -0.022528 
1011 -0.006154 
1012 -0.009615 
1013 0.014653 
1014 -0.017061 
1015 0.001957 
1016 -0.000509 
1017 0.009801 
1018 -0.003485 
1019 -0.018097 
1020 0.019523 
1021 0.001271 
1022 0.025052 
1023 -0.023726 
