0 0.069317 
1 0.029092 
2 -0.007999 
3 -0.080124 
4 0.080215 
5 -0.034216 
6 0.025277 
7 0.009105 
8 0.133829 
9 0.039393 
10 -0.045544 
11 -0.012470 
12 0.066447 
13 0.040665 
14 0.022509 
15 -0.066221 
16 0.081484 
17 -0.059229 
18 0.062086 
19 -0.056041 
20 0.208708 
21 -0.067342 
22 0.098664 
23 -0.084483 
24 0.084698 
25 -0.004351 
26 0.099780 
27 -0.007061 
28 -0.004202 
29 -0.057203 
30 0.005295 
31 0.083700 
32 -0.034675 
33 0.009686 
34 0.016373 
35 0.082482 
36 0.052089 
37 0.000300 
38 0.025403 
39 0.024874 
40 0.014397 
41 -0.029067 
42 0.019895 
43 0.058456 
44 0.027119 
45 -0.028735 
46 0.002415 
47 0.085787 
48 0.024629 
49 0.024211 
50 -0.056530 
51 0.006649 
52 -0.082179 
53 0.081947 
54 0.032384 
55 0.119396 
56 0.006207 
57 0.033691 
58 0.060204 
59 -0.016562 
60 0.084104 
61 -0.025919 
62 0.076938 
63 -0.109535 
64 -0.002540 
65 -0.056423 
66 0.070376 
67 0.061776 
68 -0.013734 
69 0.044141 
70 0.030674 
71 0.140859 
72 0.033467 
73 0.037238 
74 -0.048219 
75 -0.015966 
76 -0.000236 
77 -0.084874 
78 0.055270 
79 -0.014778 
80 0.057023 
81 -0.048768 
82 0.028723 
83 0.089666 
84 0.125791 
85 0.042005 
86 0.007427 
87 -0.000565 
88 -0.012808 
89 0.007259 
90 0.007298 
91 0.031075 
92 -0.053169 
93 -0.011177 
94 0.060842 
95 0.048941 
96 0.034090 
97 0.117966 
98 0.015563 
99 0.057994 
100 -0.079956 
101 0.094610 
102 0.001525 
103 0.074005 
104 -0.106171 
105 0.042468 
106 0.002393 
107 0.098727 
108 0.015758 
109 0.025366 
110 -0.013374 
111 0.029024 
112 0.023062 
113 0.058272 
114 0.076698 
115 -0.003535 
116 0.052757 
117 -0.039643 
118 0.041923 
119 -0.040964 
120 0.062709 
121 0.028928 
122 0.018361 
123 -0.006259 
124 0.002534 
125 0.126421 
126 0.065072 
127 0.040619 
128 -0.040982 
129 0.015724 
130 0.090486 
131 -0.046491 
132 0.079381 
133 0.013435 
134 0.079473 
135 -0.029573 
136 0.000478 
137 0.012099 
138 -0.009813 
139 0.024580 
140 -0.038187 
141 0.171925 
142 0.012273 
143 0.130455 
144 0.084315 
145 0.087141 
146 -0.044437 
147 -0.073096 
148 0.050480 
149 -0.018026 
150 -0.125836 
151 -0.156631 
152 0.055949 
153 0.084572 
154 0.145124 
155 0.143304 
156 0.265950 
157 -0.020258 
158 -0.045176 
159 -0.151405 
160 0.084690 
161 -0.047007 
162 0.021212 
163 -0.146019 
164 0.007883 
165 0.072784 
166 0.147857 
167 0.162192 
168 0.051635 
169 0.031974 
170 -0.065431 
171 0.132539 
172 0.021478 
173 0.062709 
174 -0.084631 
175 0.061951 
176 0.072281 
177 0.071328 
178 -0.042998 
179 0.045739 
180 0.043285 
181 0.004550 
182 0.095667 
183 -0.024852 
184 0.159645 
185 -0.061335 
186 0.138795 
187 -0.042087 
188 0.089351 
189 -0.053986 
190 0.085067 
191 0.067620 
192 0.002343 
193 -0.009518 
194 0.016060 
195 0.091867 
196 0.008803 
197 0.009608 
198 0.073156 
199 0.077885 
200 0.064133 
201 -0.035283 
202 0.108492 
203 0.022853 
204 0.061902 
205 -0.022355 
206 0.049816 
207 0.005206 
208 0.049292 
209 0.035374 
210 0.057947 
211 0.059502 
212 0.017550 
213 0.097156 
214 0.028368 
215 0.072977 
216 -0.037646 
217 0.084628 
218 -0.037797 
219 0.090640 
220 -0.040113 
221 0.115807 
222 -0.016858 
223 0.043156 
224 0.001358 
225 0.039259 
226 0.106524 
227 0.004828 
228 0.042759 
229 -0.023780 
230 0.107462 
231 0.063531 
232 0.029085 
233 0.036244 
234 -0.044873 
235 0.057286 
236 -0.107530 
237 0.133856 
238 0.015165 
239 0.078430 
240 -0.009069 
241 0.016311 
242 0.133620 
243 0.063680 
244 0.090484 
245 -0.015338 
246 0.032508 
247 -0.016726 
248 0.028868 
249 0.040580 
250 0.086271 
251 0.048154 
252 -0.027497 
253 0.025908 
254 0.066909 
255 0.082109 
256 0.010843 
257 0.025140 
258 0.005615 
259 0.042348 
260 0.056065 
261 0.087268 
262 0.076276 
263 -0.026802 
264 0.029261 
265 0.001851 
266 0.072549 
267 0.022988 
268 0.039134 
269 0.029169 
270 -0.006901 
271 0.080484 
272 0.090160 
273 0.126296 
274 -0.032561 
275 0.053739 
276 0.016511 
277 0.154877 
278 -0.048399 
279 0.039504 
280 -0.059098 
281 0.109378 
282 -0.042685 
283 0.075547 
284 0.029057 
285 0.117955 
286 0.022428 
287 0.059718 
288 0.036379 
289 0.104894 
290 0.070127 
291 0.098353 
292 -0.006234 
293 -0.020352 
294 -0.003334 
295 0.094183 
296 0.024537 
297 -0.016630 
298 -0.022116 
299 0.109518 
300 0.067417 
301 0.113592 
302 -0.049232 
303 0.120743 
304 0.011338 
305 0.086057 
306 -0.031108 
307 0.040202 
308 0.052711 
309 -0.040315 
310 0.022660 
311 -0.031929 
312 0.139353 
313 -0.013455 
314 0.095091 
315 -0.018988 
316 0.097775 
317 0.041058 
318 0.058023 
319 0.029252 
320 0.013344 
321 0.063062 
322 0.005070 
323 0.094187 
324 -0.051616 
325 0.043865 
326 -0.048240 
327 0.093603 
328 0.017124 
329 0.045170 
330 0.053111 
331 0.063530 
332 0.091880 
333 0.015364 
334 0.111405 
335 0.048532 
336 0.047091 
337 -0.069133 
338 -0.021953 
339 0.038141 
340 0.006775 
341 0.045303 
342 -0.043547 
343 0.128313 
344 0.006825 
345 0.151041 
346 0.032518 
347 0.118320 
348 -0.023694 
349 -0.011900 
350 0.035551 
351 -0.023075 
352 0.083674 
353 -0.077127 
354 0.119488 
355 -0.025279 
356 0.137466 
357 0.020615 
358 0.130739 
359 0.048163 
360 -0.001815 
361 0.034608 
362 0.038450 
363 0.012497 
364 0.019448 
365 -0.019550 
366 0.063434 
367 -0.003371 
368 0.030630 
369 0.046989 
370 0.070173 
371 0.043362 
372 0.014232 
373 0.085935 
374 0.043381 
375 0.095756 
376 0.000969 
377 0.030430 
378 -0.011164 
379 -0.021219 
380 0.007312 
381 0.013230 
382 0.069520 
383 0.049277 
384 0.007892 
385 0.037963 
386 0.090331 
387 0.093230 
388 0.043388 
389 -0.047185 
390 0.024708 
391 -0.000276 
392 0.046982 
393 -0.006981 
394 0.063908 
395 -0.044153 
396 0.075011 
397 -0.000355 
398 0.082883 
399 0.016908 
400 0.082361 
401 0.019631 
402 0.002436 
403 -0.024081 
404 0.044325 
405 0.084663 
406 0.088667 
407 -0.042939 
408 -0.023023 
409 0.060778 
410 0.143297 
411 -0.032106 
412 -0.042484 
413 -0.061566 
414 0.107338 
415 0.045991 
416 0.029932 
417 0.040448 
418 0.067294 
419 0.078879 
420 0.013931 
421 0.017626 
422 0.042441 
423 0.034654 
424 -0.030810 
425 -0.055119 
426 -0.049273 
427 0.026602 
428 0.102156 
429 0.083333 
430 -0.002831 
431 -0.017612 
432 0.128394 
433 0.125911 
434 0.020189 
435 -0.022645 
436 0.038644 
437 0.041769 
438 -0.018385 
439 -0.029456 
440 0.042795 
441 0.037117 
442 0.008290 
443 -0.037366 
444 0.065217 
445 0.067265 
446 0.084413 
447 0.047469 
448 0.044437 
449 0.037637 
450 -0.012353 
451 0.081125 
452 -0.021831 
453 -0.047271 
454 -0.038402 
455 0.017194 
456 0.085454 
457 0.028520 
458 0.124757 
459 0.031149 
460 0.079976 
461 -0.001968 
462 0.060246 
463 0.035385 
464 -0.009563 
465 -0.024323 
466 -0.094776 
467 0.072209 
468 0.002129 
469 0.128998 
470 -0.031201 
471 0.111649 
472 -0.011044 
473 0.061542 
474 -0.011453 
475 0.055061 
476 0.042175 
477 -0.005267 
478 0.027996 
479 -0.050085 
480 0.069674 
481 -0.002035 
482 0.056340 
483 0.020834 
484 0.024767 
485 0.043733 
486 0.034414 
487 0.114896 
488 0.005420 
489 0.025199 
490 -0.031540 
491 0.071797 
492 0.008739 
493 0.007954 
494 -0.002465 
495 0.038048 
496 0.036967 
497 -0.001333 
498 0.081674 
499 0.083813 
500 0.065135 
501 0.000120 
502 0.050225 
503 0.018179 
504 0.017889 
505 -0.014252 
506 0.038157 
507 -0.012394 
508 -0.034627 
509 0.007217 
510 0.085221 
511 0.101198 
512 0.012331 
513 0.006149 
514 0.060681 
515 0.107055 
516 0.002972 
517 0.026751 
518 0.014603 
519 0.013074 
520 -0.029367 
521 0.010858 
522 0.110765 
523 0.073689 
524 0.015533 
525 0.058213 
526 0.029978 
527 0.089120 
528 -0.005790 
529 0.113800 
530 -0.044263 
531 0.026838 
532 -0.074314 
533 0.078979 
534 0.037552 
535 0.019050 
536 0.032620 
537 0.035339 
538 0.048798 
539 0.019850 
540 0.073142 
541 0.122275 
542 0.025718 
543 -0.036296 
544 0.010407 
545 0.052921 
546 0.065345 
547 -0.039192 
548 -0.004878 
549 0.009804 
550 0.057246 
551 0.036847 
552 0.098773 
553 0.071834 
554 0.032369 
555 0.007588 
556 0.011921 
557 0.079265 
558 0.003448 
559 -0.001038 
560 0.027200 
561 -0.019092 
562 0.097151 
563 0.058950 
564 0.154740 
565 0.003546 
566 0.039633 
567 -0.034864 
568 0.060661 
569 0.027923 
570 0.054849 
571 0.031426 
572 -0.014949 
573 0.053728 
574 0.017849 
575 0.133854 
576 0.061779 
577 0.057164 
578 -0.001992 
579 -0.003786 
580 0.034152 
581 0.065542 
582 0.058032 
583 0.012758 
584 0.024657 
585 -0.003606 
586 0.104589 
587 0.013600 
588 0.107059 
589 -0.010359 
590 0.061264 
591 -0.053581 
592 0.121911 
593 0.070271 
594 0.091126 
595 -0.056345 
596 -0.001082 
597 0.062433 
598 0.078684 
599 0.056313 
600 0.027817 
601 0.018230 
602 0.074214 
603 0.025953 
604 0.117255 
605 0.025815 
606 0.059671 
607 0.039706 
608 0.014349 
609 -0.006311 
610 0.053083 
611 0.085975 
612 0.075276 
613 -0.008755 
614 -0.018641 
615 0.111152 
616 0.062244 
617 0.060934 
618 -0.071387 
619 0.069701 
620 0.008058 
621 0.117567 
622 -0.041028 
623 0.102426 
624 0.027137 
625 0.106440 
626 0.036532 
627 0.014023 
628 0.035435 
629 0.042379 
630 0.100924 
631 -0.015714 
632 -0.034753 
633 0.032857 
634 0.126296 
635 0.058580 
636 -0.016091 
637 0.023498 
638 0.124458 
639 0.100133 
640 0.001195 
641 -0.019684 
642 0.086251 
643 0.077886 
644 0.052014 
645 -0.041637 
646 0.054248 
647 0.051169 
648 0.062403 
649 0.029911 
650 0.026922 
651 0.046186 
652 0.040213 
653 0.100001 
654 0.047348 
655 0.066739 
656 0.043427 
657 0.049474 
658 0.001652 
659 0.012196 
660 0.084639 
661 0.024196 
662 -0.017033 
663 0.013837 
664 0.050792 
665 0.167225 
666 0.024110 
667 0.091895 
668 0.037724 
669 0.110148 
670 0.023573 
671 0.018864 
672 -0.018382 
673 0.078454 
674 0.035594 
675 -0.002833 
676 -0.006712 
677 0.082521 
678 0.116074 
679 0.079253 
680 -0.026030 
681 0.059727 
682 0.071257 
683 0.118603 
684 0.003801 
685 0.048404 
686 0.048524 
687 0.063928 
688 0.048620 
689 0.035317 
690 0.038757 
691 0.010174 
692 0.069383 
693 0.036272 
694 0.047962 
695 0.022387 
696 0.063782 
697 0.112267 
698 -0.027100 
699 0.023545 
700 -0.002476 
701 0.155492 
702 0.002033 
703 -0.001443 
704 -0.020447 
705 0.132327 
706 0.096676 
707 0.046368 
708 0.024796 
709 0.077679 
710 -0.003069 
711 0.028087 
712 0.005805 
713 0.099545 
714 -0.005216 
715 0.065600 
716 0.029079 
717 0.110349 
718 0.021355 
719 0.079771 
720 0.027253 
721 0.068194 
722 -0.003595 
723 0.028451 
724 0.039742 
725 0.019720 
726 0.031315 
727 0.008656 
728 0.086380 
729 0.110934 
730 0.045077 
731 0.075389 
732 0.039157 
733 0.056059 
734 -0.009164 
735 0.058130 
736 0.055139 
737 0.044006 
738 0.001831 
739 -0.001812 
740 0.056821 
741 0.033983 
742 0.070560 
743 0.084211 
744 0.035724 
745 0.041475 
746 0.007813 
747 0.141501 
748 0.111407 
749 0.019415 
750 -0.008031 
751 -0.042173 
752 0.113545 
753 0.025474 
754 0.056249 
755 -0.021920 
756 0.049113 
757 0.060172 
758 0.057718 
759 0.110469 
760 0.026122 
761 0.094241 
762 -0.023068 
763 0.078691 
764 0.026491 
765 0.006849 
766 0.047544 
767 0.020808 
768 0.077946 
769 -0.011030 
770 0.092301 
771 0.066967 
772 0.095243 
773 -0.026532 
774 0.028267 
775 0.029225 
776 0.119238 
777 0.039053 
778 0.004301 
779 0.018621 
780 0.031375 
781 0.025821 
782 0.063396 
783 0.024850 
784 0.052510 
785 0.018554 
786 -0.015680 
787 0.068893 
788 0.038964 
789 0.132130 
790 0.003289 
791 0.020671 
792 0.001152 
793 0.068951 
794 0.117192 
795 0.017414 
796 0.022611 
797 -0.025765 
798 0.091174 
799 0.075593 
800 0.008834 
801 -0.003082 
802 -0.037725 
803 0.084023 
804 -0.024734 
805 0.108468 
806 -0.017634 
807 0.120923 
808 0.040549 
809 0.056015 
810 0.021678 
811 0.039775 
812 0.023015 
813 0.002097 
814 0.029568 
815 0.033307 
816 0.033567 
817 0.009196 
818 0.038402 
819 0.028673 
820 0.065219 
821 0.042871 
822 0.046983 
823 0.008205 
824 0.042425 
825 0.028936 
826 0.065282 
827 0.036867 
828 0.012932 
829 -0.006936 
830 0.081436 
831 0.053305 
832 -0.001580 
833 -0.045760 
834 0.030234 
835 0.074943 
836 0.045957 
837 0.059005 
838 0.028960 
839 0.057251 
840 0.086248 
841 -0.010522 
842 0.034886 
843 -0.040255 
844 0.088375 
845 -0.030898 
846 -0.018266 
847 -0.046569 
848 0.080453 
849 0.088650 
850 0.089621 
851 -0.025297 
852 -0.000763 
853 0.098817 
854 0.054445 
855 0.039512 
856 -0.049867 
857 -0.034963 
858 -0.002350 
859 -0.020092 
860 0.055433 
861 0.067972 
862 0.082599 
863 -0.012878 
864 -0.002541 
865 -0.018777 
866 0.073994 
867 0.065658 
868 -0.054321 
869 -0.052431 
870 -0.060677 
871 0.083057 
872 0.059998 
873 -0.011255 
874 0.041321 
875 0.021966 
876 0.063962 
877 -0.014133 
878 0.009718 
879 0.024720 
880 0.032541 
881 0.004844 
882 -0.074090 
883 0.038886 
884 0.004348 
885 0.080242 
886 -0.080456 
887 0.005834 
888 -0.055821 
889 0.059776 
890 0.052220 
891 0.051091 
892 -0.043757 
893 -0.004402 
894 -0.002546 
895 0.070522 
896 -0.036233 
897 -0.011781 
898 -0.032419 
899 -0.042886 
900 -0.011718 
901 0.015812 
902 0.039892 
903 0.012067 
904 0.021237 
905 -0.029535 
906 -0.036197 
907 0.057933 
908 0.042916 
909 0.014118 
910 -0.082821 
911 -0.021965 
912 0.007657 
913 0.045134 
914 0.006407 
915 -0.038437 
916 0.056981 
917 -0.047288 
918 0.026210 
919 -0.086662 
920 0.110289 
921 -0.077861 
922 0.010913 
923 -0.075016 
924 0.103255 
925 -0.009832 
926 0.016010 
927 0.001530 
928 -0.017770 
929 -0.022007 
930 -0.046415 
931 0.003588 
932 -0.054894 
933 -0.048796 
934 -0.032341 
935 0.040798 
936 0.024585 
937 0.020013 
938 0.065941 
939 0.052884 
940 -0.018421 
941 -0.063003 
942 -0.006024 
943 0.015443 
944 -0.081626 
945 -0.108868 
946 0.009890 
947 -0.049421 
948 0.038153 
949 -0.020581 
950 0.062218 
951 -0.004335 
952 0.016597 
953 0.059228 
954 0.045310 
955 -0.001539 
956 -0.062470 
957 -0.034779 
958 -0.011414 
959 -0.027805 
960 -0.085531 
961 -0.002301 
962 0.032418 
963 0.057510 
964 -0.014808 
965 0.080911 
966 0.031951 
967 0.064352 
968 -0.055452 
969 -0.035165 
970 -0.081857 
971 -0.043985 
972 0.019286 
973 -0.054916 
974 0.012378 
975 -0.059386 
976 0.071004 
977 0.032879 
978 0.040858 
979 -0.025916 
980 0.027112 
981 0.009908 
982 -0.001088 
983 -0.081736 
984 0.002034 
985 0.023694 
986 0.065838 
987 -0.103699 
988 0.027979 
989 -0.037808 
990 0.113007 
991 -0.068516 
992 0.053379 
993 -0.033315 
994 0.114838 
995 -0.040479 
996 0.028933 
997 -0.068580 
998 0.060048 
999 -0.050286 
1000 0.036193 
1001 -0.056773 
1002 0.028875 
1003 -0.010467 
1004 0.080503 
1005 -0.020355 
1006 0.035819 
1007 0.006765 
1008 0.073932 
1009 0.055826 
1010 -0.066559 
1011 -0.061901 
1012 -0.007730 
1013 0.021079 
1014 0.001845 
1015 -0.039734 
1016 0.071660 
1017 0.015271 
1018 0.041604 
1019 -0.016462 
1020 0.147537 
1021 0.014407 
1022 -0.001936 
1023 -0.073009 
