0 0.000150 
1 0.000243 
2 0.000084 
3 -0.000078 
4 -0.000025 
5 0.000103 
6 0.000087 
7 0.000031 
8 0.000096 
9 0.000202 
10 0.000206 
11 0.000181 
12 0.000224 
13 0.000284 
14 0.000312 
15 0.000281 
16 0.000165 
17 0.000012 
18 0.000039 
19 0.000300 
20 0.000505 
21 0.000418 
22 0.000258 
23 0.000245 
24 0.000259 
25 0.000144 
26 -0.000021 
27 -0.000049 
28 0.000117 
29 0.000330 
30 0.000421 
31 0.000351 
32 0.000228 
33 0.000173 
34 0.000154 
35 0.000177 
36 0.000261 
37 0.000329 
38 0.000333 
39 0.000268 
40 0.000209 
41 0.000197 
42 0.000196 
43 0.000160 
44 0.000127 
45 0.000163 
46 0.000215 
47 0.000247 
48 0.000274 
49 0.000288 
50 0.000254 
51 0.000219 
52 0.000303 
53 0.000384 
54 0.000284 
55 0.000115 
56 0.000083 
57 0.000132 
58 0.000064 
59 -0.000132 
60 -0.000181 
61 -0.000098 
62 -0.000161 
63 -0.000277 
64 -0.000163 
65 0.000125 
66 0.000212 
67 0.000054 
68 -0.000086 
69 -0.000104 
70 -0.000206 
71 -0.000449 
72 -0.000561 
73 -0.000259 
74 0.000193 
75 0.000269 
76 -0.000054 
77 -0.000321 
78 -0.000284 
79 -0.000078 
80 0.000079 
81 0.000170 
82 0.000391 
83 0.000722 
84 0.000812 
85 0.000492 
86 0.000068 
87 -0.000160 
88 -0.000290 
89 -0.000521 
90 -0.000643 
91 -0.000378 
92 0.000178 
93 0.000592 
94 0.000739 
95 0.000734 
96 0.000618 
97 0.000235 
98 -0.000330 
99 -0.000772 
100 -0.000964 
101 -0.000995 
102 -0.000704 
103 -0.000019 
104 0.000734 
105 0.001027 
106 0.000857 
107 0.000614 
108 0.000344 
109 -0.000063 
110 -0.000487 
111 -0.000561 
112 -0.000091 
113 0.000562 
114 0.000912 
115 0.000892 
116 0.000769 
117 0.000658 
118 0.000514 
119 0.000195 
120 -0.000036 
121 0.000174 
122 0.000622 
123 0.000772 
124 0.000690 
125 0.000739 
126 0.000761 
127 0.000570 
128 0.000354 
129 0.000271 
130 0.000183 
131 0.000162 
132 0.000385 
133 0.000737 
134 0.000859 
135 0.000433 
136 -0.000067 
137 0.000012 
138 0.000292 
139 -0.000173 
140 -0.000937 
141 -0.000878 
142 -0.000271 
143 -0.000091 
144 -0.000133 
145 0.000278 
146 0.000991 
147 0.001232 
148 0.000778 
149 0.000055 
150 -0.000571 
151 -0.001138 
152 -0.001756 
153 -0.001951 
154 -0.001488 
155 -0.000748 
156 0.000011 
157 0.000685 
158 0.000924 
159 0.000697 
160 0.000636 
161 0.000672 
162 0.000190 
163 -0.000549 
164 -0.000783 
165 -0.000596 
166 -0.000511 
167 -0.000572 
168 -0.000537 
169 -0.000158 
170 0.000389 
171 0.000966 
172 0.001333 
173 0.001310 
174 0.000848 
175 0.000608 
176 0.000744 
177 0.000574 
178 -0.000046 
179 -0.000301 
180 0.000093 
181 0.000280 
182 0.000032 
183 0.000012 
184 0.000426 
185 0.000642 
186 0.000288 
187 -0.000103 
188 0.000059 
189 0.000292 
190 -0.000064 
191 -0.000181 
192 0.000864 
193 0.002078 
194 0.001876 
195 0.000949 
196 0.000810 
197 0.000943 
198 0.000217 
199 -0.000937 
200 -0.001005 
201 0.000178 
202 0.001346 
203 0.001783 
204 0.001975 
205 0.002328 
206 0.002340 
207 0.001299 
208 -0.000096 
209 -0.000448 
210 -0.000023 
211 0.000153 
212 0.000329 
213 0.001202 
214 0.001798 
215 0.000905 
216 -0.000484 
217 -0.001281 
218 -0.001545 
219 -0.001977 
220 -0.002176 
221 -0.001543 
222 -0.000552 
223 -0.000059 
224 -0.000270 
225 -0.000710 
226 -0.001240 
227 -0.002029 
228 -0.002887 
229 -0.003424 
230 -0.003232 
231 -0.002296 
232 -0.001319 
233 -0.000986 
234 -0.001149 
235 -0.001065 
236 -0.000805 
237 -0.000917 
238 -0.001342 
239 -0.001744 
240 -0.002189 
241 -0.002703 
242 -0.002439 
243 -0.001264 
244 -0.000548 
245 -0.000985 
246 -0.001357 
247 -0.001126 
248 -0.001116 
249 -0.001849 
250 -0.002678 
251 -0.002495 
252 -0.002047 
253 -0.002371 
254 -0.002975 
255 -0.002625 
256 -0.001884 
257 -0.002146 
258 -0.002797 
259 -0.002605 
260 -0.002592 
261 -0.003326 
262 -0.003272 
263 -0.002482 
264 -0.002587 
265 -0.003415 
266 -0.003180 
267 -0.002132 
268 -0.001769 
269 -0.001964 
270 -0.001952 
271 -0.001916 
272 -0.002163 
273 -0.002342 
274 -0.001457 
275 -0.000085 
276 0.000301 
277 -0.000368 
278 -0.000852 
279 -0.000759 
280 -0.000513 
281 -0.000703 
282 -0.000951 
283 -0.000490 
284 0.000567 
285 0.001298 
286 0.001212 
287 0.000274 
288 -0.000670 
289 -0.000630 
290 0.000143 
291 0.000133 
292 -0.000513 
293 -0.000449 
294 -0.000062 
295 -0.000450 
296 -0.001173 
297 -0.001776 
298 -0.002357 
299 -0.002192 
300 -0.001159 
301 -0.000116 
302 0.000146 
303 -0.000055 
304 -0.000086 
305 -0.000275 
306 -0.001356 
307 -0.002514 
308 -0.002783 
309 -0.002456 
310 -0.002475 
311 -0.002632 
312 -0.001965 
313 -0.000565 
314 0.000312 
315 0.000574 
316 0.000656 
317 0.000490 
318 -0.000120 
319 -0.000876 
320 -0.001558 
321 -0.002532 
322 -0.003016 
323 -0.001966 
324 -0.000507 
325 -0.000197 
326 -0.000087 
327 0.000831 
328 0.001340 
329 0.000531 
330 -0.000507 
331 -0.000370 
332 0.001021 
333 0.002354 
334 0.002262 
335 0.001131 
336 0.000405 
337 0.000386 
338 -0.000060 
339 -0.001326 
340 -0.002591 
341 -0.002583 
342 -0.000948 
343 0.001220 
344 0.001957 
345 0.001648 
346 0.001818 
347 0.002602 
348 0.003122 
349 0.003026 
350 0.002407 
351 0.001273 
352 0.000859 
353 0.001988 
354 0.003076 
355 0.003020 
356 0.002955 
357 0.003827 
358 0.004438 
359 0.004290 
360 0.004081 
361 0.004180 
362 0.004399 
363 0.004417 
364 0.004454 
365 0.004959 
366 0.005398 
367 0.005041 
368 0.004745 
369 0.004739 
370 0.003772 
371 0.002473 
372 0.002351 
373 0.002778 
374 0.002789 
375 0.003014 
376 0.003779 
377 0.004167 
378 0.003825 
379 0.003357 
380 0.002622 
381 0.001308 
382 0.000132 
383 0.000367 
384 0.001319 
385 0.001320 
386 0.001152 
387 0.002839 
388 0.004665 
389 0.003354 
390 0.000329 
391 -0.000146 
392 0.001517 
393 0.001849 
394 0.000602 
395 0.000286 
396 0.001451 
397 0.002485 
398 0.002161 
399 0.000576 
400 -0.000447 
401 -0.000060 
402 0.000426 
403 -0.000510 
404 -0.002540 
405 -0.003542 
406 -0.002403 
407 -0.000479 
408 0.000824 
409 0.002030 
410 0.003650 
411 0.003795 
412 0.000741 
413 -0.003201 
414 -0.004113 
415 -0.003839 
416 -0.005271 
417 -0.006080 
418 -0.002932 
419 0.001572 
420 0.001748 
421 -0.001803 
422 -0.004102 
423 -0.003838 
424 -0.003628 
425 -0.003493 
426 -0.001497 
427 0.001558 
428 0.002284 
429 0.000184 
430 -0.001728 
431 -0.002570 
432 -0.003705 
433 -0.004813 
434 -0.003272 
435 0.000810 
436 0.003867 
437 0.003643 
438 0.002853 
439 0.003004 
440 0.002310 
441 0.000136 
442 -0.001939 
443 -0.002503 
444 -0.001527 
445 -0.000204 
446 0.000420 
447 0.000530 
448 0.000885 
449 0.002230 
450 0.003584 
451 0.002694 
452 0.000225 
453 -0.001528 
454 -0.002406 
455 -0.003553 
456 -0.004688 
457 -0.004185 
458 -0.001754 
459 0.001370 
460 0.003067 
461 0.003201 
462 0.002224 
463 -0.000096 
464 -0.002210 
465 -0.002774 
466 -0.002637 
467 -0.002946 
468 -0.002476 
469 0.000045 
470 0.001826 
471 0.001201 
472 0.000031 
473 -0.000445 
474 -0.000862 
475 -0.001688 
476 -0.002356 
477 -0.002024 
478 -0.001323 
479 -0.001485 
480 -0.001709 
481 -0.001108 
482 -0.000804 
483 -0.001410 
484 -0.000792 
485 0.000435 
486 -0.000368 
487 -0.002402 
488 -0.002368 
489 -0.000515 
490 0.000005 
491 -0.001035 
492 -0.000751 
493 0.000717 
494 -0.000172 
495 -0.003972 
496 -0.007273 
497 -0.007771 
498 -0.006615 
499 -0.004173 
500 -0.000132 
501 0.003278 
502 0.004097 
503 0.003730 
504 0.002682 
505 -0.000476 
506 -0.005568 
507 -0.008384 
508 -0.006186 
509 -0.002247 
510 -0.000647 
511 0.000022 
512 0.002200 
513 0.003356 
514 0.001369 
515 -0.000668 
516 0.000004 
517 0.001602 
518 0.001399 
519 0.000704 
520 0.001510 
521 0.002806 
522 0.002856 
523 0.002529 
524 0.003058 
525 0.003792 
526 0.004126 
527 0.003730 
528 0.002306 
529 0.000440 
530 0.000754 
531 0.003882 
532 0.006298 
533 0.005232 
534 0.003297 
535 0.003135 
536 0.003277 
537 0.001911 
538 -0.000003 
539 -0.000346 
540 0.001551 
541 0.003953 
542 0.004956 
543 0.004142 
544 0.002759 
545 0.002127 
546 0.001910 
547 0.002143 
548 0.003035 
549 0.003734 
550 0.003732 
551 0.003012 
552 0.002371 
553 0.002224 
554 0.002183 
555 0.001805 
556 0.001461 
557 0.001818 
558 0.002320 
559 0.002622 
560 0.002853 
561 0.002954 
562 0.002586 
563 0.002228 
564 0.002995 
565 0.003712 
566 0.002753 
567 0.001174 
568 0.000871 
569 0.001305 
570 0.000693 
571 -0.001037 
572 -0.001453 
573 -0.000727 
574 -0.001257 
575 -0.002233 
576 -0.001258 
577 0.001139 
578 0.001830 
579 0.000519 
580 -0.000630 
581 -0.000765 
582 -0.001561 
583 -0.003426 
584 -0.004243 
585 -0.001887 
586 0.001550 
587 0.002101 
588 -0.000300 
589 -0.002240 
590 -0.001941 
591 -0.000461 
592 0.000651 
593 0.001258 
594 0.002756 
595 0.004976 
596 0.005513 
597 0.003324 
598 0.000504 
599 -0.000975 
600 -0.001795 
601 -0.003233 
602 -0.003958 
603 -0.002272 
604 0.001173 
605 0.003657 
606 0.004488 
607 0.004399 
608 0.003664 
609 0.001410 
610 -0.001835 
611 -0.004302 
612 -0.005323 
613 -0.005431 
614 -0.003795 
615 -0.000062 
616 0.003938 
617 0.005440 
618 0.004493 
619 0.003198 
620 0.001792 
621 -0.000272 
622 -0.002366 
623 -0.002719 
624 -0.000405 
625 0.002726 
626 0.004347 
627 0.004193 
628 0.003566 
629 0.003035 
630 0.002353 
631 0.000924 
632 -0.000095 
633 0.000832 
634 0.002757 
635 0.003370 
636 0.002991 
637 0.003161 
638 0.003210 
639 0.002400 
640 0.001512 
641 0.001174 
642 0.000823 
643 0.000736 
644 0.001600 
645 0.002921 
646 0.003351 
647 0.001734 
648 -0.000117 
649 0.000181 
650 0.001175 
651 -0.000475 
652 -0.003140 
653 -0.002901 
654 -0.000798 
655 -0.000176 
656 -0.000304 
657 0.001062 
658 0.003384 
659 0.004134 
660 0.002652 
661 0.000350 
662 -0.001599 
663 -0.003323 
664 -0.005172 
665 -0.005694 
666 -0.004246 
667 -0.002012 
668 0.000221 
669 0.002173 
670 0.002830 
671 0.002168 
672 0.001992 
673 0.002074 
674 0.000749 
675 -0.001242 
676 -0.001846 
677 -0.001337 
678 -0.001101 
679 -0.001236 
680 -0.001129 
681 -0.000151 
682 0.001225 
683 0.002648 
684 0.003520 
685 0.003425 
686 0.002282 
687 0.001692 
688 0.001984 
689 0.001577 
690 0.000148 
691 -0.000428 
692 0.000459 
693 0.000872 
694 0.000321 
695 0.000278 
696 0.001155 
697 0.001598 
698 0.000843 
699 0.000029 
700 0.000360 
701 0.000817 
702 0.000094 
703 -0.000143 
704 0.001907 
705 0.004238 
706 0.003801 
707 0.002004 
708 0.001725 
709 0.001960 
710 0.000610 
711 -0.001495 
712 -0.001595 
713 0.000528 
714 0.002580 
715 0.003306 
716 0.003606 
717 0.004169 
718 0.004145 
719 0.002364 
720 0.000038 
721 -0.000530 
722 0.000162 
723 0.000440 
724 0.000716 
725 0.002073 
726 0.002976 
727 0.001574 
728 -0.000549 
729 -0.001735 
730 -0.002109 
731 -0.002722 
732 -0.002988 
733 -0.002045 
734 -0.000615 
735 0.000085 
736 -0.000209 
737 -0.000814 
738 -0.001528 
739 -0.002579 
740 -0.003700 
741 -0.004373 
742 -0.004084 
743 -0.002828 
744 -0.001550 
745 -0.001118 
746 -0.001310 
747 -0.001194 
748 -0.000863 
749 -0.000988 
750 -0.001486 
751 -0.001954 
752 -0.002459 
753 -0.003028 
754 -0.002695 
755 -0.001326 
756 -0.000511 
757 -0.000996 
758 -0.001403 
759 -0.001142 
760 -0.001119 
761 -0.001894 
762 -0.002748 
763 -0.002527 
764 -0.002031 
765 -0.002344 
766 -0.002932 
767 -0.002553 
768 -0.001792 
769 -0.002026 
770 -0.002647 
771 -0.002443 
772 -0.002414 
773 -0.003091 
774 -0.003019 
775 -0.002265 
776 -0.002339 
777 -0.003066 
778 -0.002824 
779 -0.001862 
780 -0.001523 
781 -0.001676 
782 -0.001650 
783 -0.001603 
784 -0.001793 
785 -0.001930 
786 -0.001188 
787 -0.000067 
788 0.000237 
789 -0.000300 
790 -0.000680 
791 -0.000599 
792 -0.000401 
793 -0.000543 
794 -0.000722 
795 -0.000369 
796 0.000424 
797 0.000955 
798 0.000883 
799 0.000196 
800 -0.000476 
801 -0.000440 
802 0.000102 
803 0.000097 
804 -0.000350 
805 -0.000301 
806 -0.000037 
807 -0.000292 
808 -0.000757 
809 -0.001134 
810 -0.001488 
811 -0.001365 
812 -0.000706 
813 -0.000052 
814 0.000112 
815 -0.000008 
816 -0.000024 
817 -0.000138 
818 -0.000771 
819 -0.001436 
820 -0.001570 
821 -0.001363 
822 -0.001352 
823 -0.001421 
824 -0.001035 
825 -0.000260 
826 0.000212 
827 0.000348 
828 0.000385 
829 0.000292 
830 -0.000025 
831 -0.000406 
832 -0.000741 
833 -0.001212 
834 -0.001434 
835 -0.000897 
836 -0.000178 
837 -0.000027 
838 0.000027 
839 0.000456 
840 0.000688 
841 0.000314 
842 -0.000154 
843 -0.000092 
844 0.000530 
845 0.001109 
846 0.001059 
847 0.000570 
848 0.000262 
849 0.000254 
850 0.000071 
851 -0.000446 
852 -0.000953 
853 -0.000939 
854 -0.000279 
855 0.000577 
856 0.000860 
857 0.000735 
858 0.000792 
859 0.001076 
860 0.001254 
861 0.001208 
862 0.000970 
863 0.000555 
864 0.000402 
865 0.000798 
866 0.001167 
867 0.001135 
868 0.001099 
869 0.001381 
870 0.001569 
871 0.001503 
872 0.001415 
873 0.001429 
874 0.001482 
875 0.001472 
876 0.001470 
877 0.001610 
878 0.001727 
879 0.001600 
880 0.001494 
881 0.001475 
882 0.001179 
883 0.000798 
884 0.000754 
885 0.000865 
886 0.000859 
887 0.000911 
888 0.001107 
889 0.001198 
890 0.001098 
891 0.000965 
892 0.000768 
893 0.000425 
894 0.000124 
895 0.000181 
896 0.000414 
897 0.000410 
898 0.000365 
899 0.000763 
900 0.001183 
901 0.000866 
902 0.000165 
903 0.000056 
904 0.000427 
905 0.000493 
906 0.000212 
907 0.000139 
908 0.000386 
909 0.000598 
910 0.000523 
911 0.000190 
912 -0.000022 
913 0.000054 
914 0.000146 
915 -0.000039 
916 -0.000435 
917 -0.000625 
918 -0.000402 
919 -0.000037 
920 0.000203 
921 0.000419 
922 0.000709 
923 0.000734 
924 0.000183 
925 -0.000512 
926 -0.000668 
927 -0.000614 
928 -0.000849 
929 -0.000975 
930 -0.000443 
931 0.000297 
932 0.000321 
933 -0.000251 
934 -0.000612 
935 -0.000565 
936 -0.000527 
937 -0.000499 
938 -0.000194 
939 0.000261 
940 0.000363 
941 0.000051 
942 -0.000227 
943 -0.000346 
944 -0.000502 
945 -0.000651 
946 -0.000432 
947 0.000128 
948 0.000536 
949 0.000498 
950 0.000388 
951 0.000402 
952 0.000306 
953 0.000024 
954 -0.000239 
955 -0.000308 
956 -0.000185 
957 -0.000025 
958 0.000051 
959 0.000062 
960 0.000103 
961 0.000259 
962 0.000412 
963 0.000305 
964 0.000018 
965 -0.000181 
966 -0.000277 
967 -0.000401 
968 -0.000522 
969 -0.000463 
970 -0.000202 
971 0.000128 
972 0.000303 
973 0.000314 
974 0.000210 
975 -0.000030 
976 -0.000244 
977 -0.000298 
978 -0.000281 
979 -0.000309 
980 -0.000261 
981 -0.000015 
982 0.000155 
983 0.000094 
984 -0.000017 
985 -0.000061 
986 -0.000101 
987 -0.000176 
988 -0.000236 
989 -0.000204 
990 -0.000139 
991 -0.000152 
992 -0.000171 
993 -0.000117 
994 -0.000089 
995 -0.000141 
996 -0.000086 
997 0.000020 
998 -0.000049 
999 -0.000224 
1000 -0.000220 
1001 -0.000062 
1002 -0.000018 
1003 -0.000104 
1004 -0.000080 
1005 0.000044 
1006 -0.000029 
1007 -0.000343 
1008 -0.000612 
1009 -0.000651 
1010 -0.000555 
1011 -0.000354 
1012 -0.000025 
1013 0.000251 
1014 0.000317 
1015 0.000288 
1016 0.000204 
1017 -0.000049 
1018 -0.000457 
1019 -0.000681 
1020 -0.000505 
1021 -0.000189 
1022 -0.000061 
1023 -0.000005 
