0 0.522037 
1 -0.051362 
2 -0.021232 
3 0.042079 
4 -0.118833 
5 0.120161 
6 0.055368 
7 0.047934 
8 0.024263 
9 -0.054545 
10 0.066820 
11 0.033801 
12 -0.024529 
13 0.039630 
14 0.182126 
15 -0.129650 
16 0.097359 
17 0.008542 
18 -0.004581 
19 0.090307 
20 -0.061206 
21 0.182016 
22 -0.011038 
23 -0.028358 
24 0.067765 
25 0.038967 
26 0.057281 
27 0.005430 
28 0.086214 
29 0.097828 
30 -0.028288 
31 -0.091600 
32 0.158039 
33 0.038912 
34 0.010192 
35 0.135590 
36 -0.170905 
37 0.128149 
38 0.128017 
39 -0.094114 
40 0.118057 
41 0.006906 
42 0.062975 
43 0.025487 
44 -0.009033 
45 0.049309 
46 0.001438 
47 0.040546 
48 0.055845 
49 0.063477 
50 -0.142258 
51 0.126294 
52 0.035179 
53 -0.011013 
54 -0.026030 
55 0.101482 
56 0.023852 
57 0.008601 
58 -0.002034 
59 -0.011583 
60 0.102182 
61 0.021132 
62 0.089197 
63 -0.056015 
64 0.044919 
65 -0.008531 
66 0.160749 
67 -0.078363 
68 0.146079 
69 -0.069828 
70 0.136237 
71 -0.092198 
72 0.194087 
73 -0.066247 
74 0.044282 
75 0.105040 
76 -0.014175 
77 0.031596 
78 0.035143 
79 0.022594 
80 0.001405 
81 0.068270 
82 0.001177 
83 0.092745 
84 -0.018124 
85 0.051922 
86 0.055433 
87 -0.043828 
88 0.160876 
89 -0.016398 
90 0.055160 
91 0.030822 
92 0.015774 
93 0.094733 
94 -0.000699 
95 0.045280 
96 0.016149 
97 0.032450 
98 0.085336 
99 0.021255 
100 -0.020821 
101 0.101095 
102 -0.005635 
103 0.030561 
104 0.056211 
105 0.090058 
106 0.029299 
107 -0.027032 
108 -0.035940 
109 0.183168 
110 -0.008552 
111 -0.023139 
112 0.068055 
113 0.059638 
114 0.033647 
115 0.048607 
116 -0.050836 
117 0.159573 
118 0.059372 
119 -0.065264 
120 0.156418 
121 -0.014631 
122 0.049899 
123 -0.020663 
124 0.003132 
125 0.092668 
126 0.077490 
127 -0.055524 
128 0.024390 
129 0.051285 
130 0.028956 
131 0.065753 
132 -0.010868 
133 -0.009580 
134 0.185231 
135 -0.036969 
136 -0.084753 
137 0.145999 
138 -0.030989 
139 0.119563 
140 -0.019723 
141 -0.022418 
142 0.042021 
143 0.093124 
144 0.023198 
145 -0.006586 
146 0.044415 
147 0.044798 
148 0.157019 
149 -0.102887 
150 0.090962 
151 -0.042397 
152 0.139873 
153 -0.014592 
154 -0.002890 
155 0.003958 
156 0.058812 
157 0.068009 
158 -0.040523 
159 -0.026495 
160 0.102355 
161 0.010578 
162 0.064280 
163 -0.011341 
164 -0.021850 
165 0.137501 
166 -0.010879 
167 -0.013802 
168 0.056890 
169 0.030534 
170 0.062495 
171 -0.013552 
172 0.052168 
173 0.062387 
174 -0.060550 
175 0.070928 
176 0.082604 
177 -0.089681 
178 0.219552 
179 -0.145088 
180 0.081438 
181 0.073794 
182 -0.063341 
183 0.074436 
184 0.035165 
185 0.056175 
186 0.014028 
187 0.019604 
188 -0.066571 
189 0.151158 
190 0.006151 
191 0.087975 
192 0.025847 
193 0.010367 
194 0.055602 
195 0.135718 
196 -0.086862 
197 0.072683 
198 0.111190 
199 0.035490 
200 -0.028838 
201 0.084052 
202 0.010774 
203 0.039397 
204 0.010579 
205 0.022890 
206 0.117057 
207 0.035074 
208 -0.024134 
209 -0.018151 
210 0.079549 
211 0.061733 
212 0.055042 
213 -0.046398 
214 0.078274 
215 0.110856 
216 -0.064848 
217 -0.042868 
218 0.130893 
219 0.046758 
220 0.046893 
221 -0.016959 
222 0.004821 
223 0.078209 
224 0.066630 
225 -0.082805 
226 0.082474 
227 0.049778 
228 0.063249 
229 0.017393 
230 -0.074911 
231 0.013655 
232 0.132901 
233 -0.045493 
234 0.167817 
235 -0.087660 
236 0.087807 
237 0.017949 
238 0.065988 
239 0.045157 
240 0.020783 
241 0.068256 
242 0.027303 
243 0.063531 
244 -0.078996 
245 0.101130 
246 0.013848 
247 0.071005 
248 0.002944 
249 0.008809 
250 0.121157 
251 -0.013822 
252 -0.002338 
253 0.104084 
254 -0.004839 
255 0.100743 
256 0.010347 
257 -0.021877 
258 0.086745 
259 0.043594 
260 -0.009486 
261 0.055290 
262 0.074156 
263 -0.026056 
264 0.041660 
265 -0.004311 
266 0.103834 
267 -0.002083 
268 0.052715 
269 0.004480 
270 -0.020108 
271 0.120903 
272 -0.014067 
273 0.033003 
274 -0.000420 
275 0.091444 
276 -0.046748 
277 0.051432 
278 0.043578 
279 -0.004700 
280 0.069238 
281 0.015161 
282 0.094400 
283 -0.083183 
284 0.072817 
285 0.062589 
286 0.000955 
287 0.068171 
288 -0.010036 
289 0.016006 
290 0.061079 
291 -0.015146 
292 0.037323 
293 0.027753 
294 0.014039 
295 0.110924 
296 -0.041217 
297 0.012350 
298 0.029643 
299 0.034135 
300 0.075566 
301 0.070125 
302 -0.063597 
303 0.093526 
304 0.009294 
305 0.072644 
306 -0.022198 
307 0.075299 
308 0.033178 
309 0.049941 
310 0.033533 
311 -0.052341 
312 0.138769 
313 -0.005728 
314 0.055201 
315 0.036077 
316 0.065328 
317 -0.030155 
318 0.073228 
319 -0.000428 
320 0.026864 
321 0.038686 
322 0.057051 
323 0.003641 
324 0.085805 
325 -0.031726 
326 0.042624 
327 0.045741 
328 0.060935 
329 0.070089 
330 -0.001021 
331 0.002425 
332 0.069132 
333 0.044894 
334 -0.010651 
335 0.078692 
336 0.016036 
337 0.037130 
338 0.029718 
339 0.007383 
340 0.066511 
341 0.032889 
342 0.036583 
343 0.044884 
344 0.016134 
345 0.039680 
346 0.067649 
347 -0.044968 
348 0.081419 
349 0.049318 
350 -0.009226 
351 0.061767 
352 -0.004389 
353 0.102754 
354 -0.064625 
355 0.072903 
356 0.074191 
357 0.040244 
358 0.030978 
359 0.059876 
360 -0.091711 
361 0.158971 
362 0.029221 
363 0.038046 
364 -0.020673 
365 -0.001346 
366 0.087028 
367 0.019847 
368 0.058426 
369 -0.034702 
370 0.115917 
371 -0.036421 
372 0.109766 
373 -0.047840 
374 0.050966 
375 0.082379 
376 -0.000882 
377 0.016429 
378 0.017728 
379 0.074989 
380 -0.005768 
381 0.015825 
382 0.060897 
383 0.029264 
384 0.045329 
385 0.044041 
386 -0.035489 
387 0.055545 
388 0.095407 
389 -0.038556 
390 0.099686 
391 0.065382 
392 -0.075715 
393 0.094507 
394 0.029316 
395 -0.023859 
396 0.184580 
397 -0.072644 
398 0.016616 
399 0.047550 
400 0.057016 
401 0.013646 
402 0.069942 
403 -0.032951 
404 0.131563 
405 0.030405 
406 -0.043229 
407 0.094920 
408 -0.039203 
409 0.128275 
410 0.047964 
411 -0.060074 
412 0.047844 
413 0.092537 
414 -0.037343 
415 0.042193 
416 0.006246 
417 0.055478 
418 0.071830 
419 -0.001371 
420 -0.023759 
421 0.056573 
422 0.018143 
423 0.069385 
424 0.031402 
425 0.000811 
426 0.072572 
427 -0.028754 
428 0.028760 
429 0.047946 
430 0.094411 
431 -0.032564 
432 0.048853 
433 0.063885 
434 -0.023987 
435 0.113436 
436 -0.042327 
437 0.054153 
438 0.062964 
439 0.011407 
440 -0.024243 
441 0.095709 
442 -0.049465 
443 0.087546 
444 -0.026808 
445 0.029561 
446 0.063172 
447 0.063220 
448 -0.009234 
449 0.000325 
450 0.049259 
451 0.071334 
452 0.022389 
453 0.013523 
454 0.047641 
455 0.040301 
456 0.015841 
457 0.050385 
458 0.055644 
459 -0.014253 
460 0.104228 
461 -0.024131 
462 0.056566 
463 0.087491 
464 -0.065144 
465 0.113835 
466 -0.044403 
467 0.099050 
468 0.008177 
469 0.058434 
470 -0.016705 
471 0.069246 
472 0.045530 
473 -0.018228 
474 0.114805 
475 -0.047049 
476 0.133839 
477 0.008502 
478 0.043174 
479 0.011934 
480 0.109200 
481 -0.019044 
482 0.062811 
483 0.008773 
484 0.079649 
485 0.041468 
486 0.016381 
487 -0.011587 
488 0.056027 
489 -0.012325 
490 0.118440 
491 0.022839 
492 -0.033375 
493 0.073511 
494 -0.016043 
495 0.022866 
496 0.078996 
497 0.006269 
498 0.015113 
499 0.119300 
500 -0.082986 
501 0.028988 
502 0.101819 
503 -0.058355 
504 0.101550 
505 0.043767 
506 -0.037907 
507 0.077734 
508 0.014483 
509 -0.031511 
510 0.125558 
511 -0.009520 
512 0.027400 
513 0.116046 
514 -0.037466 
515 0.019169 
516 0.022730 
517 0.037835 
518 0.085166 
519 0.049627 
520 -0.012000 
521 0.063456 
522 -0.000777 
523 0.074703 
524 0.023989 
525 0.105922 
526 -0.006954 
527 0.043442 
528 0.034957 
529 0.058579 
530 -0.039783 
531 0.105465 
532 0.000562 
533 0.038862 
534 0.072831 
535 -0.028074 
536 0.044704 
537 0.025234 
538 0.049664 
539 0.063375 
540 -0.002133 
541 0.037883 
542 0.050683 
543 0.017869 
544 0.029699 
545 0.046465 
546 -0.012015 
547 0.105254 
548 -0.001350 
549 -0.014029 
550 0.047599 
551 0.004319 
552 0.075187 
553 0.055939 
554 -0.086579 
555 0.146922 
556 -0.056673 
557 0.088611 
558 0.046545 
559 -0.036896 
560 0.112021 
561 -0.039894 
562 0.061730 
563 -0.021133 
564 0.099593 
565 0.040761 
566 0.028022 
567 -0.025245 
568 0.073137 
569 0.043498 
570 -0.007322 
571 0.091837 
572 0.010708 
573 -0.000933 
574 0.064992 
575 -0.024843 
576 0.060974 
577 0.053802 
578 -0.032863 
579 0.035476 
580 0.079637 
581 0.012404 
582 0.022640 
583 -0.016964 
584 0.006301 
585 0.142525 
586 -0.005108 
587 0.029461 
588 0.027608 
589 -0.023930 
590 0.103843 
591 -0.026793 
592 0.119660 
593 -0.021933 
594 0.066304 
595 0.002216 
596 0.015167 
597 0.077819 
598 -0.001568 
599 0.071027 
600 0.058240 
601 0.031062 
602 0.011037 
603 0.078145 
604 -0.056856 
605 0.081954 
606 0.088523 
607 -0.009140 
608 0.043294 
609 0.046732 
610 0.005523 
611 0.074034 
612 0.013281 
613 0.081111 
614 0.042483 
615 0.098470 
616 -0.034247 
617 0.040950 
618 0.009127 
619 0.123661 
620 0.042477 
621 -0.053987 
622 0.087455 
623 -0.004467 
624 0.034955 
625 0.049877 
626 -0.004539 
627 0.052306 
628 0.082758 
629 0.010381 
630 -0.058350 
631 0.102125 
632 0.014302 
633 0.094438 
634 -0.048532 
635 0.055884 
636 0.024021 
637 0.035438 
638 -0.021855 
639 0.084973 
640 -0.002889 
641 0.036060 
642 0.077399 
643 -0.015049 
644 0.047745 
645 0.083804 
646 -0.028046 
647 0.083531 
648 0.075434 
649 -0.046886 
650 0.093360 
651 -0.078905 
652 0.111146 
653 0.060202 
654 -0.004665 
655 0.018484 
656 0.040719 
657 0.028713 
658 -0.019578 
659 0.070345 
660 0.041632 
661 0.044546 
662 0.012136 
663 0.006393 
664 0.011940 
665 0.003936 
666 0.130746 
667 -0.007924 
668 -0.008050 
669 0.087510 
670 0.010496 
671 -0.014514 
672 0.099584 
673 0.008479 
674 0.092653 
675 0.002097 
676 0.006778 
677 0.091382 
678 0.005759 
679 0.022256 
680 0.050570 
681 0.010635 
682 0.116279 
683 -0.006886 
684 -0.070683 
685 0.100929 
686 0.040943 
687 0.081034 
688 -0.041396 
689 0.119752 
690 0.005379 
691 0.023344 
692 0.045138 
693 0.037764 
694 0.040651 
695 0.130799 
696 -0.065377 
697 0.041015 
698 0.055652 
699 -0.019326 
700 0.125173 
701 -0.021193 
702 -0.021097 
703 0.106768 
704 0.007331 
705 -0.043105 
706 0.112318 
707 -0.055743 
708 0.050288 
709 0.061817 
710 -0.021332 
711 0.089271 
712 -0.069611 
713 -0.028880 
714 0.164894 
715 0.015086 
716 -0.046913 
717 0.125369 
718 -0.114063 
719 0.124872 
720 0.069943 
721 -0.092812 
722 0.104120 
723 0.068864 
724 -0.055109 
725 0.013892 
726 0.044841 
727 0.019394 
728 0.057818 
729 -0.046381 
730 0.111352 
731 -0.013282 
732 0.067003 
733 0.028034 
734 0.044633 
735 0.045187 
736 0.072746 
737 0.041833 
738 0.026137 
739 0.029680 
740 0.055038 
741 0.037317 
742 0.046145 
743 0.078262 
744 0.029230 
745 0.000212 
746 0.008184 
747 0.113648 
748 0.002111 
749 0.041469 
750 0.052861 
751 -0.034403 
752 0.099191 
753 -0.028559 
754 0.069063 
755 0.005875 
756 0.081258 
757 0.000731 
758 0.062115 
759 -0.015942 
760 0.052256 
761 0.079548 
762 0.050533 
763 0.054157 
764 -0.005308 
765 0.048798 
766 -0.009222 
767 0.173333 
768 -0.088565 
769 0.073487 
770 0.027495 
771 0.049258 
772 -0.024028 
773 0.048716 
774 0.071605 
775 -0.011572 
776 0.002644 
777 0.148876 
778 -0.033193 
779 -0.017524 
780 0.063280 
781 0.099947 
782 -0.043132 
783 0.096926 
784 0.030572 
785 -0.067582 
786 0.131598 
787 0.025746 
788 -0.034159 
789 0.085905 
790 0.086453 
791 -0.015022 
792 -0.038167 
793 0.040414 
794 0.056845 
795 0.121714 
796 -0.130549 
797 0.116615 
798 0.005142 
799 0.008408 
800 0.071339 
801 0.019563 
802 -0.028379 
803 0.069974 
804 0.065351 
805 0.017393 
806 0.023748 
807 0.016796 
808 -0.016296 
809 0.147417 
810 0.003823 
811 -0.000927 
812 0.091582 
813 -0.120972 
814 0.174205 
815 -0.054922 
816 0.068553 
817 0.043818 
818 0.018801 
819 0.004147 
820 0.046011 
821 -0.005935 
822 0.056732 
823 0.099324 
824 0.007069 
825 0.041430 
826 -0.050423 
827 0.088416 
828 0.065762 
829 0.011746 
830 0.051689 
831 -0.033743 
832 0.082563 
833 -0.031782 
834 0.160068 
835 -0.069930 
836 -0.028865 
837 0.071782 
838 0.142029 
839 -0.060442 
840 0.021891 
841 -0.013530 
842 0.052733 
843 0.049489 
844 0.086223 
845 -0.042347 
846 0.040036 
847 0.057693 
848 -0.041770 
849 0.135128 
850 -0.081996 
851 0.134672 
852 0.033790 
853 0.024901 
854 0.004523 
855 0.037220 
856 0.001610 
857 0.118891 
858 0.015545 
859 -0.087034 
860 0.115838 
861 0.021956 
862 0.075341 
863 -0.049349 
864 0.040823 
865 0.130900 
866 0.004707 
867 0.055582 
868 0.003928 
869 0.018438 
870 0.065777 
871 0.087959 
872 0.027009 
873 -0.005495 
874 0.000271 
875 0.084338 
876 0.005520 
877 0.045393 
878 0.048468 
879 0.070862 
880 -0.134037 
881 0.270118 
882 -0.142913 
883 0.018389 
884 0.164131 
885 -0.015813 
886 0.031107 
887 0.024817 
888 0.010674 
889 0.113598 
890 0.045018 
891 -0.003022 
892 0.085364 
893 -0.016317 
894 0.054867 
895 0.102561 
896 -0.036205 
897 0.125700 
898 0.122713 
899 -0.122533 
900 0.092896 
901 0.067048 
902 0.148409 
903 -0.130289 
904 0.058429 
905 0.131224 
906 0.031925 
907 0.041214 
908 -0.090449 
909 0.157118 
910 0.006000 
911 0.054943 
912 0.010782 
913 0.018166 
914 0.123913 
915 0.017360 
916 0.017480 
917 -0.058570 
918 0.200181 
919 0.044051 
920 -0.056109 
921 -0.015783 
922 0.097011 
923 -0.038722 
924 0.136977 
925 -0.096234 
926 0.058008 
927 0.013937 
928 -0.014263 
929 0.041640 
930 0.018684 
931 -0.063300 
932 0.186414 
933 -0.045849 
934 0.010854 
935 0.118428 
936 -0.207616 
937 0.165026 
938 0.077184 
939 -0.062156 
940 0.032049 
941 0.050116 
942 0.020847 
943 -0.062037 
944 0.090406 
945 -0.000347 
946 0.096037 
947 -0.018638 
948 -0.011005 
949 0.022327 
950 0.029118 
951 0.116764 
952 0.030969 
953 -0.017406 
954 0.061001 
955 0.031844 
956 -0.010299 
957 0.136076 
958 0.000214 
959 0.093239 
960 -0.044360 
961 0.191562 
962 -0.060523 
963 -0.064091 
964 0.078489 
965 0.076514 
966 0.049231 
967 0.009501 
968 -0.055998 
969 0.121887 
970 -0.063543 
971 0.026566 
972 0.076662 
973 0.113102 
974 0.022998 
975 0.020231 
976 -0.005052 
977 0.091685 
978 0.020036 
979 0.154770 
980 0.026237 
981 0.006385 
982 0.113554 
983 -0.096917 
984 0.054564 
985 0.034637 
986 0.125380 
987 0.040575 
988 -0.112893 
989 0.115816 
990 0.030557 
991 0.104500 
992 -0.044356 
993 0.023205 
994 0.049009 
995 0.154274 
996 0.013071 
997 -0.116192 
998 -0.030578 
999 0.196040 
1000 -0.061682 
1001 0.030537 
1002 0.020027 
1003 -0.046506 
1004 0.181939 
1005 -0.005485 
1006 0.045109 
1007 0.109863 
1008 0.118047 
1009 0.021926 
1010 0.030325 
1011 -0.087053 
1012 0.244962 
1013 -0.017144 
1014 -0.145818 
1015 0.141952 
1016 0.089929 
1017 0.219286 
1018 0.116653 
1019 -0.010261 
1020 -0.197131 
1021 0.131808 
1022 0.280959 
1023 0.456354 
