0 1.029446 
1 -0.080892 
2 0.000653 
3 -0.110911 
4 0.089709 
5 -0.039825 
6 0.034732 
7 0.012821 
8 0.055276 
9 -0.138713 
10 0.128054 
11 -0.059739 
12 0.048944 
13 0.039677 
14 -0.009609 
15 -0.034054 
16 0.037917 
17 -0.029984 
18 0.010985 
19 0.007483 
20 0.057682 
21 -0.149752 
22 0.169134 
23 -0.192125 
24 0.165520 
25 -0.158833 
26 0.166020 
27 -0.147722 
28 0.151204 
29 -0.124266 
30 0.111384 
31 -0.109577 
32 0.132710 
33 -0.066947 
34 0.127970 
35 -0.076170 
36 0.037870 
37 0.013134 
38 -0.047270 
39 0.004628 
40 0.107443 
41 -0.100013 
42 0.062739 
43 -0.042856 
44 -0.009949 
45 -0.014560 
46 0.111081 
47 -0.098215 
48 0.111461 
49 -0.078857 
50 0.074186 
51 -0.097040 
52 0.117875 
53 -0.095698 
54 0.069468 
55 -0.047320 
56 0.043705 
57 -0.073319 
58 0.075719 
59 -0.061161 
60 0.014291 
61 0.000023 
62 0.016224 
63 -0.046402 
64 0.080705 
65 -0.092845 
66 0.063068 
67 -0.080755 
68 0.073400 
69 -0.035689 
70 0.038191 
71 -0.066570 
72 0.049636 
73 -0.053421 
74 0.049158 
75 -0.062834 
76 0.125287 
77 -0.156159 
78 0.128370 
79 -0.057190 
80 0.002227 
81 0.032604 
82 -0.011698 
83 -0.022247 
84 -0.063566 
85 0.118541 
86 -0.129140 
87 0.068376 
88 -0.026170 
89 -0.019166 
90 -0.034111 
91 0.052751 
92 -0.013292 
93 -0.019967 
94 0.082080 
95 -0.089468 
96 0.056105 
97 0.003572 
98 -0.015258 
99 0.038518 
100 -0.001098 
101 0.004772 
102 -0.003092 
103 0.019153 
104 -0.035142 
105 0.024342 
106 -0.049324 
107 -0.011656 
108 0.054861 
109 -0.047999 
110 0.042560 
111 -0.003328 
112 -0.014911 
113 0.016336 
114 0.023888 
115 0.037415 
116 -0.017448 
117 0.081119 
118 -0.065680 
119 0.011260 
120 0.043018 
121 0.004346 
122 0.009590 
123 0.030347 
124 -0.026872 
125 0.022292 
126 -0.013734 
127 0.010877 
128 0.021889 
129 -0.039117 
130 0.048748 
131 -0.038564 
132 0.039491 
133 -0.002016 
134 -0.021450 
135 0.021409 
136 -0.017516 
137 -0.005663 
138 0.116081 
139 -0.152575 
140 0.161432 
141 -0.106790 
142 0.032497 
143 0.015547 
144 0.022442 
145 -0.004874 
146 0.021873 
147 0.023516 
148 -0.047192 
149 0.064414 
150 -0.049078 
151 0.055586 
152 -0.031390 
153 0.029837 
154 0.031483 
155 -0.073839 
156 0.116939 
157 -0.099883 
158 0.047776 
159 0.026199 
160 0.028961 
161 -0.062558 
162 0.168881 
163 -0.216003 
164 0.187298 
165 -0.155581 
166 0.175553 
167 -0.149268 
168 0.151268 
169 -0.125721 
170 0.041469 
171 -0.074175 
172 0.090004 
173 -0.096979 
174 0.082344 
175 -0.044769 
176 -0.027403 
177 0.055751 
178 -0.060009 
179 0.042227 
180 -0.024419 
181 0.041950 
182 -0.000601 
183 0.025251 
184 0.032095 
185 -0.036496 
186 0.066295 
187 -0.070384 
188 0.103132 
189 -0.028434 
190 0.052698 
191 -0.079032 
192 0.113551 
193 -0.174368 
194 0.184943 
195 -0.101075 
196 0.085556 
197 -0.104924 
198 0.120332 
199 -0.136187 
200 0.120657 
201 -0.016938 
202 0.007673 
203 0.011319 
204 -0.001674 
205 0.040421 
206 -0.075416 
207 0.121754 
208 -0.080135 
209 0.063866 
210 -0.078708 
211 0.085632 
212 -0.099535 
213 0.136221 
214 -0.127483 
215 0.100619 
216 -0.046771 
217 0.012340 
218 0.006312 
219 -0.009198 
220 0.039501 
221 0.013984 
222 0.007828 
223 -0.023161 
224 0.087717 
225 -0.096200 
226 0.089185 
227 -0.043145 
228 0.059616 
229 0.030791 
230 -0.015742 
231 0.051227 
232 -0.082741 
233 0.111462 
234 -0.060278 
235 0.074126 
236 -0.058516 
237 0.112990 
238 -0.215943 
239 0.200105 
240 -0.184146 
241 0.167003 
242 -0.133481 
243 0.153467 
244 -0.148161 
245 0.103703 
246 -0.029440 
247 0.025885 
248 0.014661 
249 0.039638 
250 0.014392 
251 -0.046297 
252 0.103339 
253 -0.105393 
254 0.064585 
255 -0.010220 
256 -0.001723 
257 0.004541 
258 0.005040 
259 -0.029311 
260 -0.001435 
261 0.002943 
262 -0.014486 
263 0.039887 
264 -0.051326 
265 0.074463 
266 -0.097719 
267 0.139443 
268 -0.154464 
269 0.196905 
270 -0.166901 
271 0.127157 
272 -0.099300 
273 0.124729 
274 -0.084336 
275 0.094926 
276 -0.057731 
277 -0.008747 
278 0.046775 
279 -0.041089 
280 0.063766 
281 -0.073701 
282 0.099448 
283 -0.110408 
284 0.041281 
285 -0.032255 
286 0.035589 
287 -0.049901 
288 0.090930 
289 -0.116347 
290 0.049270 
291 -0.014155 
292 -0.027575 
293 0.039923 
294 0.025233 
295 -0.004928 
296 0.012559 
297 0.019599 
298 -0.060786 
299 0.121178 
300 -0.109499 
301 0.126380 
302 -0.107221 
303 0.085039 
304 -0.079664 
305 0.035679 
306 -0.030753 
307 -0.011661 
308 0.079795 
309 -0.102735 
310 0.107376 
311 -0.106929 
312 0.119143 
313 -0.137206 
314 0.184064 
315 -0.164483 
316 0.164848 
317 -0.132836 
318 0.086967 
319 -0.071221 
320 0.079503 
321 -0.026330 
322 -0.000953 
323 -0.016851 
324 0.011221 
325 -0.002060 
326 -0.004078 
327 0.071892 
328 -0.087569 
329 0.090418 
330 -0.078384 
331 0.063705 
332 -0.043446 
333 0.098548 
334 -0.100134 
335 0.080902 
336 -0.042418 
337 -0.018206 
338 0.083310 
339 -0.070174 
340 0.113556 
341 -0.082949 
342 0.117735 
343 -0.149232 
344 0.165860 
345 -0.109744 
346 0.091047 
347 -0.028133 
348 0.047270 
349 -0.076525 
350 0.054948 
351 -0.026610 
352 -0.035357 
353 0.125267 
354 -0.147544 
355 0.144300 
356 -0.108529 
357 0.084241 
358 -0.097148 
359 0.145040 
360 -0.132778 
361 0.165333 
362 -0.145442 
363 0.102095 
364 -0.116543 
365 0.132373 
366 -0.109549 
367 0.091667 
368 -0.038380 
369 -0.030075 
370 0.033316 
371 -0.033645 
372 0.060828 
373 -0.024190 
374 0.025317 
375 -0.054555 
376 0.033046 
377 -0.015428 
378 0.016480 
379 0.032509 
380 -0.050979 
381 0.051839 
382 -0.077877 
383 0.113321 
384 -0.098752 
385 0.139792 
386 -0.125735 
387 0.124004 
388 -0.139856 
389 0.143811 
390 -0.159996 
391 0.156800 
392 -0.124614 
393 0.095147 
394 -0.097809 
395 0.098506 
396 -0.109833 
397 0.074400 
398 -0.042165 
399 0.043689 
400 -0.007164 
401 0.049824 
402 -0.049101 
403 -0.003893 
404 0.058857 
405 -0.036079 
406 0.035997 
407 0.034640 
408 -0.045399 
409 0.017845 
410 -0.031145 
411 0.029869 
412 -0.039929 
413 0.128333 
414 -0.159873 
415 0.171191 
416 -0.212134 
417 0.224270 
418 -0.173410 
419 0.154785 
420 -0.128761 
421 0.112643 
422 -0.103511 
423 0.080628 
424 -0.060603 
425 0.066595 
426 -0.069348 
427 0.051772 
428 -0.040103 
429 0.004992 
430 0.056420 
431 -0.048070 
432 0.030227 
433 -0.055082 
434 0.097287 
435 -0.141359 
436 0.155674 
437 -0.126300 
438 0.080588 
439 -0.037738 
440 0.023888 
441 -0.032212 
442 0.019208 
443 0.011726 
444 -0.007704 
445 0.034337 
446 0.002454 
447 0.031338 
448 -0.056777 
449 0.066111 
450 -0.043024 
451 0.054485 
452 -0.010802 
453 0.010160 
454 -0.042587 
455 -0.010248 
456 -0.002738 
457 0.010983 
458 0.021831 
459 -0.039548 
460 0.027786 
461 -0.078227 
462 0.051320 
463 -0.013595 
464 0.036520 
465 -0.049832 
466 0.072043 
467 -0.080066 
468 0.036026 
469 0.024325 
470 -0.023750 
471 0.046441 
472 -0.035900 
473 0.028077 
474 -0.044569 
475 0.077127 
476 -0.091482 
477 0.066169 
478 -0.071375 
479 0.024391 
480 -0.025545 
481 0.018395 
482 -0.019095 
483 0.003845 
484 -0.009895 
485 0.012908 
486 -0.029702 
487 0.045604 
488 -0.007948 
489 -0.032050 
490 0.020202 
491 -0.018046 
492 0.031355 
493 -0.029976 
494 0.017126 
495 -0.055722 
496 0.033802 
497 -0.018316 
498 -0.011212 
499 0.019341 
500 -0.076317 
501 0.052990 
502 -0.101201 
503 0.118457 
504 -0.105574 
505 0.112378 
506 -0.126049 
507 0.072772 
508 -0.087724 
509 0.113588 
510 -0.086613 
511 0.079812 
512 -0.042674 
513 0.025054 
514 -0.034507 
515 0.048476 
516 -0.043570 
517 0.080864 
518 -0.109085 
519 0.113649 
520 -0.107135 
521 0.064175 
522 -0.064219 
523 0.082192 
524 -0.137812 
525 0.135078 
526 -0.114003 
527 0.081764 
528 -0.085568 
529 0.101417 
530 -0.119216 
531 0.124557 
532 -0.098675 
533 0.107900 
534 -0.129583 
535 0.138102 
536 -0.129259 
537 0.121072 
538 -0.106290 
539 0.097917 
540 -0.097156 
541 0.041726 
542 -0.037186 
543 0.038884 
544 -0.061413 
545 0.061289 
546 -0.122431 
547 0.090695 
548 -0.103783 
549 0.129244 
550 -0.111517 
551 0.111898 
552 -0.114102 
553 0.107027 
554 -0.109078 
555 0.166410 
556 -0.107534 
557 0.076934 
558 -0.057376 
559 0.033570 
560 -0.059848 
561 0.094742 
562 -0.079407 
563 0.036920 
564 -0.041514 
565 0.045928 
566 -0.069280 
567 0.088252 
568 -0.069557 
569 0.015771 
570 -0.013285 
571 0.034529 
572 -0.060242 
573 0.079243 
574 -0.046163 
575 -0.020622 
576 0.034820 
577 -0.035696 
578 -0.001632 
579 0.071008 
580 -0.090344 
581 0.039180 
582 -0.034822 
583 0.007548 
584 -0.001853 
585 0.022343 
586 -0.042146 
587 0.049092 
588 -0.084814 
589 0.046029 
590 -0.020202 
591 -0.044952 
592 0.076445 
593 -0.072267 
594 0.012380 
595 0.033819 
596 -0.030699 
597 0.012845 
598 -0.013718 
599 0.028562 
600 -0.016110 
601 0.027538 
602 0.008820 
603 -0.050359 
604 0.039246 
605 -0.069104 
606 0.085578 
607 -0.095120 
608 0.077972 
609 -0.073012 
610 0.029190 
611 -0.062196 
612 0.052698 
613 -0.019070 
614 -0.031980 
615 0.094919 
616 -0.108377 
617 0.061695 
618 0.042293 
619 -0.037521 
620 0.016691 
621 0.026508 
622 -0.033945 
623 0.007780 
624 0.053046 
625 -0.056380 
626 -0.014814 
627 0.024654 
628 -0.020053 
629 -0.027430 
630 0.051598 
631 -0.025537 
632 -0.019892 
633 -0.015471 
634 0.019914 
635 -0.044081 
636 0.067700 
637 -0.060142 
638 0.046385 
639 -0.037478 
640 0.012887 
641 0.056515 
642 -0.069111 
643 0.054353 
644 -0.010516 
645 0.015700 
646 -0.061906 
647 0.121316 
648 -0.143150 
649 0.130788 
650 -0.136345 
651 0.109357 
652 -0.094310 
653 0.086200 
654 -0.051638 
655 0.022353 
656 -0.045025 
657 0.052322 
658 -0.051423 
659 0.059387 
660 -0.045966 
661 0.029917 
662 -0.061339 
663 0.033629 
664 0.000118 
665 -0.024477 
666 0.054042 
667 -0.060453 
668 -0.019362 
669 0.059519 
670 -0.090542 
671 0.084867 
672 -0.066124 
673 0.030609 
674 -0.098778 
675 0.135849 
676 -0.178635 
677 0.196036 
678 -0.206456 
679 0.153050 
680 -0.129232 
681 0.124572 
682 -0.108720 
683 0.105387 
684 -0.062512 
685 0.053191 
686 -0.049037 
687 0.057704 
688 -0.053302 
689 0.005032 
690 0.025825 
691 -0.052530 
692 0.030041 
693 0.002123 
694 -0.054926 
695 -0.015838 
696 0.022980 
697 -0.057435 
698 0.078357 
699 -0.068500 
700 -0.021764 
701 0.054324 
702 -0.135131 
703 0.138457 
704 -0.089906 
705 0.090307 
706 -0.101671 
707 0.094428 
708 -0.124421 
709 0.091190 
710 -0.068484 
711 0.112773 
712 -0.160934 
713 0.119369 
714 -0.084572 
715 -0.019284 
716 0.057224 
717 -0.064041 
718 0.036758 
719 -0.055652 
720 0.046966 
721 -0.066545 
722 0.072737 
723 -0.066092 
724 0.049644 
725 -0.084260 
726 0.106559 
727 -0.105497 
728 0.094922 
729 -0.053219 
730 0.015191 
731 -0.005543 
732 0.002719 
733 0.003868 
734 -0.020031 
735 0.032529 
736 -0.046518 
737 0.050274 
738 -0.028067 
739 0.040726 
740 -0.060582 
741 0.027778 
742 -0.017462 
743 0.006605 
744 0.040779 
745 -0.076051 
746 0.097747 
747 -0.135865 
748 0.093964 
749 -0.060260 
750 0.135291 
751 -0.164831 
752 0.215593 
753 -0.242711 
754 0.185495 
755 -0.145616 
756 0.144438 
757 -0.145275 
758 0.152935 
759 -0.179890 
760 0.109533 
761 -0.100261 
762 0.045932 
763 0.006864 
764 -0.018155 
765 0.030465 
766 -0.046708 
767 0.075199 
768 -0.111563 
769 0.114561 
770 -0.064157 
771 0.080103 
772 -0.073558 
773 0.064282 
774 -0.062279 
775 -0.016304 
776 0.111163 
777 -0.173952 
778 0.206442 
779 -0.205387 
780 0.159371 
781 -0.166055 
782 0.107494 
783 -0.050271 
784 0.041450 
785 -0.036403 
786 0.045798 
787 -0.072642 
788 0.041629 
789 0.036509 
790 -0.059892 
791 0.080613 
792 -0.093725 
793 0.082825 
794 -0.114363 
795 0.154411 
796 -0.140747 
797 0.149248 
798 -0.209324 
799 0.183821 
800 -0.176428 
801 0.109269 
802 -0.035250 
803 -0.009330 
804 -0.021465 
805 -0.036404 
806 0.075553 
807 -0.148955 
808 0.158623 
809 -0.103490 
810 0.060449 
811 -0.070652 
812 0.122540 
813 -0.160548 
814 0.114388 
815 -0.014953 
816 -0.057288 
817 0.102377 
818 -0.095991 
819 0.129063 
820 -0.151545 
821 0.155906 
822 -0.124718 
823 0.140989 
824 -0.103345 
825 0.141692 
826 -0.158909 
827 0.154902 
828 -0.142797 
829 0.113645 
830 -0.087248 
831 0.069048 
832 -0.061187 
833 0.034105 
834 -0.083659 
835 0.050794 
836 -0.029903 
837 -0.040584 
838 0.106266 
839 -0.164120 
840 0.153996 
841 -0.126082 
842 0.083624 
843 -0.022273 
844 -0.021145 
845 0.035971 
846 -0.076489 
847 0.076071 
848 -0.097646 
849 0.072563 
850 -0.018719 
851 0.029199 
852 -0.023770 
853 0.115133 
854 -0.101881 
855 0.104011 
856 -0.032651 
857 0.039354 
858 -0.008606 
859 0.030262 
860 -0.035815 
861 -0.037917 
862 0.065169 
863 -0.067490 
864 0.081157 
865 -0.055941 
866 0.069927 
867 -0.121999 
868 0.167747 
869 -0.156795 
870 0.149138 
871 -0.104498 
872 0.059942 
873 -0.094655 
874 0.085140 
875 -0.058884 
876 0.076987 
877 -0.067454 
878 0.027686 
879 -0.021030 
880 -0.062078 
881 0.099850 
882 -0.066075 
883 0.009909 
884 -0.000470 
885 -0.013304 
886 -0.023972 
887 0.021190 
888 0.009863 
889 -0.027684 
890 -0.023370 
891 -0.000526 
892 0.038855 
893 -0.098814 
894 0.134989 
895 -0.133255 
896 0.017688 
897 -0.038823 
898 0.081904 
899 -0.137791 
900 0.216905 
901 -0.177681 
902 0.109023 
903 -0.115035 
904 0.157541 
905 -0.184434 
906 0.194307 
907 -0.047864 
908 -0.032422 
909 0.035865 
910 0.027072 
911 -0.085750 
912 0.105187 
913 0.002490 
914 -0.077735 
915 0.101319 
916 -0.070865 
917 -0.008523 
918 0.010344 
919 -0.040459 
920 0.030950 
921 0.003640 
922 -0.034213 
923 0.005460 
924 -0.024034 
925 -0.090188 
926 0.092500 
927 -0.093817 
928 0.074875 
929 -0.078420 
930 0.054385 
931 -0.133643 
932 0.158091 
933 -0.144545 
934 0.129988 
935 -0.087730 
936 0.023063 
937 0.053794 
938 -0.029842 
939 0.025214 
940 -0.018699 
941 -0.026995 
942 -0.032601 
943 0.120665 
944 -0.178751 
945 0.207446 
946 -0.256564 
947 0.088257 
948 -0.057319 
949 0.039721 
950 -0.002123 
951 0.037489 
952 -0.048054 
953 -0.034190 
954 0.041004 
955 0.006686 
956 0.055031 
957 0.061729 
958 -0.006215 
959 -0.075020 
960 0.116901 
961 -0.140509 
962 0.109061 
963 -0.019116 
964 -0.009609 
965 0.003883 
966 0.027338 
967 -0.004636 
968 -0.017372 
969 0.073389 
970 -0.122799 
971 0.035749 
972 -0.021842 
973 0.010892 
974 0.019404 
975 0.004095 
976 -0.096350 
977 0.065197 
978 -0.053984 
979 0.019680 
980 0.078655 
981 -0.052899 
982 -0.048692 
983 0.067521 
984 -0.053455 
985 0.025369 
986 0.058216 
987 0.008970 
988 -0.042148 
989 0.084966 
990 0.012875 
991 -0.076040 
992 0.196913 
993 -0.143891 
994 0.094616 
995 -0.047048 
996 0.078733 
997 -0.111383 
998 -0.027652 
999 -0.008918 
1000 -0.091995 
1001 -0.004825 
1002 0.082695 
1003 -0.125154 
1004 -0.036078 
1005 0.181105 
1006 -0.184490 
1007 0.078170 
1008 0.208318 
1009 -0.194328 
1010 -0.114017 
1011 0.208873 
1012 -0.040816 
1013 -0.144487 
1014 0.108701 
1015 0.037029 
1016 -0.009755 
1017 0.024175 
1018 0.163954 
1019 0.059768 
1020 -0.091744 
1021 -0.009350 
1022 0.019540 
1023 -0.006813 
