0 0.000430 
1 -0.000145 
2 -0.000769 
3 -0.001072 
4 -0.000905 
5 -0.000482 
6 -0.000041 
7 0.000408 
8 0.000749 
9 0.000752 
10 0.000468 
11 0.000182 
12 -0.000123 
13 -0.000437 
14 -0.000402 
15 -0.000014 
16 0.000269 
17 0.000283 
18 0.000231 
19 0.000228 
20 0.000166 
21 -0.000091 
22 -0.000337 
23 -0.000257 
24 0.000111 
25 0.000511 
26 0.000823 
27 0.000978 
28 0.000914 
29 0.000711 
30 0.000421 
31 0.000013 
32 -0.000319 
33 -0.000438 
34 -0.000351 
35 0.000005 
36 0.000490 
37 0.000699 
38 0.000449 
39 0.000022 
40 -0.000279 
41 -0.000475 
42 -0.000601 
43 -0.000532 
44 -0.000225 
45 0.000197 
46 0.000628 
47 0.001081 
48 0.001306 
49 0.000926 
50 0.000086 
51 -0.000656 
52 -0.000936 
53 -0.000829 
54 -0.000636 
55 -0.000371 
56 0.000118 
57 0.000652 
58 0.000934 
59 0.000973 
60 0.000787 
61 0.000308 
62 -0.000296 
63 -0.000613 
64 -0.000549 
65 -0.000185 
66 0.000217 
67 0.000327 
68 0.000189 
69 0.000173 
70 0.000173 
71 0.000102 
72 0.000130 
73 0.000216 
74 0.000275 
75 0.000315 
76 0.000229 
77 0.000094 
78 0.000034 
79 -0.000194 
80 -0.000667 
81 -0.000761 
82 0.000016 
83 0.000813 
84 0.000791 
85 0.000417 
86 0.000336 
87 0.000264 
88 -0.000343 
89 -0.001351 
90 -0.001835 
91 -0.001600 
92 -0.001261 
93 -0.000998 
94 -0.000503 
95 0.000147 
96 0.000650 
97 0.000712 
98 0.000187 
99 -0.000617 
100 -0.001001 
101 -0.000688 
102 -0.000165 
103 0.000008 
104 0.000153 
105 0.000845 
106 0.001539 
107 0.001156 
108 -0.000072 
109 -0.000808 
110 -0.000939 
111 -0.001017 
112 -0.000640 
113 0.000394 
114 0.001096 
115 0.001034 
116 0.001029 
117 0.001232 
118 0.000886 
119 -0.000293 
120 -0.001488 
121 -0.001588 
122 -0.000721 
123 -0.000294 
124 -0.000583 
125 -0.000436 
126 0.000021 
127 -0.000246 
128 -0.000869 
129 -0.000814 
130 -0.000257 
131 0.000046 
132 -0.000039 
133 -0.000073 
134 0.000457 
135 0.001293 
136 0.001340 
137 0.000524 
138 -0.000066 
139 -0.000366 
140 -0.000736 
141 -0.000635 
142 -0.000142 
143 0.000158 
144 0.000287 
145 0.000369 
146 0.000879 
147 0.001936 
148 0.002192 
149 0.000886 
150 -0.000341 
151 -0.000301 
152 -0.000351 
153 -0.001294 
154 -0.001907 
155 -0.001497 
156 -0.000657 
157 0.000132 
158 0.000865 
159 0.001700 
160 0.002198 
161 0.001327 
162 -0.000585 
163 -0.001815 
164 -0.002025 
165 -0.002282 
166 -0.002261 
167 -0.001287 
168 0.000029 
169 0.000858 
170 0.001150 
171 0.000803 
172 0.000030 
173 -0.000250 
174 -0.000250 
175 -0.000610 
176 -0.000671 
177 0.000154 
178 0.001071 
179 0.001184 
180 0.000639 
181 0.000276 
182 0.000430 
183 0.000569 
184 0.000131 
185 -0.000430 
186 -0.000014 
187 0.001317 
188 0.002005 
189 0.001713 
190 0.001666 
191 0.002170 
192 0.001932 
193 0.000521 
194 -0.001009 
195 -0.001305 
196 -0.000235 
197 0.000430 
198 -0.000280 
199 -0.000740 
200 0.000446 
201 0.000962 
202 -0.000271 
203 -0.000802 
204 -0.000013 
205 0.000053 
206 -0.000289 
207 0.000161 
208 0.000687 
209 0.000191 
210 -0.001353 
211 -0.002498 
212 -0.002189 
213 -0.001486 
214 -0.002055 
215 -0.002425 
216 -0.000800 
217 0.001190 
218 0.001443 
219 0.000605 
220 0.000196 
221 0.000204 
222 0.000325 
223 -0.000461 
224 -0.001935 
225 -0.002251 
226 -0.001096 
227 -0.000467 
228 -0.000979 
229 -0.000907 
230 0.000432 
231 0.001380 
232 0.000587 
233 -0.000199 
234 0.000901 
235 0.002102 
236 0.000965 
237 -0.001214 
238 -0.001806 
239 -0.001090 
240 -0.001292 
241 -0.002103 
242 -0.001870 
243 -0.001007 
244 -0.001022 
245 -0.001416 
246 -0.000826 
247 0.000105 
248 -0.000118 
249 -0.001473 
250 -0.002807 
251 -0.002944 
252 -0.001998 
253 -0.001015 
254 -0.000694 
255 -0.000649 
256 -0.000444 
257 -0.000260 
258 -0.000377 
259 -0.000613 
260 -0.001266 
261 -0.002571 
262 -0.003414 
263 -0.002444 
264 -0.000245 
265 0.001271 
266 0.001798 
267 0.001712 
268 0.000502 
269 -0.001076 
270 -0.001464 
271 -0.001281 
272 -0.001127 
273 -0.000130 
274 0.001304 
275 0.001249 
276 -0.000348 
277 -0.001676 
278 -0.001925 
279 -0.001883 
280 -0.002562 
281 -0.003587 
282 -0.003248 
283 -0.001017 
284 0.000151 
285 -0.001376 
286 -0.002203 
287 -0.001250 
288 -0.001025 
289 -0.001381 
290 -0.000367 
291 0.000537 
292 0.000106 
293 -0.000384 
294 -0.000137 
295 -0.000153 
296 -0.000922 
297 -0.001926 
298 -0.002070 
299 -0.000539 
300 0.001774 
301 0.002712 
302 0.003185 
303 0.004606 
304 0.005188 
305 0.004062 
306 0.002866 
307 0.001988 
308 0.000137 
309 -0.001918 
310 -0.001494 
311 0.000939 
312 0.002166 
313 0.001184 
314 0.000519 
315 0.001229 
316 0.001299 
317 -0.000111 
318 -0.001090 
319 -0.000279 
320 0.000798 
321 0.000794 
322 0.000201 
323 -0.000303 
324 0.000523 
325 0.002083 
326 0.002505 
327 0.001654 
328 0.000107 
329 -0.001172 
330 -0.000820 
331 0.000054 
332 -0.000860 
333 -0.002130 
334 -0.000765 
335 0.001540 
336 0.000846 
337 -0.000801 
338 0.000470 
339 0.002947 
340 0.003069 
341 0.001396 
342 0.000979 
343 0.003705 
344 0.006731 
345 0.006342 
346 0.003436 
347 0.001959 
348 0.002097 
349 0.000523 
350 -0.002622 
351 -0.004185 
352 -0.003151 
353 -0.001274 
354 0.000917 
355 0.004231 
356 0.007716 
357 0.009132 
358 0.007676 
359 0.004702 
360 0.001876 
361 -0.000947 
362 -0.004491 
363 -0.005935 
364 -0.003311 
365 -0.000482 
366 -0.000124 
367 0.000829 
368 0.003707 
369 0.004628 
370 0.002933 
371 0.000969 
372 -0.000646 
373 -0.001059 
374 0.000228 
375 0.001367 
376 0.002541 
377 0.004996 
378 0.006096 
379 0.004636 
380 0.003304 
381 0.002682 
382 0.001602 
383 -0.000167 
384 -0.002246 
385 -0.002967 
386 -0.001189 
387 0.001526 
388 0.002614 
389 0.002740 
390 0.002602 
391 0.000901 
392 -0.001395 
393 -0.001131 
394 0.000425 
395 0.000000 
396 -0.001094 
397 0.000353 
398 0.003569 
399 0.005960 
400 0.006080 
401 0.002863 
402 -0.002380 
403 -0.005665 
404 -0.005763 
405 -0.005022 
406 -0.004736 
407 -0.002990 
408 0.001295 
409 0.006358 
410 0.008237 
411 0.005879 
412 0.003673 
413 0.003518 
414 0.001115 
415 -0.004522 
416 -0.006883 
417 -0.003123 
418 0.000969 
419 0.001664 
420 0.000878 
421 0.001211 
422 0.001184 
423 -0.001170 
424 -0.004410 
425 -0.005455 
426 -0.004717 
427 -0.004409 
428 -0.004195 
429 -0.000710 
430 0.004838 
431 0.006671 
432 0.004256 
433 0.001451 
434 -0.000377 
435 -0.003022 
436 -0.005890 
437 -0.006456 
438 -0.004633 
439 -0.002110 
440 -0.000410 
441 -0.001394 
442 -0.004466 
443 -0.005871 
444 -0.005202 
445 -0.005764 
446 -0.007258 
447 -0.007075 
448 -0.002887 
449 0.005287 
450 0.011661 
451 0.011067 
452 0.007100 
453 0.004110 
454 -0.001068 
455 -0.009500 
456 -0.013292 
457 -0.010223 
458 -0.006561 
459 -0.003694 
460 0.002195 
461 0.009605 
462 0.012408 
463 0.007945 
464 0.001599 
465 -0.001135 
466 -0.002404 
467 -0.004972 
468 -0.005727 
469 -0.001741 
470 0.003458 
471 0.004977 
472 0.003915 
473 0.002772 
474 -0.000326 
475 -0.006805 
476 -0.012221 
477 -0.011560 
478 -0.006084 
479 -0.000134 
480 0.004509 
481 0.007069 
482 0.007980 
483 0.008026 
484 0.005621 
485 0.000849 
486 -0.002560 
487 -0.002259 
488 0.000651 
489 0.004601 
490 0.006897 
491 0.005718 
492 0.002306 
493 -0.002242 
494 -0.007053 
495 -0.008601 
496 -0.005688 
497 -0.001470 
498 0.003202 
499 0.007405 
500 0.008400 
501 0.005641 
502 0.001186 
503 -0.003471 
504 -0.007671 
505 -0.010052 
506 -0.009082 
507 -0.003064 
508 0.005165 
509 0.009335 
510 0.009501 
511 0.008654 
512 0.005313 
513 -0.001896 
514 -0.009713 
515 -0.013504 
516 -0.011427 
517 -0.006127 
518 -0.000630 
519 0.004946 
520 0.009176 
521 0.009185 
522 0.005661 
523 0.002119 
524 -0.001648 
525 -0.005498 
526 -0.005052 
527 -0.000319 
528 0.003114 
529 0.003276 
530 0.002625 
531 0.002575 
532 0.001807 
533 -0.001264 
534 -0.004179 
535 -0.003223 
536 0.001102 
537 0.005753 
538 0.009349 
539 0.011109 
540 0.010320 
541 0.007946 
542 0.004623 
543 0.000012 
544 -0.003697 
545 -0.004985 
546 -0.004003 
547 -0.000100 
548 0.005165 
549 0.007375 
550 0.004652 
551 0.000098 
552 -0.003067 
553 -0.005080 
554 -0.006347 
555 -0.005579 
556 -0.002392 
557 0.001879 
558 0.006168 
559 0.010591 
560 0.012716 
561 0.008904 
562 0.000730 
563 -0.006374 
564 -0.008959 
565 -0.007880 
566 -0.006030 
567 -0.003532 
568 0.000956 
569 0.005758 
570 0.008218 
571 0.008485 
572 0.006769 
573 0.002564 
574 -0.002633 
575 -0.005282 
576 -0.004681 
577 -0.001601 
578 0.001722 
579 0.002599 
580 0.001458 
581 0.001314 
582 0.001300 
583 0.000738 
584 0.000946 
585 0.001597 
586 0.002019 
587 0.002291 
588 0.001630 
589 0.000619 
590 0.000180 
591 -0.001442 
592 -0.004754 
593 -0.005339 
594 0.000069 
595 0.005490 
596 0.005284 
597 0.002748 
598 0.002179 
599 0.001688 
600 -0.002224 
601 -0.008605 
602 -0.011554 
603 -0.009981 
604 -0.007796 
605 -0.006129 
606 -0.003098 
607 0.000782 
608 0.003730 
609 0.004059 
610 0.001013 
611 -0.003530 
612 -0.005632 
613 -0.003843 
614 -0.000944 
615 0.000003 
616 0.000779 
617 0.004404 
618 0.007956 
619 0.005883 
620 -0.000434 
621 -0.004130 
622 -0.004730 
623 -0.005051 
624 -0.003168 
625 0.001815 
626 0.005107 
627 0.004756 
628 0.004688 
629 0.005579 
630 0.003954 
631 -0.001353 
632 -0.006618 
633 -0.006986 
634 -0.003159 
635 -0.001293 
636 -0.002493 
637 -0.001862 
638 0.000033 
639 -0.001067 
640 -0.003571 
641 -0.003307 
642 -0.001073 
643 0.000118 
644 -0.000207 
645 -0.000339 
646 0.001650 
647 0.004729 
648 0.004849 
649 0.001838 
650 -0.000296 
651 -0.001357 
652 -0.002647 
653 -0.002276 
654 -0.000572 
655 0.000437 
656 0.000856 
657 0.001120 
658 0.002784 
659 0.006150 
660 0.006892 
661 0.002680 
662 -0.001174 
663 -0.001032 
664 -0.001148 
665 -0.003959 
666 -0.005748 
667 -0.004487 
668 -0.002010 
669 0.000275 
670 0.002346 
671 0.004676 
672 0.006013 
673 0.003557 
674 -0.001692 
675 -0.004983 
676 -0.005490 
677 -0.006108 
678 -0.005983 
679 -0.003394 
680 -0.000000 
681 0.002091 
682 0.002776 
683 0.001883 
684 -0.000036 
685 -0.000714 
686 -0.000712 
687 -0.001540 
688 -0.001661 
689 0.000268 
690 0.002362 
691 0.002589 
692 0.001337 
693 0.000507 
694 0.000831 
695 0.001117 
696 0.000158 
697 -0.001032 
698 -0.000158 
699 0.002601 
700 0.003989 
701 0.003366 
702 0.003243 
703 0.004208 
704 0.003695 
705 0.000899 
706 -0.002056 
707 -0.002594 
708 -0.000560 
709 0.000693 
710 -0.000605 
711 -0.001430 
712 0.000710 
713 0.001617 
714 -0.000578 
715 -0.001489 
716 -0.000105 
717 0.000014 
718 -0.000551 
719 0.000215 
720 0.001090 
721 0.000270 
722 -0.002231 
723 -0.004047 
724 -0.003516 
725 -0.002383 
726 -0.003241 
727 -0.003777 
728 -0.001271 
729 0.001741 
730 0.002108 
731 0.000861 
732 0.000269 
733 0.000286 
734 0.000457 
735 -0.000660 
736 -0.002703 
737 -0.003116 
738 -0.001515 
739 -0.000651 
740 -0.001329 
741 -0.001218 
742 0.000553 
743 0.001779 
744 0.000749 
745 -0.000248 
746 0.001136 
747 0.002620 
748 0.001205 
749 -0.001445 
750 -0.002131 
751 -0.001254 
752 -0.001476 
753 -0.002405 
754 -0.002112 
755 -0.001109 
756 -0.001116 
757 -0.001549 
758 -0.000889 
759 0.000135 
760 -0.000094 
761 -0.001532 
762 -0.002917 
763 -0.003023 
764 -0.002007 
765 -0.000974 
766 -0.000639 
767 -0.000583 
768 -0.000373 
769 -0.000182 
770 -0.000294 
771 -0.000509 
772 -0.001127 
773 -0.002342 
774 -0.003099 
775 -0.002166 
776 -0.000126 
777 0.001245 
778 0.001700 
779 0.001610 
780 0.000539 
781 -0.000832 
782 -0.001152 
783 -0.000980 
784 -0.000836 
785 0.000004 
786 0.001189 
787 0.001131 
788 -0.000168 
789 -0.001223 
790 -0.001401 
791 -0.001348 
792 -0.001857 
793 -0.002623 
794 -0.002335 
795 -0.000635 
796 0.000238 
797 -0.000884 
798 -0.001475 
799 -0.000769 
800 -0.000601 
801 -0.000842 
802 -0.000125 
803 0.000506 
804 0.000212 
805 -0.000120 
806 0.000041 
807 0.000030 
808 -0.000474 
809 -0.001120 
810 -0.001200 
811 -0.000218 
812 0.001231 
813 0.001806 
814 0.002076 
815 0.002915 
816 0.003239 
817 0.002534 
818 0.001806 
819 0.001280 
820 0.000200 
821 -0.000968 
822 -0.000720 
823 0.000643 
824 0.001313 
825 0.000770 
826 0.000403 
827 0.000776 
828 0.000802 
829 0.000056 
830 -0.000451 
831 -0.000031 
832 0.000519 
833 0.000510 
834 0.000211 
835 -0.000039 
836 0.000360 
837 0.001102 
838 0.001291 
839 0.000881 
840 0.000154 
841 -0.000435 
842 -0.000275 
843 0.000114 
844 -0.000295 
845 -0.000852 
846 -0.000253 
847 0.000738 
848 0.000436 
849 -0.000261 
850 0.000267 
851 0.001278 
852 0.001312 
853 0.000627 
854 0.000455 
855 0.001519 
856 0.002673 
857 0.002486 
858 0.001353 
859 0.000782 
860 0.000825 
861 0.000240 
862 -0.000903 
863 -0.001455 
864 -0.001070 
865 -0.000399 
866 0.000367 
867 0.001497 
868 0.002659 
869 0.003102 
870 0.002581 
871 0.001571 
872 0.000634 
873 -0.000282 
874 -0.001403 
875 -0.001836 
876 -0.001001 
877 -0.000123 
878 -0.000013 
879 0.000268 
880 0.001113 
881 0.001372 
882 0.000867 
883 0.000300 
884 -0.000159 
885 -0.000277 
886 0.000075 
887 0.000381 
888 0.000693 
889 0.001344 
890 0.001619 
891 0.001216 
892 0.000851 
893 0.000678 
894 0.000395 
895 -0.000046 
896 -0.000551 
897 -0.000717 
898 -0.000282 
899 0.000361 
900 0.000606 
901 0.000624 
902 0.000585 
903 0.000194 
904 -0.000320 
905 -0.000260 
906 0.000079 
907 -0.000017 
908 -0.000250 
909 0.000062 
910 0.000736 
911 0.001220 
912 0.001230 
913 0.000565 
914 -0.000492 
915 -0.001139 
916 -0.001149 
917 -0.000992 
918 -0.000920 
919 -0.000576 
920 0.000229 
921 0.001151 
922 0.001472 
923 0.001024 
924 0.000618 
925 0.000584 
926 0.000163 
927 -0.000798 
928 -0.001189 
929 -0.000550 
930 0.000131 
931 0.000246 
932 0.000118 
933 0.000169 
934 0.000161 
935 -0.000211 
936 -0.000711 
937 -0.000867 
938 -0.000750 
939 -0.000695 
940 -0.000658 
941 -0.000141 
942 0.000662 
943 0.000917 
944 0.000566 
945 0.000171 
946 -0.000083 
947 -0.000444 
948 -0.000829 
949 -0.000896 
950 -0.000649 
951 -0.000313 
952 -0.000090 
953 -0.000213 
954 -0.000598 
955 -0.000766 
956 -0.000676 
957 -0.000741 
958 -0.000914 
959 -0.000882 
960 -0.000377 
961 0.000583 
962 0.001315 
963 0.001233 
964 0.000771 
965 0.000426 
966 -0.000152 
967 -0.001075 
968 -0.001478 
969 -0.001134 
970 -0.000732 
971 -0.000420 
972 0.000201 
973 0.000970 
974 0.001250 
975 0.000783 
976 0.000133 
977 -0.000141 
978 -0.000265 
979 -0.000515 
980 -0.000584 
981 -0.000193 
982 0.000307 
983 0.000452 
984 0.000349 
985 0.000240 
986 -0.000049 
987 -0.000645 
988 -0.001136 
989 -0.001068 
990 -0.000566 
991 -0.000029 
992 0.000384 
993 0.000607 
994 0.000684 
995 0.000686 
996 0.000474 
997 0.000062 
998 -0.000229 
999 -0.000202 
1000 0.000047 
1001 0.000379 
1002 0.000572 
1003 0.000470 
1004 0.000185 
1005 -0.000191 
1006 -0.000586 
1007 -0.000711 
1008 -0.000468 
1009 -0.000121 
1010 0.000261 
1011 0.000603 
1012 0.000681 
1013 0.000455 
1014 0.000095 
1015 -0.000280 
1016 -0.000615 
1017 -0.000801 
1018 -0.000720 
1019 -0.000237 
1020 0.000421 
1021 0.000753 
1022 0.000766 
1023 0.000699 
