0 0.002414 
1 0.019543 
2 0.000942 
3 0.003418 
4 -0.011596 
5 0.003348 
6 -0.014006 
7 0.004528 
8 -0.005586 
9 0.007581 
10 -0.009387 
11 0.006583 
12 0.014893 
13 0.014038 
14 0.003759 
15 -0.009753 
16 -0.010813 
17 -0.034574 
18 -0.006393 
19 -0.006269 
20 0.030596 
21 -0.005705 
22 0.017799 
23 -0.014986 
24 0.015285 
25 -0.013215 
26 0.023515 
27 -0.005865 
28 0.008749 
29 -0.025439 
30 0.005123 
31 -0.011260 
32 0.005503 
33 -0.012540 
34 -0.001571 
35 -0.008799 
36 -0.005035 
37 -0.002275 
38 0.007395 
39 0.011801 
40 -0.000159 
41 0.005264 
42 -0.011102 
43 -0.004291 
44 -0.022046 
45 0.003813 
46 -0.008075 
47 0.019883 
48 0.013162 
49 0.031950 
50 -0.000665 
51 -0.007600 
52 -0.032529 
53 -0.031725 
54 -0.029728 
55 -0.020634 
56 -0.003133 
57 0.008423 
58 0.027331 
59 0.008887 
60 0.020032 
61 -0.005268 
62 0.008433 
63 -0.019448 
64 0.004559 
65 -0.013126 
66 -0.009468 
67 -0.025634 
68 -0.008677 
69 0.000617 
70 -0.002521 
71 0.009629 
72 -0.003162 
73 0.016330 
74 -0.010082 
75 0.020762 
76 -0.011069 
77 0.017504 
78 -0.031308 
79 -0.004366 
80 -0.033787 
81 0.013579 
82 -0.006813 
83 0.026113 
84 0.001762 
85 0.014418 
86 -0.009646 
87 -0.004912 
88 -0.000561 
89 0.001889 
90 0.020992 
91 0.013060 
92 0.024396 
93 -0.012663 
94 -0.006114 
95 -0.045488 
96 -0.027784 
97 -0.049157 
98 0.007997 
99 0.018494 
100 0.079637 
101 0.060221 
102 0.066956 
103 -0.001342 
104 -0.021213 
105 -0.082221 
106 -0.069864 
107 -0.060952 
108 -0.012964 
109 -0.007756 
110 0.023671 
111 0.031035 
112 0.030417 
113 0.011019 
114 0.004843 
115 0.005484 
116 -0.019972 
117 -0.005660 
118 -0.013507 
119 0.021204 
120 0.011474 
121 0.040371 
122 0.013582 
123 0.015901 
124 -0.025083 
125 -0.014595 
126 -0.030990 
127 -0.018640 
128 -0.013672 
129 0.010392 
130 0.029027 
131 0.027159 
132 0.032694 
133 -0.001963 
134 0.008733 
135 -0.024161 
136 0.013318 
137 -0.013438 
138 0.020027 
139 -0.034278 
140 -0.010978 
141 -0.047737 
142 0.000838 
143 -0.001694 
144 0.051001 
145 0.031774 
146 0.036446 
147 -0.002900 
148 -0.014950 
149 -0.034262 
150 -0.040271 
151 -0.021566 
152 -0.020533 
153 0.021943 
154 0.014306 
155 0.048492 
156 0.010912 
157 0.032615 
158 -0.016687 
159 0.016851 
160 -0.025428 
161 0.013162 
162 -0.015847 
163 0.006798 
164 -0.031366 
165 -0.021108 
166 -0.036199 
167 -0.011784 
168 0.008251 
169 0.032602 
170 0.050628 
171 0.029059 
172 0.033606 
173 -0.008927 
174 -0.003370 
175 -0.042545 
176 -0.010334 
177 -0.034576 
178 0.009821 
179 -0.013492 
180 0.031523 
181 0.004217 
182 0.030965 
183 0.007280 
184 0.024265 
185 -0.012122 
186 -0.011776 
187 -0.036651 
188 -0.026592 
189 -0.022383 
190 0.008666 
191 0.034079 
192 0.041733 
193 0.041444 
194 0.023453 
195 -0.002557 
196 -0.038371 
197 -0.036514 
198 -0.017902 
199 0.003941 
200 0.019947 
201 0.028515 
202 0.022213 
203 -0.011349 
204 -0.014964 
205 -0.031424 
206 -0.000775 
207 -0.016432 
208 0.026437 
209 0.007235 
210 0.036129 
211 -0.005056 
212 0.017924 
213 -0.022229 
214 -0.000149 
215 -0.025814 
216 0.013921 
217 0.001595 
218 0.013264 
219 -0.015827 
220 -0.013329 
221 -0.024399 
222 -0.016767 
223 0.013747 
224 0.027775 
225 0.052348 
226 0.005574 
227 0.007658 
228 -0.049766 
229 -0.020698 
230 -0.052845 
231 0.022827 
232 0.000965 
233 0.068401 
234 0.014492 
235 0.062306 
236 -0.017167 
237 0.006813 
238 -0.064385 
239 -0.018381 
240 -0.059575 
241 0.000771 
242 -0.016425 
243 0.033526 
244 0.002595 
245 0.033575 
246 0.014797 
247 0.035994 
248 0.022598 
249 0.022371 
250 -0.008815 
251 -0.037677 
252 -0.058611 
253 -0.069904 
254 -0.039455 
255 -0.011923 
256 0.036908 
257 0.040995 
258 0.063081 
259 0.029555 
260 0.014496 
261 -0.028966 
262 -0.021167 
263 -0.038552 
264 -0.021359 
265 -0.015415 
266 0.008604 
267 0.010986 
268 0.009524 
269 0.012077 
270 0.007551 
271 0.014789 
272 0.011015 
273 0.020473 
274 0.006586 
275 -0.004375 
276 -0.030507 
277 -0.041964 
278 -0.035682 
279 -0.020094 
280 0.018112 
281 0.025478 
282 0.047143 
283 0.013047 
284 0.014950 
285 -0.016207 
286 0.004133 
287 -0.017244 
288 0.014726 
289 -0.009248 
290 0.006886 
291 -0.025915 
292 -0.010866 
293 -0.030755 
294 -0.009690 
295 -0.010056 
296 0.015975 
297 0.022592 
298 0.032174 
299 0.025263 
300 0.004850 
301 -0.014273 
302 -0.031469 
303 -0.020467 
304 -0.012086 
305 0.020862 
306 0.021804 
307 0.031468 
308 -0.008108 
309 -0.005165 
310 -0.038771 
311 -0.006203 
312 -0.016136 
313 0.020390 
314 -0.007133 
315 0.025844 
316 -0.000499 
317 0.025970 
318 -0.013863 
319 0.008741 
320 -0.025900 
321 -0.007522 
322 -0.021702 
323 0.009867 
324 0.009168 
325 0.017616 
326 0.010356 
327 0.010296 
328 0.012513 
329 -0.004536 
330 -0.008978 
331 -0.036147 
332 -0.029891 
333 -0.040765 
334 0.000765 
335 0.011843 
336 0.044959 
337 0.035322 
338 0.033043 
339 0.004405 
340 -0.011486 
341 -0.020885 
342 -0.018797 
343 -0.009450 
344 -0.017076 
345 -0.006060 
346 -0.013567 
347 -0.000097 
348 0.006589 
349 0.025791 
350 0.027504 
351 0.024199 
352 0.014195 
353 -0.007525 
354 -0.018088 
355 -0.054954 
356 -0.043861 
357 -0.054072 
358 0.003542 
359 0.017765 
360 0.079330 
361 0.055551 
362 0.067169 
363 -0.015743 
364 -0.025861 
365 -0.084323 
366 -0.048749 
367 -0.057518 
368 0.002093 
369 0.007281 
370 0.044196 
371 0.028293 
372 0.039120 
373 0.012128 
374 0.010205 
375 -0.004324 
376 -0.000004 
377 -0.001543 
378 -0.003081 
379 -0.003421 
380 -0.017457 
381 -0.013176 
382 -0.021937 
383 -0.001870 
384 -0.001347 
385 0.022358 
386 0.012906 
387 0.018700 
388 0.000922 
389 0.003894 
390 -0.009062 
391 0.000581 
392 -0.003152 
393 -0.004211 
394 -0.019822 
395 -0.016765 
396 -0.015559 
397 -0.005815 
398 0.008189 
399 0.026788 
400 0.021333 
401 0.017335 
402 0.002641 
403 -0.000165 
404 -0.019648 
405 -0.018981 
406 -0.026604 
407 -0.017216 
408 -0.011596 
409 0.005022 
410 0.015662 
411 0.028092 
412 0.025686 
413 0.017461 
414 0.017118 
415 0.006182 
416 0.003361 
417 -0.018240 
418 -0.018877 
419 -0.038902 
420 -0.030972 
421 -0.026413 
422 0.015171 
423 0.030852 
424 0.053652 
425 0.040847 
426 0.023974 
427 -0.014672 
428 -0.029467 
429 -0.037028 
430 -0.028280 
431 -0.017927 
432 0.000424 
433 0.019105 
434 0.027945 
435 0.026396 
436 0.015837 
437 0.005034 
438 -0.001223 
439 -0.005776 
440 -0.000450 
441 -0.009478 
442 -0.012960 
443 -0.041469 
444 -0.027723 
445 -0.024380 
446 0.022489 
447 0.028868 
448 0.066042 
449 0.037806 
450 0.030628 
451 -0.013143 
452 -0.016035 
453 -0.033157 
454 -0.032404 
455 -0.027989 
456 -0.018047 
457 -0.000465 
458 0.002532 
459 0.030502 
460 0.020004 
461 0.035787 
462 0.007302 
463 0.024588 
464 -0.003767 
465 0.009012 
466 -0.019959 
467 -0.018692 
468 -0.042662 
469 -0.029953 
470 -0.021007 
471 0.011770 
472 0.034606 
473 0.046848 
474 0.041913 
475 0.029457 
476 0.013921 
477 -0.010982 
478 -0.027265 
479 -0.038070 
480 -0.038423 
481 -0.033171 
482 -0.020554 
483 0.005418 
484 0.021771 
485 0.049947 
486 0.043853 
487 0.054456 
488 0.018358 
489 0.002738 
490 -0.044180 
491 -0.041405 
492 -0.058028 
493 -0.026260 
494 -0.021617 
495 0.021852 
496 0.020493 
497 0.041558 
498 0.029590 
499 0.029859 
500 -0.003912 
501 -0.013650 
502 -0.026566 
503 -0.016334 
504 -0.020204 
505 -0.003528 
506 -0.007303 
507 0.002211 
508 -0.013018 
509 0.011418 
510 0.006289 
511 0.025595 
512 -0.002586 
513 0.016656 
514 -0.008487 
515 0.005772 
516 -0.014501 
517 0.005791 
518 -0.015364 
519 -0.010080 
520 -0.018197 
521 -0.001057 
522 0.003639 
523 0.011018 
524 0.015146 
525 0.008313 
526 0.010544 
527 0.000865 
528 0.010956 
529 0.000697 
530 0.001323 
531 -0.027104 
532 -0.020320 
533 -0.024489 
534 0.000144 
535 0.000804 
536 0.016294 
537 0.011155 
538 0.011181 
539 0.000511 
540 0.012380 
541 0.004661 
542 0.003841 
543 -0.020768 
544 -0.020386 
545 -0.026585 
546 -0.008555 
547 -0.002054 
548 0.025010 
549 0.015314 
550 0.025167 
551 0.007859 
552 0.022695 
553 -0.006608 
554 -0.010124 
555 -0.035955 
556 -0.020860 
557 -0.031238 
558 0.002664 
559 0.015997 
560 0.033696 
561 0.017371 
562 0.011177 
563 -0.000153 
564 -0.002188 
565 -0.003070 
566 0.000482 
567 0.007878 
568 -0.010969 
569 -0.014737 
570 -0.021555 
571 -0.001149 
572 -0.003179 
573 0.009919 
574 0.011318 
575 0.016007 
576 0.008413 
577 0.004526 
578 0.004427 
579 -0.005781 
580 -0.013542 
581 -0.018284 
582 -0.001320 
583 -0.001170 
584 0.012700 
585 -0.000668 
586 0.003360 
587 -0.010748 
588 0.002333 
589 0.007430 
590 0.020812 
591 0.011385 
592 0.003418 
593 -0.010927 
594 -0.025896 
595 -0.022622 
596 -0.018726 
597 0.001736 
598 0.000994 
599 0.016798 
600 0.008397 
601 0.019361 
602 0.012660 
603 0.020048 
604 0.000374 
605 -0.012083 
606 -0.027599 
607 -0.038128 
608 -0.028330 
609 -0.010677 
610 0.018973 
611 0.017383 
612 0.042688 
613 0.023109 
614 0.023477 
615 -0.022638 
616 -0.014236 
617 -0.051234 
618 -0.023968 
619 -0.026159 
620 0.023292 
621 0.015539 
622 0.039236 
623 0.013632 
624 0.018471 
625 -0.014345 
626 -0.002564 
627 -0.011776 
628 0.007362 
629 -0.003428 
630 -0.005877 
631 -0.024492 
632 -0.023206 
633 -0.021998 
634 0.000012 
635 0.022055 
636 0.037620 
637 0.035337 
638 0.020760 
639 0.007886 
640 -0.024018 
641 -0.030417 
642 -0.049160 
643 -0.021633 
644 -0.021294 
645 0.024917 
646 0.020038 
647 0.045097 
648 -0.000036 
649 0.008093 
650 -0.021680 
651 0.007931 
652 -0.011311 
653 0.017860 
654 -0.013989 
655 -0.008701 
656 -0.032520 
657 -0.013772 
658 -0.008372 
659 0.014313 
660 0.022962 
661 0.030916 
662 0.027856 
663 0.025149 
664 0.011910 
665 -0.006842 
666 -0.024923 
667 -0.034383 
668 -0.043409 
669 -0.024308 
670 -0.013961 
671 0.017577 
672 0.005323 
673 0.030374 
674 0.007489 
675 0.039062 
676 0.006775 
677 0.037438 
678 -0.014826 
679 -0.000546 
680 -0.060275 
681 -0.025370 
682 -0.043913 
683 0.012508 
684 0.003907 
685 0.039113 
686 0.021243 
687 0.018721 
688 -0.001825 
689 -0.013958 
690 -0.012140 
691 -0.026042 
692 0.012674 
693 0.006390 
694 0.036239 
695 -0.004454 
696 0.006007 
697 -0.039908 
698 -0.012516 
699 -0.031762 
700 0.026145 
701 0.014971 
702 0.044175 
703 0.008620 
704 0.013525 
705 -0.026422 
706 -0.019736 
707 -0.032151 
708 -0.003037 
709 -0.002910 
710 0.011887 
711 0.002405 
712 -0.000630 
713 -0.007523 
714 0.000116 
715 0.021658 
716 0.034720 
717 0.039968 
718 0.018908 
719 -0.004935 
720 -0.035568 
721 -0.043559 
722 -0.054055 
723 -0.020217 
724 -0.001521 
725 0.031909 
726 0.032560 
727 0.050739 
728 0.023277 
729 0.012217 
730 -0.017709 
731 -0.006997 
732 -0.018034 
733 -0.006671 
734 -0.015861 
735 -0.006143 
736 -0.025195 
737 -0.018069 
738 -0.008337 
739 0.031365 
740 0.045621 
741 0.047156 
742 0.032560 
743 -0.004832 
744 -0.047095 
745 -0.059384 
746 -0.043986 
747 -0.018868 
748 -0.004338 
749 0.031608 
750 0.039398 
751 0.047659 
752 0.017943 
753 0.020239 
754 -0.020363 
755 -0.008235 
756 -0.030796 
757 0.008038 
758 -0.019211 
759 0.000867 
760 -0.036875 
761 -0.011123 
762 -0.018633 
763 0.025401 
764 0.032271 
765 0.060711 
766 0.042809 
767 0.012623 
768 -0.010901 
769 -0.031900 
770 -0.022155 
771 -0.034334 
772 0.001138 
773 -0.017176 
774 0.014050 
775 -0.021592 
776 0.014028 
777 -0.014948 
778 0.024617 
779 -0.000458 
780 0.042759 
781 0.015658 
782 0.032957 
783 -0.018102 
784 -0.023227 
785 -0.057584 
786 -0.042774 
787 -0.027997 
788 0.025717 
789 0.054792 
790 0.052982 
791 0.028635 
792 -0.000516 
793 -0.025514 
794 -0.042886 
795 -0.023943 
796 -0.003404 
797 0.007840 
798 -0.000108 
799 0.006053 
800 0.006333 
801 -0.007324 
802 0.003943 
803 0.008913 
804 0.024252 
805 0.009792 
806 0.030797 
807 0.002562 
808 -0.007852 
809 -0.042564 
810 -0.022389 
811 -0.027121 
812 0.013908 
813 0.023631 
814 0.046724 
815 0.009625 
816 -0.007693 
817 -0.049110 
818 -0.035352 
819 -0.020183 
820 0.018009 
821 0.025278 
822 0.036339 
823 0.020415 
824 -0.005626 
825 -0.023729 
826 -0.017280 
827 0.001638 
828 0.005327 
829 0.027594 
830 0.009035 
831 -0.000708 
832 -0.046642 
833 -0.036253 
834 -0.037938 
835 0.012692 
836 0.029077 
837 0.067945 
838 0.041626 
839 0.024661 
840 -0.038748 
841 -0.049373 
842 -0.052597 
843 -0.017549 
844 0.009103 
845 0.039059 
846 0.041019 
847 0.006725 
848 -0.014856 
849 -0.040728 
850 -0.008479 
851 -0.010004 
852 0.042320 
853 0.025470 
854 0.041519 
855 -0.030430 
856 -0.026947 
857 -0.073129 
858 -0.029980 
859 -0.038932 
860 0.033829 
861 0.030206 
862 0.061565 
863 0.027370 
864 0.026718 
865 -0.012268 
866 -0.021619 
867 -0.029128 
868 -0.010184 
869 0.000014 
870 -0.003562 
871 -0.009793 
872 -0.027876 
873 -0.029034 
874 -0.014823 
875 0.020386 
876 0.056759 
877 0.059231 
878 0.056229 
879 0.007168 
880 -0.017354 
881 -0.065393 
882 -0.042946 
883 -0.057805 
884 -0.003094 
885 -0.009553 
886 0.049008 
887 0.015036 
888 0.047354 
889 -0.010199 
890 0.006471 
891 -0.036345 
892 0.011346 
893 -0.004485 
894 0.032054 
895 -0.002367 
896 -0.006330 
897 -0.050329 
898 -0.045064 
899 -0.031941 
900 0.005061 
901 0.034088 
902 0.034567 
903 0.047402 
904 0.008286 
905 0.029280 
906 -0.013818 
907 0.017155 
908 -0.040922 
909 -0.008535 
910 -0.063027 
911 -0.010143 
912 -0.047932 
913 0.022735 
914 -0.003219 
915 0.064158 
916 0.026984 
917 0.071290 
918 0.021705 
919 0.018849 
920 -0.048810 
921 -0.054430 
922 -0.080961 
923 -0.053793 
924 -0.024011 
925 0.024427 
926 0.044187 
927 0.033997 
928 0.040136 
929 0.013288 
930 0.018002 
931 -0.012352 
932 0.006319 
933 -0.020226 
934 -0.012035 
935 -0.044880 
936 -0.029770 
937 -0.037712 
938 -0.012585 
939 0.013396 
940 0.042841 
941 0.066231 
942 0.038415 
943 0.027081 
944 -0.023180 
945 -0.017410 
946 -0.059204 
947 -0.023549 
948 -0.035005 
949 0.012950 
950 0.003252 
951 0.030886 
952 0.012890 
953 0.014311 
954 0.007550 
955 0.017435 
956 0.025587 
957 0.002398 
958 0.004964 
959 -0.037523 
960 -0.023595 
961 -0.062859 
962 -0.008534 
963 -0.017392 
964 0.045470 
965 0.003150 
966 0.043017 
967 -0.004770 
968 0.037580 
969 -0.002337 
970 0.037001 
971 0.006042 
972 0.019870 
973 -0.021278 
974 -0.024602 
975 -0.043641 
976 -0.048570 
977 -0.032331 
978 -0.008547 
979 0.048138 
980 0.050012 
981 0.077983 
982 0.033314 
983 0.021267 
984 -0.061012 
985 -0.054091 
986 -0.070034 
987 -0.009497 
988 -0.002813 
989 0.047355 
990 0.030327 
991 0.032088 
992 -0.005443 
993 0.000378 
994 0.002322 
995 0.009460 
996 0.007216 
997 0.008430 
998 0.003274 
999 -0.017056 
1000 -0.028212 
1001 -0.040121 
1002 -0.025451 
1003 -0.025041 
1004 0.015671 
1005 0.035887 
1006 0.064114 
1007 0.042671 
1008 0.026348 
1009 -0.023800 
1010 -0.038130 
1011 -0.057762 
1012 -0.031130 
1013 -0.008478 
1014 0.027292 
1015 0.022566 
1016 0.027506 
1017 0.016576 
1018 0.018122 
1019 -0.003556 
1020 -0.009849 
1021 -0.011441 
1022 -0.018908 
1023 -0.006688 
