0 -0.192682 
1 0.094385 
2 -0.357681 
3 0.016061 
4 -0.173453 
5 -0.292853 
6 -0.002352 
7 -0.304478 
8 -0.108817 
9 -0.034023 
10 -0.307731 
11 0.102739 
12 -0.275246 
13 -0.095173 
14 -0.086258 
15 -0.308280 
16 -0.005402 
17 -0.274508 
18 -0.076215 
19 -0.168098 
20 -0.088440 
21 -0.136692 
22 -0.118267 
23 -0.070812 
24 -0.253935 
25 0.043683 
26 -0.328716 
27 -0.038375 
28 -0.161068 
29 -0.208857 
30 -0.019490 
31 -0.192456 
32 -0.024567 
33 -0.070476 
34 -0.179517 
35 -0.012169 
36 -0.297305 
37 -0.026779 
38 -0.255191 
39 -0.048029 
40 -0.153236 
41 -0.043990 
42 -0.082846 
43 -0.159700 
44 0.021902 
45 -0.301927 
46 0.100770 
47 -0.313483 
48 -0.019395 
49 -0.101303 
50 -0.185442 
51 0.060150 
52 -0.260214 
53 0.045267 
54 -0.121728 
55 -0.198131 
56 0.073385 
57 -0.388475 
58 0.119020 
59 -0.239428 
60 -0.087066 
61 0.010410 
62 -0.147719 
63 0.002516 
64 -0.057437 
65 -0.166156 
66 0.011617 
67 -0.173052 
68 -0.080055 
69 -0.152585 
70 -0.036531 
71 -0.166434 
72 0.011871 
73 -0.187075 
74 0.006519 
75 -0.131357 
76 -0.002575 
77 -0.102698 
78 -0.028997 
79 -0.098953 
80 -0.069190 
81 -0.132278 
82 -0.088957 
83 -0.062034 
84 -0.092324 
85 -0.044586 
86 -0.088369 
87 -0.078185 
88 -0.090527 
89 0.008660 
90 -0.221600 
91 0.182845 
92 -0.289497 
93 0.110346 
94 -0.198636 
95 -0.062581 
96 -0.134498 
97 -0.014422 
98 -0.120074 
99 0.023948 
100 -0.040444 
101 -0.111316 
102 0.013292 
103 -0.156742 
104 -0.074940 
105 -0.051828 
106 -0.098532 
107 0.016338 
108 -0.127850 
109 0.046936 
110 -0.185414 
111 0.066406 
112 -0.200640 
113 -0.008351 
114 -0.041800 
115 -0.179973 
116 0.140432 
117 -0.308938 
118 0.227131 
119 -0.229611 
120 0.016707 
121 -0.024297 
122 -0.100841 
123 -0.061935 
124 0.019101 
125 -0.274947 
126 0.125051 
127 -0.211636 
128 0.014090 
129 -0.048525 
130 0.058999 
131 -0.169184 
132 0.220522 
133 -0.395831 
134 0.184631 
135 -0.284452 
136 -0.034076 
137 -0.056440 
138 -0.131459 
139 0.051546 
140 -0.057182 
141 -0.024800 
142 0.043088 
143 -0.158343 
144 0.055555 
145 -0.252728 
146 0.019503 
147 -0.198556 
148 0.048038 
149 -0.129560 
150 0.052070 
151 -0.059590 
152 -0.024069 
153 -0.082524 
154 -0.022560 
155 -0.189059 
156 0.057353 
157 -0.234221 
158 0.051188 
159 -0.147541 
160 -0.041463 
161 -0.031535 
162 -0.071601 
163 0.034556 
164 -0.152468 
165 0.011149 
166 -0.127411 
167 -0.130855 
168 -0.003474 
169 -0.154745 
170 0.017981 
171 -0.055141 
172 -0.046456 
173 -0.118619 
174 0.057190 
175 -0.263311 
176 0.049536 
177 -0.146403 
178 -0.143869 
179 0.088502 
180 -0.240202 
181 0.036426 
182 -0.046522 
183 -0.190145 
184 0.155653 
185 -0.334699 
186 0.141804 
187 -0.202517 
188 -0.123636 
189 -0.021022 
190 -0.205098 
191 -0.021953 
192 -0.038743 
193 -0.150666 
194 0.019500 
195 -0.093026 
196 -0.091765 
197 -0.081142 
198 -0.058132 
199 -0.203837 
200 0.122477 
201 -0.369453 
202 0.172179 
203 -0.315226 
204 0.063136 
205 -0.143147 
206 -0.089582 
207 0.004237 
208 -0.102816 
209 -0.088320 
210 -0.013587 
211 -0.223840 
212 0.012936 
213 -0.202103 
214 -0.066180 
215 -0.083301 
216 -0.050119 
217 -0.079058 
218 -0.043282 
219 -0.052715 
220 -0.133170 
221 -0.018230 
222 -0.226927 
223 -0.035065 
224 -0.104271 
225 -0.188082 
226 0.094966 
227 -0.299044 
228 0.140637 
229 -0.238031 
230 -0.007004 
231 -0.067903 
232 -0.133254 
233 -0.103282 
234 -0.010229 
235 -0.298828 
236 0.129280 
237 -0.265926 
238 0.008574 
239 -0.034720 
240 -0.140821 
241 -0.073417 
242 -0.035527 
243 -0.258359 
244 0.079585 
245 -0.234288 
246 -0.051836 
247 -0.010172 
248 -0.228759 
249 0.076730 
250 -0.215577 
251 0.006911 
252 -0.064207 
253 -0.171712 
254 -0.021361 
255 -0.156871 
256 -0.096628 
257 -0.077239 
258 -0.067560 
259 -0.117302 
260 0.079424 
261 -0.271802 
262 0.050158 
263 -0.163333 
264 -0.165896 
265 0.041865 
266 -0.284514 
267 0.102258 
268 -0.170879 
269 -0.062827 
270 0.005360 
271 -0.199384 
272 0.054640 
273 -0.194828 
274 -0.125187 
275 0.012350 
276 -0.272680 
277 0.074110 
278 -0.244107 
279 0.034886 
280 -0.176026 
281 0.020085 
282 -0.173474 
283 -0.019090 
284 -0.073924 
285 -0.212031 
286 0.093012 
287 -0.311955 
288 0.170053 
289 -0.273242 
290 0.045855 
291 -0.109058 
292 -0.133281 
293 0.011828 
294 -0.197887 
295 -0.027076 
296 -0.073050 
297 -0.192771 
298 0.072976 
299 -0.246938 
300 0.121076 
301 -0.234030 
302 0.093267 
303 -0.189680 
304 -0.046248 
305 -0.030654 
306 -0.283124 
307 0.170445 
308 -0.318627 
309 0.071081 
310 -0.044526 
311 -0.216886 
312 0.186904 
313 -0.354038 
314 0.164974 
315 -0.224407 
316 0.011243 
317 -0.091808 
318 -0.097166 
319 -0.074247 
320 -0.064208 
321 -0.155636 
322 0.015279 
323 -0.136008 
324 -0.036102 
325 -0.041995 
326 -0.099410 
327 -0.042322 
328 -0.024723 
329 -0.209172 
330 0.075988 
331 -0.213602 
332 -0.013850 
333 -0.026628 
334 -0.211317 
335 0.158187 
336 -0.262904 
337 0.074996 
338 -0.134035 
339 -0.080416 
340 0.003802 
341 -0.131421 
342 -0.064896 
343 -0.046680 
344 -0.089595 
345 -0.089817 
346 0.009009 
347 -0.133208 
348 0.029970 
349 -0.089587 
350 -0.083077 
351 -0.044032 
352 -0.116317 
353 -0.084877 
354 -0.053984 
355 -0.070337 
356 -0.044222 
357 -0.006046 
358 -0.099567 
359 -0.005135 
360 -0.083747 
361 -0.102388 
362 -0.063267 
363 -0.144249 
364 -0.086821 
365 -0.068108 
366 -0.118764 
367 0.021673 
368 -0.023671 
369 -0.084145 
370 0.087301 
371 -0.255131 
372 0.134420 
373 -0.314471 
374 0.072507 
375 -0.187171 
376 -0.027222 
377 -0.063569 
378 -0.056889 
379 -0.074888 
380 0.049486 
381 -0.226555 
382 0.113135 
383 -0.235722 
384 0.036516 
385 -0.129341 
386 -0.067957 
387 -0.022895 
388 -0.049646 
389 -0.093776 
390 -0.016867 
391 -0.063679 
392 -0.138280 
393 0.071493 
394 -0.296843 
395 0.130912 
396 -0.164891 
397 -0.058112 
398 0.049505 
399 -0.179345 
400 0.099626 
401 -0.146441 
402 -0.052672 
403 -0.078751 
404 -0.086017 
405 -0.105424 
406 -0.073530 
407 -0.092650 
408 -0.019981 
409 -0.064811 
410 -0.038333 
411 -0.110213 
412 0.042023 
413 -0.214395 
414 0.052804 
415 -0.190816 
416 -0.026834 
417 -0.043079 
418 -0.169952 
419 0.024939 
420 -0.159416 
421 -0.049426 
422 -0.122821 
423 -0.046525 
424 -0.090948 
425 -0.035226 
426 -0.033476 
427 -0.168089 
428 0.058795 
429 -0.229797 
430 0.026576 
431 -0.139734 
432 -0.070123 
433 -0.038530 
434 -0.146818 
435 -0.052640 
436 -0.073071 
437 -0.165867 
438 0.089918 
439 -0.279087 
440 0.130064 
441 -0.229809 
442 -0.047114 
443 -0.054815 
444 -0.227883 
445 0.007725 
446 -0.182751 
447 -0.060980 
448 -0.032570 
449 -0.103582 
450 -0.070492 
451 0.002996 
452 -0.200460 
453 0.011698 
454 -0.193091 
455 -0.128366 
456 -0.012185 
457 -0.246050 
458 0.019720 
459 -0.166909 
460 -0.082802 
461 -0.031855 
462 -0.181850 
463 -0.000099 
464 -0.132410 
465 -0.064599 
466 -0.109729 
467 -0.093564 
468 -0.123853 
469 -0.108266 
470 -0.085500 
471 -0.206596 
472 0.026359 
473 -0.258978 
474 0.007606 
475 -0.112620 
476 -0.139274 
477 0.089139 
478 -0.259838 
479 0.047388 
480 -0.167939 
481 -0.180805 
482 0.018260 
483 -0.322539 
484 0.116947 
485 -0.248664 
486 0.057843 
487 -0.181537 
488 0.014635 
489 -0.202023 
490 -0.025798 
491 -0.162345 
492 -0.162326 
493 -0.044871 
494 -0.201547 
495 -0.073790 
496 -0.038780 
497 -0.223188 
498 0.164810 
499 -0.356275 
500 0.173905 
501 -0.334572 
502 -0.041721 
503 -0.086862 
504 -0.295694 
505 0.096819 
506 -0.286095 
507 -0.023145 
508 -0.004281 
509 -0.269933 
510 0.122816 
511 -0.234331 
512 -0.091605 
513 -0.078691 
514 -0.195626 
515 -0.107372 
516 -0.013620 
517 -0.233329 
518 0.056008 
519 -0.145391 
520 -0.194811 
521 0.087379 
522 -0.385904 
523 0.083426 
524 -0.186402 
525 -0.161172 
526 0.077070 
527 -0.256298 
528 0.061335 
529 -0.121620 
530 -0.115668 
531 -0.083016 
532 -0.116388 
533 -0.154745 
534 -0.107034 
535 -0.078735 
536 -0.191757 
537 0.061041 
538 -0.168772 
539 -0.022857 
540 0.023893 
541 -0.222301 
542 0.081290 
543 -0.282135 
544 -0.059418 
545 -0.128501 
546 -0.182446 
547 0.030461 
548 -0.151955 
549 0.056843 
550 -0.086764 
551 -0.049723 
552 -0.094222 
553 -0.134275 
554 -0.051335 
555 -0.205744 
556 0.056882 
557 -0.246974 
558 0.110757 
559 -0.202872 
560 0.036593 
561 -0.098732 
562 -0.068760 
563 -0.043099 
564 -0.122586 
565 -0.038625 
566 -0.081205 
567 -0.088483 
568 0.067608 
569 -0.191352 
570 0.132465 
571 -0.184513 
572 0.002576 
573 -0.086212 
574 -0.111613 
575 -0.074514 
576 -0.070208 
577 -0.084959 
578 -0.015408 
579 -0.023911 
580 -0.038800 
581 -0.006774 
582 -0.033805 
583 -0.059500 
584 -0.025881 
585 -0.111267 
586 0.013440 
587 -0.167220 
588 0.040182 
589 -0.185678 
590 0.064481 
591 -0.126689 
592 0.039707 
593 -0.013420 
594 -0.070925 
595 0.016804 
596 -0.101968 
597 -0.077848 
598 0.004548 
599 -0.149612 
600 0.071075 
601 -0.116074 
602 -0.027684 
603 -0.052477 
604 -0.087576 
605 0.006340 
606 -0.088779 
607 0.103984 
608 -0.151348 
609 0.092790 
610 -0.157458 
611 -0.031345 
612 -0.033707 
613 -0.128970 
614 0.057101 
615 -0.081204 
616 0.037292 
617 -0.065905 
618 0.012149 
619 -0.061124 
620 -0.059834 
621 0.028983 
622 -0.134278 
623 0.059729 
624 -0.037840 
625 -0.130088 
626 0.159351 
627 -0.256430 
628 0.147059 
629 -0.146326 
630 -0.016167 
631 0.057835 
632 -0.175902 
633 0.116527 
634 -0.144461 
635 0.028837 
636 0.001863 
637 -0.086440 
638 0.042286 
639 -0.044401 
640 -0.074002 
641 -0.032294 
642 -0.068104 
643 -0.115245 
644 0.076209 
645 -0.130879 
646 0.072519 
647 0.028307 
648 -0.047747 
649 0.011965 
650 -0.031030 
651 -0.187804 
652 0.134182 
653 -0.373385 
654 0.218544 
655 -0.278294 
656 0.160537 
657 -0.078435 
658 0.025706 
659 0.003634 
660 -0.069201 
661 -0.038096 
662 -0.166554 
663 0.016214 
664 -0.147100 
665 -0.017897 
666 0.017065 
667 -0.178937 
668 0.205892 
669 -0.273591 
670 0.128009 
671 -0.149457 
672 -0.069163 
673 -0.031146 
674 -0.172966 
675 -0.010154 
676 -0.115471 
677 -0.077066 
678 0.033757 
679 -0.196634 
680 0.139568 
681 -0.265906 
682 0.057921 
683 -0.236165 
684 -0.023502 
685 -0.166279 
686 -0.024955 
687 -0.110702 
688 -0.076427 
689 -0.018671 
690 -0.203141 
691 0.033468 
692 -0.209169 
693 -0.023900 
694 -0.139479 
695 -0.125797 
696 -0.055450 
697 -0.199451 
698 -0.043463 
699 -0.117891 
700 -0.137067 
701 -0.034252 
702 -0.139338 
703 -0.136118 
704 -0.002003 
705 -0.303011 
706 0.043823 
707 -0.226610 
708 -0.071246 
709 -0.105924 
710 -0.167643 
711 -0.121793 
712 -0.077810 
713 -0.239827 
714 0.034832 
715 -0.222969 
716 -0.021039 
717 -0.150748 
718 -0.182670 
719 -0.069223 
720 -0.220162 
721 -0.087543 
722 -0.168304 
723 -0.128779 
724 -0.088157 
725 -0.151967 
726 -0.101011 
727 -0.182977 
728 -0.045728 
729 -0.302580 
730 -0.000456 
731 -0.303929 
732 -0.030790 
733 -0.133329 
734 -0.209474 
735 -0.019152 
736 -0.219384 
737 -0.179154 
738 -0.029224 
739 -0.435767 
740 0.144665 
741 -0.456319 
742 0.043744 
743 -0.234530 
744 -0.136054 
745 -0.108514 
746 -0.152751 
747 -0.134051 
748 -0.187013 
749 -0.069625 
750 -0.385844 
751 0.009126 
752 -0.318882 
753 -0.172814 
754 0.022310 
755 -0.407484 
756 0.140421 
757 -0.336494 
758 -0.130344 
759 -0.097518 
760 -0.313792 
761 -0.064419 
762 -0.291961 
763 -0.167599 
764 -0.169609 
765 -0.240160 
766 -0.062131 
767 -0.238039 
768 -0.010786 
769 -0.322405 
770 -0.027533 
771 -0.359685 
772 -0.070919 
773 -0.310337 
774 -0.132804 
775 -0.145360 
776 -0.211344 
777 -0.066423 
778 -0.298894 
779 -0.093116 
780 -0.224322 
781 -0.261687 
782 -0.097286 
783 -0.331546 
784 -0.045895 
785 -0.212270 
786 -0.207489 
787 -0.056578 
788 -0.285836 
789 -0.054043 
790 -0.286601 
791 -0.139478 
792 -0.245935 
793 -0.143175 
794 -0.262778 
795 -0.147231 
796 -0.160386 
797 -0.203983 
798 -0.122467 
799 -0.219902 
800 -0.119021 
801 -0.214459 
802 -0.195315 
803 -0.182456 
804 -0.226425 
805 -0.081477 
806 -0.273999 
807 -0.053307 
808 -0.185636 
809 -0.146088 
810 -0.117825 
811 -0.244834 
812 -0.114002 
813 -0.266226 
814 -0.131479 
815 -0.265480 
816 -0.088775 
817 -0.184111 
818 -0.108095 
819 -0.154965 
820 -0.141558 
821 -0.206756 
822 -0.096430 
823 -0.270923 
824 -0.062819 
825 -0.259090 
826 -0.106814 
827 -0.182428 
828 -0.142864 
829 -0.198787 
830 -0.069576 
831 -0.284949 
832 0.027913 
833 -0.330131 
834 -0.021018 
835 -0.212570 
836 -0.169486 
837 -0.075918 
838 -0.283670 
839 -0.085804 
840 -0.138173 
841 -0.263008 
842 0.008502 
843 -0.316617 
844 -0.033701 
845 -0.192569 
846 -0.159427 
847 -0.167301 
848 -0.132863 
849 -0.164839 
850 -0.188208 
851 -0.083954 
852 -0.260915 
853 -0.053753 
854 -0.208443 
855 -0.187920 
856 -0.001127 
857 -0.326707 
858 0.020396 
859 -0.234661 
860 -0.223913 
861 0.025180 
862 -0.425033 
863 0.102156 
864 -0.257759 
865 -0.088023 
866 -0.058214 
867 -0.283684 
868 -0.026179 
869 -0.279226 
870 -0.142921 
871 -0.221191 
872 -0.121776 
873 -0.154384 
874 -0.090013 
875 -0.083608 
876 -0.212571 
877 0.052446 
878 -0.374145 
879 -0.015521 
880 -0.239231 
881 -0.260818 
882 0.079174 
883 -0.428447 
884 0.140682 
885 -0.262640 
886 -0.090214 
887 0.019512 
888 -0.289490 
889 0.034227 
890 -0.224605 
891 -0.232313 
892 -0.002123 
893 -0.389135 
894 0.116896 
895 -0.285357 
896 0.078229 
897 -0.199704 
898 -0.071103 
899 -0.166313 
900 -0.153458 
901 -0.136000 
902 -0.087432 
903 -0.123406 
904 -0.103979 
905 -0.118397 
906 -0.207955 
907 -0.128747 
908 -0.061368 
909 -0.226455 
910 0.069860 
911 -0.261124 
912 -0.088601 
913 -0.084887 
914 -0.293374 
915 0.051394 
916 -0.077216 
917 -0.059142 
918 0.011317 
919 -0.261992 
920 -0.180615 
921 -0.279034 
922 -0.324956 
923 -0.236303 
924 0.068615 
925 -0.217618 
926 0.311051 
927 -0.147722 
928 0.079525 
929 -0.044705 
930 -0.364790 
931 -0.284297 
932 -0.361814 
933 -0.434404 
934 -0.090548 
935 -0.182375 
936 -0.034723 
937 0.188056 
938 -0.252092 
939 0.087599 
940 -0.181801 
941 -0.232267 
942 0.043034 
943 -0.346546 
944 -0.037052 
945 -0.131961 
946 -0.269306 
947 0.085381 
948 -0.352100 
949 0.037237 
950 -0.178692 
951 -0.269436 
952 0.082302 
953 -0.391960 
954 0.051660 
955 -0.200406 
956 -0.183762 
957 -0.006677 
958 -0.254026 
959 -0.106080 
960 -0.136138 
961 -0.207331 
962 -0.134918 
963 -0.112142 
964 -0.264394 
965 -0.007892 
966 -0.220104 
967 -0.166018 
968 0.029695 
969 -0.409775 
970 0.143588 
971 -0.338387 
972 -0.120250 
973 -0.045258 
974 -0.325076 
975 -0.008449 
976 -0.205813 
977 -0.210491 
978 0.007509 
979 -0.316997 
980 0.032359 
981 -0.309449 
982 0.033135 
983 -0.379003 
984 0.112143 
985 -0.378193 
986 -0.012913 
987 -0.175285 
988 -0.250653 
989 -0.024582 
990 -0.290729 
991 -0.099690 
992 -0.107496 
993 -0.220818 
994 0.025824 
995 -0.313204 
996 -0.001419 
997 -0.278547 
998 -0.123442 
999 -0.164582 
1000 -0.183753 
1001 -0.102835 
1002 -0.177546 
1003 -0.088502 
1004 -0.185792 
1005 -0.077006 
1006 -0.178663 
1007 -0.162278 
1008 -0.131662 
1009 -0.228640 
1010 -0.074775 
1011 -0.311917 
1012 0.065563 
1013 -0.363777 
1014 0.057586 
1015 -0.178565 
1016 -0.250308 
1017 0.066246 
1018 -0.320247 
1019 -0.135253 
1020 -0.036161 
1021 -0.441414 
1022 0.092879 
1023 -0.258926 
