0 0.000057 
1 0.000103 
2 0.000025 
3 -0.000089 
4 -0.000068 
5 0.000105 
6 0.000307 
7 0.000182 
8 -0.000030 
9 0.000173 
10 0.000378 
11 0.000221 
12 0.000120 
13 0.000168 
14 0.000130 
15 -0.000050 
16 -0.000184 
17 0.000030 
18 0.000364 
19 0.000300 
20 0.000073 
21 0.000116 
22 0.000221 
23 0.000135 
24 0.000013 
25 0.000102 
26 0.000215 
27 -0.000003 
28 -0.000175 
29 0.000122 
30 0.000399 
31 0.000275 
32 -0.000023 
33 -0.000056 
34 0.000194 
35 0.000145 
36 -0.000131 
37 0.000073 
38 0.000427 
39 0.000219 
40 -0.000123 
41 -0.000072 
42 0.000244 
43 0.000300 
44 -0.000094 
45 -0.000266 
46 0.000076 
47 0.000215 
48 0.000027 
49 0.000071 
50 0.000376 
51 0.000453 
52 0.000055 
53 -0.000299 
54 -0.000084 
55 0.000095 
56 -0.000133 
57 -0.000144 
58 0.000135 
59 0.000201 
60 0.000072 
61 0.000035 
62 0.000265 
63 0.000432 
64 0.000076 
65 -0.000190 
66 0.000099 
67 0.000225 
68 0.000011 
69 -0.000042 
70 0.000035 
71 0.000140 
72 0.000012 
73 -0.000258 
74 0.000120 
75 0.000564 
76 0.000150 
77 -0.000204 
78 0.000004 
79 0.000175 
80 0.000079 
81 -0.000229 
82 -0.000151 
83 0.000362 
84 0.000214 
85 -0.000290 
86 -0.000123 
87 0.000265 
88 0.000261 
89 -0.000135 
90 -0.000327 
91 0.000121 
92 0.000227 
93 -0.000346 
94 -0.000382 
95 0.000085 
96 0.000113 
97 -0.000204 
98 -0.000331 
99 0.000050 
100 0.000378 
101 -0.000056 
102 -0.000397 
103 -0.000099 
104 -0.000049 
105 -0.000331 
106 -0.000347 
107 -0.000061 
108 0.000142 
109 -0.000174 
110 -0.000541 
111 -0.000238 
112 0.000009 
113 -0.000389 
114 -0.000598 
115 -0.000319 
116 -0.000021 
117 -0.000000 
118 -0.000012 
119 0.000286 
120 0.000274 
121 -0.000334 
122 -0.000730 
123 -0.000715 
124 -0.000704 
125 -0.000882 
126 -0.001018 
127 -0.000409 
128 0.000472 
129 0.000207 
130 -0.000483 
131 -0.000237 
132 0.000149 
133 -0.000144 
134 -0.000665 
135 -0.000723 
136 -0.000378 
137 -0.000315 
138 -0.000680 
139 -0.000586 
140 0.000068 
141 0.000025 
142 -0.000634 
143 -0.000882 
144 -0.000665 
145 -0.000583 
146 -0.001006 
147 -0.001374 
148 -0.000893 
149 -0.000480 
150 -0.000600 
151 0.000036 
152 0.001025 
153 0.000842 
154 -0.000231 
155 -0.001250 
156 -0.001452 
157 -0.001350 
158 -0.001705 
159 -0.001269 
160 0.000009 
161 0.000155 
162 -0.000603 
163 -0.000874 
164 -0.000610 
165 -0.000444 
166 -0.000976 
167 -0.001438 
168 -0.000536 
169 0.000216 
170 -0.000381 
171 -0.000725 
172 -0.000541 
173 -0.000841 
174 -0.001654 
175 -0.001929 
176 -0.000813 
177 0.000488 
178 0.000032 
179 -0.000899 
180 -0.000753 
181 -0.000692 
182 -0.001472 
183 -0.002206 
184 -0.001946 
185 -0.000768 
186 -0.000496 
187 -0.001027 
188 -0.000291 
189 0.000804 
190 0.000338 
191 -0.000923 
192 -0.001537 
193 -0.001160 
194 -0.001101 
195 -0.002496 
196 -0.002783 
197 -0.001087 
198 -0.000521 
199 -0.001329 
200 -0.001217 
201 -0.000456 
202 -0.000162 
203 -0.001024 
204 -0.002070 
205 -0.001345 
206 -0.000522 
207 -0.001596 
208 -0.002434 
209 -0.001708 
210 -0.001012 
211 -0.001524 
212 -0.002046 
213 -0.000965 
214 0.000059 
215 -0.000901 
216 -0.001641 
217 -0.001310 
218 -0.001531 
219 -0.002466 
220 -0.002939 
221 -0.001743 
222 -0.000173 
223 -0.000660 
224 -0.001475 
225 -0.000541 
226 -0.000008 
227 -0.001207 
228 -0.002705 
229 -0.002714 
230 -0.001408 
231 -0.001124 
232 -0.001705 
233 -0.000872 
234 0.000190 
235 -0.000523 
236 -0.001703 
237 -0.001903 
238 -0.001287 
239 -0.001253 
240 -0.002260 
241 -0.002187 
242 -0.000501 
243 -0.000053 
244 -0.000843 
245 -0.001064 
246 -0.000697 
247 -0.000782 
248 -0.002211 
249 -0.002925 
250 -0.001131 
251 -0.000345 
252 -0.001873 
253 -0.002077 
254 -0.000840 
255 -0.000333 
256 -0.001029 
257 -0.002334 
258 -0.001874 
259 0.000036 
260 -0.000744 
261 -0.002415 
262 -0.001179 
263 0.000147 
264 -0.001046 
265 -0.002534 
266 -0.002279 
267 -0.000860 
268 -0.000494 
269 -0.001563 
270 -0.001073 
271 0.000895 
272 0.000526 
273 -0.001693 
274 -0.001795 
275 -0.000319 
276 -0.000632 
277 -0.002958 
278 -0.003502 
279 -0.000969 
280 0.000302 
281 -0.001169 
282 -0.001892 
283 0.000021 
284 0.001490 
285 -0.000096 
286 -0.001298 
287 0.000340 
288 0.000776 
289 -0.001900 
290 -0.003316 
291 -0.001525 
292 0.000342 
293 -0.000112 
294 -0.001041 
295 0.000672 
296 0.002285 
297 0.000385 
298 -0.002127 
299 -0.001729 
300 -0.000262 
301 -0.000924 
302 -0.002339 
303 -0.000748 
304 0.002342 
305 0.001547 
306 -0.001278 
307 -0.000485 
308 0.001485 
309 0.000864 
310 -0.000704 
311 -0.000778 
312 0.000525 
313 0.000532 
314 -0.000870 
315 -0.000010 
316 0.001782 
317 -0.000117 
318 -0.002583 
319 -0.000796 
320 0.002556 
321 0.002660 
322 -0.000317 
323 -0.000949 
324 0.002290 
325 0.002284 
326 -0.000933 
327 -0.000432 
328 0.002730 
329 0.003112 
330 0.000473 
331 -0.000893 
332 0.001897 
333 0.003855 
334 0.000494 
335 -0.002423 
336 0.000132 
337 0.002522 
338 0.000884 
339 -0.000543 
340 0.001987 
341 0.005413 
342 0.003911 
343 0.000005 
344 0.000744 
345 0.003854 
346 0.003225 
347 0.000353 
348 -0.000755 
349 0.000470 
350 0.001015 
351 -0.001156 
352 -0.000896 
353 0.003290 
354 0.004370 
355 0.001744 
356 0.000375 
357 0.001585 
358 0.002604 
359 0.001314 
360 -0.000142 
361 0.001524 
362 0.003649 
363 0.003055 
364 0.002366 
365 0.003387 
366 0.004051 
367 0.001728 
368 -0.002481 
369 -0.003761 
370 -0.001226 
371 0.001276 
372 0.002824 
373 0.004941 
374 0.006500 
375 0.005018 
376 0.001882 
377 0.001524 
378 0.002919 
379 0.000737 
380 -0.002642 
381 -0.001591 
382 0.001564 
383 0.002550 
384 0.001857 
385 0.002372 
386 0.004498 
387 0.003792 
388 -0.000376 
389 -0.000554 
390 0.003657 
391 0.004194 
392 0.000512 
393 -0.000773 
394 0.001592 
395 0.002909 
396 0.000715 
397 -0.000005 
398 0.003634 
399 0.004411 
400 0.000491 
401 0.000338 
402 0.004244 
403 0.005714 
404 0.003433 
405 0.000567 
406 0.000261 
407 0.000632 
408 -0.002078 
409 -0.002912 
410 0.001867 
411 0.004497 
412 0.001521 
413 -0.000079 
414 0.004178 
415 0.008217 
416 0.005398 
417 0.000041 
418 -0.000120 
419 0.001662 
420 -0.000548 
421 -0.002287 
422 -0.000145 
423 0.002854 
424 0.002479 
425 -0.000275 
426 0.001058 
427 0.005358 
428 0.004114 
429 0.000736 
430 0.002557 
431 0.004469 
432 0.002306 
433 -0.000807 
434 -0.001120 
435 0.001664 
436 0.002069 
437 -0.001652 
438 -0.001383 
439 0.002905 
440 0.003473 
441 0.002035 
442 0.003169 
443 0.004421 
444 0.002429 
445 -0.001212 
446 -0.001691 
447 0.001284 
448 0.001211 
449 -0.002023 
450 -0.001466 
451 0.001912 
452 0.002795 
453 0.001219 
454 0.001615 
455 0.004871 
456 0.005691 
457 0.001451 
458 -0.002243 
459 -0.001876 
460 -0.000103 
461 0.000268 
462 -0.001131 
463 -0.001683 
464 0.000662 
465 0.002579 
466 0.003201 
467 0.004219 
468 0.004087 
469 0.002386 
470 0.000653 
471 -0.000683 
472 0.000067 
473 0.001343 
474 0.000057 
475 -0.001097 
476 -0.000213 
477 0.000632 
478 0.001542 
479 0.002338 
480 0.002836 
481 0.002931 
482 0.000864 
483 -0.000467 
484 0.001638 
485 0.003157 
486 0.002433 
487 0.002005 
488 0.002079 
489 0.001813 
490 -0.000435 
491 -0.002882 
492 -0.000935 
493 0.001386 
494 -0.000447 
495 -0.000839 
496 0.003120 
497 0.007651 
498 0.008241 
499 0.003584 
500 0.000529 
501 0.001392 
502 -0.001369 
503 -0.005559 
504 -0.003607 
505 0.001095 
506 0.002940 
507 0.002078 
508 0.001410 
509 0.004442 
510 0.006842 
511 0.003340 
512 0.000442 
513 0.001019 
514 0.000041 
515 -0.001400 
516 -0.001102 
517 0.001056 
518 0.003540 
519 0.002008 
520 -0.000593 
521 0.001898 
522 0.004442 
523 0.002514 
524 0.001282 
525 0.001887 
526 0.001401 
527 -0.000797 
528 -0.002381 
529 0.000223 
530 0.004235 
531 0.003468 
532 0.000761 
533 0.001274 
534 0.002515 
535 0.001481 
536 0.000059 
537 0.001120 
538 0.002406 
539 -0.000119 
540 -0.002060 
541 0.001328 
542 0.004444 
543 0.003025 
544 -0.000294 
545 -0.000630 
546 0.002121 
547 0.001562 
548 -0.001422 
549 0.000811 
550 0.004561 
551 0.002302 
552 -0.001294 
553 -0.000732 
554 0.002525 
555 0.003064 
556 -0.000946 
557 -0.002643 
558 0.000799 
559 0.002159 
560 0.000312 
561 0.000764 
562 0.003700 
563 0.004382 
564 0.000589 
565 -0.002712 
566 -0.000701 
567 0.000939 
568 -0.001136 
569 -0.001192 
570 0.001332 
571 0.001878 
572 0.000734 
573 0.000438 
574 0.002401 
575 0.003779 
576 0.000759 
577 -0.001441 
578 0.000977 
579 0.001975 
580 0.000202 
581 -0.000191 
582 0.000443 
583 0.001232 
584 0.000228 
585 -0.001780 
586 0.001090 
587 0.004384 
588 0.001278 
589 -0.001321 
590 0.000224 
591 0.001419 
592 0.000691 
593 -0.001435 
594 -0.000849 
595 0.002624 
596 0.001585 
597 -0.001769 
598 -0.000615 
599 0.001933 
600 0.001851 
601 -0.000683 
602 -0.001827 
603 0.000944 
604 0.001548 
605 -0.001925 
606 -0.002096 
607 0.000707 
608 0.000840 
609 -0.001026 
610 -0.001703 
611 0.000481 
612 0.002266 
613 -0.000158 
614 -0.001986 
615 -0.000352 
616 -0.000095 
617 -0.001592 
618 -0.001636 
619 -0.000121 
620 0.000885 
621 -0.000735 
622 -0.002537 
623 -0.001018 
624 0.000174 
625 -0.001754 
626 -0.002723 
627 -0.001387 
628 -0.000001 
629 0.000067 
630 0.000037 
631 0.001397 
632 0.001305 
633 -0.001395 
634 -0.003082 
635 -0.002956 
636 -0.002904 
637 -0.003648 
638 -0.004174 
639 -0.001640 
640 0.001908 
641 0.000815 
642 -0.001909 
643 -0.000923 
644 0.000561 
645 -0.000589 
646 -0.002534 
647 -0.002699 
648 -0.001417 
649 -0.001194 
650 -0.002479 
651 -0.002112 
652 0.000201 
653 0.000027 
654 -0.002252 
655 -0.003058 
656 -0.002288 
657 -0.002020 
658 -0.003385 
659 -0.004520 
660 -0.002949 
661 -0.001638 
662 -0.002001 
663 -0.000010 
664 0.003039 
665 0.002437 
666 -0.000810 
667 -0.003781 
668 -0.004323 
669 -0.003998 
670 -0.004988 
671 -0.003715 
672 -0.000107 
673 0.000293 
674 -0.001797 
675 -0.002494 
676 -0.001723 
677 -0.001288 
678 -0.002669 
679 -0.003817 
680 -0.001466 
681 0.000442 
682 -0.001090 
683 -0.001952 
684 -0.001464 
685 -0.002170 
686 -0.004098 
687 -0.004679 
688 -0.001992 
689 0.001065 
690 0.000021 
691 -0.002106 
692 -0.001762 
693 -0.001621 
694 -0.003368 
695 -0.004930 
696 -0.004277 
697 -0.001731 
698 -0.001137 
699 -0.002186 
700 -0.000639 
701 0.001579 
702 0.000613 
703 -0.001929 
704 -0.003113 
705 -0.002318 
706 -0.002172 
707 -0.004803 
708 -0.005283 
709 -0.002065 
710 -0.001013 
711 -0.002486 
712 -0.002256 
713 -0.000875 
714 -0.000362 
715 -0.001851 
716 -0.003631 
717 -0.002362 
718 -0.000936 
719 -0.002713 
720 -0.004077 
721 -0.002843 
722 -0.001681 
723 -0.002491 
724 -0.003297 
725 -0.001580 
726 0.000031 
727 -0.001435 
728 -0.002553 
729 -0.002030 
730 -0.002323 
731 -0.003681 
732 -0.004336 
733 -0.002579 
734 -0.000312 
735 -0.000982 
736 -0.002115 
737 -0.000820 
738 -0.000062 
739 -0.001671 
740 -0.003663 
741 -0.003633 
742 -0.001889 
743 -0.001485 
744 -0.002206 
745 -0.001134 
746 0.000226 
747 -0.000641 
748 -0.002101 
749 -0.002321 
750 -0.001548 
751 -0.001496 
752 -0.002670 
753 -0.002564 
754 -0.000587 
755 -0.000050 
756 -0.000945 
757 -0.001197 
758 -0.000762 
759 -0.000843 
760 -0.002386 
761 -0.003127 
762 -0.001194 
763 -0.000346 
764 -0.001920 
765 -0.002123 
766 -0.000841 
767 -0.000310 
768 -0.001009 
769 -0.002293 
770 -0.001823 
771 0.000039 
772 -0.000702 
773 -0.002283 
774 -0.001108 
775 0.000148 
776 -0.000943 
777 -0.002288 
778 -0.002025 
779 -0.000739 
780 -0.000411 
781 -0.001336 
782 -0.000909 
783 0.000780 
784 0.000465 
785 -0.001400 
786 -0.001475 
787 -0.000250 
788 -0.000499 
789 -0.002354 
790 -0.002757 
791 -0.000741 
792 0.000258 
793 -0.000873 
794 -0.001421 
795 0.000040 
796 0.001130 
797 -0.000050 
798 -0.000920 
799 0.000268 
800 0.000579 
801 -0.001306 
802 -0.002290 
803 -0.001023 
804 0.000266 
805 -0.000061 
806 -0.000688 
807 0.000446 
808 0.001496 
809 0.000250 
810 -0.001368 
811 -0.001101 
812 -0.000156 
813 -0.000567 
814 -0.001433 
815 -0.000451 
816 0.001403 
817 0.000911 
818 -0.000761 
819 -0.000301 
820 0.000839 
821 0.000477 
822 -0.000423 
823 -0.000463 
824 0.000262 
825 0.000263 
826 -0.000492 
827 -0.000031 
828 0.000907 
829 -0.000084 
830 -0.001363 
831 -0.000440 
832 0.001263 
833 0.001300 
834 -0.000191 
835 -0.000496 
836 0.001070 
837 0.001058 
838 -0.000473 
839 -0.000241 
840 0.001226 
841 0.001391 
842 0.000179 
843 -0.000435 
844 0.000809 
845 0.001652 
846 0.000182 
847 -0.001076 
848 0.000016 
849 0.001026 
850 0.000329 
851 -0.000269 
852 0.000760 
853 0.002127 
854 0.001511 
855 -0.000035 
856 0.000253 
857 0.001449 
858 0.001196 
859 0.000096 
860 -0.000320 
861 0.000132 
862 0.000323 
863 -0.000460 
864 -0.000364 
865 0.001109 
866 0.001480 
867 0.000562 
868 0.000089 
869 0.000498 
870 0.000828 
871 0.000393 
872 -0.000084 
873 0.000453 
874 0.001124 
875 0.000924 
876 0.000697 
877 0.001005 
878 0.001197 
879 0.000486 
880 -0.000763 
881 -0.001126 
882 -0.000378 
883 0.000343 
884 0.000774 
885 0.001356 
886 0.001774 
887 0.001345 
888 0.000482 
889 0.000384 
890 0.000748 
891 0.000171 
892 -0.000699 
893 -0.000424 
894 0.000379 
895 0.000621 
896 0.000440 
897 0.000563 
898 0.001069 
899 0.000887 
900 -0.000100 
901 -0.000143 
902 0.000825 
903 0.000942 
904 0.000102 
905 -0.000187 
906 0.000338 
907 0.000617 
908 0.000141 
909 -0.000010 
910 0.000748 
911 0.000905 
912 0.000094 
913 0.000057 
914 0.000837 
915 0.001120 
916 0.000661 
917 0.000104 
918 0.000045 
919 0.000115 
920 -0.000387 
921 -0.000540 
922 0.000332 
923 0.000791 
924 0.000254 
925 -0.000028 
926 0.000714 
927 0.001398 
928 0.000907 
929 0.000001 
930 -0.000029 
931 0.000262 
932 -0.000097 
933 -0.000377 
934 -0.000034 
935 0.000437 
936 0.000376 
937 -0.000046 
938 0.000157 
939 0.000794 
940 0.000605 
941 0.000105 
942 0.000364 
943 0.000636 
944 0.000326 
945 -0.000112 
946 -0.000154 
947 0.000225 
948 0.000279 
949 -0.000219 
950 -0.000184 
951 0.000377 
952 0.000450 
953 0.000259 
954 0.000399 
955 0.000552 
956 0.000302 
957 -0.000144 
958 -0.000202 
959 0.000154 
960 0.000146 
961 -0.000235 
962 -0.000170 
963 0.000218 
964 0.000316 
965 0.000136 
966 0.000179 
967 0.000533 
968 0.000619 
969 0.000158 
970 -0.000238 
971 -0.000195 
972 -0.000004 
973 0.000035 
974 -0.000110 
975 -0.000169 
976 0.000069 
977 0.000262 
978 0.000319 
979 0.000416 
980 0.000401 
981 0.000232 
982 0.000065 
983 -0.000062 
984 0.000010 
985 0.000132 
986 0.000011 
987 -0.000097 
988 -0.000014 
989 0.000065 
990 0.000144 
991 0.000214 
992 0.000256 
993 0.000264 
994 0.000083 
995 -0.000035 
996 0.000148 
997 0.000282 
998 0.000217 
999 0.000178 
1000 0.000184 
1001 0.000159 
1002 -0.000032 
1003 -0.000237 
1004 -0.000075 
1005 0.000120 
1006 -0.000029 
1007 -0.000063 
1008 0.000264 
1009 0.000634 
1010 0.000680 
1011 0.000299 
1012 0.000049 
1013 0.000118 
1014 -0.000104 
1015 -0.000444 
1016 -0.000287 
1017 0.000095 
1018 0.000243 
1019 0.000173 
1020 0.000119 
1021 0.000363 
1022 0.000556 
1023 0.000276 
