0 0.857967 
1 0.134859 
2 -0.108739 
3 -0.022076 
4 0.216116 
5 -0.021184 
6 0.080828 
7 -0.047340 
8 -0.050678 
9 -0.059188 
10 0.148647 
11 0.072804 
12 0.011755 
13 0.018618 
14 -0.048154 
15 0.046805 
16 -0.035501 
17 0.093615 
18 0.079106 
19 -0.012732 
20 -0.007510 
21 -0.034212 
22 -0.035847 
23 0.047968 
24 0.010349 
25 0.016501 
26 0.009792 
27 -0.016849 
28 -0.054528 
29 -0.014647 
30 0.040840 
31 0.008480 
32 0.055889 
33 -0.083332 
34 0.066410 
35 -0.045276 
36 0.012811 
37 0.051032 
38 0.038694 
39 -0.084974 
40 0.032279 
41 -0.054418 
42 -0.000902 
43 0.108331 
44 -0.063671 
45 0.028028 
46 -0.008378 
47 -0.052135 
48 -0.054054 
49 0.109098 
50 -0.089872 
51 0.078245 
52 -0.108016 
53 -0.018073 
54 -0.007074 
55 -0.024808 
56 -0.051080 
57 0.027140 
58 -0.036946 
59 -0.126272 
60 0.051168 
61 -0.043223 
62 -0.046173 
63 0.137890 
64 -0.103506 
65 -0.009220 
66 0.003179 
67 -0.052417 
68 -0.063225 
69 0.140920 
70 -0.166740 
71 0.100135 
72 -0.066697 
73 -0.054073 
74 0.007653 
75 0.024246 
76 -0.042908 
77 0.073685 
78 -0.052927 
79 -0.053657 
80 0.056617 
81 -0.008610 
82 -0.030630 
83 0.135465 
84 -0.096639 
85 -0.012572 
86 0.063038 
87 -0.070334 
88 0.088656 
89 0.037627 
90 0.013504 
91 0.021582 
92 0.014257 
93 -0.031438 
94 0.100175 
95 -0.011242 
96 0.078596 
97 0.009038 
98 -0.026733 
99 0.015853 
100 0.065950 
101 -0.007738 
102 0.029176 
103 0.075119 
104 -0.064860 
105 -0.046114 
106 0.093366 
107 -0.083261 
108 0.123312 
109 -0.032158 
110 0.012516 
111 0.046212 
112 -0.015420 
113 -0.029474 
114 0.072156 
115 0.006923 
116 0.040907 
117 -0.009523 
118 -0.016617 
119 0.011924 
120 -0.022505 
121 -0.004089 
122 0.049358 
123 0.020557 
124 -0.104620 
125 0.061871 
126 -0.098837 
127 0.057484 
128 0.035496 
129 -0.091972 
130 0.097885 
131 -0.131222 
132 -0.023131 
133 0.037082 
134 -0.032911 
135 0.029089 
136 0.023842 
137 -0.117213 
138 0.046963 
139 -0.056851 
140 -0.004618 
141 0.020175 
142 -0.008524 
143 0.021135 
144 -0.053433 
145 -0.012445 
146 0.022738 
147 0.013282 
148 0.023672 
149 0.003436 
150 -0.013900 
151 -0.024283 
152 -0.013810 
153 -0.001228 
154 0.005577 
155 0.054911 
156 -0.076983 
157 0.027954 
158 -0.038571 
159 -0.019543 
160 -0.038617 
161 0.092717 
162 -0.088228 
163 0.063782 
164 -0.062020 
165 -0.017189 
166 0.003298 
167 0.014104 
168 -0.010018 
169 0.017293 
170 0.018772 
171 -0.088565 
172 0.054190 
173 -0.004886 
174 0.029971 
175 0.046042 
176 -0.026413 
177 -0.000342 
178 -0.016401 
179 -0.008319 
180 0.051312 
181 0.027706 
182 0.000995 
183 0.018425 
184 0.032651 
185 -0.085768 
186 0.097838 
187 -0.027710 
188 0.003658 
189 0.080450 
190 -0.064179 
191 0.032261 
192 0.036858 
193 -0.044932 
194 0.102309 
195 -0.051756 
196 0.076676 
197 -0.042802 
198 0.009896 
199 -0.015316 
200 0.039131 
201 0.023267 
202 0.019009 
203 0.024677 
204 -0.043772 
205 0.043629 
206 -0.039624 
207 0.002243 
208 0.064728 
209 -0.067663 
210 0.039048 
211 -0.091828 
212 0.041335 
213 -0.062544 
214 0.026816 
215 -0.031908 
216 0.010780 
217 -0.027505 
218 -0.038217 
219 -0.018226 
220 0.057571 
221 -0.067269 
222 0.067977 
223 -0.048185 
224 -0.013542 
225 -0.015057 
226 0.020362 
227 -0.012355 
228 0.080864 
229 -0.055936 
230 0.030654 
231 -0.044217 
232 -0.020064 
233 0.054861 
234 -0.051381 
235 0.044789 
236 0.011420 
237 -0.073250 
238 -0.005315 
239 0.014928 
240 -0.063738 
241 0.048582 
242 0.021230 
243 -0.106137 
244 0.026810 
245 -0.014221 
246 -0.086385 
247 0.105875 
248 0.019050 
249 -0.071072 
250 0.020249 
251 -0.014536 
252 -0.093713 
253 0.113875 
254 -0.068150 
255 0.088031 
256 -0.005030 
257 -0.052702 
258 -0.005986 
259 0.079751 
260 -0.037313 
261 0.043047 
262 -0.012799 
263 0.031659 
264 -0.065749 
265 0.039799 
266 -0.060867 
267 0.115624 
268 -0.069341 
269 0.006714 
270 0.003388 
271 -0.031011 
272 0.017734 
273 0.006886 
274 0.004432 
275 0.072187 
276 -0.024609 
277 -0.032952 
278 0.031320 
279 0.034182 
280 -0.023032 
281 0.105092 
282 -0.020583 
283 0.014309 
284 0.028654 
285 -0.007243 
286 0.014960 
287 0.064858 
288 0.024368 
289 -0.065601 
290 0.054513 
291 -0.049537 
292 0.013349 
293 -0.013140 
294 0.046932 
295 0.003924 
296 -0.042190 
297 -0.055245 
298 -0.006390 
299 -0.014105 
300 0.013394 
301 -0.005143 
302 -0.022724 
303 -0.022371 
304 -0.032443 
305 -0.054598 
306 0.048067 
307 -0.021623 
308 0.000944 
309 0.016046 
310 -0.037173 
311 -0.051967 
312 0.089361 
313 -0.067259 
314 0.062859 
315 0.000065 
316 -0.053294 
317 -0.008504 
318 -0.023558 
319 -0.046378 
320 0.057100 
321 -0.014418 
322 -0.013125 
323 -0.086066 
324 0.004677 
325 -0.071732 
326 0.020890 
327 -0.004713 
328 0.032792 
329 -0.090299 
330 0.007113 
331 -0.018076 
332 0.006245 
333 0.006681 
334 0.032823 
335 -0.048267 
336 0.019486 
337 -0.046326 
338 -0.037210 
339 0.111686 
340 -0.019231 
341 0.039705 
342 0.003092 
343 -0.018333 
344 0.021462 
345 0.010635 
346 -0.003693 
347 0.080380 
348 0.005759 
349 -0.059496 
350 -0.012081 
351 0.002405 
352 -0.038060 
353 0.099869 
354 -0.056653 
355 0.015845 
356 0.041967 
357 -0.066456 
358 0.019228 
359 0.075535 
360 0.005943 
361 0.006551 
362 0.005975 
363 -0.005694 
364 -0.025092 
365 0.096915 
366 -0.060118 
367 0.129161 
368 0.017430 
369 -0.047912 
370 0.027673 
371 0.072212 
372 -0.077834 
373 0.130761 
374 -0.026686 
375 0.013372 
376 0.033971 
377 -0.087291 
378 0.033966 
379 0.051345 
380 -0.066709 
381 0.046484 
382 -0.071904 
383 0.023997 
384 -0.074024 
385 0.046614 
386 -0.023255 
387 0.043162 
388 -0.041279 
389 -0.058930 
390 0.012072 
391 -0.045554 
392 0.005086 
393 0.013398 
394 -0.023554 
395 0.003002 
396 -0.066348 
397 -0.047403 
398 0.036083 
399 -0.038619 
400 0.016919 
401 -0.037918 
402 -0.025371 
403 -0.045392 
404 0.007247 
405 -0.075591 
406 0.068433 
407 -0.027792 
408 -0.063754 
409 -0.033259 
410 -0.000036 
411 -0.052494 
412 0.036273 
413 -0.025520 
414 0.041304 
415 -0.024481 
416 -0.062666 
417 0.002788 
418 0.042243 
419 -0.019089 
420 0.087572 
421 -0.028846 
422 0.001529 
423 0.021038 
424 -0.025037 
425 0.044194 
426 0.045402 
427 -0.028522 
428 0.024616 
429 -0.025123 
430 0.006136 
431 -0.023059 
432 0.110045 
433 -0.055783 
434 0.030306 
435 -0.008267 
436 -0.053744 
437 0.032836 
438 0.010169 
439 0.007860 
440 0.080524 
441 -0.042284 
442 0.008184 
443 0.021696 
444 -0.014129 
445 0.050134 
446 0.025216 
447 0.036853 
448 0.005668 
449 -0.021215 
450 0.005278 
451 0.057778 
452 0.028706 
453 0.012775 
454 0.023894 
455 -0.029105 
456 -0.002935 
457 0.015839 
458 -0.019820 
459 0.071797 
460 -0.001031 
461 -0.042222 
462 -0.042908 
463 0.020010 
464 -0.062590 
465 0.057916 
466 -0.033355 
467 0.020691 
468 -0.007881 
469 -0.007835 
470 -0.092765 
471 0.093219 
472 -0.048071 
473 0.019519 
474 -0.027663 
475 0.003910 
476 -0.053861 
477 -0.020453 
478 0.007491 
479 0.043284 
480 -0.063247 
481 0.023826 
482 -0.076452 
483 0.013674 
484 -0.048218 
485 0.026327 
486 -0.027125 
487 0.059290 
488 -0.078349 
489 -0.043085 
490 0.014534 
491 -0.025212 
492 0.013537 
493 0.022130 
494 -0.014382 
495 -0.021412 
496 0.007197 
497 -0.019120 
498 -0.001616 
499 0.074838 
500 -0.030589 
501 -0.031949 
502 0.027077 
503 -0.053864 
504 0.052129 
505 0.015978 
506 0.022050 
507 -0.006775 
508 0.016350 
509 -0.039343 
510 -0.004707 
511 0.000332 
512 0.081910 
513 -0.044876 
514 0.026791 
515 0.004255 
516 -0.040487 
517 -0.008300 
518 0.081923 
519 -0.035126 
520 0.041630 
521 0.002711 
522 -0.047720 
523 0.032494 
524 0.052117 
525 -0.006525 
526 0.067712 
527 -0.025212 
528 -0.005025 
529 -0.016052 
530 0.023873 
531 0.029708 
532 0.041752 
533 -0.014229 
534 0.012518 
535 -0.017880 
536 -0.007578 
537 0.001575 
538 0.043182 
539 -0.053569 
540 0.123693 
541 -0.141011 
542 0.024956 
543 0.029366 
544 -0.037290 
545 0.028821 
546 0.011430 
547 -0.051399 
548 -0.010631 
549 0.002804 
550 -0.036111 
551 0.060883 
552 0.051872 
553 -0.058843 
554 -0.006573 
555 0.026517 
556 -0.092626 
557 0.065454 
558 0.027147 
559 -0.021733 
560 0.004053 
561 -0.007623 
562 -0.084364 
563 0.091686 
564 -0.074066 
565 0.080977 
566 -0.055657 
567 0.013283 
568 -0.054059 
569 0.021717 
570 -0.014998 
571 0.066744 
572 -0.042096 
573 0.008077 
574 -0.051335 
575 -0.030625 
576 -0.009941 
577 0.034053 
578 -0.037663 
579 0.056896 
580 -0.046071 
581 -0.027813 
582 -0.010516 
583 0.021678 
584 -0.003730 
585 0.037649 
586 -0.035174 
587 -0.015567 
588 -0.019993 
589 -0.029189 
590 0.025017 
591 -0.005518 
592 -0.004860 
593 -0.014978 
594 -0.054418 
595 0.003195 
596 0.020453 
597 -0.011408 
598 0.043839 
599 0.040948 
600 -0.115606 
601 0.078569 
602 -0.009872 
603 -0.036872 
604 0.124426 
605 -0.021242 
606 -0.022959 
607 0.077161 
608 -0.020065 
609 -0.018533 
610 0.075007 
611 0.009496 
612 -0.005930 
613 0.050937 
614 -0.033923 
615 0.019289 
616 0.061476 
617 0.000013 
618 -0.003139 
619 0.049133 
620 -0.019233 
621 -0.049436 
622 0.004381 
623 0.004801 
624 0.072531 
625 -0.063390 
626 0.032196 
627 0.001119 
628 -0.025103 
629 0.002330 
630 0.073676 
631 -0.050789 
632 0.080076 
633 -0.052373 
634 -0.016638 
635 0.057542 
636 0.008525 
637 -0.039690 
638 0.082650 
639 -0.065831 
640 0.018199 
641 -0.035885 
642 0.022708 
643 -0.020665 
644 0.061149 
645 -0.062272 
646 -0.015209 
647 -0.018686 
648 -0.016679 
649 -0.056186 
650 0.029914 
651 0.017897 
652 -0.044218 
653 -0.008083 
654 -0.056209 
655 0.028003 
656 -0.025758 
657 -0.003367 
658 0.004905 
659 -0.055570 
660 0.053029 
661 -0.123442 
662 0.010883 
663 0.123800 
664 -0.153443 
665 0.100150 
666 -0.072184 
667 -0.011223 
668 -0.051009 
669 0.061233 
670 -0.042481 
671 0.055761 
672 -0.035572 
673 -0.062983 
674 0.017986 
675 -0.015922 
676 -0.035394 
677 0.041951 
678 -0.042445 
679 0.000967 
680 -0.042737 
681 0.006356 
682 -0.015234 
683 0.059588 
684 -0.018566 
685 0.021845 
686 0.013855 
687 -0.059958 
688 0.093806 
689 -0.034421 
690 0.062965 
691 0.076874 
692 -0.065935 
693 0.040774 
694 -0.029420 
695 0.028031 
696 0.040792 
697 0.096629 
698 -0.072795 
699 0.079878 
700 -0.025730 
701 -0.041748 
702 0.103182 
703 -0.017400 
704 0.025044 
705 0.030270 
706 -0.085246 
707 0.045463 
708 0.003357 
709 0.037887 
710 0.024321 
711 0.014679 
712 -0.022129 
713 0.040218 
714 -0.060965 
715 0.024729 
716 0.075386 
717 -0.021191 
718 -0.007415 
719 0.027063 
720 -0.059395 
721 -0.026280 
722 0.078017 
723 -0.090576 
724 0.089203 
725 -0.015655 
726 -0.112333 
727 0.071918 
728 -0.013643 
729 -0.086616 
730 0.133666 
731 -0.127644 
732 0.067352 
733 -0.117825 
734 0.029886 
735 -0.053649 
736 0.075051 
737 -0.065474 
738 -0.018464 
739 0.028964 
740 -0.086188 
741 -0.014973 
742 0.029777 
743 -0.032554 
744 0.057505 
745 -0.068324 
746 -0.003559 
747 -0.009830 
748 -0.016886 
749 -0.006536 
750 0.006861 
751 0.015270 
752 -0.061978 
753 0.009009 
754 -0.059583 
755 0.043979 
756 -0.017781 
757 -0.033133 
758 0.062304 
759 -0.087469 
760 -0.006430 
761 -0.012705 
762 -0.013380 
763 0.061915 
764 0.000621 
765 -0.039164 
766 0.008233 
767 -0.000501 
768 -0.034223 
769 0.037957 
770 0.014382 
771 0.045769 
772 0.001602 
773 -0.065777 
774 0.072461 
775 0.016459 
776 -0.015805 
777 0.081638 
778 -0.027986 
779 0.023548 
780 -0.009239 
781 0.012827 
782 -0.007588 
783 0.114613 
784 -0.075891 
785 0.026269 
786 0.045872 
787 -0.093284 
788 0.049858 
789 0.069751 
790 -0.061205 
791 0.126657 
792 -0.077410 
793 0.004164 
794 0.010419 
795 0.022788 
796 -0.021014 
797 0.104265 
798 -0.090495 
799 0.014350 
800 0.005246 
801 -0.043030 
802 0.041992 
803 0.058149 
804 -0.081273 
805 0.023395 
806 -0.036911 
807 -0.068640 
808 0.076522 
809 -0.011687 
810 -0.020649 
811 0.084518 
812 -0.126236 
813 -0.006766 
814 0.009930 
815 -0.037560 
816 0.027097 
817 0.016321 
818 -0.017548 
819 -0.068713 
820 0.034743 
821 -0.102936 
822 0.115411 
823 -0.037273 
824 0.042914 
825 -0.026005 
826 -0.078715 
827 0.026453 
828 0.023579 
829 -0.021097 
830 0.050458 
831 -0.070085 
832 0.011046 
833 -0.077761 
834 0.001669 
835 -0.007578 
836 0.057892 
837 -0.041036 
838 0.008640 
839 -0.028507 
840 -0.016711 
841 -0.041803 
842 0.071034 
843 -0.047732 
844 0.078413 
845 -0.045485 
846 -0.088224 
847 0.101940 
848 -0.079735 
849 0.032639 
850 0.064088 
851 -0.022485 
852 -0.012499 
853 0.011724 
854 0.021606 
855 0.040369 
856 0.073708 
857 -0.019302 
858 0.017344 
859 0.005370 
860 -0.071947 
861 0.080097 
862 -0.051765 
863 0.103066 
864 -0.019085 
865 -0.020486 
866 0.000028 
867 -0.010935 
868 0.025341 
869 0.009387 
870 0.045322 
871 -0.032986 
872 -0.001721 
873 -0.020301 
874 -0.018325 
875 0.070605 
876 0.000160 
877 -0.031982 
878 0.031421 
879 -0.048866 
880 -0.033522 
881 0.023180 
882 0.002665 
883 0.031965 
884 -0.009500 
885 -0.034568 
886 -0.034218 
887 -0.010527 
888 0.035319 
889 -0.019119 
890 -0.008154 
891 0.046681 
892 -0.122869 
893 0.067897 
894 -0.061849 
895 0.075204 
896 -0.050348 
897 0.052960 
898 -0.098464 
899 0.038774 
900 0.007292 
901 0.001994 
902 0.050620 
903 -0.016297 
904 0.016158 
905 -0.057945 
906 0.034630 
907 -0.038369 
908 0.058801 
909 0.001587 
910 -0.000659 
911 0.018401 
912 0.029169 
913 -0.060170 
914 0.052480 
915 -0.021765 
916 0.027390 
917 -0.061012 
918 0.043727 
919 -0.049096 
920 -0.006666 
921 -0.020210 
922 0.032799 
923 -0.052283 
924 0.058672 
925 -0.133399 
926 0.010007 
927 0.028646 
928 -0.054747 
929 0.031999 
930 0.049222 
931 -0.077236 
932 0.004587 
933 -0.008204 
934 0.010097 
935 0.016188 
936 0.029513 
937 0.010153 
938 0.031866 
939 0.026329 
940 -0.021579 
941 -0.035230 
942 0.067797 
943 0.020139 
944 -0.029967 
945 0.036820 
946 -0.067199 
947 -0.019778 
948 0.024912 
949 -0.034278 
950 0.090060 
951 -0.105701 
952 0.054309 
953 -0.125380 
954 0.095898 
955 0.042019 
956 0.034793 
957 0.048983 
958 0.026385 
959 -0.032755 
960 0.015310 
961 0.016772 
962 0.047172 
963 0.022516 
964 -0.057029 
965 0.017613 
966 -0.053895 
967 0.100144 
968 -0.024520 
969 0.035159 
970 0.014338 
971 -0.132239 
972 -0.023013 
973 0.053727 
974 -0.026434 
975 0.105817 
976 -0.014052 
977 -0.091456 
978 -0.022677 
979 0.033038 
980 0.004512 
981 0.033858 
982 0.019361 
983 -0.039874 
984 0.044081 
985 -0.023239 
986 0.011289 
987 0.051301 
988 0.022685 
989 -0.016864 
990 -0.069109 
991 0.070654 
992 -0.061198 
993 0.116556 
994 -0.096109 
995 0.070921 
996 -0.070794 
997 0.004970 
998 -0.197660 
999 0.075282 
1000 -0.113067 
1001 -0.009949 
1002 0.019263 
1003 -0.089819 
1004 -0.069900 
1005 0.023510 
1006 -0.026972 
1007 -0.050067 
1008 0.179475 
1009 -0.132989 
1010 -0.150969 
1011 0.003309 
1012 0.131706 
1013 -0.161152 
1014 0.016938 
1015 0.084368 
1016 0.073977 
1017 -0.180457 
1018 0.254065 
1019 0.054565 
1020 -0.140647 
1021 0.124655 
1022 0.038365 
1023 0.040881 
