0 -0.000101 
1 -0.000102 
2 -0.000104 
3 -0.000101 
4 -0.000118 
5 -0.000122 
6 -0.000110 
7 -0.000104 
8 -0.000102 
9 -0.000103 
10 -0.000093 
11 -0.000075 
12 -0.000041 
13 -0.000060 
14 -0.000065 
15 -0.000070 
16 -0.000064 
17 -0.000065 
18 -0.000066 
19 -0.000058 
20 -0.000046 
21 -0.000036 
22 -0.000018 
23 -0.000015 
24 -0.000016 
25 -0.000001 
26 0.000003 
27 -0.000011 
28 -0.000009 
29 -0.000009 
30 0.000016 
31 0.000037 
32 0.000051 
33 0.000066 
34 0.000093 
35 0.000114 
36 0.000136 
37 0.000141 
38 0.000144 
39 0.000158 
40 0.000171 
41 0.000191 
42 0.000195 
43 0.000205 
44 0.000217 
45 0.000242 
46 0.000251 
47 0.000267 
48 0.000295 
49 0.000322 
50 0.000356 
51 0.000393 
52 0.000434 
53 0.000457 
54 0.000463 
55 0.000453 
56 0.000443 
57 0.000421 
58 0.000400 
59 0.000387 
60 0.000382 
61 0.000408 
62 0.000440 
63 0.000482 
64 0.000514 
65 0.000545 
66 0.000556 
67 0.000547 
68 0.000540 
69 0.000546 
70 0.000527 
71 0.000490 
72 0.000483 
73 0.000490 
74 0.000514 
75 0.000533 
76 0.000535 
77 0.000529 
78 0.000520 
79 0.000521 
80 0.000547 
81 0.000584 
82 0.000638 
83 0.000680 
84 0.000708 
85 0.000735 
86 0.000731 
87 0.000730 
88 0.000760 
89 0.000786 
90 0.000819 
91 0.000801 
92 0.000792 
93 0.000822 
94 0.000853 
95 0.000861 
96 0.000872 
97 0.000865 
98 0.000858 
99 0.000842 
100 0.000819 
101 0.000799 
102 0.000792 
103 0.000758 
104 0.000769 
105 0.000805 
106 0.000808 
107 0.000807 
108 0.000807 
109 0.000819 
110 0.000802 
111 0.000717 
112 0.000653 
113 0.000598 
114 0.000590 
115 0.000601 
116 0.000581 
117 0.000538 
118 0.000514 
119 0.000489 
120 0.000490 
121 0.000493 
122 0.000438 
123 0.000375 
124 0.000260 
125 0.000180 
126 0.000144 
127 0.000137 
128 0.000099 
129 0.000063 
130 0.000070 
131 0.000098 
132 0.000066 
133 -0.000007 
134 -0.000093 
135 -0.000150 
136 -0.000202 
137 -0.000296 
138 -0.000379 
139 -0.000425 
140 -0.000449 
141 -0.000458 
142 -0.000460 
143 -0.000468 
144 -0.000491 
145 -0.000562 
146 -0.000609 
147 -0.000738 
148 -0.000828 
149 -0.000773 
150 -0.000616 
151 -0.000602 
152 -0.000863 
153 -0.001073 
154 -0.000903 
155 -0.000558 
156 -0.000494 
157 -0.000792 
158 -0.001005 
159 -0.000960 
160 -0.000881 
161 -0.000820 
162 -0.000767 
163 -0.000886 
164 -0.001128 
165 -0.001272 
166 -0.001176 
167 -0.001040 
168 -0.000987 
169 -0.001078 
170 -0.001247 
171 -0.001331 
172 -0.001268 
173 -0.001233 
174 -0.001312 
175 -0.001231 
176 -0.001071 
177 -0.001171 
178 -0.001411 
179 -0.001463 
180 -0.001267 
181 -0.001193 
182 -0.001332 
183 -0.001430 
184 -0.001415 
185 -0.001450 
186 -0.001548 
187 -0.001594 
188 -0.001503 
189 -0.001348 
190 -0.001343 
191 -0.001374 
192 -0.001382 
193 -0.001296 
194 -0.001240 
195 -0.001294 
196 -0.001370 
197 -0.001436 
198 -0.001471 
199 -0.001534 
200 -0.001526 
201 -0.001477 
202 -0.001403 
203 -0.001352 
204 -0.001315 
205 -0.001249 
206 -0.001186 
207 -0.001177 
208 -0.001263 
209 -0.001318 
210 -0.001345 
211 -0.001326 
212 -0.001306 
213 -0.001214 
214 -0.001106 
215 -0.001144 
216 -0.001065 
217 -0.001002 
218 -0.000831 
219 -0.000598 
220 -0.000521 
221 -0.000523 
222 -0.000581 
223 -0.000761 
224 -0.001005 
225 -0.001163 
226 -0.001213 
227 -0.001142 
228 -0.000928 
229 -0.000641 
230 -0.000248 
231 0.000186 
232 0.000432 
233 0.000509 
234 0.000373 
235 0.000059 
236 -0.000331 
237 -0.000602 
238 -0.000498 
239 -0.000118 
240 0.000259 
241 0.000366 
242 0.000230 
243 0.000099 
244 0.000013 
245 -0.000052 
246 -0.000109 
247 -0.000221 
248 -0.000101 
249 0.000272 
250 0.000603 
251 0.000810 
252 0.000888 
253 0.000832 
254 0.000724 
255 0.000616 
256 0.000471 
257 0.000362 
258 0.000252 
259 0.000225 
260 0.000348 
261 0.000494 
262 0.000643 
263 0.000690 
264 0.000839 
265 0.001050 
266 0.001374 
267 0.001661 
268 0.001752 
269 0.001725 
270 0.001735 
271 0.001779 
272 0.001760 
273 0.001375 
274 0.000904 
275 0.000738 
276 0.000858 
277 0.001185 
278 0.001347 
279 0.001259 
280 0.001247 
281 0.001384 
282 0.001579 
283 0.001748 
284 0.001880 
285 0.001817 
286 0.001473 
287 0.000937 
288 0.000432 
289 0.000088 
290 0.000139 
291 0.000185 
292 0.000088 
293 -0.000006 
294 0.000107 
295 0.000489 
296 0.000862 
297 0.000819 
298 0.000382 
299 0.000075 
300 0.000084 
301 0.000273 
302 0.000373 
303 0.000199 
304 -0.000025 
305 -0.000199 
306 -0.000412 
307 -0.000704 
308 -0.001031 
309 -0.001108 
310 -0.000911 
311 -0.000600 
312 -0.000556 
313 -0.000552 
314 -0.000545 
315 -0.000526 
316 -0.000597 
317 -0.000996 
318 -0.001405 
319 -0.001543 
320 -0.001574 
321 -0.001745 
322 -0.002047 
323 -0.002281 
324 -0.002231 
325 -0.002082 
326 -0.001953 
327 -0.002024 
328 -0.002036 
329 -0.001856 
330 -0.001785 
331 -0.002010 
332 -0.002247 
333 -0.002336 
334 -0.002339 
335 -0.002355 
336 -0.002508 
337 -0.002562 
338 -0.002301 
339 -0.001935 
340 -0.001848 
341 -0.001917 
342 -0.001932 
343 -0.001775 
344 -0.001596 
345 -0.001460 
346 -0.001482 
347 -0.001536 
348 -0.001621 
349 -0.001650 
350 -0.001726 
351 -0.001745 
352 -0.001664 
353 -0.001599 
354 -0.001474 
355 -0.001345 
356 -0.001222 
357 -0.001076 
358 -0.001070 
359 -0.001115 
360 -0.001322 
361 -0.001386 
362 -0.001305 
363 -0.001324 
364 -0.001394 
365 -0.001451 
366 -0.001419 
367 -0.001382 
368 -0.001320 
369 -0.001350 
370 -0.001399 
371 -0.001321 
372 -0.001207 
373 -0.001099 
374 -0.000986 
375 -0.000896 
376 -0.000804 
377 -0.000596 
378 -0.000324 
379 -0.000342 
380 -0.000368 
381 -0.000578 
382 -0.000826 
383 -0.000830 
384 -0.000863 
385 -0.000825 
386 -0.000944 
387 -0.000769 
388 -0.000476 
389 -0.000263 
390 -0.000138 
391 -0.000044 
392 0.000060 
393 0.000299 
394 0.000437 
395 0.000452 
396 0.000418 
397 0.000404 
398 0.000617 
399 0.000679 
400 0.000791 
401 0.000953 
402 0.000984 
403 0.001216 
404 0.001493 
405 0.001674 
406 0.001694 
407 0.001619 
408 0.001568 
409 0.001575 
410 0.001473 
411 0.001352 
412 0.001598 
413 0.001840 
414 0.002094 
415 0.002271 
416 0.002442 
417 0.002550 
418 0.002474 
419 0.002553 
420 0.002641 
421 0.002747 
422 0.002726 
423 0.002718 
424 0.002634 
425 0.002501 
426 0.002290 
427 0.002209 
428 0.002432 
429 0.002542 
430 0.002753 
431 0.002712 
432 0.003001 
433 0.003188 
434 0.003358 
435 0.003443 
436 0.003556 
437 0.003593 
438 0.003478 
439 0.003358 
440 0.003033 
441 0.002927 
442 0.002808 
443 0.002554 
444 0.002420 
445 0.002306 
446 0.002346 
447 0.002541 
448 0.002649 
449 0.002728 
450 0.002891 
451 0.002984 
452 0.002838 
453 0.002589 
454 0.002319 
455 0.002020 
456 0.001640 
457 0.001137 
458 0.000777 
459 0.000677 
460 0.000775 
461 0.000833 
462 0.000916 
463 0.000866 
464 0.000934 
465 0.000900 
466 0.000863 
467 0.000833 
468 0.000854 
469 0.000893 
470 0.000592 
471 0.000332 
472 0.000170 
473 0.000105 
474 0.000076 
475 -0.000045 
476 -0.000122 
477 -0.000034 
478 -0.000262 
479 -0.000392 
480 -0.000459 
481 -0.000387 
482 -0.000370 
483 -0.000595 
484 -0.000664 
485 -0.000768 
486 -0.000775 
487 -0.000928 
488 -0.001207 
489 -0.001496 
490 -0.001544 
491 -0.001586 
492 -0.001534 
493 -0.001580 
494 -0.001807 
495 -0.001995 
496 -0.001796 
497 -0.001431 
498 -0.001125 
499 -0.001177 
500 -0.001231 
501 -0.001281 
502 -0.001364 
503 -0.001487 
504 -0.001779 
505 -0.001841 
506 -0.001856 
507 -0.001629 
508 -0.001519 
509 -0.001411 
510 -0.001134 
511 -0.000896 
512 -0.000701 
513 -0.000716 
514 -0.000736 
515 -0.000676 
516 -0.000893 
517 -0.000922 
518 -0.000755 
519 -0.000687 
520 -0.000656 
521 -0.000677 
522 -0.000561 
523 -0.000328 
524 0.000085 
525 -0.000143 
526 -0.000201 
527 -0.000243 
528 -0.000166 
529 -0.000173 
530 -0.000182 
531 -0.000095 
532 0.000040 
533 0.000169 
534 0.000394 
535 0.000419 
536 0.000417 
537 0.000603 
538 0.000657 
539 0.000492 
540 0.000492 
541 0.000488 
542 0.000773 
543 0.000994 
544 0.001148 
545 0.001326 
546 0.001620 
547 0.001845 
548 0.002099 
549 0.002138 
550 0.002158 
551 0.002273 
552 0.002400 
553 0.002607 
554 0.002635 
555 0.002735 
556 0.002829 
557 0.003069 
558 0.003117 
559 0.003243 
560 0.003478 
561 0.003725 
562 0.004032 
563 0.004356 
564 0.004728 
565 0.004916 
566 0.004947 
567 0.004820 
568 0.004699 
569 0.004463 
570 0.004235 
571 0.004068 
572 0.003972 
573 0.004162 
574 0.004398 
575 0.004701 
576 0.004936 
577 0.005148 
578 0.005200 
579 0.005083 
580 0.004983 
581 0.004968 
582 0.004741 
583 0.004403 
584 0.004300 
585 0.004306 
586 0.004448 
587 0.004528 
588 0.004469 
589 0.004369 
590 0.004255 
591 0.004210 
592 0.004351 
593 0.004563 
594 0.004877 
595 0.005123 
596 0.005255 
597 0.005378 
598 0.005289 
599 0.005216 
600 0.005348 
601 0.005442 
602 0.005586 
603 0.005394 
604 0.005272 
605 0.005398 
606 0.005533 
607 0.005517 
608 0.005520 
609 0.005423 
610 0.005321 
611 0.005158 
612 0.004963 
613 0.004803 
614 0.004714 
615 0.004481 
616 0.004497 
617 0.004634 
618 0.004608 
619 0.004541 
620 0.004488 
621 0.004488 
622 0.004349 
623 0.003855 
624 0.003492 
625 0.003180 
626 0.003119 
627 0.003137 
628 0.003010 
629 0.002790 
630 0.002645 
631 0.002488 
632 0.002449 
633 0.002409 
634 0.002121 
635 0.001815 
636 0.001300 
637 0.000945 
638 0.000783 
639 0.000747 
640 0.000572 
641 0.000433 
642 0.000444 
643 0.000541 
644 0.000410 
645 0.000114 
646 -0.000206 
647 -0.000419 
648 -0.000609 
649 -0.000935 
650 -0.001217 
651 -0.001357 
652 -0.001429 
653 -0.001452 
654 -0.001439 
655 -0.001457 
656 -0.001507 
657 -0.001735 
658 -0.001870 
659 -0.002285 
660 -0.002545 
661 -0.002343 
662 -0.001822 
663 -0.001755 
664 -0.002519 
665 -0.003124 
666 -0.002578 
667 -0.001541 
668 -0.001347 
669 -0.002200 
670 -0.002792 
671 -0.002632 
672 -0.002390 
673 -0.002209 
674 -0.002045 
675 -0.002347 
676 -0.002981 
677 -0.003338 
678 -0.003055 
679 -0.002672 
680 -0.002515 
681 -0.002725 
682 -0.003108 
683 -0.003280 
684 -0.003094 
685 -0.002974 
686 -0.003148 
687 -0.002927 
688 -0.002521 
689 -0.002726 
690 -0.003237 
691 -0.003328 
692 -0.002857 
693 -0.002662 
694 -0.002933 
695 -0.003112 
696 -0.003027 
697 -0.003063 
698 -0.003233 
699 -0.003304 
700 -0.003076 
701 -0.002729 
702 -0.002681 
703 -0.002711 
704 -0.002697 
705 -0.002486 
706 -0.002346 
707 -0.002415 
708 -0.002529 
709 -0.002629 
710 -0.002658 
711 -0.002747 
712 -0.002705 
713 -0.002590 
714 -0.002420 
715 -0.002312 
716 -0.002230 
717 -0.002088 
718 -0.001952 
719 -0.001901 
720 -0.002015 
721 -0.002078 
722 -0.002099 
723 -0.002060 
724 -0.002019 
725 -0.001852 
726 -0.001660 
727 -0.001698 
728 -0.001552 
729 -0.001433 
730 -0.001148 
731 -0.000787 
732 -0.000672 
733 -0.000664 
734 -0.000726 
735 -0.000965 
736 -0.001283 
737 -0.001478 
738 -0.001526 
739 -0.001423 
740 -0.001127 
741 -0.000739 
742 -0.000216 
743 0.000350 
744 0.000675 
745 0.000774 
746 0.000608 
747 0.000223 
748 -0.000251 
749 -0.000574 
750 -0.000451 
751 0.000015 
752 0.000456 
753 0.000570 
754 0.000407 
755 0.000251 
756 0.000156 
757 0.000078 
758 0.000018 
759 -0.000106 
760 0.000032 
761 0.000446 
762 0.000804 
763 0.001011 
764 0.001078 
765 0.001011 
766 0.000881 
767 0.000754 
768 0.000593 
769 0.000477 
770 0.000363 
771 0.000338 
772 0.000456 
773 0.000600 
774 0.000742 
775 0.000779 
776 0.000905 
777 0.001086 
778 0.001364 
779 0.001601 
780 0.001661 
781 0.001628 
782 0.001620 
783 0.001641 
784 0.001602 
785 0.001265 
786 0.000869 
787 0.000732 
788 0.000826 
789 0.001079 
790 0.001199 
791 0.001115 
792 0.001100 
793 0.001184 
794 0.001326 
795 0.001442 
796 0.001530 
797 0.001469 
798 0.001200 
799 0.000806 
800 0.000433 
801 0.000177 
802 0.000218 
803 0.000247 
804 0.000174 
805 0.000103 
806 0.000170 
807 0.000421 
808 0.000659 
809 0.000627 
810 0.000338 
811 0.000140 
812 0.000143 
813 0.000262 
814 0.000317 
815 0.000207 
816 0.000067 
817 -0.000043 
818 -0.000173 
819 -0.000339 
820 -0.000526 
821 -0.000564 
822 -0.000445 
823 -0.000278 
824 -0.000255 
825 -0.000250 
826 -0.000246 
827 -0.000234 
828 -0.000269 
829 -0.000471 
830 -0.000680 
831 -0.000741 
832 -0.000747 
833 -0.000818 
834 -0.000961 
835 -0.001068 
836 -0.001032 
837 -0.000951 
838 -0.000880 
839 -0.000902 
840 -0.000907 
841 -0.000820 
842 -0.000777 
843 -0.000870 
844 -0.000966 
845 -0.000995 
846 -0.000981 
847 -0.000980 
848 -0.001040 
849 -0.001054 
850 -0.000941 
851 -0.000782 
852 -0.000743 
853 -0.000763 
854 -0.000759 
855 -0.000688 
856 -0.000610 
857 -0.000550 
858 -0.000553 
859 -0.000565 
860 -0.000588 
861 -0.000590 
862 -0.000609 
863 -0.000610 
864 -0.000579 
865 -0.000558 
866 -0.000508 
867 -0.000459 
868 -0.000409 
869 -0.000354 
870 -0.000348 
871 -0.000363 
872 -0.000428 
873 -0.000439 
874 -0.000407 
875 -0.000407 
876 -0.000423 
877 -0.000434 
878 -0.000420 
879 -0.000406 
880 -0.000380 
881 -0.000384 
882 -0.000394 
883 -0.000368 
884 -0.000335 
885 -0.000304 
886 -0.000271 
887 -0.000241 
888 -0.000213 
889 -0.000153 
890 -0.000078 
891 -0.000082 
892 -0.000089 
893 -0.000141 
894 -0.000198 
895 -0.000198 
896 -0.000205 
897 -0.000196 
898 -0.000226 
899 -0.000187 
900 -0.000118 
901 -0.000066 
902 -0.000035 
903 -0.000009 
904 0.000014 
905 0.000067 
906 0.000094 
907 0.000096 
908 0.000084 
909 0.000080 
910 0.000124 
911 0.000134 
912 0.000154 
913 0.000186 
914 0.000191 
915 0.000234 
916 0.000283 
917 0.000315 
918 0.000314 
919 0.000296 
920 0.000285 
921 0.000282 
922 0.000260 
923 0.000240 
924 0.000280 
925 0.000319 
926 0.000359 
927 0.000384 
928 0.000406 
929 0.000416 
930 0.000399 
931 0.000407 
932 0.000414 
933 0.000424 
934 0.000418 
935 0.000411 
936 0.000393 
937 0.000367 
938 0.000332 
939 0.000314 
940 0.000342 
941 0.000351 
942 0.000377 
943 0.000368 
944 0.000407 
945 0.000429 
946 0.000446 
947 0.000453 
948 0.000460 
949 0.000457 
950 0.000434 
951 0.000414 
952 0.000370 
953 0.000355 
954 0.000335 
955 0.000301 
956 0.000280 
957 0.000262 
958 0.000263 
959 0.000284 
960 0.000293 
961 0.000300 
962 0.000316 
963 0.000324 
964 0.000302 
965 0.000270 
966 0.000239 
967 0.000206 
968 0.000165 
969 0.000110 
970 0.000070 
971 0.000057 
972 0.000064 
973 0.000071 
974 0.000079 
975 0.000074 
976 0.000082 
977 0.000079 
978 0.000075 
979 0.000073 
980 0.000073 
981 0.000075 
982 0.000044 
983 0.000019 
984 0.000003 
985 -0.000002 
986 -0.000003 
987 -0.000014 
988 -0.000023 
989 -0.000013 
990 -0.000032 
991 -0.000045 
992 -0.000052 
993 -0.000045 
994 -0.000043 
995 -0.000061 
996 -0.000067 
997 -0.000075 
998 -0.000075 
999 -0.000088 
1000 -0.000112 
1001 -0.000135 
1002 -0.000137 
1003 -0.000139 
1004 -0.000133 
1005 -0.000137 
1006 -0.000156 
1007 -0.000171 
1008 -0.000153 
1009 -0.000124 
1010 -0.000098 
1011 -0.000100 
1012 -0.000102 
1013 -0.000106 
1014 -0.000113 
1015 -0.000123 
1016 -0.000145 
1017 -0.000149 
1018 -0.000149 
1019 -0.000130 
1020 -0.000122 
1021 -0.000114 
1022 -0.000092 
1023 -0.000073 
