0 -0.000382 
1 -0.000139 
2 0.000047 
3 0.000077 
4 -0.000000 
5 -0.000067 
6 -0.000111 
7 -0.000220 
8 -0.000421 
9 -0.000629 
10 -0.000747 
11 -0.000646 
12 -0.000265 
13 0.000078 
14 -0.000002 
15 -0.000281 
16 -0.000250 
17 0.000016 
18 0.000054 
19 -0.000191 
20 -0.000310 
21 -0.000100 
22 0.000178 
23 0.000213 
24 -0.000011 
25 -0.000335 
26 -0.000667 
27 -0.000869 
28 -0.000710 
29 -0.000269 
30 0.000048 
31 0.000154 
32 0.000199 
33 0.000153 
34 -0.000007 
35 -0.000215 
36 -0.000401 
37 -0.000453 
38 -0.000305 
39 -0.000041 
40 0.000224 
41 0.000348 
42 0.000198 
43 -0.000146 
44 -0.000416 
45 -0.000487 
46 -0.000528 
47 -0.000646 
48 -0.000786 
49 -0.000871 
50 -0.000835 
51 -0.000663 
52 -0.000456 
53 -0.000365 
54 -0.000368 
55 -0.000321 
56 -0.000138 
57 0.000032 
58 -0.000078 
59 -0.000424 
60 -0.000621 
61 -0.000456 
62 -0.000137 
63 0.000057 
64 0.000009 
65 -0.000231 
66 -0.000602 
67 -0.000947 
68 -0.001025 
69 -0.000758 
70 -0.000356 
71 -0.000123 
72 -0.000050 
73 -0.000053 
74 -0.000200 
75 -0.000414 
76 -0.000474 
77 -0.000353 
78 -0.000301 
79 -0.000398 
80 -0.000399 
81 -0.000208 
82 -0.000086 
83 -0.000188 
84 -0.000328 
85 -0.000493 
86 -0.000905 
87 -0.001290 
88 -0.000978 
89 0.000040 
90 0.000975 
91 0.001200 
92 0.001011 
93 0.000911 
94 0.000882 
95 0.000658 
96 0.000159 
97 -0.000426 
98 -0.000704 
99 -0.000464 
100 0.000003 
101 0.000303 
102 0.000452 
103 0.000734 
104 0.001168 
105 0.001459 
106 0.001424 
107 0.001293 
108 0.001258 
109 0.000924 
110 -0.000135 
111 -0.001293 
112 -0.001656 
113 -0.001278 
114 -0.000789 
115 -0.000306 
116 0.000478 
117 0.001360 
118 0.001826 
119 0.001930 
120 0.002043 
121 0.002064 
122 0.001517 
123 0.000370 
124 -0.000561 
125 -0.000660 
126 -0.000325 
127 -0.000309 
128 -0.000667 
129 -0.000627 
130 0.000458 
131 0.001920 
132 0.002522 
133 0.002228 
134 0.002060 
135 0.002184 
136 0.001805 
137 0.000967 
138 0.000723 
139 0.001202 
140 0.001335 
141 0.000812 
142 0.000640 
143 0.001254 
144 0.001662 
145 0.001068 
146 0.000365 
147 0.000528 
148 0.001217 
149 0.001709 
150 0.002026 
151 0.002109 
152 0.001591 
153 0.000771 
154 0.000539 
155 0.001041 
156 0.001544 
157 0.001480 
158 0.001043 
159 0.001008 
160 0.001665 
161 0.002202 
162 0.001863 
163 0.001058 
164 0.000720 
165 0.000848 
166 0.000767 
167 0.000218 
168 -0.000338 
169 -0.000473 
170 -0.000188 
171 0.000574 
172 0.001897 
173 0.003469 
174 0.004463 
175 0.004640 
176 0.004190 
177 0.002883 
178 0.000605 
179 -0.001455 
180 -0.002260 
181 -0.002370 
182 -0.002228 
183 -0.001174 
184 0.000786 
185 0.002355 
186 0.002957 
187 0.003080 
188 0.002732 
189 0.001851 
190 0.000742 
191 -0.000262 
192 -0.000820 
193 -0.000778 
194 -0.000083 
195 0.000918 
196 0.001509 
197 0.001355 
198 0.001153 
199 0.001325 
200 0.001413 
201 0.000924 
202 0.000305 
203 0.000015 
204 -0.000247 
205 -0.000534 
206 -0.000504 
207 -0.000469 
208 -0.000837 
209 -0.001201 
210 -0.000667 
211 0.000428 
212 0.001089 
213 0.001266 
214 0.001729 
215 0.002467 
216 0.002267 
217 0.000508 
218 -0.001438 
219 -0.002332 
220 -0.002808 
221 -0.003665 
222 -0.003864 
223 -0.002263 
224 0.000367 
225 0.002659 
226 0.003934 
227 0.004071 
228 0.003078 
229 0.000975 
230 -0.001572 
231 -0.003493 
232 -0.004617 
233 -0.005467 
234 -0.005756 
235 -0.004878 
236 -0.003095 
237 -0.001313 
238 -0.000254 
239 0.000300 
240 0.000573 
241 0.000300 
242 -0.000235 
243 -0.000657 
244 -0.001303 
245 -0.002743 
246 -0.004381 
247 -0.005121 
248 -0.005242 
249 -0.005320 
250 -0.004800 
251 -0.003217 
252 -0.001454 
253 -0.000377 
254 0.000112 
255 0.000818 
256 0.001736 
257 0.001494 
258 -0.000403 
259 -0.002359 
260 -0.002777 
261 -0.001787 
262 -0.000940 
263 -0.001406 
264 -0.002350 
265 -0.002299 
266 -0.001299 
267 -0.001147 
268 -0.002210 
269 -0.002492 
270 -0.001094 
271 0.000438 
272 0.000987 
273 0.001001 
274 0.001083 
275 0.000973 
276 0.000328 
277 -0.000939 
278 -0.003269 
279 -0.006900 
280 -0.009350 
281 -0.007686 
282 -0.003245 
283 0.000011 
284 0.000785 
285 0.001625 
286 0.003843 
287 0.004827 
288 0.002297 
289 -0.002227 
290 -0.005166 
291 -0.005422 
292 -0.004756 
293 -0.004892 
294 -0.005582 
295 -0.005306 
296 -0.003497 
297 -0.001015 
298 0.001128 
299 0.002676 
300 0.003659 
301 0.003976 
302 0.003509 
303 0.002391 
304 0.000213 
305 -0.003468 
306 -0.006614 
307 -0.006676 
308 -0.005103 
309 -0.005575 
310 -0.007600 
311 -0.006755 
312 -0.002480 
313 0.000967 
314 0.001505 
315 0.000981 
316 0.000684 
317 -0.000006 
318 -0.000742 
319 -0.001067 
320 -0.001865 
321 -0.003749 
322 -0.005348 
323 -0.004556 
324 -0.002352 
325 -0.001069 
326 -0.000476 
327 0.000337 
328 0.001009 
329 0.001569 
330 0.002589 
331 0.003698 
332 0.003575 
333 0.002376 
334 0.001973 
335 0.001999 
336 0.000690 
337 -0.001180 
338 -0.002142 
339 -0.002310 
340 -0.003090 
341 -0.003471 
342 -0.001331 
343 0.002419 
344 0.004939 
345 0.005551 
346 0.004816 
347 0.002671 
348 -0.000634 
349 -0.003454 
350 -0.004112 
351 -0.003213 
352 -0.002335 
353 -0.000639 
354 0.002474 
355 0.004177 
356 0.002629 
357 0.000353 
358 0.000515 
359 0.002397 
360 0.002787 
361 0.001323 
362 0.000500 
363 0.000448 
364 -0.000198 
365 -0.000690 
366 0.000366 
367 0.001329 
368 0.000718 
369 0.000636 
370 0.003348 
371 0.007221 
372 0.008103 
373 0.004993 
374 0.001842 
375 0.000767 
376 -0.001227 
377 -0.004846 
378 -0.005609 
379 -0.002102 
380 0.001785 
381 0.003579 
382 0.004934 
383 0.007479 
384 0.009343 
385 0.008661 
386 0.005977 
387 0.003183 
388 0.001347 
389 0.000641 
390 0.000539 
391 0.000274 
392 -0.000719 
393 -0.001511 
394 -0.000823 
395 0.001262 
396 0.002958 
397 0.004040 
398 0.004935 
399 0.004545 
400 0.002024 
401 -0.001609 
402 -0.004742 
403 -0.006200 
404 -0.005108 
405 -0.001808 
406 0.001608 
407 0.004082 
408 0.006644 
409 0.009205 
410 0.009969 
411 0.007048 
412 0.000884 
413 -0.004629 
414 -0.006509 
415 -0.006175 
416 -0.005583 
417 -0.004227 
418 -0.001008 
419 0.002993 
420 0.005306 
421 0.006460 
422 0.008310 
423 0.010133 
424 0.009357 
425 0.005534 
426 0.000759 
427 -0.002542 
428 -0.004436 
429 -0.005468 
430 -0.004283 
431 -0.000666 
432 0.004161 
433 0.007234 
434 0.007402 
435 0.006234 
436 0.005190 
437 0.003651 
438 0.001189 
439 -0.001246 
440 -0.001731 
441 -0.000017 
442 0.002626 
443 0.005137 
444 0.006174 
445 0.004807 
446 0.003334 
447 0.005302 
448 0.009625 
449 0.010429 
450 0.005968 
451 0.001540 
452 0.000993 
453 0.001761 
454 0.000167 
455 -0.002802 
456 -0.003635 
457 -0.001852 
458 0.000550 
459 0.003046 
460 0.005025 
461 0.005094 
462 0.003823 
463 0.003422 
464 0.004164 
465 0.004252 
466 0.002948 
467 0.000106 
468 -0.003369 
469 -0.005406 
470 -0.004957 
471 -0.003076 
472 -0.001743 
473 -0.001879 
474 -0.001796 
475 -0.000436 
476 0.001085 
477 0.000920 
478 -0.000863 
479 -0.002783 
480 -0.004280 
481 -0.003956 
482 -0.000745 
483 0.003006 
484 0.005445 
485 0.006567 
486 0.006762 
487 0.005197 
488 0.001861 
489 -0.001898 
490 -0.004337 
491 -0.004877 
492 -0.004395 
493 -0.003440 
494 -0.000726 
495 0.002696 
496 0.003655 
497 0.002001 
498 0.000110 
499 -0.000662 
500 0.000040 
501 0.001428 
502 0.001647 
503 0.000717 
504 -0.000215 
505 -0.001714 
506 -0.005030 
507 -0.008354 
508 -0.009127 
509 -0.008203 
510 -0.007305 
511 -0.006534 
512 -0.004710 
513 -0.001660 
514 0.000679 
515 0.000896 
516 -0.000266 
517 -0.001153 
518 -0.001674 
519 -0.003092 
520 -0.005580 
521 -0.007997 
522 -0.009308 
523 -0.008065 
524 -0.003434 
525 0.000793 
526 -0.000170 
527 -0.003620 
528 -0.003282 
529 0.000024 
530 0.000576 
531 -0.002405 
532 -0.003957 
533 -0.001549 
534 0.001724 
535 0.002136 
536 -0.000501 
537 -0.004289 
538 -0.008094 
539 -0.010250 
540 -0.008182 
541 -0.003020 
542 0.000618 
543 0.001856 
544 0.002405 
545 0.001785 
546 -0.000239 
547 -0.002760 
548 -0.004850 
549 -0.005420 
550 -0.003947 
551 -0.001194 
552 0.001793 
553 0.003402 
554 0.002043 
555 -0.001440 
556 -0.004107 
557 -0.004664 
558 -0.004993 
559 -0.006210 
560 -0.007700 
561 -0.008614 
562 -0.008242 
563 -0.006430 
564 -0.004273 
565 -0.003328 
566 -0.003342 
567 -0.002816 
568 -0.000983 
569 0.000564 
570 -0.000625 
571 -0.003928 
572 -0.005717 
573 -0.004196 
574 -0.001308 
575 0.000536 
576 0.000340 
577 -0.001501 
578 -0.004357 
579 -0.006891 
580 -0.007343 
581 -0.005309 
582 -0.002399 
583 -0.000725 
584 -0.000246 
585 -0.000509 
586 -0.001851 
587 -0.003367 
588 -0.003480 
589 -0.002385 
590 -0.001961 
591 -0.002519 
592 -0.002247 
593 -0.000779 
594 -0.000091 
595 -0.001002 
596 -0.001987 
597 -0.003040 
598 -0.005779 
599 -0.008310 
600 -0.006218 
601 0.000381 
602 0.006305 
603 0.007668 
604 0.006449 
605 0.005783 
606 0.005571 
607 0.004240 
608 0.001312 
609 -0.002073 
610 -0.003614 
611 -0.002151 
612 0.000461 
613 0.001930 
614 0.002577 
615 0.004134 
616 0.006534 
617 0.007992 
618 0.007652 
619 0.006955 
620 0.006838 
621 0.005106 
622 -0.000308 
623 -0.006053 
624 -0.007753 
625 -0.005866 
626 -0.003498 
627 -0.001190 
628 0.002475 
629 0.006444 
630 0.008389 
631 0.008696 
632 0.009065 
633 0.009035 
634 0.006620 
635 0.001760 
636 -0.002154 
637 -0.002607 
638 -0.001223 
639 -0.001100 
640 -0.002515 
641 -0.002377 
642 0.001859 
643 0.007509 
644 0.009770 
645 0.008555 
646 0.007765 
647 0.008076 
648 0.006609 
649 0.003531 
650 0.002574 
651 0.004156 
652 0.004542 
653 0.002755 
654 0.002260 
655 0.004369 
656 0.005698 
657 0.003714 
658 0.001427 
659 0.001944 
660 0.004072 
661 0.005504 
662 0.006370 
663 0.006537 
664 0.004933 
665 0.002482 
666 0.001841 
667 0.003366 
668 0.004829 
669 0.004550 
670 0.003143 
671 0.002928 
672 0.004713 
673 0.006100 
674 0.005029 
675 0.002839 
676 0.002045 
677 0.002429 
678 0.002162 
679 0.000718 
680 -0.000683 
681 -0.001044 
682 -0.000366 
683 0.001545 
684 0.004797 
685 0.008486 
686 0.010667 
687 0.010962 
688 0.009877 
689 0.006784 
690 0.001491 
691 -0.003157 
692 -0.004866 
693 -0.005077 
694 -0.004841 
695 -0.002627 
696 0.001592 
697 0.004972 
698 0.006276 
699 0.006552 
700 0.005849 
701 0.004084 
702 0.001900 
703 -0.000123 
704 -0.001394 
705 -0.001563 
706 -0.000338 
707 0.001607 
708 0.002747 
709 0.002451 
710 0.002148 
711 0.002616 
712 0.002879 
713 0.002000 
714 0.000843 
715 0.000269 
716 -0.000243 
717 -0.000809 
718 -0.000826 
719 -0.000763 
720 -0.001262 
721 -0.001730 
722 -0.000791 
723 0.000973 
724 0.001989 
725 0.002182 
726 0.002756 
727 0.003741 
728 0.003356 
729 0.000678 
730 -0.002210 
731 -0.003443 
732 -0.003942 
733 -0.004969 
734 -0.005140 
735 -0.002858 
736 0.000845 
737 0.004087 
738 0.005811 
739 0.005802 
740 0.004266 
741 0.001408 
742 -0.001951 
743 -0.004525 
744 -0.006036 
745 -0.007049 
746 -0.007233 
747 -0.005972 
748 -0.003681 
749 -0.001424 
750 -0.000011 
751 0.000783 
752 0.001145 
753 0.000780 
754 0.000109 
755 -0.000419 
756 -0.001237 
757 -0.002963 
758 -0.004820 
759 -0.005586 
760 -0.005641 
761 -0.005636 
762 -0.004951 
763 -0.003127 
764 -0.001204 
765 -0.000113 
766 0.000331 
767 0.001010 
768 0.001906 
769 0.001618 
770 -0.000274 
771 -0.002109 
772 -0.002419 
773 -0.001466 
774 -0.000697 
775 -0.001115 
776 -0.001960 
777 -0.001950 
778 -0.001102 
779 -0.000953 
780 -0.001831 
781 -0.002027 
782 -0.000809 
783 0.000471 
784 0.000879 
785 0.000818 
786 0.000829 
787 0.000729 
788 0.000222 
789 -0.000784 
790 -0.002581 
791 -0.005296 
792 -0.007056 
793 -0.005736 
794 -0.002396 
795 0.000023 
796 0.000579 
797 0.001155 
798 0.002713 
799 0.003399 
800 0.001597 
801 -0.001602 
802 -0.003654 
803 -0.003804 
804 -0.003331 
805 -0.003439 
806 -0.003897 
807 -0.003650 
808 -0.002388 
809 -0.000731 
810 0.000679 
811 0.001701 
812 0.002330 
813 0.002499 
814 0.002161 
815 0.001426 
816 0.000056 
817 -0.002190 
818 -0.004048 
819 -0.004030 
820 -0.003051 
821 -0.003262 
822 -0.004329 
823 -0.003756 
824 -0.001326 
825 0.000547 
826 0.000761 
827 0.000389 
828 0.000164 
829 -0.000246 
830 -0.000669 
831 -0.000825 
832 -0.001129 
833 -0.001940 
834 -0.002645 
835 -0.002213 
836 -0.001108 
837 -0.000489 
838 -0.000258 
839 0.000058 
840 0.000323 
841 0.000550 
842 0.000989 
843 0.001479 
844 0.001443 
845 0.000929 
846 0.000736 
847 0.000728 
848 0.000180 
849 -0.000586 
850 -0.000986 
851 -0.001053 
852 -0.001337 
853 -0.001451 
854 -0.000583 
855 0.000895 
856 0.001881 
857 0.002104 
858 0.001779 
859 0.000927 
860 -0.000311 
861 -0.001338 
862 -0.001579 
863 -0.001268 
864 -0.000955 
865 -0.000351 
866 0.000729 
867 0.001299 
868 0.000758 
869 -0.000008 
870 0.000064 
871 0.000713 
872 0.000875 
873 0.000431 
874 0.000182 
875 0.000173 
876 -0.000033 
877 -0.000212 
878 0.000059 
879 0.000298 
880 0.000081 
881 0.000038 
882 0.000823 
883 0.001943 
884 0.002203 
885 0.001340 
886 0.000482 
887 0.000221 
888 -0.000284 
889 -0.001242 
890 -0.001441 
891 -0.000499 
892 0.000523 
893 0.000950 
894 0.001236 
895 0.001829 
896 0.002246 
897 0.002020 
898 0.001316 
899 0.000629 
900 0.000219 
901 0.000090 
902 0.000102 
903 0.000085 
904 -0.000100 
905 -0.000267 
906 -0.000123 
907 0.000323 
908 0.000675 
909 0.000878 
910 0.001031 
911 0.000926 
912 0.000405 
913 -0.000323 
914 -0.000940 
915 -0.001215 
916 -0.000988 
917 -0.000348 
918 0.000301 
919 0.000764 
920 0.001222 
921 0.001663 
922 0.001782 
923 0.001246 
924 0.000156 
925 -0.000778 
926 -0.001053 
927 -0.000959 
928 -0.000844 
929 -0.000616 
930 -0.000094 
931 0.000527 
932 0.000846 
933 0.000978 
934 0.001240 
935 0.001509 
936 0.001382 
937 0.000805 
938 0.000101 
939 -0.000368 
940 -0.000618 
941 -0.000743 
942 -0.000568 
943 -0.000066 
944 0.000601 
945 0.001022 
946 0.001032 
947 0.000850 
948 0.000691 
949 0.000481 
950 0.000151 
951 -0.000179 
952 -0.000245 
953 -0.000015 
954 0.000324 
955 0.000631 
956 0.000753 
957 0.000593 
958 0.000424 
959 0.000650 
960 0.001135 
961 0.001202 
962 0.000675 
963 0.000168 
964 0.000107 
965 0.000195 
966 0.000029 
967 -0.000282 
968 -0.000364 
969 -0.000173 
970 0.000078 
971 0.000333 
972 0.000528 
973 0.000523 
974 0.000386 
975 0.000348 
976 0.000429 
977 0.000444 
978 0.000319 
979 0.000039 
980 -0.000308 
981 -0.000517 
982 -0.000482 
983 -0.000305 
984 -0.000181 
985 -0.000198 
986 -0.000191 
987 -0.000053 
988 0.000105 
989 0.000106 
990 -0.000049 
991 -0.000222 
992 -0.000354 
993 -0.000323 
994 -0.000045 
995 0.000269 
996 0.000468 
997 0.000555 
998 0.000560 
999 0.000412 
1000 0.000128 
1001 -0.000173 
1002 -0.000357 
1003 -0.000390 
1004 -0.000340 
1005 -0.000244 
1006 -0.000003 
1007 0.000279 
1008 0.000343 
1009 0.000192 
1010 0.000024 
1011 -0.000055 
1012 -0.000013 
1013 0.000096 
1014 0.000120 
1015 0.000050 
1016 -0.000018 
1017 -0.000123 
1018 -0.000369 
1019 -0.000628 
1020 -0.000693 
1021 -0.000625 
1022 -0.000558 
1023 -0.000503 
