0 0.745130 
1 -0.098228 
2 -0.054602 
3 -0.026729 
4 0.011581 
5 -0.070428 
6 0.158344 
7 -0.073138 
8 0.062746 
9 -0.067235 
10 -0.045399 
11 0.018207 
12 -0.059105 
13 0.113595 
14 0.029115 
15 0.045511 
16 0.028784 
17 0.017092 
18 -0.037738 
19 0.033781 
20 0.021886 
21 0.073584 
22 -0.038017 
23 0.056059 
24 -0.067489 
25 -0.067966 
26 -0.058393 
27 0.001819 
28 -0.098408 
29 0.122852 
30 -0.194764 
31 0.059625 
32 -0.169543 
33 -0.027466 
34 -0.035779 
35 0.007414 
36 0.003996 
37 0.023009 
38 -0.063702 
39 -0.062355 
40 0.021563 
41 -0.094911 
42 0.202502 
43 -0.090167 
44 0.249530 
45 -0.081177 
46 0.097806 
47 -0.054289 
48 0.035104 
49 0.054455 
50 0.068050 
51 0.052476 
52 0.049467 
53 -0.046995 
54 -0.008850 
55 0.009051 
56 -0.116594 
57 0.166817 
58 -0.138250 
59 0.077828 
60 -0.085471 
61 -0.024238 
62 -0.054271 
63 0.018417 
64 -0.050262 
65 0.105592 
66 -0.088183 
67 0.075433 
68 -0.071384 
69 -0.011835 
70 0.055423 
71 -0.040295 
72 0.127573 
73 -0.072087 
74 0.107616 
75 -0.065001 
76 0.048407 
77 -0.020492 
78 0.037489 
79 -0.043845 
80 0.060469 
81 -0.070568 
82 0.010489 
83 -0.090122 
84 -0.074701 
85 -0.069387 
86 -0.066030 
87 -0.092753 
88 0.023068 
89 -0.058800 
90 -0.018346 
91 -0.013196 
92 -0.053173 
93 0.017642 
94 -0.007312 
95 0.053657 
96 0.001480 
97 0.126695 
98 -0.003620 
99 0.091123 
100 -0.022365 
101 0.149976 
102 -0.070646 
103 0.205651 
104 -0.013329 
105 0.033399 
106 0.134873 
107 -0.148736 
108 0.139942 
109 -0.050207 
110 0.054891 
111 0.032526 
112 -0.024966 
113 -0.049540 
114 -0.055081 
115 -0.120485 
116 -0.002245 
117 -0.051013 
118 0.028994 
119 0.007031 
120 -0.052295 
121 -0.025459 
122 -0.035158 
123 -0.020241 
124 0.046308 
125 0.063180 
126 0.021525 
127 0.049113 
128 -0.053993 
129 0.039263 
130 -0.063149 
131 0.077244 
132 -0.028154 
133 0.073587 
134 -0.007074 
135 -0.053400 
136 0.005764 
137 -0.079628 
138 -0.028963 
139 0.030929 
140 -0.032785 
141 -0.053788 
142 0.042123 
143 -0.186836 
144 0.053393 
145 -0.084063 
146 -0.012944 
147 0.072632 
148 -0.087753 
149 0.085720 
150 -0.024238 
151 -0.010912 
152 0.101407 
153 0.008656 
154 0.124894 
155 0.013295 
156 0.106732 
157 -0.019411 
158 0.032447 
159 0.047461 
160 0.023221 
161 0.011653 
162 0.091414 
163 -0.087598 
164 0.019740 
165 -0.006681 
166 -0.134664 
167 0.119936 
168 -0.156350 
169 0.029936 
170 -0.064738 
171 -0.040112 
172 -0.085351 
173 0.030089 
174 -0.095479 
175 0.025596 
176 -0.004113 
177 -0.058636 
178 0.044011 
179 -0.042835 
180 0.072284 
181 -0.053821 
182 0.106204 
183 -0.015681 
184 0.030855 
185 0.059013 
186 -0.026621 
187 0.032730 
188 0.028326 
189 -0.122294 
190 0.118808 
191 -0.143360 
192 0.075952 
193 0.012734 
194 -0.112237 
195 0.104554 
196 -0.149563 
197 0.008589 
198 -0.045610 
199 0.007505 
200 -0.020655 
201 0.060118 
202 -0.070059 
203 0.066945 
204 -0.067357 
205 0.069543 
206 0.001800 
207 0.090385 
208 0.070047 
209 0.044482 
210 0.041944 
211 0.047059 
212 -0.003122 
213 0.087054 
214 0.055224 
215 0.018679 
216 0.086915 
217 -0.129296 
218 0.038877 
219 -0.111665 
220 0.029222 
221 -0.018646 
222 0.005323 
223 -0.063009 
224 -0.009698 
225 -0.185672 
226 0.066072 
227 -0.164994 
228 0.099302 
229 -0.019321 
230 -0.058733 
231 0.046187 
232 -0.126205 
233 0.028546 
234 -0.053932 
235 0.095659 
236 0.023630 
237 0.096498 
238 -0.020730 
239 0.048386 
240 -0.050437 
241 0.064142 
242 0.017470 
243 0.084647 
244 0.012598 
245 0.040683 
246 -0.046905 
247 -0.049066 
248 -0.021047 
249 0.000669 
250 -0.041086 
251 0.036621 
252 -0.035325 
253 -0.061227 
254 0.019903 
255 -0.071154 
256 0.042028 
257 0.039843 
258 0.008945 
259 0.016058 
260 0.041063 
261 -0.084482 
262 0.118432 
263 -0.056242 
264 0.105555 
265 0.027886 
266 0.039716 
267 0.030204 
268 0.007045 
269 0.052831 
270 -0.044373 
271 0.077974 
272 -0.053563 
273 0.026691 
274 -0.001908 
275 -0.038180 
276 -0.047687 
277 -0.003181 
278 -0.120494 
279 -0.010286 
280 -0.069594 
281 -0.083924 
282 0.049030 
283 -0.100681 
284 -0.004640 
285 -0.031841 
286 -0.083624 
287 0.018728 
288 -0.032806 
289 0.040778 
290 0.069352 
291 -0.059214 
292 0.111944 
293 -0.115996 
294 0.100202 
295 -0.039173 
296 0.099573 
297 0.027005 
298 0.023385 
299 0.013803 
300 -0.004136 
301 -0.005312 
302 0.010199 
303 0.057356 
304 -0.047926 
305 0.099744 
306 -0.135631 
307 0.030289 
308 -0.091349 
309 -0.031632 
310 0.043901 
311 -0.020750 
312 0.041137 
313 -0.004075 
314 -0.060722 
315 0.066268 
316 -0.067152 
317 0.112808 
318 0.050161 
319 0.030893 
320 0.073261 
321 -0.018551 
322 0.017653 
323 0.002925 
324 0.046631 
325 0.032798 
326 0.042422 
327 -0.008947 
328 0.027138 
329 -0.114121 
330 0.065242 
331 -0.111309 
332 0.063214 
333 -0.062047 
334 -0.031473 
335 0.009072 
336 -0.168472 
337 0.065431 
338 -0.151848 
339 0.066308 
340 -0.070370 
341 0.038869 
342 -0.067244 
343 0.011720 
344 -0.024417 
345 -0.010322 
346 0.078992 
347 -0.019832 
348 0.103040 
349 0.008541 
350 0.008714 
351 0.108714 
352 -0.063492 
353 0.086614 
354 0.029061 
355 -0.024419 
356 0.099962 
357 -0.083788 
358 0.081799 
359 -0.080003 
360 0.019954 
361 -0.040809 
362 -0.028049 
363 -0.022711 
364 0.023823 
365 -0.111057 
366 0.096127 
367 -0.128113 
368 0.037940 
369 -0.011157 
370 -0.057153 
371 0.119133 
372 -0.073614 
373 0.097559 
374 -0.009631 
375 0.026966 
376 0.002295 
377 0.048928 
378 -0.024448 
379 0.125006 
380 -0.088913 
381 0.107422 
382 -0.101388 
383 0.032748 
384 -0.010638 
385 -0.046055 
386 0.056700 
387 -0.034445 
388 -0.087779 
389 0.002231 
390 -0.131273 
391 -0.036670 
392 0.046376 
393 -0.137443 
394 0.122468 
395 -0.123280 
396 0.015910 
397 -0.060438 
398 0.005980 
399 0.009421 
400 0.069640 
401 -0.004271 
402 0.106605 
403 -0.043340 
404 0.090270 
405 -0.032882 
406 0.075340 
407 0.108527 
408 -0.035650 
409 0.150435 
410 -0.095598 
411 0.031918 
412 -0.015100 
413 -0.016699 
414 -0.009321 
415 0.054949 
416 -0.087481 
417 0.034521 
418 -0.079803 
419 -0.042623 
420 0.014435 
421 -0.041520 
422 -0.003278 
423 0.038083 
424 -0.054289 
425 0.001709 
426 -0.019790 
427 -0.029127 
428 0.053892 
429 -0.032637 
430 0.124833 
431 -0.089648 
432 0.134162 
433 -0.078372 
434 0.060935 
435 0.020082 
436 -0.006868 
437 0.036394 
438 0.003314 
439 -0.065729 
440 0.066876 
441 -0.098352 
442 -0.025351 
443 0.029245 
444 -0.140779 
445 0.056789 
446 -0.099821 
447 -0.026000 
448 0.004936 
449 -0.077071 
450 0.048103 
451 -0.062584 
452 -0.012519 
453 0.117516 
454 -0.176129 
455 0.235565 
456 -0.133611 
457 0.080234 
458 0.049747 
459 0.016229 
460 0.070951 
461 0.084778 
462 0.005575 
463 0.022220 
464 0.071737 
465 -0.097459 
466 0.159091 
467 -0.094558 
468 0.130042 
469 -0.049315 
470 0.007072 
471 -0.033026 
472 -0.079995 
473 0.018831 
474 -0.089994 
475 0.023465 
476 0.033160 
477 -0.124163 
478 0.081135 
479 -0.122542 
480 -0.029002 
481 0.087566 
482 -0.085290 
483 0.091809 
484 0.016215 
485 -0.064434 
486 0.042354 
487 -0.009758 
488 -0.046850 
489 0.153877 
490 -0.088109 
491 0.098645 
492 -0.037758 
493 -0.015542 
494 -0.036733 
495 0.026038 
496 -0.029465 
497 0.011863 
498 -0.006291 
499 -0.075275 
500 -0.017553 
501 -0.071775 
502 0.004934 
503 -0.079127 
504 0.080488 
505 -0.109891 
506 0.034815 
507 -0.036684 
508 -0.048412 
509 0.076235 
510 -0.010205 
511 0.038830 
512 0.117092 
513 -0.028592 
514 0.075184 
515 0.069905 
516 -0.055225 
517 0.165694 
518 -0.074411 
519 0.126909 
520 -0.032349 
521 0.018271 
522 0.012242 
523 -0.023349 
524 -0.017656 
525 0.034621 
526 -0.057141 
527 0.007779 
528 -0.070122 
529 -0.033012 
530 -0.020379 
531 -0.098046 
532 0.064585 
533 -0.121356 
534 0.054752 
535 -0.061836 
536 0.004068 
537 -0.040753 
538 0.046537 
539 -0.031776 
540 0.085712 
541 -0.054907 
542 0.137614 
543 -0.028266 
544 0.054107 
545 0.068374 
546 -0.060823 
547 0.073989 
548 -0.023893 
549 -0.026795 
550 0.082884 
551 -0.036326 
552 -0.021844 
553 0.018255 
554 -0.155967 
555 0.074703 
556 -0.146498 
557 0.056237 
558 -0.062141 
559 0.015849 
560 -0.059998 
561 -0.005329 
562 -0.039598 
563 0.038439 
564 0.010829 
565 0.050360 
566 0.039078 
567 -0.015674 
568 0.102117 
569 -0.087923 
570 0.179675 
571 -0.047128 
572 0.146174 
573 0.002772 
574 0.031770 
575 0.003092 
576 -0.017709 
577 -0.038418 
578 0.044980 
579 -0.035070 
580 -0.032690 
581 -0.010267 
582 -0.124174 
583 -0.056088 
584 -0.040455 
585 -0.081787 
586 0.021703 
587 -0.033248 
588 -0.089237 
589 0.020190 
590 -0.134111 
591 0.096251 
592 -0.114237 
593 0.154557 
594 -0.048298 
595 0.090779 
596 0.000455 
597 0.012224 
598 0.047630 
599 0.053740 
600 0.061881 
601 0.024859 
602 0.074443 
603 -0.064805 
604 0.105225 
605 -0.130205 
606 0.120956 
607 -0.077318 
608 0.050514 
609 -0.044259 
610 -0.061346 
611 -0.005936 
612 -0.084515 
613 -0.018529 
614 0.009745 
615 -0.035512 
616 0.054465 
617 -0.024236 
618 0.012053 
619 0.021123 
620 0.008582 
621 0.074004 
622 0.005575 
623 0.063841 
624 0.042272 
625 0.058618 
626 -0.016080 
627 0.112215 
628 -0.058638 
629 0.076910 
630 -0.046520 
631 0.012309 
632 -0.015145 
633 -0.030103 
634 -0.009917 
635 -0.070439 
636 -0.026248 
637 -0.050925 
638 -0.111505 
639 0.003963 
640 -0.101593 
641 -0.033021 
642 0.005453 
643 -0.120733 
644 0.053560 
645 -0.072030 
646 0.020162 
647 0.045886 
648 0.006264 
649 0.047432 
650 0.012815 
651 0.011056 
652 0.071571 
653 0.034992 
654 0.086124 
655 0.042651 
656 0.012833 
657 0.067899 
658 -0.075444 
659 0.084023 
660 -0.019256 
661 0.034664 
662 -0.008478 
663 0.007769 
664 -0.089289 
665 0.012649 
666 -0.089621 
667 0.000357 
668 0.018182 
669 -0.041131 
670 0.020391 
671 -0.059556 
672 0.004579 
673 -0.024544 
674 0.048056 
675 0.003436 
676 0.063838 
677 0.033013 
678 -0.000635 
679 -0.005009 
680 0.093797 
681 -0.088263 
682 0.153121 
683 -0.030638 
684 -0.031346 
685 0.048315 
686 -0.084556 
687 -0.073745 
688 0.094807 
689 -0.144355 
690 0.100613 
691 -0.069114 
692 -0.113647 
693 0.034867 
694 -0.174715 
695 0.065509 
696 -0.109090 
697 0.071050 
698 -0.096093 
699 0.020998 
700 -0.036613 
701 -0.023625 
702 0.020752 
703 0.079092 
704 -0.046673 
705 0.096965 
706 0.020381 
707 -0.026289 
708 0.142138 
709 -0.045759 
710 0.100639 
711 0.041126 
712 -0.011606 
713 0.049756 
714 0.020675 
715 -0.070666 
716 0.122217 
717 -0.122518 
718 0.081330 
719 -0.063803 
720 -0.002602 
721 -0.049447 
722 0.000033 
723 -0.025060 
724 -0.003332 
725 0.012437 
726 -0.002472 
727 0.015166 
728 -0.050525 
729 0.076148 
730 -0.109250 
731 0.136652 
732 -0.108579 
733 0.126515 
734 -0.034602 
735 0.033525 
736 0.011550 
737 -0.002198 
738 -0.000337 
739 0.031826 
740 -0.050496 
741 0.042155 
742 -0.031728 
743 -0.009162 
744 0.013633 
745 -0.125172 
746 0.079600 
747 -0.157319 
748 0.039399 
749 -0.022371 
750 -0.035061 
751 -0.008310 
752 0.035366 
753 -0.160675 
754 0.138818 
755 -0.117770 
756 0.064541 
757 0.075970 
758 -0.035628 
759 0.100146 
760 -0.018659 
761 -0.001861 
762 0.097399 
763 0.027245 
764 0.053001 
765 0.124172 
766 -0.067712 
767 0.103762 
768 -0.087752 
769 0.112309 
770 -0.079081 
771 0.069614 
772 0.010953 
773 -0.094384 
774 0.051814 
775 -0.082955 
776 -0.088261 
777 0.103873 
778 -0.145419 
779 0.046859 
780 0.024219 
781 -0.161039 
782 0.113963 
783 -0.148636 
784 0.020505 
785 0.032144 
786 0.009990 
787 -0.017851 
788 0.060530 
789 -0.116828 
790 0.084983 
791 -0.104157 
792 0.095967 
793 -0.012569 
794 0.005632 
795 0.069718 
796 -0.159397 
797 0.071539 
798 -0.093588 
799 0.064877 
800 -0.040782 
801 0.024534 
802 -0.079147 
803 0.012392 
804 -0.148155 
805 0.062627 
806 -0.067885 
807 -0.017458 
808 0.121921 
809 -0.153469 
810 0.101870 
811 -0.032788 
812 -0.016629 
813 0.108969 
814 -0.018271 
815 0.068021 
816 0.075779 
817 -0.008858 
818 0.110552 
819 0.004927 
820 0.061644 
821 0.019512 
822 0.066169 
823 -0.007518 
824 0.091598 
825 -0.066643 
826 0.084296 
827 -0.125056 
828 0.090785 
829 -0.049227 
830 -0.029067 
831 0.080518 
832 -0.123606 
833 0.034526 
834 -0.085499 
835 -0.026377 
836 -0.062230 
837 0.008786 
838 -0.035781 
839 -0.019988 
840 0.009524 
841 -0.005999 
842 -0.051942 
843 0.025312 
844 -0.021756 
845 -0.016538 
846 0.086127 
847 -0.024235 
848 0.015771 
849 0.009437 
850 -0.038331 
851 0.025114 
852 0.002905 
853 -0.006546 
854 0.073617 
855 -0.133542 
856 0.084524 
857 -0.123214 
858 0.058042 
859 0.009538 
860 0.000202 
861 0.009523 
862 -0.079856 
863 -0.012134 
864 -0.025070 
865 -0.023091 
866 0.084094 
867 0.069437 
868 -0.021143 
869 0.133220 
870 -0.122205 
871 0.079058 
872 0.013814 
873 0.013337 
874 0.085177 
875 0.063760 
876 -0.053004 
877 0.102122 
878 -0.105199 
879 0.076954 
880 -0.035885 
881 0.044934 
882 0.049388 
883 -0.049725 
884 0.050100 
885 -0.088293 
886 -0.056094 
887 -0.001514 
888 -0.042452 
889 -0.049716 
890 0.080643 
891 -0.147983 
892 0.051128 
893 -0.143220 
894 -0.044651 
895 0.022729 
896 -0.102782 
897 0.050879 
898 -0.031547 
899 -0.070788 
900 -0.006199 
901 0.009031 
902 -0.063164 
903 0.163849 
904 -0.063509 
905 0.062869 
906 -0.050001 
907 -0.016100 
908 -0.013304 
909 0.029100 
910 0.007497 
911 0.066648 
912 -0.028811 
913 0.106961 
914 -0.088517 
915 0.084266 
916 -0.063987 
917 0.000516 
918 0.051771 
919 -0.024605 
920 0.104074 
921 0.000639 
922 -0.002874 
923 0.014431 
924 0.028353 
925 -0.020107 
926 0.154074 
927 -0.094908 
928 0.096571 
929 -0.110606 
930 0.046356 
931 -0.038430 
932 0.119951 
933 0.070152 
934 -0.018420 
935 0.076157 
936 -0.091455 
937 -0.013505 
938 -0.083440 
939 0.042247 
940 -0.090474 
941 0.074072 
942 -0.012145 
943 -0.039992 
944 -0.018627 
945 -0.075217 
946 -0.037024 
947 -0.020805 
948 -0.036815 
949 0.083358 
950 -0.043446 
951 -0.033334 
952 -0.086844 
953 -0.025896 
954 -0.084585 
955 0.067797 
956 0.021957 
957 0.024766 
958 0.054127 
959 -0.035344 
960 -0.067655 
961 0.000974 
962 0.093306 
963 -0.029980 
964 0.227055 
965 -0.073027 
966 0.042247 
967 -0.012158 
968 -0.075306 
969 0.017375 
970 0.023147 
971 0.004390 
972 -0.033575 
973 0.065259 
974 -0.112473 
975 -0.001004 
976 0.040385 
977 -0.030365 
978 0.125178 
979 0.025717 
980 -0.073998 
981 0.057444 
982 -0.123021 
983 0.089099 
984 -0.024306 
985 0.067521 
986 -0.003294 
987 0.052234 
988 -0.066726 
989 0.053261 
990 0.014806 
991 -0.043443 
992 0.117274 
993 -0.066892 
994 0.082484 
995 0.025987 
996 0.018652 
997 -0.066005 
998 0.007739 
999 -0.134445 
1000 -0.167443 
1001 -0.111324 
1002 -0.097322 
1003 -0.039247 
1004 0.032146 
1005 -0.047431 
1006 0.019879 
1007 0.061173 
1008 -0.063236 
1009 -0.029156 
1010 -0.046233 
1011 0.021121 
1012 0.085642 
1013 -0.079900 
1014 0.042675 
1015 0.136004 
1016 -0.088246 
1017 0.056891 
1018 0.098184 
1019 0.080462 
1020 -0.055650 
1021 0.063904 
1022 -0.059084 
1023 0.408123 
