0 -0.000347 
1 -0.000044 
2 0.000082 
3 0.000046 
4 0.000127 
5 0.000316 
6 0.000346 
7 0.000178 
8 0.000003 
9 -0.000048 
10 0.000042 
11 0.000198 
12 0.000241 
13 0.000060 
14 -0.000164 
15 -0.000230 
16 -0.000277 
17 -0.000474 
18 -0.000640 
19 -0.000500 
20 -0.000197 
21 0.000044 
22 0.000339 
23 0.000670 
24 0.000659 
25 0.000170 
26 -0.000402 
27 -0.000755 
28 -0.000988 
29 -0.001062 
30 -0.000715 
31 -0.000078 
32 0.000517 
33 0.000968 
34 0.001129 
35 0.000771 
36 0.000077 
37 -0.000425 
38 -0.000587 
39 -0.000698 
40 -0.000705 
41 -0.000336 
42 0.000168 
43 0.000312 
44 0.000160 
45 0.000169 
46 0.000361 
47 0.000375 
48 0.000242 
49 0.000284 
50 0.000363 
51 0.000089 
52 -0.000405 
53 -0.000718 
54 -0.000828 
55 -0.000903 
56 -0.000792 
57 -0.000332 
58 0.000121 
59 0.000205 
60 0.000107 
61 0.000179 
62 0.000353 
63 0.000255 
64 -0.000125 
65 -0.000333 
66 -0.000185 
67 -0.000003 
68 0.000017 
69 0.000127 
70 0.000510 
71 0.000927 
72 0.001099 
73 0.001024 
74 0.000779 
75 0.000463 
76 0.000143 
77 -0.000138 
78 -0.000456 
79 -0.000648 
80 -0.000358 
81 0.000318 
82 0.000813 
83 0.000921 
84 0.000990 
85 0.001057 
86 0.000640 
87 -0.000191 
88 -0.000726 
89 -0.000642 
90 -0.000281 
91 0.000009 
92 0.000450 
93 0.001087 
94 0.001487 
95 0.001456 
96 0.001130 
97 0.000584 
98 0.000088 
99 -0.000034 
100 0.000021 
101 -0.000003 
102 0.000049 
103 0.000528 
104 0.001189 
105 0.001398 
106 0.001196 
107 0.001029 
108 0.001023 
109 0.000951 
110 0.000518 
111 -0.000050 
112 -0.000370 
113 -0.000368 
114 -0.000075 
115 0.000335 
116 0.000916 
117 0.001769 
118 0.002495 
119 0.002477 
120 0.001781 
121 0.000989 
122 0.000381 
123 -0.000105 
124 -0.000428 
125 -0.000255 
126 0.000441 
127 0.001288 
128 0.001958 
129 0.002283 
130 0.002364 
131 0.001982 
132 0.001134 
133 0.000463 
134 0.000453 
135 0.000678 
136 0.000540 
137 0.000400 
138 0.000760 
139 0.001097 
140 0.000792 
141 0.000159 
142 -0.000101 
143 0.000123 
144 0.000302 
145 0.000182 
146 0.000180 
147 0.000590 
148 0.001027 
149 0.000972 
150 0.000774 
151 0.000797 
152 0.000534 
153 -0.000215 
154 -0.000762 
155 -0.000634 
156 0.000038 
157 0.000755 
158 0.001618 
159 0.002931 
160 0.004079 
161 0.003854 
162 0.002270 
163 0.000622 
164 -0.000409 
165 -0.001468 
166 -0.002397 
167 -0.002277 
168 -0.001245 
169 -0.000107 
170 0.000820 
171 0.001496 
172 0.001508 
173 0.000497 
174 -0.001112 
175 -0.002231 
176 -0.002377 
177 -0.001780 
178 -0.000875 
179 0.000093 
180 0.000955 
181 0.001467 
182 0.001486 
183 0.000947 
184 -0.000285 
185 -0.001788 
186 -0.002689 
187 -0.002742 
188 -0.002693 
189 -0.003002 
190 -0.003050 
191 -0.002037 
192 -0.000290 
193 0.000895 
194 0.001324 
195 0.001644 
196 0.001767 
197 0.001167 
198 -0.000086 
199 -0.001312 
200 -0.002076 
201 -0.002892 
202 -0.003864 
203 -0.004325 
204 -0.003937 
205 -0.003055 
206 -0.001962 
207 -0.000701 
208 0.000489 
209 0.001038 
210 0.000669 
211 -0.000531 
212 -0.002058 
213 -0.003517 
214 -0.004541 
215 -0.004570 
216 -0.003152 
217 -0.000917 
218 0.001032 
219 0.001726 
220 0.001333 
221 0.000722 
222 0.000017 
223 -0.001345 
224 -0.003014 
225 -0.003585 
226 -0.002465 
227 -0.000930 
228 -0.000346 
229 -0.000622 
230 -0.001100 
231 -0.001584 
232 -0.001905 
233 -0.002050 
234 -0.002183 
235 -0.002512 
236 -0.002689 
237 -0.001816 
238 -0.000559 
239 -0.000431 
240 -0.001135 
241 -0.001100 
242 -0.000237 
243 0.000122 
244 0.000033 
245 0.000140 
246 0.000084 
247 -0.000328 
248 -0.000754 
249 -0.001323 
250 -0.002442 
251 -0.003335 
252 -0.002884 
253 -0.001308 
254 -0.000143 
255 0.000347 
256 0.001730 
257 0.004411 
258 0.005861 
259 0.004621 
260 0.002680 
261 0.001634 
262 0.000263 
263 -0.002500 
264 -0.004710 
265 -0.004598 
266 -0.003367 
267 -0.002333 
268 -0.000928 
269 0.001189 
270 0.003279 
271 0.004967 
272 0.006146 
273 0.006084 
274 0.004172 
275 0.001466 
276 -0.000431 
277 -0.001520 
278 -0.002313 
279 -0.002520 
280 -0.001057 
281 0.001573 
282 0.003512 
283 0.004914 
284 0.006562 
285 0.007044 
286 0.005379 
287 0.003672 
288 0.003380 
289 0.003210 
290 0.001628 
291 -0.000165 
292 -0.000221 
293 0.000388 
294 0.000291 
295 0.000817 
296 0.003683 
297 0.006406 
298 0.005535 
299 0.002975 
300 0.002302 
301 0.002430 
302 0.001261 
303 0.000403 
304 0.001310 
305 0.002406 
306 0.003069 
307 0.004085 
308 0.004962 
309 0.004904 
310 0.004311 
311 0.004706 
312 0.005201 
313 0.003786 
314 0.001553 
315 0.001104 
316 0.001588 
317 0.000264 
318 -0.001306 
319 0.000348 
320 0.003989 
321 0.005779 
322 0.005674 
323 0.006501 
324 0.008774 
325 0.009564 
326 0.006748 
327 0.002280 
328 -0.001607 
329 -0.004495 
330 -0.006272 
331 -0.006671 
332 -0.005716 
333 -0.003941 
334 -0.000663 
335 0.004397 
336 0.008715 
337 0.009859 
338 0.008782 
339 0.007468 
340 0.005649 
341 0.001646 
342 -0.003379 
343 -0.005963 
344 -0.006199 
345 -0.005434 
346 -0.003263 
347 0.001415 
348 0.007268 
349 0.010842 
350 0.010121 
351 0.006341 
352 0.002040 
353 -0.002030 
354 -0.006315 
355 -0.009724 
356 -0.010194 
357 -0.007129 
358 -0.002299 
359 0.001989 
360 0.005066 
361 0.007163 
362 0.007656 
363 0.005486 
364 0.000870 
365 -0.003884 
366 -0.006621 
367 -0.007474 
368 -0.007864 
369 -0.008160 
370 -0.007042 
371 -0.003727 
372 0.000298 
373 0.003154 
374 0.004056 
375 0.003138 
376 0.001220 
377 -0.000891 
378 -0.002526 
379 -0.004256 
380 -0.006520 
381 -0.008114 
382 -0.008097 
383 -0.007082 
384 -0.005581 
385 -0.002245 
386 0.002407 
387 0.005680 
388 0.005354 
389 0.002689 
390 0.000362 
391 -0.001874 
392 -0.005476 
393 -0.009628 
394 -0.011816 
395 -0.010040 
396 -0.005832 
397 -0.001991 
398 0.001333 
399 0.004231 
400 0.005536 
401 0.004261 
402 0.001420 
403 -0.000932 
404 -0.003307 
405 -0.006342 
406 -0.008361 
407 -0.008702 
408 -0.008801 
409 -0.009328 
410 -0.008316 
411 -0.004591 
412 -0.000665 
413 0.001605 
414 0.003221 
415 0.004207 
416 0.003109 
417 0.000015 
418 -0.004472 
419 -0.009313 
420 -0.012643 
421 -0.013024 
422 -0.011369 
423 -0.008653 
424 -0.003990 
425 0.003198 
426 0.009116 
427 0.009721 
428 0.006655 
429 0.003105 
430 -0.000682 
431 -0.006470 
432 -0.012187 
433 -0.013522 
434 -0.010083 
435 -0.005340 
436 -0.000603 
437 0.004070 
438 0.006927 
439 0.005622 
440 0.000994 
441 -0.003316 
442 -0.005081 
443 -0.005598 
444 -0.006759 
445 -0.008442 
446 -0.008390 
447 -0.005927 
448 -0.004231 
449 -0.004834 
450 -0.005151 
451 -0.003061 
452 0.000523 
453 0.003110 
454 0.004383 
455 0.005687 
456 0.006776 
457 0.005719 
458 0.001409 
459 -0.004027 
460 -0.008007 
461 -0.010757 
462 -0.012621 
463 -0.011685 
464 -0.006703 
465 0.000242 
466 0.005923 
467 0.009185 
468 0.010326 
469 0.008338 
470 0.002474 
471 -0.004276 
472 -0.007715 
473 -0.008430 
474 -0.008771 
475 -0.008044 
476 -0.004555 
477 0.000209 
478 0.002628 
479 0.003218 
480 0.004880 
481 0.006345 
482 0.005189 
483 0.002527 
484 -0.000281 
485 -0.003355 
486 -0.006487 
487 -0.007930 
488 -0.006526 
489 -0.004013 
490 -0.000786 
491 0.003579 
492 0.006638 
493 0.006207 
494 0.004096 
495 0.002871 
496 0.001999 
497 -0.000246 
498 -0.002397 
499 -0.002314 
500 -0.001551 
501 -0.002912 
502 -0.005131 
503 -0.004450 
504 -0.001026 
505 0.001006 
506 0.000721 
507 0.000225 
508 0.000170 
509 -0.000820 
510 -0.003646 
511 -0.005924 
512 -0.004233 
513 -0.000334 
514 0.001435 
515 0.001192 
516 0.002398 
517 0.004895 
518 0.005321 
519 0.003184 
520 0.000860 
521 0.000034 
522 0.000970 
523 0.002768 
524 0.003235 
525 0.000996 
526 -0.001685 
527 -0.002338 
528 -0.002752 
529 -0.005009 
530 -0.006924 
531 -0.005231 
532 -0.001699 
533 0.001012 
534 0.004313 
535 0.008017 
536 0.007753 
537 0.002008 
538 -0.004544 
539 -0.008456 
540 -0.010939 
541 -0.011618 
542 -0.007552 
543 -0.000323 
544 0.006285 
545 0.011133 
546 0.012697 
547 0.008589 
548 0.000934 
549 -0.004510 
550 -0.006208 
551 -0.007301 
552 -0.007227 
553 -0.003243 
554 0.002016 
555 0.003459 
556 0.001881 
557 0.001977 
558 0.003891 
559 0.004031 
560 0.002760 
561 0.003186 
562 0.003883 
563 0.001119 
564 -0.003723 
565 -0.006799 
566 -0.007894 
567 -0.008537 
568 -0.007362 
569 -0.003009 
570 0.001191 
571 0.002028 
572 0.001197 
573 0.001729 
574 0.003040 
575 0.002025 
576 -0.001297 
577 -0.003121 
578 -0.001944 
579 -0.000434 
580 -0.000189 
581 0.000764 
582 0.003809 
583 0.007091 
584 0.008435 
585 0.007833 
586 0.005925 
587 0.003490 
588 0.001033 
589 -0.001167 
590 -0.003613 
591 -0.005061 
592 -0.003010 
593 0.001729 
594 0.005191 
595 0.006040 
596 0.006648 
597 0.007188 
598 0.004412 
599 -0.001086 
600 -0.004645 
601 -0.004278 
602 -0.002207 
603 -0.000591 
604 0.001975 
605 0.005736 
606 0.008123 
607 0.008064 
608 0.006342 
609 0.003356 
610 0.000670 
611 0.000081 
612 0.000344 
613 -0.000021 
614 -0.000085 
615 0.002141 
616 0.005328 
617 0.006181 
618 0.005067 
619 0.004370 
620 0.004653 
621 0.004621 
622 0.002718 
623 0.000031 
624 -0.001583 
625 -0.001768 
626 -0.000640 
627 0.001029 
628 0.003533 
629 0.007317 
630 0.010535 
631 0.010440 
632 0.007400 
633 0.004018 
634 0.001489 
635 -0.000487 
636 -0.001760 
637 -0.001002 
638 0.001808 
639 0.005088 
640 0.007529 
641 0.008528 
642 0.008583 
643 0.006948 
644 0.003678 
645 0.001249 
646 0.001408 
647 0.002441 
648 0.002039 
649 0.001516 
650 0.002690 
651 0.003710 
652 0.002426 
653 0.000028 
654 -0.000967 
655 -0.000198 
656 0.000484 
657 0.000185 
658 0.000302 
659 0.001766 
660 0.003276 
661 0.003153 
662 0.002539 
663 0.002559 
664 0.001642 
665 -0.000735 
666 -0.002421 
667 -0.002042 
668 -0.000071 
669 0.002018 
670 0.004556 
671 0.008357 
672 0.011581 
673 0.010896 
674 0.006490 
675 0.001962 
676 -0.000903 
677 -0.003830 
678 -0.006319 
679 -0.005979 
680 -0.003272 
681 -0.000321 
682 0.002074 
683 0.003799 
684 0.003830 
685 0.001351 
686 -0.002526 
687 -0.005181 
688 -0.005525 
689 -0.004131 
690 -0.002006 
691 0.000271 
692 0.002257 
693 0.003395 
694 0.003422 
695 0.002234 
696 -0.000435 
697 -0.003638 
698 -0.005517 
699 -0.005605 
700 -0.005486 
701 -0.006075 
702 -0.006078 
703 -0.003953 
704 -0.000416 
705 0.001964 
706 0.002848 
707 0.003479 
708 0.003684 
709 0.002495 
710 0.000094 
711 -0.002234 
712 -0.003679 
713 -0.005122 
714 -0.006714 
715 -0.007330 
716 -0.006457 
717 -0.004786 
718 -0.002829 
719 -0.000697 
720 0.001207 
721 0.001969 
722 0.001213 
723 -0.000833 
724 -0.003299 
725 -0.005543 
726 -0.007013 
727 -0.006899 
728 -0.004584 
729 -0.001106 
730 0.001854 
731 0.002878 
732 0.002261 
733 0.001296 
734 0.000167 
735 -0.001876 
736 -0.004271 
737 -0.005062 
738 -0.003500 
739 -0.001369 
740 -0.000502 
741 -0.000752 
742 -0.001258 
743 -0.001780 
744 -0.002115 
745 -0.002263 
746 -0.002440 
747 -0.002885 
748 -0.003149 
749 -0.002123 
750 -0.000652 
751 -0.000533 
752 -0.001364 
753 -0.001271 
754 -0.000192 
755 0.000304 
756 0.000282 
757 0.000460 
758 0.000413 
759 -0.000072 
760 -0.000595 
761 -0.001284 
762 -0.002559 
763 -0.003564 
764 -0.003108 
765 -0.001459 
766 -0.000230 
767 0.000314 
768 0.001764 
769 0.004464 
770 0.005876 
771 0.004631 
772 0.002717 
773 0.001640 
774 0.000221 
775 -0.002482 
776 -0.004584 
777 -0.004483 
778 -0.003348 
779 -0.002370 
780 -0.001026 
781 0.000956 
782 0.002877 
783 0.004366 
784 0.005330 
785 0.005174 
786 0.003447 
787 0.001076 
788 -0.000580 
789 -0.001519 
790 -0.002149 
791 -0.002264 
792 -0.001049 
793 0.001069 
794 0.002645 
795 0.003778 
796 0.005008 
797 0.005281 
798 0.003923 
799 0.002535 
800 0.002167 
801 0.001908 
802 0.000728 
803 -0.000480 
804 -0.000397 
805 0.000170 
806 0.000246 
807 0.000684 
808 0.002556 
809 0.004195 
810 0.003436 
811 0.001629 
812 0.001087 
813 0.001104 
814 0.000373 
815 -0.000104 
816 0.000531 
817 0.001276 
818 0.001724 
819 0.002338 
820 0.002835 
821 0.002775 
822 0.002406 
823 0.002589 
824 0.002819 
825 0.001990 
826 0.000719 
827 0.000419 
828 0.000635 
829 -0.000058 
830 -0.000824 
831 0.000092 
832 0.001991 
833 0.002909 
834 0.002850 
835 0.003220 
836 0.004258 
837 0.004548 
838 0.003115 
839 0.000942 
840 -0.000891 
841 -0.002176 
842 -0.002889 
843 -0.002962 
844 -0.002444 
845 -0.001592 
846 -0.000134 
847 0.002009 
848 0.003746 
849 0.004096 
850 0.003525 
851 0.002893 
852 0.002108 
853 0.000507 
854 -0.001431 
855 -0.002363 
856 -0.002373 
857 -0.002017 
858 -0.001154 
859 0.000615 
860 0.002774 
861 0.004050 
862 0.003744 
863 0.002348 
864 0.000790 
865 -0.000668 
866 -0.002177 
867 -0.003349 
868 -0.003492 
869 -0.002439 
870 -0.000800 
871 0.000654 
872 0.001699 
873 0.002399 
874 0.002561 
875 0.001875 
876 0.000429 
877 -0.001045 
878 -0.001886 
879 -0.002137 
880 -0.002240 
881 -0.002313 
882 -0.001970 
883 -0.000993 
884 0.000168 
885 0.000972 
886 0.001211 
887 0.000950 
888 0.000424 
889 -0.000150 
890 -0.000590 
891 -0.001034 
892 -0.001596 
893 -0.001976 
894 -0.001944 
895 -0.001664 
896 -0.001269 
897 -0.000439 
898 0.000681 
899 0.001433 
900 0.001316 
901 0.000664 
902 0.000113 
903 -0.000399 
904 -0.001193 
905 -0.002069 
906 -0.002481 
907 -0.002034 
908 -0.001096 
909 -0.000269 
910 0.000417 
911 0.000978 
912 0.001187 
913 0.000882 
914 0.000297 
915 -0.000157 
916 -0.000593 
917 -0.001132 
918 -0.001461 
919 -0.001483 
920 -0.001487 
921 -0.001587 
922 -0.001409 
923 -0.000750 
924 -0.000065 
925 0.000323 
926 0.000600 
927 0.000770 
928 0.000582 
929 0.000055 
930 -0.000689 
931 -0.001476 
932 -0.002004 
933 -0.002046 
934 -0.001759 
935 -0.001311 
936 -0.000579 
937 0.000514 
938 0.001390 
939 0.001461 
940 0.000995 
941 0.000471 
942 -0.000072 
943 -0.000884 
944 -0.001675 
945 -0.001854 
946 -0.001382 
947 -0.000739 
948 -0.000105 
949 0.000513 
950 0.000890 
951 0.000730 
952 0.000156 
953 -0.000372 
954 -0.000583 
955 -0.000648 
956 -0.000802 
957 -0.001026 
958 -0.001036 
959 -0.000748 
960 -0.000542 
961 -0.000595 
962 -0.000607 
963 -0.000344 
964 0.000078 
965 0.000373 
966 0.000508 
967 0.000634 
968 0.000730 
969 0.000593 
970 0.000113 
971 -0.000470 
972 -0.000880 
973 -0.001148 
974 -0.001320 
975 -0.001206 
976 -0.000690 
977 0.000016 
978 0.000582 
979 0.000896 
980 0.000993 
981 0.000784 
982 0.000208 
983 -0.000443 
984 -0.000771 
985 -0.000834 
986 -0.000857 
987 -0.000781 
988 -0.000451 
989 -0.000005 
990 0.000225 
991 0.000283 
992 0.000428 
993 0.000550 
994 0.000439 
995 0.000199 
996 -0.000051 
997 -0.000319 
998 -0.000584 
999 -0.000701 
1000 -0.000577 
1001 -0.000362 
1002 -0.000092 
1003 0.000271 
1004 0.000522 
1005 0.000483 
1006 0.000306 
1007 0.000204 
1008 0.000133 
1009 -0.000050 
1010 -0.000225 
1011 -0.000219 
1012 -0.000156 
1013 -0.000264 
1014 -0.000437 
1015 -0.000375 
1016 -0.000094 
1017 0.000069 
1018 0.000040 
1019 -0.000007 
1020 -0.000022 
1021 -0.000112 
1022 -0.000346 
1023 -0.000530 
