0 0.201237 
1 -0.202153 
2 0.060985 
3 0.053897 
4 -0.033407 
5 0.051937 
6 0.054519 
7 -0.045285 
8 0.020842 
9 0.006969 
10 0.070143 
11 -0.033074 
12 0.050145 
13 -0.005643 
14 -0.033377 
15 0.054128 
16 -0.004107 
17 -0.003541 
18 0.005048 
19 -0.042116 
20 0.060999 
21 -0.051139 
22 -0.028218 
23 -0.025634 
24 0.026603 
25 -0.096846 
26 0.030770 
27 0.001640 
28 -0.042341 
29 -0.075834 
30 0.015574 
31 -0.033117 
32 -0.005937 
33 0.041318 
34 -0.074517 
35 -0.062317 
36 0.041790 
37 -0.005721 
38 -0.047038 
39 0.066485 
40 -0.017112 
41 -0.025143 
42 0.040867 
43 0.031260 
44 -0.010456 
45 0.065267 
46 -0.043239 
47 0.111332 
48 -0.002398 
49 0.043997 
50 0.039132 
51 -0.060311 
52 0.059972 
53 0.089216 
54 0.009209 
55 0.015167 
56 0.028319 
57 0.003359 
58 0.017992 
59 0.087610 
60 0.018588 
61 -0.031178 
62 0.039971 
63 -0.025143 
64 0.054748 
65 -0.012378 
66 0.004508 
67 -0.019539 
68 -0.006951 
69 -0.026656 
70 0.008210 
71 -0.011585 
72 -0.045840 
73 -0.045157 
74 -0.011500 
75 -0.023232 
76 -0.037978 
77 -0.045969 
78 -0.031200 
79 -0.032212 
80 -0.042151 
81 -0.005313 
82 -0.053100 
83 0.013199 
84 -0.052005 
85 -0.044419 
86 -0.010514 
87 0.039638 
88 -0.020056 
89 -0.055293 
90 0.011559 
91 0.068958 
92 -0.053151 
93 0.042167 
94 -0.030268 
95 0.034005 
96 0.072227 
97 0.006338 
98 0.009432 
99 0.074147 
100 -0.037989 
101 0.064615 
102 0.001387 
103 0.064572 
104 0.041897 
105 -0.028775 
106 0.015742 
107 -0.003162 
108 0.092894 
109 -0.065597 
110 0.014851 
111 0.008676 
112 0.008639 
113 -0.031203 
114 0.042072 
115 -0.081807 
116 0.028241 
117 -0.042578 
118 0.018045 
119 -0.081058 
120 0.004261 
121 -0.026638 
122 -0.062350 
123 -0.005658 
124 -0.035663 
125 -0.041736 
126 -0.054328 
127 -0.031789 
128 -0.005976 
129 -0.008049 
130 -0.032111 
131 -0.021742 
132 -0.035585 
133 -0.050453 
134 0.026656 
135 -0.023129 
136 0.010519 
137 0.015866 
138 -0.022043 
139 -0.001908 
140 -0.011354 
141 0.070247 
142 0.010109 
143 0.010073 
144 0.012631 
145 0.099536 
146 -0.043282 
147 0.044504 
148 0.069774 
149 0.005230 
150 0.056981 
151 0.029260 
152 0.046895 
153 -0.021179 
154 0.079998 
155 0.022544 
156 0.019569 
157 -0.005905 
158 0.062500 
159 -0.068115 
160 0.048693 
161 0.036431 
162 -0.019611 
163 -0.021583 
164 0.013614 
165 -0.061009 
166 0.049999 
167 -0.069042 
168 0.026718 
169 -0.034606 
170 -0.051029 
171 -0.021069 
172 0.034070 
173 -0.084509 
174 0.007100 
175 -0.014893 
176 -0.032282 
177 -0.027724 
178 0.003453 
179 -0.007847 
180 -0.024319 
181 0.013193 
182 -0.031349 
183 0.020008 
184 -0.021641 
185 0.003153 
186 -0.022627 
187 0.061016 
188 -0.011760 
189 0.006298 
190 -0.028916 
191 0.054727 
192 -0.003405 
193 0.034693 
194 0.020876 
195 0.006688 
196 0.013916 
197 0.008078 
198 0.025795 
199 0.074002 
200 0.030122 
201 -0.029062 
202 0.018904 
203 0.054626 
204 0.046169 
205 -0.033077 
206 0.028225 
207 -0.020819 
208 0.031162 
209 0.031405 
210 -0.021066 
211 -0.026548 
212 0.050261 
213 -0.031248 
214 -0.065671 
215 0.005767 
216 0.020705 
217 -0.069424 
218 -0.026212 
219 -0.017359 
220 0.016315 
221 -0.069315 
222 0.001649 
223 -0.060972 
224 -0.040712 
225 0.030977 
226 -0.039345 
227 -0.067379 
228 -0.008662 
229 0.002272 
230 -0.053451 
231 -0.015430 
232 0.023937 
233 -0.033515 
234 -0.012872 
235 0.016056 
236 0.014068 
237 0.022776 
238 -0.018039 
239 0.023281 
240 0.019471 
241 0.024256 
242 0.005589 
243 0.083935 
244 -0.049430 
245 0.034728 
246 0.004838 
247 0.057522 
248 0.008995 
249 0.042723 
250 -0.019612 
251 0.023548 
252 0.039377 
253 0.002812 
254 -0.007668 
255 0.013205 
256 0.042523 
257 -0.032506 
258 0.023510 
259 -0.014648 
260 0.049768 
261 -0.114765 
262 0.039241 
263 0.020953 
264 -0.003658 
265 -0.056543 
266 -0.004165 
267 -0.028232 
268 -0.007080 
269 0.001278 
270 -0.059058 
271 -0.030508 
272 0.017736 
273 -0.068976 
274 -0.015590 
275 -0.021931 
276 0.038221 
277 -0.103973 
278 -0.004355 
279 -0.004578 
280 0.008205 
281 -0.003654 
282 -0.038618 
283 0.024533 
284 0.050128 
285 -0.028060 
286 0.009872 
287 0.023951 
288 0.006505 
289 0.062220 
290 -0.007172 
291 0.026139 
292 0.034840 
293 0.023020 
294 -0.001059 
295 0.029436 
296 0.037704 
297 0.059172 
298 -0.002417 
299 -0.001004 
300 0.027624 
301 0.023736 
302 0.024527 
303 0.012700 
304 0.000082 
305 -0.007393 
306 0.016751 
307 0.012449 
308 -0.012885 
309 -0.021363 
310 0.006606 
311 -0.021763 
312 -0.005932 
313 -0.018137 
314 0.011470 
315 -0.030751 
316 -0.041539 
317 -0.022966 
318 0.022264 
319 -0.095934 
320 0.027929 
321 -0.034097 
322 -0.026689 
323 -0.016997 
324 0.000138 
325 -0.056539 
326 -0.040894 
327 0.051488 
328 -0.032614 
329 -0.018028 
330 0.013312 
331 -0.011315 
332 -0.044865 
333 0.041556 
334 0.006132 
335 0.036770 
336 -0.079440 
337 0.089894 
338 -0.009766 
339 0.019691 
340 0.034478 
341 0.042590 
342 -0.018495 
343 0.036413 
344 0.055898 
345 -0.001921 
346 0.054482 
347 0.023597 
348 0.024909 
349 -0.005236 
350 0.042387 
351 0.065058 
352 -0.040804 
353 0.039941 
354 0.009011 
355 0.019452 
356 -0.028574 
357 -0.000209 
358 0.017584 
359 -0.039612 
360 0.000311 
361 -0.021366 
362 -0.036472 
363 -0.030461 
364 0.034549 
365 -0.071239 
366 -0.013729 
367 -0.016801 
368 -0.034218 
369 -0.042108 
370 -0.018620 
371 0.003107 
372 -0.001446 
373 -0.053873 
374 -0.018509 
375 -0.035976 
376 0.007415 
377 -0.030815 
378 0.026580 
379 -0.019434 
380 -0.022232 
381 0.008461 
382 0.010603 
383 -0.035188 
384 0.034327 
385 0.004500 
386 0.012322 
387 0.007008 
388 0.025203 
389 0.017506 
390 -0.021372 
391 0.057330 
392 0.023307 
393 0.029546 
394 -0.001846 
395 0.059540 
396 -0.006634 
397 0.020648 
398 0.079231 
399 -0.018341 
400 0.002523 
401 0.028618 
402 0.038209 
403 -0.026883 
404 0.036760 
405 -0.011048 
406 -0.006606 
407 -0.017713 
408 0.000156 
409 -0.011022 
410 -0.017299 
411 -0.025926 
412 -0.018389 
413 -0.040686 
414 -0.023874 
415 -0.025400 
416 -0.012864 
417 -0.076552 
418 0.026262 
419 -0.031946 
420 -0.045083 
421 -0.023688 
422 -0.001884 
423 -0.031901 
424 -0.030048 
425 0.000716 
426 -0.002379 
427 -0.002561 
428 -0.019745 
429 -0.021393 
430 0.031694 
431 -0.026600 
432 0.072296 
433 -0.040181 
434 -0.021089 
435 0.077027 
436 0.037953 
437 -0.028529 
438 0.019967 
439 0.050764 
440 -0.017410 
441 0.058849 
442 0.005306 
443 0.005014 
444 0.040686 
445 0.034919 
446 0.026068 
447 0.003342 
448 0.026082 
449 0.040669 
450 -0.035433 
451 0.027884 
452 0.041324 
453 0.013808 
454 -0.028628 
455 0.009921 
456 -0.023762 
457 0.009748 
458 0.005362 
459 -0.008488 
460 -0.048285 
461 -0.010127 
462 0.008294 
463 -0.058032 
464 -0.011963 
465 -0.022396 
466 -0.010069 
467 -0.043778 
468 -0.014907 
469 -0.008061 
470 -0.025746 
471 -0.071749 
472 0.017875 
473 -0.032396 
474 0.013259 
475 -0.012703 
476 -0.013653 
477 0.007165 
478 -0.022011 
479 0.057707 
480 -0.032148 
481 0.046872 
482 0.014662 
483 0.015560 
484 0.020153 
485 0.033304 
486 0.061118 
487 -0.020552 
488 0.028131 
489 0.024157 
490 0.044860 
491 0.031105 
492 -0.019135 
493 0.043050 
494 0.002131 
495 0.041329 
496 -0.007162 
497 0.043374 
498 -0.022733 
499 0.010386 
500 0.036470 
501 -0.023205 
502 -0.016641 
503 0.037383 
504 -0.056860 
505 0.001023 
506 0.002594 
507 0.001216 
508 -0.052506 
509 -0.023389 
510 -0.001955 
511 -0.023191 
512 -0.050970 
513 0.000049 
514 -0.027261 
515 -0.050436 
516 0.003684 
517 -0.046866 
518 -0.015649 
519 -0.051243 
520 0.013484 
521 -0.056808 
522 -0.005436 
523 -0.008497 
524 0.000685 
525 -0.048714 
526 0.026791 
527 -0.007453 
528 -0.009935 
529 -0.001037 
530 0.039492 
531 -0.002785 
532 -0.007056 
533 0.040629 
534 0.034561 
535 0.017578 
536 0.014432 
537 0.042511 
538 0.017573 
539 0.048760 
540 0.024723 
541 0.013051 
542 0.039720 
543 -0.001728 
544 0.033437 
545 0.007273 
546 0.008221 
547 0.038923 
548 -0.024090 
549 0.001451 
550 0.001362 
551 0.028307 
552 -0.064593 
553 0.010995 
554 0.013761 
555 -0.060092 
556 0.020418 
557 -0.025011 
558 -0.034272 
559 -0.038910 
560 0.007958 
561 -0.014229 
562 -0.030491 
563 -0.020459 
564 -0.002975 
565 -0.015048 
566 -0.037335 
567 0.022410 
568 -0.057849 
569 -0.013737 
570 0.026923 
571 -0.048781 
572 -0.023039 
573 -0.017255 
574 0.033829 
575 -0.036146 
576 -0.012232 
577 0.030460 
578 -0.025369 
579 0.013123 
580 0.023733 
581 -0.001976 
582 0.028149 
583 0.030185 
584 0.000930 
585 0.033031 
586 0.029722 
587 0.049940 
588 0.037446 
589 -0.017300 
590 0.038991 
591 0.053354 
592 -0.008139 
593 0.050484 
594 -0.000265 
595 0.032746 
596 -0.016407 
597 0.028715 
598 0.028394 
599 -0.021643 
600 0.008495 
601 0.007772 
602 -0.048287 
603 0.020365 
604 -0.031885 
605 0.003195 
606 -0.028658 
607 0.000116 
608 -0.030778 
609 -0.022346 
610 -0.047164 
611 -0.014877 
612 -0.003069 
613 -0.022376 
614 0.013092 
615 -0.039851 
616 -0.045881 
617 -0.017412 
618 0.001722 
619 -0.010139 
620 0.009009 
621 -0.007806 
622 -0.046680 
623 0.015685 
624 -0.051705 
625 0.048623 
626 0.006550 
627 -0.052219 
628 0.069023 
629 -0.002780 
630 0.007926 
631 0.003700 
632 0.026337 
633 -0.007499 
634 0.036615 
635 0.050633 
636 -0.021518 
637 0.037617 
638 0.024816 
639 0.010536 
640 0.010199 
641 0.037251 
642 0.034843 
643 -0.041079 
644 0.062673 
645 0.023549 
646 0.025564 
647 0.002531 
648 -0.031967 
649 0.052959 
650 -0.057091 
651 0.087703 
652 -0.053214 
653 -0.032554 
654 0.002028 
655 -0.022250 
656 -0.038626 
657 0.006692 
658 -0.014071 
659 -0.050571 
660 -0.036580 
661 -0.033510 
662 0.018109 
663 -0.042112 
664 -0.034966 
665 -0.027321 
666 -0.008546 
667 -0.060962 
668 0.042185 
669 -0.030614 
670 -0.020077 
671 -0.021547 
672 0.016103 
673 -0.001042 
674 -0.002511 
675 0.024642 
676 -0.009071 
677 0.021796 
678 0.051468 
679 -0.005029 
680 0.014102 
681 -0.003774 
682 0.077931 
683 -0.036120 
684 0.066194 
685 0.003296 
686 0.046114 
687 -0.050747 
688 0.055243 
689 0.060962 
690 -0.023810 
691 0.044784 
692 -0.028520 
693 0.018534 
694 0.022551 
695 0.052593 
696 -0.005254 
697 -0.013167 
698 -0.017315 
699 -0.001635 
700 0.034868 
701 -0.033413 
702 0.001224 
703 -0.013159 
704 -0.041160 
705 -0.019487 
706 -0.013147 
707 -0.053798 
708 -0.030870 
709 0.004986 
710 -0.032981 
711 -0.048903 
712 -0.006181 
713 -0.042527 
714 -0.053661 
715 -0.018063 
716 0.029293 
717 -0.033032 
718 -0.036646 
719 -0.016543 
720 -0.017632 
721 0.000768 
722 0.027713 
723 0.002416 
724 -0.019994 
725 0.016322 
726 0.034795 
727 0.009846 
728 0.044194 
729 -0.012594 
730 0.040333 
731 0.016742 
732 0.059449 
733 0.023111 
734 0.030724 
735 0.011163 
736 0.042044 
737 0.047267 
738 -0.011230 
739 0.004096 
740 0.060360 
741 0.001528 
742 -0.015673 
743 0.053859 
744 -0.039790 
745 0.001743 
746 0.038779 
747 0.012888 
748 -0.078516 
749 0.078662 
750 -0.022122 
751 -0.041336 
752 -0.021130 
753 -0.007557 
754 0.002433 
755 -0.049252 
756 0.011823 
757 -0.081170 
758 -0.016151 
759 -0.013357 
760 -0.003020 
761 -0.045388 
762 -0.046340 
763 0.042249 
764 -0.057517 
765 -0.023381 
766 0.021056 
767 -0.020073 
768 -0.035435 
769 0.021012 
770 -0.004117 
771 -0.037436 
772 0.039806 
773 -0.013223 
774 0.001113 
775 0.050976 
776 -0.005330 
777 0.045679 
778 0.005366 
779 0.036063 
780 0.080202 
781 -0.015816 
782 0.039206 
783 0.017878 
784 0.063741 
785 -0.048935 
786 0.080928 
787 -0.022708 
788 0.010412 
789 0.031409 
790 -0.034655 
791 0.085660 
792 -0.049938 
793 0.047633 
794 -0.032602 
795 -0.034618 
796 0.063292 
797 -0.017116 
798 0.009252 
799 -0.039490 
800 0.003743 
801 -0.036395 
802 -0.004938 
803 -0.026331 
804 -0.033955 
805 -0.022200 
806 0.002657 
807 -0.068363 
808 -0.012218 
809 -0.037767 
810 -0.024578 
811 -0.015108 
812 0.010177 
813 -0.077139 
814 -0.013655 
815 0.043162 
816 -0.120847 
817 0.062716 
818 -0.030941 
819 0.009330 
820 -0.006463 
821 -0.002797 
822 0.015484 
823 -0.043585 
824 0.074553 
825 0.006190 
826 0.011057 
827 -0.002116 
828 0.037899 
829 -0.003497 
830 0.060709 
831 0.057884 
832 -0.040073 
833 0.026821 
834 0.062730 
835 0.045695 
836 -0.050868 
837 0.034280 
838 0.022463 
839 0.032757 
840 0.033714 
841 -0.019865 
842 0.013392 
843 -0.018251 
844 0.023162 
845 -0.005851 
846 0.012573 
847 -0.013113 
848 -0.005634 
849 -0.059941 
850 0.020155 
851 -0.035900 
852 0.026844 
853 -0.064940 
854 -0.003093 
855 -0.000369 
856 -0.049192 
857 -0.000028 
858 -0.033934 
859 -0.042051 
860 -0.056331 
861 0.072968 
862 0.001016 
863 -0.013202 
864 -0.092560 
865 0.057254 
866 -0.011057 
867 -0.016138 
868 0.044176 
869 -0.009530 
870 -0.004368 
871 0.057923 
872 -0.041728 
873 -0.029435 
874 0.014819 
875 0.026856 
876 0.002981 
877 -0.004838 
878 0.062602 
879 -0.034989 
880 -0.018507 
881 0.048013 
882 0.030432 
883 -0.019198 
884 0.088648 
885 0.018148 
886 -0.044499 
887 0.018008 
888 0.041236 
889 0.070663 
890 -0.035348 
891 -0.017923 
892 0.029652 
893 0.022067 
894 -0.025748 
895 -0.013224 
896 0.025518 
897 -0.082944 
898 0.027349 
899 -0.028663 
900 -0.029403 
901 0.004352 
902 -0.022526 
903 -0.059356 
904 -0.007716 
905 0.034641 
906 -0.045324 
907 -0.094050 
908 0.041158 
909 -0.033482 
910 0.029306 
911 -0.001115 
912 -0.045882 
913 0.027043 
914 -0.054778 
915 0.063444 
916 0.004848 
917 0.007314 
918 -0.043101 
919 0.057396 
920 -0.031525 
921 0.012276 
922 0.022824 
923 -0.018936 
924 -0.024786 
925 0.005770 
926 0.079108 
927 -0.046487 
928 0.000350 
929 0.005883 
930 0.021037 
931 0.032506 
932 0.023722 
933 0.039507 
934 -0.041894 
935 0.031901 
936 0.034194 
937 0.038493 
938 -0.007346 
939 0.033980 
940 -0.022512 
941 -0.050230 
942 0.112505 
943 -0.004151 
944 -0.082512 
945 0.029687 
946 0.018317 
947 -0.107268 
948 0.061971 
949 -0.034891 
950 -0.002522 
951 -0.052850 
952 0.079452 
953 -0.078285 
954 -0.005425 
955 -0.002674 
956 -0.011059 
957 0.021895 
958 -0.104034 
959 0.169877 
960 -0.078373 
961 -0.043733 
962 -0.038444 
963 -0.067623 
964 0.066210 
965 0.043621 
966 -0.092832 
967 -0.089637 
968 0.087435 
969 -0.007189 
970 -0.050583 
971 0.070210 
972 -0.028010 
973 0.137713 
974 -0.001925 
975 -0.024676 
976 0.027174 
977 0.114434 
978 -0.034636 
979 0.070788 
980 0.077101 
981 -0.074892 
982 -0.052390 
983 0.061017 
984 -0.026608 
985 0.044177 
986 0.079387 
987 -0.036378 
988 0.001284 
989 -0.046605 
990 0.043645 
991 0.078243 
992 0.079325 
993 -0.078183 
994 -0.061064 
995 0.012268 
996 -0.007015 
997 -0.120791 
998 -0.056947 
999 -0.013861 
1000 -0.044627 
1001 -0.026346 
1002 -0.047175 
1003 -0.024625 
1004 -0.029106 
1005 -0.070647 
1006 0.028664 
1007 0.114095 
1008 -0.030148 
1009 -0.178855 
1010 -0.020413 
1011 0.059236 
1012 -0.064142 
1013 -0.050514 
1014 -0.117241 
1015 0.119356 
1016 0.117531 
1017 -0.037261 
1018 -0.040197 
1019 0.130352 
1020 -0.021895 
1021 -0.020521 
1022 0.486299 
1023 0.368485 
