0 -0.028569 
1 -0.050277 
2 -0.069370 
3 -0.057851 
4 -0.022308 
5 0.041832 
6 0.088229 
7 0.109073 
8 0.086817 
9 0.033175 
10 -0.036778 
11 -0.095581 
12 -0.103466 
13 -0.060317 
14 -0.014506 
15 0.022094 
16 0.039807 
17 0.052825 
18 0.036367 
19 0.019044 
20 -0.000287 
21 -0.003202 
22 0.005108 
23 0.013087 
24 0.023057 
25 0.007620 
26 -0.004698 
27 -0.021166 
28 -0.006565 
29 0.001988 
30 0.015947 
31 0.018516 
32 0.018960 
33 0.023515 
34 0.017456 
35 0.012897 
36 -0.030528 
37 -0.027315 
38 -0.038866 
39 0.002914 
40 0.007261 
41 0.035895 
42 0.013056 
43 0.013487 
44 -0.008021 
45 0.000070 
46 -0.013487 
47 -0.019314 
48 -0.005252 
49 0.006588 
50 0.019256 
51 0.005058 
52 0.016618 
53 -0.005935 
54 -0.004253 
55 -0.005747 
56 0.013947 
57 0.007711 
58 -0.000115 
59 -0.004152 
60 -0.003329 
61 -0.016028 
62 -0.019141 
63 -0.015341 
64 0.009494 
65 0.020203 
66 0.026232 
67 0.015543 
68 0.013354 
69 -0.011480 
70 -0.004138 
71 -0.005860 
72 0.006486 
73 -0.011630 
74 -0.005992 
75 -0.005540 
76 0.003667 
77 -0.002266 
78 -0.016531 
79 -0.012803 
80 -0.008442 
81 0.011718 
82 0.015207 
83 0.016987 
84 -0.007445 
85 -0.007654 
86 -0.009466 
87 0.013703 
88 0.005970 
89 0.000672 
90 -0.015092 
91 -0.010189 
92 -0.011524 
93 0.004647 
94 0.003116 
95 0.004008 
96 -0.010808 
97 -0.002530 
98 -0.004106 
99 0.001328 
100 -0.001756 
101 0.005068 
102 0.005782 
103 -0.001801 
104 -0.007788 
105 -0.023098 
106 -0.012319 
107 -0.005591 
108 0.023786 
109 0.017186 
110 0.026069 
111 -0.002992 
112 0.001683 
113 -0.022305 
114 -0.012779 
115 -0.015297 
116 0.001220 
117 0.004909 
118 0.008452 
119 -0.001821 
120 -0.015779 
121 -0.023742 
122 -0.018677 
123 0.001832 
124 0.009769 
125 0.021814 
126 0.020773 
127 0.018700 
128 0.012414 
129 -0.008090 
130 -0.026937 
131 -0.038872 
132 -0.028201 
133 -0.008711 
134 0.022636 
135 0.029204 
136 0.017408 
137 -0.006753 
138 -0.022540 
139 -0.018331 
140 -0.016408 
141 -0.007715 
142 -0.003518 
143 0.015519 
144 0.019832 
145 0.025060 
146 0.007201 
147 -0.000412 
148 -0.014122 
149 -0.012212 
150 -0.004281 
151 0.003993 
152 -0.002577 
153 -0.002680 
154 -0.007169 
155 -0.008223 
156 -0.018690 
157 -0.012057 
158 0.000370 
159 0.028244 
160 0.035769 
161 0.044398 
162 0.006435 
163 -0.008438 
164 -0.034189 
165 -0.014464 
166 -0.015620 
167 -0.001513 
168 -0.004819 
169 0.007477 
170 0.012442 
171 0.014034 
172 0.012817 
173 -0.000014 
174 -0.005871 
175 -0.005293 
176 0.009372 
177 0.005977 
178 0.013709 
179 -0.002503 
180 -0.005044 
181 -0.019056 
182 -0.015218 
183 -0.009003 
184 0.005538 
185 0.028486 
186 0.046681 
187 0.035541 
188 0.004330 
189 -0.026356 
190 -0.033500 
191 -0.026310 
192 -0.006229 
193 0.009293 
194 0.011982 
195 0.012675 
196 0.014215 
197 0.021689 
198 0.011017 
199 0.004247 
200 -0.002932 
201 -0.000329 
202 -0.000725 
203 0.005787 
204 0.007402 
205 -0.000935 
206 -0.000355 
207 -0.006064 
208 0.007291 
209 -0.003483 
210 0.008417 
211 0.002005 
212 0.024499 
213 0.011653 
214 0.017106 
215 -0.021806 
216 -0.009306 
217 -0.020591 
218 0.007289 
219 -0.002141 
220 0.017570 
221 0.007013 
222 0.012417 
223 0.003911 
224 0.002898 
225 -0.006534 
226 -0.015536 
227 -0.009416 
228 0.005430 
229 0.019223 
230 0.016049 
231 0.009855 
232 -0.001933 
233 -0.005015 
234 -0.015705 
235 -0.005523 
236 0.000339 
237 0.016193 
238 0.017136 
239 0.027964 
240 0.000503 
241 -0.004088 
242 -0.030659 
243 -0.008229 
244 -0.014664 
245 0.016065 
246 -0.000598 
247 0.021047 
248 0.011184 
249 0.027749 
250 0.006067 
251 -0.000464 
252 -0.018822 
253 -0.011914 
254 -0.001529 
255 0.018655 
256 0.012460 
257 -0.000885 
258 -0.016183 
259 -0.015796 
260 -0.014316 
261 0.002154 
262 0.008173 
263 0.029739 
264 0.031806 
265 0.034941 
266 0.016193 
267 -0.010917 
268 -0.043891 
269 -0.040103 
270 -0.023919 
271 0.002801 
272 0.020912 
273 0.025896 
274 0.031396 
275 0.012465 
276 0.010044 
277 -0.012992 
278 -0.013693 
279 -0.015658 
280 0.010224 
281 0.016407 
282 0.019444 
283 -0.000298 
284 -0.013567 
285 -0.019040 
286 -0.011510 
287 -0.005167 
288 0.007767 
289 0.013655 
290 0.028902 
291 0.031373 
292 0.024257 
293 -0.002065 
294 -0.022961 
295 -0.036619 
296 -0.024780 
297 -0.009577 
298 0.010062 
299 0.017583 
300 0.012343 
301 0.016310 
302 -0.000220 
303 -0.005827 
304 -0.022343 
305 0.000646 
306 0.004590 
307 0.030092 
308 0.014822 
309 0.007752 
310 -0.024546 
311 -0.022887 
312 -0.017526 
313 0.000316 
314 0.003145 
315 -0.000642 
316 -0.000694 
317 -0.001515 
318 0.007218 
319 -0.001499 
320 -0.001616 
321 -0.006532 
322 0.000734 
323 0.006138 
324 0.012865 
325 0.006832 
326 -0.000993 
327 -0.010934 
328 -0.020745 
329 -0.021360 
330 -0.017639 
331 -0.002995 
332 0.016100 
333 0.024036 
334 0.025239 
335 -0.000148 
336 -0.014601 
337 -0.026560 
338 -0.013516 
339 -0.007961 
340 0.002561 
341 0.002740 
342 0.004339 
343 0.011095 
344 0.008849 
345 0.004919 
346 -0.014207 
347 -0.019283 
348 -0.015213 
349 0.006323 
350 0.011664 
351 0.017498 
352 0.003203 
353 -0.008030 
354 -0.017633 
355 -0.022129 
356 -0.014241 
357 -0.009050 
358 0.014352 
359 0.016314 
360 0.020525 
361 -0.001979 
362 -0.009525 
363 -0.017179 
364 -0.002559 
365 0.007409 
366 0.009994 
367 0.005282 
368 -0.002217 
369 -0.004801 
370 -0.004701 
371 -0.003236 
372 -0.015688 
373 -0.016482 
374 -0.009003 
375 0.013643 
376 0.022252 
377 0.028953 
378 0.013659 
379 0.005582 
380 -0.016605 
381 -0.015298 
382 -0.018093 
383 -0.003580 
384 0.001128 
385 0.015921 
386 0.009873 
387 -0.000390 
388 -0.023020 
389 -0.022841 
390 -0.007465 
391 0.012719 
392 0.026301 
393 0.023308 
394 0.018470 
395 0.001563 
396 -0.000866 
397 -0.021173 
398 -0.024507 
399 -0.037674 
400 -0.018526 
401 0.001533 
402 0.028166 
403 0.031088 
404 0.023862 
405 0.001360 
406 -0.012818 
407 -0.010718 
408 -0.015293 
409 0.000002 
410 -0.004081 
411 0.020198 
412 0.010625 
413 0.011921 
414 -0.014301 
415 -0.013996 
416 -0.020181 
417 -0.000128 
418 0.008913 
419 0.012985 
420 0.008010 
421 0.006911 
422 0.003443 
423 0.002635 
424 -0.006054 
425 -0.004653 
426 -0.002566 
427 0.011182 
428 0.021863 
429 0.015550 
430 -0.003135 
431 -0.026443 
432 -0.026790 
433 -0.020787 
434 0.008213 
435 0.017413 
436 0.036918 
437 0.025559 
438 0.024699 
439 -0.003045 
440 -0.009330 
441 -0.032575 
442 -0.014015 
443 -0.013674 
444 0.012664 
445 0.008344 
446 0.015332 
447 0.008771 
448 0.005965 
449 0.004652 
450 -0.004621 
451 0.000915 
452 -0.002701 
453 0.020225 
454 0.013896 
455 0.017510 
456 -0.008924 
457 -0.013082 
458 -0.024176 
459 -0.002738 
460 0.000130 
461 0.014839 
462 0.010498 
463 0.019567 
464 0.020141 
465 0.019365 
466 -0.000638 
467 -0.006307 
468 -0.017225 
469 -0.001847 
470 0.002695 
471 0.018208 
472 0.005598 
473 -0.000025 
474 -0.010662 
475 -0.002001 
476 -0.001501 
477 0.001712 
478 0.010515 
479 0.014810 
480 0.024932 
481 0.013710 
482 0.001213 
483 -0.015097 
484 -0.011951 
485 -0.006747 
486 0.007581 
487 0.006171 
488 0.000984 
489 -0.006000 
490 -0.003800 
491 0.004001 
492 0.007962 
493 0.007075 
494 0.004107 
495 0.006112 
496 0.009298 
497 0.006601 
498 0.002982 
499 -0.012132 
500 -0.008416 
501 -0.017307 
502 -0.002256 
503 -0.009943 
504 0.009574 
505 0.012230 
506 0.025412 
507 0.012745 
508 0.000812 
509 -0.008731 
510 -0.019378 
511 -0.002104 
512 0.007497 
513 0.017701 
514 -0.002118 
515 -0.002441 
516 -0.006304 
517 0.003475 
518 -0.006255 
519 -0.005883 
520 -0.014504 
521 -0.005173 
522 0.010147 
523 0.023128 
524 0.016899 
525 0.005838 
526 -0.010710 
527 -0.005543 
528 -0.006497 
529 0.006876 
530 -0.000274 
531 0.009045 
532 -0.009649 
533 -0.002710 
534 -0.021215 
535 -0.014783 
536 -0.017413 
537 0.005651 
538 0.026598 
539 0.032420 
540 0.025939 
541 0.005496 
542 0.004084 
543 -0.016206 
544 -0.008482 
545 -0.031154 
546 -0.018549 
547 -0.022297 
548 0.015153 
549 0.020646 
550 0.035243 
551 0.006291 
552 -0.001736 
553 -0.014859 
554 -0.003295 
555 0.007888 
556 0.021977 
557 0.019282 
558 0.008988 
559 -0.015423 
560 -0.025578 
561 -0.033186 
562 -0.020902 
563 0.000230 
564 0.028025 
565 0.036464 
566 0.025743 
567 0.008784 
568 -0.000092 
569 -0.002802 
570 -0.014471 
571 -0.017274 
572 -0.013220 
573 -0.005175 
574 0.012029 
575 0.020799 
576 0.016603 
577 -0.005394 
578 -0.019419 
579 -0.021328 
580 -0.001428 
581 0.006970 
582 0.020500 
583 0.016198 
584 0.019727 
585 0.005522 
586 -0.007227 
587 -0.023492 
588 -0.030974 
589 -0.018525 
590 -0.004629 
591 0.025948 
592 0.014027 
593 0.019029 
594 -0.002685 
595 0.008439 
596 -0.007719 
597 0.001813 
598 -0.015600 
599 -0.001634 
600 -0.004108 
601 0.014149 
602 0.005524 
603 -0.005733 
604 -0.026073 
605 -0.014777 
606 -0.002089 
607 0.022892 
608 0.024071 
609 0.020895 
610 0.005629 
611 -0.005997 
612 -0.018000 
613 -0.013546 
614 -0.016897 
615 -0.002027 
616 0.001872 
617 0.016029 
618 0.007733 
619 0.002907 
620 -0.012600 
621 -0.004207 
622 -0.008306 
623 -0.000599 
624 -0.006311 
625 0.008039 
626 0.011005 
627 0.021058 
628 0.007203 
629 -0.005991 
630 -0.024189 
631 -0.023134 
632 -0.006016 
633 0.011681 
634 0.015869 
635 0.008741 
636 -0.003637 
637 -0.008652 
638 -0.013297 
639 -0.011805 
640 -0.005963 
641 0.000795 
642 0.021479 
643 0.024928 
644 0.030441 
645 -0.003754 
646 -0.011699 
647 -0.034857 
648 -0.012536 
649 -0.019305 
650 0.008272 
651 -0.001259 
652 0.018892 
653 0.001021 
654 0.021390 
655 -0.006423 
656 0.003350 
657 -0.010760 
658 0.020245 
659 0.013218 
660 0.022032 
661 -0.010580 
662 -0.020065 
663 -0.036058 
664 -0.026350 
665 -0.009763 
666 0.006367 
667 0.021814 
668 0.025525 
669 0.036552 
670 0.020419 
671 0.009845 
672 -0.026889 
673 -0.020113 
674 -0.037307 
675 -0.005524 
676 -0.008317 
677 0.027010 
678 0.007861 
679 0.023825 
680 -0.014444 
681 -0.004863 
682 -0.030495 
683 -0.004589 
684 0.002221 
685 0.035890 
686 0.018208 
687 0.015885 
688 -0.005022 
689 -0.006820 
690 -0.013771 
691 -0.009202 
692 -0.012177 
693 -0.012382 
694 -0.009104 
695 0.012286 
696 0.011827 
697 0.014082 
698 -0.000233 
699 0.005364 
700 0.000594 
701 0.011982 
702 0.004572 
703 0.001415 
704 -0.010002 
705 -0.013681 
706 -0.007886 
707 -0.007958 
708 -0.003663 
709 -0.004069 
710 0.016883 
711 0.015947 
712 0.027308 
713 0.002414 
714 0.008814 
715 -0.013126 
716 0.006656 
717 -0.010115 
718 0.005336 
719 -0.021197 
720 -0.000625 
721 -0.006639 
722 0.019997 
723 0.002159 
724 0.001286 
725 -0.018883 
726 0.007654 
727 0.007137 
728 0.038304 
729 0.019572 
730 0.020942 
731 -0.014257 
732 -0.014100 
733 -0.030377 
734 -0.018159 
735 -0.017617 
736 0.000601 
737 0.018072 
738 0.023389 
739 0.024016 
740 0.004318 
741 0.005018 
742 -0.005027 
743 0.004933 
744 -0.009320 
745 0.004849 
746 -0.006846 
747 0.016849 
748 0.009844 
749 0.013764 
750 -0.019984 
751 -0.021024 
752 -0.028816 
753 0.006385 
754 0.014646 
755 0.048102 
756 0.027731 
757 0.025343 
758 -0.009001 
759 -0.005027 
760 -0.028594 
761 -0.018368 
762 -0.019765 
763 0.005760 
764 0.014148 
765 0.016942 
766 0.006863 
767 -0.000814 
768 -0.005824 
769 -0.006501 
770 -0.000140 
771 0.004832 
772 0.014455 
773 0.015986 
774 0.017266 
775 0.007697 
776 -0.010528 
777 -0.025841 
778 -0.029045 
779 -0.006855 
780 0.011828 
781 0.021672 
782 0.012181 
783 0.004762 
784 -0.006358 
785 -0.010778 
786 -0.007172 
787 -0.004437 
788 0.011778 
789 0.011417 
790 0.018376 
791 0.006954 
792 0.005056 
793 -0.016825 
794 -0.012363 
795 -0.015780 
796 -0.002627 
797 -0.010261 
798 0.005789 
799 -0.001993 
800 0.015652 
801 -0.003103 
802 0.004618 
803 -0.017145 
804 0.004814 
805 0.012154 
806 0.040229 
807 0.015486 
808 0.007221 
809 -0.030411 
810 -0.034997 
811 -0.039793 
812 -0.018145 
813 0.005518 
814 0.024065 
815 0.032151 
816 0.025071 
817 0.019864 
818 -0.012090 
819 -0.020503 
820 -0.025229 
821 -0.000437 
822 0.005921 
823 0.009041 
824 0.003588 
825 0.003626 
826 -0.007103 
827 -0.008991 
828 -0.010133 
829 -0.000492 
830 0.006969 
831 0.028854 
832 0.033740 
833 0.023425 
834 -0.017179 
835 -0.027634 
836 -0.038863 
837 -0.009914 
838 -0.003438 
839 0.021687 
840 0.000086 
841 0.015132 
842 -0.001034 
843 0.019900 
844 -0.005671 
845 0.002480 
846 -0.014958 
847 0.018478 
848 0.013421 
849 0.035901 
850 -0.002057 
851 -0.002341 
852 -0.037281 
853 -0.017373 
854 -0.030511 
855 0.002634 
856 -0.000912 
857 0.028166 
858 0.030356 
859 0.040289 
860 0.023422 
861 0.005157 
862 -0.008922 
863 -0.017420 
864 -0.012344 
865 -0.024325 
866 -0.014388 
867 -0.026575 
868 0.008547 
869 0.005371 
870 0.029157 
871 0.009266 
872 0.023603 
873 0.003289 
874 0.020490 
875 0.000855 
876 0.011248 
877 -0.015555 
878 -0.013641 
879 -0.025859 
880 -0.008105 
881 -0.017262 
882 -0.000432 
883 -0.000403 
884 0.020968 
885 0.021087 
886 0.026984 
887 0.017402 
888 0.009729 
889 0.003272 
890 -0.011209 
891 -0.015473 
892 -0.023793 
893 -0.006396 
894 -0.004709 
895 0.006977 
896 0.000176 
897 -0.001464 
898 -0.008261 
899 0.011258 
900 0.028099 
901 0.035865 
902 0.017095 
903 -0.008565 
904 -0.028239 
905 -0.032282 
906 -0.022010 
907 -0.011472 
908 0.007777 
909 0.018188 
910 0.025248 
911 0.021311 
912 0.008712 
913 -0.011415 
914 -0.031738 
915 -0.028577 
916 -0.016449 
917 0.002555 
918 0.012638 
919 0.025411 
920 0.025401 
921 0.025911 
922 -0.005084 
923 -0.019158 
924 -0.039620 
925 -0.023702 
926 -0.011054 
927 0.027191 
928 0.027536 
929 0.023239 
930 -0.012038 
931 -0.013464 
932 -0.025836 
933 -0.013458 
934 -0.011580 
935 0.017588 
936 0.020616 
937 0.026938 
938 0.014613 
939 0.001178 
940 -0.019114 
941 -0.022494 
942 -0.009352 
943 -0.006115 
944 0.002214 
945 0.001367 
946 0.023414 
947 0.012443 
948 0.013763 
949 -0.011375 
950 -0.009268 
951 -0.012351 
952 0.021046 
953 0.021755 
954 0.024359 
955 -0.017469 
956 -0.030462 
957 -0.042669 
958 -0.017676 
959 0.000050 
960 0.012763 
961 0.011163 
962 0.017586 
963 0.024782 
964 0.020174 
965 0.007966 
966 -0.012786 
967 -0.019917 
968 -0.026465 
969 -0.013127 
970 -0.011139 
971 -0.001034 
972 -0.007341 
973 0.010485 
974 0.007120 
975 0.020572 
976 0.008669 
977 0.015633 
978 0.014275 
979 0.020695 
980 -0.007342 
981 -0.029313 
982 -0.049579 
983 -0.039367 
984 -0.021335 
985 0.011798 
986 0.031931 
987 0.024274 
988 0.009103 
989 -0.004486 
990 0.002865 
991 -0.001506 
992 0.004526 
993 0.011141 
994 0.022046 
995 0.014175 
996 -0.009309 
997 -0.023211 
998 -0.036590 
999 -0.031047 
1000 -0.017214 
1001 0.021589 
1002 0.027294 
1003 0.036966 
1004 0.025385 
1005 0.028526 
1006 0.011110 
1007 -0.006827 
1008 -0.026065 
1009 -0.022488 
1010 -0.015180 
1011 -0.012670 
1012 0.002541 
1013 0.004365 
1014 0.015391 
1015 0.003537 
1016 0.007857 
1017 0.004247 
1018 0.003310 
1019 0.002837 
1020 0.021262 
1021 0.045239 
1022 0.040411 
1023 0.017188 
