0 0.932895 
1 -0.032352 
2 -0.088290 
3 -0.002882 
4 0.021470 
5 0.084785 
6 -0.024695 
7 0.032413 
8 -0.067644 
9 -0.033170 
10 0.068519 
11 -0.000159 
12 0.053362 
13 0.029931 
14 -0.089448 
15 0.041433 
16 -0.065099 
17 0.071730 
18 -0.031728 
19 -0.001314 
20 -0.008986 
21 -0.057587 
22 -0.024942 
23 0.003583 
24 -0.039982 
25 0.019147 
26 -0.030006 
27 -0.058017 
28 0.007784 
29 -0.012170 
30 0.005389 
31 0.032191 
32 -0.001173 
33 0.019618 
34 0.002987 
35 0.007353 
36 0.039828 
37 0.000464 
38 0.050924 
39 0.015316 
40 0.002644 
41 0.003659 
42 0.035045 
43 -0.036937 
44 0.044385 
45 0.009839 
46 -0.027388 
47 0.005399 
48 -0.012387 
49 -0.027560 
50 0.001926 
51 -0.018630 
52 -0.005284 
53 -0.055583 
54 0.024785 
55 -0.042586 
56 0.022942 
57 -0.000886 
58 -0.024312 
59 0.019027 
60 -0.012921 
61 0.040609 
62 -0.008380 
63 0.033529 
64 -0.011811 
65 -0.000409 
66 0.047881 
67 -0.042322 
68 0.069207 
69 -0.033275 
70 -0.015151 
71 -0.045713 
72 0.024328 
73 -0.024885 
74 0.009992 
75 -0.013106 
76 0.002354 
77 -0.064029 
78 -0.013258 
79 -0.015233 
80 -0.007187 
81 0.009598 
82 0.022403 
83 -0.063221 
84 0.029444 
85 -0.059913 
86 0.066495 
87 -0.031021 
88 0.045740 
89 0.028712 
90 0.000614 
91 0.000007 
92 0.050529 
93 -0.028334 
94 0.043794 
95 0.042310 
96 0.006460 
97 0.051224 
98 -0.033210 
99 -0.030995 
100 0.006637 
101 -0.011719 
102 0.001300 
103 0.062894 
104 -0.072967 
105 -0.014624 
106 -0.071882 
107 -0.003051 
108 -0.020456 
109 0.047582 
110 0.017247 
111 -0.040503 
112 -0.009217 
113 -0.003291 
114 0.010776 
115 0.030119 
116 0.113910 
117 -0.030662 
118 0.046294 
119 0.009068 
120 -0.009989 
121 0.099833 
122 -0.000690 
123 0.102174 
124 -0.002342 
125 0.037819 
126 -0.038258 
127 0.029482 
128 -0.000412 
129 0.015035 
130 0.039057 
131 -0.031683 
132 0.012029 
133 -0.059113 
134 -0.040052 
135 -0.011329 
136 0.003446 
137 -0.010664 
138 0.016333 
139 -0.062495 
140 -0.025759 
141 -0.017236 
142 -0.040833 
143 0.063178 
144 -0.041183 
145 0.056074 
146 -0.082831 
147 0.060966 
148 -0.057042 
149 0.052241 
150 -0.034957 
151 0.047899 
152 -0.032330 
153 0.027006 
154 -0.021585 
155 0.010245 
156 -0.035205 
157 -0.001016 
158 -0.025772 
159 0.011028 
160 0.005710 
161 -0.033155 
162 -0.024869 
163 -0.019323 
164 -0.046747 
165 0.010659 
166 0.017617 
167 -0.017381 
168 -0.005976 
169 0.013997 
170 -0.048764 
171 0.031977 
172 0.019382 
173 -0.013926 
174 0.041069 
175 0.007168 
176 -0.002088 
177 0.021069 
178 0.029455 
179 -0.055017 
180 0.087341 
181 -0.084243 
182 0.103498 
183 -0.051870 
184 0.017881 
185 -0.029236 
186 -0.016064 
187 0.000685 
188 0.028041 
189 -0.027833 
190 0.016659 
191 -0.045065 
192 -0.046659 
193 -0.004015 
194 0.000921 
195 0.033972 
196 0.016285 
197 -0.029175 
198 0.009676 
199 -0.041303 
200 0.002347 
201 0.030411 
202 0.032081 
203 0.038410 
204 0.005187 
205 -0.012691 
206 0.008451 
207 -0.023499 
208 0.021317 
209 0.030006 
210 0.001076 
211 0.010635 
212 -0.019408 
213 -0.032207 
214 -0.036632 
215 0.022520 
216 0.006548 
217 -0.030210 
218 0.020194 
219 -0.039540 
220 -0.052695 
221 -0.022017 
222 0.060211 
223 -0.037879 
224 0.064208 
225 -0.028161 
226 0.005125 
227 -0.025779 
228 0.007709 
229 0.043352 
230 0.007169 
231 0.036298 
232 -0.008001 
233 0.009748 
234 -0.019333 
235 0.034113 
236 -0.020677 
237 0.020004 
238 -0.004493 
239 0.033827 
240 -0.038335 
241 0.004018 
242 -0.027568 
243 0.007358 
244 -0.023756 
245 0.002943 
246 0.010221 
247 0.002882 
248 -0.066054 
249 0.033286 
250 -0.051552 
251 0.022608 
252 0.011859 
253 0.032430 
254 -0.005462 
255 0.004153 
256 0.005092 
257 0.032725 
258 -0.012933 
259 0.111130 
260 -0.017427 
261 0.032642 
262 0.057178 
263 -0.027053 
264 0.036847 
265 0.024195 
266 0.014585 
267 0.032556 
268 0.002026 
269 -0.031632 
270 0.039416 
271 -0.079767 
272 0.008659 
273 -0.038861 
274 0.004922 
275 -0.013112 
276 -0.037232 
277 -0.017436 
278 -0.070500 
279 -0.006902 
280 -0.036809 
281 0.036928 
282 -0.047813 
283 0.033964 
284 -0.039499 
285 -0.025599 
286 0.022535 
287 -0.024436 
288 0.050542 
289 -0.002768 
290 -0.002255 
291 0.028750 
292 -0.051217 
293 0.047650 
294 0.011232 
295 -0.028867 
296 0.047875 
297 -0.031676 
298 0.000837 
299 0.001265 
300 -0.032196 
301 0.006730 
302 -0.007233 
303 -0.000936 
304 -0.001519 
305 -0.004568 
306 -0.033483 
307 0.010205 
308 -0.006298 
309 0.013674 
310 0.021625 
311 0.001431 
312 0.023808 
313 -0.018596 
314 0.069998 
315 -0.049298 
316 0.088751 
317 -0.038050 
318 0.066878 
319 -0.048880 
320 0.059705 
321 -0.010882 
322 0.009972 
323 -0.005131 
324 -0.030012 
325 0.037398 
326 -0.053536 
327 0.014642 
328 -0.019834 
329 -0.021403 
330 -0.016320 
331 -0.003094 
332 -0.025905 
333 0.012345 
334 0.005031 
335 -0.023110 
336 0.006344 
337 -0.011626 
338 0.011217 
339 -0.001459 
340 0.008085 
341 0.027293 
342 0.000839 
343 0.030655 
344 -0.021495 
345 0.051307 
346 -0.016451 
347 0.025320 
348 0.026456 
349 -0.006942 
350 0.024898 
351 -0.039958 
352 0.035717 
353 -0.015827 
354 -0.032815 
355 0.054204 
356 -0.061688 
357 -0.018011 
358 0.045009 
359 -0.097520 
360 0.069423 
361 -0.072667 
362 0.049302 
363 -0.056219 
364 0.039128 
365 -0.018745 
366 0.003191 
367 -0.025727 
368 0.024469 
369 0.011491 
370 -0.000884 
371 0.036616 
372 -0.023807 
373 0.053825 
374 -0.046713 
375 0.037830 
376 0.010831 
377 0.026703 
378 -0.006438 
379 0.003865 
380 -0.020745 
381 -0.012229 
382 -0.006568 
383 -0.000442 
384 -0.017605 
385 -0.008076 
386 -0.023387 
387 -0.009266 
388 -0.055197 
389 0.055796 
390 -0.070926 
391 0.046457 
392 -0.017132 
393 0.026179 
394 -0.016153 
395 0.028841 
396 -0.000163 
397 0.051346 
398 -0.011257 
399 0.055050 
400 0.059168 
401 -0.006978 
402 0.049608 
403 0.003593 
404 0.038392 
405 0.021914 
406 0.037700 
407 -0.001209 
408 0.030582 
409 -0.040383 
410 0.030358 
411 -0.038334 
412 -0.015642 
413 0.018093 
414 -0.052961 
415 0.004222 
416 -0.065789 
417 0.015951 
418 -0.094878 
419 0.010621 
420 -0.028293 
421 -0.020178 
422 -0.022765 
423 -0.012510 
424 -0.023727 
425 -0.040629 
426 0.015226 
427 -0.006403 
428 0.028736 
429 -0.003311 
430 -0.010353 
431 0.007573 
432 -0.012722 
433 0.031517 
434 -0.000185 
435 0.040673 
436 -0.021370 
437 0.016148 
438 -0.029831 
439 -0.013982 
440 0.035546 
441 -0.042544 
442 0.030286 
443 -0.028206 
444 -0.002042 
445 -0.010209 
446 -0.013494 
447 -0.012445 
448 0.025553 
449 -0.044208 
450 0.047058 
451 -0.019300 
452 0.050951 
453 -0.052235 
454 0.041697 
455 -0.029053 
456 0.069074 
457 -0.008057 
458 0.070510 
459 -0.015000 
460 0.004395 
461 0.019422 
462 -0.025013 
463 0.050404 
464 0.035378 
465 -0.027538 
466 0.034471 
467 -0.044069 
468 -0.014642 
469 0.003317 
470 -0.021163 
471 -0.016159 
472 0.041209 
473 -0.094663 
474 0.055627 
475 -0.073159 
476 0.001478 
477 0.013873 
478 -0.053852 
479 0.084043 
480 -0.059271 
481 0.029236 
482 -0.024775 
483 -0.003848 
484 0.028145 
485 0.008021 
486 0.032416 
487 0.013013 
488 -0.023402 
489 0.025440 
490 -0.016726 
491 0.006613 
492 0.053108 
493 -0.019862 
494 0.015818 
495 -0.013612 
496 -0.028093 
497 -0.012925 
498 0.012169 
499 -0.032447 
500 0.001928 
501 -0.014131 
502 -0.034356 
503 -0.001502 
504 -0.026013 
505 -0.044771 
506 0.045818 
507 -0.018358 
508 0.013928 
509 0.031164 
510 -0.033923 
511 0.054844 
512 -0.051995 
513 0.088218 
514 -0.012727 
515 0.049019 
516 0.035081 
517 -0.028355 
518 0.011148 
519 0.029829 
520 -0.012434 
521 0.052001 
522 -0.018549 
523 0.036271 
524 -0.076438 
525 0.070431 
526 -0.082619 
527 0.042213 
528 -0.044962 
529 0.013180 
530 -0.035526 
531 0.034718 
532 -0.063865 
533 0.022575 
534 -0.042393 
535 0.008136 
536 0.025615 
537 0.005030 
538 0.061238 
539 -0.015354 
540 0.017017 
541 0.002307 
542 0.005094 
543 0.093529 
544 -0.015299 
545 0.055268 
546 0.013682 
547 -0.049642 
548 0.053250 
549 -0.023725 
550 0.030428 
551 0.001406 
552 -0.015851 
553 -0.014979 
554 -0.037304 
555 -0.030590 
556 -0.023719 
557 -0.018540 
558 -0.020055 
559 -0.017609 
560 -0.037264 
561 -0.057156 
562 -0.012737 
563 -0.045058 
564 0.018224 
565 -0.019478 
566 0.014570 
567 -0.009533 
568 -0.049723 
569 -0.001682 
570 0.037462 
571 -0.026577 
572 0.062243 
573 0.015505 
574 -0.032794 
575 0.062950 
576 -0.040641 
577 0.050310 
578 0.009931 
579 0.021367 
580 0.039621 
581 -0.043432 
582 0.073455 
583 -0.043585 
584 0.037479 
585 -0.040958 
586 0.023585 
587 -0.007282 
588 0.001909 
589 -0.014035 
590 0.011061 
591 -0.031713 
592 -0.002340 
593 -0.017891 
594 0.039353 
595 -0.011657 
596 0.033493 
597 -0.023430 
598 -0.008900 
599 0.002618 
600 0.018920 
601 0.026139 
602 0.011873 
603 0.004358 
604 0.008572 
605 -0.036046 
606 0.027780 
607 -0.004702 
608 -0.000005 
609 0.016814 
610 -0.002044 
611 -0.032297 
612 0.011129 
613 -0.046906 
614 -0.003368 
615 0.007198 
616 -0.040799 
617 0.017900 
618 -0.036718 
619 -0.006313 
620 -0.059754 
621 0.038482 
622 -0.021213 
623 0.035904 
624 -0.012344 
625 0.002660 
626 -0.017553 
627 0.019396 
628 0.024864 
629 0.031896 
630 0.017553 
631 0.038070 
632 -0.025784 
633 0.016188 
634 0.028366 
635 0.009647 
636 0.019302 
637 0.016930 
638 -0.023999 
639 0.016677 
640 -0.029545 
641 0.026368 
642 -0.016787 
643 -0.018606 
644 -0.008344 
645 -0.023229 
646 0.001622 
647 -0.010513 
648 -0.029647 
649 0.004573 
650 -0.033713 
651 -0.005403 
652 0.028124 
653 0.002106 
654 0.006842 
655 0.019581 
656 -0.024729 
657 0.039887 
658 0.002248 
659 0.035546 
660 0.005005 
661 0.021285 
662 0.003225 
663 0.021569 
664 -0.047254 
665 0.073158 
666 -0.079916 
667 0.044216 
668 -0.021217 
669 -0.008321 
670 0.010304 
671 -0.054709 
672 -0.019496 
673 -0.003980 
674 0.000780 
675 0.001074 
676 0.025885 
677 -0.064260 
678 0.023027 
679 -0.031311 
680 0.014996 
681 0.027866 
682 0.027932 
683 -0.005477 
684 0.001613 
685 0.009486 
686 0.041927 
687 0.002600 
688 0.040290 
689 0.004620 
690 0.004895 
691 -0.004671 
692 0.020521 
693 -0.001257 
694 0.017581 
695 -0.037856 
696 -0.001929 
697 -0.025968 
698 -0.030290 
699 -0.022591 
700 -0.023872 
701 -0.052750 
702 -0.000442 
703 -0.070190 
704 0.012910 
705 -0.056421 
706 0.006835 
707 -0.033785 
708 -0.022739 
709 0.000851 
710 -0.002028 
711 -0.002195 
712 0.015036 
713 0.037851 
714 -0.017586 
715 0.029151 
716 0.001695 
717 0.003974 
718 0.065417 
719 -0.012143 
720 0.066055 
721 0.006014 
722 -0.003135 
723 -0.012669 
724 0.049938 
725 -0.014695 
726 0.055945 
727 0.006789 
728 -0.002465 
729 -0.031709 
730 -0.006156 
731 0.005171 
732 0.003781 
733 0.021021 
734 0.034111 
735 -0.071172 
736 -0.014858 
737 0.008045 
738 -0.029153 
739 0.050413 
740 0.021666 
741 -0.016748 
742 0.002898 
743 -0.017690 
744 -0.008680 
745 0.048169 
746 -0.016933 
747 0.027911 
748 0.017410 
749 -0.039293 
750 0.026782 
751 -0.051624 
752 0.042815 
753 -0.049149 
754 0.014159 
755 0.022592 
756 -0.041636 
757 -0.003759 
758 -0.016631 
759 -0.043568 
760 -0.000045 
761 0.019560 
762 -0.048797 
763 0.017779 
764 -0.072109 
765 0.023398 
766 -0.036275 
767 -0.003724 
768 0.060174 
769 -0.038753 
770 0.003136 
771 0.026596 
772 -0.039073 
773 0.064182 
774 -0.005594 
775 0.035533 
776 0.045241 
777 -0.005763 
778 -0.006289 
779 0.055785 
780 -0.025384 
781 0.025462 
782 0.019806 
783 -0.012244 
784 -0.014125 
785 0.027688 
786 -0.038270 
787 0.014933 
788 0.007565 
789 -0.016339 
790 -0.002514 
791 -0.003576 
792 0.001244 
793 -0.013922 
794 -0.006478 
795 0.013218 
796 -0.007065 
797 0.031654 
798 -0.025724 
799 0.036425 
800 0.039670 
801 -0.023496 
802 -0.002085 
803 0.046929 
804 -0.028999 
805 0.060845 
806 0.040193 
807 -0.009772 
808 0.014685 
809 -0.022721 
810 -0.031209 
811 0.030608 
812 0.006337 
813 0.017893 
814 0.002870 
815 -0.071196 
816 -0.013999 
817 -0.033456 
818 -0.033036 
819 0.024477 
820 0.013593 
821 -0.034362 
822 -0.012896 
823 -0.034665 
824 0.027984 
825 -0.021982 
826 0.047402 
827 0.039468 
828 -0.003490 
829 -0.028869 
830 0.030251 
831 -0.048274 
832 0.067109 
833 0.014355 
834 0.018405 
835 0.007992 
836 -0.043956 
837 -0.007793 
838 -0.027769 
839 0.001468 
840 0.046500 
841 -0.058075 
842 -0.030363 
843 -0.040409 
844 -0.041357 
845 -0.007855 
846 0.007775 
847 -0.015178 
848 -0.041451 
849 -0.054046 
850 -0.054034 
851 0.057853 
852 -0.034700 
853 0.021382 
854 0.039412 
855 -0.020414 
856 0.003003 
857 0.011003 
858 0.065683 
859 0.015120 
860 0.087593 
861 -0.001672 
862 0.035752 
863 0.011816 
864 0.033154 
865 0.022805 
866 0.003763 
867 0.055608 
868 -0.055233 
869 0.015353 
870 -0.018760 
871 0.053404 
872 -0.019701 
873 -0.026610 
874 -0.000035 
875 -0.052995 
876 -0.028005 
877 0.009247 
878 -0.019306 
879 0.017880 
880 -0.026232 
881 -0.010746 
882 -0.043729 
883 0.003548 
884 -0.017795 
885 0.048315 
886 -0.003513 
887 0.019061 
888 0.000725 
889 -0.042812 
890 0.008078 
891 0.053742 
892 -0.008613 
893 0.037361 
894 -0.022206 
895 -0.018970 
896 -0.024150 
897 -0.006005 
898 0.004849 
899 0.037022 
900 -0.070714 
901 0.035463 
902 -0.037801 
903 -0.031101 
904 0.002817 
905 -0.025695 
906 0.035371 
907 0.002841 
908 -0.013063 
909 0.016325 
910 -0.016893 
911 0.051030 
912 -0.036294 
913 0.108240 
914 -0.042071 
915 0.056838 
916 -0.002168 
917 -0.015189 
918 0.092588 
919 0.030470 
920 0.007483 
921 0.000667 
922 0.015388 
923 0.009371 
924 0.013086 
925 0.013991 
926 0.008507 
927 -0.033745 
928 -0.004003 
929 -0.017849 
930 -0.030133 
931 0.020361 
932 -0.078059 
933 0.028087 
934 -0.049693 
935 -0.009078 
936 0.053585 
937 -0.063399 
938 0.061122 
939 -0.069680 
940 0.000009 
941 0.003437 
942 0.005225 
943 0.096402 
944 -0.030452 
945 0.009181 
946 -0.007118 
947 -0.050975 
948 0.020106 
949 0.032147 
950 0.035891 
951 -0.019122 
952 -0.004669 
953 -0.054767 
954 0.019651 
955 -0.037803 
956 0.061640 
957 0.017032 
958 -0.034633 
959 -0.040007 
960 0.005443 
961 -0.064127 
962 0.020418 
963 -0.007130 
964 -0.015391 
965 -0.003145 
966 -0.023174 
967 0.003017 
968 -0.033874 
969 -0.014282 
970 0.062158 
971 -0.063608 
972 0.061069 
973 -0.001031 
974 0.046798 
975 0.006949 
976 -0.002168 
977 0.049743 
978 -0.022114 
979 -0.026047 
980 0.056517 
981 -0.056453 
982 -0.020119 
983 -0.003352 
984 -0.060123 
985 0.012202 
986 -0.047220 
987 0.015301 
988 -0.025309 
989 -0.052813 
990 -0.049240 
991 0.037891 
992 -0.031061 
993 0.044855 
994 0.096504 
995 -0.108003 
996 -0.061508 
997 0.097914 
998 -0.126086 
999 -0.007431 
1000 0.096374 
1001 -0.161996 
1002 0.144348 
1003 -0.070613 
1004 -0.012954 
1005 0.163384 
1006 -0.005927 
1007 0.040508 
1008 0.231577 
1009 -0.060366 
1010 -0.166597 
1011 0.174753 
1012 -0.009112 
1013 -0.099923 
1014 0.046497 
1015 0.067257 
1016 -0.118075 
1017 -0.068221 
1018 0.224252 
1019 0.065871 
1020 -0.113819 
1021 0.076721 
1022 -0.139844 
1023 0.094584 
