0 0.471876 
1 -0.146541 
2 -0.050190 
3 0.025208 
4 -0.176140 
5 0.155590 
6 0.100966 
7 0.041263 
8 -0.183905 
9 0.084960 
10 0.075800 
11 0.000378 
12 -0.121230 
13 0.172236 
14 0.088797 
15 -0.041210 
16 -0.138220 
17 0.140599 
18 0.036276 
19 -0.043511 
20 0.004316 
21 0.129037 
22 -0.026601 
23 -0.062370 
24 -0.010376 
25 0.103366 
26 -0.034018 
27 0.064605 
28 0.034226 
29 -0.118468 
30 0.128362 
31 0.035545 
32 -0.116786 
33 0.049784 
34 0.225037 
35 -0.147208 
36 0.001591 
37 -0.004499 
38 0.077617 
39 0.005487 
40 -0.011938 
41 0.005037 
42 0.053503 
43 -0.055429 
44 -0.009516 
45 -0.065688 
46 0.119289 
47 -0.041621 
48 -0.055359 
49 -0.025049 
50 0.065612 
51 -0.153590 
52 0.027533 
53 -0.014337 
54 0.029708 
55 -0.028279 
56 -0.112085 
57 0.002299 
58 0.089448 
59 -0.088398 
60 -0.057898 
61 -0.038421 
62 0.206836 
63 -0.141130 
64 -0.109094 
65 -0.009511 
66 0.184490 
67 -0.094628 
68 -0.075010 
69 -0.003574 
70 0.113815 
71 -0.064792 
72 -0.038639 
73 -0.097769 
74 0.245311 
75 -0.090421 
76 -0.093171 
77 -0.030392 
78 0.206393 
79 -0.163293 
80 0.013836 
81 -0.006124 
82 0.073139 
83 0.003768 
84 -0.095387 
85 0.058408 
86 0.066933 
87 0.047732 
88 -0.109361 
89 0.015850 
90 0.195746 
91 0.021869 
92 -0.248408 
93 0.163959 
94 0.175540 
95 -0.074693 
96 -0.147529 
97 0.172775 
98 0.041605 
99 -0.049747 
100 -0.042007 
101 0.078756 
102 0.033365 
103 0.021680 
104 -0.119145 
105 0.054026 
106 0.102896 
107 0.058141 
108 -0.201652 
109 0.099646 
110 0.142794 
111 -0.063695 
112 -0.101364 
113 0.075259 
114 0.170891 
115 -0.091713 
116 -0.113006 
117 0.125995 
118 0.042389 
119 0.008320 
120 -0.209552 
121 0.108517 
122 0.148052 
123 -0.063466 
124 -0.202906 
125 0.112840 
126 0.024882 
127 0.003676 
128 -0.140536 
129 0.026821 
130 0.045487 
131 0.000950 
132 -0.113445 
133 -0.032475 
134 0.062611 
135 0.110004 
136 -0.250491 
137 0.000653 
138 0.171664 
139 -0.029767 
140 -0.166792 
141 0.076412 
142 -0.024998 
143 0.138608 
144 -0.176456 
145 -0.010389 
146 0.108437 
147 -0.015376 
148 -0.076884 
149 -0.006045 
150 0.018539 
151 0.095743 
152 -0.122594 
153 -0.020855 
154 0.109243 
155 -0.052668 
156 -0.028478 
157 -0.043926 
158 0.083829 
159 0.006919 
160 -0.023795 
161 -0.098193 
162 0.158102 
163 -0.021179 
164 -0.099846 
165 0.011906 
166 0.126332 
167 -0.010906 
168 -0.052260 
169 -0.073792 
170 0.192613 
171 -0.075083 
172 -0.027750 
173 -0.009296 
174 0.110109 
175 0.004214 
176 -0.051576 
177 -0.014808 
178 0.064726 
179 0.082176 
180 -0.102517 
181 0.010547 
182 0.109101 
183 0.014668 
184 -0.085642 
185 -0.015279 
186 0.178413 
187 -0.068726 
188 -0.063862 
189 0.018638 
190 0.097094 
191 0.016450 
192 -0.039477 
193 -0.152333 
194 0.238115 
195 0.022919 
196 -0.161274 
197 -0.038053 
198 0.223253 
199 -0.091491 
200 -0.081634 
201 -0.036444 
202 0.159880 
203 -0.037462 
204 -0.057262 
205 -0.024448 
206 0.030893 
207 0.068476 
208 -0.004193 
209 -0.222881 
210 0.163110 
211 0.040557 
212 -0.145801 
213 -0.005549 
214 0.032294 
215 0.035740 
216 -0.121442 
217 -0.045979 
218 0.092182 
219 0.084822 
220 -0.180346 
221 0.008303 
222 0.051353 
223 0.081109 
224 -0.119276 
225 -0.089154 
226 0.186445 
227 -0.001792 
228 -0.153086 
229 0.007397 
230 0.108055 
231 -0.016336 
232 -0.124050 
233 -0.003175 
234 0.112520 
235 0.013533 
236 -0.106454 
237 -0.020419 
238 -0.025654 
239 0.179396 
240 -0.145368 
241 -0.077833 
242 0.130034 
243 0.054979 
244 -0.153047 
245 -0.023132 
246 0.150174 
247 0.016000 
248 -0.135447 
249 0.058058 
250 0.051986 
251 0.083904 
252 -0.094747 
253 -0.071010 
254 0.156679 
255 0.055771 
256 -0.114033 
257 -0.014381 
258 0.080847 
259 0.062795 
260 -0.104903 
261 -0.026975 
262 0.079446 
263 0.055260 
264 -0.070750 
265 0.008077 
266 -0.067323 
267 0.206524 
268 -0.078312 
269 -0.147050 
270 0.110856 
271 0.164002 
272 -0.196256 
273 0.001033 
274 0.069949 
275 0.098064 
276 -0.123553 
277 -0.040318 
278 0.118147 
279 0.008552 
280 -0.041293 
281 -0.005432 
282 -0.018630 
283 0.101892 
284 -0.031934 
285 -0.129849 
286 0.092151 
287 0.083241 
288 -0.078829 
289 -0.112232 
290 0.136471 
291 -0.023799 
292 0.031495 
293 -0.198560 
294 0.162371 
295 0.071441 
296 -0.095602 
297 -0.096810 
298 0.127156 
299 0.031545 
300 -0.112131 
301 -0.033147 
302 0.135872 
303 -0.005674 
304 -0.084011 
305 -0.084790 
306 0.119714 
307 -0.012157 
308 -0.048478 
309 -0.041557 
310 0.014784 
311 0.044905 
312 -0.034591 
313 -0.125415 
314 0.071175 
315 0.037834 
316 -0.029041 
317 -0.108281 
318 0.030290 
319 0.097355 
320 -0.075926 
321 -0.135495 
322 0.119635 
323 0.054182 
324 -0.029688 
325 -0.150520 
326 0.117545 
327 0.039226 
328 -0.020760 
329 -0.117045 
330 0.099186 
331 0.073908 
332 -0.026948 
333 -0.136596 
334 0.085860 
335 0.089008 
336 -0.001499 
337 -0.123701 
338 0.056374 
339 0.103246 
340 -0.013942 
341 -0.076213 
342 -0.013208 
343 0.153052 
344 -0.020417 
345 -0.109737 
346 0.017794 
347 0.202847 
348 -0.110668 
349 -0.091958 
350 0.116512 
351 0.057871 
352 -0.030289 
353 -0.058715 
354 0.043612 
355 0.065862 
356 -0.012403 
357 -0.031672 
358 -0.036330 
359 0.153939 
360 -0.069937 
361 -0.080614 
362 0.037932 
363 0.131634 
364 -0.108382 
365 -0.006446 
366 -0.029952 
367 0.112625 
368 -0.045576 
369 -0.018872 
370 -0.038366 
371 0.105750 
372 0.018062 
373 -0.125546 
374 0.005825 
375 0.168142 
376 -0.078264 
377 -0.097562 
378 0.109626 
379 0.050193 
380 -0.099188 
381 0.025211 
382 -0.061339 
383 0.118111 
384 -0.013993 
385 -0.081589 
386 -0.033895 
387 0.087393 
388 0.016420 
389 -0.117446 
390 -0.074956 
391 0.193202 
392 -0.027417 
393 -0.125229 
394 -0.048483 
395 0.154542 
396 -0.026230 
397 -0.080929 
398 -0.042703 
399 0.130428 
400 0.018011 
401 -0.138356 
402 -0.046321 
403 0.176739 
404 -0.036633 
405 -0.109628 
406 -0.016924 
407 0.135430 
408 -0.059202 
409 -0.119184 
410 0.038922 
411 0.031391 
412 0.037642 
413 -0.086868 
414 -0.028352 
415 0.033592 
416 0.073876 
417 -0.155215 
418 0.024965 
419 0.070660 
420 0.093401 
421 -0.206864 
422 0.049738 
423 0.086276 
424 0.073322 
425 -0.163718 
426 0.053814 
427 0.099961 
428 0.001806 
429 -0.095095 
430 0.038407 
431 0.053371 
432 0.050406 
433 -0.128721 
434 0.064578 
435 0.043650 
436 0.023696 
437 -0.093284 
438 0.036102 
439 0.071244 
440 0.019635 
441 -0.094541 
442 0.036300 
443 0.029935 
444 0.092988 
445 -0.114428 
446 -0.043517 
447 0.142046 
448 0.061302 
449 -0.195006 
450 0.043450 
451 0.121645 
452 0.035674 
453 -0.147533 
454 -0.016210 
455 0.129731 
456 0.072769 
457 -0.215724 
458 0.077523 
459 0.058691 
460 0.080712 
461 -0.122621 
462 -0.083791 
463 0.159442 
464 0.048758 
465 -0.132426 
466 -0.043078 
467 0.103196 
468 0.042828 
469 -0.091126 
470 -0.110259 
471 0.146120 
472 0.043580 
473 -0.115560 
474 -0.051827 
475 0.077398 
476 0.082845 
477 -0.111989 
478 -0.059679 
479 0.079541 
480 0.082316 
481 -0.103820 
482 -0.054125 
483 0.124538 
484 -0.044560 
485 -0.007722 
486 -0.073106 
487 0.076069 
488 0.035106 
489 -0.011639 
490 -0.121905 
491 0.091771 
492 -0.000244 
493 0.009202 
494 -0.099936 
495 0.066996 
496 0.039081 
497 -0.050166 
498 -0.108857 
499 0.112980 
500 0.012385 
501 -0.051044 
502 -0.064549 
503 0.062116 
504 0.060240 
505 -0.049380 
506 -0.109819 
507 0.126575 
508 0.046100 
509 -0.048668 
510 -0.073102 
511 0.154600 
512 -0.025785 
513 -0.070160 
514 0.022833 
515 0.057879 
516 0.045508 
517 -0.006153 
518 -0.117542 
519 0.094099 
520 0.103940 
521 -0.052746 
522 -0.123815 
523 0.122688 
524 0.129299 
525 -0.126420 
526 -0.117529 
527 0.233059 
528 -0.026140 
529 -0.065748 
530 -0.028667 
531 0.096533 
532 0.048284 
533 -0.029900 
534 -0.100598 
535 0.087875 
536 0.127245 
537 -0.098466 
538 -0.057412 
539 0.050929 
540 0.116100 
541 -0.087277 
542 -0.046230 
543 0.040962 
544 0.095663 
545 -0.096405 
546 -0.055215 
547 0.011345 
548 0.128113 
549 -0.083214 
550 -0.129118 
551 0.059015 
552 0.142267 
553 -0.161441 
554 -0.082178 
555 0.131228 
556 0.064053 
557 -0.137112 
558 -0.011738 
559 0.013886 
560 0.123261 
561 -0.107753 
562 -0.038394 
563 0.037885 
564 0.083251 
565 -0.066674 
566 -0.059739 
567 -0.005956 
568 0.130007 
569 -0.099473 
570 -0.064888 
571 0.067457 
572 0.054173 
573 -0.088766 
574 -0.040087 
575 -0.010103 
576 0.143627 
577 -0.080854 
578 -0.096036 
579 0.049240 
580 0.117520 
581 -0.106247 
582 -0.069471 
583 0.057990 
584 0.148566 
585 -0.154570 
586 -0.032694 
587 0.082647 
588 0.075537 
589 -0.088993 
590 -0.074131 
591 0.089833 
592 0.084051 
593 -0.054021 
594 -0.065409 
595 -0.010257 
596 0.115922 
597 -0.008549 
598 -0.135726 
599 0.027290 
600 0.173022 
601 -0.098392 
602 -0.114018 
603 0.032172 
604 0.131779 
605 -0.012384 
606 -0.134425 
607 0.013674 
608 0.149014 
609 -0.046092 
610 -0.083160 
611 0.047978 
612 0.099798 
613 0.006641 
614 -0.131788 
615 0.130037 
616 0.015742 
617 0.049021 
618 -0.080633 
619 -0.003265 
620 0.092203 
621 0.044461 
622 -0.125525 
623 0.037257 
624 0.071211 
625 0.025480 
626 -0.128632 
627 0.040199 
628 0.067682 
629 0.001010 
630 -0.133288 
631 0.091114 
632 0.079449 
633 -0.044653 
634 -0.113930 
635 0.107035 
636 -0.041073 
637 0.113935 
638 -0.112086 
639 0.002685 
640 0.065979 
641 0.039595 
642 -0.130291 
643 0.022364 
644 0.110256 
645 -0.022180 
646 -0.118824 
647 0.045838 
648 0.045561 
649 0.023772 
650 -0.158813 
651 0.058472 
652 0.044349 
653 0.042615 
654 -0.168313 
655 0.034734 
656 0.079349 
657 0.005430 
658 -0.185618 
659 0.113757 
660 0.080745 
661 -0.064036 
662 -0.110377 
663 0.046930 
664 0.081194 
665 -0.059296 
666 -0.022848 
667 -0.059592 
668 0.124494 
669 0.022035 
670 -0.156483 
671 -0.009913 
672 0.143289 
673 -0.029063 
674 -0.121478 
675 0.003462 
676 0.122693 
677 -0.021422 
678 -0.093311 
679 -0.021632 
680 0.113477 
681 -0.000614 
682 -0.048593 
683 -0.097007 
684 0.200547 
685 -0.022068 
686 -0.144282 
687 0.012714 
688 0.198383 
689 -0.140206 
690 0.008372 
691 -0.046589 
692 0.103449 
693 0.026142 
694 -0.047593 
695 -0.046439 
696 0.049002 
697 0.082038 
698 0.010899 
699 -0.151775 
700 0.121843 
701 0.087346 
702 -0.096686 
703 -0.085798 
704 0.185913 
705 -0.028966 
706 -0.030666 
707 -0.054496 
708 0.071856 
709 0.032078 
710 -0.017444 
711 -0.115180 
712 0.137677 
713 0.010488 
714 -0.044592 
715 -0.018961 
716 0.049195 
717 0.050058 
718 -0.111375 
719 -0.022485 
720 0.155093 
721 -0.053805 
722 -0.022043 
723 -0.060788 
724 0.040483 
725 0.072003 
726 -0.039557 
727 -0.123922 
728 0.152946 
729 0.080903 
730 -0.178499 
731 -0.028640 
732 0.136585 
733 0.048961 
734 -0.121304 
735 0.000674 
736 0.083282 
737 0.017395 
738 -0.089683 
739 -0.017312 
740 0.040256 
741 0.095210 
742 -0.129776 
743 -0.022869 
744 0.044927 
745 0.063465 
746 -0.097843 
747 -0.067916 
748 0.091475 
749 0.090584 
750 -0.154531 
751 -0.026064 
752 0.069638 
753 0.072364 
754 -0.136937 
755 -0.006292 
756 0.026593 
757 0.060482 
758 -0.082053 
759 -0.054728 
760 0.042856 
761 0.122331 
762 -0.145700 
763 -0.036920 
764 0.083868 
765 0.069399 
766 -0.102207 
767 -0.025976 
768 0.081910 
769 0.022912 
770 -0.049071 
771 -0.036131 
772 0.026815 
773 0.129336 
774 -0.052641 
775 -0.093456 
776 0.066443 
777 0.150045 
778 -0.180597 
779 0.053292 
780 0.053306 
781 0.130883 
782 -0.186720 
783 0.030964 
784 0.085846 
785 -0.012597 
786 -0.020181 
787 -0.029768 
788 0.046337 
789 0.088257 
790 -0.087239 
791 -0.074770 
792 0.120802 
793 0.025074 
794 -0.077247 
795 0.003361 
796 0.100964 
797 -0.037286 
798 -0.010282 
799 -0.023142 
800 -0.001673 
801 0.092831 
802 -0.023415 
803 -0.105003 
804 0.069760 
805 0.065563 
806 -0.053996 
807 -0.137452 
808 0.149578 
809 0.030651 
810 -0.037517 
811 -0.098148 
812 0.077119 
813 0.040798 
814 -0.029312 
815 -0.088895 
816 0.117072 
817 0.029144 
818 0.002930 
819 -0.141460 
820 0.089861 
821 0.049038 
822 0.042227 
823 -0.151565 
824 0.044027 
825 0.124052 
826 -0.032852 
827 -0.117749 
828 0.005381 
829 0.130698 
830 0.016212 
831 -0.182354 
832 0.038627 
833 0.081761 
834 0.048671 
835 -0.237525 
836 0.088338 
837 0.138027 
838 -0.149397 
839 -0.064772 
840 0.052657 
841 0.006713 
842 0.006305 
843 -0.106579 
844 0.053962 
845 0.018292 
846 -0.000667 
847 -0.068749 
848 0.005485 
849 0.058981 
850 0.041421 
851 -0.179211 
852 0.095996 
853 0.085456 
854 -0.067924 
855 -0.097415 
856 0.144034 
857 0.012620 
858 -0.030594 
859 -0.079677 
860 -0.011330 
861 0.183297 
862 -0.028421 
863 -0.138248 
864 0.107800 
865 0.099161 
866 -0.077011 
867 -0.057965 
868 0.107209 
869 0.098888 
870 -0.007498 
871 -0.108581 
872 0.133308 
873 0.069086 
874 -0.060973 
875 -0.042328 
876 0.086628 
877 0.150468 
878 -0.106931 
879 -0.102051 
880 0.129783 
881 0.053328 
882 -0.120403 
883 0.017251 
884 0.019733 
885 0.126767 
886 -0.113153 
887 -0.103993 
888 0.117028 
889 0.093627 
890 -0.100725 
891 0.039681 
892 -0.028434 
893 0.092587 
894 -0.040711 
895 -0.076373 
896 0.080969 
897 0.156195 
898 -0.126424 
899 -0.032352 
900 0.012350 
901 0.168472 
902 -0.128733 
903 0.019810 
904 -0.058765 
905 0.114634 
906 -0.013430 
907 -0.033548 
908 -0.115929 
909 0.196591 
910 -0.086571 
911 -0.074311 
912 0.013224 
913 0.141089 
914 -0.059212 
915 -0.098526 
916 0.076419 
917 0.045329 
918 -0.099433 
919 0.082419 
920 -0.045810 
921 0.006824 
922 0.038227 
923 -0.016123 
924 -0.129509 
925 0.106286 
926 0.027267 
927 -0.111916 
928 0.002949 
929 -0.025662 
930 0.033648 
931 -0.095682 
932 0.000113 
933 -0.007133 
934 0.105532 
935 -0.165961 
936 0.030515 
937 0.039094 
938 -0.021024 
939 -0.048997 
940 0.036135 
941 0.020449 
942 0.016362 
943 -0.096767 
944 0.066161 
945 -0.023942 
946 0.064247 
947 -0.107211 
948 0.064327 
949 -0.009184 
950 0.076153 
951 0.004525 
952 -0.037758 
953 0.048595 
954 0.152511 
955 -0.183221 
956 0.051897 
957 0.138574 
958 0.118786 
959 -0.193214 
960 0.155832 
961 -0.009332 
962 0.023701 
963 -0.036438 
964 -0.028822 
965 0.060027 
966 0.180266 
967 -0.214513 
968 -0.002981 
969 0.097183 
970 0.077869 
971 -0.177016 
972 0.110748 
973 0.059467 
974 0.096225 
975 -0.152346 
976 0.007232 
977 0.053220 
978 0.113947 
979 -0.047068 
980 0.044598 
981 0.027737 
982 -0.017764 
983 -0.112102 
984 0.041761 
985 0.107059 
986 -0.020146 
987 -0.113659 
988 0.066142 
989 -0.001139 
990 0.000305 
991 -0.026230 
992 -0.063961 
993 0.106690 
994 0.055243 
995 -0.157886 
996 -0.078098 
997 0.186550 
998 -0.143847 
999 -0.173354 
1000 0.076901 
1001 0.075380 
1002 -0.166948 
1003 0.016786 
1004 0.037814 
1005 0.025185 
1006 -0.048084 
1007 0.023270 
1008 0.103983 
1009 0.015146 
1010 -0.072393 
1011 -0.030964 
1012 0.023188 
1013 0.090080 
1014 -0.130551 
1015 -0.043533 
1016 0.200630 
1017 0.222585 
1018 -0.088647 
1019 -0.035062 
1020 -0.160326 
1021 0.184237 
1022 0.145380 
1023 0.464738 
