0 -0.000062 
1 0.000081 
2 0.000338 
3 0.000444 
4 0.000383 
5 0.000503 
6 0.000682 
7 0.000302 
8 -0.000417 
9 -0.000531 
10 -0.000013 
11 0.000166 
12 -0.000140 
13 -0.000106 
14 0.000380 
15 0.000492 
16 0.000108 
17 -0.000019 
18 0.000249 
19 0.000297 
20 0.000006 
21 -0.000085 
22 0.000190 
23 0.000333 
24 0.000198 
25 0.000102 
26 0.000086 
27 -0.000023 
28 -0.000115 
29 -0.000055 
30 -0.000011 
31 -0.000119 
32 -0.000145 
33 0.000033 
34 0.000134 
35 0.000086 
36 0.000212 
37 0.000509 
38 0.000512 
39 0.000117 
40 -0.000149 
41 -0.000004 
42 0.000070 
43 -0.000177 
44 -0.000216 
45 0.000145 
46 0.000227 
47 -0.000117 
48 -0.000157 
49 0.000210 
50 0.000298 
51 -0.000032 
52 -0.000106 
53 0.000233 
54 0.000399 
55 0.000083 
56 -0.000190 
57 0.000015 
58 0.000325 
59 0.000362 
60 0.000399 
61 0.000588 
62 0.000418 
63 -0.000346 
64 -0.001078 
65 -0.001079 
66 -0.000551 
67 -0.000091 
68 0.000260 
69 0.000837 
70 0.001425 
71 0.001476 
72 0.000937 
73 0.000222 
74 -0.000448 
75 -0.001028 
76 -0.001194 
77 -0.000780 
78 -0.000158 
79 0.000215 
80 0.000409 
81 0.000693 
82 0.000858 
83 0.000608 
84 0.000133 
85 -0.000175 
86 -0.000161 
87 -0.000049 
88 -0.000098 
89 -0.000239 
90 -0.000155 
91 0.000022 
92 -0.000051 
93 -0.000232 
94 -0.000154 
95 0.000067 
96 0.000112 
97 0.000235 
98 0.000652 
99 0.000799 
100 0.000178 
101 -0.000579 
102 -0.000781 
103 -0.000790 
104 -0.001146 
105 -0.001312 
106 -0.000679 
107 0.000473 
108 0.001502 
109 0.002126 
110 0.001883 
111 0.000818 
112 -0.000073 
113 -0.000454 
114 -0.001212 
115 -0.002487 
116 -0.002940 
117 -0.001932 
118 -0.000533 
119 0.000297 
120 0.000932 
121 0.001742 
122 0.002153 
123 0.001841 
124 0.001153 
125 0.000263 
126 -0.001051 
127 -0.002298 
128 -0.002767 
129 -0.002574 
130 -0.002247 
131 -0.001542 
132 0.000040 
133 0.001824 
134 0.002540 
135 0.002313 
136 0.002040 
137 0.001326 
138 -0.000593 
139 -0.002659 
140 -0.003370 
141 -0.002912 
142 -0.002172 
143 -0.000919 
144 0.000757 
145 0.001597 
146 0.001266 
147 0.001173 
148 0.001832 
149 0.001697 
150 -0.000027 
151 -0.001700 
152 -0.002008 
153 -0.001931 
154 -0.002291 
155 -0.002438 
156 -0.001761 
157 -0.000774 
158 0.000449 
159 0.002132 
160 0.003272 
161 0.002701 
162 0.000779 
163 -0.000994 
164 -0.002008 
165 -0.002767 
166 -0.003090 
167 -0.002140 
168 -0.000503 
169 0.000364 
170 0.000189 
171 0.000056 
172 0.000069 
173 -0.000340 
174 -0.000953 
175 -0.000957 
176 -0.000310 
177 0.000391 
178 0.000505 
179 -0.000249 
180 -0.001055 
181 -0.000977 
182 -0.000591 
183 -0.001292 
184 -0.002616 
185 -0.002478 
186 -0.000797 
187 0.000118 
188 -0.000379 
189 -0.000137 
190 0.001162 
191 0.001129 
192 -0.000913 
193 -0.002240 
194 -0.001322 
195 -0.000305 
196 -0.000843 
197 -0.001625 
198 -0.001393 
199 -0.001325 
200 -0.001838 
201 -0.001943 
202 -0.001202 
203 -0.000585 
204 0.000084 
205 0.001637 
206 0.003079 
207 0.002381 
208 -0.000068 
209 -0.002263 
210 -0.003762 
211 -0.005131 
212 -0.005468 
213 -0.003744 
214 -0.001013 
215 0.001064 
216 0.002507 
217 0.003343 
218 0.002711 
219 0.000535 
220 -0.001711 
221 -0.002947 
222 -0.003747 
223 -0.003860 
224 -0.002305 
225 -0.000200 
226 0.000342 
227 -0.000381 
228 -0.000487 
229 -0.000083 
230 -0.000445 
231 -0.001316 
232 -0.001255 
233 -0.000030 
234 0.000844 
235 0.000088 
236 -0.001768 
237 -0.003376 
238 -0.003984 
239 -0.003365 
240 -0.001990 
241 -0.000836 
242 0.000223 
243 0.001817 
244 0.003377 
245 0.003344 
246 0.001425 
247 -0.001003 
248 -0.002733 
249 -0.003660 
250 -0.004088 
251 -0.003924 
252 -0.003350 
253 -0.002192 
254 -0.000544 
255 0.001188 
256 0.002438 
257 0.003074 
258 0.002701 
259 0.001574 
260 0.000396 
261 -0.000974 
262 -0.002958 
263 -0.004894 
264 -0.005169 
265 -0.003660 
266 -0.001764 
267 -0.000332 
268 0.001262 
269 0.003223 
270 0.004067 
271 0.003038 
272 0.001096 
273 -0.001174 
274 -0.003889 
275 -0.005422 
276 -0.004470 
277 -0.002452 
278 -0.000932 
279 0.001245 
280 0.004803 
281 0.006813 
282 0.005010 
283 0.001368 
284 -0.001895 
285 -0.005180 
286 -0.007768 
287 -0.007124 
288 -0.003778 
289 -0.000723 
290 0.001654 
291 0.004473 
292 0.006931 
293 0.006718 
294 0.003760 
295 -0.000388 
296 -0.004553 
297 -0.007109 
298 -0.005968 
299 -0.002288 
300 0.000543 
301 0.001768 
302 0.003364 
303 0.005453 
304 0.005765 
305 0.003247 
306 -0.000604 
307 -0.003275 
308 -0.003824 
309 -0.003563 
310 -0.003696 
311 -0.002464 
312 0.001433 
313 0.005095 
314 0.005437 
315 0.004036 
316 0.003554 
317 0.002426 
318 -0.000598 
319 -0.002924 
320 -0.002280 
321 -0.000639 
322 -0.000948 
323 -0.002290 
324 -0.001883 
325 0.000773 
326 0.003397 
327 0.004021 
328 0.003467 
329 0.003026 
330 0.002382 
331 0.001147 
332 0.000163 
333 -0.000524 
334 -0.001778 
335 -0.002882 
336 -0.002700 
337 -0.001467 
338 -0.000707 
339 0.000162 
340 0.002999 
341 0.006617 
342 0.008058 
343 0.007076 
344 0.004590 
345 0.000346 
346 -0.005393 
347 -0.009859 
348 -0.010494 
349 -0.008152 
350 -0.003933 
351 0.001960 
352 0.008533 
353 0.012824 
354 0.012655 
355 0.008365 
356 0.002188 
357 -0.003965 
358 -0.008725 
359 -0.010390 
360 -0.008491 
361 -0.004351 
362 0.000006 
363 0.003854 
364 0.006976 
365 0.008923 
366 0.008642 
367 0.005674 
368 0.000743 
369 -0.004156 
370 -0.006932 
371 -0.006617 
372 -0.005087 
373 -0.004084 
374 -0.002123 
375 0.001262 
376 0.003775 
377 0.004309 
378 0.004743 
379 0.005530 
380 0.004703 
381 0.002228 
382 0.000448 
383 -0.000899 
384 -0.003650 
385 -0.006093 
386 -0.005562 
387 -0.003668 
388 -0.003884 
389 -0.004361 
390 -0.000987 
391 0.004072 
392 0.006248 
393 0.006867 
394 0.008229 
395 0.007285 
396 0.001779 
397 -0.004122 
398 -0.006023 
399 -0.005907 
400 -0.007011 
401 -0.007706 
402 -0.004372 
403 0.001497 
404 0.005293 
405 0.005684 
406 0.005079 
407 0.004624 
408 0.002958 
409 -0.000524 
410 -0.003664 
411 -0.004052 
412 -0.002332 
413 -0.001086 
414 0.000499 
415 0.003152 
416 0.004210 
417 0.001848 
418 -0.000869 
419 -0.001145 
420 -0.001614 
421 -0.003529 
422 -0.004485 
423 -0.003298 
424 -0.001162 
425 0.000897 
426 0.002206 
427 0.002243 
428 0.002187 
429 0.003535 
430 0.004566 
431 0.001827 
432 -0.001723 
433 -0.001537 
434 0.000027 
435 -0.002731 
436 -0.006568 
437 -0.004621 
438 0.001739 
439 0.004906 
440 0.003164 
441 0.001755 
442 0.002223 
443 0.001268 
444 -0.002010 
445 -0.004799 
446 -0.004983 
447 -0.003516 
448 -0.001421 
449 0.001405 
450 0.004521 
451 0.006161 
452 0.005143 
453 0.001336 
454 -0.003341 
455 -0.005084 
456 -0.004240 
457 -0.003995 
458 -0.004411 
459 -0.001808 
460 0.003428 
461 0.006318 
462 0.004940 
463 0.002764 
464 0.002798 
465 0.003601 
466 0.002536 
467 -0.000809 
468 -0.003757 
469 -0.004218 
470 -0.003177 
471 -0.002588 
472 -0.001671 
473 0.001553 
474 0.005462 
475 0.006075 
476 0.003546 
477 0.001748 
478 0.003236 
479 0.005574 
480 0.003936 
481 -0.001527 
482 -0.004728 
483 -0.002777 
484 -0.000075 
485 0.000208 
486 0.000481 
487 0.002383 
488 0.003891 
489 0.004641 
490 0.006060 
491 0.005911 
492 0.001338 
493 -0.002913 
494 -0.000768 
495 0.003981 
496 0.003553 
497 -0.000316 
498 -0.000797 
499 0.001568 
500 0.001287 
501 -0.000673 
502 0.000459 
503 0.004111 
504 0.005808 
505 0.005931 
506 0.006624 
507 0.005149 
508 -0.000361 
509 -0.004750 
510 -0.003956 
511 -0.001466 
512 -0.000261 
513 0.001540 
514 0.004769 
515 0.006088 
516 0.005324 
517 0.006807 
518 0.009031 
519 0.004283 
520 -0.004663 
521 -0.006081 
522 0.000347 
523 0.002554 
524 -0.001196 
525 -0.000773 
526 0.005169 
527 0.006516 
528 0.001826 
529 0.000268 
530 0.003488 
531 0.004051 
532 0.000553 
533 -0.000517 
534 0.002719 
535 0.004399 
536 0.002808 
537 0.001671 
538 0.001464 
539 0.000208 
540 -0.000845 
541 -0.000176 
542 0.000324 
543 -0.000893 
544 -0.001181 
545 0.000796 
546 0.001891 
547 0.001353 
548 0.002709 
549 0.005874 
550 0.005844 
551 0.001602 
552 -0.001209 
553 0.000298 
554 0.001055 
555 -0.001487 
556 -0.001881 
557 0.001769 
558 0.002572 
559 -0.000837 
560 -0.001243 
561 0.002330 
562 0.003144 
563 -0.000063 
564 -0.000793 
565 0.002381 
566 0.003884 
567 0.000919 
568 -0.001583 
569 0.000279 
570 0.003032 
571 0.003311 
572 0.003592 
573 0.005171 
574 0.003639 
575 -0.002880 
576 -0.009020 
577 -0.008953 
578 -0.004548 
579 -0.000777 
580 0.002053 
581 0.006617 
582 0.011168 
583 0.011434 
584 0.007142 
585 0.001598 
586 -0.003483 
587 -0.007778 
588 -0.008942 
589 -0.005835 
590 -0.001300 
591 0.001352 
592 0.002685 
593 0.004611 
594 0.005675 
595 0.003906 
596 0.000655 
597 -0.001400 
598 -0.001314 
599 -0.000606 
600 -0.000928 
601 -0.001833 
602 -0.001307 
603 -0.000228 
604 -0.000687 
605 -0.001782 
606 -0.001303 
607 0.000006 
608 0.000282 
609 0.000989 
610 0.003364 
611 0.004158 
612 0.000635 
613 -0.003556 
614 -0.004644 
615 -0.004673 
616 -0.006535 
617 -0.007352 
618 -0.003971 
619 0.002001 
620 0.007212 
621 0.010257 
622 0.008932 
623 0.003595 
624 -0.000783 
625 -0.002610 
626 -0.006181 
627 -0.012076 
628 -0.014046 
629 -0.009272 
630 -0.002827 
631 0.000910 
632 0.003697 
633 0.007195 
634 0.008893 
635 0.007453 
636 0.004466 
637 0.000707 
638 -0.004700 
639 -0.009706 
640 -0.011465 
641 -0.010552 
642 -0.009137 
643 -0.006276 
644 -0.000132 
645 0.006642 
646 0.009260 
647 0.008311 
648 0.007213 
649 0.004552 
650 -0.002360 
651 -0.009627 
652 -0.012002 
653 -0.010258 
654 -0.007596 
655 -0.003261 
656 0.002397 
657 0.005174 
658 0.004053 
659 0.003710 
660 0.005787 
661 0.005303 
662 -0.000117 
663 -0.005272 
664 -0.006130 
665 -0.005805 
666 -0.006797 
667 -0.007144 
668 -0.005072 
669 -0.002144 
670 0.001382 
671 0.006134 
672 0.009244 
673 0.007582 
674 0.002269 
675 -0.002518 
676 -0.005177 
677 -0.007104 
678 -0.007848 
679 -0.005296 
680 -0.001061 
681 0.001153 
682 0.000710 
683 0.000381 
684 0.000420 
685 -0.000566 
686 -0.002004 
687 -0.001965 
688 -0.000426 
689 0.001209 
690 0.001461 
691 -0.000242 
692 -0.002032 
693 -0.001825 
694 -0.000956 
695 -0.002451 
696 -0.005249 
697 -0.004885 
698 -0.001294 
699 0.000633 
700 -0.000373 
701 0.000137 
702 0.002758 
703 0.002677 
704 -0.001342 
705 -0.003911 
706 -0.002103 
707 -0.000150 
708 -0.001148 
709 -0.002573 
710 -0.002104 
711 -0.001937 
712 -0.002814 
713 -0.002939 
714 -0.001590 
715 -0.000498 
716 0.000671 
717 0.003317 
718 0.005710 
719 0.004482 
720 0.000382 
721 -0.003204 
722 -0.005591 
723 -0.007716 
724 -0.008156 
725 -0.005354 
726 -0.001055 
727 0.002149 
728 0.004320 
729 0.005527 
730 0.004530 
731 0.001282 
732 -0.001997 
733 -0.003747 
734 -0.004839 
735 -0.004942 
736 -0.002728 
737 0.000192 
738 0.000931 
739 -0.000062 
740 -0.000199 
741 0.000346 
742 -0.000127 
743 -0.001244 
744 -0.001153 
745 0.000410 
746 0.001508 
747 0.000553 
748 -0.001741 
749 -0.003682 
750 -0.004376 
751 -0.003594 
752 -0.001945 
753 -0.000585 
754 0.000643 
755 0.002445 
756 0.004175 
757 0.004087 
758 0.001920 
759 -0.000761 
760 -0.002627 
761 -0.003590 
762 -0.004010 
763 -0.003799 
764 -0.003162 
765 -0.001948 
766 -0.000261 
767 0.001468 
768 0.002686 
769 0.003270 
770 0.002861 
771 0.001741 
772 0.000589 
773 -0.000715 
774 -0.002561 
775 -0.004329 
776 -0.004538 
777 -0.003134 
778 -0.001410 
779 -0.000135 
780 0.001257 
781 0.002939 
782 0.003625 
783 0.002706 
784 0.001045 
785 -0.000861 
786 -0.003098 
787 -0.004324 
788 -0.003517 
789 -0.001879 
790 -0.000656 
791 0.001044 
792 0.003781 
793 0.005275 
794 0.003853 
795 0.001081 
796 -0.001353 
797 -0.003751 
798 -0.005600 
799 -0.005083 
800 -0.002658 
801 -0.000484 
802 0.001172 
803 0.003102 
804 0.004746 
805 0.004554 
806 0.002536 
807 -0.000230 
808 -0.002957 
809 -0.004580 
810 -0.003811 
811 -0.001448 
812 0.000338 
813 0.001094 
814 0.002056 
815 0.003297 
816 0.003446 
817 0.001911 
818 -0.000375 
819 -0.001930 
820 -0.002228 
821 -0.002056 
822 -0.002110 
823 -0.001403 
824 0.000750 
825 0.002737 
826 0.002891 
827 0.002115 
828 0.001835 
829 0.001227 
830 -0.000345 
831 -0.001529 
832 -0.001189 
833 -0.000358 
834 -0.000511 
835 -0.001164 
836 -0.000960 
837 0.000322 
838 0.001562 
839 0.001839 
840 0.001564 
841 0.001345 
842 0.001035 
843 0.000468 
844 0.000027 
845 -0.000277 
846 -0.000812 
847 -0.001276 
848 -0.001180 
849 -0.000644 
850 -0.000318 
851 0.000048 
852 0.001201 
853 0.002639 
854 0.003182 
855 0.002762 
856 0.001767 
857 0.000123 
858 -0.002057 
859 -0.003704 
860 -0.003896 
861 -0.002988 
862 -0.001418 
863 0.000717 
864 0.003044 
865 0.004515 
866 0.004407 
867 0.002883 
868 0.000755 
869 -0.001316 
870 -0.002879 
871 -0.003390 
872 -0.002733 
873 -0.001372 
874 0.000023 
875 0.001231 
876 0.002182 
877 0.002754 
878 0.002640 
879 0.001728 
880 0.000252 
881 -0.001182 
882 -0.001968 
883 -0.001853 
884 -0.001400 
885 -0.001105 
886 -0.000550 
887 0.000377 
888 0.001051 
889 0.001184 
890 0.001286 
891 0.001479 
892 0.001251 
893 0.000609 
894 0.000158 
895 -0.000178 
896 -0.000852 
897 -0.001436 
898 -0.001290 
899 -0.000825 
900 -0.000868 
901 -0.000968 
902 -0.000185 
903 0.000965 
904 0.001440 
905 0.001560 
906 0.001841 
907 0.001616 
908 0.000420 
909 -0.000832 
910 -0.001219 
911 -0.001182 
912 -0.001398 
913 -0.001523 
914 -0.000843 
915 0.000322 
916 0.001058 
917 0.001120 
918 0.000993 
919 0.000898 
920 0.000578 
921 -0.000069 
922 -0.000641 
923 -0.000713 
924 -0.000406 
925 -0.000185 
926 0.000091 
927 0.000545 
928 0.000715 
929 0.000311 
930 -0.000141 
931 -0.000186 
932 -0.000262 
933 -0.000566 
934 -0.000712 
935 -0.000521 
936 -0.000189 
937 0.000122 
938 0.000315 
939 0.000316 
940 0.000299 
941 0.000491 
942 0.000633 
943 0.000234 
944 -0.000269 
945 -0.000240 
946 -0.000022 
947 -0.000397 
948 -0.000914 
949 -0.000648 
950 0.000192 
951 0.000598 
952 0.000365 
953 0.000180 
954 0.000235 
955 0.000114 
956 -0.000291 
957 -0.000629 
958 -0.000646 
959 -0.000465 
960 -0.000214 
961 0.000117 
962 0.000474 
963 0.000655 
964 0.000529 
965 0.000094 
966 -0.000426 
967 -0.000612 
968 -0.000514 
969 -0.000482 
970 -0.000523 
971 -0.000244 
972 0.000306 
973 0.000601 
974 0.000452 
975 0.000226 
976 0.000227 
977 0.000305 
978 0.000197 
979 -0.000135 
980 -0.000423 
981 -0.000467 
982 -0.000366 
983 -0.000309 
984 -0.000219 
985 0.000085 
986 0.000449 
987 0.000503 
988 0.000269 
989 0.000105 
990 0.000239 
991 0.000445 
992 0.000294 
993 -0.000192 
994 -0.000473 
995 -0.000299 
996 -0.000064 
997 -0.000039 
998 -0.000015 
999 0.000147 
1000 0.000274 
1001 0.000337 
1002 0.000456 
1003 0.000443 
1004 0.000059 
1005 -0.000293 
1006 -0.000114 
1007 0.000278 
1008 0.000242 
1009 -0.000076 
1010 -0.000115 
1011 0.000079 
1012 0.000056 
1013 -0.000102 
1014 -0.000010 
1015 0.000286 
1016 0.000423 
1017 0.000433 
1018 0.000490 
1019 0.000374 
1020 -0.000066 
1021 -0.000416 
1022 -0.000350 
1023 -0.000148 
