0 0.473617 
1 0.313877 
2 0.461240 
3 0.366269 
4 0.391123 
5 0.363879 
6 0.341647 
7 0.376127 
8 0.334785 
9 0.419500 
10 0.374951 
11 0.410200 
12 0.343431 
13 0.377458 
14 0.303799 
15 0.369362 
16 0.306560 
17 0.384626 
18 0.316009 
19 0.383614 
20 0.264395 
21 0.318619 
22 0.225626 
23 0.237538 
24 0.332839 
25 0.230596 
26 0.454451 
27 0.223335 
28 0.411781 
29 0.196488 
30 0.354512 
31 0.181966 
32 0.379878 
33 0.164287 
34 0.355961 
35 0.164246 
36 0.361638 
37 0.189134 
38 0.319943 
39 0.186697 
40 0.274430 
41 0.181959 
42 0.262245 
43 0.214249 
44 0.283790 
45 0.228498 
46 0.222280 
47 0.210704 
48 0.231363 
49 0.236695 
50 0.217522 
51 0.250788 
52 0.209369 
53 0.247014 
54 0.132966 
55 0.285593 
56 0.147395 
57 0.327759 
58 0.169960 
59 0.246194 
60 0.171720 
61 0.194656 
62 0.120905 
63 0.193781 
64 0.132206 
65 0.275146 
66 0.224834 
67 0.302087 
68 0.257215 
69 0.228755 
70 0.176591 
71 0.131991 
72 0.126458 
73 0.142398 
74 0.159607 
75 0.188950 
76 0.234890 
77 0.240740 
78 0.289167 
79 0.187516 
80 0.256498 
81 0.090318 
82 0.176380 
83 0.056941 
84 0.162192 
85 0.124857 
86 0.280775 
87 0.203040 
88 0.289219 
89 0.198496 
90 0.218678 
91 0.153437 
92 0.150900 
93 0.168568 
94 0.161844 
95 0.199856 
96 0.177666 
97 0.237331 
98 0.209370 
99 0.266386 
100 0.160249 
101 0.222721 
102 0.082852 
103 0.193426 
104 0.116000 
105 0.229678 
106 0.167685 
107 0.214398 
108 0.162175 
109 0.239361 
110 0.172817 
111 0.275881 
112 0.182978 
113 0.259361 
114 0.122225 
115 0.181853 
116 0.177225 
117 0.186902 
118 0.255643 
119 0.211967 
120 0.229588 
121 0.260742 
122 0.161612 
123 0.206746 
124 0.121402 
125 0.202300 
126 0.173816 
127 0.203283 
128 0.270411 
129 0.214631 
130 0.262254 
131 0.192498 
132 0.236702 
133 0.187461 
134 0.219052 
135 0.205668 
136 0.178092 
137 0.237925 
138 0.166292 
139 0.295280 
140 0.181962 
141 0.283579 
142 0.198435 
143 0.188101 
144 0.220888 
145 0.134103 
146 0.236505 
147 0.221344 
148 0.306859 
149 0.265439 
150 0.304885 
151 0.212442 
152 0.255880 
153 0.140874 
154 0.258039 
155 0.120759 
156 0.284672 
157 0.167247 
158 0.301673 
159 0.247400 
160 0.326606 
161 0.292303 
162 0.269637 
163 0.263336 
164 0.225477 
165 0.199298 
166 0.185494 
167 0.214112 
168 0.215841 
169 0.277995 
170 0.241576 
171 0.309027 
172 0.220156 
173 0.286253 
174 0.199732 
175 0.307209 
176 0.215314 
177 0.296813 
178 0.207641 
179 0.304325 
180 0.205344 
181 0.281902 
182 0.192476 
183 0.261761 
184 0.237886 
185 0.259034 
186 0.265473 
187 0.289664 
188 0.254554 
189 0.279531 
190 0.255894 
191 0.250500 
192 0.311290 
193 0.201058 
194 0.334418 
195 0.175121 
196 0.331197 
197 0.189068 
198 0.308711 
199 0.225792 
200 0.283075 
201 0.213521 
202 0.306196 
203 0.230013 
204 0.330506 
205 0.222587 
206 0.276080 
207 0.222141 
208 0.232387 
209 0.232501 
210 0.280523 
211 0.321001 
212 0.298219 
213 0.308191 
214 0.199636 
215 0.261064 
216 0.170823 
217 0.284277 
218 0.230453 
219 0.325869 
220 0.288480 
221 0.321278 
222 0.276477 
223 0.293316 
224 0.281003 
225 0.249096 
226 0.225979 
227 0.234463 
228 0.253753 
229 0.267594 
230 0.329868 
231 0.287102 
232 0.346094 
233 0.225604 
234 0.310529 
235 0.194452 
236 0.264180 
237 0.263843 
238 0.256222 
239 0.306883 
240 0.237605 
241 0.315229 
242 0.248921 
243 0.316452 
244 0.259568 
245 0.289620 
246 0.235215 
247 0.303816 
248 0.268786 
249 0.331612 
250 0.322851 
251 0.299778 
252 0.279367 
253 0.292504 
254 0.250399 
255 0.278250 
256 0.280955 
257 0.263573 
258 0.317980 
259 0.275574 
260 0.368663 
261 0.269823 
262 0.343056 
263 0.240804 
264 0.272979 
265 0.248798 
266 0.311646 
267 0.265017 
268 0.352133 
269 0.251001 
270 0.375534 
271 0.208567 
272 0.333402 
273 0.230693 
274 0.340326 
275 0.255599 
276 0.369656 
277 0.255770 
278 0.343485 
279 0.256571 
280 0.280501 
281 0.266627 
282 0.272763 
283 0.311888 
284 0.323085 
285 0.359592 
286 0.363914 
287 0.332201 
288 0.273788 
289 0.270536 
290 0.216192 
291 0.308058 
292 0.278965 
293 0.374116 
294 0.319530 
295 0.334544 
296 0.304725 
297 0.304636 
298 0.298908 
299 0.267962 
300 0.290985 
301 0.262715 
302 0.352236 
303 0.272763 
304 0.395247 
305 0.297163 
306 0.353891 
307 0.271028 
308 0.294261 
309 0.274063 
310 0.317706 
311 0.303194 
312 0.381570 
313 0.331425 
314 0.385518 
315 0.330085 
316 0.312628 
317 0.296642 
318 0.267653 
319 0.317126 
320 0.292239 
321 0.363289 
322 0.326415 
323 0.384052 
324 0.312412 
325 0.360015 
326 0.282984 
327 0.341567 
328 0.288453 
329 0.348345 
330 0.277229 
331 0.355035 
332 0.282051 
333 0.381625 
334 0.349850 
335 0.361453 
336 0.371815 
337 0.307099 
338 0.321287 
339 0.298962 
340 0.319483 
341 0.337311 
342 0.343845 
343 0.354753 
344 0.311441 
345 0.365374 
346 0.323353 
347 0.366520 
348 0.350921 
349 0.335416 
350 0.380386 
351 0.299751 
352 0.356365 
353 0.311399 
354 0.343608 
355 0.361493 
356 0.324492 
357 0.411064 
358 0.303105 
359 0.415651 
360 0.281022 
361 0.362942 
362 0.305762 
363 0.342522 
364 0.334739 
365 0.382627 
366 0.343410 
367 0.427967 
368 0.327415 
369 0.418993 
370 0.265553 
371 0.359285 
372 0.268117 
373 0.367885 
374 0.358824 
375 0.440660 
376 0.413869 
377 0.434587 
378 0.363904 
379 0.329749 
380 0.279359 
381 0.316127 
382 0.307228 
383 0.404575 
384 0.365938 
385 0.478269 
386 0.390782 
387 0.397293 
388 0.354168 
389 0.317845 
390 0.288545 
391 0.330387 
392 0.317848 
393 0.413668 
394 0.366343 
395 0.445801 
396 0.361859 
397 0.433718 
398 0.329624 
399 0.383762 
400 0.324839 
401 0.352016 
402 0.354494 
403 0.369126 
404 0.446416 
405 0.417838 
406 0.397908 
407 0.376249 
408 0.349671 
409 0.342128 
410 0.372485 
411 0.346277 
412 0.449621 
413 0.353107 
414 0.504904 
415 0.321390 
416 0.486224 
417 0.316508 
418 0.442088 
419 0.313115 
420 0.429707 
421 0.315075 
422 0.451485 
423 0.324710 
424 0.511933 
425 0.333496 
426 0.479448 
427 0.340584 
428 0.442650 
429 0.332570 
430 0.446012 
431 0.361363 
432 0.433970 
433 0.386642 
434 0.399508 
435 0.421519 
436 0.416337 
437 0.416234 
438 0.411332 
439 0.370419 
440 0.423207 
441 0.368688 
442 0.415646 
443 0.420315 
444 0.398625 
445 0.436507 
446 0.432231 
447 0.426791 
448 0.464181 
449 0.386249 
450 0.400561 
451 0.364165 
452 0.380522 
453 0.369103 
454 0.444075 
455 0.373517 
456 0.484960 
457 0.393146 
458 0.488311 
459 0.401280 
460 0.438906 
461 0.383720 
462 0.395380 
463 0.349640 
464 0.416040 
465 0.387801 
466 0.498036 
467 0.440585 
468 0.468791 
469 0.404058 
470 0.382201 
471 0.361911 
472 0.391433 
473 0.414921 
474 0.460403 
475 0.443250 
476 0.451637 
477 0.462292 
478 0.422036 
479 0.410655 
480 0.369743 
481 0.362099 
482 0.352133 
483 0.378022 
484 0.421367 
485 0.480276 
486 0.448170 
487 0.489303 
488 0.402384 
489 0.409521 
490 0.361180 
491 0.340214 
492 0.354782 
493 0.380411 
494 0.418058 
495 0.452584 
496 0.449131 
497 0.439751 
498 0.408530 
499 0.353238 
500 0.376476 
501 0.361867 
502 0.378898 
503 0.430066 
504 0.422601 
505 0.437781 
506 0.407958 
507 0.410140 
508 0.375502 
509 0.380956 
510 0.339958 
511 0.414230 
512 0.368550 
513 0.464941 
514 0.371297 
515 0.459216 
516 0.349362 
517 0.434457 
518 0.281621 
519 0.428658 
520 0.341331 
521 0.428395 
522 0.353992 
523 0.420094 
524 0.327522 
525 0.403345 
526 0.311299 
527 0.436784 
528 0.318943 
529 0.433730 
530 0.326310 
531 0.395928 
532 0.338142 
533 0.367821 
534 0.360276 
535 0.409944 
536 0.399634 
537 0.426949 
538 0.339256 
539 0.409022 
540 0.299897 
541 0.356920 
542 0.298944 
543 0.385256 
544 0.326034 
545 0.401195 
546 0.352761 
547 0.403460 
548 0.349203 
549 0.364433 
550 0.320320 
551 0.384299 
552 0.279758 
553 0.396172 
554 0.272925 
555 0.416621 
556 0.328381 
557 0.365538 
558 0.372508 
559 0.326501 
560 0.350807 
561 0.305377 
562 0.326821 
563 0.337988 
564 0.300303 
565 0.337210 
566 0.332208 
567 0.368560 
568 0.382049 
569 0.350975 
570 0.368258 
571 0.275965 
572 0.339560 
573 0.237983 
574 0.375361 
575 0.312507 
576 0.376178 
577 0.361204 
578 0.347783 
579 0.354638 
580 0.305597 
581 0.300451 
582 0.283454 
583 0.270496 
584 0.347527 
585 0.331662 
586 0.410086 
587 0.349611 
588 0.312559 
589 0.298121 
590 0.193868 
591 0.321996 
592 0.274612 
593 0.411366 
594 0.381626 
595 0.394665 
596 0.364004 
597 0.315133 
598 0.275497 
599 0.257231 
600 0.284693 
601 0.303061 
602 0.352717 
603 0.362686 
604 0.367990 
605 0.347003 
606 0.324153 
607 0.261279 
608 0.325613 
609 0.233804 
610 0.407491 
611 0.268166 
612 0.452650 
613 0.293642 
614 0.372642 
615 0.271484 
616 0.326179 
617 0.284151 
618 0.361883 
619 0.283809 
620 0.373203 
621 0.250176 
622 0.395595 
623 0.285574 
624 0.384295 
625 0.323686 
626 0.343118 
627 0.354553 
628 0.300025 
629 0.372850 
630 0.269601 
631 0.375560 
632 0.279659 
633 0.342673 
634 0.357092 
635 0.363383 
636 0.384909 
637 0.354969 
638 0.359028 
639 0.363072 
640 0.311090 
641 0.354475 
642 0.329898 
643 0.346961 
644 0.346011 
645 0.308997 
646 0.377988 
647 0.310551 
648 0.378902 
649 0.314656 
650 0.382827 
651 0.355669 
652 0.366616 
653 0.359140 
654 0.379283 
655 0.352842 
656 0.335634 
657 0.346989 
658 0.382964 
659 0.369475 
660 0.388191 
661 0.337072 
662 0.368222 
663 0.320753 
664 0.355963 
665 0.389183 
666 0.392801 
667 0.423591 
668 0.384733 
669 0.360248 
670 0.370952 
671 0.339732 
672 0.375293 
673 0.354153 
674 0.411844 
675 0.407077 
676 0.397360 
677 0.395732 
678 0.369275 
679 0.339186 
680 0.357663 
681 0.394562 
682 0.378449 
683 0.444151 
684 0.405803 
685 0.417660 
686 0.434760 
687 0.353568 
688 0.386716 
689 0.341366 
690 0.372907 
691 0.406541 
692 0.393415 
693 0.479206 
694 0.422887 
695 0.456736 
696 0.381620 
697 0.382407 
698 0.347376 
699 0.366443 
700 0.402955 
701 0.441506 
702 0.438873 
703 0.457920 
704 0.394775 
705 0.431376 
706 0.362677 
707 0.444758 
708 0.361862 
709 0.426076 
710 0.350342 
711 0.406916 
712 0.417441 
713 0.423748 
714 0.480504 
715 0.430367 
716 0.469564 
717 0.389596 
718 0.387220 
719 0.357411 
720 0.402726 
721 0.385494 
722 0.470866 
723 0.432207 
724 0.511730 
725 0.434694 
726 0.419541 
727 0.383328 
728 0.416783 
729 0.385723 
730 0.461506 
731 0.438410 
732 0.465865 
733 0.464906 
734 0.404867 
735 0.439074 
736 0.352600 
737 0.411926 
738 0.373236 
739 0.419047 
740 0.429076 
741 0.473735 
742 0.421020 
743 0.465118 
744 0.399120 
745 0.424335 
746 0.378477 
747 0.418676 
748 0.402911 
749 0.456975 
750 0.428320 
751 0.408493 
752 0.426368 
753 0.376581 
754 0.481424 
755 0.408953 
756 0.491891 
757 0.431450 
758 0.438561 
759 0.340924 
760 0.400938 
761 0.364065 
762 0.446362 
763 0.400312 
764 0.496144 
765 0.414787 
766 0.535637 
767 0.343060 
768 0.430639 
769 0.332739 
770 0.407225 
771 0.398708 
772 0.449421 
773 0.507241 
774 0.476730 
775 0.443252 
776 0.377770 
777 0.393964 
778 0.343661 
779 0.378123 
780 0.410657 
781 0.399565 
782 0.417378 
783 0.445570 
784 0.416284 
785 0.509477 
786 0.383420 
787 0.480648 
788 0.358680 
789 0.417687 
790 0.390421 
791 0.366288 
792 0.424838 
793 0.429121 
794 0.404144 
795 0.474208 
796 0.412030 
797 0.505728 
798 0.381108 
799 0.434470 
800 0.366792 
801 0.402346 
802 0.417058 
803 0.428225 
804 0.511631 
805 0.464706 
806 0.463555 
807 0.370264 
808 0.364974 
809 0.344114 
810 0.373116 
811 0.436181 
812 0.495559 
813 0.508377 
814 0.528412 
815 0.452845 
816 0.504147 
817 0.341899 
818 0.442346 
819 0.351880 
820 0.451632 
821 0.499115 
822 0.494659 
823 0.555573 
824 0.477311 
825 0.447793 
826 0.458718 
827 0.383566 
828 0.500931 
829 0.401507 
830 0.528622 
831 0.441355 
832 0.573767 
833 0.431499 
834 0.580888 
835 0.443617 
836 0.543079 
837 0.436873 
838 0.520131 
839 0.454777 
840 0.538981 
841 0.452326 
842 0.542720 
843 0.453293 
844 0.553082 
845 0.511243 
846 0.559655 
847 0.574106 
848 0.496236 
849 0.550844 
850 0.443047 
851 0.556855 
852 0.502530 
853 0.566756 
854 0.574381 
855 0.593226 
856 0.596978 
857 0.584414 
858 0.528385 
859 0.554760 
860 0.542195 
861 0.606186 
862 0.611799 
863 0.649234 
864 0.647886 
865 0.579265 
866 0.608076 
867 0.529828 
868 0.603555 
869 0.554762 
870 0.595061 
871 0.606053 
872 0.611378 
873 0.684260 
874 0.645913 
875 0.646353 
876 0.664266 
877 0.596423 
878 0.677436 
879 0.624799 
880 0.677021 
881 0.690928 
882 0.675443 
883 0.687385 
884 0.654306 
885 0.664775 
886 0.635507 
887 0.677475 
888 0.658059 
889 0.725113 
890 0.669300 
891 0.722612 
892 0.721430 
893 0.738305 
894 0.746177 
895 0.771367 
896 0.685186 
897 0.712057 
898 0.614980 
899 0.701498 
900 0.715745 
901 0.747032 
902 0.770181 
903 0.794908 
904 0.783789 
905 0.799267 
906 0.746043 
907 0.755549 
908 0.756915 
909 0.687151 
910 0.774717 
911 0.732616 
912 0.846164 
913 0.759527 
914 0.816255 
915 0.759605 
916 0.743156 
917 0.651011 
918 0.645584 
919 0.671699 
920 0.777697 
921 0.825770 
922 0.942328 
923 0.971394 
924 1.000077 
925 0.908013 
926 0.722572 
927 0.693169 
928 0.524442 
929 0.572398 
930 0.561618 
931 0.760361 
932 0.757340 
933 0.959260 
934 0.815229 
935 0.997625 
936 0.764924 
937 0.889618 
938 0.677869 
939 0.821365 
940 0.648426 
941 0.924231 
942 0.709286 
943 0.920883 
944 0.729261 
945 0.810321 
946 0.725730 
947 0.727141 
948 0.726331 
949 0.751493 
950 0.766829 
951 0.786172 
952 0.799625 
953 0.800868 
954 0.841374 
955 0.736926 
956 0.744973 
957 0.687749 
958 0.734796 
959 0.724218 
960 0.765286 
961 0.760860 
962 0.745435 
963 0.775690 
964 0.662576 
965 0.727684 
966 0.654894 
967 0.759957 
968 0.667284 
969 0.804972 
970 0.657655 
971 0.807077 
972 0.599500 
973 0.714941 
974 0.599217 
975 0.697919 
976 0.610527 
977 0.731878 
978 0.593341 
979 0.781820 
980 0.557258 
981 0.754490 
982 0.576205 
983 0.752196 
984 0.578801 
985 0.717766 
986 0.497400 
987 0.689470 
988 0.454419 
989 0.683547 
990 0.522424 
991 0.776559 
992 0.558043 
993 0.719974 
994 0.524770 
995 0.631613 
996 0.449585 
997 0.564550 
998 0.487571 
999 0.568960 
1000 0.562676 
1001 0.567876 
1002 0.570286 
1003 0.550164 
1004 0.555730 
1005 0.459801 
1006 0.517250 
1007 0.453423 
1008 0.528840 
1009 0.459527 
1010 0.582745 
1011 0.495783 
1012 0.573391 
1013 0.437913 
1014 0.502637 
1015 0.404649 
1016 0.426826 
1017 0.408815 
1018 0.463378 
1019 0.442751 
1020 0.528969 
1021 0.419395 
1022 0.526455 
1023 0.371892 
