0 0.054540 
1 0.085061 
2 -0.021213 
3 0.036800 
4 0.002214 
5 0.011196 
6 0.015721 
7 0.041158 
8 0.077264 
9 -0.041035 
10 0.062364 
11 -0.028965 
12 0.041416 
13 -0.013131 
14 0.095570 
15 0.000733 
16 -0.037697 
17 0.024914 
18 -0.042729 
19 0.020278 
20 -0.041861 
21 0.122689 
22 -0.055174 
23 0.032881 
24 -0.020508 
25 0.019150 
26 -0.044298 
27 0.049250 
28 0.009509 
29 0.030386 
30 -0.070799 
31 0.058416 
32 -0.155470 
33 0.087379 
34 -0.114633 
35 0.139460 
36 -0.103095 
37 0.112654 
38 -0.068693 
39 0.013954 
40 -0.023713 
41 -0.003301 
42 -0.017777 
43 0.009230 
44 -0.025266 
45 -0.014311 
46 -0.090944 
47 0.042545 
48 -0.149512 
49 -0.009694 
50 -0.103095 
51 0.012503 
52 -0.070079 
53 0.053623 
54 0.099925 
55 0.026125 
56 0.028925 
57 0.037077 
58 -0.098347 
59 -0.141685 
60 -0.233444 
61 -0.035369 
62 -0.223676 
63 0.083094 
64 0.010421 
65 0.116786 
66 -0.042199 
67 0.020105 
68 -0.023119 
69 -0.122515 
70 -0.018141 
71 -0.059672 
72 -0.014891 
73 -0.086009 
74 0.022111 
75 -0.083106 
76 -0.037449 
77 -0.067880 
78 -0.004044 
79 -0.075903 
80 -0.001452 
81 -0.074419 
82 -0.029089 
83 -0.098647 
84 -0.014392 
85 -0.090263 
86 0.000578 
87 -0.034357 
88 -0.008050 
89 -0.075955 
90 -0.008300 
91 -0.095403 
92 -0.065282 
93 -0.059590 
94 0.009292 
95 -0.061286 
96 -0.024813 
97 -0.023492 
98 -0.071903 
99 -0.109890 
100 -0.017542 
101 -0.074851 
102 -0.013299 
103 -0.096146 
104 0.079459 
105 -0.154220 
106 0.000788 
107 -0.087785 
108 0.019751 
109 -0.106428 
110 0.027403 
111 -0.039621 
112 -0.059619 
113 -0.062523 
114 -0.037856 
115 -0.055850 
116 -0.052569 
117 0.001464 
118 -0.002246 
119 -0.116183 
120 0.022327 
121 -0.124164 
122 0.029106 
123 -0.114582 
124 0.101538 
125 -0.100365 
126 0.005855 
127 -0.115288 
128 -0.025581 
129 -0.098077 
130 0.000087 
131 -0.043062 
132 0.011622 
133 -0.026936 
134 -0.026048 
135 -0.064334 
136 -0.062998 
137 -0.024965 
138 -0.033491 
139 0.001235 
140 0.037231 
141 -0.033291 
142 -0.020209 
143 -0.052743 
144 0.014498 
145 -0.088822 
146 0.036607 
147 -0.043823 
148 0.000780 
149 -0.089675 
150 0.008517 
151 -0.019549 
152 -0.058113 
153 0.012183 
154 0.012883 
155 -0.019888 
156 -0.042666 
157 -0.012616 
158 -0.007030 
159 -0.041153 
160 0.009226 
161 0.053158 
162 -0.082321 
163 0.029801 
164 -0.095573 
165 0.020846 
166 -0.100773 
167 0.051349 
168 0.036376 
169 -0.005207 
170 0.037387 
171 -0.023528 
172 -0.001638 
173 -0.063770 
174 -0.020616 
175 0.019695 
176 -0.047424 
177 0.057862 
178 -0.077155 
179 0.070641 
180 -0.073087 
181 0.040181 
182 -0.038445 
183 0.006316 
184 0.017503 
185 -0.054209 
186 0.038582 
187 -0.054319 
188 0.051491 
189 -0.005964 
190 0.055315 
191 0.024655 
192 -0.029091 
193 0.029819 
194 -0.083731 
195 0.022497 
196 -0.062245 
197 0.093154 
198 -0.007397 
199 0.035779 
200 0.035065 
201 -0.029318 
202 0.016751 
203 -0.084765 
204 0.088772 
205 -0.044595 
206 0.036854 
207 0.020590 
208 -0.024493 
209 0.032385 
210 -0.062362 
211 0.119090 
212 -0.046913 
213 0.062761 
214 0.015450 
215 -0.003938 
216 -0.010509 
217 -0.057480 
218 0.073831 
219 -0.023263 
220 0.065312 
221 0.038366 
222 0.030199 
223 0.004076 
224 -0.033032 
225 0.023161 
226 -0.014049 
227 0.019177 
228 0.033090 
229 -0.015803 
230 0.038036 
231 -0.036677 
232 0.053898 
233 0.001505 
234 0.039147 
235 0.032254 
236 -0.014566 
237 0.031448 
238 -0.050999 
239 0.040491 
240 0.019202 
241 0.042259 
242 0.038128 
243 0.014544 
244 0.038922 
245 -0.033169 
246 -0.004754 
247 0.017539 
248 0.019940 
249 0.034677 
250 0.026151 
251 0.040593 
252 -0.006889 
253 -0.033170 
254 0.046885 
255 -0.037418 
256 0.061052 
257 -0.024121 
258 0.096345 
259 -0.050876 
260 0.033395 
261 0.028116 
262 -0.003426 
263 0.015440 
264 0.002680 
265 0.051619 
266 -0.017526 
267 -0.015833 
268 0.065841 
269 -0.045310 
270 0.081375 
271 -0.015941 
272 0.104763 
273 -0.054624 
274 0.043096 
275 -0.002099 
276 -0.016041 
277 0.017767 
278 0.023081 
279 0.025119 
280 0.013920 
281 -0.035166 
282 0.049986 
283 -0.081698 
284 0.078162 
285 -0.037178 
286 0.100512 
287 0.019491 
288 0.014906 
289 0.019672 
290 -0.054549 
291 0.054055 
292 -0.061411 
293 0.100284 
294 0.003800 
295 0.068006 
296 -0.043915 
297 0.040299 
298 -0.040112 
299 0.010455 
300 -0.010150 
301 0.072647 
302 -0.016276 
303 0.038955 
304 -0.002962 
305 0.037957 
306 -0.044058 
307 0.050704 
308 0.003137 
309 0.029714 
310 -0.047930 
311 0.072226 
312 -0.086703 
313 0.085213 
314 -0.059098 
315 0.157621 
316 -0.086651 
317 0.087582 
318 -0.052953 
319 0.013839 
320 -0.040824 
321 0.031378 
322 0.051212 
323 0.020121 
324 0.038504 
325 0.040274 
326 -0.026327 
327 0.016014 
328 -0.037940 
329 0.048473 
330 -0.008864 
331 0.047425 
332 -0.004897 
333 0.006291 
334 -0.010783 
335 -0.026706 
336 0.029112 
337 -0.007286 
338 0.063346 
339 -0.042069 
340 0.060288 
341 -0.043357 
342 0.017589 
343 -0.026446 
344 0.054169 
345 0.014842 
346 0.012431 
347 0.044271 
348 -0.003614 
349 -0.013732 
350 -0.016543 
351 0.015163 
352 0.023724 
353 -0.020066 
354 0.085512 
355 -0.046261 
356 0.035315 
357 -0.059289 
358 0.065844 
359 -0.049860 
360 0.025989 
361 0.028268 
362 -0.011952 
363 -0.007625 
364 -0.004569 
365 0.020449 
366 0.004255 
367 -0.000168 
368 0.041946 
369 -0.011341 
370 -0.038526 
371 0.026956 
372 -0.044979 
373 0.075038 
374 -0.048132 
375 0.127774 
376 -0.047714 
377 0.052727 
378 -0.041663 
379 0.009226 
380 0.012011 
381 -0.020931 
382 0.070365 
383 -0.029260 
384 0.047399 
385 -0.064209 
386 0.019092 
387 -0.022634 
388 0.008631 
389 0.010089 
390 0.013245 
391 0.035073 
392 -0.042329 
393 0.013376 
394 -0.025170 
395 0.029239 
396 -0.033742 
397 0.072321 
398 -0.017479 
399 0.004031 
400 -0.011325 
401 0.007469 
402 0.031478 
403 -0.048736 
404 0.116358 
405 -0.056201 
406 0.053944 
407 -0.057399 
408 0.068155 
409 -0.038198 
410 0.028513 
411 0.022334 
412 0.010636 
413 -0.017456 
414 -0.023211 
415 -0.010318 
416 -0.012174 
417 -0.007818 
418 0.056712 
419 0.004879 
420 0.048418 
421 -0.022506 
422 0.020329 
423 -0.037692 
424 0.001957 
425 0.002467 
426 0.021842 
427 0.018124 
428 0.009789 
429 0.010139 
430 0.027805 
431 -0.023324 
432 0.038903 
433 -0.036194 
434 0.049104 
435 -0.042005 
436 0.043282 
437 -0.011772 
438 0.016670 
439 0.007495 
440 -0.007785 
441 0.033226 
442 -0.046730 
443 0.024560 
444 -0.023526 
445 -0.002900 
446 -0.005115 
447 0.014359 
448 0.056410 
449 -0.041478 
450 0.040325 
451 -0.010829 
452 -0.005059 
453 -0.012373 
454 0.002883 
455 0.067994 
456 -0.051516 
457 0.077622 
458 -0.052098 
459 0.046028 
460 -0.081892 
461 0.063747 
462 -0.022287 
463 0.042473 
464 -0.010717 
465 0.031094 
466 -0.035465 
467 -0.026815 
468 -0.009764 
469 0.019158 
470 -0.000410 
471 0.020909 
472 0.003400 
473 0.023462 
474 -0.055976 
475 0.030174 
476 -0.016930 
477 0.054726 
478 -0.007711 
479 0.055801 
480 -0.001474 
481 -0.009933 
482 -0.008664 
483 -0.001567 
484 0.001211 
485 0.001600 
486 0.002376 
487 0.015723 
488 -0.035221 
489 0.019131 
490 0.001891 
491 0.028834 
492 0.014470 
493 -0.016236 
494 0.044222 
495 -0.066317 
496 0.038987 
497 -0.064080 
498 0.087243 
499 -0.050950 
500 0.058779 
501 -0.013952 
502 0.014951 
503 -0.016120 
504 -0.019262 
505 0.033176 
506 -0.020835 
507 0.042230 
508 0.016129 
509 0.011428 
510 0.001567 
511 -0.027943 
512 0.046592 
513 -0.080286 
514 0.065588 
515 -0.066164 
516 0.080807 
517 -0.100611 
518 0.068740 
519 -0.057871 
520 0.037832 
521 -0.032652 
522 0.048616 
523 0.014004 
524 -0.013157 
525 0.021388 
526 -0.009780 
527 0.002177 
528 -0.018750 
529 0.039095 
530 -0.013599 
531 0.005707 
532 -0.018157 
533 0.013900 
534 -0.006451 
535 -0.014973 
536 0.052535 
537 -0.024167 
538 0.063714 
539 -0.098184 
540 0.058774 
541 -0.084533 
542 0.037279 
543 -0.038118 
544 0.048378 
545 0.028701 
546 -0.033538 
547 0.028758 
548 -0.067133 
549 0.024470 
550 -0.065547 
551 0.050328 
552 -0.008040 
553 0.012665 
554 0.013941 
555 -0.014728 
556 0.014332 
557 -0.054881 
558 0.053474 
559 -0.031413 
560 0.033806 
561 -0.054656 
562 0.066572 
563 -0.077515 
564 0.045287 
565 -0.050145 
566 0.070412 
567 -0.066929 
568 0.011803 
569 -0.006175 
570 -0.049973 
571 0.003148 
572 -0.032387 
573 0.046657 
574 -0.061213 
575 0.036101 
576 -0.022621 
577 -0.012627 
578 -0.013023 
579 -0.005169 
580 0.039991 
581 -0.040175 
582 0.054255 
583 -0.062994 
584 0.042984 
585 -0.078554 
586 0.045020 
587 -0.029992 
588 0.031102 
589 -0.004214 
590 -0.027192 
591 0.028020 
592 -0.082815 
593 0.047463 
594 -0.055593 
595 0.056103 
596 -0.060500 
597 0.031004 
598 -0.029912 
599 -0.038014 
600 -0.006745 
601 -0.038566 
602 0.027244 
603 -0.039131 
604 0.004872 
605 0.015375 
606 -0.041342 
607 0.006005 
608 -0.061744 
609 0.049599 
610 -0.075380 
611 0.044195 
612 -0.034963 
613 0.046076 
614 -0.075643 
615 0.053262 
616 -0.059326 
617 0.025917 
618 -0.085954 
619 0.055264 
620 -0.083827 
621 0.006722 
622 -0.043346 
623 0.027281 
624 -0.051571 
625 0.026558 
626 -0.038528 
627 0.028218 
628 -0.078719 
629 0.018343 
630 -0.065202 
631 0.013192 
632 -0.043729 
633 0.007813 
634 -0.003981 
635 -0.043272 
636 -0.012985 
637 -0.015953 
638 -0.009285 
639 -0.001091 
640 -0.006497 
641 0.049667 
642 -0.087109 
643 0.030083 
644 -0.061227 
645 -0.002878 
646 -0.029932 
647 -0.011281 
648 0.034281 
649 -0.086097 
650 0.044604 
651 -0.114024 
652 0.045925 
653 -0.094549 
654 0.040786 
655 -0.042255 
656 0.004420 
657 -0.028361 
658 -0.033965 
659 0.023540 
660 -0.045700 
661 0.012166 
662 -0.024263 
663 0.007868 
664 -0.048655 
665 -0.044018 
666 0.028949 
667 -0.080771 
668 0.045183 
669 -0.065917 
670 0.081022 
671 -0.098640 
672 0.054473 
673 -0.065078 
674 0.009745 
675 -0.057999 
676 0.012496 
677 -0.016660 
678 -0.042749 
679 -0.003093 
680 -0.022287 
681 -0.008897 
682 -0.064129 
683 0.047494 
684 -0.051784 
685 0.023759 
686 -0.069940 
687 0.059398 
688 -0.070170 
689 -0.008265 
690 0.004498 
691 -0.016726 
692 0.027643 
693 -0.041488 
694 0.064810 
695 -0.097682 
696 0.036037 
697 -0.047835 
698 -0.001076 
699 -0.020075 
700 -0.007543 
701 -0.005985 
702 -0.060130 
703 0.021635 
704 -0.071574 
705 0.054914 
706 -0.053886 
707 0.085121 
708 -0.098772 
709 0.069113 
710 -0.090003 
711 0.000096 
712 -0.027080 
713 0.009435 
714 0.049423 
715 -0.076694 
716 0.112675 
717 -0.141098 
718 0.075395 
719 -0.105459 
720 0.075911 
721 -0.048632 
722 -0.016864 
723 0.058209 
724 -0.104826 
725 0.035196 
726 -0.092334 
727 0.086803 
728 -0.077079 
729 0.031383 
730 0.029220 
731 -0.034470 
732 -0.019253 
733 -0.033612 
734 0.026373 
735 -0.062170 
736 0.022247 
737 0.005168 
738 -0.028450 
739 -0.023313 
740 0.017790 
741 -0.014714 
742 -0.007928 
743 0.013971 
744 0.007381 
745 -0.035001 
746 0.001199 
747 -0.010285 
748 -0.020621 
749 0.018973 
750 0.005177 
751 -0.016512 
752 -0.010921 
753 -0.015602 
754 -0.041911 
755 -0.055098 
756 0.028721 
757 -0.025317 
758 0.009543 
759 -0.010325 
760 0.029547 
761 -0.060132 
762 0.019440 
763 -0.002544 
764 0.015611 
765 -0.009347 
766 -0.002317 
767 -0.001872 
768 -0.103822 
769 0.031058 
770 -0.073283 
771 0.043110 
772 -0.076971 
773 0.097028 
774 -0.039939 
775 -0.004807 
776 -0.009325 
777 -0.020687 
778 -0.024596 
779 -0.071915 
780 0.060223 
781 -0.084751 
782 -0.017704 
783 -0.024061 
784 -0.020102 
785 -0.039081 
786 -0.035737 
787 0.080032 
788 -0.104425 
789 0.050687 
790 -0.054887 
791 0.006765 
792 -0.072027 
793 0.002958 
794 -0.009867 
795 -0.037941 
796 0.046700 
797 -0.047409 
798 -0.013033 
799 -0.051811 
800 -0.026417 
801 -0.068028 
802 -0.007024 
803 -0.002603 
804 -0.032824 
805 -0.029256 
806 -0.009114 
807 -0.063562 
808 -0.041936 
809 -0.011066 
810 -0.011857 
811 -0.054009 
812 -0.022430 
813 -0.020466 
814 -0.042794 
815 -0.067667 
816 0.036504 
817 -0.064806 
818 0.022158 
819 -0.119425 
820 0.077309 
821 -0.149182 
822 0.031126 
823 -0.062856 
824 0.021006 
825 -0.068175 
826 -0.038716 
827 -0.019621 
828 -0.089818 
829 -0.049859 
830 0.037102 
831 -0.080310 
832 0.039007 
833 -0.105405 
834 0.047633 
835 -0.179226 
836 0.033665 
837 -0.090309 
838 -0.010618 
839 -0.023550 
840 -0.025816 
841 -0.023843 
842 -0.066805 
843 -0.025336 
844 -0.051850 
845 -0.042697 
846 0.023970 
847 -0.081939 
848 0.026604 
849 -0.093342 
850 0.018499 
851 -0.120885 
852 0.045741 
853 -0.088627 
854 0.012105 
855 -0.067981 
856 0.022808 
857 -0.082133 
858 -0.042447 
859 -0.029724 
860 -0.052494 
861 -0.019619 
862 -0.049326 
863 0.002524 
864 -0.060702 
865 -0.057220 
866 -0.021593 
867 -0.060372 
868 -0.001989 
869 -0.067436 
870 0.056112 
871 -0.101837 
872 -0.000269 
873 -0.052129 
874 -0.003144 
875 -0.044577 
876 -0.031827 
877 0.025295 
878 -0.091939 
879 -0.011440 
880 -0.056567 
881 0.025399 
882 -0.065329 
883 0.048935 
884 -0.045157 
885 0.002409 
886 -0.094998 
887 -0.037865 
888 -0.080320 
889 -0.011881 
890 -0.004623 
891 0.011349 
892 0.021656 
893 -0.029059 
894 -0.030381 
895 -0.030104 
896 -0.026466 
897 -0.008404 
898 0.019262 
899 0.024201 
900 -0.004843 
901 -0.015221 
902 -0.018178 
903 -0.006963 
904 -0.034113 
905 0.039166 
906 -0.013508 
907 0.051003 
908 -0.044559 
909 0.029576 
910 -0.023863 
911 0.019543 
912 0.012776 
913 -0.011409 
914 0.025159 
915 -0.050257 
916 0.019318 
917 -0.017173 
918 -0.000953 
919 0.057044 
920 -0.003771 
921 0.096617 
922 -0.070203 
923 0.098057 
924 -0.069321 
925 0.053949 
926 -0.021575 
927 0.090821 
928 0.036311 
929 0.019350 
930 0.044204 
931 0.005831 
932 0.028787 
933 0.001707 
934 0.086585 
935 0.037493 
936 0.062925 
937 -0.012203 
938 0.076187 
939 -0.030840 
940 0.018827 
941 0.040454 
942 0.046678 
943 0.050452 
944 0.009478 
945 0.107304 
946 -0.004853 
947 0.052508 
948 0.054622 
949 0.062228 
950 0.053125 
951 0.044802 
952 0.061283 
953 0.006897 
954 0.041535 
955 0.045928 
956 0.045447 
957 0.076349 
958 0.054108 
959 0.055571 
960 0.022435 
961 0.057862 
962 0.039456 
963 0.052896 
964 0.091397 
965 0.040450 
966 0.064896 
967 0.029155 
968 0.059710 
969 -0.003499 
970 0.094978 
971 0.048072 
972 0.097733 
973 0.012026 
974 0.092585 
975 -0.002946 
976 0.058050 
977 0.061174 
978 0.098326 
979 0.094090 
980 0.065879 
981 0.098774 
982 0.000323 
983 0.066077 
984 0.009596 
985 0.156475 
986 -0.024321 
987 0.199813 
988 -0.026937 
989 0.132680 
990 -0.107398 
991 0.119113 
992 0.004725 
993 0.036950 
994 0.118342 
995 0.049913 
996 0.138283 
997 -0.056732 
998 0.180305 
999 -0.054379 
1000 0.125249 
1001 -0.002938 
1002 0.111337 
1003 -0.008303 
1004 0.047263 
1005 0.058395 
1006 0.020460 
1007 0.088244 
1008 0.047210 
1009 0.073898 
1010 0.024599 
1011 0.056150 
1012 0.020306 
1013 0.039273 
1014 0.057269 
1015 0.042024 
1016 0.031963 
1017 0.051217 
1018 0.027795 
1019 -0.011329 
1020 0.022249 
1021 0.054774 
1022 0.030228 
1023 0.069103 
