0 0.000210 
1 0.000237 
2 0.000070 
3 -0.000273 
4 -0.000504 
5 -0.000439 
6 -0.000243 
7 -0.000064 
8 0.000187 
9 0.000502 
10 0.000680 
11 0.000692 
12 0.000620 
13 0.000418 
14 0.000056 
15 -0.000374 
16 -0.000650 
17 -0.000678 
18 -0.000578 
19 -0.000436 
20 -0.000261 
21 -0.000137 
22 -0.000075 
23 -0.000061 
24 -0.000071 
25 -0.000053 
26 -0.000050 
27 -0.000021 
28 0.000134 
29 0.000344 
30 0.000497 
31 0.000558 
32 0.000579 
33 0.000519 
34 0.000330 
35 0.000096 
36 -0.000039 
37 -0.000100 
38 -0.000156 
39 -0.000076 
40 0.000173 
41 0.000351 
42 0.000317 
43 0.000201 
44 0.000091 
45 0.000006 
46 0.000004 
47 0.000143 
48 0.000316 
49 0.000359 
50 0.000179 
51 -0.000029 
52 -0.000097 
53 -0.000148 
54 -0.000264 
55 -0.000428 
56 -0.000590 
57 -0.000657 
58 -0.000494 
59 -0.000069 
60 0.000438 
61 0.000830 
62 0.000959 
63 0.000866 
64 0.000596 
65 0.000315 
66 0.000087 
67 -0.000176 
68 -0.000449 
69 -0.000600 
70 -0.000584 
71 -0.000379 
72 0.000008 
73 0.000442 
74 0.000732 
75 0.000855 
76 0.000837 
77 0.000711 
78 0.000540 
79 0.000421 
80 0.000398 
81 0.000428 
82 0.000395 
83 0.000342 
84 0.000390 
85 0.000548 
86 0.000711 
87 0.000914 
88 0.001164 
89 0.001247 
90 0.000991 
91 0.000581 
92 0.000248 
93 -0.000051 
94 -0.000352 
95 -0.000562 
96 -0.000605 
97 -0.000438 
98 0.000091 
99 0.000991 
100 0.001956 
101 0.002566 
102 0.002579 
103 0.001995 
104 0.001046 
105 0.000048 
106 -0.000655 
107 -0.000878 
108 -0.000773 
109 -0.000516 
110 0.000002 
111 0.000759 
112 0.001469 
113 0.001832 
114 0.001769 
115 0.001282 
116 0.000421 
117 -0.000556 
118 -0.001288 
119 -0.001742 
120 -0.001976 
121 -0.001972 
122 -0.001662 
123 -0.000986 
124 -0.000078 
125 0.000853 
126 0.001489 
127 0.001580 
128 0.001101 
129 0.000347 
130 -0.000355 
131 -0.000840 
132 -0.001193 
133 -0.001304 
134 -0.001026 
135 -0.000513 
136 0.000027 
137 0.000587 
138 0.000931 
139 0.000818 
140 0.000350 
141 -0.000064 
142 -0.000357 
143 -0.000565 
144 -0.000677 
145 -0.000659 
146 -0.000626 
147 -0.000694 
148 -0.000542 
149 0.000127 
150 0.000754 
151 0.000853 
152 0.000812 
153 0.000958 
154 0.000944 
155 0.000327 
156 -0.000685 
157 -0.001591 
158 -0.002276 
159 -0.002781 
160 -0.002746 
161 -0.001777 
162 -0.000622 
163 -0.000191 
164 -0.000133 
165 0.000015 
166 -0.000069 
167 -0.000539 
168 -0.001068 
169 -0.001440 
170 -0.001806 
171 -0.002232 
172 -0.002334 
173 -0.002096 
174 -0.001893 
175 -0.001684 
176 -0.001192 
177 -0.000408 
178 0.000467 
179 0.001014 
180 0.001248 
181 0.001163 
182 0.000626 
183 -0.000426 
184 -0.001519 
185 -0.002292 
186 -0.002695 
187 -0.002574 
188 -0.001818 
189 -0.001046 
190 -0.000990 
191 -0.001137 
192 -0.000846 
193 -0.000510 
194 -0.000656 
195 -0.000869 
196 -0.000595 
197 -0.000315 
198 -0.000297 
199 -0.000094 
200 0.000753 
201 0.001306 
202 0.000758 
203 -0.000471 
204 -0.001292 
205 -0.001457 
206 -0.001516 
207 -0.001731 
208 -0.001656 
209 -0.001249 
210 -0.001187 
211 -0.001614 
212 -0.002061 
213 -0.002213 
214 -0.002407 
215 -0.002704 
216 -0.002162 
217 -0.000977 
218 0.000437 
219 0.001485 
220 0.001524 
221 0.000645 
222 -0.000849 
223 -0.002327 
224 -0.003431 
225 -0.003772 
226 -0.003431 
227 -0.002605 
228 -0.001207 
229 0.000595 
230 0.002360 
231 0.003665 
232 0.003917 
233 0.002849 
234 0.000982 
235 -0.000786 
236 -0.001915 
237 -0.002611 
238 -0.002762 
239 -0.002121 
240 -0.000638 
241 0.000832 
242 0.001554 
243 0.002061 
244 0.002599 
245 0.002494 
246 0.001615 
247 0.000966 
248 0.000658 
249 -0.000327 
250 -0.002087 
251 -0.003141 
252 -0.002753 
253 -0.001893 
254 -0.001438 
255 -0.000620 
256 0.000615 
257 0.001095 
258 0.000785 
259 0.000948 
260 0.001367 
261 0.000687 
262 -0.000726 
263 -0.001272 
264 -0.001098 
265 -0.001443 
266 -0.001820 
267 -0.001417 
268 -0.000904 
269 -0.000407 
270 0.000715 
271 0.002196 
272 0.002788 
273 0.002183 
274 0.001272 
275 0.000741 
276 0.000542 
277 0.000907 
278 0.001772 
279 0.002532 
280 0.002667 
281 0.002483 
282 0.002335 
283 0.001987 
284 0.000500 
285 -0.001635 
286 -0.003017 
287 -0.003128 
288 -0.002234 
289 -0.001141 
290 -0.000244 
291 -0.000110 
292 -0.000566 
293 -0.001307 
294 -0.002079 
295 -0.003043 
296 -0.004590 
297 -0.006097 
298 -0.006260 
299 -0.004479 
300 -0.001131 
301 0.002305 
302 0.004032 
303 0.003224 
304 0.000534 
305 -0.002660 
306 -0.005031 
307 -0.006098 
308 -0.006363 
309 -0.006385 
310 -0.005890 
311 -0.004159 
312 -0.000907 
313 0.002286 
314 0.003451 
315 0.002347 
316 0.000051 
317 -0.002401 
318 -0.004462 
319 -0.005051 
320 -0.003937 
321 -0.002122 
322 -0.001202 
323 -0.000976 
324 0.000091 
325 0.001901 
326 0.002687 
327 0.001357 
328 -0.000841 
329 -0.002181 
330 -0.002165 
331 -0.001302 
332 0.000106 
333 0.001493 
334 0.001839 
335 0.000957 
336 0.000222 
337 0.000744 
338 0.001170 
339 0.000363 
340 -0.000787 
341 -0.001058 
342 -0.001202 
343 -0.001331 
344 -0.000910 
345 -0.000183 
346 -0.000718 
347 -0.002550 
348 -0.003563 
349 -0.002614 
350 -0.001563 
351 -0.001244 
352 -0.000659 
353 0.000629 
354 0.001992 
355 0.002898 
356 0.003302 
357 0.002256 
358 -0.000161 
359 -0.003003 
360 -0.004673 
361 -0.004799 
362 -0.004297 
363 -0.003643 
364 -0.002345 
365 -0.000392 
366 0.001706 
367 0.003707 
368 0.004989 
369 0.004799 
370 0.003185 
371 0.001600 
372 0.000731 
373 0.000284 
374 -0.000028 
375 -0.000119 
376 0.000581 
377 0.001767 
378 0.003163 
379 0.004786 
380 0.005925 
381 0.004998 
382 0.002432 
383 -0.000028 
384 -0.001906 
385 -0.003108 
386 -0.003970 
387 -0.003571 
388 -0.002271 
389 -0.000760 
390 0.001032 
391 0.002929 
392 0.003832 
393 0.002844 
394 0.000522 
395 -0.001466 
396 -0.002146 
397 -0.002576 
398 -0.003068 
399 -0.003505 
400 -0.003497 
401 -0.002546 
402 -0.000673 
403 0.001787 
404 0.003833 
405 0.004956 
406 0.005516 
407 0.006742 
408 0.007893 
409 0.007364 
410 0.004383 
411 0.000277 
412 -0.002956 
413 -0.004497 
414 -0.003625 
415 -0.000825 
416 0.002485 
417 0.004667 
418 0.005658 
419 0.007060 
420 0.008608 
421 0.009429 
422 0.009128 
423 0.007850 
424 0.005931 
425 0.003960 
426 0.002184 
427 -0.000325 
428 -0.003578 
429 -0.006588 
430 -0.007337 
431 -0.005531 
432 -0.001358 
433 0.002723 
434 0.005138 
435 0.005901 
436 0.005316 
437 0.003001 
438 -0.000360 
439 -0.003270 
440 -0.005476 
441 -0.007488 
442 -0.008916 
443 -0.008379 
444 -0.004728 
445 0.000030 
446 0.003279 
447 0.004497 
448 0.004979 
449 0.005303 
450 0.005145 
451 0.004494 
452 0.004121 
453 0.003325 
454 0.000996 
455 -0.001535 
456 -0.002367 
457 -0.000554 
458 0.001897 
459 0.004258 
460 0.006785 
461 0.008307 
462 0.007454 
463 0.005236 
464 0.003612 
465 0.001886 
466 -0.000747 
467 -0.002893 
468 -0.002811 
469 -0.000983 
470 0.000880 
471 0.002139 
472 0.003323 
473 0.003537 
474 0.002479 
475 0.001345 
476 0.000787 
477 -0.000461 
478 -0.002486 
479 -0.004196 
480 -0.005515 
481 -0.005928 
482 -0.004778 
483 -0.003205 
484 -0.002681 
485 -0.003325 
486 -0.003245 
487 -0.001958 
488 -0.000845 
489 -0.000322 
490 0.001235 
491 0.003653 
492 0.004659 
493 0.004348 
494 0.003933 
495 0.003154 
496 0.000914 
497 -0.001759 
498 -0.002567 
499 -0.001531 
500 0.000429 
501 0.003275 
502 0.006202 
503 0.007607 
504 0.007770 
505 0.008180 
506 0.007669 
507 0.004922 
508 0.001767 
509 0.000760 
510 0.001399 
511 0.001942 
512 0.002656 
513 0.003042 
514 0.001072 
515 -0.003157 
516 -0.006078 
517 -0.005329 
518 -0.002941 
519 -0.000760 
520 0.002286 
521 0.006170 
522 0.008352 
523 0.008508 
524 0.007659 
525 0.005238 
526 0.000916 
527 -0.004250 
528 -0.007589 
529 -0.008001 
530 -0.006875 
531 -0.005233 
532 -0.003155 
533 -0.001693 
534 -0.000966 
535 -0.000754 
536 -0.000788 
537 -0.000529 
538 -0.000491 
539 -0.000133 
540 0.001659 
541 0.003978 
542 0.005644 
543 0.006316 
544 0.006496 
545 0.005652 
546 0.003376 
547 0.000775 
548 -0.000609 
549 -0.001233 
550 -0.001788 
551 -0.000799 
552 0.001905 
553 0.003700 
554 0.003299 
555 0.002099 
556 0.000906 
557 -0.000092 
558 -0.000209 
559 0.001173 
560 0.002892 
561 0.003275 
562 0.001518 
563 -0.000458 
564 -0.001125 
565 -0.001610 
566 -0.002597 
567 -0.003966 
568 -0.005382 
569 -0.005969 
570 -0.004478 
571 -0.000671 
572 0.003735 
573 0.007029 
574 0.008002 
575 0.007048 
576 0.004664 
577 0.002338 
578 0.000596 
579 -0.001386 
580 -0.003485 
581 -0.004665 
582 -0.004572 
583 -0.003027 
584 -0.000135 
585 0.003016 
586 0.005036 
587 0.005858 
588 0.005725 
589 0.004884 
590 0.003719 
591 0.002912 
592 0.002749 
593 0.002930 
594 0.002652 
595 0.002257 
596 0.002560 
597 0.003545 
598 0.004465 
599 0.005634 
600 0.007139 
601 0.007569 
602 0.005860 
603 0.003249 
604 0.001247 
605 -0.000492 
606 -0.002188 
607 -0.003338 
608 -0.003527 
609 -0.002551 
610 0.000400 
611 0.005343 
612 0.010624 
613 0.013875 
614 0.013804 
615 0.010548 
616 0.005410 
617 0.000133 
618 -0.003469 
619 -0.004501 
620 -0.003898 
621 -0.002602 
622 -0.000069 
623 0.003527 
624 0.006833 
625 0.008492 
626 0.008172 
627 0.005871 
628 0.001851 
629 -0.002670 
630 -0.005977 
631 -0.007929 
632 -0.008876 
633 -0.008756 
634 -0.007265 
635 -0.004227 
636 -0.000336 
637 0.003544 
638 0.006075 
639 0.006279 
640 0.004205 
641 0.001152 
642 -0.001558 
643 -0.003333 
644 -0.004542 
645 -0.004851 
646 -0.003754 
647 -0.001844 
648 0.000083 
649 0.002056 
650 0.003221 
651 0.002736 
652 0.001086 
653 -0.000262 
654 -0.001175 
655 -0.001824 
656 -0.002114 
657 -0.002028 
658 -0.002001 
659 -0.002330 
660 -0.001867 
661 0.000297 
662 0.002291 
663 0.002606 
664 0.002509 
665 0.002993 
666 0.002963 
667 0.001118 
668 -0.001857 
669 -0.004481 
670 -0.006477 
671 -0.007919 
672 -0.007735 
673 -0.004895 
674 -0.001569 
675 -0.000345 
676 -0.000228 
677 0.000113 
678 -0.000123 
679 -0.001339 
680 -0.002675 
681 -0.003566 
682 -0.004451 
683 -0.005464 
684 -0.005619 
685 -0.004908 
686 -0.004298 
687 -0.003713 
688 -0.002584 
689 -0.000847 
690 0.001142 
691 0.002419 
692 0.002951 
693 0.002748 
694 0.001540 
695 -0.000793 
696 -0.003144 
697 -0.004743 
698 -0.005501 
699 -0.005158 
700 -0.003606 
701 -0.002082 
702 -0.001935 
703 -0.002145 
704 -0.001500 
705 -0.000817 
706 -0.001082 
707 -0.001520 
708 -0.001037 
709 -0.000510 
710 -0.000418 
711 0.000009 
712 0.001538 
713 0.002436 
714 0.001376 
715 -0.000807 
716 -0.002200 
717 -0.002398 
718 -0.002366 
719 -0.002665 
720 -0.002548 
721 -0.001894 
722 -0.001781 
723 -0.002442 
724 -0.003138 
725 -0.003408 
726 -0.003757 
727 -0.004205 
728 -0.003303 
729 -0.001403 
730 0.000814 
731 0.002403 
732 0.002389 
733 0.000994 
734 -0.001226 
735 -0.003321 
736 -0.004815 
737 -0.005218 
738 -0.004668 
739 -0.003464 
740 -0.001547 
741 0.000806 
742 0.003074 
743 0.004729 
744 0.004985 
745 0.003524 
746 0.001098 
747 -0.001103 
748 -0.002453 
749 -0.003252 
750 -0.003368 
751 -0.002534 
752 -0.000766 
753 0.000881 
754 0.001628 
755 0.002150 
756 0.002724 
757 0.002570 
758 0.001608 
759 0.000925 
760 0.000599 
761 -0.000471 
762 -0.002340 
763 -0.003463 
764 -0.003075 
765 -0.002168 
766 -0.001671 
767 -0.000829 
768 0.000394 
769 0.000869 
770 0.000580 
771 0.000738 
772 0.001113 
773 0.000461 
774 -0.000871 
775 -0.001381 
776 -0.001243 
777 -0.001570 
778 -0.001903 
779 -0.001544 
780 -0.001096 
781 -0.000629 
782 0.000373 
783 0.001645 
784 0.002117 
785 0.001584 
786 0.000813 
787 0.000359 
788 0.000169 
789 0.000427 
790 0.001083 
791 0.001678 
792 0.001801 
793 0.001663 
794 0.001549 
795 0.001285 
796 0.000141 
797 -0.001468 
798 -0.002479 
799 -0.002520 
800 -0.001844 
801 -0.001037 
802 -0.000376 
803 -0.000255 
804 -0.000567 
805 -0.001086 
806 -0.001620 
807 -0.002258 
808 -0.003272 
809 -0.004249 
810 -0.004301 
811 -0.003084 
812 -0.000923 
813 0.001248 
814 0.002335 
815 0.001834 
816 0.000151 
817 -0.001788 
818 -0.003200 
819 -0.003820 
820 -0.003949 
821 -0.003901 
822 -0.003542 
823 -0.002499 
824 -0.000668 
825 0.001084 
826 0.001703 
827 0.001072 
828 -0.000197 
829 -0.001496 
830 -0.002540 
831 -0.002815 
832 -0.002198 
833 -0.001216 
834 -0.000719 
835 -0.000615 
836 -0.000117 
837 0.000741 
838 0.001111 
839 0.000478 
840 -0.000537 
841 -0.001143 
842 -0.001136 
843 -0.000739 
844 -0.000089 
845 0.000545 
846 0.000707 
847 0.000304 
848 -0.000050 
849 0.000151 
850 0.000331 
851 0.000021 
852 -0.000408 
853 -0.000486 
854 -0.000541 
855 -0.000605 
856 -0.000436 
857 -0.000136 
858 -0.000334 
859 -0.001023 
860 -0.001413 
861 -0.001072 
862 -0.000685 
863 -0.000534 
864 -0.000289 
865 0.000183 
866 0.000650 
867 0.000940 
868 0.001062 
869 0.000707 
870 -0.000077 
871 -0.000999 
872 -0.001533 
873 -0.001572 
874 -0.001404 
875 -0.001174 
876 -0.000739 
877 -0.000117 
878 0.000520 
879 0.001100 
880 0.001449 
881 0.001366 
882 0.000886 
883 0.000437 
884 0.000202 
885 0.000081 
886 -0.000000 
887 -0.000021 
888 0.000180 
889 0.000510 
890 0.000863 
891 0.001253 
892 0.001508 
893 0.001235 
894 0.000568 
895 -0.000033 
896 -0.000470 
897 -0.000745 
898 -0.000942 
899 -0.000836 
900 -0.000523 
901 -0.000174 
902 0.000228 
903 0.000638 
904 0.000814 
905 0.000581 
906 0.000079 
907 -0.000329 
908 -0.000453 
909 -0.000537 
910 -0.000643 
911 -0.000734 
912 -0.000738 
913 -0.000547 
914 -0.000169 
915 0.000324 
916 0.000722 
917 0.000932 
918 0.001040 
919 0.001269 
920 0.001468 
921 0.001337 
922 0.000771 
923 0.000019 
924 -0.000558 
925 -0.000825 
926 -0.000664 
927 -0.000172 
928 0.000383 
929 0.000743 
930 0.000903 
931 0.001126 
932 0.001355 
933 0.001458 
934 0.001388 
935 0.001170 
936 0.000862 
937 0.000553 
938 0.000285 
939 -0.000083 
940 -0.000558 
941 -0.000989 
942 -0.001087 
943 -0.000826 
944 -0.000237 
945 0.000326 
946 0.000652 
947 0.000752 
948 0.000671 
949 0.000359 
950 -0.000083 
951 -0.000460 
952 -0.000737 
953 -0.000986 
954 -0.001158 
955 -0.001086 
956 -0.000633 
957 -0.000050 
958 0.000344 
959 0.000490 
960 0.000548 
961 0.000581 
962 0.000560 
963 0.000480 
964 0.000434 
965 0.000341 
966 0.000076 
967 -0.000211 
968 -0.000310 
969 -0.000115 
970 0.000150 
971 0.000405 
972 0.000675 
973 0.000829 
974 0.000727 
975 0.000485 
976 0.000311 
977 0.000138 
978 -0.000118 
979 -0.000327 
980 -0.000320 
981 -0.000144 
982 0.000038 
983 0.000164 
984 0.000279 
985 0.000298 
986 0.000192 
987 0.000077 
988 0.000020 
989 -0.000087 
990 -0.000262 
991 -0.000411 
992 -0.000524 
993 -0.000558 
994 -0.000453 
995 -0.000313 
996 -0.000265 
997 -0.000317 
998 -0.000310 
999 -0.000207 
1000 -0.000117 
1001 -0.000070 
1002 0.000066 
1003 0.000273 
1004 0.000360 
1005 0.000338 
1006 0.000302 
1007 0.000235 
1008 0.000048 
1009 -0.000171 
1010 -0.000238 
1011 -0.000155 
1012 0.000005 
1013 0.000240 
1014 0.000479 
1015 0.000593 
1016 0.000607 
1017 0.000642 
1018 0.000599 
1019 0.000375 
1020 0.000118 
1021 0.000037 
1022 0.000093 
1023 0.000143 
