0 0.066243 
1 -0.012005 
2 -0.129888 
3 -0.048988 
4 -0.198014 
5 -0.016016 
6 -0.074299 
7 0.072509 
8 0.125597 
9 0.035177 
10 0.165216 
11 -0.020822 
12 0.060096 
13 -0.109326 
14 -0.069102 
15 -0.069956 
16 -0.101302 
17 0.011903 
18 0.013578 
19 0.149265 
20 0.090091 
21 0.026531 
22 0.120649 
23 -0.068277 
24 0.013978 
25 -0.187288 
26 0.011176 
27 -0.103623 
28 0.040037 
29 -0.003293 
30 0.089871 
31 0.099907 
32 0.054264 
33 0.071506 
34 -0.071598 
35 0.029531 
36 -0.165167 
37 0.000516 
38 -0.120767 
39 0.081709 
40 -0.029421 
41 0.169487 
42 0.063288 
43 0.117815 
44 0.061820 
45 0.003435 
46 -0.006219 
47 -0.167798 
48 -0.099461 
49 -0.104583 
50 0.038167 
51 -0.068342 
52 0.120208 
53 0.132439 
54 0.222902 
55 0.050477 
56 0.026673 
57 0.074425 
58 -0.135943 
59 -0.109020 
60 -0.247404 
61 0.051666 
62 -0.094521 
63 0.127884 
64 0.086561 
65 0.234580 
66 0.165170 
67 0.033662 
68 0.119643 
69 -0.094855 
70 -0.080545 
71 -0.166113 
72 -0.048677 
73 -0.128483 
74 -0.064399 
75 0.051958 
76 0.232875 
77 0.140004 
78 0.133435 
79 0.133161 
80 0.130620 
81 -0.150361 
82 -0.204055 
83 -0.106167 
84 0.038352 
85 0.065617 
86 -0.108275 
87 0.024240 
88 0.129171 
89 0.181493 
90 0.085346 
91 -0.050465 
92 0.021165 
93 -0.117074 
94 0.027576 
95 -0.075871 
96 0.095750 
97 0.042467 
98 0.116709 
99 0.125525 
100 0.018167 
101 0.081149 
102 -0.088776 
103 0.005358 
104 -0.099326 
105 -0.015231 
106 -0.011238 
107 0.024936 
108 0.097147 
109 0.068036 
110 0.141533 
111 0.031612 
112 0.061659 
113 -0.033801 
114 -0.086389 
115 -0.012922 
116 -0.102880 
117 0.047421 
118 -0.020319 
119 0.115663 
120 0.066414 
121 0.127566 
122 0.045235 
123 0.065778 
124 -0.072984 
125 -0.008631 
126 -0.096584 
127 -0.022940 
128 -0.053126 
129 0.071126 
130 0.055422 
131 0.076520 
132 0.091031 
133 0.021811 
134 0.090349 
135 -0.077996 
136 0.006147 
137 -0.100842 
138 -0.050450 
139 0.003042 
140 -0.033791 
141 0.130323 
142 0.007878 
143 0.141322 
144 -0.005979 
145 0.083760 
146 -0.052936 
147 -0.010718 
148 -0.072567 
149 -0.052370 
150 -0.018780 
151 -0.019615 
152 0.031637 
153 0.052726 
154 0.103681 
155 0.017203 
156 0.089492 
157 -0.061873 
158 0.047547 
159 -0.147974 
160 0.000826 
161 -0.114881 
162 0.025209 
163 -0.004017 
164 0.062148 
165 0.104471 
166 0.009600 
167 0.094313 
168 -0.076290 
169 0.056001 
170 -0.167220 
171 -0.011026 
172 -0.083395 
173 0.001649 
174 0.010930 
175 0.034342 
176 0.106247 
177 -0.007194 
178 0.121218 
179 -0.102857 
180 0.052743 
181 -0.142914 
182 -0.018334 
183 -0.101828 
184 -0.023698 
185 0.040472 
186 -0.003691 
187 0.142286 
188 -0.031893 
189 0.111320 
190 -0.091838 
191 0.040170 
192 -0.091275 
193 -0.080111 
194 -0.015600 
195 -0.087299 
196 0.079922 
197 -0.067847 
198 0.123659 
199 0.018696 
200 0.116407 
201 -0.053612 
202 -0.026819 
203 -0.035261 
204 -0.106553 
205 -0.019679 
206 -0.122529 
207 0.047445 
208 -0.011150 
209 0.079576 
210 0.053068 
211 0.046792 
212 0.063655 
213 -0.068874 
214 0.011713 
215 -0.159273 
216 0.017972 
217 -0.170878 
218 0.077067 
219 -0.076716 
220 0.124639 
221 0.002705 
222 0.116828 
223 -0.006400 
224 0.024142 
225 -0.076050 
226 -0.068014 
227 -0.107793 
228 -0.056340 
229 -0.018712 
230 0.038080 
231 0.056906 
232 0.053718 
233 0.071218 
234 0.017310 
235 -0.020455 
236 -0.039852 
237 -0.090263 
238 -0.041039 
239 -0.119815 
240 0.051677 
241 -0.054819 
242 0.127511 
243 -0.011668 
244 0.111829 
245 -0.007598 
246 -0.006174 
247 -0.030143 
248 -0.116053 
249 0.006794 
250 -0.150668 
251 0.071114 
252 -0.065833 
253 0.096481 
254 -0.005588 
255 0.080035 
256 0.037337 
257 0.009137 
258 -0.009472 
259 -0.112708 
260 -0.034668 
261 -0.112059 
262 0.004918 
263 -0.060324 
264 0.081913 
265 0.061763 
266 0.034792 
267 0.056909 
268 -0.009453 
269 0.033098 
270 -0.149620 
271 -0.015012 
272 -0.173266 
273 0.058368 
274 -0.084441 
275 0.128120 
276 0.026127 
277 0.083390 
278 0.060764 
279 -0.015923 
280 0.004450 
281 -0.157729 
282 -0.023520 
283 -0.148339 
284 0.027502 
285 -0.072275 
286 0.074651 
287 0.093418 
288 0.048798 
289 0.118756 
290 -0.093896 
291 0.052232 
292 -0.167047 
293 -0.027107 
294 -0.134867 
295 -0.036242 
296 0.024633 
297 -0.015457 
298 0.136547 
299 -0.012819 
300 0.130658 
301 -0.043999 
302 0.010451 
303 -0.077046 
304 -0.125317 
305 -0.046946 
306 -0.119223 
307 0.024029 
308 -0.024374 
309 0.085077 
310 0.063163 
311 0.082622 
312 -0.006909 
313 -0.004642 
314 -0.067610 
315 -0.051563 
316 -0.155519 
317 -0.033018 
318 -0.066919 
319 0.018053 
320 0.067641 
321 0.023263 
322 0.143336 
323 -0.039486 
324 0.057876 
325 -0.142358 
326 -0.038691 
327 -0.138001 
328 -0.085603 
329 -0.034798 
330 -0.001123 
331 0.094145 
332 0.043806 
333 0.103880 
334 0.027469 
335 -0.015770 
336 -0.071661 
337 -0.124224 
338 -0.102026 
339 -0.094578 
340 -0.034546 
341 0.019843 
342 0.073411 
343 0.046056 
344 0.102870 
345 -0.017471 
346 0.028235 
347 -0.132506 
348 -0.049676 
349 -0.154133 
350 -0.046716 
351 -0.050179 
352 0.028144 
353 0.058335 
354 0.057120 
355 0.079604 
356 -0.017540 
357 0.026291 
358 -0.077427 
359 -0.073133 
360 -0.091059 
361 -0.092398 
362 -0.011269 
363 -0.054863 
364 0.091183 
365 -0.002517 
366 0.115840 
367 -0.012403 
368 0.040464 
369 -0.059059 
370 -0.076700 
371 -0.056736 
372 -0.145655 
373 0.016040 
374 -0.083494 
375 0.101566 
376 0.040776 
377 0.078205 
378 0.032977 
379 0.006476 
380 -0.007035 
381 -0.122651 
382 -0.060212 
383 -0.137147 
384 -0.007074 
385 -0.028183 
386 0.088314 
387 0.035260 
388 0.132582 
389 0.019574 
390 0.032447 
391 -0.074932 
392 -0.080546 
393 -0.091983 
394 -0.124632 
395 -0.013019 
396 -0.058238 
397 0.118346 
398 0.053723 
399 0.121403 
400 0.038383 
401 -0.005875 
402 -0.010480 
403 -0.111197 
404 -0.046163 
405 -0.144773 
406 -0.021671 
407 0.001335 
408 0.016215 
409 0.097599 
410 0.051676 
411 0.096264 
412 0.003905 
413 -0.009006 
414 -0.064919 
415 -0.086538 
416 -0.089103 
417 -0.041600 
418 -0.022707 
419 0.054850 
420 0.042337 
421 0.120535 
422 0.041354 
423 0.044272 
424 -0.010066 
425 -0.052686 
426 -0.050152 
427 -0.136345 
428 -0.023476 
429 -0.038197 
430 0.039785 
431 0.082716 
432 0.039054 
433 0.146752 
434 -0.016428 
435 0.037692 
436 -0.128665 
437 -0.019955 
438 -0.093431 
439 -0.082368 
440 -0.012138 
441 0.041901 
442 0.109384 
443 0.066333 
444 0.070332 
445 0.057083 
446 -0.016791 
447 -0.028915 
448 -0.127355 
449 -0.058233 
450 -0.055460 
451 -0.024861 
452 0.032972 
453 0.055492 
454 0.114512 
455 0.079178 
456 0.035546 
457 0.020120 
458 -0.062728 
459 -0.027262 
460 -0.092921 
461 -0.018982 
462 -0.065386 
463 0.057772 
464 0.039995 
465 0.082391 
466 0.067966 
467 0.027215 
468 0.056517 
469 -0.028719 
470 -0.021207 
471 -0.092613 
472 -0.015028 
473 -0.052825 
474 0.022403 
475 0.028099 
476 0.067997 
477 0.071486 
478 0.052462 
479 0.037465 
480 0.000582 
481 -0.051245 
482 -0.031211 
483 -0.073227 
484 0.017314 
485 -0.033143 
486 0.090818 
487 0.043213 
488 0.100943 
489 0.075980 
490 0.018921 
491 0.027720 
492 -0.106516 
493 -0.008254 
494 -0.078023 
495 -0.035944 
496 0.013340 
497 0.039230 
498 0.126009 
499 0.075654 
500 0.105994 
501 0.008876 
502 0.018866 
503 -0.033400 
504 -0.057577 
505 -0.048970 
506 -0.024491 
507 0.028554 
508 0.038424 
509 0.079630 
510 0.089271 
511 0.069296 
512 0.028921 
513 0.048223 
514 -0.068420 
515 0.015899 
516 -0.101112 
517 0.029316 
518 -0.027218 
519 0.041181 
520 0.094160 
521 0.039782 
522 0.155863 
523 -0.048142 
524 0.122014 
525 -0.080921 
526 0.036350 
527 -0.080508 
528 -0.015968 
529 0.003475 
530 -0.007380 
531 0.102035 
532 0.043825 
533 0.130163 
534 0.057286 
535 0.025306 
536 0.016823 
537 -0.060462 
538 -0.003898 
539 -0.109211 
540 0.054883 
541 -0.044213 
542 0.130157 
543 0.042114 
544 0.154168 
545 0.067850 
546 0.061217 
547 -0.024425 
548 -0.039581 
549 -0.022783 
550 -0.087948 
551 0.001316 
552 -0.015065 
553 0.104328 
554 0.053157 
555 0.121498 
556 0.079573 
557 0.041533 
558 0.023394 
559 -0.051272 
560 -0.036923 
561 -0.059004 
562 -0.010516 
563 0.017446 
564 0.055995 
565 0.112366 
566 0.049275 
567 0.114468 
568 0.000594 
569 0.063784 
570 -0.075138 
571 0.007391 
572 -0.089106 
573 0.019004 
574 -0.052355 
575 0.076013 
576 0.029734 
577 0.115925 
578 0.054228 
579 0.079055 
580 0.027719 
581 -0.020902 
582 -0.055704 
583 -0.041098 
584 -0.003899 
585 -0.044635 
586 0.049579 
587 0.023605 
588 0.129793 
589 0.063995 
590 0.079036 
591 0.016340 
592 -0.003753 
593 -0.040182 
594 -0.101020 
595 -0.038152 
596 -0.056635 
597 0.087556 
598 0.004958 
599 0.138908 
600 0.057326 
601 0.109138 
602 0.018227 
603 -0.037700 
604 -0.047342 
605 -0.082265 
606 -0.040425 
607 -0.030486 
608 0.031396 
609 0.071626 
610 0.092105 
611 0.104106 
612 0.000735 
613 0.080946 
614 -0.069608 
615 -0.003005 
616 -0.139071 
617 0.003873 
618 -0.062568 
619 0.046204 
620 0.037019 
621 0.089847 
622 0.096855 
623 0.047148 
624 0.046669 
625 -0.040994 
626 -0.026436 
627 -0.088520 
628 -0.061922 
629 -0.023409 
630 -0.002336 
631 0.059002 
632 0.051248 
633 0.116232 
634 0.024357 
635 0.080585 
636 -0.045653 
637 -0.010753 
638 -0.096532 
639 -0.064542 
640 -0.046487 
641 -0.014950 
642 0.066143 
643 0.036267 
644 0.165380 
645 0.023618 
646 0.094552 
647 -0.089595 
648 0.030109 
649 -0.126120 
650 -0.045990 
651 -0.080629 
652 0.004741 
653 0.049454 
654 0.055153 
655 0.136817 
656 0.061353 
657 0.063648 
658 -0.044370 
659 -0.031697 
660 -0.101352 
661 -0.090959 
662 -0.050137 
663 0.006790 
664 0.052002 
665 0.090847 
666 0.092247 
667 0.091282 
668 0.017067 
669 -0.013839 
670 -0.055093 
671 -0.109231 
672 -0.035598 
673 -0.085821 
674 0.046757 
675 -0.005990 
676 0.123262 
677 0.062122 
678 0.068199 
679 0.074643 
680 -0.048046 
681 -0.007647 
682 -0.120905 
683 -0.020639 
684 -0.075875 
685 -0.036844 
686 0.061618 
687 0.012553 
688 0.162211 
689 0.019852 
690 0.106399 
691 -0.043314 
692 0.014512 
693 -0.116677 
694 -0.060143 
695 -0.066150 
696 -0.027868 
697 0.028391 
698 0.050197 
699 0.093350 
700 0.076585 
701 0.105832 
702 -0.029425 
703 0.006032 
704 -0.128961 
705 -0.057612 
706 -0.102140 
707 -0.037301 
708 0.068636 
709 0.017939 
710 0.182287 
711 -0.020869 
712 0.136222 
713 -0.059898 
714 0.021241 
715 -0.096993 
716 -0.129069 
717 -0.017818 
718 -0.113809 
719 0.129192 
720 -0.038682 
721 0.199745 
722 0.014936 
723 0.089692 
724 -0.024391 
725 -0.050108 
726 -0.044379 
727 -0.153843 
728 -0.000363 
729 -0.091012 
730 0.060469 
731 0.029518 
732 0.108729 
733 0.086646 
734 0.039254 
735 0.028170 
736 -0.071175 
737 -0.068156 
738 -0.074010 
739 -0.073975 
740 -0.026576 
741 -0.015842 
742 0.042889 
743 0.080421 
744 0.058574 
745 0.101933 
746 -0.033379 
747 0.023157 
748 -0.113790 
749 -0.071217 
750 -0.096210 
751 -0.081958 
752 0.040799 
753 -0.016067 
754 0.129576 
755 0.039489 
756 0.083892 
757 0.061290 
758 -0.117528 
759 0.027022 
760 -0.199945 
761 -0.021716 
762 -0.130194 
763 -0.000397 
764 0.067846 
765 0.029429 
766 0.175190 
767 -0.006898 
768 0.063585 
769 -0.049354 
770 -0.130324 
771 -0.032813 
772 -0.189187 
773 0.042687 
774 -0.095773 
775 0.083203 
776 0.076369 
777 0.034811 
778 0.157543 
779 -0.084561 
780 0.051305 
781 -0.159527 
782 -0.065369 
783 -0.076407 
784 -0.100972 
785 0.037218 
786 -0.061005 
787 0.131083 
788 0.018109 
789 0.038633 
790 0.082015 
791 -0.088129 
792 0.008539 
793 -0.150704 
794 -0.016239 
795 -0.120004 
796 -0.013755 
797 -0.007291 
798 0.058540 
799 0.046397 
800 0.067878 
801 -0.005007 
802 0.028212 
803 -0.060783 
804 -0.103931 
805 -0.066255 
806 -0.142329 
807 0.033831 
808 -0.095337 
809 0.133765 
810 -0.027301 
811 0.128833 
812 0.036438 
813 -0.072543 
814 0.014039 
815 -0.185094 
816 0.002367 
817 -0.173220 
818 0.026083 
819 -0.030152 
820 0.035191 
821 0.116283 
822 -0.007829 
823 0.101398 
824 -0.056243 
825 -0.021594 
826 -0.110504 
827 -0.140876 
828 -0.041890 
829 -0.102671 
830 0.069256 
831 -0.013397 
832 0.098057 
833 0.037729 
834 0.032519 
835 -0.019244 
836 -0.030897 
837 -0.121545 
838 -0.060695 
839 -0.104040 
840 -0.005471 
841 -0.069608 
842 0.072714 
843 0.020471 
844 0.072117 
845 0.009491 
846 0.002960 
847 -0.020736 
848 -0.084062 
849 -0.078024 
850 -0.095357 
851 -0.095529 
852 0.011834 
853 -0.052877 
854 0.065152 
855 0.042022 
856 0.091207 
857 0.021915 
858 -0.038180 
859 -0.032717 
860 -0.149928 
861 -0.051574 
862 -0.158862 
863 0.014190 
864 -0.035721 
865 0.065815 
866 0.074424 
867 0.053264 
868 0.053066 
869 -0.049857 
870 -0.040379 
871 -0.128828 
872 -0.093521 
873 -0.094819 
874 -0.050827 
875 0.027125 
876 0.005978 
877 0.121290 
878 -0.002388 
879 0.071556 
880 -0.012879 
881 -0.074848 
882 -0.070990 
883 -0.143568 
884 -0.024051 
885 -0.110952 
886 0.006978 
887 -0.005584 
888 0.066010 
889 0.061232 
890 0.020702 
891 0.049179 
892 -0.104714 
893 -0.023127 
894 -0.152918 
895 -0.044129 
896 -0.103592 
897 -0.005083 
898 0.011210 
899 0.039250 
900 0.029549 
901 0.042427 
902 -0.009507 
903 -0.014881 
904 -0.060941 
905 -0.078388 
906 -0.072114 
907 -0.100039 
908 -0.001804 
909 -0.036520 
910 0.067155 
911 0.014924 
912 0.088273 
913 -0.008453 
914 -0.008885 
915 -0.065252 
916 -0.123099 
917 -0.044600 
918 -0.112381 
919 0.017304 
920 -0.072359 
921 0.126937 
922 -0.020303 
923 0.153059 
924 -0.019204 
925 0.025718 
926 -0.097353 
927 -0.118270 
928 -0.080217 
929 -0.128302 
930 0.000034 
931 -0.015054 
932 0.124559 
933 0.005845 
934 0.085704 
935 0.005968 
936 -0.008883 
937 -0.034950 
938 -0.153775 
939 -0.003265 
940 -0.159858 
941 0.032781 
942 -0.085075 
943 0.127022 
944 -0.004716 
945 0.121695 
946 0.017471 
947 0.029396 
948 0.001715 
949 -0.109122 
950 -0.018157 
951 -0.151370 
952 0.000693 
953 -0.083104 
954 0.033944 
955 0.023904 
956 0.070778 
957 0.115426 
958 -0.026459 
959 0.049388 
960 -0.080343 
961 -0.028333 
962 -0.126029 
963 -0.049144 
964 0.018032 
965 -0.051753 
966 0.089862 
967 -0.011521 
968 0.145626 
969 -0.020535 
970 0.090732 
971 -0.100397 
972 -0.036521 
973 -0.114296 
974 -0.073688 
975 0.011439 
976 -0.032040 
977 0.143762 
978 -0.008828 
979 0.148393 
980 -0.105446 
981 0.036265 
982 -0.124938 
983 -0.019582 
984 -0.079831 
985 -0.062339 
986 0.062045 
987 -0.049519 
988 0.229051 
989 -0.029731 
990 0.182233 
991 -0.122796 
992 0.034965 
993 -0.160185 
994 -0.035183 
995 -0.095332 
996 -0.041951 
997 0.038113 
998 0.000845 
999 0.111253 
1000 0.008287 
1001 0.117776 
1002 -0.020157 
1003 0.048731 
1004 -0.074899 
1005 -0.090542 
1006 -0.073811 
1007 -0.088054 
1008 0.085237 
1009 -0.057653 
1010 0.184604 
1011 0.027570 
1012 0.129925 
1013 -0.037112 
1014 -0.000348 
1015 -0.103654 
1016 -0.055262 
1017 -0.145737 
1018 -0.024007 
1019 -0.076041 
1020 0.099042 
1021 0.034680 
1022 0.200938 
1023 0.075377 
