0 0.062899 
1 -0.067297 
2 0.071784 
3 -0.042460 
4 0.041014 
5 -0.047313 
6 -0.011276 
7 -0.022851 
8 -0.008928 
9 0.015159 
10 -0.004305 
11 0.051334 
12 -0.001866 
13 0.030060 
14 -0.036544 
15 -0.014071 
16 -0.037214 
17 0.026766 
18 0.007690 
19 0.008203 
20 -0.049431 
21 0.002051 
22 -0.002345 
23 0.033607 
24 -0.006752 
25 -0.024475 
26 -0.028197 
27 0.023529 
28 0.056330 
29 0.027901 
30 0.027419 
31 -0.034018 
32 0.023574 
33 -0.073541 
34 -0.033575 
35 -0.098956 
36 0.008237 
37 -0.015980 
38 0.048872 
39 0.066348 
40 0.076693 
41 0.079243 
42 -0.045878 
43 -0.047116 
44 -0.050428 
45 -0.009062 
46 -0.015806 
47 -0.073389 
48 -0.021030 
49 -0.023401 
50 0.072974 
51 0.007603 
52 0.067043 
53 -0.029232 
54 0.006524 
55 -0.042263 
56 0.019154 
57 0.039334 
58 0.014757 
59 0.020295 
60 -0.056757 
61 0.012079 
62 -0.043390 
63 0.048660 
64 -0.039842 
65 0.016536 
66 -0.043451 
67 0.021069 
68 0.033245 
69 0.005372 
70 0.016731 
71 -0.030981 
72 -0.000967 
73 -0.029450 
74 0.002343 
75 0.000424 
76 -0.020202 
77 0.009969 
78 -0.019197 
79 0.050091 
80 -0.024944 
81 0.015090 
82 -0.032290 
83 0.015400 
84 0.010510 
85 -0.002704 
86 -0.008620 
87 -0.005417 
88 -0.005945 
89 0.006202 
90 -0.010057 
91 -0.002139 
92 -0.029805 
93 0.010477 
94 -0.015013 
95 0.005998 
96 -0.024501 
97 0.011579 
98 0.014581 
99 0.018078 
100 -0.022027 
101 -0.001647 
102 -0.007457 
103 0.025220 
104 -0.001054 
105 -0.026300 
106 -0.022850 
107 -0.016698 
108 0.000986 
109 0.013437 
110 -0.018032 
111 0.017915 
112 -0.013445 
113 0.021242 
114 -0.014178 
115 -0.000618 
116 -0.021354 
117 0.001306 
118 -0.023176 
119 0.009798 
120 0.000485 
121 0.042449 
122 -0.008696 
123 0.023439 
124 -0.031574 
125 0.027227 
126 -0.051005 
127 0.012171 
128 -0.053622 
129 0.074568 
130 -0.035408 
131 0.056235 
132 -0.071353 
133 0.066932 
134 -0.019358 
135 0.019230 
136 -0.037812 
137 -0.014358 
138 0.014531 
139 0.002854 
140 0.015234 
141 0.017540 
142 0.015925 
143 0.023622 
144 -0.033592 
145 0.013808 
146 -0.064925 
147 0.066068 
148 -0.041345 
149 0.047049 
150 -0.062889 
151 0.033224 
152 0.006121 
153 0.032782 
154 -0.008649 
155 -0.019242 
156 0.002217 
157 0.000799 
158 0.030793 
159 0.008374 
160 0.020557 
161 -0.011570 
162 -0.004619 
163 -0.011409 
164 0.011293 
165 -0.017505 
166 0.004603 
167 -0.010731 
168 0.001746 
169 0.024043 
170 0.043450 
171 0.019405 
172 -0.009158 
173 -0.035828 
174 0.031351 
175 0.004654 
176 0.013967 
177 -0.046371 
178 -0.000420 
179 0.011989 
180 0.040086 
181 0.000192 
182 0.007160 
183 -0.023023 
184 0.005621 
185 -0.004136 
186 0.030150 
187 -0.015514 
188 0.031302 
189 0.003479 
190 0.022881 
191 -0.016890 
192 -0.003186 
193 0.048070 
194 -0.003450 
195 -0.012328 
196 -0.058380 
197 0.018294 
198 0.021086 
199 0.049122 
200 -0.004550 
201 -0.010627 
202 0.002515 
203 -0.024197 
204 0.049656 
205 -0.032467 
206 0.050674 
207 -0.071726 
208 0.046385 
209 -0.021450 
210 0.059368 
211 -0.000444 
212 0.001076 
213 0.003930 
214 -0.038878 
215 0.025458 
216 -0.017936 
217 0.031817 
218 -0.005877 
219 -0.009275 
220 0.035503 
221 -0.009886 
222 0.037351 
223 -0.051257 
224 0.040159 
225 -0.043868 
226 0.039873 
227 -0.022858 
228 0.039945 
229 0.020557 
230 -0.002239 
231 -0.005899 
232 -0.013750 
233 0.028440 
234 -0.004568 
235 -0.029242 
236 -0.035323 
237 -0.006635 
238 0.036697 
239 0.030397 
240 0.017234 
241 -0.015331 
242 -0.012903 
243 0.002212 
244 0.000916 
245 0.022015 
246 -0.023064 
247 -0.000716 
248 -0.027029 
249 0.015594 
250 -0.000067 
251 0.016213 
252 -0.014704 
253 -0.024500 
254 0.006985 
255 -0.012560 
256 0.034501 
257 -0.035898 
258 0.026798 
259 -0.007236 
260 -0.003195 
261 0.018422 
262 -0.038288 
263 0.021687 
264 -0.038823 
265 0.041911 
266 -0.019466 
267 0.005173 
268 -0.033011 
269 -0.016831 
270 0.031477 
271 -0.032714 
272 0.034269 
273 -0.051152 
274 0.046463 
275 -0.048482 
276 0.025665 
277 -0.002941 
278 0.019087 
279 -0.011288 
280 -0.054980 
281 0.012891 
282 -0.029681 
283 0.043084 
284 -0.032426 
285 0.020661 
286 -0.018716 
287 -0.018190 
288 0.021747 
289 -0.039354 
290 0.044660 
291 -0.078573 
292 0.040215 
293 -0.046166 
294 0.061579 
295 -0.030637 
296 0.011927 
297 -0.022309 
298 -0.017527 
299 -0.006959 
300 0.019504 
301 -0.015100 
302 0.000257 
303 -0.033051 
304 0.025861 
305 -0.006644 
306 0.022827 
307 -0.050974 
308 -0.011949 
309 -0.031752 
310 0.019447 
311 0.007282 
312 -0.001066 
313 0.011681 
314 -0.026194 
315 0.020081 
316 -0.008254 
317 0.002250 
318 -0.006724 
319 -0.019650 
320 -0.009035 
321 -0.041508 
322 0.033185 
323 -0.023242 
324 0.043652 
325 -0.043422 
326 0.007082 
327 -0.027845 
328 0.008779 
329 0.024796 
330 -0.006033 
331 0.012292 
332 -0.038221 
333 0.021985 
334 0.007657 
335 0.010808 
336 -0.011093 
337 -0.053503 
338 0.032124 
339 -0.066227 
340 0.070219 
341 -0.056393 
342 0.055690 
343 -0.050706 
344 0.029171 
345 -0.003980 
346 0.020612 
347 0.016433 
348 -0.036190 
349 0.020644 
350 -0.035478 
351 0.028168 
352 -0.022630 
353 -0.004119 
354 -0.003533 
355 -0.034941 
356 0.040032 
357 -0.022655 
358 0.051243 
359 -0.038967 
360 0.034904 
361 -0.030054 
362 0.015289 
363 -0.006463 
364 -0.007712 
365 0.015132 
366 -0.036356 
367 0.024020 
368 -0.007106 
369 0.029270 
370 0.003135 
371 -0.021035 
372 0.022847 
373 -0.024423 
374 0.041656 
375 -0.024366 
376 0.023024 
377 -0.043976 
378 -0.011563 
379 0.003885 
380 -0.005010 
381 0.029373 
382 -0.021342 
383 0.023841 
384 0.004939 
385 0.022115 
386 -0.003832 
387 0.001482 
388 0.003998 
389 -0.011848 
390 0.001331 
391 -0.023473 
392 0.011084 
393 -0.014240 
394 0.019492 
395 0.028421 
396 -0.020352 
397 0.023224 
398 -0.040048 
399 0.042761 
400 -0.016738 
401 0.041838 
402 -0.025642 
403 0.012772 
404 -0.009199 
405 -0.011149 
406 0.032193 
407 -0.005246 
408 0.026006 
409 -0.052458 
410 0.003679 
411 -0.006108 
412 0.017348 
413 0.036290 
414 -0.025752 
415 0.029052 
416 -0.044318 
417 0.049068 
418 -0.046540 
419 0.049144 
420 -0.016803 
421 0.019941 
422 -0.001634 
423 -0.015970 
424 0.023657 
425 -0.008583 
426 0.029607 
427 -0.028236 
428 0.015260 
429 -0.016956 
430 0.016106 
431 0.021313 
432 -0.011397 
433 0.034653 
434 -0.055041 
435 0.052950 
436 -0.033237 
437 0.057622 
438 -0.051751 
439 0.035190 
440 -0.020498 
441 0.029655 
442 -0.015808 
443 -0.006403 
444 -0.007874 
445 -0.007156 
446 -0.001095 
447 0.018390 
448 0.004830 
449 0.020393 
450 -0.030456 
451 0.006647 
452 0.001332 
453 0.023790 
454 0.005148 
455 -0.006114 
456 -0.016094 
457 -0.027865 
458 0.021941 
459 0.011227 
460 0.030981 
461 -0.032348 
462 -0.020583 
463 -0.000427 
464 0.024320 
465 0.029137 
466 -0.025782 
467 -0.007910 
468 -0.031528 
469 0.005874 
470 0.006842 
471 0.018862 
472 0.016797 
473 -0.044789 
474 0.038862 
475 -0.031879 
476 0.065807 
477 -0.043594 
478 0.024318 
479 -0.043401 
480 0.006838 
481 -0.010480 
482 0.010129 
483 0.015698 
484 -0.031004 
485 0.010653 
486 -0.019896 
487 0.041086 
488 -0.009661 
489 0.000383 
490 -0.003100 
491 -0.022979 
492 0.041249 
493 -0.007209 
494 0.029370 
495 -0.054860 
496 0.008274 
497 -0.025900 
498 0.022814 
499 -0.011770 
500 -0.007491 
501 0.017300 
502 -0.009620 
503 0.026502 
504 -0.019173 
505 0.031223 
506 -0.030901 
507 0.009053 
508 -0.017503 
509 0.013915 
510 -0.000988 
511 -0.007202 
512 0.038907 
513 -0.024953 
514 0.010484 
515 -0.038504 
516 0.013602 
517 0.002392 
518 0.001124 
519 0.006784 
520 0.012992 
521 0.012136 
522 -0.013043 
523 0.003929 
524 -0.000228 
525 -0.002362 
526 -0.016885 
527 0.002361 
528 0.010489 
529 0.002866 
530 0.003512 
531 0.019276 
532 0.010055 
533 -0.005429 
534 -0.017281 
535 -0.021023 
536 0.003314 
537 0.013523 
538 -0.001706 
539 0.015141 
540 -0.007876 
541 -0.001229 
542 0.007087 
543 0.012779 
544 0.013409 
545 -0.018843 
546 -0.013214 
547 -0.005194 
548 0.007907 
549 0.027706 
550 -0.000806 
551 0.013608 
552 -0.050509 
553 0.012610 
554 -0.040819 
555 0.058905 
556 -0.024130 
557 0.011968 
558 -0.024771 
559 0.030050 
560 0.013737 
561 0.019340 
562 -0.000262 
563 -0.019025 
564 0.001748 
565 -0.021655 
566 0.016484 
567 0.002833 
568 -0.006097 
569 0.011341 
570 -0.026407 
571 0.046107 
572 -0.020589 
573 0.030407 
574 -0.041335 
575 0.017266 
576 -0.016052 
577 0.033173 
578 0.009397 
579 -0.006599 
580 0.002217 
581 -0.023361 
582 0.043776 
583 -0.009095 
584 0.016970 
585 -0.056301 
586 -0.003149 
587 -0.020347 
588 0.046461 
589 0.004613 
590 0.022843 
591 -0.037060 
592 0.012147 
593 -0.011216 
594 0.055541 
595 -0.028282 
596 0.016698 
597 -0.056579 
598 0.016504 
599 0.004206 
600 0.038355 
601 -0.015411 
602 0.004215 
603 -0.012919 
604 0.016421 
605 -0.026144 
606 -0.000514 
607 0.000419 
608 0.032220 
609 -0.014671 
610 -0.000752 
611 -0.016665 
612 0.034581 
613 -0.003527 
614 0.005307 
615 -0.030759 
616 0.005790 
617 -0.011880 
618 0.031497 
619 0.012048 
620 -0.001835 
621 0.003762 
622 -0.032190 
623 0.015434 
624 -0.023300 
625 -0.012579 
626 0.007363 
627 -0.012052 
628 0.032347 
629 -0.035995 
630 0.059167 
631 -0.039285 
632 0.037462 
633 -0.054415 
634 0.042199 
635 -0.018273 
636 -0.000730 
637 -0.019160 
638 -0.000055 
639 0.015772 
640 -0.019513 
641 -0.016656 
642 -0.020743 
643 -0.013681 
644 0.009753 
645 -0.025503 
646 0.047957 
647 -0.048205 
648 0.074473 
649 -0.064701 
650 0.057494 
651 -0.067686 
652 0.030556 
653 -0.029834 
654 0.011643 
655 -0.013026 
656 -0.029072 
657 0.022884 
658 -0.030299 
659 0.031133 
660 -0.042826 
661 0.012237 
662 -0.006377 
663 0.011507 
664 0.007879 
665 -0.020144 
666 -0.000799 
667 0.002184 
668 0.014019 
669 -0.026614 
670 -0.029829 
671 -0.036407 
672 -0.001769 
673 0.019046 
674 0.007837 
675 0.011766 
676 -0.023466 
677 -0.007070 
678 0.000212 
679 0.011120 
680 -0.004724 
681 -0.047467 
682 -0.020262 
683 -0.007840 
684 0.032481 
685 0.001273 
686 0.008105 
687 -0.010992 
688 -0.019418 
689 0.017397 
690 -0.025219 
691 0.023424 
692 -0.027795 
693 0.008034 
694 -0.011117 
695 -0.013464 
696 -0.000617 
697 -0.032905 
698 0.033056 
699 -0.038835 
700 0.045076 
701 -0.023769 
702 0.035153 
703 0.007771 
704 -0.028002 
705 0.022487 
706 -0.043997 
707 0.036519 
708 -0.055805 
709 0.008267 
710 -0.013383 
711 0.008364 
712 0.010335 
713 -0.021900 
714 0.063715 
715 -0.044117 
716 0.026738 
717 -0.074414 
718 0.058267 
719 0.003883 
720 0.025104 
721 -0.019867 
722 -0.026545 
723 0.018113 
724 -0.003090 
725 0.041692 
726 -0.047687 
727 0.001452 
728 -0.048706 
729 0.028423 
730 0.014601 
731 0.004288 
732 0.008866 
733 -0.007499 
734 0.013894 
735 -0.010068 
736 -0.000002 
737 0.013551 
738 0.003559 
739 0.021691 
740 -0.026770 
741 0.030656 
742 -0.032056 
743 0.029423 
744 -0.020073 
745 0.030370 
746 -0.030424 
747 -0.001190 
748 0.004990 
749 0.030396 
750 0.007378 
751 -0.017138 
752 -0.000602 
753 0.004045 
754 0.027706 
755 0.003495 
756 -0.000094 
757 0.019582 
758 0.001196 
759 0.023867 
760 -0.019563 
761 -0.019102 
762 -0.006208 
763 -0.006939 
764 0.049250 
765 -0.049753 
766 0.061169 
767 -0.063306 
768 0.097015 
769 -0.058160 
770 0.062019 
771 -0.043177 
772 0.001607 
773 0.014039 
774 -0.002747 
775 0.059768 
776 -0.027072 
777 0.008784 
778 -0.035696 
779 0.010019 
780 0.013635 
781 -0.010619 
782 0.034934 
783 -0.024888 
784 0.043401 
785 -0.018826 
786 0.040447 
787 -0.008458 
788 -0.010654 
789 -0.001651 
790 0.000165 
791 0.021470 
792 -0.021820 
793 0.050882 
794 -0.002844 
795 0.051594 
796 -0.040078 
797 0.007026 
798 -0.009957 
799 -0.018358 
800 -0.006840 
801 -0.031548 
802 0.047446 
803 0.010873 
804 0.055868 
805 -0.017141 
806 0.017843 
807 -0.023038 
808 0.006787 
809 0.016189 
810 -0.012423 
811 0.005028 
812 -0.049317 
813 0.027020 
814 0.008097 
815 0.040586 
816 -0.020573 
817 -0.016437 
818 -0.038781 
819 0.007155 
820 0.047180 
821 0.030933 
822 0.010743 
823 -0.022051 
824 -0.018635 
825 0.030437 
826 -0.011597 
827 -0.012127 
828 -0.032964 
829 0.012121 
830 0.029539 
831 0.004512 
832 0.013065 
833 -0.012983 
834 0.031131 
835 -0.032773 
836 -0.006141 
837 -0.041052 
838 0.009876 
839 0.021506 
840 -0.016483 
841 0.039221 
842 -0.031997 
843 0.068584 
844 -0.036589 
845 0.046276 
846 -0.068763 
847 0.003125 
848 -0.029920 
849 0.013485 
850 0.023671 
851 -0.032637 
852 -0.004675 
853 -0.033803 
854 0.028012 
855 0.022879 
856 -0.006722 
857 0.008476 
858 -0.046686 
859 0.029047 
860 -0.017837 
861 0.053629 
862 -0.045184 
863 0.030156 
864 -0.051126 
865 0.015020 
866 -0.011513 
867 0.016541 
868 -0.016377 
869 -0.014603 
870 -0.003243 
871 -0.030480 
872 0.012044 
873 0.003736 
874 0.033015 
875 -0.005521 
876 -0.040414 
877 0.028815 
878 -0.020744 
879 0.053771 
880 -0.057447 
881 0.008939 
882 -0.029279 
883 0.001554 
884 0.009029 
885 -0.012750 
886 0.035005 
887 -0.051080 
888 0.039591 
889 -0.055676 
890 0.059869 
891 -0.050319 
892 0.037397 
893 -0.035070 
894 0.021900 
895 -0.002844 
896 0.025007 
897 -0.015789 
898 -0.031887 
899 -0.003736 
900 0.034168 
901 0.003418 
902 0.000026 
903 -0.080078 
904 0.048388 
905 -0.017235 
906 0.025283 
907 -0.051457 
908 -0.010119 
909 0.015886 
910 0.001983 
911 0.058364 
912 -0.020178 
913 0.027645 
914 -0.038120 
915 0.011361 
916 -0.023392 
917 -0.035734 
918 0.009462 
919 -0.038634 
920 0.053357 
921 -0.023470 
922 0.041334 
923 0.006890 
924 0.008588 
925 -0.002518 
926 -0.009623 
927 0.010516 
928 -0.029308 
929 0.015429 
930 -0.021845 
931 0.034548 
932 -0.015954 
933 -0.014764 
934 0.006639 
935 -0.026117 
936 0.040901 
937 -0.058899 
938 0.061497 
939 -0.040991 
940 0.085494 
941 -0.053988 
942 0.051129 
943 -0.071656 
944 0.025314 
945 -0.033546 
946 -0.013536 
947 -0.014549 
948 -0.039537 
949 0.046914 
950 0.009104 
951 0.063055 
952 0.002888 
953 -0.003736 
954 -0.033046 
955 -0.061365 
956 0.034266 
957 -0.025627 
958 0.017068 
959 -0.047009 
960 0.002190 
961 0.026485 
962 0.023771 
963 0.034993 
964 -0.023031 
965 0.002500 
966 -0.034207 
967 0.012057 
968 -0.021574 
969 0.021319 
970 0.008696 
971 0.022990 
972 0.009175 
973 -0.006634 
974 -0.012161 
975 0.013768 
976 -0.021005 
977 -0.004020 
978 -0.060275 
979 0.039648 
980 0.006427 
981 0.064705 
982 -0.045707 
983 0.026029 
984 -0.001806 
985 0.036251 
986 0.001730 
987 -0.054356 
988 -0.005899 
989 -0.039867 
990 0.037334 
991 -0.004615 
992 0.028036 
993 -0.011555 
994 -0.033653 
995 0.028707 
996 0.004255 
997 0.055247 
998 -0.075258 
999 0.006808 
1000 -0.027015 
1001 0.029675 
1002 0.016822 
1003 -0.000220 
1004 0.019719 
1005 -0.020747 
1006 0.028698 
1007 -0.022977 
1008 0.035530 
1009 -0.033481 
1010 0.010845 
1011 -0.028999 
1012 0.007864 
1013 0.000910 
1014 -0.006513 
1015 0.040066 
1016 -0.020882 
1017 0.035845 
1018 -0.041224 
1019 0.039779 
1020 -0.041459 
1021 -0.005750 
1022 0.020871 
1023 -0.009389 
