0 -0.096784 
1 0.073840 
2 -0.051931 
3 0.067245 
4 -0.036014 
5 0.089213 
6 0.035162 
7 0.089425 
8 0.056474 
9 0.052314 
10 0.030135 
11 -0.055021 
12 -0.019278 
13 -0.117477 
14 0.010463 
15 -0.064413 
16 0.112134 
17 0.012470 
18 0.155666 
19 0.051488 
20 0.129370 
21 0.050863 
22 0.059739 
23 0.022794 
24 -0.068021 
25 -0.042728 
26 -0.165129 
27 -0.057193 
28 -0.120329 
29 0.102476 
30 0.099689 
31 0.270155 
32 0.162672 
33 0.192694 
34 -0.000506 
35 -0.045091 
36 -0.199107 
37 -0.122190 
38 -0.163567 
39 0.018327 
40 -0.016885 
41 0.186282 
42 0.019802 
43 0.171275 
44 -0.044034 
45 0.150813 
46 -0.064342 
47 0.090269 
48 -0.072775 
49 0.055844 
50 -0.029016 
51 0.021124 
52 0.058812 
53 -0.004234 
54 0.080970 
55 -0.069700 
56 0.096355 
57 -0.092084 
58 0.086508 
59 -0.068773 
60 0.084787 
61 -0.033647 
62 0.045082 
63 0.004432 
64 -0.000103 
65 0.020094 
66 -0.021972 
67 0.026733 
68 -0.018253 
69 0.018638 
70 0.001683 
71 0.000335 
72 0.010159 
73 -0.017906 
74 0.033273 
75 0.002972 
76 0.037197 
77 0.016040 
78 0.004859 
79 0.023832 
80 -0.034013 
81 0.025897 
82 -0.072715 
83 0.015476 
84 -0.047602 
85 0.051143 
86 -0.003030 
87 0.056960 
88 0.018379 
89 0.048234 
90 -0.018806 
91 0.008188 
92 -0.064469 
93 0.020656 
94 -0.079240 
95 0.052751 
96 -0.065732 
97 0.079506 
98 -0.054354 
99 0.026970 
100 -0.032437 
101 -0.013424 
102 0.038051 
103 -0.060221 
104 0.092557 
105 -0.126869 
106 0.116718 
107 -0.131239 
108 0.130273 
109 -0.150612 
110 0.081983 
111 -0.118445 
112 0.052762 
113 -0.072016 
114 0.038343 
115 -0.024506 
116 -0.003079 
117 -0.036145 
118 -0.011012 
119 -0.021903 
120 0.010910 
121 -0.037926 
122 -0.008034 
123 -0.048382 
124 -0.003059 
125 -0.034944 
126 -0.034297 
127 -0.000351 
128 -0.063233 
129 0.032356 
130 -0.103855 
131 0.088530 
132 -0.136483 
133 0.091674 
134 -0.171921 
135 0.102157 
136 -0.155286 
137 0.102878 
138 -0.116004 
139 0.049522 
140 -0.093424 
141 -0.017139 
142 -0.027755 
143 -0.061969 
144 0.038087 
145 -0.099090 
146 0.069758 
147 -0.121563 
148 0.072451 
149 -0.146202 
150 0.045588 
151 -0.128995 
152 0.019726 
153 -0.086811 
154 0.027519 
155 -0.058917 
156 0.012095 
157 -0.078619 
158 0.038767 
159 -0.107368 
160 0.076189 
161 -0.131368 
162 0.091466 
163 -0.171181 
164 0.095023 
165 -0.157448 
166 0.049455 
167 -0.112631 
168 0.000552 
169 -0.039034 
170 -0.052649 
171 0.053700 
172 -0.084720 
173 0.089100 
174 -0.103315 
175 0.067271 
176 -0.114873 
177 0.037023 
178 -0.067760 
179 -0.016000 
180 -0.041045 
181 -0.007973 
182 0.002876 
183 -0.006582 
184 -0.000174 
185 0.013944 
186 -0.032688 
187 0.000086 
188 -0.049952 
189 0.012128 
190 -0.016565 
191 0.029007 
192 0.012596 
193 -0.006919 
194 0.028369 
195 -0.021280 
196 0.031313 
197 -0.026917 
198 0.008069 
199 -0.005037 
200 -0.006790 
201 0.042854 
202 -0.021946 
203 0.060253 
204 -0.038928 
205 0.040200 
206 -0.036544 
207 0.031883 
208 0.030468 
209 0.025784 
210 0.059866 
211 -0.012614 
212 0.054717 
213 -0.046759 
214 0.053642 
215 -0.023810 
216 0.035733 
217 0.002061 
218 0.029378 
219 0.022925 
220 0.001112 
221 0.037251 
222 0.017910 
223 0.044687 
224 0.038061 
225 0.042172 
226 0.044019 
227 -0.005608 
228 0.034527 
229 -0.019316 
230 0.040618 
231 -0.010215 
232 0.054561 
233 0.015308 
234 0.040203 
235 0.052574 
236 0.014688 
237 0.069483 
238 -0.028014 
239 0.090149 
240 -0.049744 
241 0.107059 
242 -0.052307 
243 0.110660 
244 -0.053476 
245 0.088502 
246 -0.025107 
247 0.084891 
248 -0.000879 
249 0.065436 
250 0.007777 
251 0.050389 
252 -0.009845 
253 0.052692 
254 -0.010320 
255 0.058892 
256 -0.032624 
257 0.057244 
258 -0.015906 
259 0.074191 
260 0.028637 
261 0.059875 
262 0.052575 
263 0.015200 
264 0.050733 
265 -0.030445 
266 0.037314 
267 -0.035831 
268 0.043699 
269 -0.006940 
270 0.044214 
271 0.022184 
272 0.029105 
273 0.024919 
274 0.014732 
275 -0.000720 
276 0.021821 
277 -0.020721 
278 0.069662 
279 -0.021048 
280 0.099077 
281 -0.047518 
282 0.086961 
283 -0.052823 
284 0.042464 
285 -0.025016 
286 0.008287 
287 0.022627 
288 -0.036337 
289 0.081624 
290 -0.042301 
291 0.110498 
292 -0.051082 
293 0.094672 
294 -0.066421 
295 0.031718 
296 -0.032737 
297 0.024970 
298 0.002843 
299 -0.001671 
300 0.024956 
301 0.007969 
302 0.019951 
303 0.036415 
304 -0.005874 
305 0.045529 
306 -0.077651 
307 0.053238 
308 -0.106505 
309 0.070342 
310 -0.107564 
311 0.080400 
312 -0.070836 
313 0.065864 
314 -0.026461 
315 0.036682 
316 0.003100 
317 -0.021746 
318 0.008084 
319 -0.057637 
320 0.015169 
321 -0.074600 
322 0.016343 
323 -0.056448 
324 0.024143 
325 -0.042844 
326 0.039112 
327 -0.039381 
328 0.038878 
329 -0.055223 
330 0.066151 
331 -0.072786 
332 0.067005 
333 -0.096570 
334 0.051848 
335 -0.116255 
336 0.044157 
337 -0.074620 
338 0.015017 
339 -0.047119 
340 -0.002982 
341 -0.001648 
342 -0.034375 
343 0.024910 
344 -0.043935 
345 0.021522 
346 -0.069488 
347 0.023765 
348 -0.064077 
349 0.015432 
350 -0.069854 
351 0.015173 
352 -0.090510 
353 0.032657 
354 -0.091836 
355 0.070218 
356 -0.106633 
357 0.106261 
358 -0.121279 
359 0.094537 
360 -0.142896 
361 0.065239 
362 -0.142162 
363 0.021194 
364 -0.086167 
365 0.004893 
366 0.003670 
367 -0.018085 
368 0.058240 
369 -0.088395 
370 0.068707 
371 -0.131470 
372 0.081002 
373 -0.141878 
374 0.088803 
375 -0.130088 
376 0.074978 
377 -0.124959 
378 0.049181 
379 -0.104492 
380 0.063593 
381 -0.079943 
382 0.063300 
383 -0.070564 
384 0.091307 
385 -0.066069 
386 0.078427 
387 -0.085718 
388 0.051915 
389 -0.101845 
390 0.032784 
391 -0.072583 
392 0.011554 
393 -0.033025 
394 0.001588 
395 0.007621 
396 -0.040250 
397 0.054146 
398 -0.039137 
399 0.092684 
400 -0.063938 
401 0.103506 
402 -0.096064 
403 0.076473 
404 -0.125084 
405 0.062546 
406 -0.123362 
407 0.093704 
408 -0.075073 
409 0.097840 
410 -0.062136 
411 0.090626 
412 -0.049817 
413 0.058968 
414 -0.038631 
415 0.036950 
416 -0.013607 
417 0.005101 
418 0.006947 
419 -0.002275 
420 0.038997 
421 -0.023973 
422 0.035177 
423 -0.036463 
424 0.056169 
425 -0.028214 
426 0.056007 
427 -0.021604 
428 0.053443 
429 -0.021597 
430 0.066179 
431 -0.024549 
432 0.057437 
433 -0.049409 
434 0.070260 
435 -0.060280 
436 0.082200 
437 -0.044865 
438 0.107159 
439 -0.042311 
440 0.085236 
441 -0.024106 
442 0.067098 
443 -0.002607 
444 0.020210 
445 0.021211 
446 -0.020008 
447 0.051532 
448 -0.044074 
449 0.075855 
450 -0.052603 
451 0.115988 
452 -0.038694 
453 0.129527 
454 -0.029822 
455 0.114478 
456 -0.063303 
457 0.063224 
458 -0.064874 
459 0.052995 
460 -0.036612 
461 0.070413 
462 0.008867 
463 0.064323 
464 0.000636 
465 0.035343 
466 -0.007050 
467 0.025069 
468 0.004128 
469 0.049323 
470 0.025998 
471 0.058424 
472 0.035563 
473 0.049750 
474 0.015677 
475 0.002239 
476 -0.002103 
477 -0.016807 
478 0.018813 
479 -0.008064 
480 0.057525 
481 0.016396 
482 0.073419 
483 0.010148 
484 0.064266 
485 -0.001213 
486 0.055708 
487 -0.009206 
488 0.042437 
489 -0.024928 
490 0.039131 
491 -0.023576 
492 0.050225 
493 -0.011341 
494 0.053075 
495 0.017382 
496 0.047215 
497 0.024510 
498 0.013368 
499 0.039714 
500 -0.021365 
501 0.032086 
502 -0.029619 
503 0.040705 
504 -0.005193 
505 0.031747 
506 0.040729 
507 0.018004 
508 0.066756 
509 -0.013617 
510 0.063502 
511 -0.049315 
512 0.044234 
513 -0.034016 
514 0.029088 
515 -0.001323 
516 0.012924 
517 0.028140 
518 -0.028982 
519 0.049018 
520 -0.031483 
521 0.047100 
522 -0.032064 
523 0.051688 
524 -0.012169 
525 0.031851 
526 -0.018273 
527 0.015476 
528 -0.029304 
529 0.008594 
530 -0.025666 
531 0.029618 
532 -0.036699 
533 0.025685 
534 -0.053484 
535 0.028931 
536 -0.039817 
537 0.039556 
538 -0.019475 
539 0.030160 
540 -0.008084 
541 0.004315 
542 -0.001852 
543 -0.025339 
544 -0.008153 
545 -0.056359 
546 0.004216 
547 -0.060523 
548 0.021615 
549 -0.043220 
550 0.049498 
551 -0.053632 
552 0.043414 
553 -0.069455 
554 0.029332 
555 -0.081040 
556 0.036455 
557 -0.073186 
558 0.030842 
559 -0.057962 
560 0.046017 
561 -0.056627 
562 -0.001077 
563 -0.056803 
564 -0.029298 
565 -0.035898 
566 -0.051115 
567 0.020121 
568 -0.074237 
569 0.059564 
570 -0.109171 
571 0.070163 
572 -0.139825 
573 0.092831 
574 -0.130428 
575 0.082236 
576 -0.120322 
577 0.055756 
578 -0.095906 
579 0.026047 
580 -0.068217 
581 -0.007511 
582 -0.055979 
583 -0.010609 
584 -0.051332 
585 -0.020101 
586 -0.044349 
587 0.003604 
588 -0.033976 
589 -0.001666 
590 -0.021535 
591 -0.035391 
592 -0.004718 
593 -0.063957 
594 0.041912 
595 -0.108975 
596 0.093858 
597 -0.134244 
598 0.100935 
599 -0.180858 
600 0.108445 
601 -0.170097 
602 0.102086 
603 -0.135136 
604 0.109416 
605 -0.106914 
606 0.072405 
607 -0.092106 
608 0.039735 
609 -0.074265 
610 0.030115 
611 -0.038398 
612 0.017167 
613 -0.014442 
614 -0.006936 
615 -0.005569 
616 -0.068149 
617 0.009481 
618 -0.094340 
619 0.058537 
620 -0.100642 
621 0.095892 
622 -0.111877 
623 0.127242 
624 -0.103468 
625 0.117005 
626 -0.106103 
627 0.098455 
628 -0.104604 
629 0.060345 
630 -0.082445 
631 0.053230 
632 -0.059666 
633 0.022711 
634 -0.038959 
635 0.013183 
636 -0.008510 
637 0.031300 
638 0.027255 
639 0.005188 
640 0.010304 
641 -0.026420 
642 0.019376 
643 -0.048204 
644 0.050200 
645 -0.050584 
646 0.089273 
647 -0.062132 
648 0.106117 
649 -0.080538 
650 0.107512 
651 -0.104208 
652 0.087954 
653 -0.087439 
654 0.090126 
655 -0.044001 
656 0.079697 
657 -0.008987 
658 0.039291 
659 0.004202 
660 0.000080 
661 0.019866 
662 -0.017356 
663 0.045291 
664 -0.020679 
665 0.059417 
666 -0.022469 
667 0.079219 
668 -0.037174 
669 0.065099 
670 -0.053692 
671 0.078277 
672 -0.058299 
673 0.080080 
674 -0.049215 
675 0.095109 
676 -0.027170 
677 0.082100 
678 -0.023050 
679 0.055664 
680 -0.005436 
681 0.043882 
682 0.017333 
683 0.026971 
684 0.026098 
685 0.012396 
686 0.020238 
687 -0.007184 
688 0.028306 
689 0.008595 
690 0.051393 
691 0.016405 
692 0.060712 
693 0.006884 
694 0.067434 
695 -0.016375 
696 0.065764 
697 -0.023210 
698 0.084068 
699 -0.017434 
700 0.086261 
701 -0.022021 
702 0.070509 
703 -0.024315 
704 0.031876 
705 -0.020194 
706 0.022697 
707 0.028030 
708 0.037045 
709 0.068797 
710 0.029175 
711 0.075055 
712 0.003697 
713 0.047120 
714 -0.021301 
715 0.037557 
716 -0.012980 
717 0.030436 
718 0.005893 
719 0.052576 
720 0.037119 
721 0.052544 
722 0.020657 
723 0.027796 
724 0.002784 
725 0.031279 
726 0.001214 
727 0.008461 
728 -0.011563 
729 0.020517 
730 0.021551 
731 0.035566 
732 0.063879 
733 0.037012 
734 0.051359 
735 -0.009676 
736 0.024337 
737 -0.031805 
738 0.020583 
739 -0.014680 
740 0.017112 
741 0.002344 
742 0.031763 
743 0.043211 
744 0.027417 
745 0.031040 
746 0.009777 
747 0.001945 
748 -0.000952 
749 -0.004507 
750 0.027555 
751 -0.006384 
752 0.046265 
753 0.003061 
754 0.047866 
755 -0.006631 
756 0.008448 
757 -0.017127 
758 -0.024718 
759 0.012979 
760 -0.033896 
761 0.048097 
762 -0.021385 
763 0.075815 
764 -0.026336 
765 0.071096 
766 -0.017568 
767 0.034762 
768 -0.030556 
769 -0.003125 
770 -0.029262 
771 -0.025005 
772 0.003614 
773 -0.003005 
774 0.010871 
775 -0.009608 
776 0.030182 
777 0.008367 
778 -0.003138 
779 -0.000598 
780 -0.007154 
781 0.006531 
782 -0.033716 
783 0.020085 
784 -0.031112 
785 0.042569 
786 -0.035453 
787 0.049104 
788 -0.053172 
789 0.034309 
790 -0.074846 
791 0.020508 
792 -0.067759 
793 0.039092 
794 -0.034885 
795 0.052616 
796 -0.028851 
797 0.046522 
798 -0.043339 
799 0.031681 
800 -0.062167 
801 0.033430 
802 -0.048823 
803 0.053427 
804 -0.044487 
805 0.039825 
806 -0.038104 
807 0.013144 
808 -0.036235 
809 -0.000117 
810 -0.020084 
811 -0.028573 
812 -0.000138 
813 -0.017222 
814 0.022901 
815 -0.035598 
816 0.032721 
817 -0.049820 
818 0.035737 
819 -0.069714 
820 0.071503 
821 -0.086605 
822 0.070558 
823 -0.129286 
824 0.070823 
825 -0.125397 
826 0.088361 
827 -0.087879 
828 0.059048 
829 -0.066609 
830 0.015131 
831 -0.033226 
832 -0.030276 
833 0.005410 
834 -0.050525 
835 0.043285 
836 -0.035577 
837 0.055688 
838 -0.046687 
839 0.030823 
840 -0.062214 
841 -0.007137 
842 -0.075053 
843 0.008505 
844 -0.067613 
845 0.031231 
846 -0.068433 
847 0.066035 
848 -0.073724 
849 0.090471 
850 -0.071660 
851 0.082550 
852 -0.103073 
853 0.059085 
854 -0.105545 
855 0.039316 
856 -0.086415 
857 0.040453 
858 -0.064950 
859 0.019012 
860 -0.027378 
861 -0.000583 
862 -0.027120 
863 -0.052733 
864 0.015908 
865 -0.057243 
866 0.041938 
867 -0.079308 
868 0.055954 
869 -0.080956 
870 0.047107 
871 -0.069921 
872 0.022413 
873 -0.059578 
874 -0.000432 
875 -0.037651 
876 -0.022363 
877 -0.033634 
878 -0.017527 
879 -0.031220 
880 -0.016600 
881 -0.026108 
882 0.003890 
883 -0.018138 
884 -0.012546 
885 -0.007547 
886 -0.019366 
887 0.006104 
888 -0.041969 
889 0.016072 
890 -0.064676 
891 0.010410 
892 -0.063597 
893 0.040291 
894 -0.039986 
895 0.033985 
896 -0.052302 
897 0.031469 
898 -0.068759 
899 0.046079 
900 -0.077776 
901 0.085806 
902 -0.093897 
903 0.069716 
904 -0.102497 
905 0.070232 
906 -0.067113 
907 0.051299 
908 -0.006368 
909 0.019093 
910 0.009489 
911 -0.058331 
912 0.004321 
913 -0.093933 
914 0.008803 
915 -0.066068 
916 0.042234 
917 -0.042533 
918 0.048370 
919 -0.023444 
920 0.066263 
921 -0.060214 
922 0.070803 
923 -0.087496 
924 0.095519 
925 -0.125217 
926 0.076819 
927 -0.126092 
928 0.050638 
929 -0.100860 
930 0.014713 
931 -0.016938 
932 -0.013922 
933 0.037272 
934 -0.050771 
935 0.055417 
936 -0.065241 
937 0.058335 
938 -0.037558 
939 0.027595 
940 -0.035106 
941 -0.012714 
942 -0.027800 
943 -0.022783 
944 -0.019263 
945 0.026995 
946 -0.024112 
947 0.051967 
948 -0.057052 
949 0.072645 
950 -0.088760 
951 0.065857 
952 -0.084125 
953 0.047883 
954 -0.067931 
955 0.021521 
956 -0.041240 
957 -0.007733 
958 0.001560 
959 0.003556 
960 0.030873 
961 -0.008267 
962 0.042170 
963 -0.032527 
964 0.013409 
965 -0.065191 
966 0.016081 
967 -0.082698 
968 0.025335 
969 -0.062273 
970 0.059639 
971 -0.029836 
972 0.062274 
973 -0.005065 
974 0.006957 
975 -0.006284 
976 -0.053428 
977 0.014783 
978 -0.053487 
979 0.062072 
980 -0.060035 
981 0.061994 
982 -0.062309 
983 0.046278 
984 -0.082126 
985 0.033067 
986 -0.070425 
987 0.037017 
988 -0.057764 
989 0.075915 
990 -0.042941 
991 0.075374 
992 -0.053940 
993 0.058477 
994 -0.081174 
995 0.034721 
996 -0.052147 
997 0.018816 
998 -0.038812 
999 0.011871 
1000 -0.001839 
1001 0.002783 
1002 0.020952 
1003 0.014728 
1004 0.033651 
1005 0.010243 
1006 0.020096 
1007 -0.010268 
1008 -0.004609 
1009 -0.031859 
1010 -0.039437 
1011 -0.049054 
1012 -0.014097 
1013 0.020940 
1014 0.020512 
1015 0.075905 
1016 0.034926 
1017 0.082414 
1018 -0.027199 
1019 0.071290 
1020 -0.060493 
1021 0.069114 
1022 -0.082690 
1023 0.059829 
