0 0.000082 
1 0.000142 
2 -0.000011 
3 -0.000188 
4 -0.000244 
5 -0.000308 
6 -0.000275 
7 -0.000116 
8 -0.000024 
9 -0.000003 
10 0.000037 
11 0.000133 
12 0.000186 
13 0.000080 
14 -0.000106 
15 -0.000262 
16 -0.000254 
17 -0.000112 
18 -0.000070 
19 -0.000106 
20 -0.000043 
21 0.000094 
22 0.000194 
23 0.000114 
24 -0.000081 
25 -0.000190 
26 -0.000158 
27 -0.000042 
28 -0.000057 
29 -0.000171 
30 -0.000083 
31 0.000090 
32 0.000157 
33 0.000159 
34 0.000080 
35 -0.000048 
36 -0.000109 
37 -0.000096 
38 -0.000069 
39 -0.000111 
40 -0.000119 
41 -0.000019 
42 0.000096 
43 0.000221 
44 0.000229 
45 0.000080 
46 -0.000030 
47 -0.000097 
48 -0.000145 
49 -0.000173 
50 -0.000216 
51 -0.000194 
52 -0.000076 
53 0.000153 
54 0.000372 
55 0.000281 
56 0.000094 
57 0.000086 
58 0.000117 
59 0.000097 
60 -0.000065 
61 -0.000378 
62 -0.000515 
63 -0.000201 
64 0.000304 
65 0.000412 
66 0.000192 
67 0.000205 
68 0.000285 
69 0.000210 
70 0.000098 
71 -0.000099 
72 -0.000238 
73 -0.000166 
74 0.000028 
75 0.000218 
76 0.000295 
77 0.000324 
78 0.000314 
79 0.000269 
80 0.000331 
81 0.000240 
82 -0.000086 
83 -0.000212 
84 -0.000137 
85 0.000030 
86 0.000225 
87 0.000337 
88 0.000321 
89 0.000243 
90 0.000376 
91 0.000544 
92 0.000311 
93 -0.000017 
94 -0.000087 
95 -0.000049 
96 0.000175 
97 0.000419 
98 0.000416 
99 0.000324 
100 0.000378 
101 0.000537 
102 0.000341 
103 -0.000047 
104 -0.000116 
105 0.000031 
106 0.000235 
107 0.000370 
108 0.000227 
109 0.000172 
110 0.000444 
111 0.000713 
112 0.000751 
113 0.000411 
114 -0.000034 
115 -0.000227 
116 -0.000005 
117 0.000419 
118 0.000333 
119 -0.000050 
120 0.000087 
121 0.000544 
122 0.000789 
123 0.000623 
124 0.000284 
125 0.000155 
126 0.000267 
127 0.000525 
128 0.000647 
129 0.000448 
130 0.000334 
131 0.000236 
132 0.000066 
133 0.000221 
134 0.000334 
135 0.000157 
136 0.000173 
137 0.000444 
138 0.000701 
139 0.000670 
140 0.000393 
141 0.000191 
142 0.000185 
143 0.000482 
144 0.000640 
145 0.000446 
146 0.000514 
147 0.000644 
148 0.000460 
149 0.000288 
150 0.000097 
151 -0.000073 
152 0.000048 
153 0.000387 
154 0.000642 
155 0.000386 
156 0.000285 
157 0.000711 
158 0.000862 
159 0.000765 
160 0.000572 
161 -0.000053 
162 -0.000642 
163 -0.000440 
164 0.000537 
165 0.001122 
166 0.000752 
167 0.000340 
168 0.000379 
169 0.000773 
170 0.001135 
171 0.000576 
172 -0.000282 
173 -0.000561 
174 -0.000597 
175 -0.000203 
176 0.000614 
177 0.000974 
178 0.000470 
179 0.000021 
180 0.000691 
181 0.001374 
182 0.000890 
183 0.000242 
184 -0.000041 
185 -0.000038 
186 0.000130 
187 0.000010 
188 -0.000329 
189 -0.000287 
190 0.000167 
191 0.000433 
192 0.000178 
193 0.000230 
194 0.000637 
195 0.000521 
196 0.000252 
197 0.000018 
198 -0.000340 
199 -0.000092 
200 0.000713 
201 0.001096 
202 0.000648 
203 -0.000113 
204 -0.000458 
205 -0.000465 
206 -0.000015 
207 0.000434 
208 -0.000091 
209 -0.000603 
210 -0.000064 
211 0.000755 
212 0.001268 
213 0.000930 
214 -0.000187 
215 -0.000798 
216 -0.000017 
217 0.001332 
218 0.001327 
219 -0.000005 
220 -0.000669 
221 -0.000756 
222 -0.000663 
223 -0.000143 
224 0.000029 
225 -0.000209 
226 -0.000186 
227 0.000209 
228 0.000652 
229 0.000383 
230 -0.000302 
231 -0.000815 
232 -0.000791 
233 -0.000078 
234 0.000104 
235 -0.000356 
236 0.000065 
237 0.000695 
238 0.000597 
239 0.000233 
240 -0.000242 
241 -0.000710 
242 -0.000821 
243 -0.000354 
244 0.000026 
245 -0.000551 
246 -0.000837 
247 -0.000369 
248 0.000186 
249 0.000810 
250 0.000791 
251 -0.000095 
252 -0.000514 
253 -0.000107 
254 0.000432 
255 0.000325 
256 -0.000136 
257 -0.000186 
258 -0.000279 
259 -0.000203 
260 0.000068 
261 -0.000483 
262 -0.000934 
263 -0.000412 
264 0.000287 
265 0.000574 
266 0.000114 
267 -0.000779 
268 -0.001395 
269 -0.001068 
270 -0.000078 
271 -0.000094 
272 -0.000295 
273 0.000798 
274 0.001238 
275 0.000464 
276 -0.000192 
277 -0.000949 
278 -0.001729 
279 -0.001963 
280 -0.001317 
281 -0.000353 
282 -0.000051 
283 0.000239 
284 0.000430 
285 0.000312 
286 0.000594 
287 0.000133 
288 -0.001024 
289 -0.000990 
290 -0.000065 
291 0.000230 
292 -0.000623 
293 -0.001665 
294 -0.001727 
295 -0.001094 
296 0.000378 
297 0.001529 
298 0.000694 
299 -0.000295 
300 -0.000515 
301 -0.000656 
302 -0.000291 
303 -0.000441 
304 -0.001716 
305 -0.002261 
306 -0.000605 
307 0.001668 
308 0.001610 
309 0.000033 
310 -0.000894 
311 -0.001333 
312 -0.000873 
313 -0.000216 
314 -0.000918 
315 -0.001548 
316 -0.000956 
317 0.000216 
318 0.000897 
319 0.000354 
320 -0.000552 
321 -0.000920 
322 -0.000338 
323 0.000776 
324 0.000385 
325 -0.000659 
326 -0.000517 
327 -0.000191 
328 -0.000281 
329 -0.000585 
330 -0.000940 
331 -0.001172 
332 -0.001350 
333 -0.000689 
334 0.000083 
335 0.000137 
336 0.000608 
337 0.000525 
338 -0.000370 
339 -0.000439 
340 -0.000734 
341 -0.001317 
342 -0.000427 
343 0.001126 
344 0.001026 
345 -0.000485 
346 -0.001102 
347 -0.001107 
348 -0.001783 
349 -0.001611 
350 -0.000838 
351 -0.000853 
352 -0.000249 
353 0.001421 
354 0.002870 
355 0.002745 
356 0.000134 
357 -0.002749 
358 -0.003079 
359 -0.000972 
360 0.000722 
361 -0.000092 
362 -0.000311 
363 0.001231 
364 0.001889 
365 0.001855 
366 0.001519 
367 -0.000494 
368 -0.002538 
369 -0.002129 
370 -0.000035 
371 0.000666 
372 -0.000105 
373 0.000009 
374 0.000436 
375 0.000830 
376 0.001889 
377 0.001487 
378 -0.000191 
379 -0.001096 
380 -0.001370 
381 -0.001175 
382 -0.001335 
383 -0.002004 
384 -0.001935 
385 -0.000193 
386 0.002271 
387 0.002422 
388 0.000676 
389 0.000200 
390 -0.000173 
391 -0.001331 
392 -0.001573 
393 -0.001530 
394 -0.001548 
395 -0.000549 
396 0.001820 
397 0.003350 
398 0.002182 
399 0.000381 
400 -0.000637 
401 -0.001703 
402 -0.001845 
403 -0.002038 
404 -0.003156 
405 -0.002704 
406 -0.000017 
407 0.002782 
408 0.003428 
409 0.002203 
410 0.001196 
411 0.000512 
412 0.000114 
413 -0.000264 
414 -0.001500 
415 -0.001997 
416 -0.001522 
417 -0.001699 
418 -0.001190 
419 0.000120 
420 0.000345 
421 -0.000278 
422 -0.000315 
423 0.000887 
424 0.001014 
425 -0.000037 
426 -0.000059 
427 -0.000405 
428 -0.001088 
429 -0.001015 
430 -0.001373 
431 -0.001430 
432 0.000528 
433 0.002754 
434 0.002109 
435 -0.001541 
436 -0.003896 
437 -0.003338 
438 -0.001614 
439 -0.000017 
440 -0.000508 
441 -0.001695 
442 -0.000212 
443 0.002343 
444 0.003617 
445 0.002767 
446 -0.000820 
447 -0.004846 
448 -0.005642 
449 -0.002642 
450 0.000086 
451 -0.000278 
452 -0.000973 
453 -0.000662 
454 0.000151 
455 0.001848 
456 0.001811 
457 -0.001170 
458 -0.003980 
459 -0.003954 
460 -0.002464 
461 -0.002109 
462 -0.001924 
463 -0.000448 
464 0.000561 
465 0.001055 
466 0.001302 
467 0.000397 
468 -0.000257 
469 -0.001504 
470 -0.004072 
471 -0.005490 
472 -0.004673 
473 -0.002888 
474 -0.001631 
475 0.000044 
476 0.002488 
477 0.002367 
478 0.000528 
479 0.000065 
480 -0.000472 
481 -0.001697 
482 -0.003027 
483 -0.004287 
484 -0.003778 
485 -0.001089 
486 0.001601 
487 0.001462 
488 -0.000685 
489 -0.000904 
490 -0.000160 
491 -0.000757 
492 -0.001692 
493 -0.003130 
494 -0.004511 
495 -0.003970 
496 -0.001565 
497 0.001227 
498 0.002199 
499 0.001428 
500 0.000200 
501 -0.000748 
502 -0.000251 
503 -0.000591 
504 -0.003986 
505 -0.006139 
506 -0.004599 
507 -0.001922 
508 -0.000121 
509 0.000268 
510 -0.000002 
511 0.000040 
512 0.001126 
513 0.001870 
514 -0.000034 
515 -0.002248 
516 -0.002948 
517 -0.003748 
518 -0.003322 
519 -0.001350 
520 -0.000196 
521 0.000066 
522 0.000552 
523 0.001739 
524 0.002387 
525 0.001081 
526 -0.001197 
527 -0.003090 
528 -0.002986 
529 -0.001253 
530 -0.000745 
531 -0.001178 
532 -0.000424 
533 0.001209 
534 0.002380 
535 0.001432 
536 -0.000859 
537 -0.002119 
538 -0.001739 
539 -0.000386 
540 -0.000556 
541 -0.001852 
542 -0.000852 
543 0.001102 
544 0.001841 
545 0.001857 
546 0.000966 
547 -0.000437 
548 -0.001087 
549 -0.000937 
550 -0.000635 
551 -0.001083 
552 -0.001162 
553 -0.000105 
554 0.001083 
555 0.002357 
556 0.002425 
557 0.000906 
558 -0.000191 
559 -0.000853 
560 -0.001320 
561 -0.001572 
562 -0.001975 
563 -0.001748 
564 -0.000606 
565 0.001545 
566 0.003558 
567 0.002682 
568 0.000957 
569 0.000883 
570 0.001152 
571 0.000965 
572 -0.000457 
573 -0.003153 
574 -0.004292 
575 -0.001587 
576 0.002662 
577 0.003527 
578 0.001681 
579 0.001769 
580 0.002392 
581 0.001767 
582 0.000876 
583 -0.000659 
584 -0.001718 
585 -0.001148 
586 0.000320 
587 0.001730 
588 0.002281 
589 0.002462 
590 0.002365 
591 0.002013 
592 0.002424 
593 0.001768 
594 -0.000492 
595 -0.001334 
596 -0.000815 
597 0.000306 
598 0.001585 
599 0.002298 
600 0.002171 
601 0.001655 
602 0.002467 
603 0.003482 
604 0.002010 
605 0.000000 
606 -0.000421 
607 -0.000191 
608 0.001121 
609 0.002519 
610 0.002470 
611 0.001921 
612 0.002198 
613 0.003049 
614 0.001943 
615 -0.000173 
616 -0.000541 
617 0.000238 
618 0.001295 
619 0.001975 
620 0.001227 
621 0.000938 
622 0.002274 
623 0.003563 
624 0.003701 
625 0.002032 
626 -0.000097 
627 -0.000999 
628 0.000038 
629 0.001980 
630 0.001574 
631 -0.000153 
632 0.000452 
633 0.002441 
634 0.003464 
635 0.002715 
636 0.001258 
637 0.000706 
638 0.001156 
639 0.002194 
640 0.002664 
641 0.001841 
642 0.001378 
643 0.000987 
644 0.000324 
645 0.000913 
646 0.001331 
647 0.000657 
648 0.000711 
649 0.001685 
650 0.002584 
651 0.002446 
652 0.001451 
653 0.000739 
654 0.000710 
655 0.001708 
656 0.002222 
657 0.001558 
658 0.001762 
659 0.002160 
660 0.001549 
661 0.000989 
662 0.000379 
663 -0.000149 
664 0.000223 
665 0.001241 
666 0.001988 
667 0.001206 
668 0.000901 
669 0.002119 
670 0.002525 
671 0.002221 
672 0.001666 
673 -0.000076 
674 -0.001674 
675 -0.001109 
676 0.001512 
677 0.003040 
678 0.002041 
679 0.000955 
680 0.001040 
681 0.002024 
682 0.002902 
683 0.001490 
684 -0.000618 
685 -0.001285 
686 -0.001353 
687 -0.000407 
688 0.001506 
689 0.002325 
690 0.001151 
691 0.000125 
692 0.001619 
693 0.003110 
694 0.002022 
695 0.000597 
696 -0.000019 
697 -0.000014 
698 0.000337 
699 0.000081 
700 -0.000614 
701 -0.000519 
702 0.000398 
703 0.000924 
704 0.000412 
705 0.000508 
706 0.001286 
707 0.001051 
708 0.000534 
709 0.000092 
710 -0.000569 
711 -0.000116 
712 0.001332 
713 0.002000 
714 0.001191 
715 -0.000147 
716 -0.000738 
717 -0.000738 
718 0.000028 
719 0.000778 
720 -0.000097 
721 -0.000934 
722 -0.000055 
723 0.001255 
724 0.002053 
725 0.001504 
726 -0.000242 
727 -0.001174 
728 0.000021 
729 0.002048 
730 0.002018 
731 0.000041 
732 -0.000921 
733 -0.001035 
734 -0.000890 
735 -0.000151 
736 0.000092 
737 -0.000239 
738 -0.000206 
739 0.000328 
740 0.000917 
741 0.000550 
742 -0.000353 
743 -0.001014 
744 -0.000973 
745 -0.000059 
746 0.000170 
747 -0.000401 
748 0.000123 
749 0.000886 
750 0.000759 
751 0.000317 
752 -0.000246 
753 -0.000786 
754 -0.000907 
755 -0.000367 
756 0.000065 
757 -0.000581 
758 -0.000891 
759 -0.000370 
760 0.000233 
761 0.000899 
762 0.000871 
763 -0.000065 
764 -0.000498 
765 -0.000074 
766 0.000473 
767 0.000359 
768 -0.000102 
769 -0.000151 
770 -0.000242 
771 -0.000167 
772 0.000095 
773 -0.000429 
774 -0.000846 
775 -0.000355 
776 0.000288 
777 0.000545 
778 0.000127 
779 -0.000664 
780 -0.001196 
781 -0.000901 
782 -0.000042 
783 -0.000055 
784 -0.000224 
785 0.000687 
786 0.001040 
787 0.000398 
788 -0.000137 
789 -0.000742 
790 -0.001352 
791 -0.001521 
792 -0.001006 
793 -0.000256 
794 -0.000026 
795 0.000191 
796 0.000329 
797 0.000239 
798 0.000440 
799 0.000106 
800 -0.000719 
801 -0.000687 
802 -0.000036 
803 0.000167 
804 -0.000415 
805 -0.001114 
806 -0.001147 
807 -0.000719 
808 0.000248 
809 0.000987 
810 0.000442 
811 -0.000188 
812 -0.000322 
813 -0.000406 
814 -0.000177 
815 -0.000267 
816 -0.001028 
817 -0.001340 
818 -0.000354 
819 0.000968 
820 0.000925 
821 0.000018 
822 -0.000504 
823 -0.000742 
824 -0.000483 
825 -0.000119 
826 -0.000497 
827 -0.000827 
828 -0.000507 
829 0.000109 
830 0.000459 
831 0.000177 
832 -0.000282 
833 -0.000462 
834 -0.000168 
835 0.000378 
836 0.000186 
837 -0.000315 
838 -0.000243 
839 -0.000086 
840 -0.000126 
841 -0.000262 
842 -0.000420 
843 -0.000519 
844 -0.000593 
845 -0.000297 
846 0.000041 
847 0.000064 
848 0.000263 
849 0.000227 
850 -0.000146 
851 -0.000172 
852 -0.000290 
853 -0.000518 
854 -0.000158 
855 0.000454 
856 0.000411 
857 -0.000175 
858 -0.000407 
859 -0.000404 
860 -0.000651 
861 -0.000581 
862 -0.000293 
863 -0.000296 
864 -0.000079 
865 0.000508 
866 0.001005 
867 0.000952 
868 0.000057 
869 -0.000910 
870 -0.001009 
871 -0.000307 
872 0.000245 
873 -0.000016 
874 -0.000085 
875 0.000399 
876 0.000599 
877 0.000582 
878 0.000474 
879 -0.000132 
880 -0.000736 
881 -0.000608 
882 0.000004 
883 0.000204 
884 -0.000016 
885 0.000016 
886 0.000134 
887 0.000241 
888 0.000525 
889 0.000412 
890 -0.000034 
891 -0.000269 
892 -0.000335 
893 -0.000281 
894 -0.000317 
895 -0.000480 
896 -0.000458 
897 -0.000030 
898 0.000562 
899 0.000591 
900 0.000175 
901 0.000063 
902 -0.000022 
903 -0.000282 
904 -0.000333 
905 -0.000319 
906 -0.000320 
907 -0.000099 
908 0.000409 
909 0.000728 
910 0.000476 
911 0.000099 
912 -0.000110 
913 -0.000323 
914 -0.000347 
915 -0.000381 
916 -0.000596 
917 -0.000502 
918 0.000014 
919 0.000540 
920 0.000653 
921 0.000421 
922 0.000233 
923 0.000110 
924 0.000038 
925 -0.000029 
926 -0.000243 
927 -0.000325 
928 -0.000241 
929 -0.000267 
930 -0.000180 
931 0.000035 
932 0.000070 
933 -0.000031 
934 -0.000036 
935 0.000152 
936 0.000170 
937 0.000008 
938 0.000005 
939 -0.000047 
940 -0.000147 
941 -0.000136 
942 -0.000186 
943 -0.000192 
944 0.000086 
945 0.000394 
946 0.000302 
947 -0.000198 
948 -0.000512 
949 -0.000433 
950 -0.000202 
951 0.000007 
952 -0.000056 
953 -0.000207 
954 -0.000018 
955 0.000300 
956 0.000454 
957 0.000345 
958 -0.000091 
959 -0.000571 
960 -0.000659 
961 -0.000302 
962 0.000017 
963 -0.000025 
964 -0.000104 
965 -0.000069 
966 0.000022 
967 0.000208 
968 0.000202 
969 -0.000122 
970 -0.000420 
971 -0.000414 
972 -0.000254 
973 -0.000216 
974 -0.000196 
975 -0.000044 
976 0.000058 
977 0.000108 
978 0.000131 
979 0.000041 
980 -0.000023 
981 -0.000143 
982 -0.000389 
983 -0.000521 
984 -0.000441 
985 -0.000270 
986 -0.000151 
987 0.000004 
988 0.000228 
989 0.000215 
990 0.000048 
991 0.000006 
992 -0.000042 
993 -0.000150 
994 -0.000266 
995 -0.000374 
996 -0.000329 
997 -0.000095 
998 0.000136 
999 0.000123 
1000 -0.000060 
1001 -0.000078 
1002 -0.000015 
1003 -0.000065 
1004 -0.000143 
1005 -0.000261 
1006 -0.000374 
1007 -0.000329 
1008 -0.000130 
1009 0.000098 
1010 0.000177 
1011 0.000114 
1012 0.000014 
1013 -0.000063 
1014 -0.000023 
1015 -0.000050 
1016 -0.000323 
1017 -0.000496 
1018 -0.000372 
1019 -0.000157 
1020 -0.000012 
1021 0.000019 
1022 -0.000002 
1023 0.000001 
