0 -0.000382 
1 -0.000509 
2 -0.000626 
3 -0.000575 
4 -0.000446 
5 -0.000379 
6 -0.000424 
7 -0.000520 
8 -0.000526 
9 -0.000441 
10 -0.000492 
11 -0.000766 
12 -0.000969 
13 -0.000861 
14 -0.000697 
15 -0.000714 
16 -0.000675 
17 -0.000425 
18 -0.000325 
19 -0.000530 
20 -0.000630 
21 -0.000447 
22 -0.000407 
23 -0.000731 
24 -0.000983 
25 -0.000869 
26 -0.000753 
27 -0.000963 
28 -0.001191 
29 -0.001082 
30 -0.000777 
31 -0.000597 
32 -0.000565 
33 -0.000542 
34 -0.000473 
35 -0.000383 
36 -0.000427 
37 -0.000750 
38 -0.001041 
39 -0.000883 
40 -0.000543 
41 -0.000598 
42 -0.000885 
43 -0.000811 
44 -0.000563 
45 -0.000705 
46 -0.001088 
47 -0.001214 
48 -0.001127 
49 -0.001105 
50 -0.001024 
51 -0.000730 
52 -0.000409 
53 -0.000331 
54 -0.000447 
55 -0.000544 
56 -0.000607 
57 -0.000759 
58 -0.000994 
59 -0.001170 
60 -0.001120 
61 -0.000788 
62 -0.000358 
63 -0.000232 
64 -0.000564 
65 -0.000874 
66 -0.000763 
67 -0.000572 
68 -0.000769 
69 -0.001039 
70 -0.000869 
71 -0.000420 
72 -0.000088 
73 0.000080 
74 0.000126 
75 -0.000033 
76 -0.000362 
77 -0.000577 
78 -0.000585 
79 -0.000513 
80 -0.000404 
81 -0.000223 
82 -0.000039 
83 0.000028 
84 -0.000053 
85 -0.000272 
86 -0.000552 
87 -0.000678 
88 -0.000501 
89 -0.000219 
90 -0.000026 
91 0.000164 
92 0.000373 
93 0.000366 
94 0.000205 
95 0.000360 
96 0.000760 
97 0.000853 
98 0.000688 
99 0.000812 
100 0.001077 
101 0.000809 
102 0.000096 
103 -0.000371 
104 -0.000440 
105 -0.000486 
106 -0.000511 
107 -0.000210 
108 0.000349 
109 0.000890 
110 0.001208 
111 0.001276 
112 0.001299 
113 0.001501 
114 0.001525 
115 0.000944 
116 0.000276 
117 0.000328 
118 0.000786 
119 0.000739 
120 0.000305 
121 0.000342 
122 0.000893 
123 0.001278 
124 0.001328 
125 0.001376 
126 0.001528 
127 0.001498 
128 0.001417 
129 0.001582 
130 0.001766 
131 0.001426 
132 0.000859 
133 0.000857 
134 0.001469 
135 0.001931 
136 0.001943 
137 0.001971 
138 0.002336 
139 0.002696 
140 0.002556 
141 0.002085 
142 0.001784 
143 0.001571 
144 0.001112 
145 0.000704 
146 0.001049 
147 0.001921 
148 0.002597 
149 0.002913 
150 0.003087 
151 0.003142 
152 0.002944 
153 0.002444 
154 0.001627 
155 0.000711 
156 0.000427 
157 0.001064 
158 0.002125 
159 0.003138 
160 0.004069 
161 0.004667 
162 0.004546 
163 0.003779 
164 0.002627 
165 0.001232 
166 -0.000029 
167 -0.000463 
168 0.000141 
169 0.001453 
170 0.003011 
171 0.004200 
172 0.004536 
173 0.004362 
174 0.003937 
175 0.002848 
176 0.001276 
177 0.000387 
178 0.000269 
179 0.000096 
180 0.000249 
181 0.001574 
182 0.003264 
183 0.003956 
184 0.003806 
185 0.003809 
186 0.003969 
187 0.003552 
188 0.002330 
189 0.000863 
190 -0.000239 
191 -0.000659 
192 -0.000220 
193 0.000880 
194 0.001997 
195 0.002954 
196 0.004077 
197 0.004803 
198 0.004240 
199 0.002592 
200 0.001216 
201 0.000646 
202 0.000483 
203 0.000586 
204 0.001075 
205 0.001675 
206 0.001854 
207 0.001589 
208 0.001483 
209 0.001725 
210 0.001972 
211 0.002140 
212 0.002359 
213 0.002523 
214 0.002583 
215 0.002389 
216 0.001575 
217 0.000041 
218 -0.001392 
219 -0.001748 
220 -0.001010 
221 -0.000072 
222 0.000301 
223 0.000319 
224 0.000408 
225 0.000502 
226 0.000442 
227 0.000565 
228 0.000952 
229 0.000937 
230 0.000495 
231 0.000749 
232 0.001896 
233 0.002167 
234 0.000577 
235 -0.001356 
236 -0.002127 
237 -0.002251 
238 -0.002922 
239 -0.003559 
240 -0.003036 
241 -0.001758 
242 -0.000713 
243 0.000497 
244 0.002457 
245 0.003838 
246 0.002955 
247 0.000605 
248 -0.001111 
249 -0.001788 
250 -0.002482 
251 -0.003550 
252 -0.004333 
253 -0.004000 
254 -0.002663 
255 -0.001369 
256 -0.000968 
257 -0.001119 
258 -0.000783 
259 -0.000056 
260 -0.000164 
261 -0.001325 
262 -0.002023 
263 -0.001771 
264 -0.002064 
265 -0.003476 
266 -0.003651 
267 -0.001600 
268 -0.000286 
269 -0.001284 
270 -0.002368 
271 -0.002003 
272 -0.001963 
273 -0.003203 
274 -0.004065 
275 -0.004250 
276 -0.005137 
277 -0.006330 
278 -0.005913 
279 -0.004899 
280 -0.005360 
281 -0.005667 
282 -0.003364 
283 -0.000243 
284 0.000508 
285 -0.000355 
286 -0.000898 
287 -0.002288 
288 -0.005576 
289 -0.008404 
290 -0.009067 
291 -0.009188 
292 -0.008966 
293 -0.006036 
294 -0.000914 
295 0.001893 
296 0.000698 
297 -0.001543 
298 -0.003214 
299 -0.006058 
300 -0.009706 
301 -0.010895 
302 -0.008845 
303 -0.005750 
304 -0.003117 
305 -0.000992 
306 0.000443 
307 0.000523 
308 -0.001362 
309 -0.004833 
310 -0.008329 
311 -0.009451 
312 -0.007947 
313 -0.005695 
314 -0.003878 
315 -0.001846 
316 -0.000329 
317 -0.001555 
318 -0.005313 
319 -0.008412 
320 -0.009461 
321 -0.010404 
322 -0.011541 
323 -0.009845 
324 -0.004396 
325 0.000856 
326 0.002696 
327 0.002193 
328 0.001142 
329 -0.000251 
330 -0.001766 
331 -0.003030 
332 -0.004969 
333 -0.007937 
334 -0.009289 
335 -0.007280 
336 -0.004734 
337 -0.005237 
338 -0.007217 
339 -0.006237 
340 -0.002082 
341 0.000945 
342 0.000468 
343 -0.000738 
344 -0.000026 
345 0.000876 
346 -0.000841 
347 -0.003717 
348 -0.004213 
349 -0.002865 
350 -0.003045 
351 -0.004491 
352 -0.004019 
353 -0.001551 
354 -0.000171 
355 -0.000426 
356 -0.000411 
357 0.000290 
358 0.000510 
359 0.000482 
360 0.001002 
361 0.000611 
362 -0.001508 
363 -0.002820 
364 -0.002065 
365 -0.002040 
366 -0.003507 
367 -0.003567 
368 -0.001339 
369 0.000795 
370 0.002211 
371 0.004465 
372 0.006640 
373 0.006176 
374 0.003676 
375 0.002013 
376 0.001679 
377 0.000304 
378 -0.002132 
379 -0.002799 
380 -0.001072 
381 0.000528 
382 0.001101 
383 0.002419 
384 0.004493 
385 0.005883 
386 0.006109 
387 0.006038 
388 0.005517 
389 0.003485 
390 0.000300 
391 -0.001684 
392 -0.001198 
393 0.000027 
394 0.000982 
395 0.003300 
396 0.007261 
397 0.010828 
398 0.012932 
399 0.013923 
400 0.013152 
401 0.009681 
402 0.004581 
403 0.000394 
404 -0.002325 
405 -0.004157 
406 -0.003887 
407 0.000052 
408 0.006377 
409 0.012726 
410 0.018130 
411 0.020426 
412 0.016835 
413 0.009290 
414 0.003164 
415 0.000085 
416 -0.001870 
417 -0.002780 
418 -0.000206 
419 0.005952 
420 0.012349 
421 0.016002 
422 0.015252 
423 0.010129 
424 0.003269 
425 -0.001361 
426 -0.002578 
427 -0.001588 
428 0.001939 
429 0.008376 
430 0.014881 
431 0.017880 
432 0.017137 
433 0.012770 
434 0.005367 
435 -0.001802 
436 -0.003842 
437 -0.000749 
438 0.003737 
439 0.008433 
440 0.014023 
441 0.016901 
442 0.012807 
443 0.005554 
444 0.001696 
445 0.000583 
446 -0.001214 
447 -0.001283 
448 0.003469 
449 0.008880 
450 0.009742 
451 0.007393 
452 0.005220 
453 0.003102 
454 0.001372 
455 0.002194 
456 0.005211 
457 0.007457 
458 0.007819 
459 0.007170 
460 0.005056 
461 0.002024 
462 -0.000012 
463 -0.000464 
464 -0.000291 
465 0.000735 
466 0.003101 
467 0.004948 
468 0.004934 
469 0.004321 
470 0.003580 
471 0.001735 
472 0.000147 
473 0.000429 
474 0.000678 
475 -0.001866 
476 -0.004736 
477 -0.003546 
478 0.000620 
479 0.003152 
480 0.002630 
481 0.001939 
482 0.002827 
483 0.003673 
484 0.003198 
485 0.001059 
486 -0.001951 
487 -0.003466 
488 -0.002633 
489 -0.002512 
490 -0.004944 
491 -0.006878 
492 -0.005748 
493 -0.003899 
494 -0.003096 
495 -0.001458 
496 0.001492 
497 0.002454 
498 0.000491 
499 -0.001482 
500 -0.002406 
501 -0.004676 
502 -0.007738 
503 -0.008118 
504 -0.006350 
505 -0.006212 
506 -0.007064 
507 -0.006026 
508 -0.004582 
509 -0.005172 
510 -0.005898 
511 -0.005096 
512 -0.004772 
513 -0.006451 
514 -0.007988 
515 -0.007475 
516 -0.005959 
517 -0.005048 
518 -0.005422 
519 -0.006474 
520 -0.006449 
521 -0.005395 
522 -0.006147 
523 -0.009650 
524 -0.012110 
525 -0.010658 
526 -0.008595 
527 -0.008736 
528 -0.007974 
529 -0.004664 
530 -0.003559 
531 -0.006414 
532 -0.007857 
533 -0.005646 
534 -0.005143 
535 -0.009052 
536 -0.011953 
537 -0.010322 
538 -0.008632 
539 -0.010838 
540 -0.013331 
541 -0.011988 
542 -0.008438 
543 -0.006433 
544 -0.006260 
545 -0.006225 
546 -0.005497 
547 -0.004423 
548 -0.004876 
549 -0.008314 
550 -0.011086 
551 -0.008940 
552 -0.005070 
553 -0.005572 
554 -0.008480 
555 -0.007755 
556 -0.005543 
557 -0.007373 
558 -0.011402 
559 -0.012622 
560 -0.011639 
561 -0.011142 
562 -0.009854 
563 -0.006529 
564 -0.003265 
565 -0.002605 
566 -0.003832 
567 -0.004800 
568 -0.005442 
569 -0.006898 
570 -0.008991 
571 -0.010358 
572 -0.009641 
573 -0.006612 
574 -0.002929 
575 -0.001840 
576 -0.004473 
577 -0.006905 
578 -0.005961 
579 -0.004375 
580 -0.005811 
581 -0.007778 
582 -0.006403 
583 -0.003040 
584 -0.000671 
585 0.000551 
586 0.001001 
587 -0.000038 
588 -0.002406 
589 -0.003979 
590 -0.003990 
591 -0.003412 
592 -0.002636 
593 -0.001395 
594 -0.000107 
595 0.000431 
596 0.000004 
597 -0.001300 
598 -0.003064 
599 -0.003978 
600 -0.003035 
601 -0.001345 
602 -0.000082 
603 0.001139 
604 0.002417 
605 0.002455 
606 0.001663 
607 0.002631 
608 0.004819 
609 0.005180 
610 0.004139 
611 0.004731 
612 0.006031 
613 0.004386 
614 0.000469 
615 -0.001919 
616 -0.002098 
617 -0.002220 
618 -0.002308 
619 -0.000740 
620 0.002112 
621 0.004803 
622 0.006305 
623 0.006506 
624 0.006419 
625 0.007142 
626 0.007078 
627 0.004376 
628 0.001481 
629 0.001903 
630 0.004004 
631 0.003711 
632 0.001709 
633 0.001804 
634 0.004069 
635 0.005495 
636 0.005484 
637 0.005571 
638 0.006161 
639 0.005992 
640 0.005642 
641 0.006345 
642 0.007121 
643 0.005783 
644 0.003535 
645 0.003508 
646 0.005823 
647 0.007470 
648 0.007302 
649 0.007185 
650 0.008373 
651 0.009561 
652 0.008934 
653 0.007198 
654 0.006175 
655 0.005483 
656 0.003932 
657 0.002589 
658 0.003792 
659 0.006577 
660 0.008480 
661 0.009144 
662 0.009459 
663 0.009467 
664 0.008710 
665 0.007168 
666 0.004845 
667 0.002277 
668 0.001501 
669 0.003337 
670 0.006337 
671 0.009078 
672 0.011445 
673 0.012820 
674 0.012255 
675 0.010061 
676 0.007033 
677 0.003484 
678 0.000214 
679 -0.001074 
680 0.000302 
681 0.003587 
682 0.007434 
683 0.010151 
684 0.010727 
685 0.010230 
686 0.009276 
687 0.006752 
688 0.003087 
689 0.001085 
690 0.000887 
691 0.000456 
692 0.000609 
693 0.003309 
694 0.006844 
695 0.008244 
696 0.007877 
697 0.007925 
698 0.008414 
699 0.007712 
700 0.005235 
701 0.002133 
702 -0.000286 
703 -0.001360 
704 -0.000736 
705 0.001220 
706 0.003302 
707 0.005175 
708 0.007419 
709 0.008918 
710 0.007994 
711 0.005038 
712 0.002501 
713 0.001308 
714 0.000778 
715 0.000750 
716 0.001475 
717 0.002459 
718 0.002821 
719 0.002540 
720 0.002562 
721 0.003064 
722 0.003442 
723 0.003636 
724 0.003883 
725 0.003946 
726 0.003775 
727 0.003317 
728 0.002136 
729 -0.000008 
730 -0.002004 
731 -0.002414 
732 -0.001219 
733 0.000183 
734 0.000598 
735 0.000423 
736 0.000421 
737 0.000502 
738 0.000362 
739 0.000493 
740 0.001097 
741 0.001224 
742 0.000721 
743 0.001048 
744 0.002530 
745 0.002879 
746 0.000810 
747 -0.001704 
748 -0.002705 
749 -0.002814 
750 -0.003544 
751 -0.004190 
752 -0.003418 
753 -0.001809 
754 -0.000604 
755 0.000692 
756 0.002800 
757 0.004203 
758 0.003050 
759 0.000363 
760 -0.001467 
761 -0.002072 
762 -0.002670 
763 -0.003634 
764 -0.004300 
765 -0.003888 
766 -0.002498 
767 -0.001170 
768 -0.000835 
769 -0.001149 
770 -0.000929 
771 -0.000196 
772 -0.000241 
773 -0.001331 
774 -0.001940 
775 -0.001571 
776 -0.001722 
777 -0.002976 
778 -0.003140 
779 -0.001337 
780 -0.000280 
781 -0.001291 
782 -0.002264 
783 -0.001875 
784 -0.001765 
785 -0.002737 
786 -0.003320 
787 -0.003322 
788 -0.003968 
789 -0.004924 
790 -0.004613 
791 -0.003858 
792 -0.004254 
793 -0.004461 
794 -0.002632 
795 -0.000256 
796 0.000277 
797 -0.000333 
798 -0.000646 
799 -0.001588 
800 -0.003926 
801 -0.005912 
802 -0.006348 
803 -0.006401 
804 -0.006185 
805 -0.004105 
806 -0.000633 
807 0.001163 
808 0.000301 
809 -0.001144 
810 -0.002154 
811 -0.003911 
812 -0.006143 
813 -0.006786 
814 -0.005436 
815 -0.003502 
816 -0.001902 
817 -0.000681 
818 0.000069 
819 0.000062 
820 -0.000988 
821 -0.002898 
822 -0.004804 
823 -0.005331 
824 -0.004365 
825 -0.003058 
826 -0.002106 
827 -0.001079 
828 -0.000294 
829 -0.000934 
830 -0.002896 
831 -0.004491 
832 -0.004976 
833 -0.005338 
834 -0.005763 
835 -0.004830 
836 -0.002181 
837 0.000291 
838 0.001157 
839 0.000961 
840 0.000492 
841 -0.000174 
842 -0.000879 
843 -0.001415 
844 -0.002222 
845 -0.003473 
846 -0.004002 
847 -0.003105 
848 -0.002038 
849 -0.002271 
850 -0.003078 
851 -0.002647 
852 -0.000951 
853 0.000280 
854 0.000131 
855 -0.000306 
856 -0.000011 
857 0.000350 
858 -0.000315 
859 -0.001456 
860 -0.001710 
861 -0.001235 
862 -0.001271 
863 -0.001741 
864 -0.001507 
865 -0.000555 
866 0.000001 
867 -0.000047 
868 -0.000045 
869 0.000142 
870 0.000138 
871 0.000078 
872 0.000244 
873 0.000118 
874 -0.000560 
875 -0.000936 
876 -0.000634 
877 -0.000582 
878 -0.001015 
879 -0.001014 
880 -0.000332 
881 0.000293 
882 0.000687 
883 0.001307 
884 0.001873 
885 0.001675 
886 0.000943 
887 0.000511 
888 0.000473 
889 0.000136 
890 -0.000493 
891 -0.000644 
892 -0.000190 
893 0.000191 
894 0.000300 
895 0.000609 
896 0.001108 
897 0.001445 
898 0.001517 
899 0.001520 
900 0.001398 
901 0.000900 
902 0.000126 
903 -0.000367 
904 -0.000283 
905 -0.000014 
906 0.000213 
907 0.000745 
908 0.001618 
909 0.002385 
910 0.002820 
911 0.002993 
912 0.002776 
913 0.002009 
914 0.000936 
915 0.000077 
916 -0.000458 
917 -0.000786 
918 -0.000697 
919 0.000077 
920 0.001273 
921 0.002441 
922 0.003396 
923 0.003760 
924 0.003064 
925 0.001702 
926 0.000629 
927 0.000104 
928 -0.000227 
929 -0.000386 
930 0.000031 
931 0.001019 
932 0.002019 
933 0.002569 
934 0.002435 
935 0.001635 
936 0.000582 
937 -0.000111 
938 -0.000277 
939 -0.000122 
940 0.000386 
941 0.001304 
942 0.002220 
943 0.002614 
944 0.002458 
945 0.001801 
946 0.000763 
947 -0.000201 
948 -0.000458 
949 -0.000033 
950 0.000572 
951 0.001196 
952 0.001914 
953 0.002254 
954 0.001695 
955 0.000743 
956 0.000221 
957 0.000054 
958 -0.000167 
959 -0.000158 
960 0.000421 
961 0.001068 
962 0.001189 
963 0.000939 
964 0.000684 
965 0.000405 
966 0.000177 
967 0.000260 
968 0.000593 
969 0.000821 
970 0.000833 
971 0.000760 
972 0.000563 
973 0.000263 
974 0.000035 
975 -0.000039 
976 -0.000021 
977 0.000107 
978 0.000351 
979 0.000512 
980 0.000490 
981 0.000430 
982 0.000361 
983 0.000177 
984 0.000012 
985 0.000033 
986 0.000063 
987 -0.000159 
988 -0.000415 
989 -0.000306 
990 0.000068 
991 0.000289 
992 0.000234 
993 0.000171 
994 0.000263 
995 0.000354 
996 0.000317 
997 0.000121 
998 -0.000150 
999 -0.000291 
1000 -0.000238 
1001 -0.000247 
1002 -0.000458 
1003 -0.000605 
1004 -0.000489 
1005 -0.000320 
1006 -0.000246 
1007 -0.000108 
1008 0.000130 
1009 0.000193 
1010 0.000013 
1011 -0.000159 
1012 -0.000236 
1013 -0.000419 
1014 -0.000662 
1015 -0.000683 
1016 -0.000532 
1017 -0.000518 
1018 -0.000585 
1019 -0.000491 
1020 -0.000365 
1021 -0.000407 
1022 -0.000460 
1023 -0.000385 
