0 0.005534 
1 -0.050202 
2 -0.016687 
3 -0.054862 
4 -0.008581 
5 -0.024403 
6 0.035136 
7 -0.005235 
8 0.061647 
9 0.002363 
10 0.054336 
11 -0.019480 
12 0.017739 
13 -0.044607 
14 -0.022056 
15 -0.057056 
16 -0.013870 
17 -0.024189 
18 0.019213 
19 -0.010225 
20 0.046404 
21 0.022843 
22 0.071217 
23 0.026741 
24 0.052560 
25 -0.013662 
26 -0.031737 
27 -0.108072 
28 -0.053894 
29 -0.093788 
30 0.001769 
31 -0.013723 
32 0.117498 
33 0.093646 
34 0.130821 
35 0.054272 
36 0.045362 
37 -0.067954 
38 -0.098689 
39 -0.141511 
40 -0.037267 
41 -0.057618 
42 0.036954 
43 0.008580 
44 0.085346 
45 0.004467 
46 0.042109 
47 0.013559 
48 0.042924 
49 -0.024860 
50 0.006065 
51 -0.021682 
52 0.037230 
53 -0.009465 
54 0.021655 
55 -0.006898 
56 0.002642 
57 -0.008903 
58 0.001465 
59 0.019682 
60 0.008109 
61 0.007673 
62 0.010151 
63 0.008580 
64 0.005560 
65 -0.020258 
66 0.004889 
67 -0.016961 
68 0.009041 
69 0.002014 
70 0.047007 
71 0.011892 
72 0.032451 
73 -0.011937 
74 0.033228 
75 -0.035644 
76 0.008420 
77 -0.053571 
78 0.023134 
79 -0.043602 
80 0.032176 
81 -0.025578 
82 0.065026 
83 -0.028410 
84 0.063150 
85 -0.036767 
86 0.068536 
87 -0.066350 
88 0.039453 
89 -0.067419 
90 0.034780 
91 -0.053410 
92 0.036602 
93 -0.018769 
94 0.047640 
95 -0.025387 
96 0.027207 
97 -0.025171 
98 0.018429 
99 -0.021329 
100 -0.003657 
101 -0.004428 
102 -0.000071 
103 0.006887 
104 0.011419 
105 0.016175 
106 0.016966 
107 -0.025287 
108 -0.018402 
109 -0.041681 
110 -0.005452 
111 -0.014705 
112 0.023489 
113 0.031751 
114 0.043896 
115 0.012946 
116 0.002384 
117 -0.051521 
118 -0.035021 
119 -0.083957 
120 -0.003484 
121 -0.012200 
122 0.062271 
123 0.021614 
124 0.071505 
125 0.004655 
126 0.020577 
127 -0.060419 
128 -0.021236 
129 -0.066050 
130 -0.009423 
131 -0.019539 
132 0.051332 
133 0.025611 
134 0.021380 
135 -0.009298 
136 -0.000834 
137 -0.023418 
138 -0.003541 
139 -0.017952 
140 0.035892 
141 -0.023115 
142 0.028111 
143 -0.035840 
144 0.032698 
145 -0.052601 
146 0.004469 
147 -0.049727 
148 0.038753 
149 -0.025286 
150 0.046142 
151 -0.018144 
152 0.052588 
153 -0.037948 
154 0.002989 
155 -0.037711 
156 0.006842 
157 -0.028948 
158 -0.009915 
159 -0.005207 
160 0.016992 
161 -0.007976 
162 0.017990 
163 -0.005025 
164 0.025181 
165 -0.025635 
166 0.002892 
167 -0.021798 
168 -0.004507 
169 -0.030897 
170 0.018111 
171 0.002691 
172 0.053827 
173 -0.019144 
174 0.044320 
175 -0.047190 
176 0.021668 
177 -0.071475 
178 0.029333 
179 -0.055512 
180 0.038092 
181 -0.051376 
182 0.072902 
183 -0.022357 
184 0.080830 
185 -0.055315 
186 0.033467 
187 -0.077347 
188 0.001840 
189 -0.048272 
190 0.031498 
191 -0.003747 
192 0.028097 
193 -0.014606 
194 0.030181 
195 -0.010833 
196 0.019477 
197 -0.024109 
198 0.020579 
199 -0.031011 
200 0.004030 
201 -0.027154 
202 0.033043 
203 -0.028461 
204 0.018350 
205 -0.033265 
206 0.064642 
207 -0.011303 
208 0.052172 
209 -0.033410 
210 0.030473 
211 -0.047231 
212 0.000315 
213 -0.029703 
214 0.031466 
215 -0.008207 
216 0.024973 
217 -0.001492 
218 0.028137 
219 -0.020559 
220 -0.004489 
221 -0.020636 
222 0.014930 
223 -0.010535 
224 0.036727 
225 -0.006419 
226 0.041824 
227 -0.058209 
228 0.033476 
229 -0.056705 
230 0.061475 
231 -0.057623 
232 0.062906 
233 -0.048512 
234 0.058528 
235 -0.052020 
236 0.052032 
237 -0.051579 
238 0.039856 
239 -0.067916 
240 0.060138 
241 -0.026091 
242 0.059639 
243 -0.030762 
244 0.028015 
245 -0.035943 
246 -0.010392 
247 -0.027431 
248 0.008000 
249 0.011053 
250 0.011858 
251 0.022166 
252 0.013909 
253 0.016799 
254 -0.026530 
255 -0.000967 
256 -0.036539 
257 -0.007898 
258 -0.031058 
259 0.008633 
260 0.022645 
261 0.008653 
262 0.022871 
263 -0.008934 
264 0.028676 
265 -0.025694 
266 0.003505 
267 -0.031692 
268 0.019595 
269 -0.023844 
270 0.026309 
271 -0.021591 
272 0.029049 
273 -0.046427 
274 0.014538 
275 -0.029562 
276 0.036515 
277 -0.019871 
278 0.035168 
279 -0.015115 
280 0.044581 
281 -0.035925 
282 0.037492 
283 -0.063237 
284 0.029640 
285 -0.069681 
286 0.044673 
287 -0.037181 
288 0.061374 
289 -0.033028 
290 0.044346 
291 -0.046969 
292 0.033967 
293 -0.051785 
294 0.038274 
295 -0.050925 
296 0.035291 
297 -0.044806 
298 0.054711 
299 -0.016673 
300 0.051716 
301 -0.030448 
302 0.024932 
303 -0.045406 
304 0.010258 
305 -0.049001 
306 0.037341 
307 -0.014271 
308 0.041827 
309 -0.006331 
310 0.033338 
311 -0.016072 
312 -0.018032 
313 -0.039486 
314 0.005840 
315 -0.013787 
316 0.024930 
317 0.002398 
318 0.053534 
319 -0.007529 
320 0.016332 
321 -0.029072 
322 0.006681 
323 -0.047707 
324 0.002180 
325 -0.034678 
326 0.045117 
327 -0.033381 
328 0.045565 
329 -0.029920 
330 0.042001 
331 -0.042143 
332 0.018420 
333 -0.014285 
334 0.030623 
335 -0.023085 
336 0.009470 
337 -0.018432 
338 0.028890 
339 -0.015515 
340 0.021079 
341 -0.017928 
342 0.006514 
343 -0.024913 
344 0.007317 
345 0.004112 
346 0.013747 
347 -0.011303 
348 0.010726 
349 -0.000648 
350 0.009405 
351 -0.011341 
352 0.002655 
353 -0.000117 
354 -0.011386 
355 0.007519 
356 0.013476 
357 0.018277 
358 0.002617 
359 -0.012161 
360 0.013219 
361 -0.019751 
362 0.004697 
363 -0.025361 
364 0.020389 
365 -0.019341 
366 0.006178 
367 -0.015282 
368 0.033449 
369 -0.007308 
370 0.021003 
371 -0.022674 
372 0.041319 
373 -0.030497 
374 0.015723 
375 -0.046952 
376 0.020352 
377 -0.037664 
378 0.032436 
379 -0.009410 
380 0.070221 
381 -0.033441 
382 0.047709 
383 -0.056559 
384 0.048701 
385 -0.069567 
386 0.027331 
387 -0.056235 
388 0.043343 
389 -0.028767 
390 0.050044 
391 -0.001597 
392 0.049794 
393 -0.029483 
394 0.004190 
395 -0.042621 
396 0.001037 
397 -0.031149 
398 0.000808 
399 0.010773 
400 0.029736 
401 0.012567 
402 0.022874 
403 -0.003187 
404 -0.012760 
405 -0.060398 
406 -0.031612 
407 -0.023698 
408 0.009049 
409 0.014825 
410 0.043074 
411 0.031044 
412 0.026383 
413 -0.023540 
414 0.014667 
415 -0.050307 
416 0.005920 
417 -0.060648 
418 0.039925 
419 -0.032084 
420 0.040147 
421 -0.029288 
422 0.048263 
423 -0.033474 
424 0.026097 
425 -0.048380 
426 0.041546 
427 -0.048874 
428 0.026170 
429 -0.036539 
430 0.049797 
431 -0.022144 
432 0.030253 
433 -0.033139 
434 0.024758 
435 -0.045297 
436 0.014348 
437 -0.044473 
438 0.041789 
439 -0.043255 
440 0.035047 
441 -0.027541 
442 0.052572 
443 -0.020665 
444 0.021616 
445 -0.022870 
446 0.021997 
447 -0.030199 
448 0.003706 
449 -0.024502 
450 0.003736 
451 -0.013156 
452 0.004238 
453 0.026706 
454 0.012362 
455 0.016849 
456 -0.005846 
457 0.007203 
458 -0.010098 
459 -0.013645 
460 -0.009123 
461 -0.006599 
462 0.003710 
463 -0.011168 
464 0.002809 
465 0.007833 
466 -0.000596 
467 -0.004370 
468 0.008365 
469 -0.006748 
470 0.008537 
471 -0.023897 
472 0.022933 
473 -0.012051 
474 0.019456 
475 -0.008110 
476 0.024818 
477 -0.018029 
478 -0.001525 
479 -0.044228 
480 0.015514 
481 -0.039390 
482 0.034833 
483 -0.027710 
484 0.059231 
485 -0.015132 
486 0.043385 
487 -0.018576 
488 0.032151 
489 -0.040641 
490 -0.003359 
491 -0.054271 
492 0.032765 
493 -0.025489 
494 0.046732 
495 -0.012511 
496 0.058284 
497 -0.029809 
498 0.018680 
499 -0.051907 
500 0.023914 
501 -0.058226 
502 0.025528 
503 -0.031552 
504 0.066458 
505 -0.014978 
506 0.046339 
507 -0.023217 
508 0.007952 
509 -0.042611 
510 -0.004865 
511 -0.012010 
512 0.018379 
513 -0.019722 
514 0.036261 
515 -0.015675 
516 0.053569 
517 -0.037293 
518 0.045576 
519 -0.050713 
520 0.033933 
521 -0.066355 
522 0.052065 
523 -0.051202 
524 0.060185 
525 -0.050356 
526 0.078917 
527 -0.037418 
528 0.055021 
529 -0.055678 
530 0.038264 
531 -0.041127 
532 0.019328 
533 -0.029901 
534 0.025075 
535 -0.025015 
536 0.010399 
537 -0.012976 
538 0.032160 
539 0.007785 
540 0.000995 
541 -0.002898 
542 -0.022523 
543 -0.009228 
544 -0.030396 
545 0.015723 
546 0.013875 
547 0.024330 
548 0.001844 
549 0.013010 
550 -0.005724 
551 -0.007692 
552 -0.036296 
553 -0.007508 
554 -0.016329 
555 0.012624 
556 0.008870 
557 0.025169 
558 0.028814 
559 -0.016133 
560 -0.006730 
561 -0.031663 
562 -0.001618 
563 -0.018002 
564 0.005810 
565 0.006792 
566 0.020448 
567 0.000800 
568 0.020779 
569 -0.009473 
570 0.007840 
571 -0.040829 
572 -0.005023 
573 -0.039743 
574 0.009464 
575 -0.025967 
576 0.041359 
577 -0.005636 
578 0.055736 
579 -0.030755 
580 0.046487 
581 -0.065770 
582 0.022575 
583 -0.084387 
584 0.040368 
585 -0.038351 
586 0.053869 
587 -0.022433 
588 0.061512 
589 -0.019696 
590 0.028671 
591 -0.050144 
592 0.007288 
593 -0.044255 
594 0.002175 
595 -0.014455 
596 0.046118 
597 0.021011 
598 0.025745 
599 -0.010189 
600 0.015470 
601 -0.035880 
602 0.003569 
603 -0.045820 
604 0.037836 
605 -0.036364 
606 0.025542 
607 -0.014987 
608 0.043686 
609 -0.013644 
610 0.017856 
611 -0.024035 
612 0.035259 
613 -0.044293 
614 0.018089 
615 -0.048088 
616 0.036773 
617 -0.045317 
618 0.044877 
619 -0.015998 
620 0.056023 
621 -0.036917 
622 0.026163 
623 -0.041602 
624 0.028983 
625 -0.054026 
626 0.028713 
627 -0.027341 
628 0.040787 
629 -0.016846 
630 0.039876 
631 -0.010160 
632 0.020502 
633 -0.032658 
634 0.019829 
635 -0.029409 
636 0.018528 
637 -0.037462 
638 0.010983 
639 -0.022400 
640 0.008021 
641 0.004107 
642 0.028252 
643 0.026634 
644 0.003740 
645 -0.011784 
646 -0.017665 
647 -0.019432 
648 -0.021797 
649 -0.011144 
650 0.004172 
651 0.018672 
652 -0.004056 
653 0.016147 
654 0.006517 
655 -0.009753 
656 -0.021496 
657 -0.025703 
658 0.021997 
659 0.001283 
660 0.029436 
661 0.006086 
662 0.028917 
663 -0.021220 
664 -0.008430 
665 -0.027507 
666 0.005751 
667 -0.025364 
668 0.004374 
669 -0.017703 
670 0.040334 
671 -0.008095 
672 0.035430 
673 -0.009800 
674 0.034597 
675 -0.026090 
676 0.005912 
677 -0.044609 
678 0.013401 
679 -0.062967 
680 0.030180 
681 -0.018523 
682 0.065730 
683 -0.012770 
684 0.033401 
685 -0.030129 
686 0.003045 
687 -0.040388 
688 0.010597 
689 -0.010914 
690 0.025909 
691 -0.016405 
692 0.024178 
693 -0.011040 
694 0.007485 
695 -0.023551 
696 0.005356 
697 -0.000607 
698 0.015840 
699 -0.009727 
700 0.029143 
701 -0.027691 
702 0.013922 
703 -0.048895 
704 0.033586 
705 -0.023542 
706 0.040821 
707 -0.024582 
708 0.042216 
709 -0.047750 
710 0.017931 
711 -0.067054 
712 0.052520 
713 -0.055033 
714 0.064339 
715 -0.054805 
716 0.079843 
717 -0.066496 
718 0.040871 
719 -0.071902 
720 0.054326 
721 -0.064687 
722 0.051633 
723 -0.042182 
724 0.070948 
725 -0.048654 
726 0.036836 
727 -0.039398 
728 0.030061 
729 -0.044620 
730 0.014091 
731 -0.039541 
732 0.038437 
733 -0.039447 
734 0.055321 
735 -0.031989 
736 0.075261 
737 -0.042693 
738 0.061217 
739 -0.046206 
740 0.037993 
741 -0.067499 
742 0.006041 
743 -0.049468 
744 0.033219 
745 -0.027731 
746 0.052875 
747 -0.004476 
748 0.037826 
749 -0.015706 
750 0.022553 
751 -0.007977 
752 -0.006167 
753 -0.031715 
754 -0.003186 
755 -0.010855 
756 0.012056 
757 -0.008017 
758 0.031274 
759 -0.005217 
760 0.013250 
761 -0.007717 
762 0.015177 
763 -0.001544 
764 -0.013143 
765 -0.006970 
766 0.010220 
767 0.014108 
768 0.015810 
769 0.003832 
770 0.007434 
771 -0.006943 
772 -0.030825 
773 -0.007034 
774 0.000403 
775 0.014195 
776 0.011286 
777 0.013371 
778 0.032438 
779 -0.007467 
780 -0.001311 
781 -0.030773 
782 0.000309 
783 -0.025366 
784 0.009018 
785 -0.001726 
786 0.030175 
787 -0.024457 
788 0.017859 
789 -0.032632 
790 0.047448 
791 -0.045497 
792 0.039183 
793 -0.048201 
794 0.037760 
795 -0.057045 
796 0.033949 
797 -0.041480 
798 0.046080 
799 -0.053152 
800 0.048694 
801 -0.036863 
802 0.052927 
803 -0.044727 
804 0.045977 
805 -0.026875 
806 0.035389 
807 -0.042225 
808 0.031628 
809 -0.044190 
810 0.018412 
811 -0.082131 
812 0.053928 
813 -0.044295 
814 0.089421 
815 -0.047496 
816 0.083935 
817 -0.079701 
818 0.049569 
819 -0.088520 
820 0.088975 
821 -0.078390 
822 0.076406 
823 -0.095355 
824 0.075900 
825 -0.087872 
826 0.059704 
827 -0.064640 
828 0.080731 
829 -0.047315 
830 0.056975 
831 -0.053380 
832 0.046351 
833 -0.070282 
834 0.029912 
835 -0.050251 
836 0.067025 
837 -0.023919 
838 0.032217 
839 -0.028139 
840 0.010208 
841 -0.034161 
842 0.001979 
843 -0.006642 
844 0.039350 
845 0.008350 
846 0.025824 
847 0.002515 
848 -0.006255 
849 -0.022247 
850 -0.046695 
851 -0.010679 
852 -0.020761 
853 0.021357 
854 0.012114 
855 0.037737 
856 0.008792 
857 0.011409 
858 -0.008336 
859 0.004354 
860 -0.026282 
861 -0.002447 
862 -0.022642 
863 0.007867 
864 -0.011805 
865 -0.011649 
866 0.006004 
867 -0.013018 
868 0.013139 
869 -0.024409 
870 0.032192 
871 -0.020698 
872 0.042374 
873 -0.036735 
874 0.062902 
875 -0.040164 
876 0.051112 
877 -0.066506 
878 0.055404 
879 -0.073011 
880 0.035557 
881 -0.052216 
882 0.051149 
883 -0.015127 
884 0.026191 
885 -0.006877 
886 0.018534 
887 -0.014564 
888 -0.015379 
889 -0.024810 
890 -0.000577 
891 -0.006908 
892 0.003922 
893 0.017413 
894 0.024793 
895 0.009233 
896 -0.002459 
897 -0.000653 
898 0.019352 
899 -0.013477 
900 0.001862 
901 -0.034766 
902 0.015142 
903 -0.039110 
904 0.024445 
905 -0.008664 
906 0.058090 
907 -0.025548 
908 0.049855 
909 -0.038376 
910 0.069855 
911 -0.060058 
912 0.073725 
913 -0.061925 
914 0.057668 
915 -0.072468 
916 0.051771 
917 -0.067090 
918 0.037518 
919 -0.064822 
920 0.070260 
921 -0.016211 
922 0.078918 
923 -0.019573 
924 0.038836 
925 -0.053290 
926 -0.020172 
927 -0.049861 
928 0.009030 
929 0.002245 
930 0.024703 
931 0.013443 
932 0.036544 
933 -0.011358 
934 -0.008035 
935 -0.027272 
936 0.000066 
937 0.000748 
938 0.003088 
939 0.014533 
940 0.002085 
941 -0.013296 
942 -0.038814 
943 -0.035466 
944 -0.005257 
945 0.006632 
946 0.030758 
947 0.014620 
948 0.031583 
949 -0.004824 
950 0.001672 
951 -0.011390 
952 0.021359 
953 -0.013734 
954 0.002796 
955 -0.037710 
956 -0.007347 
957 -0.051900 
958 -0.021843 
959 -0.015399 
960 0.015228 
961 0.027101 
962 0.023419 
963 0.032479 
964 0.003551 
965 -0.018221 
966 -0.037220 
967 -0.025422 
968 0.001401 
969 -0.010990 
970 0.017702 
971 -0.017171 
972 0.004079 
973 -0.060084 
974 0.016589 
975 -0.047060 
976 0.057613 
977 -0.048519 
978 0.082092 
979 -0.035047 
980 0.055830 
981 -0.062488 
982 0.014643 
983 -0.043508 
984 0.008962 
985 -0.031839 
986 0.019865 
987 -0.011642 
988 -0.003523 
989 -0.012878 
990 0.016019 
991 0.028654 
992 0.000871 
993 0.012558 
994 -0.019816 
995 -0.015582 
996 -0.076461 
997 -0.026322 
998 -0.020714 
999 0.016761 
1000 0.021794 
1001 0.051367 
1002 0.052312 
1003 0.011073 
1004 -0.016512 
1005 -0.051013 
1006 -0.011446 
1007 -0.071546 
1008 0.026087 
1009 -0.053337 
1010 0.077671 
1011 -0.066694 
1012 0.071795 
1013 -0.082402 
1014 0.068731 
1015 -0.097696 
1016 0.053377 
1017 -0.066856 
1018 0.081254 
1019 -0.029998 
1020 0.077628 
1021 -0.026270 
1022 0.054349 
1023 -0.044643 
