0 0.048886 
1 -0.007889 
2 -0.074894 
3 -0.125942 
4 -0.126437 
5 -0.074659 
6 0.010447 
7 0.098654 
8 0.149328 
9 0.156006 
10 0.102044 
11 0.021687 
12 -0.074787 
13 -0.120161 
14 -0.126381 
15 -0.062253 
16 -0.025281 
17 0.037305 
18 0.050016 
19 0.052827 
20 0.021795 
21 0.021598 
22 0.010194 
23 0.014994 
24 0.006399 
25 0.014527 
26 0.008566 
27 0.000856 
28 -0.023859 
29 -0.021536 
30 -0.015467 
31 0.017884 
32 0.025125 
33 0.043998 
34 0.028189 
35 0.039976 
36 0.002963 
37 -0.010646 
38 -0.057293 
39 -0.043195 
40 -0.033163 
41 0.008316 
42 0.023706 
43 0.043608 
44 0.026067 
45 0.003015 
46 -0.002091 
47 -0.002186 
48 0.002652 
49 -0.022240 
50 0.003257 
51 -0.007321 
52 0.010491 
53 -0.005917 
54 0.009189 
55 -0.016771 
56 -0.004278 
57 0.004823 
58 0.028558 
59 0.018876 
60 0.008521 
61 -0.008455 
62 -0.017590 
63 -0.028493 
64 -0.021724 
65 0.004562 
66 0.017284 
67 0.026320 
68 0.018575 
69 0.020266 
70 -0.000006 
71 -0.009114 
72 -0.017729 
73 0.000937 
74 -0.006892 
75 0.001391 
76 -0.008646 
77 0.008445 
78 -0.008139 
79 -0.009066 
80 -0.027274 
81 -0.014795 
82 -0.012756 
83 0.010455 
84 0.015354 
85 0.014714 
86 -0.003391 
87 -0.001305 
88 0.005766 
89 0.016894 
90 0.003679 
91 -0.000765 
92 -0.025281 
93 -0.007823 
94 -0.014825 
95 0.017704 
96 -0.015605 
97 -0.005857 
98 -0.038423 
99 0.006890 
100 0.000290 
101 0.030877 
102 0.002484 
103 0.016046 
104 -0.009410 
105 -0.005299 
106 -0.020889 
107 -0.018099 
108 -0.019511 
109 -0.006046 
110 0.018471 
111 0.023483 
112 0.021840 
113 -0.001353 
114 -0.010507 
115 -0.023043 
116 -0.011762 
117 -0.001614 
118 0.007212 
119 0.006672 
120 0.002526 
121 -0.016010 
122 -0.029999 
123 -0.028406 
124 -0.013732 
125 0.009912 
126 0.033553 
127 0.037864 
128 0.033051 
129 0.002936 
130 -0.019422 
131 -0.046551 
132 -0.051568 
133 -0.042755 
134 -0.013066 
135 0.019728 
136 0.046746 
137 0.047811 
138 0.012074 
139 -0.012983 
140 -0.041815 
141 -0.028244 
142 -0.024882 
143 0.000744 
144 0.003693 
145 0.020208 
146 0.020296 
147 0.022759 
148 0.014671 
149 -0.003966 
150 -0.009205 
151 -0.009991 
152 0.007950 
153 0.003455 
154 -0.000010 
155 -0.019490 
156 -0.026245 
157 -0.040363 
158 -0.024546 
159 -0.003913 
160 0.029044 
161 0.052719 
162 0.056398 
163 0.046313 
164 0.002351 
165 -0.027835 
166 -0.047133 
167 -0.030037 
168 -0.022001 
169 0.001373 
170 -0.000295 
171 0.009964 
172 0.004782 
173 0.020867 
174 0.007720 
175 0.005873 
176 -0.005208 
177 0.017962 
178 0.020028 
179 0.023625 
180 -0.000152 
181 -0.015428 
182 -0.042031 
183 -0.041471 
184 -0.026015 
185 0.005507 
186 0.038008 
187 0.049613 
188 0.057818 
189 0.022994 
190 0.001354 
191 -0.036222 
192 -0.030971 
193 -0.034799 
194 -0.002326 
195 0.004906 
196 0.016487 
197 0.010761 
198 0.016325 
199 0.016887 
200 0.007860 
201 0.000210 
202 -0.002088 
203 0.004960 
204 0.018233 
205 0.020362 
206 0.011589 
207 -0.014527 
208 -0.015922 
209 -0.021669 
210 -0.001134 
211 -0.006555 
212 0.017452 
213 0.007289 
214 0.028817 
215 0.009054 
216 0.019017 
217 -0.016644 
218 -0.007774 
219 -0.018984 
220 0.004397 
221 0.001444 
222 0.009873 
223 -0.001097 
224 -0.002338 
225 0.000448 
226 0.006094 
227 0.002444 
228 -0.000755 
229 0.003185 
230 0.023537 
231 0.023846 
232 0.022415 
233 -0.003584 
234 -0.018921 
235 -0.039811 
236 -0.026635 
237 -0.007562 
238 0.022738 
239 0.032822 
240 0.038435 
241 0.028579 
242 0.005046 
243 -0.006593 
244 -0.025522 
245 -0.016861 
246 -0.018114 
247 0.001659 
248 -0.002172 
249 0.014792 
250 0.006420 
251 0.023216 
252 0.007645 
253 0.008295 
254 -0.010986 
255 0.010507 
256 0.013754 
257 0.031015 
258 -0.000430 
259 -0.014923 
260 -0.048680 
261 -0.035077 
262 -0.028581 
263 0.015225 
264 0.038089 
265 0.058955 
266 0.048849 
267 0.036655 
268 0.007919 
269 -0.028145 
270 -0.053687 
271 -0.051285 
272 -0.020456 
273 0.005659 
274 0.036820 
275 0.027414 
276 0.021696 
277 0.002353 
278 -0.000975 
279 -0.010266 
280 -0.012186 
281 0.005311 
282 0.021062 
283 0.033910 
284 0.012809 
285 0.000150 
286 -0.031927 
287 -0.029292 
288 -0.029306 
289 0.001056 
290 0.020169 
291 0.038922 
292 0.037679 
293 0.033592 
294 0.005145 
295 -0.021506 
296 -0.042270 
297 -0.042075 
298 -0.019930 
299 0.009418 
300 0.023920 
301 0.025190 
302 0.008929 
303 0.003644 
304 -0.014676 
305 -0.016255 
306 -0.018916 
307 0.005181 
308 0.015490 
309 0.034151 
310 0.021605 
311 0.002473 
312 -0.022529 
313 -0.028091 
314 -0.018529 
315 -0.009327 
316 -0.000827 
317 -0.002254 
318 0.003226 
319 0.002524 
320 0.007734 
321 0.004116 
322 -0.003362 
323 -0.001537 
324 0.001658 
325 0.016927 
326 0.018147 
327 0.004740 
328 -0.020660 
329 -0.033084 
330 -0.037536 
331 -0.017822 
332 0.000581 
333 0.016530 
334 0.028941 
335 0.025237 
336 0.017401 
337 -0.008031 
338 -0.022658 
339 -0.032351 
340 -0.021500 
341 -0.009162 
342 0.006160 
343 0.015456 
344 0.016945 
345 0.017239 
346 0.006363 
347 -0.005432 
348 -0.025790 
349 -0.025945 
350 -0.018512 
351 0.010464 
352 0.015121 
353 0.017787 
354 -0.006600 
355 -0.018525 
356 -0.022800 
357 -0.010367 
358 -0.000732 
359 0.012957 
360 0.014156 
361 0.014325 
362 -0.001071 
363 -0.013167 
364 -0.024783 
365 -0.014189 
366 -0.005896 
367 0.015565 
368 0.019811 
369 0.021778 
370 0.010706 
371 -0.000930 
372 -0.006093 
373 -0.021179 
374 -0.030183 
375 -0.032610 
376 -0.008923 
377 0.013807 
378 0.036455 
379 0.029551 
380 0.013290 
381 -0.010014 
382 -0.018499 
383 -0.013365 
384 -0.002071 
385 0.007691 
386 0.009041 
387 0.007540 
388 -0.010791 
389 -0.019882 
390 -0.030547 
391 -0.016542 
392 -0.004161 
393 0.020666 
394 0.032680 
395 0.036416 
396 0.018126 
397 -0.003420 
398 -0.018404 
399 -0.034135 
400 -0.038525 
401 -0.035490 
402 -0.006504 
403 0.022555 
404 0.044793 
405 0.037577 
406 0.014532 
407 -0.018176 
408 -0.030976 
409 -0.022372 
410 -0.010649 
411 0.007084 
412 0.017772 
413 0.020425 
414 0.016959 
415 -0.000153 
416 -0.009829 
417 -0.024117 
418 -0.015863 
419 -0.007593 
420 0.011126 
421 0.008074 
422 0.008222 
423 0.003476 
424 0.001664 
425 0.003314 
426 -0.000828 
427 0.006260 
428 0.007997 
429 0.021319 
430 0.019220 
431 0.006429 
432 -0.028493 
433 -0.043793 
434 -0.041355 
435 -0.011477 
436 0.022262 
437 0.043884 
438 0.043877 
439 0.028987 
440 0.009554 
441 -0.010929 
442 -0.018303 
443 -0.030909 
444 -0.013892 
445 -0.004318 
446 0.015627 
447 0.020760 
448 0.016174 
449 0.003947 
450 -0.006421 
451 -0.007309 
452 -0.004720 
453 0.004612 
454 0.009056 
455 0.022333 
456 0.019968 
457 0.012925 
458 -0.006660 
459 -0.016565 
460 -0.021366 
461 -0.003363 
462 0.004700 
463 0.020331 
464 0.013522 
465 0.017114 
466 0.003558 
467 0.004858 
468 -0.008992 
469 0.001025 
470 -0.003719 
471 0.014281 
472 0.019484 
473 0.020632 
474 -0.002277 
475 -0.018184 
476 -0.024508 
477 -0.018812 
478 -0.002013 
479 0.001996 
480 0.020576 
481 0.022230 
482 0.031132 
483 0.019295 
484 0.008406 
485 -0.010741 
486 -0.011564 
487 -0.012533 
488 0.001237 
489 -0.001866 
490 -0.003207 
491 -0.007548 
492 -0.003307 
493 0.001407 
494 0.014519 
495 0.011700 
496 0.011866 
497 0.004990 
498 0.011354 
499 0.003864 
500 -0.001397 
501 -0.021583 
502 -0.019868 
503 -0.016890 
504 0.002576 
505 0.011863 
506 0.020056 
507 0.028614 
508 0.011924 
509 0.007877 
510 -0.017123 
511 -0.012729 
512 -0.029788 
513 -0.001462 
514 0.002379 
515 0.022284 
516 0.008108 
517 0.018291 
518 0.003106 
519 0.006689 
520 -0.010462 
521 -0.011270 
522 -0.025371 
523 -0.014962 
524 0.002095 
525 0.018971 
526 0.007976 
527 0.001974 
528 -0.007036 
529 0.007059 
530 0.016308 
531 0.028168 
532 0.014218 
533 0.004229 
534 -0.026934 
535 -0.028318 
536 -0.039070 
537 -0.027385 
538 -0.016811 
539 0.015472 
540 0.040051 
541 0.051668 
542 0.038583 
543 0.020707 
544 -0.002632 
545 -0.019540 
546 -0.028792 
547 -0.033802 
548 -0.028626 
549 -0.011685 
550 0.015494 
551 0.027988 
552 0.025051 
553 -0.002059 
554 -0.010987 
555 -0.011898 
556 0.016888 
557 0.027498 
558 0.039808 
559 0.006867 
560 -0.006433 
561 -0.040506 
562 -0.031744 
563 -0.035782 
564 -0.006546 
565 0.009206 
566 0.039525 
567 0.034446 
568 0.030764 
569 0.008903 
570 -0.008022 
571 -0.023383 
572 -0.022598 
573 -0.010726 
574 0.005894 
575 0.011868 
576 0.019995 
577 0.015560 
578 -0.004788 
579 -0.030781 
580 -0.037966 
581 -0.023481 
582 0.011587 
583 0.029367 
584 0.046140 
585 0.034109 
586 0.018319 
587 -0.007286 
588 -0.025069 
589 -0.037627 
590 -0.037053 
591 -0.018163 
592 0.001867 
593 0.024726 
594 0.022473 
595 0.019576 
596 -0.000037 
597 -0.002623 
598 -0.006375 
599 0.000757 
600 -0.001350 
601 0.001491 
602 0.003369 
603 0.006718 
604 -0.006225 
605 -0.023917 
606 -0.036899 
607 -0.009827 
608 0.013416 
609 0.043729 
610 0.039698 
611 0.025083 
612 -0.011307 
613 -0.021170 
614 -0.037142 
615 -0.017089 
616 -0.018372 
617 0.005567 
618 0.005772 
619 0.023315 
620 0.013644 
621 0.011275 
622 -0.010486 
623 -0.010464 
624 -0.016659 
625 -0.006167 
626 0.001863 
627 0.007389 
628 0.013509 
629 0.007028 
630 -0.001626 
631 -0.020622 
632 -0.019389 
633 -0.010399 
634 0.019040 
635 0.026263 
636 0.023439 
637 -0.000311 
638 -0.018693 
639 -0.033580 
640 -0.027778 
641 -0.020616 
642 0.005280 
643 0.013233 
644 0.036244 
645 0.032916 
646 0.030221 
647 -0.010091 
648 -0.021900 
649 -0.039271 
650 -0.018513 
651 -0.010095 
652 0.012904 
653 0.004810 
654 0.009877 
655 -0.005644 
656 0.006708 
657 -0.008529 
658 0.003231 
659 0.004399 
660 0.028720 
661 0.026386 
662 0.021304 
663 -0.015755 
664 -0.036284 
665 -0.048249 
666 -0.030975 
667 -0.001801 
668 0.018667 
669 0.028427 
670 0.028795 
671 0.027501 
672 0.004542 
673 -0.006431 
674 -0.034209 
675 -0.023911 
676 -0.025455 
677 0.016671 
678 0.021371 
679 0.038449 
680 0.002538 
681 -0.005655 
682 -0.038184 
683 -0.029062 
684 -0.033392 
685 -0.000681 
686 0.018254 
687 0.046906 
688 0.033523 
689 0.029946 
690 0.003520 
691 -0.008307 
692 -0.025553 
693 -0.018691 
694 -0.031500 
695 -0.015779 
696 -0.018749 
697 0.010949 
698 0.005019 
699 0.018659 
700 0.007624 
701 0.015527 
702 0.010819 
703 0.021678 
704 0.014942 
705 -0.001575 
706 -0.015872 
707 -0.029527 
708 -0.015726 
709 -0.020279 
710 -0.002075 
711 -0.000705 
712 0.022854 
713 0.017044 
714 0.031674 
715 0.012601 
716 0.014524 
717 -0.007462 
718 -0.005526 
719 -0.012322 
720 -0.009717 
721 -0.012669 
722 -0.008693 
723 0.003117 
724 0.005883 
725 0.005777 
726 -0.006232 
727 -0.006271 
728 0.007649 
729 0.024718 
730 0.033572 
731 0.022195 
732 0.003870 
733 -0.016797 
734 -0.022384 
735 -0.023472 
736 -0.011220 
737 -0.004815 
738 0.010174 
739 0.017215 
740 0.021312 
741 0.010166 
742 0.003517 
743 -0.012824 
744 -0.007314 
745 -0.003110 
746 0.008844 
747 0.016409 
748 0.016440 
749 0.019062 
750 0.009243 
751 -0.009236 
752 -0.036558 
753 -0.033162 
754 -0.026471 
755 0.019587 
756 0.032814 
757 0.056064 
758 0.025446 
759 0.013855 
760 -0.018665 
761 -0.017013 
762 -0.030338 
763 -0.016818 
764 -0.008620 
765 0.009166 
766 0.022511 
767 0.020110 
768 0.009871 
769 -0.013184 
770 -0.015334 
771 -0.014363 
772 0.008792 
773 0.013000 
774 0.027111 
775 0.014946 
776 0.004349 
777 -0.013165 
778 -0.024624 
779 -0.032193 
780 -0.015251 
781 0.013253 
782 0.034504 
783 0.038821 
784 0.012432 
785 -0.007308 
786 -0.026234 
787 -0.026013 
788 -0.015108 
789 -0.004068 
790 0.010518 
791 0.016773 
792 0.025036 
793 0.019151 
794 0.012911 
795 -0.015289 
796 -0.013061 
797 -0.022822 
798 -0.006486 
799 -0.006533 
800 0.010301 
801 -0.010352 
802 -0.008068 
803 -0.016753 
804 -0.003245 
805 0.000520 
806 0.024267 
807 0.043760 
808 0.050373 
809 0.019829 
810 -0.021056 
811 -0.047099 
812 -0.057222 
813 -0.041932 
814 -0.010155 
815 0.022834 
816 0.036489 
817 0.027424 
818 0.016846 
819 0.000080 
820 -0.009652 
821 -0.020152 
822 -0.003433 
823 0.002657 
824 0.025383 
825 0.016212 
826 0.013339 
827 -0.012341 
828 -0.027945 
829 -0.031443 
830 -0.016034 
831 0.000173 
832 0.022192 
833 0.042962 
834 0.038277 
835 0.017624 
836 -0.019551 
837 -0.024937 
838 -0.027442 
839 -0.003459 
840 0.005120 
841 0.017735 
842 -0.007116 
843 -0.009056 
844 -0.018605 
845 -0.001238 
846 -0.005496 
847 0.007937 
848 0.019163 
849 0.044056 
850 0.046435 
851 0.035483 
852 -0.001096 
853 -0.032342 
854 -0.054027 
855 -0.047224 
856 -0.030122 
857 -0.004295 
858 0.011015 
859 0.028525 
860 0.042851 
861 0.049731 
862 0.032363 
863 0.016397 
864 -0.011403 
865 -0.012911 
866 -0.025345 
867 -0.022144 
868 -0.031879 
869 -0.019951 
870 -0.014458 
871 0.013177 
872 0.010265 
873 0.025072 
874 0.022465 
875 0.028787 
876 0.026675 
877 0.023088 
878 0.006184 
879 -0.017369 
880 -0.033870 
881 -0.036436 
882 -0.024054 
883 -0.021034 
884 -0.002510 
885 0.014033 
886 0.026653 
887 0.038483 
888 0.032419 
889 0.024084 
890 -0.007746 
891 -0.006939 
892 -0.028322 
893 -0.011976 
894 -0.021144 
895 0.000070 
896 -0.012413 
897 0.007149 
898 -0.003785 
899 0.010826 
900 0.005539 
901 0.027606 
902 0.027288 
903 0.028923 
904 0.004802 
905 -0.022771 
906 -0.040342 
907 -0.035372 
908 -0.017263 
909 0.003772 
910 0.019248 
911 0.025930 
912 0.027855 
913 0.016991 
914 0.001235 
915 -0.023282 
916 -0.037831 
917 -0.039139 
918 -0.010428 
919 0.011722 
920 0.038075 
921 0.033051 
922 0.021621 
923 -0.007970 
924 -0.023832 
925 -0.038189 
926 -0.025577 
927 -0.009924 
928 0.026544 
929 0.047068 
930 0.038387 
931 0.004092 
932 -0.030068 
933 -0.041323 
934 -0.041971 
935 -0.024193 
936 0.000783 
937 0.026314 
938 0.031759 
939 0.032056 
940 0.021191 
941 0.006752 
942 -0.019226 
943 -0.024839 
944 -0.023887 
945 -0.006339 
946 -0.004129 
947 0.005236 
948 -0.008425 
949 -0.005727 
950 -0.014585 
951 0.007204 
952 0.009039 
953 0.042647 
954 0.050735 
955 0.050646 
956 0.002903 
957 -0.035204 
958 -0.067316 
959 -0.062398 
960 -0.049804 
961 -0.015147 
962 0.009274 
963 0.027239 
964 0.040825 
965 0.043703 
966 0.033902 
967 0.010545 
968 -0.017037 
969 -0.033219 
970 -0.026216 
971 -0.007802 
972 -0.007698 
973 -0.009795 
974 -0.026949 
975 -0.017363 
976 -0.005415 
977 0.020894 
978 0.029972 
979 0.041196 
980 0.036393 
981 0.020434 
982 -0.014103 
983 -0.038827 
984 -0.045622 
985 -0.039332 
986 -0.008489 
987 0.003411 
988 0.015926 
989 -0.012045 
990 -0.011450 
991 -0.018946 
992 0.020908 
993 0.020952 
994 0.047285 
995 0.033207 
996 0.038583 
997 0.002996 
998 -0.001361 
999 -0.041074 
1000 -0.047752 
1001 -0.061884 
1002 -0.024661 
1003 -0.009552 
1004 0.024400 
1005 0.028684 
1006 0.056859 
1007 0.043318 
1008 0.044164 
1009 0.013394 
1010 0.001122 
1011 -0.022391 
1012 -0.018857 
1013 -0.026311 
1014 -0.015141 
1015 -0.025168 
1016 -0.024566 
1017 -0.024904 
1018 -0.006738 
1019 0.014932 
1020 0.039652 
1021 0.060808 
1022 0.076687 
1023 0.080195 
