0 -0.000323 
1 0.000021 
2 0.000250 
3 0.000280 
4 0.000171 
5 -0.000032 
6 -0.000343 
7 -0.000672 
8 -0.000835 
9 -0.000789 
10 -0.000607 
11 -0.000315 
12 0.000001 
13 0.000182 
14 0.000168 
15 0.000034 
16 -0.000184 
17 -0.000450 
18 -0.000621 
19 -0.000555 
20 -0.000342 
21 -0.000173 
22 -0.000072 
23 0.000017 
24 0.000063 
25 0.000018 
26 -0.000040 
27 -0.000064 
28 -0.000145 
29 -0.000361 
30 -0.000577 
31 -0.000670 
32 -0.000678 
33 -0.000625 
34 -0.000396 
35 0.000063 
36 0.000587 
37 0.000986 
38 0.001188 
39 0.001142 
40 0.000806 
41 0.000241 
42 -0.000367 
43 -0.000831 
44 -0.001050 
45 -0.001011 
46 -0.000747 
47 -0.000277 
48 0.000283 
49 0.000669 
50 0.000735 
51 0.000589 
52 0.000380 
53 0.000110 
54 -0.000227 
55 -0.000453 
56 -0.000463 
57 -0.000374 
58 -0.000270 
59 -0.000088 
60 0.000149 
61 0.000287 
62 0.000308 
63 0.000377 
64 0.000516 
65 0.000603 
66 0.000565 
67 0.000405 
68 0.000187 
69 -0.000011 
70 -0.000099 
71 -0.000139 
72 -0.000225 
73 -0.000247 
74 -0.000031 
75 0.000320 
76 0.000564 
77 0.000742 
78 0.000980 
79 0.001139 
80 0.001011 
81 0.000713 
82 0.000471 
83 0.000250 
84 -0.000015 
85 -0.000059 
86 0.000265 
87 0.000619 
88 0.000636 
89 0.000513 
90 0.000561 
91 0.000612 
92 0.000381 
93 0.000001 
94 -0.000136 
95 0.000028 
96 0.000180 
97 0.000164 
98 0.000155 
99 0.000282 
100 0.000372 
101 0.000309 
102 0.000253 
103 0.000397 
104 0.000677 
105 0.000852 
106 0.000824 
107 0.000708 
108 0.000630 
109 0.000586 
110 0.000375 
111 -0.000082 
112 -0.000461 
113 -0.000390 
114 0.000038 
115 0.000460 
116 0.000814 
117 0.001197 
118 0.001490 
119 0.001499 
120 0.001300 
121 0.001039 
122 0.000736 
123 0.000444 
124 0.000377 
125 0.000379 
126 0.000088 
127 -0.000402 
128 -0.000531 
129 -0.000263 
130 0.000020 
131 0.000431 
132 0.001219 
133 0.001909 
134 0.001948 
135 0.001547 
136 0.001019 
137 0.000230 
138 -0.000632 
139 -0.000968 
140 -0.000736 
141 -0.000231 
142 0.000524 
143 0.001592 
144 0.002519 
145 0.002563 
146 0.001982 
147 0.001403 
148 0.000840 
149 0.000129 
150 -0.000240 
151 0.000052 
152 0.000438 
153 0.000558 
154 0.000833 
155 0.001356 
156 0.001724 
157 0.001790 
158 0.001753 
159 0.001699 
160 0.001558 
161 0.001182 
162 0.000506 
163 -0.000445 
164 -0.001380 
165 -0.001926 
166 -0.001984 
167 -0.001608 
168 -0.000882 
169 0.000284 
170 0.001853 
171 0.003284 
172 0.003803 
173 0.003164 
174 0.001740 
175 -0.000005 
176 -0.001902 
177 -0.003410 
178 -0.003730 
179 -0.002827 
180 -0.001367 
181 0.000207 
182 0.001623 
183 0.002437 
184 0.002442 
185 0.002041 
186 0.001514 
187 0.000693 
188 -0.000164 
189 -0.000426 
190 -0.000125 
191 0.000078 
192 0.000105 
193 0.000330 
194 0.000726 
195 0.001200 
196 0.001945 
197 0.002571 
198 0.002315 
199 0.001330 
200 0.000609 
201 0.000264 
202 -0.000440 
203 -0.001385 
204 -0.001806 
205 -0.001480 
206 -0.000883 
207 -0.000359 
208 0.000050 
209 0.000256 
210 0.000422 
211 0.000639 
212 0.000571 
213 -0.000211 
214 -0.001384 
215 -0.002289 
216 -0.002744 
217 -0.002910 
218 -0.002557 
219 -0.001537 
220 -0.000230 
221 0.000782 
222 0.001359 
223 0.001647 
224 0.001367 
225 0.000229 
226 -0.001487 
227 -0.003048 
228 -0.003925 
229 -0.004152 
230 -0.003660 
231 -0.002263 
232 -0.000181 
233 0.001659 
234 0.002472 
235 0.002241 
236 0.001370 
237 0.000258 
238 -0.000967 
239 -0.002113 
240 -0.002815 
241 -0.002702 
242 -0.001703 
243 -0.000338 
244 0.000752 
245 0.001294 
246 0.001254 
247 0.000738 
248 -0.000058 
249 -0.001179 
250 -0.002540 
251 -0.003844 
252 -0.004820 
253 -0.005331 
254 -0.005296 
255 -0.004493 
256 -0.002915 
257 -0.000913 
258 0.001057 
259 0.002675 
260 0.003730 
261 0.003753 
262 0.002500 
263 0.000587 
264 -0.001113 
265 -0.002588 
266 -0.003929 
267 -0.004445 
268 -0.003757 
269 -0.002616 
270 -0.001803 
271 -0.001154 
272 -0.000454 
273 -0.000242 
274 -0.000682 
275 -0.001254 
276 -0.001521 
277 -0.001857 
278 -0.002192 
279 -0.001998 
280 -0.001229 
281 -0.000653 
282 -0.000626 
283 -0.000544 
284 -0.000530 
285 -0.001216 
286 -0.002192 
287 -0.002575 
288 -0.002691 
289 -0.002759 
290 -0.002002 
291 -0.000537 
292 0.000389 
293 0.000432 
294 0.000483 
295 0.000498 
296 -0.000337 
297 -0.001646 
298 -0.002082 
299 -0.001458 
300 -0.000934 
301 -0.001195 
302 -0.001620 
303 -0.001284 
304 -0.000158 
305 0.000936 
306 0.001051 
307 0.000443 
308 0.000271 
309 0.000844 
310 0.000941 
311 0.000456 
312 0.000669 
313 0.001617 
314 0.001639 
315 0.000306 
316 -0.000781 
317 -0.000676 
318 -0.000068 
319 0.000146 
320 0.000081 
321 0.000358 
322 0.001001 
323 0.001226 
324 0.000543 
325 -0.000197 
326 -0.000152 
327 -0.000143 
328 -0.000774 
329 -0.000459 
330 0.001989 
331 0.004696 
332 0.005014 
333 0.003372 
334 0.002239 
335 0.001766 
336 0.000076 
337 -0.002666 
338 -0.003701 
339 -0.001524 
340 0.002147 
341 0.004879 
342 0.005694 
343 0.005331 
344 0.004180 
345 0.001890 
346 -0.001235 
347 -0.003061 
348 -0.002091 
349 0.000544 
350 0.002783 
351 0.004233 
352 0.005336 
353 0.005646 
354 0.004335 
355 0.002091 
356 0.001003 
357 0.001966 
358 0.003680 
359 0.004446 
360 0.003970 
361 0.002662 
362 0.000977 
363 -0.000448 
364 -0.000708 
365 0.000172 
366 0.001402 
367 0.002541 
368 0.004213 
369 0.006301 
370 0.007185 
371 0.006056 
372 0.003985 
373 0.002031 
374 0.000339 
375 -0.000845 
376 -0.000934 
377 0.000250 
378 0.002210 
379 0.003618 
380 0.003599 
381 0.002786 
382 0.002025 
383 0.001283 
384 0.000127 
385 -0.000350 
386 0.000890 
387 0.003286 
388 0.005522 
389 0.007186 
390 0.008184 
391 0.007775 
392 0.005868 
393 0.003384 
394 0.001325 
395 0.000414 
396 0.001136 
397 0.003296 
398 0.005563 
399 0.007005 
400 0.007936 
401 0.008051 
402 0.005941 
403 0.001947 
404 -0.002097 
405 -0.005012 
406 -0.006058 
407 -0.004068 
408 0.000032 
409 0.003158 
410 0.004269 
411 0.004839 
412 0.004781 
413 0.002869 
414 0.000251 
415 -0.000889 
416 -0.000556 
417 0.000361 
418 0.002044 
419 0.003987 
420 0.003965 
421 0.002080 
422 0.000653 
423 0.000750 
424 0.000500 
425 -0.000618 
426 -0.001095 
427 -0.000694 
428 -0.000672 
429 -0.001047 
430 -0.001248 
431 -0.001938 
432 -0.002773 
433 -0.002486 
434 -0.000793 
435 0.000635 
436 0.001299 
437 0.002176 
438 0.003824 
439 0.004622 
440 0.003191 
441 0.000543 
442 -0.001586 
443 -0.003225 
444 -0.005099 
445 -0.006686 
446 -0.006815 
447 -0.005617 
448 -0.003496 
449 -0.000528 
450 0.001994 
451 0.002528 
452 0.000941 
453 -0.002122 
454 -0.006132 
455 -0.009775 
456 -0.011136 
457 -0.009683 
458 -0.006931 
459 -0.003778 
460 -0.000375 
461 0.002547 
462 0.003611 
463 0.002383 
464 -0.000331 
465 -0.003892 
466 -0.007318 
467 -0.009856 
468 -0.011119 
469 -0.011017 
470 -0.009153 
471 -0.005803 
472 -0.002320 
473 0.000258 
474 0.002083 
475 0.002695 
476 0.001066 
477 -0.002405 
478 -0.005907 
479 -0.008127 
480 -0.009503 
481 -0.010150 
482 -0.009432 
483 -0.007815 
484 -0.005899 
485 -0.003556 
486 -0.001021 
487 0.000244 
488 -0.000484 
489 -0.002226 
490 -0.003733 
491 -0.005003 
492 -0.006571 
493 -0.007995 
494 -0.008195 
495 -0.007113 
496 -0.005494 
497 -0.004074 
498 -0.003210 
499 -0.002981 
500 -0.003110 
501 -0.003027 
502 -0.002464 
503 -0.001496 
504 -0.000610 
505 -0.000921 
506 -0.002327 
507 -0.003958 
508 -0.005625 
509 -0.007538 
510 -0.008596 
511 -0.007561 
512 -0.004178 
513 0.000095 
514 0.003009 
515 0.003495 
516 0.002227 
517 -0.000261 
518 -0.004106 
519 -0.008182 
520 -0.010194 
521 -0.009611 
522 -0.007321 
523 -0.003672 
524 0.000269 
525 0.002481 
526 0.002241 
527 0.000472 
528 -0.002340 
529 -0.005685 
530 -0.007789 
531 -0.006920 
532 -0.004209 
533 -0.002029 
534 -0.000708 
535 0.000404 
536 0.000945 
537 0.000339 
538 -0.000454 
539 -0.000860 
540 -0.001835 
541 -0.004229 
542 -0.006533 
543 -0.007378 
544 -0.007276 
545 -0.006585 
546 -0.004043 
547 0.000897 
548 0.006421 
549 0.010519 
550 0.012499 
551 0.011914 
552 0.008381 
553 0.002574 
554 -0.003582 
555 -0.008203 
556 -0.010343 
557 -0.009922 
558 -0.007298 
559 -0.002679 
560 0.002770 
561 0.006479 
562 0.007092 
563 0.005699 
564 0.003724 
565 0.001190 
566 -0.001940 
567 -0.003989 
568 -0.004031 
569 -0.003178 
570 -0.002191 
571 -0.000531 
572 0.001548 
573 0.002692 
574 0.002787 
575 0.003278 
576 0.004359 
577 0.005040 
578 0.004759 
579 0.003546 
580 0.001879 
581 0.000342 
582 -0.000348 
583 -0.000693 
584 -0.001420 
585 -0.001699 
586 -0.000171 
587 0.002365 
588 0.004132 
589 0.005445 
590 0.007191 
591 0.008350 
592 0.007443 
593 0.005353 
594 0.003664 
595 0.002114 
596 0.000244 
597 -0.000134 
598 0.001912 
599 0.004135 
600 0.004169 
601 0.003354 
602 0.003693 
603 0.004059 
604 0.002669 
605 0.000388 
606 -0.000431 
607 0.000497 
608 0.001296 
609 0.001095 
610 0.000952 
611 0.001580 
612 0.002008 
613 0.001643 
614 0.001376 
615 0.002213 
616 0.003778 
617 0.004769 
618 0.004657 
619 0.004025 
620 0.003503 
621 0.003098 
622 0.001842 
623 -0.000611 
624 -0.002584 
625 -0.002256 
626 -0.000144 
627 0.001952 
628 0.003741 
629 0.005620 
630 0.006978 
631 0.006931 
632 0.005893 
633 0.004551 
634 0.003024 
635 0.001584 
636 0.001195 
637 0.001200 
638 0.000062 
639 -0.001830 
640 -0.002196 
641 -0.000993 
642 0.000177 
643 0.001724 
644 0.004626 
645 0.007058 
646 0.006970 
647 0.005249 
648 0.003151 
649 0.000230 
650 -0.002809 
651 -0.003852 
652 -0.002846 
653 -0.000926 
654 0.001774 
655 0.005429 
656 0.008462 
657 0.008403 
658 0.006232 
659 0.004110 
660 0.002113 
661 -0.000280 
662 -0.001488 
663 -0.000508 
664 0.000858 
665 0.001434 
666 0.002430 
667 0.004085 
668 0.005180 
669 0.005262 
670 0.004923 
671 0.004485 
672 0.003830 
673 0.002615 
674 0.000724 
675 -0.001751 
676 -0.004030 
677 -0.005190 
678 -0.005067 
679 -0.003905 
680 -0.001991 
681 0.000872 
682 0.004595 
683 0.007863 
684 0.008836 
685 0.007037 
686 0.003470 
687 -0.000693 
688 -0.005049 
689 -0.008354 
690 -0.008837 
691 -0.006544 
692 -0.003098 
693 0.000468 
694 0.003557 
695 0.005218 
696 0.005062 
697 0.004030 
698 0.002783 
699 0.001015 
700 -0.000721 
701 -0.001158 
702 -0.000437 
703 0.000057 
704 0.000170 
705 0.000627 
706 0.001348 
707 0.002146 
708 0.003416 
709 0.004458 
710 0.003901 
711 0.002071 
712 0.000793 
713 0.000259 
714 -0.000858 
715 -0.002372 
716 -0.002977 
717 -0.002339 
718 -0.001306 
719 -0.000481 
720 0.000081 
721 0.000274 
722 0.000421 
723 0.000705 
724 0.000611 
725 -0.000520 
726 -0.002169 
727 -0.003335 
728 -0.003790 
729 -0.003861 
730 -0.003279 
731 -0.001862 
732 -0.000137 
733 0.001109 
734 0.001740 
735 0.002028 
736 0.001637 
737 0.000186 
738 -0.001966 
739 -0.003872 
740 -0.004876 
741 -0.005076 
742 -0.004421 
743 -0.002689 
744 -0.000144 
745 0.002080 
746 0.003040 
747 0.002765 
748 0.001759 
749 0.000517 
750 -0.000832 
751 -0.002088 
752 -0.002847 
753 -0.002690 
754 -0.001546 
755 -0.000036 
756 0.001119 
757 0.001632 
758 0.001493 
759 0.000840 
760 -0.000073 
761 -0.001258 
762 -0.002619 
763 -0.003855 
764 -0.004692 
765 -0.005034 
766 -0.004867 
767 -0.004014 
768 -0.002481 
769 -0.000621 
770 0.001144 
771 0.002570 
772 0.003510 
773 0.003533 
774 0.002414 
775 0.000730 
776 -0.000735 
777 -0.002011 
778 -0.003210 
779 -0.003710 
780 -0.003172 
781 -0.002254 
782 -0.001606 
783 -0.001056 
784 -0.000414 
785 -0.000164 
786 -0.000459 
787 -0.000869 
788 -0.001027 
789 -0.001255 
790 -0.001512 
791 -0.001387 
792 -0.000832 
793 -0.000442 
794 -0.000484 
795 -0.000481 
796 -0.000508 
797 -0.001015 
798 -0.001703 
799 -0.001927 
800 -0.001937 
801 -0.001906 
802 -0.001320 
803 -0.000281 
804 0.000351 
805 0.000352 
806 0.000335 
807 0.000290 
808 -0.000300 
809 -0.001177 
810 -0.001466 
811 -0.001046 
812 -0.000664 
813 -0.000768 
814 -0.000984 
815 -0.000758 
816 -0.000096 
817 0.000497 
818 0.000481 
819 0.000055 
820 -0.000088 
821 0.000232 
822 0.000322 
823 0.000126 
824 0.000330 
825 0.000910 
826 0.000942 
827 0.000207 
828 -0.000411 
829 -0.000407 
830 -0.000141 
831 -0.000067 
832 -0.000118 
833 0.000026 
834 0.000360 
835 0.000483 
836 0.000160 
837 -0.000182 
838 -0.000150 
839 -0.000143 
840 -0.000441 
841 -0.000301 
842 0.000793 
843 0.001968 
844 0.002059 
845 0.001305 
846 0.000812 
847 0.000634 
848 -0.000040 
849 -0.001137 
850 -0.001520 
851 -0.000608 
852 0.000858 
853 0.001888 
854 0.002119 
855 0.001893 
856 0.001400 
857 0.000523 
858 -0.000620 
859 -0.001232 
860 -0.000795 
861 0.000219 
862 0.001029 
863 0.001505 
864 0.001831 
865 0.001871 
866 0.001358 
867 0.000561 
868 0.000202 
869 0.000560 
870 0.001166 
871 0.001442 
872 0.001296 
873 0.000864 
874 0.000302 
875 -0.000176 
876 -0.000281 
877 -0.000025 
878 0.000344 
879 0.000695 
880 0.001210 
881 0.001840 
882 0.002099 
883 0.001766 
884 0.001165 
885 0.000605 
886 0.000128 
887 -0.000201 
888 -0.000231 
889 0.000080 
890 0.000584 
891 0.000925 
892 0.000883 
893 0.000644 
894 0.000443 
895 0.000274 
896 0.000024 
897 -0.000046 
898 0.000301 
899 0.000905 
900 0.001437 
901 0.001798 
902 0.001978 
903 0.001828 
904 0.001353 
905 0.000776 
906 0.000320 
907 0.000133 
908 0.000307 
909 0.000778 
910 0.001246 
911 0.001518 
912 0.001675 
913 0.001664 
914 0.001215 
915 0.000413 
916 -0.000373 
917 -0.000919 
918 -0.001098 
919 -0.000703 
920 0.000072 
921 0.000651 
922 0.000853 
923 0.000956 
924 0.000943 
925 0.000604 
926 0.000142 
927 -0.000067 
928 -0.000031 
929 0.000101 
930 0.000362 
931 0.000665 
932 0.000655 
933 0.000363 
934 0.000161 
935 0.000201 
936 0.000181 
937 0.000021 
938 -0.000052 
939 -0.000007 
940 -0.000030 
941 -0.000111 
942 -0.000156 
943 -0.000258 
944 -0.000369 
945 -0.000313 
946 -0.000058 
947 0.000154 
948 0.000250 
949 0.000360 
950 0.000557 
951 0.000634 
952 0.000426 
953 0.000075 
954 -0.000195 
955 -0.000389 
956 -0.000604 
957 -0.000781 
958 -0.000780 
959 -0.000625 
960 -0.000370 
961 -0.000022 
962 0.000269 
963 0.000328 
964 0.000142 
965 -0.000211 
966 -0.000666 
967 -0.001073 
968 -0.001226 
969 -0.001068 
970 -0.000766 
971 -0.000415 
972 -0.000037 
973 0.000284 
974 0.000403 
975 0.000278 
976 -0.000007 
977 -0.000381 
978 -0.000737 
979 -0.000990 
980 -0.001105 
981 -0.001077 
982 -0.000874 
983 -0.000530 
984 -0.000185 
985 0.000061 
986 0.000222 
987 0.000261 
988 0.000091 
989 -0.000243 
990 -0.000567 
991 -0.000763 
992 -0.000874 
993 -0.000914 
994 -0.000831 
995 -0.000671 
996 -0.000493 
997 -0.000285 
998 -0.000069 
999 0.000033 
1000 -0.000037 
1001 -0.000192 
1002 -0.000326 
1003 -0.000437 
1004 -0.000571 
1005 -0.000688 
1006 -0.000701 
1007 -0.000606 
1008 -0.000467 
1009 -0.000346 
1010 -0.000273 
1011 -0.000253 
1012 -0.000264 
1013 -0.000261 
1014 -0.000219 
1015 -0.000143 
1016 -0.000069 
1017 -0.000089 
1018 -0.000196 
1019 -0.000322 
1020 -0.000456 
1021 -0.000615 
1022 -0.000709 
1023 -0.000638 
