0 -0.198872 
1 0.281978 
2 1.193606 
3 0.303462 
4 -0.407792 
5 0.092644 
6 -0.047271 
7 -0.077297 
8 0.025932 
9 0.007464 
10 -0.123572 
11 0.174234 
12 -0.222597 
13 -0.006976 
14 0.033476 
15 -0.094168 
16 0.059711 
17 0.088739 
18 -0.005624 
19 -0.077767 
20 -0.032843 
21 -0.039129 
22 -0.078667 
23 0.047201 
24 0.121852 
25 -0.094815 
26 0.008875 
27 -0.037803 
28 -0.100801 
29 -0.046095 
30 0.080113 
31 0.050652 
32 0.001454 
33 0.008872 
34 -0.022664 
35 -0.097807 
36 -0.040399 
37 0.092723 
38 -0.017520 
39 0.049108 
40 0.034465 
41 -0.038322 
42 -0.037357 
43 -0.055609 
44 0.103384 
45 0.084195 
46 -0.054477 
47 0.204830 
48 -0.055011 
49 -0.118813 
50 0.080623 
51 -0.016189 
52 0.046955 
53 0.041004 
54 0.091284 
55 -0.022060 
56 -0.060016 
57 -0.056773 
58 0.033901 
59 -0.014484 
60 0.002513 
61 0.106533 
62 -0.007649 
63 -0.123260 
64 0.001574 
65 -0.020789 
66 0.002333 
67 -0.026369 
68 0.187076 
69 -0.128182 
70 0.003036 
71 -0.047352 
72 0.001729 
73 -0.011591 
74 0.005090 
75 0.092801 
76 -0.059592 
77 -0.083542 
78 0.046640 
79 -0.076260 
80 0.009995 
81 0.001511 
82 0.081816 
83 -0.010883 
84 -0.057233 
85 0.059579 
86 -0.010163 
87 -0.112008 
88 0.154168 
89 -0.025283 
90 -0.014771 
91 0.102045 
92 -0.053783 
93 -0.013079 
94 -0.002213 
95 0.005659 
96 -0.058271 
97 0.058412 
98 0.009910 
99 0.011679 
100 -0.015304 
101 0.068517 
102 -0.127197 
103 -0.038992 
104 0.062297 
105 -0.052362 
106 0.054609 
107 0.046804 
108 -0.050444 
109 -0.072047 
110 -0.041644 
111 0.011251 
112 0.062411 
113 -0.017759 
114 0.091655 
115 0.022639 
116 -0.153252 
117 -0.015128 
118 0.037248 
119 -0.007270 
120 0.030562 
121 0.093009 
122 -0.056260 
123 -0.177530 
124 0.097171 
125 -0.084726 
126 -0.072170 
127 0.169631 
128 -0.016286 
129 -0.004254 
130 -0.039727 
131 -0.005067 
132 -0.034895 
133 0.042394 
134 0.067197 
135 0.088613 
136 -0.026550 
137 0.021340 
138 -0.081196 
139 0.039313 
140 -0.062194 
141 0.119614 
142 0.056962 
143 -0.040681 
144 -0.011951 
145 0.002170 
146 -0.152662 
147 0.025900 
148 0.065629 
149 0.018680 
150 0.035672 
151 -0.010238 
152 -0.073503 
153 -0.092384 
154 0.013612 
155 0.065451 
156 0.022768 
157 0.034991 
158 0.021785 
159 -0.158336 
160 0.008600 
161 -0.063816 
162 0.036198 
163 0.146178 
164 -0.135934 
165 0.115457 
166 -0.035569 
167 -0.178563 
168 0.154265 
169 0.022499 
170 -0.047547 
171 0.063445 
172 0.026221 
173 -0.102188 
174 0.000544 
175 0.055409 
176 -0.066632 
177 -0.005515 
178 0.031777 
179 -0.009238 
180 0.009630 
181 0.058135 
182 -0.058208 
183 0.082020 
184 -0.078489 
185 -0.024128 
186 0.130777 
187 -0.041190 
188 0.031949 
189 0.029038 
190 -0.019418 
191 -0.057700 
192 -0.034965 
193 0.058699 
194 0.035808 
195 -0.014711 
196 0.136165 
197 -0.064165 
198 -0.056606 
199 -0.042352 
200 0.024017 
201 0.024495 
202 0.043961 
203 0.002002 
204 0.103775 
205 -0.155913 
206 -0.091593 
207 0.077639 
208 -0.042619 
209 0.005045 
210 0.113310 
211 -0.036976 
212 -0.056366 
213 -0.120830 
214 0.123928 
215 -0.048097 
216 -0.060958 
217 0.209805 
218 -0.045948 
219 -0.096573 
220 0.046430 
221 0.002709 
222 0.013678 
223 0.004425 
224 0.128104 
225 0.056661 
226 -0.147083 
227 0.040372 
228 0.024532 
229 -0.078009 
230 0.023315 
231 0.038250 
232 0.097548 
233 -0.147700 
234 -0.007202 
235 0.114772 
236 -0.240717 
237 0.076077 
238 0.150437 
239 -0.095907 
240 0.045709 
241 -0.041170 
242 -0.023481 
243 -0.116351 
244 -0.019989 
245 0.089463 
246 -0.029547 
247 0.026125 
248 0.006886 
249 -0.100699 
250 0.007251 
251 -0.100154 
252 0.153928 
253 0.008661 
254 -0.023935 
255 0.035562 
256 -0.040785 
257 -0.138152 
258 0.081151 
259 0.002086 
260 -0.004790 
261 0.070194 
262 -0.029167 
263 -0.053360 
264 0.026947 
265 -0.001557 
266 0.000731 
267 0.083468 
268 0.028806 
269 -0.027533 
270 -0.005539 
271 0.090691 
272 -0.186479 
273 0.141726 
274 -0.026128 
275 -0.115380 
276 0.195934 
277 -0.068253 
278 0.047280 
279 0.025286 
280 -0.123279 
281 0.058149 
282 -0.028612 
283 0.087193 
284 0.096640 
285 -0.049167 
286 -0.024652 
287 -0.052590 
288 -0.099646 
289 0.053994 
290 0.028977 
291 0.081123 
292 -0.049757 
293 -0.096847 
294 0.025563 
295 -0.121775 
296 -0.009767 
297 0.142638 
298 -0.115287 
299 0.042765 
300 -0.049587 
301 0.041151 
302 -0.107014 
303 0.036224 
304 0.120408 
305 -0.066796 
306 0.035099 
307 0.123514 
308 -0.133926 
309 -0.021744 
310 0.004364 
311 0.022708 
312 -0.005041 
313 0.003986 
314 0.108382 
315 -0.100068 
316 -0.102609 
317 0.099385 
318 -0.013515 
319 -0.012617 
320 0.066490 
321 0.082829 
322 -0.054218 
323 -0.070693 
324 0.042813 
325 0.048149 
326 -0.115438 
327 0.123292 
328 0.109112 
329 -0.149035 
330 0.045880 
331 -0.041011 
332 0.016799 
333 -0.031904 
334 0.044765 
335 0.122125 
336 -0.096020 
337 -0.013700 
338 0.019556 
339 -0.076433 
340 -0.000543 
341 -0.019448 
342 0.107928 
343 -0.064558 
344 -0.049591 
345 0.029204 
346 -0.028086 
347 -0.103879 
348 0.134154 
349 -0.054042 
350 0.083633 
351 -0.041335 
352 -0.031367 
353 0.047708 
354 -0.133825 
355 0.000691 
356 0.125757 
357 -0.044940 
358 0.004564 
359 0.057066 
360 -0.069019 
361 -0.064058 
362 0.004042 
363 0.101799 
364 -0.010200 
365 0.031504 
366 0.070300 
367 -0.068090 
368 -0.007389 
369 -0.062358 
370 0.066894 
371 0.068740 
372 -0.053135 
373 0.108461 
374 0.025626 
375 -0.170476 
376 0.077744 
377 -0.046141 
378 -0.040358 
379 0.067316 
380 0.028128 
381 -0.013603 
382 -0.069825 
383 -0.064416 
384 -0.034249 
385 -0.017747 
386 0.040223 
387 0.085113 
388 -0.020899 
389 0.023675 
390 -0.130753 
391 0.082284 
392 -0.042409 
393 -0.004190 
394 0.152349 
395 -0.108465 
396 -0.011345 
397 0.029014 
398 -0.107295 
399 0.061866 
400 0.072207 
401 -0.040251 
402 0.070653 
403 -0.006613 
404 -0.066895 
405 0.061943 
406 -0.024974 
407 0.001569 
408 0.008816 
409 0.008395 
410 -0.025458 
411 0.038950 
412 -0.034753 
413 -0.058326 
414 0.041091 
415 -0.028157 
416 0.006111 
417 0.108484 
418 -0.033729 
419 0.011833 
420 -0.001242 
421 -0.062507 
422 0.040907 
423 -0.013392 
424 -0.017999 
425 0.073665 
426 -0.090610 
427 0.001388 
428 0.002004 
429 -0.038065 
430 -0.045854 
431 0.063240 
432 0.000604 
433 -0.002472 
434 0.026756 
435 -0.049057 
436 -0.003866 
437 -0.073445 
438 0.053167 
439 0.034751 
440 0.013646 
441 -0.011555 
442 -0.018559 
443 0.014200 
444 -0.130044 
445 0.134845 
446 0.029418 
447 -0.019918 
448 0.031254 
449 0.030257 
450 -0.078382 
451 0.010829 
452 -0.002075 
453 0.053294 
454 -0.006761 
455 0.041649 
456 0.044386 
457 -0.043733 
458 -0.066369 
459 -0.000432 
460 0.053979 
461 0.007970 
462 0.011868 
463 0.095340 
464 -0.069384 
465 -0.119362 
466 0.093067 
467 -0.092698 
468 0.048080 
469 0.025420 
470 0.062484 
471 -0.047496 
472 -0.027788 
473 -0.001259 
474 -0.018964 
475 -0.008560 
476 0.038953 
477 0.062692 
478 -0.020354 
479 -0.037547 
480 -0.016758 
481 -0.073447 
482 0.001161 
483 0.044132 
484 0.079886 
485 0.016481 
486 -0.033957 
487 -0.072027 
488 0.000542 
489 -0.017022 
490 0.052170 
491 0.098846 
492 -0.028964 
493 -0.062488 
494 -0.046593 
495 -0.043003 
496 -0.013744 
497 0.062862 
498 0.030162 
499 -0.009918 
500 0.051126 
501 -0.159958 
502 0.090332 
503 -0.007524 
504 -0.064030 
505 0.141619 
506 -0.013812 
507 0.009487 
508 0.002478 
509 -0.028371 
510 -0.045388 
511 -0.026140 
512 0.030709 
513 0.066465 
514 -0.014920 
515 0.052390 
516 -0.063847 
517 -0.028093 
518 -0.023170 
519 -0.030169 
520 0.090255 
521 0.012915 
522 -0.014698 
523 0.005585 
524 -0.062770 
525 -0.109146 
526 0.050722 
527 0.030116 
528 0.014229 
529 0.031111 
530 -0.033698 
531 -0.074876 
532 -0.022642 
533 0.014255 
534 0.037593 
535 0.098873 
536 -0.003595 
537 -0.003177 
538 0.008079 
539 -0.058399 
540 -0.052734 
541 0.139905 
542 0.004232 
543 -0.038223 
544 0.088049 
545 -0.071190 
546 -0.103055 
547 0.072428 
548 -0.070007 
549 0.077884 
550 -0.004443 
551 0.040406 
552 0.013278 
553 -0.050477 
554 -0.010518 
555 -0.053163 
556 0.053493 
557 -0.054606 
558 0.098798 
559 0.010379 
560 -0.047863 
561 -0.073863 
562 0.078088 
563 -0.147489 
564 0.110435 
565 0.063195 
566 -0.034174 
567 0.062789 
568 -0.157662 
569 0.046922 
570 -0.049091 
571 0.017834 
572 0.158269 
573 -0.061627 
574 -0.012393 
575 -0.036470 
576 -0.067894 
577 0.026376 
578 0.026184 
579 0.065430 
580 -0.017048 
581 0.018678 
582 -0.038736 
583 -0.049759 
584 0.028076 
585 -0.006297 
586 0.032157 
587 0.049222 
588 0.066899 
589 -0.070841 
590 0.066145 
591 -0.074848 
592 0.000567 
593 0.096240 
594 -0.089534 
595 0.143516 
596 -0.041234 
597 -0.046362 
598 0.023975 
599 -0.048491 
600 -0.044451 
601 0.074594 
602 -0.005238 
603 0.035311 
604 -0.009804 
605 -0.045946 
606 -0.017943 
607 -0.025106 
608 0.030739 
609 -0.011708 
610 0.040686 
611 -0.011254 
612 -0.098854 
613 0.055070 
614 -0.114233 
615 0.035594 
616 0.080473 
617 -0.050727 
618 0.097287 
619 -0.050331 
620 -0.021561 
621 0.039614 
622 -0.038688 
623 0.047360 
624 0.065754 
625 -0.052560 
626 0.071265 
627 -0.062932 
628 -0.010399 
629 -0.045501 
630 -0.052633 
631 0.133300 
632 -0.066836 
633 0.056164 
634 0.045604 
635 -0.068992 
636 -0.063519 
637 0.029117 
638 0.027588 
639 0.001086 
640 0.010834 
641 0.044203 
642 -0.051757 
643 -0.115350 
644 0.045020 
645 -0.023790 
646 0.009119 
647 0.023199 
648 0.103587 
649 -0.061848 
650 -0.055938 
651 -0.034480 
652 0.106952 
653 -0.138009 
654 0.126992 
655 0.049662 
656 -0.045525 
657 -0.033166 
658 -0.063934 
659 0.069027 
660 -0.113835 
661 0.025728 
662 0.190873 
663 -0.163403 
664 -0.015886 
665 0.061704 
666 -0.082179 
667 -0.019326 
668 0.027569 
669 0.084271 
670 -0.040796 
671 -0.004903 
672 0.049618 
673 -0.056557 
674 -0.024098 
675 0.021690 
676 0.093432 
677 0.028440 
678 -0.047481 
679 0.035470 
680 -0.019350 
681 -0.165960 
682 0.133052 
683 0.004591 
684 -0.032521 
685 0.084409 
686 -0.083830 
687 0.064043 
688 -0.119106 
689 0.037927 
690 0.063936 
691 -0.003220 
692 0.019634 
693 0.039194 
694 -0.043456 
695 -0.099061 
696 0.011842 
697 0.039479 
698 -0.055124 
699 0.068134 
700 0.025864 
701 -0.010799 
702 -0.095423 
703 0.060107 
704 -0.047909 
705 0.030947 
706 0.063799 
707 -0.029186 
708 0.089846 
709 -0.144944 
710 0.018487 
711 0.028360 
712 -0.098221 
713 0.094066 
714 0.046814 
715 -0.058517 
716 0.056705 
717 -0.074289 
718 -0.009678 
719 0.037132 
720 0.026954 
721 0.127371 
722 -0.051228 
723 0.041736 
724 -0.072860 
725 -0.070576 
726 0.036337 
727 -0.024618 
728 0.076477 
729 0.020113 
730 -0.017342 
731 0.019629 
732 -0.109718 
733 -0.000239 
734 0.080354 
735 -0.000902 
736 0.071281 
737 0.029634 
738 -0.090958 
739 -0.006591 
740 -0.046189 
741 0.027199 
742 0.047494 
743 -0.022664 
744 0.055605 
745 -0.127682 
746 0.040222 
747 -0.056484 
748 -0.028359 
749 0.055576 
750 0.008258 
751 -0.045401 
752 0.025725 
753 -0.021553 
754 -0.087175 
755 0.029727 
756 0.008822 
757 -0.004511 
758 0.031305 
759 0.053284 
760 -0.019731 
761 -0.098675 
762 0.016135 
763 0.041403 
764 -0.076388 
765 0.089888 
766 0.077749 
767 -0.069011 
768 -0.022293 
769 -0.019182 
770 0.062850 
771 -0.137722 
772 0.158549 
773 0.070160 
774 -0.042493 
775 -0.039781 
776 0.010700 
777 -0.013207 
778 -0.142660 
779 0.129131 
780 0.096554 
781 -0.177393 
782 0.085145 
783 0.014889 
784 -0.155197 
785 0.043865 
786 0.042593 
787 0.018472 
788 0.028720 
789 -0.038035 
790 0.062479 
791 -0.019050 
792 -0.125367 
793 0.117632 
794 0.002621 
795 -0.066412 
796 0.069743 
797 0.100804 
798 -0.086169 
799 -0.103371 
800 0.115259 
801 -0.130665 
802 0.036262 
803 0.118122 
804 0.016937 
805 -0.043798 
806 -0.089660 
807 0.033776 
808 -0.013819 
809 0.015214 
810 0.084876 
811 -0.011771 
812 -0.018009 
813 -0.062459 
814 0.018123 
815 0.006255 
816 -0.019973 
817 0.093449 
818 -0.037156 
819 0.027197 
820 -0.076632 
821 0.011942 
822 -0.004219 
823 0.005132 
824 0.002070 
825 0.094602 
826 -0.055267 
827 0.052519 
828 -0.111453 
829 -0.023219 
830 0.024004 
831 -0.089076 
832 0.127183 
833 0.001307 
834 -0.032744 
835 -0.005923 
836 0.004000 
837 -0.102215 
838 0.099892 
839 0.029155 
840 -0.040284 
841 0.128575 
842 -0.126969 
843 0.044856 
844 -0.019374 
845 -0.058070 
846 0.023832 
847 0.097887 
848 -0.075699 
849 0.063762 
850 0.007434 
851 -0.040390 
852 -0.053644 
853 0.088308 
854 0.001614 
855 0.037875 
856 0.052739 
857 -0.013452 
858 -0.054020 
859 -0.021114 
860 -0.040866 
861 0.034020 
862 0.038139 
863 0.004662 
864 0.055446 
865 -0.122568 
866 0.041864 
867 -0.119276 
868 0.018142 
869 0.074978 
870 0.056369 
871 0.021870 
872 -0.022954 
873 -0.046228 
874 -0.075226 
875 -0.068963 
876 0.086037 
877 -0.008909 
878 0.037081 
879 0.062116 
880 -0.116321 
881 0.023745 
882 -0.073277 
883 0.042662 
884 0.067292 
885 -0.002661 
886 0.063997 
887 -0.028192 
888 -0.110943 
889 -0.044561 
890 0.111280 
891 -0.079643 
892 0.120440 
893 0.074460 
894 -0.159705 
895 -0.025648 
896 -0.000426 
897 -0.113173 
898 0.148677 
899 0.072371 
900 -0.086199 
901 0.047867 
902 -0.086440 
903 -0.129016 
904 0.068447 
905 0.058596 
906 -0.023694 
907 0.160795 
908 -0.069033 
909 -0.006908 
910 -0.038201 
911 -0.013806 
912 0.073119 
913 0.062894 
914 -0.051271 
915 0.158561 
916 -0.139100 
917 -0.077915 
918 -0.027249 
919 -0.033391 
920 0.041056 
921 0.049535 
922 0.109088 
923 -0.073305 
924 -0.121069 
925 0.078483 
926 -0.139907 
927 0.055481 
928 0.053564 
929 -0.034552 
930 0.004247 
931 -0.027388 
932 -0.065225 
933 -0.027915 
934 -0.047445 
935 0.065004 
936 0.015121 
937 0.173305 
938 -0.071712 
939 -0.000987 
940 0.058293 
941 -0.135411 
942 0.138942 
943 0.080309 
944 -0.014196 
945 0.052056 
946 -0.044325 
947 -0.005700 
948 -0.130696 
949 -0.000219 
950 0.090501 
951 -0.034687 
952 0.080570 
953 0.002302 
954 -0.100925 
955 -0.035066 
956 0.066101 
957 -0.089875 
958 0.150853 
959 -0.017806 
960 0.018334 
961 -0.001607 
962 -0.032722 
963 -0.107771 
964 0.127572 
965 0.014192 
966 0.051611 
967 0.088999 
968 -0.020971 
969 -0.096854 
970 -0.002645 
971 0.042008 
972 -0.089816 
973 0.116438 
974 -0.071429 
975 -0.084206 
976 0.076032 
977 -0.121377 
978 -0.015415 
979 0.034991 
980 -0.052994 
981 0.173204 
982 -0.030428 
983 -0.038201 
984 0.016267 
985 -0.149944 
986 0.080737 
987 0.148430 
988 -0.047910 
989 0.044086 
990 -0.014610 
991 -0.135013 
992 -0.070451 
993 0.113095 
994 0.152605 
995 -0.077597 
996 0.157225 
997 0.079894 
998 -0.281988 
999 -0.049939 
1000 0.061837 
1001 0.006741 
1002 -0.171534 
1003 -0.050679 
1004 0.085077 
1005 -0.275952 
1006 0.064305 
1007 0.226431 
1008 -0.203454 
1009 0.119288 
1010 0.386044 
1011 -0.211500 
1012 -0.220539 
1013 0.280256 
1014 -0.048187 
1015 -0.267410 
1016 0.159849 
1017 0.160451 
1018 -0.293882 
1019 -0.074242 
1020 0.423037 
1021 0.095683 
1022 -0.029147 
1023 -0.092727 
