0 -0.000099 
1 0.000012 
2 0.000324 
3 0.000189 
4 -0.000223 
5 -0.000206 
6 0.000313 
7 0.000630 
8 0.000420 
9 0.000242 
10 0.000535 
11 0.000872 
12 0.000634 
13 0.000115 
14 -0.000017 
15 0.000108 
16 0.000152 
17 0.000052 
18 -0.000024 
19 0.000230 
20 0.000595 
21 0.000563 
22 0.000329 
23 0.000339 
24 0.000417 
25 0.000189 
26 -0.000072 
27 0.000031 
28 0.000202 
29 0.000083 
30 -0.000097 
31 -0.000040 
32 0.000315 
33 0.000574 
34 0.000337 
35 -0.000020 
36 0.000057 
37 0.000273 
38 0.000127 
39 -0.000202 
40 -0.000229 
41 -0.000042 
42 0.000029 
43 -0.000081 
44 -0.000198 
45 -0.000096 
46 0.000231 
47 0.000437 
48 0.000301 
49 0.000109 
50 0.000156 
51 0.000363 
52 0.000453 
53 0.000238 
54 -0.000221 
55 -0.000572 
56 -0.000592 
57 -0.000330 
58 0.000085 
59 0.000274 
60 -0.000029 
61 -0.000286 
62 0.000134 
63 0.000779 
64 0.000574 
65 -0.000315 
66 -0.000633 
67 -0.000232 
68 -0.000001 
69 -0.000270 
70 -0.000482 
71 -0.000197 
72 -0.000069 
73 -0.000707 
74 -0.001115 
75 -0.000646 
76 -0.000226 
77 -0.000412 
78 -0.000468 
79 -0.000081 
80 0.000089 
81 -0.000119 
82 -0.000142 
83 -0.000169 
84 -0.000465 
85 -0.000614 
86 -0.000522 
87 -0.000513 
88 -0.000838 
89 -0.001055 
90 -0.000443 
91 0.000186 
92 -0.000245 
93 -0.000824 
94 -0.000313 
95 0.000538 
96 0.000253 
97 -0.000567 
98 -0.000436 
99 -0.000109 
100 -0.000506 
101 -0.000420 
102 0.000502 
103 0.000561 
104 -0.000774 
105 -0.001493 
106 -0.000507 
107 0.000310 
108 -0.000125 
109 -0.000436 
110 -0.000252 
111 -0.000129 
112 -0.000228 
113 -0.000237 
114 0.000166 
115 0.000056 
116 -0.000705 
117 -0.000313 
118 0.001136 
119 0.001451 
120 0.000203 
121 -0.000570 
122 -0.000116 
123 -0.000198 
124 -0.001065 
125 -0.000983 
126 -0.000350 
127 -0.000218 
128 -0.000048 
129 0.000603 
130 0.001074 
131 0.000846 
132 0.000620 
133 0.001261 
134 0.001273 
135 -0.000084 
136 -0.000963 
137 -0.000476 
138 0.000287 
139 0.000201 
140 -0.000395 
141 -0.000305 
142 0.000347 
143 0.000546 
144 0.000501 
145 0.000562 
146 0.000586 
147 0.000411 
148 0.000318 
149 0.000939 
150 0.001801 
151 0.001505 
152 0.000508 
153 0.000123 
154 0.000097 
155 -0.000130 
156 -0.000194 
157 0.000066 
158 0.000549 
159 0.000852 
160 0.000653 
161 0.000546 
162 0.000844 
163 0.000923 
164 0.000413 
165 -0.000144 
166 -0.000173 
167 0.000669 
168 0.002382 
169 0.003341 
170 0.002175 
171 0.000497 
172 0.000539 
173 0.001183 
174 0.000164 
175 -0.001159 
176 -0.000736 
177 0.000517 
178 0.000956 
179 0.001068 
180 0.002647 
181 0.004405 
182 0.003067 
183 -0.000040 
184 -0.000600 
185 0.001244 
186 0.001628 
187 0.000068 
188 -0.000340 
189 0.000836 
190 0.001361 
191 0.001436 
192 0.002062 
193 0.001789 
194 -0.000430 
195 -0.002219 
196 -0.001398 
197 0.000265 
198 0.000701 
199 0.000316 
200 0.000423 
201 0.000995 
202 0.001103 
203 0.000499 
204 0.000029 
205 -0.000471 
206 -0.001038 
207 -0.001257 
208 -0.000925 
209 -0.000291 
210 0.000317 
211 0.000606 
212 -0.000038 
213 -0.001417 
214 -0.001855 
215 -0.001239 
216 -0.001146 
217 -0.001586 
218 -0.001171 
219 0.000301 
220 0.001205 
221 0.000877 
222 0.000869 
223 0.001300 
224 -0.000138 
225 -0.003126 
226 -0.004278 
227 -0.002581 
228 -0.001271 
229 -0.001735 
230 -0.001442 
231 0.000946 
232 0.003243 
233 0.002163 
234 -0.001802 
235 -0.004067 
236 -0.003325 
237 -0.002442 
238 -0.002654 
239 -0.003044 
240 -0.002070 
241 0.000307 
242 0.001634 
243 0.000505 
244 -0.001435 
245 -0.002650 
246 -0.003074 
247 -0.003086 
248 -0.003303 
249 -0.003588 
250 -0.003246 
251 -0.002254 
252 -0.001909 
253 -0.002065 
254 -0.000900 
255 -0.000125 
256 -0.002846 
257 -0.005638 
258 -0.004332 
259 -0.001406 
260 -0.000993 
261 -0.002485 
262 -0.002343 
263 -0.000816 
264 -0.001066 
265 -0.003032 
266 -0.003740 
267 -0.003153 
268 -0.004279 
269 -0.006250 
270 -0.004156 
271 0.000822 
272 0.000625 
273 -0.004004 
274 -0.003956 
275 0.000043 
276 0.000514 
277 -0.002021 
278 -0.002451 
279 -0.001416 
280 -0.001903 
281 -0.003262 
282 -0.003142 
283 -0.001927 
284 -0.002351 
285 -0.003966 
286 -0.003415 
287 -0.001651 
288 -0.001656 
289 -0.001826 
290 0.000436 
291 0.002290 
292 0.000913 
293 -0.001171 
294 -0.001357 
295 -0.001267 
296 -0.002199 
297 -0.003611 
298 -0.004389 
299 -0.003067 
300 0.000214 
301 0.002530 
302 0.001929 
303 0.000356 
304 0.000717 
305 0.002145 
306 0.002110 
307 0.000484 
308 -0.001319 
309 -0.001377 
310 0.000272 
311 0.001617 
312 0.002548 
313 0.003254 
314 0.002232 
315 0.000898 
316 0.002100 
317 0.003192 
318 0.001017 
319 -0.001058 
320 -0.000937 
321 -0.000820 
322 0.000426 
323 0.003680 
324 0.004172 
325 0.000757 
326 -0.001612 
327 -0.001001 
328 0.000788 
329 0.001941 
330 0.001622 
331 0.001403 
332 0.002687 
333 0.003010 
334 0.001914 
335 0.001924 
336 0.001335 
337 -0.001214 
338 -0.002512 
339 -0.000768 
340 0.002053 
341 0.003582 
342 0.003550 
343 0.003158 
344 0.002360 
345 0.001299 
346 0.001542 
347 0.003278 
348 0.004210 
349 0.002465 
350 0.000117 
351 0.000836 
352 0.004497 
353 0.006739 
354 0.004577 
355 0.000906 
356 -0.000042 
357 0.000537 
358 0.000914 
359 0.002542 
360 0.003400 
361 0.000904 
362 -0.001228 
363 0.002047 
364 0.007600 
365 0.007979 
366 0.002953 
367 -0.000774 
368 -0.000093 
369 0.001410 
370 0.000883 
371 0.000286 
372 0.001294 
373 0.002408 
374 0.001930 
375 0.001287 
376 0.002822 
377 0.003887 
378 0.001404 
379 -0.002270 
380 -0.002966 
381 -0.001381 
382 0.000420 
383 0.003447 
384 0.005384 
385 0.003358 
386 0.000687 
387 0.000738 
388 0.001402 
389 0.001554 
390 0.000573 
391 -0.002305 
392 -0.004306 
393 -0.002513 
394 0.000609 
395 -0.000288 
396 -0.004187 
397 -0.004412 
398 -0.000566 
399 0.002071 
400 0.002084 
401 0.001470 
402 0.001189 
403 -0.001308 
404 -0.005068 
405 -0.004934 
406 -0.001616 
407 -0.000837 
408 -0.003008 
409 -0.003261 
410 -0.001296 
411 -0.002138 
412 -0.005541 
413 -0.006965 
414 -0.005159 
415 -0.003561 
416 -0.003201 
417 -0.000624 
418 0.002925 
419 0.001501 
420 -0.003525 
421 -0.004191 
422 -0.001640 
423 -0.002184 
424 -0.005022 
425 -0.005028 
426 -0.004190 
427 -0.006186 
428 -0.006810 
429 -0.002860 
430 -0.000419 
431 -0.003240 
432 -0.004994 
433 -0.001231 
434 0.003857 
435 0.004586 
436 0.002561 
437 0.000748 
438 -0.000583 
439 -0.002302 
440 -0.003914 
441 -0.005473 
442 -0.007607 
443 -0.009792 
444 -0.008669 
445 -0.002313 
446 0.003568 
447 0.003996 
448 0.003020 
449 0.003376 
450 0.003052 
451 0.002256 
452 0.000670 
453 -0.004185 
454 -0.010354 
455 -0.009403 
456 -0.002856 
457 -0.002130 
458 -0.006251 
459 -0.004114 
460 0.002720 
461 0.004036 
462 -0.001464 
463 -0.005463 
464 -0.002940 
465 0.000195 
466 -0.001713 
467 -0.003750 
468 -0.001228 
469 0.001652 
470 0.000854 
471 -0.000077 
472 0.001811 
473 0.002249 
474 -0.000289 
475 -0.001235 
476 -0.000082 
477 0.001084 
478 0.001547 
479 0.000762 
480 0.000214 
481 0.001759 
482 0.004055 
483 0.005392 
484 0.004835 
485 0.004319 
486 0.005497 
487 0.005425 
488 0.003471 
489 0.002932 
490 0.004401 
491 0.004539 
492 0.001646 
493 -0.000272 
494 0.002420 
495 0.004768 
496 0.003585 
497 0.003222 
498 0.004463 
499 0.004256 
500 0.003017 
501 0.003681 
502 0.005239 
503 0.003116 
504 -0.000487 
505 0.001527 
506 0.006322 
507 0.007106 
508 0.004213 
509 0.003612 
510 0.006501 
511 0.004697 
512 -0.000760 
513 -0.000137 
514 0.003979 
515 0.003034 
516 -0.002040 
517 -0.002534 
518 0.003801 
519 0.008392 
520 0.005912 
521 0.003099 
522 0.006593 
523 0.011213 
524 0.008304 
525 0.001533 
526 0.000016 
527 0.001863 
528 0.002247 
529 0.000812 
530 -0.000018 
531 0.003150 
532 0.007523 
533 0.007023 
534 0.004111 
535 0.004230 
536 0.005247 
537 0.002696 
538 -0.000403 
539 0.000546 
540 0.002452 
541 0.001346 
542 -0.000532 
543 -0.000150 
544 0.003556 
545 0.006647 
546 0.004343 
547 0.000228 
548 0.000640 
549 0.003081 
550 0.002049 
551 -0.001490 
552 -0.002384 
553 -0.000495 
554 0.000890 
555 0.000001 
556 -0.001736 
557 -0.001043 
558 0.002598 
559 0.004978 
560 0.003461 
561 0.001231 
562 0.001611 
563 0.003862 
564 0.004863 
565 0.002582 
566 -0.001850 
567 -0.004862 
568 -0.004855 
569 -0.002574 
570 0.001019 
571 0.002774 
572 0.000267 
573 -0.001979 
574 0.001399 
575 0.006752 
576 0.005280 
577 -0.001895 
578 -0.004842 
579 -0.001915 
580 0.000283 
581 -0.001360 
582 -0.003301 
583 -0.001576 
584 -0.000278 
585 -0.004642 
586 -0.008009 
587 -0.004852 
588 -0.001414 
589 -0.002394 
590 -0.002959 
591 -0.000519 
592 0.000742 
593 -0.000456 
594 -0.000538 
595 -0.000820 
596 -0.003025 
597 -0.004007 
598 -0.003068 
599 -0.002851 
600 -0.005092 
601 -0.006593 
602 -0.002639 
603 0.001508 
604 -0.001175 
605 -0.004964 
606 -0.001710 
607 0.003750 
608 0.001774 
609 -0.003567 
610 -0.002462 
611 0.000260 
612 -0.002221 
613 -0.002828 
614 0.002330 
615 0.003784 
616 -0.003203 
617 -0.007966 
618 -0.003180 
619 0.001880 
620 0.000297 
621 -0.001907 
622 -0.001702 
623 -0.000658 
624 -0.000453 
625 -0.000753 
626 0.000464 
627 0.000020 
628 -0.002781 
629 -0.000787 
630 0.005131 
631 0.006121 
632 0.001002 
633 -0.001968 
634 -0.000350 
635 -0.001155 
636 -0.004550 
637 -0.003685 
638 -0.001177 
639 -0.001114 
640 -0.000361 
641 0.002740 
642 0.004521 
643 0.003003 
644 0.002033 
645 0.004969 
646 0.005207 
647 -0.000272 
648 -0.003861 
649 -0.001821 
650 0.001447 
651 0.000985 
652 -0.001760 
653 -0.001309 
654 0.001600 
655 0.002163 
656 0.001380 
657 0.001616 
658 0.002183 
659 0.001629 
660 0.000950 
661 0.002783 
662 0.005633 
663 0.004734 
664 0.001553 
665 0.000415 
666 0.000490 
667 -0.000361 
668 -0.000856 
669 0.000199 
670 0.002048 
671 0.002552 
672 0.001346 
673 0.001200 
674 0.002630 
675 0.002836 
676 0.000970 
677 -0.000633 
678 -0.000469 
679 0.001842 
680 0.006145 
681 0.008350 
682 0.005239 
683 0.001146 
684 0.001445 
685 0.002944 
686 0.000237 
687 -0.002823 
688 -0.001548 
689 0.001255 
690 0.001955 
691 0.002248 
692 0.006020 
693 0.009859 
694 0.006613 
695 -0.000160 
696 -0.001146 
697 0.002709 
698 0.003292 
699 0.000066 
700 -0.000586 
701 0.001863 
702 0.002708 
703 0.002621 
704 0.004020 
705 0.003865 
706 -0.000525 
707 -0.004456 
708 -0.002920 
709 0.000809 
710 0.001864 
711 0.000528 
712 0.000217 
713 0.001804 
714 0.002725 
715 0.001137 
716 -0.000592 
717 -0.000972 
718 -0.000953 
719 -0.001676 
720 -0.001999 
721 -0.000721 
722 0.001025 
723 0.001407 
724 -0.000187 
725 -0.002344 
726 -0.002617 
727 -0.001582 
728 -0.001681 
729 -0.002449 
730 -0.001657 
731 0.000675 
732 0.001998 
733 0.001433 
734 0.001261 
735 0.001935 
736 0.000199 
737 -0.003998 
738 -0.005894 
739 -0.003523 
740 -0.001302 
741 -0.001812 
742 -0.001927 
743 0.001028 
744 0.004570 
745 0.003335 
746 -0.002278 
747 -0.005274 
748 -0.003770 
749 -0.002407 
750 -0.003014 
751 -0.003615 
752 -0.002213 
753 0.000632 
754 0.002136 
755 0.000859 
756 -0.001510 
757 -0.002935 
758 -0.003121 
759 -0.002942 
760 -0.003402 
761 -0.003948 
762 -0.003296 
763 -0.001807 
764 -0.001574 
765 -0.002227 
766 -0.001034 
767 0.000277 
768 -0.002253 
769 -0.005460 
770 -0.004437 
771 -0.001229 
772 -0.000472 
773 -0.002036 
774 -0.002184 
775 -0.000687 
776 -0.000661 
777 -0.002485 
778 -0.003321 
779 -0.002688 
780 -0.003387 
781 -0.005131 
782 -0.003583 
783 0.000675 
784 0.000842 
785 -0.002873 
786 -0.003107 
787 -0.000096 
788 0.000456 
789 -0.001234 
790 -0.001562 
791 -0.001000 
792 -0.001447 
793 -0.002352 
794 -0.002185 
795 -0.001219 
796 -0.001503 
797 -0.002808 
798 -0.002465 
799 -0.000991 
800 -0.000867 
801 -0.001169 
802 0.000314 
803 0.001808 
804 0.000916 
805 -0.000767 
806 -0.000949 
807 -0.000595 
808 -0.001086 
809 -0.002269 
810 -0.002932 
811 -0.001827 
812 0.000461 
813 0.001728 
814 0.001150 
815 0.000275 
816 0.000624 
817 0.001423 
818 0.001312 
819 0.000354 
820 -0.000684 
821 -0.000692 
822 0.000297 
823 0.001003 
824 0.001397 
825 0.001789 
826 0.001351 
827 0.000646 
828 0.001109 
829 0.001572 
830 0.000627 
831 -0.000277 
832 -0.000410 
833 -0.000525 
834 0.000272 
835 0.002018 
836 0.002070 
837 0.000273 
838 -0.000697 
839 -0.000271 
840 0.000427 
841 0.000791 
842 0.000687 
843 0.000750 
844 0.001391 
845 0.001364 
846 0.000682 
847 0.000754 
848 0.000760 
849 -0.000288 
850 -0.001105 
851 -0.000520 
852 0.000860 
853 0.001661 
854 0.001482 
855 0.001112 
856 0.000857 
857 0.000617 
858 0.000677 
859 0.001177 
860 0.001502 
861 0.000965 
862 0.000143 
863 0.000308 
864 0.001540 
865 0.002389 
866 0.001675 
867 0.000322 
868 -0.000060 
869 0.000175 
870 0.000358 
871 0.000898 
872 0.001101 
873 0.000239 
874 -0.000376 
875 0.000745 
876 0.002388 
877 0.002363 
878 0.000885 
879 -0.000125 
880 -0.000008 
881 0.000352 
882 0.000307 
883 0.000186 
884 0.000351 
885 0.000617 
886 0.000586 
887 0.000429 
888 0.000733 
889 0.000997 
890 0.000433 
891 -0.000526 
892 -0.000782 
893 -0.000349 
894 0.000169 
895 0.000871 
896 0.001278 
897 0.000843 
898 0.000258 
899 0.000170 
900 0.000247 
901 0.000379 
902 0.000244 
903 -0.000499 
904 -0.001047 
905 -0.000559 
906 0.000231 
907 -0.000045 
908 -0.000963 
909 -0.000920 
910 -0.000041 
911 0.000417 
912 0.000370 
913 0.000339 
914 0.000302 
915 -0.000290 
916 -0.001027 
917 -0.000913 
918 -0.000266 
919 -0.000160 
920 -0.000560 
921 -0.000582 
922 -0.000233 
923 -0.000385 
924 -0.000957 
925 -0.001203 
926 -0.000909 
927 -0.000622 
928 -0.000533 
929 -0.000091 
930 0.000487 
931 0.000245 
932 -0.000561 
933 -0.000670 
934 -0.000274 
935 -0.000343 
936 -0.000755 
937 -0.000751 
938 -0.000648 
939 -0.000947 
940 -0.001004 
941 -0.000408 
942 -0.000063 
943 -0.000457 
944 -0.000704 
945 -0.000207 
946 0.000506 
947 0.000658 
948 0.000378 
949 0.000063 
950 -0.000126 
951 -0.000294 
952 -0.000482 
953 -0.000709 
954 -0.000983 
955 -0.001223 
956 -0.001065 
957 -0.000292 
958 0.000414 
959 0.000472 
960 0.000362 
961 0.000389 
962 0.000341 
963 0.000248 
964 0.000057 
965 -0.000486 
966 -0.001126 
967 -0.001004 
968 -0.000346 
969 -0.000293 
970 -0.000656 
971 -0.000365 
972 0.000284 
973 0.000338 
974 -0.000178 
975 -0.000490 
976 -0.000265 
977 -0.000044 
978 -0.000216 
979 -0.000322 
980 -0.000082 
981 0.000116 
982 0.000046 
983 0.000020 
984 0.000185 
985 0.000177 
986 -0.000041 
987 -0.000088 
988 -0.000009 
989 0.000061 
990 0.000137 
991 0.000101 
992 0.000012 
993 0.000110 
994 0.000351 
995 0.000513 
996 0.000416 
997 0.000316 
998 0.000468 
999 0.000517 
1000 0.000297 
1001 0.000183 
1002 0.000344 
1003 0.000432 
1004 0.000170 
1005 -0.000065 
1006 0.000160 
1007 0.000416 
1008 0.000325 
1009 0.000239 
1010 0.000327 
1011 0.000360 
1012 0.000278 
1013 0.000286 
1014 0.000391 
1015 0.000250 
1016 -0.000013 
1017 0.000138 
1018 0.000489 
1019 0.000542 
1020 0.000337 
1021 0.000313 
1022 0.000535 
1023 0.000365 
