0 -0.000384 
1 -0.000507 
2 -0.000278 
3 -0.000211 
4 -0.000370 
5 -0.000340 
6 0.000012 
7 0.000311 
8 0.000319 
9 0.000241 
10 0.000236 
11 0.000190 
12 0.000015 
13 -0.000136 
14 -0.000086 
15 0.000072 
16 0.000151 
17 0.000137 
18 0.000139 
19 0.000161 
20 0.000157 
21 0.000187 
22 0.000275 
23 0.000272 
24 0.000135 
25 0.000071 
26 0.000205 
27 0.000440 
28 0.000593 
29 0.000549 
30 0.000381 
31 0.000242 
32 0.000249 
33 0.000350 
34 0.000368 
35 0.000287 
36 0.000263 
37 0.000389 
38 0.000477 
39 0.000325 
40 0.000101 
41 0.000086 
42 0.000177 
43 0.000079 
44 -0.000131 
45 -0.000075 
46 0.000303 
47 0.000649 
48 0.000714 
49 0.000595 
50 0.000514 
51 0.000533 
52 0.000591 
53 0.000613 
54 0.000544 
55 0.000458 
56 0.000519 
57 0.000641 
58 0.000502 
59 0.000072 
60 -0.000296 
61 -0.000347 
62 -0.000183 
63 0.000036 
64 0.000305 
65 0.000709 
66 0.001174 
67 0.001583 
68 0.001771 
69 0.001551 
70 0.000938 
71 0.000296 
72 -0.000096 
73 -0.000327 
74 -0.000514 
75 -0.000507 
76 -0.000194 
77 0.000367 
78 0.001048 
79 0.001650 
80 0.001914 
81 0.001835 
82 0.001601 
83 0.001171 
84 0.000395 
85 -0.000563 
86 -0.001224 
87 -0.001218 
88 -0.000675 
89 0.000063 
90 0.000844 
91 0.001645 
92 0.002280 
93 0.002375 
94 0.001831 
95 0.000932 
96 0.000013 
97 -0.000730 
98 -0.001204 
99 -0.001373 
100 -0.001175 
101 -0.000499 
102 0.000520 
103 0.001409 
104 0.001823 
105 0.001863 
106 0.001871 
107 0.001883 
108 0.001491 
109 0.000489 
110 -0.000650 
111 -0.001284 
112 -0.001355 
113 -0.001172 
114 -0.000856 
115 -0.000244 
116 0.000779 
117 0.001836 
118 0.002333 
119 0.002153 
120 0.001741 
121 0.001232 
122 0.000480 
123 -0.000403 
124 -0.001118 
125 -0.001574 
126 -0.001778 
127 -0.001734 
128 -0.001458 
129 -0.000764 
130 0.000409 
131 0.001589 
132 0.002243 
133 0.002174 
134 0.001479 
135 0.000552 
136 -0.000099 
137 -0.000264 
138 -0.000045 
139 0.000188 
140 0.000085 
141 -0.000212 
142 -0.000303 
143 -0.000146 
144 -0.000052 
145 -0.000275 
146 -0.000711 
147 -0.001026 
148 -0.000758 
149 0.000144 
150 0.000876 
151 0.000712 
152 0.000014 
153 -0.000147 
154 0.000589 
155 0.001182 
156 0.000586 
157 -0.001055 
158 -0.002304 
159 -0.002145 
160 -0.001003 
161 0.000067 
162 0.000398 
163 -0.000008 
164 -0.000443 
165 -0.000368 
166 -0.000286 
167 -0.000831 
168 -0.001552 
169 -0.001717 
170 -0.001458 
171 -0.001024 
172 -0.000239 
173 0.000783 
174 0.001322 
175 0.000935 
176 0.000029 
177 -0.000422 
178 -0.000244 
179 -0.000470 
180 -0.001647 
181 -0.002726 
182 -0.002681 
183 -0.001822 
184 -0.000841 
185 -0.000138 
186 0.000016 
187 -0.000313 
188 -0.000542 
189 -0.000410 
190 -0.000504 
191 -0.001184 
192 -0.001987 
193 -0.002042 
194 -0.001225 
195 -0.000473 
196 -0.000446 
197 -0.000593 
198 -0.000288 
199 0.000069 
200 -0.000047 
201 -0.000634 
202 -0.001422 
203 -0.002183 
204 -0.002829 
205 -0.003151 
206 -0.002734 
207 -0.001545 
208 -0.000195 
209 0.000685 
210 0.001257 
211 0.001506 
212 0.001307 
213 0.000343 
214 -0.001306 
215 -0.003050 
216 -0.004072 
217 -0.003991 
218 -0.002817 
219 -0.001200 
220 -0.000167 
221 -0.000013 
222 0.000125 
223 0.000961 
224 0.001909 
225 0.001926 
226 0.000738 
227 -0.000837 
228 -0.001625 
229 -0.001577 
230 -0.001762 
231 -0.002829 
232 -0.003507 
233 -0.002027 
234 0.000826 
235 0.002154 
236 0.001189 
237 0.000459 
238 0.001336 
239 0.001765 
240 -0.000231 
241 -0.003420 
242 -0.005268 
243 -0.004958 
244 -0.003337 
245 -0.001357 
246 0.000572 
247 0.002234 
248 0.003425 
249 0.003959 
250 0.003332 
251 0.000820 
252 -0.002440 
253 -0.004142 
254 -0.003462 
255 -0.002082 
256 -0.001430 
257 -0.000789 
258 0.000657 
259 0.002187 
260 0.002892 
261 0.002466 
262 0.001042 
263 -0.000572 
264 -0.000891 
265 0.000433 
266 0.001764 
267 0.001430 
268 0.000564 
269 0.000940 
270 0.001708 
271 0.001056 
272 -0.000756 
273 -0.002192 
274 -0.002426 
275 -0.001531 
276 -0.000122 
277 0.000904 
278 0.000777 
279 -0.000166 
280 -0.000107 
281 0.001501 
282 0.002085 
283 0.000552 
284 -0.000677 
285 -0.000247 
286 0.000304 
287 0.000275 
288 0.000443 
289 0.000802 
290 0.001020 
291 0.001695 
292 0.002877 
293 0.003161 
294 0.001573 
295 -0.001109 
296 -0.003143 
297 -0.003965 
298 -0.003903 
299 -0.002816 
300 -0.000732 
301 0.000927 
302 0.001400 
303 0.001879 
304 0.003231 
305 0.004748 
306 0.005054 
307 0.004133 
308 0.002835 
309 0.001214 
310 -0.001437 
311 -0.004121 
312 -0.004742 
313 -0.003425 
314 -0.002033 
315 -0.000579 
316 0.002400 
317 0.005550 
318 0.005765 
319 0.003372 
320 0.001528 
321 0.001627 
322 0.001873 
323 0.000517 
324 -0.001598 
325 -0.002269 
326 -0.001669 
327 -0.001719 
328 -0.001762 
329 0.000345 
330 0.003463 
331 0.004535 
332 0.003970 
333 0.004171 
334 0.005037 
335 0.004424 
336 0.001991 
337 -0.000821 
338 -0.002685 
339 -0.003080 
340 -0.002623 
341 -0.002027 
342 -0.001808 
343 -0.000786 
344 0.002282 
345 0.006916 
346 0.009581 
347 0.007485 
348 0.002133 
349 -0.002444 
350 -0.004132 
351 -0.003765 
352 -0.002387 
353 0.000380 
354 0.003844 
355 0.005914 
356 0.005981 
357 0.005060 
358 0.003229 
359 0.000026 
360 -0.002722 
361 -0.002464 
362 0.000042 
363 0.001778 
364 0.001895 
365 0.002082 
366 0.003051 
367 0.003040 
368 0.001014 
369 -0.001302 
370 -0.001860 
371 -0.001074 
372 -0.000782 
373 -0.001107 
374 -0.001533 
375 -0.001465 
376 0.000364 
377 0.003803 
378 0.005540 
379 0.003171 
380 -0.000336 
381 -0.000792 
382 0.001175 
383 0.001580 
384 -0.000422 
385 -0.001607 
386 -0.000812 
387 0.000172 
388 0.000269 
389 0.000296 
390 -0.000235 
391 -0.001780 
392 -0.002505 
393 -0.001089 
394 0.000462 
395 0.000414 
396 -0.000160 
397 0.000011 
398 -0.000299 
399 -0.001935 
400 -0.002914 
401 -0.001479 
402 -0.000096 
403 -0.002084 
404 -0.005692 
405 -0.006424 
406 -0.003909 
407 -0.001400 
408 -0.000275 
409 0.000339 
410 0.001081 
411 0.002081 
412 0.003073 
413 0.002657 
414 0.000341 
415 -0.001800 
416 -0.001687 
417 -0.001001 
418 -0.002759 
419 -0.006146 
420 -0.007394 
421 -0.005006 
422 -0.001895 
423 -0.000545 
424 -0.000476 
425 0.000233 
426 0.001563 
427 0.001916 
428 0.000649 
429 -0.001784 
430 -0.004628 
431 -0.006624 
432 -0.006293 
433 -0.005059 
434 -0.004868 
435 -0.004635 
436 -0.002691 
437 -0.000198 
438 0.000534 
439 -0.001030 
440 -0.002464 
441 -0.000701 
442 0.002448 
443 0.002729 
444 -0.000277 
445 -0.002713 
446 -0.001992 
447 -0.000816 
448 -0.003578 
449 -0.009290 
450 -0.012135 
451 -0.009606 
452 -0.005976 
453 -0.004656 
454 -0.004576 
455 -0.004058 
456 -0.002878 
457 -0.001286 
458 -0.000089 
459 -0.000018 
460 -0.001141 
461 -0.002657 
462 -0.003401 
463 -0.003175 
464 -0.002893 
465 -0.003309 
466 -0.003850 
467 -0.004003 
468 -0.003909 
469 -0.002943 
470 -0.000973 
471 -0.000250 
472 -0.002728 
473 -0.006218 
474 -0.006401 
475 -0.003578 
476 -0.002409 
477 -0.004560 
478 -0.006050 
479 -0.003422 
480 0.000736 
481 0.002140 
482 0.000172 
483 -0.002597 
484 -0.004186 
485 -0.004948 
486 -0.005536 
487 -0.005410 
488 -0.003948 
489 -0.002171 
490 -0.001660 
491 -0.002405 
492 -0.002804 
493 -0.002312 
494 -0.002437 
495 -0.003605 
496 -0.002781 
497 0.001757 
498 0.006685 
499 0.006917 
500 0.001946 
501 -0.004833 
502 -0.010190 
503 -0.012942 
504 -0.012515 
505 -0.009349 
506 -0.005151 
507 -0.000335 
508 0.006256 
509 0.011916 
510 0.010887 
511 0.002672 
512 -0.005397 
513 -0.006850 
514 -0.003803 
515 -0.002846 
516 -0.004829 
517 -0.004488 
518 -0.000083 
519 0.003752 
520 0.003886 
521 0.002754 
522 0.002410 
523 0.001676 
524 -0.000415 
525 -0.002006 
526 -0.001142 
527 0.000889 
528 0.001826 
529 0.001618 
530 0.001620 
531 0.001859 
532 0.001734 
533 0.001894 
534 0.002706 
535 0.002597 
536 0.001203 
537 0.000754 
538 0.002414 
539 0.004936 
540 0.006446 
541 0.005936 
542 0.004171 
543 0.002641 
544 0.002604 
545 0.003583 
546 0.003733 
547 0.002854 
548 0.002637 
549 0.004028 
550 0.004887 
551 0.003144 
552 0.000766 
553 0.000809 
554 0.002008 
555 0.001095 
556 -0.001163 
557 -0.000764 
558 0.002892 
559 0.006221 
560 0.006813 
561 0.005624 
562 0.004677 
563 0.004700 
564 0.005370 
565 0.005913 
566 0.005400 
567 0.004380 
568 0.004665 
569 0.005751 
570 0.004673 
571 0.000970 
572 -0.002342 
573 -0.002955 
574 -0.001594 
575 0.000400 
576 0.002822 
577 0.006159 
578 0.009708 
579 0.012720 
580 0.014176 
581 0.012541 
582 0.007689 
583 0.002464 
584 -0.000748 
585 -0.002525 
586 -0.003810 
587 -0.003607 
588 -0.001161 
589 0.003020 
590 0.007925 
591 0.012096 
592 0.013776 
593 0.013036 
594 0.011201 
595 0.007980 
596 0.002484 
597 -0.003950 
598 -0.008084 
599 -0.007698 
600 -0.003913 
601 0.000875 
602 0.005654 
603 0.010391 
604 0.014115 
605 0.014591 
606 0.011182 
607 0.005625 
608 0.000074 
609 -0.004146 
610 -0.006582 
611 -0.007325 
612 -0.006217 
613 -0.002579 
614 0.002896 
615 0.007656 
616 0.009856 
617 0.010001 
618 0.009870 
619 0.009709 
620 0.007544 
621 0.002444 
622 -0.003156 
623 -0.006120 
624 -0.006326 
625 -0.005385 
626 -0.003872 
627 -0.000968 
628 0.003866 
629 0.008737 
630 0.010807 
631 0.009677 
632 0.007643 
633 0.005392 
634 0.002153 
635 -0.001644 
636 -0.004632 
637 -0.006386 
638 -0.007026 
639 -0.006671 
640 -0.005382 
641 -0.002507 
642 0.001983 
643 0.006218 
644 0.008421 
645 0.008091 
646 0.005507 
647 0.001967 
648 -0.000568 
649 -0.001070 
650 0.000083 
651 0.001254 
652 0.000922 
653 -0.000341 
654 -0.000845 
655 -0.000338 
656 -0.000032 
657 -0.000923 
658 -0.002539 
659 -0.003570 
660 -0.002475 
661 0.000660 
662 0.003068 
663 0.002528 
664 0.000329 
665 -0.000176 
666 0.002009 
667 0.003677 
668 0.001797 
669 -0.003064 
670 -0.006629 
671 -0.006042 
672 -0.002711 
673 0.000308 
674 0.001263 
675 0.000260 
676 -0.000885 
677 -0.000840 
678 -0.000780 
679 -0.002125 
680 -0.003752 
681 -0.004097 
682 -0.003576 
683 -0.002544 
684 -0.000421 
685 0.002257 
686 0.003472 
687 0.002282 
688 0.000002 
689 -0.000946 
690 -0.000372 
691 -0.000864 
692 -0.003587 
693 -0.005977 
694 -0.005756 
695 -0.003771 
696 -0.001602 
697 -0.000095 
698 0.000194 
699 -0.000553 
700 -0.001107 
701 -0.000884 
702 -0.001013 
703 -0.002274 
704 -0.003799 
705 -0.003845 
706 -0.002180 
707 -0.000689 
708 -0.000633 
709 -0.000918 
710 -0.000382 
711 0.000201 
712 -0.000076 
713 -0.001085 
714 -0.002307 
715 -0.003455 
716 -0.004485 
717 -0.005046 
718 -0.004349 
719 -0.002339 
720 -0.000103 
721 0.001260 
722 0.002051 
723 0.002358 
724 0.002079 
725 0.000699 
726 -0.001746 
727 -0.004385 
728 -0.005920 
729 -0.005741 
730 -0.003944 
731 -0.001575 
732 -0.000097 
733 0.000114 
734 0.000291 
735 0.001478 
736 0.002886 
737 0.002996 
738 0.001343 
739 -0.000941 
740 -0.002156 
741 -0.002114 
742 -0.002225 
743 -0.003446 
744 -0.004231 
745 -0.002337 
746 0.001270 
747 0.002982 
748 0.001821 
749 0.000848 
750 0.001727 
751 0.002086 
752 -0.000302 
753 -0.003947 
754 -0.005961 
755 -0.005486 
756 -0.003567 
757 -0.001333 
758 0.000758 
759 0.002552 
760 0.003891 
761 0.004514 
762 0.003788 
763 0.001063 
764 -0.002280 
765 -0.003898 
766 -0.003183 
767 -0.001932 
768 -0.001443 
769 -0.000875 
770 0.000569 
771 0.002116 
772 0.002868 
773 0.002540 
774 0.001243 
775 -0.000255 
776 -0.000554 
777 0.000630 
778 0.001745 
779 0.001304 
780 0.000394 
781 0.000649 
782 0.001366 
783 0.000916 
784 -0.000578 
785 -0.001825 
786 -0.002058 
787 -0.001303 
788 -0.000083 
789 0.000796 
790 0.000666 
791 -0.000144 
792 -0.000098 
793 0.001211 
794 0.001715 
795 0.000538 
796 -0.000470 
797 -0.000237 
798 0.000149 
799 0.000154 
800 0.000250 
801 0.000435 
802 0.000567 
803 0.001091 
804 0.001954 
805 0.002132 
806 0.001018 
807 -0.000781 
808 -0.002133 
809 -0.002740 
810 -0.002766 
811 -0.002017 
812 -0.000552 
813 0.000586 
814 0.000859 
815 0.001083 
816 0.001885 
817 0.002826 
818 0.002989 
819 0.002321 
820 0.001415 
821 0.000428 
822 -0.001019 
823 -0.002436 
824 -0.002742 
825 -0.002022 
826 -0.001251 
827 -0.000413 
828 0.001222 
829 0.002870 
830 0.002912 
831 0.001594 
832 0.000601 
833 0.000632 
834 0.000740 
835 0.000064 
836 -0.000939 
837 -0.001202 
838 -0.000855 
839 -0.000848 
840 -0.000873 
841 0.000091 
842 0.001499 
843 0.001922 
844 0.001566 
845 0.001576 
846 0.001964 
847 0.001748 
848 0.000714 
849 -0.000506 
850 -0.001285 
851 -0.001386 
852 -0.001109 
853 -0.000812 
854 -0.000722 
855 -0.000347 
856 0.000826 
857 0.002585 
858 0.003533 
859 0.002619 
860 0.000505 
861 -0.001209 
862 -0.001753 
863 -0.001519 
864 -0.000948 
865 0.000085 
866 0.001333 
867 0.002063 
868 0.002066 
869 0.001695 
870 0.001005 
871 -0.000113 
872 -0.001037 
873 -0.000960 
874 -0.000154 
875 0.000418 
876 0.000478 
877 0.000538 
878 0.000829 
879 0.000853 
880 0.000308 
881 -0.000341 
882 -0.000532 
883 -0.000348 
884 -0.000268 
885 -0.000348 
886 -0.000500 
887 -0.000542 
888 -0.000060 
889 0.000906 
890 0.001406 
891 0.000788 
892 -0.000131 
893 -0.000248 
894 0.000275 
895 0.000423 
896 -0.000040 
897 -0.000350 
898 -0.000219 
899 -0.000032 
900 -0.000006 
901 0.000029 
902 -0.000090 
903 -0.000458 
904 -0.000602 
905 -0.000217 
906 0.000188 
907 0.000183 
908 0.000011 
909 -0.000009 
910 -0.000096 
911 -0.000421 
912 -0.000616 
913 -0.000359 
914 -0.000115 
915 -0.000487 
916 -0.001120 
917 -0.001193 
918 -0.000690 
919 -0.000226 
920 -0.000018 
921 0.000113 
922 0.000251 
923 0.000399 
924 0.000535 
925 0.000446 
926 0.000057 
927 -0.000287 
928 -0.000257 
929 -0.000142 
930 -0.000426 
931 -0.000966 
932 -0.001159 
933 -0.000771 
934 -0.000269 
935 -0.000050 
936 -0.000046 
937 0.000051 
938 0.000249 
939 0.000306 
940 0.000119 
941 -0.000242 
942 -0.000659 
943 -0.000941 
944 -0.000873 
945 -0.000669 
946 -0.000618 
947 -0.000583 
948 -0.000330 
949 0.000003 
950 0.000107 
951 -0.000097 
952 -0.000292 
953 -0.000074 
954 0.000325 
955 0.000364 
956 -0.000009 
957 -0.000316 
958 -0.000241 
959 -0.000103 
960 -0.000416 
961 -0.001058 
962 -0.001359 
963 -0.001050 
964 -0.000634 
965 -0.000495 
966 -0.000499 
967 -0.000462 
968 -0.000351 
969 -0.000173 
970 -0.000011 
971 0.000039 
972 -0.000062 
973 -0.000231 
974 -0.000319 
975 -0.000287 
976 -0.000253 
977 -0.000316 
978 -0.000406 
979 -0.000429 
980 -0.000390 
981 -0.000259 
982 -0.000057 
983 0.000004 
984 -0.000237 
985 -0.000556 
986 -0.000561 
987 -0.000299 
988 -0.000202 
989 -0.000411 
990 -0.000552 
991 -0.000314 
992 0.000068 
993 0.000203 
994 0.000035 
995 -0.000212 
996 -0.000359 
997 -0.000429 
998 -0.000477 
999 -0.000465 
1000 -0.000343 
1001 -0.000192 
1002 -0.000142 
1003 -0.000190 
1004 -0.000202 
1005 -0.000147 
1006 -0.000169 
1007 -0.000296 
1008 -0.000252 
1009 0.000122 
1010 0.000541 
1011 0.000560 
1012 0.000141 
1013 -0.000408 
1014 -0.000815 
1015 -0.001014 
1016 -0.000982 
1017 -0.000742 
1018 -0.000417 
1019 -0.000039 
1020 0.000483 
1021 0.000937 
1022 0.000860 
1023 0.000204 
