0 0.432748 
1 -0.095144 
2 -0.053407 
3 -0.053668 
4 0.008514 
5 0.027306 
6 0.065799 
7 0.001506 
8 -0.107800 
9 0.062421 
10 0.070483 
11 -0.076438 
12 -0.026209 
13 0.131864 
14 -0.011389 
15 -0.077431 
16 0.078132 
17 -0.027463 
18 0.010653 
19 -0.055637 
20 0.093434 
21 -0.034980 
22 0.091348 
23 -0.271728 
24 0.150393 
25 0.055876 
26 -0.074780 
27 -0.007255 
28 -0.031580 
29 0.008510 
30 0.044110 
31 -0.218417 
32 0.201272 
33 -0.150224 
34 0.083516 
35 -0.136577 
36 0.098737 
37 -0.021449 
38 -0.151116 
39 0.049079 
40 0.108684 
41 -0.103280 
42 0.063831 
43 -0.097810 
44 -0.023824 
45 0.111428 
46 -0.020308 
47 -0.068918 
48 0.099225 
49 -0.018318 
50 -0.060060 
51 0.034685 
52 0.099819 
53 -0.116499 
54 0.092165 
55 -0.001464 
56 0.027480 
57 0.032902 
58 -0.090870 
59 0.057546 
60 0.060900 
61 -0.019673 
62 0.013084 
63 0.020972 
64 0.006713 
65 -0.069329 
66 0.073645 
67 -0.051220 
68 0.025926 
69 0.028368 
70 -0.064755 
71 -0.127941 
72 0.215144 
73 -0.180333 
74 -0.001995 
75 0.109438 
76 -0.108719 
77 -0.019994 
78 0.077211 
79 -0.115958 
80 -0.029008 
81 0.132704 
82 -0.031822 
83 -0.027098 
84 -0.069735 
85 0.036923 
86 -0.014190 
87 0.048218 
88 -0.047808 
89 -0.071507 
90 0.156881 
91 -0.130696 
92 -0.091702 
93 0.133316 
94 -0.086807 
95 0.049612 
96 0.077578 
97 -0.213582 
98 0.046021 
99 0.008106 
100 -0.049191 
101 0.046739 
102 0.002803 
103 -0.045739 
104 -0.018626 
105 -0.007784 
106 0.002898 
107 -0.020807 
108 0.100301 
109 -0.140050 
110 0.111898 
111 -0.045474 
112 -0.107097 
113 0.214796 
114 -0.126115 
115 0.120114 
116 -0.088068 
117 0.063609 
118 0.013234 
119 -0.022896 
120 0.044049 
121 0.016411 
122 0.063195 
123 0.093497 
124 -0.273689 
125 0.228064 
126 0.029051 
127 -0.078667 
128 -0.017770 
129 0.103667 
130 -0.042096 
131 -0.030759 
132 -0.006160 
133 -0.031140 
134 0.072958 
135 -0.024957 
136 -0.035004 
137 -0.018073 
138 0.019545 
139 -0.107829 
140 0.095222 
141 -0.049224 
142 0.007084 
143 0.006456 
144 -0.039116 
145 -0.089127 
146 0.073319 
147 -0.001517 
148 -0.122791 
149 0.141646 
150 -0.097988 
151 -0.076171 
152 0.023650 
153 0.041955 
154 -0.095778 
155 0.046796 
156 0.055848 
157 -0.115356 
158 0.105120 
159 -0.065599 
160 -0.050949 
161 0.132831 
162 -0.016721 
163 0.029688 
164 0.079386 
165 -0.195887 
166 0.121559 
167 0.061892 
168 -0.035522 
169 0.022107 
170 0.020270 
171 -0.051294 
172 -0.013187 
173 0.054708 
174 -0.017379 
175 -0.033216 
176 0.171320 
177 -0.200704 
178 0.013661 
179 0.049934 
180 0.013403 
181 -0.015237 
182 -0.011556 
183 0.064820 
184 -0.029473 
185 0.056161 
186 -0.136521 
187 0.053532 
188 0.140034 
189 -0.026258 
190 -0.078808 
191 0.061320 
192 -0.048983 
193 0.011451 
194 0.133210 
195 -0.103200 
196 0.079017 
197 -0.036462 
198 -0.108660 
199 0.099698 
200 0.043371 
201 -0.077882 
202 0.076683 
203 -0.062234 
204 0.002129 
205 -0.121740 
206 0.125194 
207 -0.013520 
208 -0.124417 
209 0.082157 
210 -0.168866 
211 0.132630 
212 -0.050911 
213 -0.167301 
214 0.160191 
215 0.023545 
216 -0.115632 
217 0.013404 
218 -0.014890 
219 0.051929 
220 -0.005825 
221 0.058758 
222 -0.153506 
223 0.192801 
224 -0.106966 
225 -0.040217 
226 0.136190 
227 -0.008063 
228 -0.092627 
229 0.077650 
230 0.007884 
231 -0.026079 
232 -0.016148 
233 0.136669 
234 -0.076846 
235 0.064233 
236 -0.034429 
237 0.030443 
238 -0.030430 
239 0.074860 
240 -0.091008 
241 0.105754 
242 -0.011193 
243 -0.062831 
244 -0.043787 
245 0.103484 
246 -0.057426 
247 0.067280 
248 -0.040276 
249 -0.026914 
250 -0.008132 
251 0.042318 
252 -0.031675 
253 0.051770 
254 -0.055392 
255 0.014193 
256 -0.060328 
257 0.040878 
258 -0.054476 
259 0.024142 
260 -0.023582 
261 0.007607 
262 -0.002262 
263 -0.085993 
264 0.006518 
265 0.075066 
266 -0.062795 
267 -0.025802 
268 0.075032 
269 -0.051156 
270 -0.082673 
271 0.130859 
272 -0.112786 
273 0.055193 
274 0.020168 
275 -0.049625 
276 -0.046749 
277 0.136633 
278 -0.177648 
279 0.091256 
280 0.044958 
281 -0.077114 
282 0.034711 
283 0.000015 
284 -0.061376 
285 0.048277 
286 0.087308 
287 -0.097726 
288 0.042220 
289 0.053890 
290 -0.110895 
291 0.026359 
292 0.140865 
293 -0.092491 
294 0.025716 
295 0.084030 
296 -0.113998 
297 0.085208 
298 -0.002349 
299 -0.001079 
300 0.086275 
301 0.001013 
302 -0.069224 
303 0.038712 
304 0.108106 
305 -0.112721 
306 0.069618 
307 0.045310 
308 -0.094474 
309 0.137951 
310 -0.148445 
311 0.011373 
312 0.093513 
313 -0.004764 
314 -0.101032 
315 0.001552 
316 0.079768 
317 -0.115402 
318 0.078202 
319 -0.049365 
320 -0.042863 
321 0.067243 
322 -0.050025 
323 -0.061431 
324 0.051960 
325 0.005988 
326 -0.035830 
327 0.001613 
328 0.039909 
329 -0.165543 
330 0.085352 
331 0.072044 
332 -0.152406 
333 0.108392 
334 -0.099844 
335 0.027044 
336 -0.019432 
337 -0.008107 
338 -0.031479 
339 0.069136 
340 -0.015899 
341 -0.085939 
342 0.019884 
343 0.094044 
344 -0.081942 
345 0.066296 
346 -0.067782 
347 0.095892 
348 -0.057988 
349 0.059979 
350 -0.082916 
351 0.097242 
352 0.043634 
353 -0.058091 
354 0.061855 
355 -0.006061 
356 -0.035627 
357 0.089156 
358 -0.032539 
359 0.019533 
360 0.019098 
361 -0.092099 
362 0.047210 
363 0.083007 
364 -0.159772 
365 0.106628 
366 0.051091 
367 -0.079902 
368 -0.073643 
369 0.124794 
370 -0.011723 
371 0.003133 
372 -0.017465 
373 0.014006 
374 -0.072217 
375 0.161569 
376 -0.169937 
377 0.024121 
378 0.123644 
379 -0.102043 
380 -0.003450 
381 0.022881 
382 -0.068275 
383 0.035349 
384 0.026604 
385 0.013819 
386 -0.066810 
387 0.011673 
388 -0.111311 
389 0.044008 
390 0.110100 
391 -0.237068 
392 0.131647 
393 0.051371 
394 -0.161386 
395 0.002279 
396 0.019834 
397 0.054157 
398 -0.010651 
399 -0.079712 
400 0.016922 
401 0.048771 
402 -0.009183 
403 -0.076212 
404 0.067296 
405 0.057684 
406 -0.033066 
407 -0.005276 
408 -0.007227 
409 -0.014454 
410 0.057286 
411 0.062630 
412 -0.052083 
413 0.018495 
414 0.007363 
415 -0.043133 
416 0.134645 
417 -0.079702 
418 0.005514 
419 0.048296 
420 0.024161 
421 -0.037506 
422 -0.027952 
423 0.099505 
424 -0.006628 
425 -0.033495 
426 0.069195 
427 -0.117487 
428 0.137104 
429 -0.067921 
430 -0.007968 
431 0.028914 
432 0.058221 
433 -0.070807 
434 -0.020590 
435 0.027855 
436 -0.054204 
437 0.072965 
438 0.045509 
439 -0.135582 
440 0.088125 
441 -0.075606 
442 0.039449 
443 0.000562 
444 -0.009318 
445 -0.083291 
446 0.136793 
447 -0.105468 
448 -0.081698 
449 0.067661 
450 -0.000177 
451 -0.041352 
452 0.048390 
453 -0.093771 
454 0.020706 
455 0.031835 
456 -0.058883 
457 0.002385 
458 0.078602 
459 -0.040414 
460 -0.030118 
461 0.057987 
462 -0.123343 
463 0.052872 
464 0.114968 
465 -0.165675 
466 0.120814 
467 -0.068700 
468 -0.016818 
469 0.021497 
470 0.037681 
471 -0.016841 
472 -0.022347 
473 0.140500 
474 -0.156744 
475 0.016777 
476 0.126212 
477 -0.087122 
478 0.100657 
479 -0.045984 
480 -0.042942 
481 0.064052 
482 0.014011 
483 0.044851 
484 -0.039403 
485 0.014491 
486 -0.014854 
487 0.067432 
488 -0.045078 
489 -0.031388 
490 0.073109 
491 0.057042 
492 -0.041490 
493 -0.069045 
494 0.014344 
495 0.076147 
496 -0.075960 
497 0.056558 
498 -0.055587 
499 0.071530 
500 -0.078420 
501 -0.069009 
502 0.122905 
503 -0.049009 
504 0.026830 
505 -0.043253 
506 0.009807 
507 -0.085463 
508 0.071694 
509 0.040607 
510 -0.074320 
511 0.011553 
512 0.000765 
513 -0.068640 
514 0.110076 
515 -0.130916 
516 -0.007758 
517 0.071566 
518 -0.006874 
519 -0.095424 
520 0.006428 
521 0.061442 
522 -0.070192 
523 0.053384 
524 -0.015819 
525 -0.049347 
526 0.074801 
527 -0.025495 
528 -0.057427 
529 0.120722 
530 0.009417 
531 -0.118094 
532 0.161522 
533 -0.103795 
534 -0.004316 
535 0.148366 
536 -0.047172 
537 -0.089753 
538 0.107776 
539 -0.056537 
540 0.093763 
541 -0.069175 
542 0.048973 
543 -0.078845 
544 0.158599 
545 -0.087199 
546 -0.017993 
547 0.052651 
548 0.010213 
549 -0.033790 
550 0.092882 
551 -0.084030 
552 0.001569 
553 0.047222 
554 0.044090 
555 -0.090002 
556 0.129991 
557 -0.100207 
558 0.011561 
559 0.119459 
560 -0.139187 
561 0.096269 
562 0.005097 
563 -0.088268 
564 0.069361 
565 -0.009457 
566 -0.012526 
567 -0.047653 
568 0.084796 
569 -0.127066 
570 0.065830 
571 0.011328 
572 -0.024480 
573 -0.059636 
574 0.084753 
575 -0.069768 
576 0.028692 
577 -0.035799 
578 0.012934 
579 -0.053735 
580 0.118968 
581 -0.148102 
582 0.089504 
583 -0.033693 
584 -0.046439 
585 0.049453 
586 -0.021922 
587 0.000221 
588 0.009013 
589 0.022662 
590 -0.039416 
591 -0.004756 
592 0.051598 
593 -0.068949 
594 0.072592 
595 -0.002332 
596 -0.073346 
597 0.112239 
598 -0.060788 
599 -0.032247 
600 0.029497 
601 0.047143 
602 0.043473 
603 -0.061600 
604 -0.013922 
605 -0.007075 
606 0.075721 
607 0.014133 
608 -0.107371 
609 0.120587 
610 -0.028379 
611 -0.072770 
612 0.120993 
613 -0.054342 
614 -0.067562 
615 0.117943 
616 0.017634 
617 -0.132963 
618 0.098350 
619 -0.058326 
620 0.010448 
621 0.098698 
622 -0.129233 
623 0.074476 
624 -0.026718 
625 0.006466 
626 -0.112458 
627 0.144738 
628 -0.011050 
629 -0.059866 
630 0.039156 
631 -0.065349 
632 0.021610 
633 0.083319 
634 -0.108492 
635 0.059545 
636 -0.014525 
637 -0.020284 
638 -0.007509 
639 -0.011747 
640 0.036039 
641 -0.074323 
642 0.120182 
643 -0.073842 
644 -0.062467 
645 0.053645 
646 -0.058266 
647 0.107899 
648 -0.061573 
649 -0.043240 
650 0.023422 
651 0.022965 
652 -0.048642 
653 -0.108321 
654 0.217147 
655 -0.111046 
656 -0.010427 
657 -0.049882 
658 0.066301 
659 0.002006 
660 -0.027828 
661 0.044677 
662 -0.020111 
663 0.081107 
664 -0.088455 
665 -0.027391 
666 0.140219 
667 -0.100165 
668 0.060095 
669 0.055088 
670 -0.083483 
671 -0.000174 
672 0.066020 
673 0.005989 
674 -0.035175 
675 0.071883 
676 -0.107331 
677 0.090807 
678 0.072226 
679 -0.236622 
680 0.155163 
681 0.061111 
682 -0.061542 
683 -0.015065 
684 -0.007295 
685 0.007273 
686 -0.011233 
687 0.022393 
688 0.000786 
689 -0.016781 
690 0.077662 
691 -0.173565 
692 0.187602 
693 -0.064377 
694 -0.074364 
695 0.128437 
696 0.033314 
697 -0.167528 
698 0.062532 
699 0.054885 
700 -0.056064 
701 0.125467 
702 -0.165313 
703 0.032114 
704 0.160146 
705 -0.177490 
706 0.025527 
707 0.095952 
708 -0.064341 
709 0.038199 
710 0.019350 
711 -0.026726 
712 -0.103668 
713 0.179747 
714 -0.062434 
715 -0.013538 
716 0.008370 
717 -0.088479 
718 0.101892 
719 -0.001694 
720 -0.070152 
721 0.026675 
722 0.045610 
723 -0.029904 
724 -0.056606 
725 0.025487 
726 -0.004886 
727 -0.005755 
728 0.053906 
729 -0.117744 
730 0.101888 
731 -0.009750 
732 -0.104388 
733 0.103038 
734 -0.036416 
735 0.081989 
736 -0.110723 
737 0.056259 
738 -0.067959 
739 0.096093 
740 -0.036186 
741 0.066071 
742 -0.137158 
743 0.081985 
744 -0.008588 
745 -0.011877 
746 0.018855 
747 -0.018957 
748 -0.059951 
749 0.193457 
750 -0.201836 
751 0.038163 
752 0.108871 
753 -0.080420 
754 -0.045767 
755 0.069883 
756 -0.091198 
757 0.092410 
758 -0.024645 
759 -0.068429 
760 0.006049 
761 0.127283 
762 -0.125289 
763 -0.017782 
764 0.110796 
765 -0.155351 
766 0.114666 
767 0.047931 
768 -0.159394 
769 0.037469 
770 0.040941 
771 0.006164 
772 -0.057425 
773 0.085163 
774 -0.170468 
775 0.149725 
776 -0.020672 
777 -0.142801 
778 0.155565 
779 0.028663 
780 -0.112789 
781 0.064466 
782 -0.030578 
783 0.024205 
784 -0.007354 
785 0.059030 
786 -0.090126 
787 0.075975 
788 -0.074153 
789 -0.007325 
790 0.078543 
791 -0.050247 
792 -0.021993 
793 -0.013795 
794 0.103822 
795 -0.201877 
796 0.133130 
797 -0.011262 
798 -0.071108 
799 0.064522 
800 -0.042932 
801 -0.020242 
802 0.043348 
803 -0.090731 
804 0.080494 
805 -0.020625 
806 -0.006247 
807 -0.027237 
808 0.017167 
809 -0.007695 
810 -0.063867 
811 0.179278 
812 -0.137156 
813 0.032987 
814 -0.040954 
815 0.034621 
816 -0.018596 
817 0.067850 
818 -0.022003 
819 -0.003924 
820 0.030467 
821 -0.025378 
822 -0.037996 
823 0.109139 
824 -0.013293 
825 0.040324 
826 -0.030868 
827 -0.017788 
828 0.017807 
829 0.044215 
830 0.024341 
831 -0.109199 
832 0.128719 
833 -0.054422 
834 -0.016064 
835 -0.027394 
836 0.021595 
837 0.078614 
838 -0.059198 
839 -0.015381 
840 -0.027263 
841 0.034864 
842 -0.016789 
843 -0.022432 
844 0.106601 
845 -0.077619 
846 -0.055343 
847 0.152294 
848 -0.163222 
849 0.058993 
850 0.041515 
851 -0.019979 
852 0.060031 
853 -0.043794 
854 -0.111919 
855 0.139748 
856 0.032343 
857 -0.118637 
858 0.030863 
859 0.090230 
860 -0.128060 
861 0.029520 
862 0.005888 
863 0.063088 
864 -0.054434 
865 0.011588 
866 -0.090320 
867 0.087027 
868 0.013705 
869 -0.109149 
870 0.167688 
871 -0.095825 
872 -0.147522 
873 0.218980 
874 -0.070554 
875 -0.107696 
876 0.008628 
877 0.085924 
878 -0.032115 
879 0.019274 
880 -0.073531 
881 -0.078052 
882 0.152243 
883 -0.074943 
884 -0.023521 
885 0.133488 
886 -0.185237 
887 0.094325 
888 -0.054634 
889 0.096311 
890 -0.042649 
891 0.033601 
892 -0.040218 
893 0.012225 
894 0.009343 
895 0.029251 
896 -0.101130 
897 0.211935 
898 -0.132569 
899 0.056682 
900 0.018171 
901 -0.017691 
902 -0.049393 
903 -0.012457 
904 0.140126 
905 -0.082744 
906 -0.015827 
907 -0.042711 
908 0.065062 
909 -0.000049 
910 -0.072148 
911 -0.026343 
912 0.107022 
913 -0.015982 
914 -0.093214 
915 0.001515 
916 0.176788 
917 -0.250475 
918 0.134148 
919 -0.020341 
920 0.019554 
921 -0.084478 
922 -0.051139 
923 0.081832 
924 -0.006132 
925 -0.062063 
926 -0.062795 
927 0.097141 
928 -0.088451 
929 -0.118289 
930 0.191225 
931 -0.129405 
932 0.010124 
933 0.080022 
934 -0.129800 
935 0.122143 
936 -0.015072 
937 -0.069633 
938 0.084318 
939 -0.046058 
940 0.062867 
941 -0.119135 
942 0.222881 
943 -0.251433 
944 0.076941 
945 0.025376 
946 0.014400 
947 0.003318 
948 -0.071919 
949 -0.059371 
950 0.155293 
951 0.001192 
952 -0.085235 
953 0.074708 
954 -0.034160 
955 -0.099315 
956 0.160016 
957 0.080027 
958 -0.171226 
959 0.099952 
960 -0.014206 
961 0.093738 
962 -0.070742 
963 0.019713 
964 -0.119294 
965 0.204517 
966 -0.036183 
967 -0.103095 
968 0.157842 
969 -0.136300 
970 -0.006124 
971 0.030365 
972 0.066301 
973 -0.006525 
974 -0.084966 
975 0.003188 
976 0.025145 
977 0.010549 
978 -0.091459 
979 0.046807 
980 0.148926 
981 -0.161177 
982 -0.059256 
983 -0.001109 
984 0.130543 
985 -0.166779 
986 0.073691 
987 -0.054491 
988 0.039326 
989 0.037826 
990 -0.099065 
991 -0.070066 
992 0.262488 
993 -0.126075 
994 -0.076994 
995 0.067175 
996 0.033713 
997 -0.047448 
998 -0.117877 
999 0.102181 
1000 -0.107717 
1001 0.011278 
1002 -0.060953 
1003 0.045182 
1004 0.052275 
1005 -0.175026 
1006 0.095080 
1007 0.051600 
1008 0.130009 
1009 -0.179914 
1010 0.005174 
1011 0.052413 
1012 -0.071649 
1013 0.075303 
1014 -0.217202 
1015 0.058137 
1016 0.309976 
1017 -0.068818 
1018 -0.040519 
1019 -0.044040 
1020 -0.024768 
1021 -0.010504 
1022 0.334240 
1023 0.360211 
