0 0.577327 
1 0.601659 
2 0.396572 
3 -0.010457 
4 -0.154434 
5 -0.122732 
6 0.188055 
7 0.026814 
8 -0.262603 
9 0.246014 
10 -0.054697 
11 -0.345089 
12 0.282976 
13 0.005342 
14 -0.037790 
15 0.207358 
16 -0.046339 
17 -0.120516 
18 0.008871 
19 0.133898 
20 0.121947 
21 -0.091608 
22 0.293258 
23 -0.161245 
24 -0.155528 
25 0.145498 
26 0.005213 
27 0.067998 
28 0.067718 
29 0.034681 
30 -0.246313 
31 0.016051 
32 0.240833 
33 -0.183832 
34 0.156081 
35 0.062355 
36 -0.242679 
37 0.065817 
38 -0.040747 
39 0.123336 
40 -0.033938 
41 -0.049337 
42 0.038379 
43 -0.362342 
44 0.151160 
45 0.085617 
46 -0.184069 
47 0.138641 
48 -0.046987 
49 -0.205725 
50 -0.024150 
51 0.159223 
52 -0.046752 
53 -0.000669 
54 0.171715 
55 -0.223436 
56 -0.092637 
57 0.269692 
58 -0.159184 
59 0.073475 
60 0.161091 
61 -0.211180 
62 -0.034464 
63 0.024230 
64 0.063287 
65 0.012968 
66 0.003061 
67 0.124843 
68 -0.271427 
69 0.040995 
70 0.226615 
71 -0.185904 
72 0.189888 
73 0.032527 
74 -0.159955 
75 -0.070100 
76 0.139086 
77 -0.000736 
78 -0.180370 
79 0.350500 
80 -0.314823 
81 -0.118533 
82 0.290574 
83 -0.262631 
84 0.174314 
85 0.111122 
86 -0.152399 
87 -0.019769 
88 -0.025235 
89 0.130913 
90 -0.054212 
91 0.154295 
92 0.005161 
93 -0.180553 
94 0.024664 
95 0.035087 
96 0.025554 
97 0.112596 
98 0.013957 
99 -0.022899 
100 -0.189803 
101 0.092637 
102 0.026761 
103 0.027214 
104 0.141160 
105 -0.116063 
106 -0.053031 
107 0.026320 
108 -0.043147 
109 0.131630 
110 -0.058711 
111 0.018137 
112 0.041893 
113 -0.208903 
114 0.034085 
115 0.048835 
116 -0.035469 
117 0.026209 
118 0.042220 
119 -0.160765 
120 -0.041500 
121 0.161078 
122 -0.155594 
123 0.039126 
124 0.205530 
125 -0.315695 
126 0.090101 
127 0.076015 
128 -0.174533 
129 0.245197 
130 0.030430 
131 -0.170572 
132 0.053536 
133 -0.068790 
134 0.102443 
135 -0.005796 
136 0.142447 
137 -0.074737 
138 -0.097676 
139 0.097295 
140 -0.169690 
141 0.224452 
142 0.025950 
143 0.024445 
144 0.035369 
145 -0.139683 
146 0.049499 
147 0.045830 
148 -0.017244 
149 0.148601 
150 -0.144143 
151 0.051409 
152 -0.076218 
153 -0.115706 
154 0.190768 
155 -0.124148 
156 0.077555 
157 -0.057610 
158 -0.091742 
159 0.020918 
160 0.082902 
161 0.027271 
162 -0.055642 
163 0.071890 
164 -0.107706 
165 -0.122133 
166 0.242600 
167 -0.150717 
168 0.005128 
169 0.181240 
170 -0.362591 
171 0.089339 
172 0.076357 
173 -0.202872 
174 0.244955 
175 0.002897 
176 -0.133848 
177 0.046712 
178 0.006728 
179 -0.044889 
180 0.098173 
181 0.142134 
182 -0.193164 
183 0.021041 
184 0.069595 
185 -0.227799 
186 0.208753 
187 0.043947 
188 -0.072004 
189 -0.006964 
190 -0.098784 
191 0.074066 
192 -0.158454 
193 0.259053 
194 0.073067 
195 -0.329435 
196 0.300241 
197 -0.216738 
198 -0.104744 
199 0.346747 
200 -0.106772 
201 -0.066120 
202 0.021153 
203 -0.023241 
204 -0.134604 
205 0.154696 
206 0.104800 
207 -0.210286 
208 0.167813 
209 -0.092201 
210 -0.194036 
211 0.300241 
212 -0.060115 
213 0.062304 
214 0.076333 
215 -0.168534 
216 0.040409 
217 0.032837 
218 0.044997 
219 0.053713 
220 0.012177 
221 -0.054506 
222 -0.125307 
223 0.069618 
224 -0.058067 
225 0.056959 
226 0.176312 
227 -0.181487 
228 -0.016560 
229 0.004078 
230 -0.086385 
231 0.134613 
232 0.060571 
233 -0.008410 
234 -0.037984 
235 -0.101788 
236 0.122328 
237 -0.199153 
238 0.259280 
239 -0.021785 
240 -0.255461 
241 0.128861 
242 -0.153888 
243 0.016590 
244 0.168291 
245 -0.011839 
246 -0.070736 
247 -0.085225 
248 0.026966 
249 -0.066978 
250 0.086115 
251 0.228089 
252 -0.263445 
253 0.144280 
254 -0.226265 
255 0.044706 
256 0.082382 
257 0.034829 
258 0.085549 
259 -0.149661 
260 -0.048279 
261 0.026183 
262 -0.052506 
263 0.206979 
264 0.083818 
265 -0.116507 
266 0.061898 
267 -0.117859 
268 0.083430 
269 0.041485 
270 0.132831 
271 0.016475 
272 -0.085047 
273 0.001892 
274 -0.040256 
275 -0.025115 
276 0.193872 
277 -0.136036 
278 0.130931 
279 -0.214026 
280 0.041395 
281 0.067608 
282 -0.087993 
283 0.217274 
284 -0.148680 
285 -0.084562 
286 0.097801 
287 -0.155183 
288 0.072080 
289 0.098355 
290 -0.061207 
291 -0.050029 
292 -0.074659 
293 -0.009311 
294 -0.154587 
295 0.290591 
296 -0.080139 
297 -0.134354 
298 0.145033 
299 -0.242044 
300 0.056363 
301 0.189419 
302 -0.098066 
303 0.094827 
304 -0.083680 
305 -0.025833 
306 -0.021773 
307 0.006418 
308 0.195747 
309 -0.165404 
310 0.027135 
311 0.025183 
312 -0.183236 
313 0.154014 
314 0.107270 
315 -0.081945 
316 0.036743 
317 0.040029 
318 -0.100597 
319 -0.034019 
320 0.248778 
321 -0.166507 
322 0.055084 
323 0.183493 
324 -0.343654 
325 0.122612 
326 0.078233 
327 -0.119665 
328 0.150884 
329 -0.069915 
330 -0.117271 
331 0.056466 
332 0.003046 
333 0.026500 
334 -0.022999 
335 0.126795 
336 -0.191224 
337 0.057723 
338 0.040734 
339 -0.136623 
340 0.272452 
341 -0.041835 
342 -0.095371 
343 0.040412 
344 -0.136197 
345 0.061151 
346 0.051927 
347 0.009279 
348 0.069675 
349 -0.199036 
350 0.124520 
351 -0.129957 
352 -0.018515 
353 0.251377 
354 -0.122681 
355 -0.002646 
356 0.014029 
357 -0.101922 
358 -0.013120 
359 0.139413 
360 0.037202 
361 -0.183837 
362 0.190601 
363 -0.147668 
364 -0.208051 
365 0.377685 
366 -0.249559 
367 0.054507 
368 0.139989 
369 -0.304703 
370 0.125058 
371 0.077203 
372 -0.071612 
373 0.143498 
374 -0.045765 
375 -0.042579 
376 -0.006695 
377 0.009171 
378 0.006128 
379 0.043916 
380 0.067753 
381 -0.127705 
382 0.058845 
383 -0.069404 
384 0.010493 
385 0.157948 
386 -0.086069 
387 0.077560 
388 0.031553 
389 -0.208020 
390 0.246589 
391 -0.073167 
392 0.063654 
393 0.109646 
394 -0.180796 
395 0.054167 
396 -0.070640 
397 0.069795 
398 0.022015 
399 0.018439 
400 0.002369 
401 -0.121428 
402 0.029942 
403 -0.086175 
404 0.068411 
405 0.133718 
406 -0.186326 
407 0.142328 
408 -0.169384 
409 -0.050376 
410 0.278051 
411 -0.194730 
412 0.090686 
413 -0.006481 
414 -0.234025 
415 0.118538 
416 0.022377 
417 -0.051737 
418 0.065748 
419 -0.018046 
420 -0.164135 
421 -0.028880 
422 0.142980 
423 -0.115419 
424 0.144594 
425 0.059130 
426 -0.265339 
427 0.109047 
428 -0.005403 
429 -0.048517 
430 0.212313 
431 -0.086852 
432 -0.019915 
433 -0.070721 
434 -0.019872 
435 0.059927 
436 -0.034522 
437 0.179648 
438 -0.104648 
439 -0.107934 
440 0.097910 
441 -0.123190 
442 0.146045 
443 0.089426 
444 -0.019372 
445 -0.011782 
446 -0.069881 
447 0.088513 
448 -0.147092 
449 0.239858 
450 -0.016668 
451 -0.193517 
452 0.200212 
453 -0.263644 
454 0.074668 
455 0.244356 
456 -0.172863 
457 0.065732 
458 -0.006520 
459 -0.143748 
460 0.044788 
461 0.143866 
462 0.023826 
463 -0.078465 
464 0.129210 
465 -0.187001 
466 -0.105494 
467 0.255593 
468 -0.077318 
469 0.056547 
470 0.063807 
471 -0.206740 
472 0.000394 
473 -0.020415 
474 0.133932 
475 -0.003528 
476 -0.062065 
477 0.126151 
478 -0.259232 
479 0.109416 
480 0.135630 
481 -0.130986 
482 0.152135 
483 -0.081794 
484 -0.087736 
485 0.000882 
486 0.037679 
487 0.011373 
488 -0.034729 
489 0.061954 
490 -0.139491 
491 -0.037860 
492 0.110466 
493 -0.109270 
494 0.196698 
495 -0.062295 
496 -0.103838 
497 0.117043 
498 -0.156337 
499 0.165798 
500 0.046817 
501 -0.064699 
502 0.098967 
503 -0.152882 
504 -0.003079 
505 0.024837 
506 0.059730 
507 0.105248 
508 -0.142604 
509 0.061548 
510 -0.156031 
511 0.047372 
512 0.123804 
513 -0.045465 
514 0.130617 
515 -0.087120 
516 -0.032791 
517 -0.000723 
518 -0.051117 
519 0.170421 
520 -0.028518 
521 -0.031924 
522 0.039084 
523 -0.237685 
524 0.149245 
525 -0.005939 
526 -0.077214 
527 0.097248 
528 -0.111732 
529 -0.007058 
530 -0.018562 
531 0.034209 
532 0.049606 
533 -0.046449 
534 0.050674 
535 -0.172974 
536 0.081494 
537 0.034386 
538 -0.007537 
539 0.095681 
540 -0.170738 
541 -0.020604 
542 0.018103 
543 -0.157814 
544 0.203932 
545 -0.043736 
546 -0.005253 
547 0.044034 
548 -0.142813 
549 0.055603 
550 0.017517 
551 0.100857 
552 -0.008773 
553 -0.013227 
554 0.056112 
555 -0.119025 
556 0.054363 
557 0.047999 
558 -0.054476 
559 0.151103 
560 -0.166289 
561 0.080704 
562 -0.075372 
563 0.014850 
564 0.193245 
565 -0.184655 
566 0.172864 
567 -0.037718 
568 -0.230079 
569 0.297878 
570 -0.081729 
571 0.009606 
572 0.157067 
573 -0.130186 
574 -0.108046 
575 0.076031 
576 0.076198 
577 -0.122533 
578 0.164625 
579 -0.023580 
580 -0.296994 
581 0.259026 
582 -0.035859 
583 -0.096656 
584 0.307166 
585 -0.143446 
586 -0.078951 
587 0.063510 
588 -0.091613 
589 0.135704 
590 -0.026266 
591 0.110285 
592 -0.114599 
593 -0.178237 
594 0.121479 
595 -0.112693 
596 0.054814 
597 0.064565 
598 -0.019496 
599 -0.110651 
600 -0.031165 
601 0.076179 
602 -0.125844 
603 0.177748 
604 0.077537 
605 -0.267297 
606 0.190735 
607 -0.132321 
608 -0.060803 
609 0.242550 
610 -0.196704 
611 0.069752 
612 -0.057457 
613 -0.097627 
614 0.034023 
615 0.045771 
616 0.061963 
617 -0.040877 
618 0.047960 
619 -0.169362 
620 0.031243 
621 0.202946 
622 -0.118718 
623 0.180143 
624 -0.052993 
625 -0.240172 
626 0.239422 
627 -0.111268 
628 0.031432 
629 0.172235 
630 -0.167432 
631 -0.032372 
632 -0.067422 
633 0.005865 
634 0.107789 
635 0.022263 
636 0.053778 
637 -0.114015 
638 -0.057118 
639 0.103554 
640 -0.012871 
641 0.139144 
642 -0.039667 
643 0.036698 
644 -0.121133 
645 -0.052238 
646 0.149749 
647 -0.184075 
648 0.218702 
649 -0.107249 
650 -0.192899 
651 0.180544 
652 -0.124254 
653 0.117741 
654 0.105526 
655 -0.113570 
656 0.041920 
657 -0.072635 
658 0.026797 
659 0.027246 
660 0.084812 
661 0.013208 
662 -0.102091 
663 -0.019081 
664 -0.186095 
665 0.098042 
666 0.136918 
667 -0.161087 
668 0.196562 
669 -0.167651 
670 -0.170808 
671 0.231103 
672 -0.142225 
673 0.161608 
674 0.105419 
675 -0.107999 
676 -0.000034 
677 -0.064692 
678 0.096668 
679 -0.014076 
680 0.084434 
681 0.016246 
682 -0.175921 
683 0.056744 
684 -0.012995 
685 0.003187 
686 0.134619 
687 -0.073091 
688 0.013113 
689 -0.132127 
690 0.120207 
691 0.076477 
692 -0.071063 
693 0.265729 
694 -0.193100 
695 -0.083484 
696 0.189552 
697 -0.195567 
698 0.099875 
699 0.139903 
700 -0.202636 
701 0.035323 
702 -0.062939 
703 0.022837 
704 -0.063322 
705 0.151829 
706 -0.070273 
707 -0.123916 
708 0.159995 
709 -0.166615 
710 0.075441 
711 0.148466 
712 -0.152947 
713 0.097680 
714 -0.171119 
715 -0.027289 
716 0.005108 
717 -0.045546 
718 0.117727 
719 -0.105195 
720 -0.029601 
721 -0.046061 
722 -0.080082 
723 0.120863 
724 -0.053295 
725 0.126782 
726 -0.023900 
727 -0.122928 
728 0.147673 
729 -0.101582 
730 0.078780 
731 0.038326 
732 -0.046567 
733 0.035758 
734 -0.168809 
735 0.156537 
736 -0.033619 
737 -0.054113 
738 0.227633 
739 -0.268621 
740 0.013033 
741 0.138158 
742 -0.092742 
743 0.120111 
744 0.089930 
745 -0.022641 
746 -0.063658 
747 0.048878 
748 0.040928 
749 -0.042452 
750 0.157950 
751 -0.038257 
752 -0.158833 
753 0.100981 
754 -0.117885 
755 0.069795 
756 -0.002472 
757 0.038002 
758 0.054078 
759 -0.181530 
760 0.181982 
761 -0.087842 
762 0.004350 
763 0.249520 
764 -0.173334 
765 0.015902 
766 0.016440 
767 -0.080346 
768 0.070996 
769 -0.058859 
770 0.146119 
771 -0.152506 
772 0.017556 
773 -0.034927 
774 -0.123332 
775 0.170662 
776 -0.036270 
777 0.053089 
778 -0.035203 
779 -0.122699 
780 0.163711 
781 -0.136794 
782 0.116811 
783 0.140571 
784 -0.301494 
785 0.130626 
786 -0.065632 
787 -0.122692 
788 0.188440 
789 -0.035608 
790 -0.073102 
791 -0.094413 
792 0.070490 
793 -0.105318 
794 0.018114 
795 0.200470 
796 -0.142162 
797 -0.011637 
798 0.080506 
799 -0.236524 
800 0.205932 
801 -0.009360 
802 0.072169 
803 -0.070276 
804 -0.090916 
805 0.081955 
806 -0.121575 
807 0.081150 
808 0.123178 
809 -0.168572 
810 0.072532 
811 -0.018053 
812 -0.133068 
813 0.151485 
814 0.073524 
815 -0.027946 
816 -0.033335 
817 0.077197 
818 -0.182211 
819 0.111199 
820 0.192501 
821 -0.246152 
822 0.200512 
823 -0.044586 
824 -0.178568 
825 0.167683 
826 -0.063484 
827 0.057347 
828 0.040538 
829 -0.077697 
830 -0.058528 
831 -0.000773 
832 0.071868 
833 0.035729 
834 -0.015224 
835 0.023883 
836 -0.131992 
837 0.059272 
838 -0.041822 
839 0.060407 
840 0.181980 
841 -0.205374 
842 0.037508 
843 -0.122549 
844 -0.041685 
845 0.207840 
846 -0.143156 
847 0.109858 
848 -0.089442 
849 -0.019537 
850 0.160152 
851 -0.203549 
852 0.223232 
853 0.065444 
854 -0.084409 
855 0.040330 
856 0.014340 
857 -0.040104 
858 0.069173 
859 0.117857 
860 -0.221037 
861 -0.065719 
862 0.185852 
863 -0.240049 
864 0.117418 
865 0.278293 
866 -0.348338 
867 0.166128 
868 -0.014105 
869 -0.143564 
870 0.189287 
871 0.072188 
872 0.022995 
873 -0.087829 
874 0.028404 
875 -0.047899 
876 -0.090800 
877 0.118879 
878 -0.011201 
879 -0.092847 
880 0.009356 
881 -0.100118 
882 0.012202 
883 -0.020377 
884 0.219000 
885 -0.078661 
886 -0.126848 
887 0.216781 
888 -0.270467 
889 0.101870 
890 0.164734 
891 -0.229110 
892 0.123484 
893 -0.062102 
894 -0.130648 
895 0.028025 
896 -0.070974 
897 0.129626 
898 -0.091053 
899 0.027599 
900 -0.060256 
901 -0.077052 
902 0.120364 
903 -0.011830 
904 0.146750 
905 -0.212399 
906 -0.016524 
907 0.127245 
908 -0.243534 
909 0.285484 
910 -0.067941 
911 -0.259255 
912 0.208906 
913 -0.189214 
914 -0.138463 
915 0.190937 
916 0.026944 
917 -0.111049 
918 0.108823 
919 -0.071723 
920 -0.163249 
921 0.181345 
922 0.101102 
923 -0.089895 
924 0.198669 
925 -0.083329 
926 -0.020662 
927 0.034557 
928 -0.057340 
929 0.079229 
930 0.032949 
931 0.012666 
932 0.114856 
933 -0.098311 
934 0.107612 
935 -0.015874 
936 -0.026458 
937 0.220252 
938 -0.116323 
939 0.132374 
940 0.001471 
941 -0.035933 
942 0.058698 
943 0.037366 
944 -0.008592 
945 -0.079981 
946 0.122472 
947 -0.107805 
948 -0.046465 
949 0.167582 
950 -0.220648 
951 0.101162 
952 0.044878 
953 -0.327052 
954 0.175467 
955 0.046939 
956 -0.118676 
957 0.189743 
958 -0.258223 
959 -0.070391 
960 0.039384 
961 0.140873 
962 -0.075094 
963 -0.049940 
964 0.134571 
965 -0.233937 
966 0.124374 
967 0.040311 
968 -0.152520 
969 0.116569 
970 0.014245 
971 -0.093527 
972 -0.114335 
973 0.185499 
974 -0.000158 
975 -0.020403 
976 0.172386 
977 -0.071260 
978 -0.187123 
979 0.440105 
980 -0.215730 
981 -0.026233 
982 0.255211 
983 -0.230910 
984 -0.178306 
985 0.123726 
986 0.063419 
987 -0.170343 
988 0.176912 
989 -0.080088 
990 -0.367532 
991 0.371510 
992 0.080815 
993 -0.214425 
994 0.436656 
995 -0.105117 
996 -0.154722 
997 -0.106646 
998 -0.106279 
999 0.100823 
1000 -0.007155 
1001 0.025865 
1002 -0.325322 
1003 -0.344428 
1004 0.314013 
1005 -0.062378 
1006 0.076730 
1007 0.156429 
1008 0.029398 
1009 -0.076888 
1010 -0.001192 
1011 0.159082 
1012 -0.149398 
1013 0.463134 
1014 0.094892 
1015 -0.687668 
1016 0.178303 
1017 -0.036649 
1018 -0.165735 
1019 0.534012 
1020 -0.012351 
1021 -0.120933 
1022 -0.089925 
1023 -0.397802 
