0 -0.506091 
1 0.397609 
2 0.401109 
3 0.366216 
4 0.062703 
5 0.152786 
6 0.436160 
7 -1.028636 
8 -3.817049 
9 -4.945505 
10 -3.441061 
11 -3.201166 
12 -3.754000 
13 -1.265789 
14 -1.226932 
15 -1.477703 
16 0.331687 
17 -0.094001 
18 1.006645 
19 1.263770 
20 -2.364020 
21 -3.843022 
22 -0.839397 
23 0.364253 
24 -0.703520 
25 -0.250565 
26 1.548664 
27 0.171328 
28 0.052247 
29 2.909340 
30 2.898869 
31 1.724403 
32 1.249598 
33 3.620230 
34 4.050598 
35 1.479895 
36 0.914108 
37 3.138336 
38 3.985754 
39 -0.551392 
40 -1.072637 
41 4.177621 
42 1.809354 
43 -2.405346 
44 0.482487 
45 2.724615 
46 -0.748181 
47 -1.609749 
48 0.658648 
49 1.394491 
50 -0.714441 
51 -2.588305 
52 -1.577655 
53 0.225423 
54 -2.088601 
55 -4.850586 
56 -3.777424 
57 -3.208629 
58 -5.650832 
59 -4.169869 
60 -0.532702 
61 -0.220685 
62 -2.332668 
63 -2.016344 
64 1.856359 
65 1.965092 
66 0.316229 
67 -0.919304 
68 0.132645 
69 0.485349 
70 0.339116 
71 2.046443 
72 1.190677 
73 -0.597806 
74 0.296666 
75 2.547806 
76 3.034822 
77 1.605593 
78 1.715449 
79 2.530527 
80 3.036057 
81 3.984359 
82 3.763011 
83 2.695738 
84 1.487633 
85 -0.917056 
86 -0.823304 
87 1.662137 
88 0.380508 
89 -2.057219 
90 -2.277078 
91 -1.017677 
92 -1.742819 
93 -1.174097 
94 1.653015 
95 0.009223 
96 -0.628185 
97 0.650315 
98 -0.416512 
99 -1.797419 
100 -4.015263 
101 -3.157692 
102 -1.449113 
103 -1.621708 
104 -3.396188 
105 -3.246506 
106 -2.232927 
107 -1.929053 
108 -1.082644 
109 -0.254556 
110 0.840974 
111 2.487350 
112 2.886771 
113 0.950356 
114 -0.516547 
115 -0.213359 
116 1.709457 
117 1.826324 
118 -0.400705 
119 -0.450002 
120 0.491333 
121 0.180557 
122 0.990750 
123 1.388990 
124 2.671191 
125 2.705524 
126 3.886099 
127 4.301123 
128 2.210464 
129 2.054461 
130 2.709888 
131 0.722282 
132 -2.408182 
133 -1.638823 
134 0.247458 
135 -1.213790 
136 -1.847752 
137 -1.439463 
138 -0.819282 
139 0.066855 
140 -0.615027 
141 -0.788151 
142 0.181953 
143 0.167977 
144 -2.145600 
145 -1.829201 
146 -0.268954 
147 -1.745337 
148 -4.496678 
149 -2.538782 
150 -0.623629 
151 -2.838925 
152 -3.374349 
153 -0.399736 
154 1.496544 
155 -1.808549 
156 -1.550492 
157 2.943815 
158 3.382732 
159 1.230944 
160 1.043188 
161 2.431561 
162 0.951327 
163 -1.548360 
164 -0.277419 
165 1.131337 
166 1.685759 
167 0.789841 
168 1.563598 
169 2.245182 
170 0.115719 
171 -0.592634 
172 1.838363 
173 2.422167 
174 1.058706 
175 -0.168014 
176 1.351993 
177 3.265477 
178 0.577344 
179 -0.796888 
180 0.346640 
181 1.185932 
182 -0.057648 
183 -2.277208 
184 -1.815303 
185 -2.086858 
186 -2.590985 
187 -0.456114 
188 0.925637 
189 1.150743 
190 -0.562363 
191 -2.356139 
192 -1.829019 
193 -1.861916 
194 -1.763647 
195 -0.745443 
196 0.998308 
197 -0.282109 
198 -2.873706 
199 -1.776916 
200 -1.188234 
201 -1.934894 
202 -1.134848 
203 0.309392 
204 -0.300826 
205 -0.103877 
206 0.540367 
207 2.419149 
208 2.564035 
209 1.484819 
210 2.119533 
211 2.607944 
212 1.779926 
213 -0.494637 
214 0.359995 
215 0.926050 
216 -0.822964 
217 -0.313871 
218 0.883329 
219 0.977447 
220 1.221867 
221 2.200329 
222 3.301854 
223 2.505836 
224 2.701653 
225 1.298828 
226 -0.150815 
227 -0.690824 
228 -2.310375 
229 -2.555681 
230 -0.958885 
231 -1.173892 
232 -3.040564 
233 -2.495440 
234 -1.228734 
235 -0.586998 
236 0.215452 
237 0.332937 
238 -0.457756 
239 -0.994897 
240 -1.142334 
241 -2.210337 
242 -0.495235 
243 0.601355 
244 -1.416745 
245 -2.556539 
246 -2.080447 
247 -2.025746 
248 -2.812617 
249 -1.835400 
250 -0.625455 
251 0.533516 
252 2.757672 
253 2.650912 
254 2.676949 
255 3.397666 
256 1.840054 
257 1.575061 
258 2.999407 
259 2.571336 
260 0.526611 
261 0.244797 
262 0.694771 
263 -1.079805 
264 -1.588422 
265 0.004630 
266 3.079761 
267 2.977830 
268 1.240529 
269 1.280690 
270 2.376535 
271 1.246808 
272 -1.699850 
273 -1.347043 
274 -0.011177 
275 -1.797507 
276 -3.454324 
277 -1.968936 
278 -1.941727 
279 -3.963653 
280 -2.122589 
281 -0.301428 
282 0.174041 
283 -1.105951 
284 -2.329187 
285 -0.769590 
286 -0.001702 
287 -0.362443 
288 0.146128 
289 3.185526 
290 2.117187 
291 -0.996622 
292 -1.440860 
293 -1.467198 
294 -0.726093 
295 -1.032528 
296 -1.296241 
297 0.695118 
298 1.120872 
299 0.636807 
300 1.807483 
301 3.273567 
302 1.747837 
303 0.977285 
304 2.532392 
305 2.403524 
306 -0.543203 
307 -1.159958 
308 -0.183763 
309 -1.321943 
310 -1.038232 
311 -0.089399 
312 0.360570 
313 0.346366 
314 0.724326 
315 1.179050 
316 0.885109 
317 1.539758 
318 1.420546 
319 0.977164 
320 0.830051 
321 -0.618487 
322 -0.859471 
323 -1.434229 
324 -2.724578 
325 -3.551684 
326 -2.750249 
327 -1.211799 
328 -0.893284 
329 -0.723547 
330 -0.582399 
331 0.508492 
332 1.321783 
333 -0.441027 
334 -1.442116 
335 0.673802 
336 0.820302 
337 -0.375298 
338 0.254140 
339 0.151799 
340 -1.672713 
341 -1.717497 
342 -0.699922 
343 -0.104736 
344 0.256026 
345 0.147381 
346 0.122586 
347 1.985670 
348 2.639688 
349 1.865650 
350 3.455799 
351 3.045948 
352 0.982497 
353 -0.122234 
354 -0.408184 
355 -1.084396 
356 -2.516024 
357 -2.513116 
358 -1.420901 
359 0.139512 
360 1.780498 
361 1.048125 
362 0.594489 
363 2.118524 
364 2.370361 
365 0.186110 
366 -0.223356 
367 0.799788 
368 -0.417758 
369 -1.470507 
370 -1.020240 
371 -1.107578 
372 -2.382484 
373 -2.431274 
374 -0.447794 
375 0.700394 
376 -1.374352 
377 -1.904103 
378 0.996110 
379 1.376725 
380 -0.746820 
381 -1.235374 
382 0.616673 
383 1.021759 
384 -0.158947 
385 -0.198363 
386 -0.552974 
387 -1.440970 
388 -2.869060 
389 -2.304375 
390 -0.034220 
391 0.594932 
392 0.194363 
393 1.073678 
394 3.451647 
395 3.628974 
396 1.201593 
397 1.423880 
398 3.003735 
399 1.586633 
400 -0.627281 
401 -0.732784 
402 -0.325065 
403 -1.419444 
404 -2.196342 
405 -0.291944 
406 1.687427 
407 1.463305 
408 0.303562 
409 0.175372 
410 0.641375 
411 -0.379728 
412 0.106745 
413 1.250140 
414 0.075292 
415 -1.109295 
416 -0.888800 
417 -0.475869 
418 -2.146623 
419 -2.910392 
420 -1.120157 
421 -0.406481 
422 -0.727679 
423 -1.673036 
424 -1.532140 
425 -0.085878 
426 0.609216 
427 1.295982 
428 1.982611 
429 1.648510 
430 0.876068 
431 0.528159 
432 -0.182007 
433 -1.779677 
434 -3.065512 
435 -1.474100 
436 -0.728871 
437 -0.914923 
438 0.587373 
439 0.711669 
440 1.008208 
441 2.548341 
442 2.574450 
443 1.332912 
444 1.779453 
445 2.418945 
446 -0.027292 
447 -0.265137 
448 1.246310 
449 -0.237923 
450 -0.915337 
451 0.069250 
452 0.061033 
453 -1.183832 
454 -1.495531 
455 -0.752974 
456 -0.610289 
457 0.062205 
458 1.676736 
459 2.599747 
460 1.563437 
461 -0.497174 
462 -1.200325 
463 -0.318700 
464 -0.465401 
465 -1.665261 
466 -2.053517 
467 -1.821852 
468 -1.878391 
469 -2.272154 
470 -1.297141 
471 -0.346241 
472 0.219541 
473 0.865710 
474 0.988816 
475 3.055458 
476 2.831164 
477 0.250789 
478 -0.071185 
479 0.228409 
480 -0.612750 
481 -2.188596 
482 -1.433216 
483 -0.286578 
484 -1.258099 
485 -1.327218 
486 -0.081469 
487 2.239945 
488 1.761267 
489 -0.590440 
490 1.166090 
491 3.674837 
492 1.538314 
493 -0.326317 
494 1.184332 
495 1.184283 
496 -1.195949 
497 -2.341870 
498 -1.043013 
499 -0.508443 
500 -0.728887 
501 0.074582 
502 0.266689 
503 0.647917 
504 0.122377 
505 0.859995 
506 2.611524 
507 1.980750 
508 1.564720 
509 0.523548 
510 0.621240 
511 -0.369490 
512 -2.095530 
513 -3.113195 
514 -3.016475 
515 -2.029930 
516 -2.498969 
517 -2.256643 
518 -0.775419 
519 -0.675448 
520 -0.341567 
521 2.788727 
522 4.449562 
523 1.710187 
524 0.158473 
525 0.261923 
526 -1.370832 
527 -1.952876 
528 -0.718358 
529 -0.948026 
530 -2.097032 
531 -0.850319 
532 -0.518959 
533 0.705970 
534 1.953267 
535 0.919311 
536 1.379185 
537 3.051075 
538 3.069679 
539 1.025193 
540 1.885702 
541 2.140193 
542 -0.229916 
543 -0.425589 
544 -1.130099 
545 -1.748682 
546 -1.509993 
547 -1.569123 
548 -1.186623 
549 -0.926434 
550 -0.284361 
551 -0.355521 
552 0.563210 
553 2.070340 
554 1.667919 
555 1.544190 
556 1.250359 
557 0.121169 
558 -0.048275 
559 -0.505284 
560 -2.218048 
561 -3.065904 
562 -2.958373 
563 -3.450195 
564 -2.304068 
565 -0.377357 
566 0.509179 
567 1.184220 
568 3.236643 
569 2.703101 
570 1.018167 
571 2.325872 
572 0.909747 
573 -1.275526 
574 -1.578342 
575 -0.598233 
576 -0.355491 
577 -1.274243 
578 -1.888905 
579 -1.653690 
580 0.517772 
581 0.713166 
582 -0.531057 
583 1.542250 
584 2.509338 
585 1.627341 
586 1.209718 
587 2.390595 
588 2.841248 
589 1.233472 
590 0.199065 
591 0.116925 
592 -0.813380 
593 -2.612518 
594 -3.421308 
595 -2.317018 
596 -0.537026 
597 -1.245666 
598 -1.589028 
599 1.370805 
600 3.292811 
601 2.440832 
602 1.143823 
603 1.679086 
604 1.568079 
605 -0.821940 
606 -2.173525 
607 -2.438504 
608 -1.757253 
609 -3.708055 
610 -4.060092 
611 -0.213491 
612 0.408303 
613 -0.552798 
614 0.532303 
615 1.793588 
616 1.708104 
617 2.059095 
618 2.639884 
619 1.296790 
620 0.313947 
621 0.016647 
622 0.225219 
623 0.112134 
624 -1.390932 
625 -2.767023 
626 -1.818403 
627 -0.518582 
628 -0.320490 
629 0.236919 
630 0.799259 
631 1.918083 
632 1.261804 
633 1.482316 
634 1.969703 
635 1.393178 
636 1.415291 
637 0.847453 
638 -0.055551 
639 -1.348050 
640 -2.531510 
641 -2.501316 
642 -2.156549 
643 -1.203334 
644 -1.789731 
645 -1.818866 
646 1.026588 
647 2.629520 
648 3.089184 
649 2.716635 
650 1.950245 
651 0.925668 
652 -0.515898 
653 -0.958583 
654 -0.469741 
655 -1.297095 
656 -2.681369 
657 -2.818965 
658 -2.100434 
659 -0.875092 
660 -0.122695 
661 0.293698 
662 -0.021763 
663 0.815399 
664 2.334188 
665 1.907687 
666 1.232012 
667 0.630037 
668 0.836454 
669 0.364164 
670 -0.385715 
671 0.092567 
672 -0.559467 
673 -2.078274 
674 -2.697761 
675 -1.091781 
676 -0.024710 
677 -0.322859 
678 0.384085 
679 1.344548 
680 1.782509 
681 2.282967 
682 1.687180 
683 1.796050 
684 1.428684 
685 0.312462 
686 -1.300441 
687 -2.152742 
688 -1.587178 
689 -1.176708 
690 -2.727469 
691 -2.817813 
692 -0.088625 
693 1.217331 
694 0.084519 
695 0.496100 
696 3.644964 
697 2.967766 
698 0.320052 
699 0.519636 
700 1.356461 
701 -0.021339 
702 -2.788980 
703 -2.801978 
704 -1.194290 
705 -1.774909 
706 -1.938878 
707 -1.010937 
708 0.673929 
709 0.737910 
710 -0.166630 
711 0.320543 
712 1.684662 
713 1.550440 
714 0.557320 
715 0.554775 
716 1.648883 
717 1.469973 
718 -0.281476 
719 -1.335356 
720 -1.164005 
721 -1.603207 
722 -2.969533 
723 -1.455306 
724 0.627241 
725 -0.716714 
726 -0.183902 
727 2.530989 
728 3.167973 
729 2.186388 
730 1.472535 
731 2.942318 
732 1.507315 
733 -0.881258 
734 -2.066290 
735 -2.073552 
736 -2.596612 
737 -4.472783 
738 -1.831311 
739 0.992374 
740 -0.518001 
741 -0.721705 
742 1.444272 
743 2.280568 
744 0.510165 
745 0.563285 
746 2.221750 
747 1.628392 
748 0.443685 
749 0.043742 
750 0.045768 
751 -0.157532 
752 -0.857003 
753 -2.487739 
754 -1.325448 
755 -0.123937 
756 -0.940350 
757 -0.996836 
758 0.712434 
759 0.986350 
760 -0.256488 
761 1.663241 
762 2.687806 
763 1.390610 
764 1.321347 
765 -1.280477 
766 -2.121245 
767 -1.526033 
768 -3.054738 
769 -3.439064 
770 -1.990786 
771 -1.471610 
772 -1.479327 
773 1.873868 
774 2.949054 
775 1.619237 
776 1.945382 
777 1.982446 
778 1.020828 
779 0.421989 
780 0.510681 
781 0.294608 
782 -0.955243 
783 -2.384452 
784 -2.192423 
785 0.156590 
786 1.290600 
787 0.321156 
788 -0.212709 
789 1.376647 
790 -0.040681 
791 -1.023978 
792 1.606321 
793 2.481022 
794 1.378780 
795 0.554567 
796 0.119052 
797 -1.129196 
798 -0.712988 
799 -0.601324 
800 -2.377681 
801 -1.885522 
802 -1.797904 
803 -2.230184 
804 0.738755 
805 2.045781 
806 1.590290 
807 0.654426 
808 1.191810 
809 2.358941 
810 1.732707 
811 -0.995964 
812 -1.658922 
813 -0.095588 
814 -1.788408 
815 -3.469723 
816 -1.798949 
817 -0.112321 
818 -0.994893 
819 -0.644319 
820 0.778898 
821 0.928151 
822 -0.464769 
823 -0.981733 
824 0.705272 
825 1.176832 
826 0.654549 
827 0.893209 
828 1.097045 
829 1.400051 
830 -1.002634 
831 -1.574956 
832 0.336269 
833 0.533308 
834 -0.494383 
835 -0.536823 
836 0.900161 
837 0.941737 
838 0.522561 
839 1.811130 
840 2.282103 
841 2.103430 
842 0.394903 
843 -0.268580 
844 1.535950 
845 0.607256 
846 -1.849709 
847 -2.453787 
848 -2.203706 
849 -2.688544 
850 -1.724354 
851 -0.065531 
852 0.757600 
853 0.178562 
854 -0.184529 
855 0.568040 
856 1.696856 
857 0.186608 
858 -1.834125 
859 0.338934 
860 0.171985 
861 -1.941440 
862 -1.758161 
863 -1.019825 
864 -0.827231 
865 -1.678706 
866 -1.316398 
867 -0.451042 
868 -0.632196 
869 0.391505 
870 1.777117 
871 2.255079 
872 1.722857 
873 0.363757 
874 -0.288241 
875 0.869681 
876 0.818620 
877 0.023104 
878 0.120876 
879 0.463612 
880 -0.103398 
881 1.089915 
882 0.646046 
883 -0.640442 
884 0.462371 
885 1.447544 
886 1.519009 
887 2.372909 
888 2.175863 
889 1.643590 
890 1.283462 
891 0.236931 
892 0.322852 
893 -0.865524 
894 -1.572269 
895 -2.422275 
896 -3.654075 
897 -3.832210 
898 -2.530487 
899 -0.301620 
900 0.376433 
901 0.476045 
902 2.714564 
903 0.715973 
904 -2.269396 
905 -1.430068 
906 -0.747346 
907 -3.063311 
908 -3.370409 
909 -0.276730 
910 0.413882 
911 -0.610883 
912 0.487050 
913 0.774233 
914 0.646081 
915 0.803142 
916 0.631143 
917 0.236065 
918 -0.109324 
919 0.431724 
920 1.189873 
921 2.089808 
922 2.622026 
923 2.011804 
924 0.385167 
925 0.051706 
926 0.466885 
927 2.032037 
928 1.287346 
929 0.460446 
930 0.591268 
931 -0.473464 
932 -1.215915 
933 0.450010 
934 2.904067 
935 1.768883 
936 0.385962 
937 1.559613 
938 0.625930 
939 -1.163218 
940 -1.067668 
941 -1.177868 
942 -2.580164 
943 -4.573822 
944 -2.761077 
945 -0.290255 
946 -0.256912 
947 0.055417 
948 0.780615 
949 0.272259 
950 -2.007533 
951 -3.175509 
952 -2.452904 
953 -3.010855 
954 -3.344502 
955 -2.685644 
956 -0.009999 
957 2.133928 
958 1.546766 
959 2.225109 
960 3.123413 
961 0.474265 
962 -0.711249 
963 0.017186 
964 1.348829 
965 1.400984 
966 0.174416 
967 0.794188 
968 2.985298 
969 3.557704 
970 1.588022 
971 2.539405 
972 3.702743 
973 1.835732 
974 -1.099696 
975 -0.536907 
976 1.045711 
977 0.376474 
978 -1.085794 
979 -0.389929 
980 0.153296 
981 -0.571666 
982 0.885681 
983 1.161159 
984 -0.714022 
985 -1.172965 
986 -1.394004 
987 -1.659544 
988 -3.098408 
989 -3.797179 
990 -1.717777 
991 -0.814670 
992 -1.508555 
993 -1.701097 
994 1.132582 
995 0.982585 
996 -1.833475 
997 -1.708293 
998 0.200026 
999 0.264567 
1000 -0.755370 
1001 -1.609670 
1002 -1.073093 
1003 -1.838154 
1004 -1.868571 
1005 0.273749 
1006 1.969974 
1007 1.542068 
1008 0.826325 
1009 2.343156 
1010 3.050746 
1011 1.655068 
1012 1.399526 
1013 2.129548 
1014 1.738106 
1015 2.818870 
1016 1.800575 
1017 0.993128 
1018 1.922836 
1019 1.052486 
1020 0.276764 
1021 0.271317 
1022 1.106880 
1023 0.571201 
