0 0.000305 
1 0.000431 
2 0.000573 
3 0.000638 
4 0.000576 
5 0.000430 
6 0.000246 
7 0.000038 
8 -0.000127 
9 -0.000202 
10 -0.000174 
11 0.000009 
12 0.000349 
13 0.000718 
14 0.000923 
15 0.000861 
16 0.000600 
17 0.000245 
18 -0.000121 
19 -0.000371 
20 -0.000442 
21 -0.000333 
22 -0.000074 
23 0.000260 
24 0.000509 
25 0.000539 
26 0.000344 
27 0.000047 
28 -0.000200 
29 -0.000321 
30 -0.000295 
31 -0.000135 
32 0.000129 
33 0.000393 
34 0.000509 
35 0.000447 
36 0.000256 
37 0.000017 
38 -0.000182 
39 -0.000305 
40 -0.000296 
41 -0.000113 
42 0.000118 
43 0.000249 
44 0.000260 
45 0.000219 
46 0.000160 
47 0.000051 
48 -0.000133 
49 -0.000286 
50 -0.000328 
51 -0.000283 
52 -0.000181 
53 -0.000087 
54 -0.000044 
55 -0.000051 
56 -0.000083 
57 -0.000057 
58 0.000032 
59 0.000061 
60 0.000037 
61 -0.000035 
62 -0.000216 
63 -0.000448 
64 -0.000645 
65 -0.000698 
66 -0.000563 
67 -0.000313 
68 -0.000062 
69 0.000113 
70 0.000180 
71 0.000237 
72 0.000346 
73 0.000342 
74 0.000131 
75 -0.000183 
76 -0.000472 
77 -0.000705 
78 -0.000866 
79 -0.000845 
80 -0.000675 
81 -0.000534 
82 -0.000455 
83 -0.000292 
84 -0.000038 
85 0.000104 
86 -0.000011 
87 -0.000289 
88 -0.000509 
89 -0.000636 
90 -0.000686 
91 -0.000640 
92 -0.000550 
93 -0.000512 
94 -0.000462 
95 -0.000279 
96 -0.000078 
97 -0.000058 
98 -0.000289 
99 -0.000632 
100 -0.000846 
101 -0.000851 
102 -0.000673 
103 -0.000423 
104 -0.000303 
105 -0.000405 
106 -0.000570 
107 -0.000739 
108 -0.000976 
109 -0.001108 
110 -0.000954 
111 -0.000601 
112 -0.000089 
113 0.000463 
114 0.000849 
115 0.000838 
116 0.000331 
117 -0.000469 
118 -0.001105 
119 -0.001406 
120 -0.001435 
121 -0.001153 
122 -0.000546 
123 0.000137 
124 0.000710 
125 0.001000 
126 0.000926 
127 0.000467 
128 -0.000305 
129 -0.001054 
130 -0.001409 
131 -0.001288 
132 -0.000835 
133 -0.000355 
134 -0.000112 
135 -0.000190 
136 -0.000537 
137 -0.000928 
138 -0.001002 
139 -0.000525 
140 0.000107 
141 0.000485 
142 0.000561 
143 0.000324 
144 -0.000225 
145 -0.000941 
146 -0.001692 
147 -0.002362 
148 -0.002602 
149 -0.002141 
150 -0.001004 
151 0.000372 
152 0.001381 
153 0.001773 
154 0.001707 
155 0.001195 
156 0.000401 
157 -0.000342 
158 -0.000783 
159 -0.001077 
160 -0.001398 
161 -0.001517 
162 -0.001290 
163 -0.000887 
164 -0.000442 
165 0.000015 
166 0.000445 
167 0.000886 
168 0.001283 
169 0.001566 
170 0.001661 
171 0.001433 
172 0.000779 
173 -0.000190 
174 -0.001293 
175 -0.002244 
176 -0.002740 
177 -0.002518 
178 -0.001795 
179 -0.000861 
180 0.000056 
181 0.000836 
182 0.001392 
183 0.001877 
184 0.002116 
185 0.001680 
186 0.000493 
187 -0.000711 
188 -0.001336 
189 -0.001503 
190 -0.001335 
191 -0.000915 
192 -0.000545 
193 -0.000604 
194 -0.000809 
195 -0.000589 
196 0.000215 
197 0.001230 
198 0.002013 
199 0.002380 
200 0.002196 
201 0.001300 
202 0.000061 
203 -0.000875 
204 -0.001277 
205 -0.001103 
206 -0.000230 
207 0.001069 
208 0.002166 
209 0.002596 
210 0.002669 
211 0.002590 
212 0.002070 
213 0.001060 
214 0.000169 
215 -0.000243 
216 -0.000056 
217 0.000640 
218 0.001392 
219 0.001763 
220 0.001493 
221 0.000597 
222 -0.000375 
223 -0.000931 
224 -0.001098 
225 -0.000731 
226 0.000183 
227 0.001171 
228 0.001921 
229 0.002554 
230 0.002823 
231 0.002166 
232 0.000681 
233 -0.001013 
234 -0.002422 
235 -0.003130 
236 -0.002852 
237 -0.001532 
238 0.000317 
239 0.001937 
240 0.002813 
241 0.003031 
242 0.002707 
243 0.001990 
244 0.001317 
245 0.000768 
246 0.000039 
247 -0.000564 
248 -0.000408 
249 0.000487 
250 0.001729 
251 0.002781 
252 0.003296 
253 0.003020 
254 0.002007 
255 0.000869 
256 -0.000245 
257 -0.001250 
258 -0.001459 
259 -0.000215 
260 0.001928 
261 0.003739 
262 0.004505 
263 0.004133 
264 0.002499 
265 -0.000263 
266 -0.002671 
267 -0.002941 
268 -0.001298 
269 0.001022 
270 0.003365 
271 0.005420 
272 0.006163 
273 0.004650 
274 0.001515 
275 -0.001732 
276 -0.004256 
277 -0.005690 
278 -0.005270 
279 -0.003054 
280 0.000013 
281 0.002650 
282 0.003949 
283 0.004329 
284 0.004128 
285 0.002871 
286 0.000937 
287 -0.000282 
288 -0.000276 
289 0.000510 
290 0.001411 
291 0.002051 
292 0.002568 
293 0.002916 
294 0.003038 
295 0.002792 
296 0.002073 
297 0.001039 
298 0.000544 
299 0.001283 
300 0.002851 
301 0.003721 
302 0.002816 
303 0.000659 
304 -0.001771 
305 -0.003523 
306 -0.003505 
307 -0.001771 
308 0.000494 
309 0.002636 
310 0.004369 
311 0.005368 
312 0.004862 
313 0.002691 
314 -0.000185 
315 -0.002978 
316 -0.005430 
317 -0.006728 
318 -0.006094 
319 -0.004326 
320 -0.002801 
321 -0.001684 
322 -0.000658 
323 -0.000202 
324 -0.000594 
325 -0.000915 
326 -0.000393 
327 0.000726 
328 0.001625 
329 0.001845 
330 0.001082 
331 -0.000888 
332 -0.003315 
333 -0.004697 
334 -0.004313 
335 -0.002835 
336 -0.000983 
337 0.001241 
338 0.003959 
339 0.005799 
340 0.005417 
341 0.003519 
342 0.001489 
343 -0.000081 
344 -0.001419 
345 -0.002549 
346 -0.003488 
347 -0.004281 
348 -0.004455 
349 -0.003536 
350 -0.001978 
351 -0.000555 
352 0.000740 
353 0.001911 
354 0.003103 
355 0.003925 
356 0.003278 
357 0.000620 
358 -0.003160 
359 -0.006830 
360 -0.009290 
361 -0.010228 
362 -0.010133 
363 -0.008811 
364 -0.005702 
365 -0.001805 
366 0.001418 
367 0.003024 
368 0.003305 
369 0.002991 
370 0.002395 
371 0.001693 
372 0.000133 
373 -0.003496 
374 -0.008351 
375 -0.011649 
376 -0.011357 
377 -0.008008 
378 -0.004208 
379 -0.002028 
380 -0.000914 
381 0.000032 
382 0.001608 
383 0.004439 
384 0.006887 
385 0.006561 
386 0.002708 
387 -0.002594 
388 -0.006283 
389 -0.007300 
390 -0.007189 
391 -0.007289 
392 -0.007089 
393 -0.005789 
394 -0.003523 
395 -0.001303 
396 -0.000162 
397 0.000125 
398 -0.000069 
399 -0.001086 
400 -0.002611 
401 -0.004004 
402 -0.005106 
403 -0.006111 
404 -0.006781 
405 -0.007136 
406 -0.007614 
407 -0.008037 
408 -0.007160 
409 -0.004308 
410 -0.000375 
411 0.002720 
412 0.003899 
413 0.003174 
414 0.001185 
415 -0.001567 
416 -0.004711 
417 -0.007721 
418 -0.009752 
419 -0.009800 
420 -0.007680 
421 -0.003996 
422 0.000158 
423 0.003506 
424 0.004794 
425 0.003760 
426 0.001587 
427 0.000291 
428 0.000240 
429 0.000054 
430 -0.000384 
431 -0.000326 
432 0.000469 
433 0.000927 
434 0.000273 
435 -0.001098 
436 -0.002105 
437 -0.002742 
438 -0.002454 
439 -0.000067 
440 0.003695 
441 0.006359 
442 0.006285 
443 0.003715 
444 -0.000085 
445 -0.003784 
446 -0.006120 
447 -0.006210 
448 -0.003815 
449 -0.000348 
450 0.002477 
451 0.004275 
452 0.005159 
453 0.005018 
454 0.003406 
455 0.000504 
456 -0.002232 
457 -0.003470 
458 -0.003095 
459 -0.001607 
460 0.000426 
461 0.002342 
462 0.003708 
463 0.004579 
464 0.005315 
465 0.005855 
466 0.005618 
467 0.004097 
468 0.002065 
469 0.001487 
470 0.003062 
471 0.005137 
472 0.006202 
473 0.005759 
474 0.004150 
475 0.002626 
476 0.001901 
477 0.001439 
478 0.001174 
479 0.001545 
480 0.002336 
481 0.003867 
482 0.006243 
483 0.008194 
484 0.008916 
485 0.007785 
486 0.004828 
487 0.001415 
488 -0.000760 
489 -0.000852 
490 0.000765 
491 0.002573 
492 0.003511 
493 0.003519 
494 0.003131 
495 0.002546 
496 0.001855 
497 0.001041 
498 0.000355 
499 0.000243 
500 0.001681 
501 0.004858 
502 0.007658 
503 0.007998 
504 0.006547 
505 0.004794 
506 0.003280 
507 0.001722 
508 0.000646 
509 0.000663 
510 0.001679 
511 0.002910 
512 0.004034 
513 0.005692 
514 0.007427 
515 0.008113 
516 0.007226 
517 0.005384 
518 0.003169 
519 0.000691 
520 -0.001281 
521 -0.002168 
522 -0.001813 
523 0.000362 
524 0.004354 
525 0.008648 
526 0.010992 
527 0.010193 
528 0.007136 
529 0.003099 
530 -0.001025 
531 -0.003834 
532 -0.004652 
533 -0.003481 
534 -0.000577 
535 0.003279 
536 0.006193 
537 0.006556 
538 0.004302 
539 0.000864 
540 -0.001979 
541 -0.003358 
542 -0.003074 
543 -0.001270 
544 0.001674 
545 0.004497 
546 0.005646 
547 0.004916 
548 0.002886 
549 0.000370 
550 -0.001704 
551 -0.002989 
552 -0.002878 
553 -0.000986 
554 0.001351 
555 0.002631 
556 0.002649 
557 0.002096 
558 0.001412 
559 0.000336 
560 -0.001392 
561 -0.002802 
562 -0.003172 
563 -0.002727 
564 -0.001725 
565 -0.000773 
566 -0.000291 
567 -0.000317 
568 -0.000650 
569 -0.000518 
570 0.000165 
571 0.000344 
572 0.000143 
573 -0.000397 
574 -0.001843 
575 -0.003727 
576 -0.005313 
577 -0.005671 
578 -0.004489 
579 -0.002448 
580 -0.000486 
581 0.000827 
582 0.001279 
583 0.001667 
584 0.002459 
585 0.002459 
586 0.000928 
587 -0.001418 
588 -0.003581 
589 -0.005276 
590 -0.006390 
591 -0.006151 
592 -0.004809 
593 -0.003673 
594 -0.003014 
595 -0.001882 
596 -0.000270 
597 0.000535 
598 -0.000413 
599 -0.002433 
600 -0.004003 
601 -0.004857 
602 -0.005074 
603 -0.004574 
604 -0.003718 
605 -0.003164 
606 -0.002612 
607 -0.001428 
608 -0.000299 
609 -0.000311 
610 -0.001749 
611 -0.003765 
612 -0.005016 
613 -0.005068 
614 -0.004080 
615 -0.002676 
616 -0.001972 
617 -0.002435 
618 -0.003240 
619 -0.004064 
620 -0.005208 
621 -0.005787 
622 -0.004852 
623 -0.002888 
624 -0.000230 
625 0.002455 
626 0.004175 
627 0.003897 
628 0.001280 
629 -0.002634 
630 -0.005639 
631 -0.006898 
632 -0.006760 
633 -0.005205 
634 -0.002320 
635 0.000726 
636 0.003088 
637 0.004080 
638 0.003546 
639 0.001603 
640 -0.001401 
641 -0.004212 
642 -0.005467 
643 -0.004919 
644 -0.003217 
645 -0.001542 
646 -0.000818 
647 -0.001252 
648 -0.002592 
649 -0.003963 
650 -0.004043 
651 -0.002066 
652 0.000418 
653 0.001865 
654 0.002115 
655 0.001230 
656 -0.000725 
657 -0.003214 
658 -0.005734 
659 -0.007874 
660 -0.008545 
661 -0.006951 
662 -0.003264 
663 0.001090 
664 0.004219 
665 0.005377 
666 0.005096 
667 0.003469 
668 0.001041 
669 -0.001154 
670 -0.002341 
671 -0.002993 
672 -0.003687 
673 -0.003858 
674 -0.003168 
675 -0.002112 
676 -0.001036 
677 0.000027 
678 0.001026 
679 0.002104 
680 0.003130 
681 0.003884 
682 0.004152 
683 0.003625 
684 0.002085 
685 -0.000196 
686 -0.002783 
687 -0.005005 
688 -0.006174 
689 -0.005702 
690 -0.004087 
691 -0.001982 
692 0.000089 
693 0.001859 
694 0.003119 
695 0.004202 
696 0.004752 
697 0.003875 
698 0.001412 
699 -0.001077 
700 -0.002376 
701 -0.002746 
702 -0.002428 
703 -0.001589 
704 -0.000830 
705 -0.000925 
706 -0.001358 
707 -0.000999 
708 0.000506 
709 0.002411 
710 0.003825 
711 0.004446 
712 0.004105 
713 0.002560 
714 0.000466 
715 -0.001099 
716 -0.001782 
717 -0.001546 
718 -0.000198 
719 0.001839 
720 0.003587 
721 0.004293 
722 0.004426 
723 0.004312 
724 0.003509 
725 0.001942 
726 0.000552 
727 -0.000083 
728 0.000234 
729 0.001296 
730 0.002363 
731 0.002822 
732 0.002349 
733 0.001001 
734 -0.000405 
735 -0.001164 
736 -0.001335 
737 -0.000766 
738 0.000510 
739 0.001817 
740 0.002757 
741 0.003524 
742 0.003821 
743 0.002954 
744 0.001074 
745 -0.001061 
746 -0.002832 
747 -0.003710 
748 -0.003370 
749 -0.001754 
750 0.000513 
751 0.002506 
752 0.003575 
753 0.003820 
754 0.003396 
755 0.002519 
756 0.001693 
757 0.001012 
758 0.000169 
759 -0.000480 
760 -0.000277 
761 0.000713 
762 0.002049 
763 0.003145 
764 0.003639 
765 0.003282 
766 0.002168 
767 0.000950 
768 -0.000216 
769 -0.001242 
770 -0.001441 
771 -0.000212 
772 0.001847 
773 0.003547 
774 0.004256 
775 0.003935 
776 0.002489 
777 0.000039 
778 -0.002069 
779 -0.002260 
780 -0.000813 
781 0.001141 
782 0.003037 
783 0.004620 
784 0.005055 
785 0.003635 
786 0.000994 
787 -0.001568 
788 -0.003415 
789 -0.004359 
790 -0.003869 
791 -0.002033 
792 0.000381 
793 0.002352 
794 0.003199 
795 0.003309 
796 0.002994 
797 0.001942 
798 0.000474 
799 -0.000379 
800 -0.000300 
801 0.000349 
802 0.001067 
803 0.001586 
804 0.001989 
805 0.002210 
806 0.002217 
807 0.001958 
808 0.001392 
809 0.000641 
810 0.000290 
811 0.000779 
812 0.001790 
813 0.002328 
814 0.001739 
815 0.000388 
816 -0.001109 
817 -0.002171 
818 -0.002139 
819 -0.001064 
820 0.000297 
821 0.001545 
822 0.002517 
823 0.003015 
824 0.002624 
825 0.001329 
826 -0.000284 
827 -0.001769 
828 -0.003009 
829 -0.003592 
830 -0.003131 
831 -0.002095 
832 -0.001245 
833 -0.000667 
834 -0.000188 
835 -0.000039 
836 -0.000327 
837 -0.000557 
838 -0.000340 
839 0.000195 
840 0.000644 
841 0.000791 
842 0.000484 
843 -0.000383 
844 -0.001450 
845 -0.002036 
846 -0.001838 
847 -0.001181 
848 -0.000396 
849 0.000518 
850 0.001614 
851 0.002330 
852 0.002132 
853 0.001335 
854 0.000509 
855 -0.000104 
856 -0.000596 
857 -0.000991 
858 -0.001313 
859 -0.001591 
860 -0.001648 
861 -0.001312 
862 -0.000762 
863 -0.000280 
864 0.000146 
865 0.000537 
866 0.000951 
867 0.001249 
868 0.001044 
869 0.000158 
870 -0.001095 
871 -0.002289 
872 -0.003054 
873 -0.003302 
874 -0.003213 
875 -0.002755 
876 -0.001775 
877 -0.000587 
878 0.000375 
879 0.000841 
880 0.000910 
881 0.000807 
882 0.000634 
883 0.000449 
884 0.000025 
885 -0.000975 
886 -0.002306 
887 -0.003199 
888 -0.003110 
889 -0.002188 
890 -0.001145 
891 -0.000541 
892 -0.000238 
893 -0.000007 
894 0.000362 
895 0.001032 
896 0.001600 
897 0.001498 
898 0.000566 
899 -0.000684 
900 -0.001534 
901 -0.001756 
902 -0.001708 
903 -0.001702 
904 -0.001630 
905 -0.001313 
906 -0.000788 
907 -0.000291 
908 -0.000043 
909 0.000016 
910 -0.000035 
911 -0.000266 
912 -0.000600 
913 -0.000897 
914 -0.001113 
915 -0.001289 
916 -0.001383 
917 -0.001406 
918 -0.001452 
919 -0.001495 
920 -0.001309 
921 -0.000777 
922 -0.000068 
923 0.000481 
924 0.000669 
925 0.000521 
926 0.000163 
927 -0.000309 
928 -0.000829 
929 -0.001312 
930 -0.001623 
931 -0.001605 
932 -0.001238 
933 -0.000629 
934 0.000041 
935 0.000571 
936 0.000769 
937 0.000596 
938 0.000236 
939 0.000005 
940 -0.000032 
941 -0.000069 
942 -0.000120 
943 -0.000076 
944 0.000085 
945 0.000186 
946 0.000112 
947 -0.000080 
948 -0.000234 
949 -0.000347 
950 -0.000334 
951 -0.000036 
952 0.000453 
953 0.000804 
954 0.000800 
955 0.000474 
956 -0.000008 
957 -0.000478 
958 -0.000775 
959 -0.000785 
960 -0.000479 
961 -0.000034 
962 0.000336 
963 0.000570 
964 0.000676 
965 0.000643 
966 0.000429 
967 0.000065 
968 -0.000274 
969 -0.000431 
970 -0.000394 
971 -0.000219 
972 0.000028 
973 0.000264 
974 0.000433 
975 0.000532 
976 0.000596 
977 0.000630 
978 0.000583 
979 0.000411 
980 0.000194 
981 0.000128 
982 0.000273 
983 0.000471 
984 0.000580 
985 0.000550 
986 0.000411 
987 0.000280 
988 0.000218 
989 0.000177 
990 0.000156 
991 0.000189 
992 0.000253 
993 0.000376 
994 0.000568 
995 0.000721 
996 0.000770 
997 0.000667 
998 0.000418 
999 0.000135 
1000 -0.000043 
1001 -0.000046 
1002 0.000094 
1003 0.000249 
1004 0.000328 
1005 0.000329 
1006 0.000296 
1007 0.000249 
1008 0.000193 
1009 0.000125 
1010 0.000063 
1011 0.000047 
1012 0.000155 
1013 0.000406 
1014 0.000628 
1015 0.000653 
1016 0.000541 
1017 0.000413 
1018 0.000305 
1019 0.000187 
1020 0.000098 
1021 0.000088 
1022 0.000154 
1023 0.000239 
