0 -0.000053 
1 -0.000073 
2 -0.000043 
3 0.000043 
4 -0.000055 
5 -0.000251 
6 -0.000195 
7 0.000102 
8 0.000236 
9 0.000116 
10 0.000082 
11 0.000174 
12 0.000112 
13 -0.000091 
14 -0.000107 
15 0.000037 
16 0.000019 
17 -0.000072 
18 0.000187 
19 0.000549 
20 0.000425 
21 0.000051 
22 0.000070 
23 0.000275 
24 0.000044 
25 -0.000299 
26 -0.000023 
27 0.000446 
28 0.000342 
29 0.000118 
30 0.000464 
31 0.000784 
32 0.000378 
33 -0.000092 
34 0.000051 
35 0.000161 
36 -0.000177 
37 -0.000183 
38 0.000282 
39 0.000352 
40 0.000030 
41 0.000106 
42 0.000501 
43 0.000413 
44 0.000028 
45 0.000043 
46 0.000168 
47 -0.000069 
48 -0.000276 
49 -0.000097 
50 0.000135 
51 0.000086 
52 -0.000087 
53 -0.000099 
54 0.000011 
55 0.000077 
56 0.000045 
57 -0.000026 
58 0.000048 
59 0.000217 
60 0.000198 
61 0.000025 
62 0.000075 
63 0.000231 
64 0.000068 
65 -0.000157 
66 -0.000080 
67 0.000132 
68 0.000208 
69 0.000253 
70 0.000337 
71 0.000288 
72 0.000175 
73 0.000141 
74 -0.000058 
75 -0.000365 
76 -0.000334 
77 -0.000137 
78 -0.000029 
79 0.000268 
80 0.000638 
81 0.000591 
82 0.000399 
83 0.000436 
84 0.000131 
85 -0.000695 
86 -0.000846 
87 -0.000115 
88 0.000049 
89 -0.000285 
90 0.000337 
91 0.001029 
92 0.000286 
93 -0.000490 
94 0.000044 
95 0.000061 
96 -0.001200 
97 -0.001247 
98 0.000350 
99 0.000665 
100 -0.000505 
101 -0.000242 
102 0.001022 
103 0.000462 
104 -0.000968 
105 -0.000571 
106 0.000526 
107 0.000055 
108 -0.000812 
109 -0.000182 
110 0.000602 
111 -0.000017 
112 -0.000725 
113 -0.000206 
114 0.000392 
115 0.000064 
116 -0.000187 
117 0.000138 
118 0.000135 
119 -0.000340 
120 -0.000311 
121 0.000282 
122 0.000529 
123 0.000368 
124 0.000215 
125 0.000035 
126 -0.000077 
127 0.000061 
128 0.000157 
129 0.000138 
130 0.000309 
131 0.000540 
132 0.000193 
133 -0.000362 
134 -0.000160 
135 -0.000010 
136 -0.000793 
137 -0.001126 
138 -0.000247 
139 0.000359 
140 0.000152 
141 0.000286 
142 0.000588 
143 -0.000073 
144 -0.000971 
145 -0.000890 
146 -0.000687 
147 -0.001208 
148 -0.001281 
149 -0.000391 
150 0.000183 
151 0.000351 
152 0.000951 
153 0.001494 
154 0.001007 
155 0.000088 
156 -0.000180 
157 -0.000243 
158 -0.000726 
159 -0.000960 
160 -0.000511 
161 -0.000030 
162 0.000188 
163 0.000485 
164 0.000873 
165 0.000692 
166 -0.000005 
167 -0.000205 
168 0.000358 
169 0.000904 
170 0.000703 
171 0.000210 
172 0.000350 
173 0.001019 
174 0.001335 
175 0.001251 
176 0.001077 
177 0.000953 
178 0.000699 
179 0.000219 
180 0.000058 
181 0.000524 
182 0.000894 
183 0.000530 
184 0.000342 
185 0.000548 
186 -0.000115 
187 -0.001351 
188 -0.001614 
189 -0.000649 
190 -0.000220 
191 -0.000679 
192 -0.000003 
193 0.001374 
194 0.001027 
195 0.000058 
196 -0.000159 
197 -0.000479 
198 -0.001325 
199 -0.002120 
200 -0.001828 
201 -0.001020 
202 -0.000685 
203 -0.000243 
204 0.000030 
205 -0.000651 
206 -0.001120 
207 -0.001210 
208 -0.001630 
209 -0.002041 
210 -0.001935 
211 -0.001229 
212 -0.000561 
213 -0.000341 
214 0.000328 
215 0.001197 
216 0.000093 
217 -0.002108 
218 -0.002726 
219 -0.002334 
220 -0.002025 
221 -0.001557 
222 -0.000780 
223 -0.000112 
224 -0.000387 
225 -0.000406 
226 0.000703 
227 0.000367 
228 -0.001835 
229 -0.003456 
230 -0.003802 
231 -0.003359 
232 -0.002795 
233 -0.002126 
234 -0.000498 
235 0.000790 
236 -0.000214 
237 -0.002071 
238 -0.002468 
239 -0.001996 
240 -0.003350 
241 -0.005890 
242 -0.005216 
243 -0.002254 
244 -0.002009 
245 -0.002954 
246 -0.001452 
247 -0.000215 
248 -0.001553 
249 -0.002389 
250 -0.001001 
251 -0.000922 
252 -0.003381 
253 -0.003915 
254 -0.002376 
255 -0.002567 
256 -0.003368 
257 -0.001819 
258 0.000086 
259 -0.000072 
260 -0.000366 
261 0.000767 
262 0.001150 
263 -0.000241 
264 -0.001624 
265 -0.001755 
266 -0.001117 
267 -0.001116 
268 -0.001877 
269 -0.002161 
270 -0.001689 
271 -0.001143 
272 -0.000871 
273 -0.000161 
274 0.001109 
275 0.001184 
276 -0.000105 
277 -0.001084 
278 -0.001593 
279 -0.002383 
280 -0.003336 
281 -0.003512 
282 -0.002580 
283 -0.001627 
284 -0.001184 
285 0.000017 
286 0.001637 
287 0.001483 
288 -0.000499 
289 -0.002038 
290 -0.002530 
291 -0.003322 
292 -0.004090 
293 -0.003516 
294 -0.002228 
295 -0.001368 
296 -0.000184 
297 0.001276 
298 0.001117 
299 -0.000070 
300 0.000127 
301 0.000566 
302 -0.000520 
303 -0.001069 
304 0.000479 
305 0.001079 
306 -0.000628 
307 -0.000596 
308 0.002414 
309 0.003796 
310 0.002385 
311 0.002931 
312 0.005806 
313 0.006242 
314 0.003554 
315 0.002385 
316 0.003225 
317 0.001744 
318 -0.001250 
319 -0.000982 
320 0.001861 
321 0.002137 
322 0.000698 
323 0.002801 
324 0.005936 
325 0.004271 
326 0.001303 
327 0.002601 
328 0.003956 
329 0.000445 
330 -0.002168 
331 0.001164 
332 0.003542 
333 0.001072 
334 0.000782 
335 0.004026 
336 0.004338 
337 0.002132 
338 0.002433 
339 0.003554 
340 0.001983 
341 0.000529 
342 0.000817 
343 0.000230 
344 -0.000562 
345 0.000766 
346 0.001994 
347 0.001297 
348 0.001209 
349 0.003178 
350 0.005043 
351 0.005566 
352 0.004999 
353 0.003153 
354 0.001425 
355 0.000534 
356 -0.000614 
357 -0.000908 
358 0.000310 
359 0.001194 
360 0.001568 
361 0.002657 
362 0.003767 
363 0.003530 
364 0.002237 
365 0.002175 
366 0.003030 
367 0.002785 
368 0.002065 
369 0.001004 
370 -0.000262 
371 -0.000281 
372 -0.000686 
373 -0.002692 
374 -0.003317 
375 -0.001138 
376 0.000286 
377 -0.000426 
378 0.001232 
379 0.003582 
380 0.001044 
381 -0.002849 
382 -0.002719 
383 -0.001959 
384 -0.003841 
385 -0.003508 
386 0.000391 
387 0.001059 
388 -0.001779 
389 -0.000207 
390 0.003498 
391 0.001852 
392 -0.001202 
393 0.000832 
394 0.004270 
395 0.003864 
396 0.002262 
397 0.002364 
398 0.001301 
399 -0.002302 
400 -0.003838 
401 -0.001397 
402 0.001625 
403 0.002760 
404 0.002575 
405 0.002801 
406 0.003823 
407 0.003264 
408 0.000845 
409 -0.000376 
410 -0.001079 
411 -0.004319 
412 -0.006699 
413 -0.003218 
414 0.002240 
415 0.003341 
416 0.003100 
417 0.005681 
418 0.006073 
419 0.001177 
420 -0.003345 
421 -0.003473 
422 -0.003494 
423 -0.005837 
424 -0.005310 
425 -0.000787 
426 0.000756 
427 -0.001245 
428 -0.001535 
429 -0.000174 
430 -0.000454 
431 -0.003125 
432 -0.004600 
433 -0.002957 
434 -0.001316 
435 -0.001970 
436 -0.002439 
437 -0.001022 
438 0.000064 
439 -0.001290 
440 -0.002667 
441 -0.000817 
442 0.002067 
443 0.002465 
444 0.002732 
445 0.004084 
446 0.002709 
447 -0.000480 
448 -0.001003 
449 -0.000396 
450 -0.001279 
451 -0.001398 
452 0.001192 
453 0.002391 
454 -0.000505 
455 -0.001625 
456 0.001009 
457 0.000543 
458 -0.003521 
459 -0.004497 
460 -0.002097 
461 -0.001188 
462 -0.001757 
463 0.000289 
464 0.002764 
465 0.000835 
466 -0.002555 
467 -0.002319 
468 -0.000512 
469 -0.000841 
470 -0.002027 
471 -0.001016 
472 0.000296 
473 -0.000363 
474 -0.000471 
475 0.000122 
476 -0.001565 
477 -0.004077 
478 -0.002940 
479 0.001003 
480 0.002899 
481 0.002612 
482 0.003758 
483 0.004837 
484 0.002844 
485 0.000153 
486 0.000021 
487 -0.000617 
488 -0.004514 
489 -0.006319 
490 -0.001128 
491 0.005714 
492 0.007051 
493 0.006285 
494 0.008205 
495 0.007643 
496 0.002010 
497 -0.001436 
498 -0.000765 
499 -0.001499 
500 -0.003371 
501 -0.001582 
502 0.003001 
503 0.005634 
504 0.005159 
505 0.003851 
506 0.002293 
507 0.000607 
508 -0.000861 
509 -0.003074 
510 -0.004234 
511 -0.002179 
512 -0.000257 
513 -0.000506 
514 -0.000126 
515 0.000965 
516 -0.000184 
517 -0.002538 
518 -0.001808 
519 0.001837 
520 0.003413 
521 0.001804 
522 0.001276 
523 0.002332 
524 0.001561 
525 -0.000920 
526 -0.001047 
527 0.000799 
528 0.000671 
529 -0.000382 
530 0.002731 
531 0.007030 
532 0.005442 
533 0.000884 
534 0.001039 
535 0.003479 
536 0.000833 
537 -0.003078 
538 0.000214 
539 0.005705 
540 0.004557 
541 0.002018 
542 0.005924 
543 0.009450 
544 0.004820 
545 -0.000435 
546 0.001145 
547 0.002327 
548 -0.001357 
549 -0.001438 
550 0.003501 
551 0.004175 
552 0.000724 
553 0.001540 
554 0.005643 
555 0.004699 
556 0.000697 
557 0.000774 
558 0.001955 
559 -0.000417 
560 -0.002455 
561 -0.000737 
562 0.001457 
563 0.000972 
564 -0.000646 
565 -0.000732 
566 0.000307 
567 0.000905 
568 0.000597 
569 -0.000092 
570 0.000496 
571 0.001924 
572 0.001689 
573 0.000161 
574 0.000553 
575 0.001847 
576 0.000438 
577 -0.001426 
578 -0.000749 
579 0.001001 
580 0.001602 
581 0.001907 
582 0.002494 
583 0.002059 
584 0.001177 
585 0.000947 
586 -0.000557 
587 -0.002858 
588 -0.002625 
589 -0.001173 
590 -0.000358 
591 0.001800 
592 0.004417 
593 0.004031 
594 0.002634 
595 0.002827 
596 0.000728 
597 -0.004766 
598 -0.005719 
599 -0.000960 
600 0.000054 
601 -0.002113 
602 0.001798 
603 0.006052 
604 0.001418 
605 -0.003344 
606 -0.000184 
607 -0.000186 
608 -0.007640 
609 -0.007891 
610 0.001267 
611 0.002969 
612 -0.003658 
613 -0.002209 
614 0.004720 
615 0.001708 
616 -0.005868 
617 -0.003717 
618 0.002007 
619 -0.000453 
620 -0.004844 
621 -0.001612 
622 0.002302 
623 -0.000762 
624 -0.004177 
625 -0.001617 
626 0.001285 
627 -0.000205 
628 -0.001291 
629 0.000251 
630 0.000240 
631 -0.001909 
632 -0.001773 
633 0.000828 
634 0.001876 
635 0.001159 
636 0.000478 
637 -0.000302 
638 -0.000751 
639 -0.000146 
640 0.000283 
641 0.000192 
642 0.000784 
643 0.001563 
644 0.000099 
645 -0.002030 
646 -0.001202 
647 -0.000551 
648 -0.003354 
649 -0.004485 
650 -0.001256 
651 0.000939 
652 0.000215 
653 0.000660 
654 0.001660 
655 -0.000621 
656 -0.003620 
657 -0.003254 
658 -0.002408 
659 -0.003937 
660 -0.004042 
661 -0.001153 
662 0.000632 
663 0.001107 
664 0.002910 
665 0.004524 
666 0.002998 
667 0.000213 
668 -0.000585 
669 -0.000703 
670 -0.002000 
671 -0.002575 
672 -0.001247 
673 0.000107 
674 0.000703 
675 0.001519 
676 0.002592 
677 0.002134 
678 0.000326 
679 -0.000159 
680 0.001304 
681 0.002678 
682 0.002179 
683 0.000992 
684 0.001354 
685 0.002946 
686 0.003639 
687 0.003399 
688 0.002992 
689 0.002716 
690 0.002109 
691 0.000945 
692 0.000479 
693 0.001428 
694 0.002180 
695 0.001337 
696 0.000918 
697 0.001376 
698 0.000025 
699 -0.002483 
700 -0.002933 
701 -0.000879 
702 0.000023 
703 -0.000914 
704 0.000379 
705 0.003020 
706 0.002326 
707 0.000517 
708 0.000197 
709 -0.000326 
710 -0.001846 
711 -0.003246 
712 -0.002657 
713 -0.001177 
714 -0.000584 
715 0.000180 
716 0.000629 
717 -0.000564 
718 -0.001360 
719 -0.001480 
720 -0.002141 
721 -0.002783 
722 -0.002592 
723 -0.001450 
724 -0.000379 
725 -0.000003 
726 0.001068 
727 0.002397 
728 0.000682 
729 -0.002634 
730 -0.003516 
731 -0.002888 
732 -0.002394 
733 -0.001675 
734 -0.000534 
735 0.000416 
736 0.000033 
737 0.000008 
738 0.001511 
739 0.001016 
740 -0.001974 
741 -0.004142 
742 -0.004603 
743 -0.004017 
744 -0.003271 
745 -0.002415 
746 -0.000381 
747 0.001203 
748 -0.000030 
749 -0.002262 
750 -0.002706 
751 -0.002134 
752 -0.003731 
753 -0.006666 
754 -0.005826 
755 -0.002381 
756 -0.002066 
757 -0.003080 
758 -0.001375 
759 -0.000008 
760 -0.001463 
761 -0.002344 
762 -0.000834 
763 -0.000735 
764 -0.003282 
765 -0.003819 
766 -0.002228 
767 -0.002401 
768 -0.003170 
769 -0.001621 
770 0.000219 
771 0.000027 
772 -0.000277 
773 0.000789 
774 0.001127 
775 -0.000185 
776 -0.001467 
777 -0.001590 
778 -0.001038 
779 -0.001070 
780 -0.001768 
781 -0.002021 
782 -0.001616 
783 -0.001148 
784 -0.000920 
785 -0.000328 
786 0.000725 
787 0.000780 
788 -0.000269 
789 -0.001061 
790 -0.001469 
791 -0.002092 
792 -0.002826 
793 -0.002953 
794 -0.002226 
795 -0.001483 
796 -0.001127 
797 -0.000231 
798 0.000951 
799 0.000831 
800 -0.000594 
801 -0.001675 
802 -0.002010 
803 -0.002544 
804 -0.003052 
805 -0.002638 
806 -0.001743 
807 -0.001139 
808 -0.000330 
809 0.000626 
810 0.000503 
811 -0.000298 
812 -0.000221 
813 0.000035 
814 -0.000615 
815 -0.000915 
816 0.000042 
817 0.000431 
818 -0.000528 
819 -0.000471 
820 0.001268 
821 0.002003 
822 0.001144 
823 0.001401 
824 0.002942 
825 0.003153 
826 0.001711 
827 0.001127 
828 0.001594 
829 0.000814 
830 -0.000748 
831 -0.000608 
832 0.000820 
833 0.000918 
834 0.000156 
835 0.001148 
836 0.002646 
837 0.001848 
838 0.000468 
839 0.001104 
840 0.001736 
841 0.000119 
842 -0.001051 
843 0.000471 
844 0.001530 
845 0.000439 
846 0.000317 
847 0.001718 
848 0.001846 
849 0.000922 
850 0.001062 
851 0.001525 
852 0.000872 
853 0.000275 
854 0.000375 
855 0.000147 
856 -0.000149 
857 0.000370 
858 0.000832 
859 0.000549 
860 0.000499 
861 0.001211 
862 0.001861 
863 0.002012 
864 0.001776 
865 0.001109 
866 0.000517 
867 0.000237 
868 -0.000125 
869 -0.000201 
870 0.000210 
871 0.000490 
872 0.000591 
873 0.000926 
874 0.001268 
875 0.001187 
876 0.000787 
877 0.000779 
878 0.001049 
879 0.000986 
880 0.000776 
881 0.000455 
882 0.000070 
883 0.000050 
884 -0.000074 
885 -0.000637 
886 -0.000804 
887 -0.000194 
888 0.000200 
889 0.000020 
890 0.000467 
891 0.001085 
892 0.000425 
893 -0.000569 
894 -0.000530 
895 -0.000337 
896 -0.000797 
897 -0.000704 
898 0.000248 
899 0.000413 
900 -0.000250 
901 0.000123 
902 0.000978 
903 0.000599 
904 -0.000093 
905 0.000356 
906 0.001102 
907 0.000999 
908 0.000639 
909 0.000646 
910 0.000409 
911 -0.000346 
912 -0.000663 
913 -0.000168 
914 0.000432 
915 0.000646 
916 0.000603 
917 0.000644 
918 0.000836 
919 0.000725 
920 0.000269 
921 0.000042 
922 -0.000091 
923 -0.000692 
924 -0.001109 
925 -0.000482 
926 0.000472 
927 0.000658 
928 0.000610 
929 0.001036 
930 0.001094 
931 0.000283 
932 -0.000455 
933 -0.000479 
934 -0.000486 
935 -0.000850 
936 -0.000763 
937 -0.000071 
938 0.000158 
939 -0.000147 
940 -0.000195 
941 0.000001 
942 -0.000042 
943 -0.000420 
944 -0.000623 
945 -0.000391 
946 -0.000165 
947 -0.000257 
948 -0.000322 
949 -0.000132 
950 0.000008 
951 -0.000176 
952 -0.000357 
953 -0.000119 
954 0.000247 
955 0.000294 
956 0.000324 
957 0.000484 
958 0.000310 
959 -0.000075 
960 -0.000138 
961 -0.000072 
962 -0.000182 
963 -0.000201 
964 0.000089 
965 0.000218 
966 -0.000108 
967 -0.000228 
968 0.000065 
969 0.000018 
970 -0.000415 
971 -0.000512 
972 -0.000256 
973 -0.000168 
974 -0.000241 
975 -0.000043 
976 0.000205 
977 0.000018 
978 -0.000306 
979 -0.000271 
980 -0.000086 
981 -0.000115 
982 -0.000230 
983 -0.000135 
984 -0.000017 
985 -0.000085 
986 -0.000100 
987 -0.000047 
988 -0.000199 
989 -0.000417 
990 -0.000301 
991 0.000061 
992 0.000227 
993 0.000195 
994 0.000290 
995 0.000378 
996 0.000200 
997 -0.000037 
998 -0.000053 
999 -0.000110 
1000 -0.000440 
1001 -0.000585 
1002 -0.000142 
1003 0.000431 
1004 0.000540 
1005 0.000475 
1006 0.000633 
1007 0.000587 
1008 0.000124 
1009 -0.000159 
1010 -0.000102 
1011 -0.000159 
1012 -0.000307 
1013 -0.000159 
1014 0.000215 
1015 0.000430 
1016 0.000390 
1017 0.000282 
1018 0.000159 
1019 0.000028 
1020 -0.000087 
1021 -0.000265 
1022 -0.000361 
1023 -0.000202 
