0 0.000027 
1 0.000057 
2 -0.000024 
3 -0.000118 
4 -0.000151 
5 -0.000177 
6 -0.000239 
7 -0.000267 
8 -0.000233 
9 -0.000183 
10 -0.000150 
11 -0.000106 
12 -0.000057 
13 -0.000039 
14 -0.000050 
15 -0.000071 
16 -0.000093 
17 -0.000145 
18 -0.000235 
19 -0.000293 
20 -0.000279 
21 -0.000235 
22 -0.000183 
23 -0.000120 
24 -0.000044 
25 0.000038 
26 0.000118 
27 0.000131 
28 0.000038 
29 -0.000074 
30 -0.000107 
31 -0.000125 
32 -0.000212 
33 -0.000316 
34 -0.000323 
35 -0.000210 
36 -0.000086 
37 -0.000025 
38 0.000025 
39 0.000091 
40 0.000099 
41 0.000016 
42 -0.000068 
43 -0.000110 
44 -0.000158 
45 -0.000235 
46 -0.000309 
47 -0.000316 
48 -0.000238 
49 -0.000120 
50 -0.000036 
51 -0.000043 
52 -0.000084 
53 -0.000083 
54 -0.000068 
55 -0.000123 
56 -0.000207 
57 -0.000218 
58 -0.000163 
59 -0.000133 
60 -0.000110 
61 -0.000036 
62 0.000024 
63 -0.000001 
64 -0.000063 
65 -0.000049 
66 0.000000 
67 -0.000016 
68 -0.000053 
69 -0.000042 
70 -0.000034 
71 -0.000047 
72 0.000014 
73 0.000108 
74 0.000089 
75 0.000031 
76 0.000097 
77 0.000170 
78 0.000084 
79 -0.000021 
80 0.000015 
81 0.000064 
82 0.000033 
83 0.000074 
84 0.000201 
85 0.000255 
86 0.000200 
87 0.000192 
88 0.000166 
89 0.000004 
90 -0.000169 
91 -0.000144 
92 -0.000011 
93 0.000018 
94 0.000047 
95 0.000243 
96 0.000435 
97 0.000460 
98 0.000415 
99 0.000414 
100 0.000383 
101 0.000313 
102 0.000229 
103 0.000069 
104 -0.000131 
105 -0.000198 
106 -0.000070 
107 0.000100 
108 0.000212 
109 0.000388 
110 0.000623 
111 0.000801 
112 0.000873 
113 0.000828 
114 0.000574 
115 0.000108 
116 -0.000186 
117 -0.000131 
118 -0.000040 
119 -0.000063 
120 0.000175 
121 0.000782 
122 0.001189 
123 0.001105 
124 0.000909 
125 0.000878 
126 0.000826 
127 0.000599 
128 0.000383 
129 0.000311 
130 0.000302 
131 0.000272 
132 0.000253 
133 0.000344 
134 0.000560 
135 0.000799 
136 0.000928 
137 0.000894 
138 0.000718 
139 0.000512 
140 0.000278 
141 0.000019 
142 -0.000203 
143 -0.000199 
144 0.000117 
145 0.000565 
146 0.000896 
147 0.001040 
148 0.001176 
149 0.001383 
150 0.001353 
151 0.000816 
152 0.000088 
153 -0.000227 
154 -0.000130 
155 -0.000057 
156 -0.000025 
157 0.000315 
158 0.000924 
159 0.001293 
160 0.001311 
161 0.001315 
162 0.001356 
163 0.001061 
164 0.000494 
165 0.000257 
166 0.000420 
167 0.000517 
168 0.000345 
169 0.000083 
170 -0.000181 
171 -0.000385 
172 -0.000194 
173 0.000376 
174 0.000825 
175 0.001104 
176 0.001492 
177 0.001901 
178 0.001761 
179 0.000912 
180 -0.000233 
181 -0.001194 
182 -0.001615 
183 -0.001272 
184 -0.000467 
185 0.000253 
186 0.000844 
187 0.001558 
188 0.002071 
189 0.001877 
190 0.001166 
191 0.000518 
192 -0.000047 
193 -0.000843 
194 -0.001684 
195 -0.002118 
196 -0.002014 
197 -0.001470 
198 -0.000658 
199 0.000281 
200 0.001151 
201 0.001612 
202 0.001558 
203 0.001284 
204 0.000943 
205 0.000380 
206 -0.000505 
207 -0.001420 
208 -0.001888 
209 -0.001682 
210 -0.001042 
211 -0.000334 
212 0.000285 
213 0.000769 
214 0.001029 
215 0.000942 
216 0.000420 
217 -0.000510 
218 -0.001362 
219 -0.001584 
220 -0.001386 
221 -0.001242 
222 -0.001136 
223 -0.001012 
224 -0.001082 
225 -0.001263 
226 -0.001115 
227 -0.000800 
228 -0.000863 
229 -0.001148 
230 -0.000946 
231 -0.000395 
232 -0.000410 
233 -0.001053 
234 -0.001438 
235 -0.001278 
236 -0.001204 
237 -0.001598 
238 -0.002021 
239 -0.002004 
240 -0.001561 
241 -0.001061 
242 -0.000788 
243 -0.000634 
244 -0.000462 
245 -0.000303 
246 -0.000386 
247 -0.000778 
248 -0.001312 
249 -0.001799 
250 -0.002197 
251 -0.002389 
252 -0.002145 
253 -0.001251 
254 -0.000219 
255 0.000172 
256 -0.000004 
257 -0.000110 
258 -0.000157 
259 -0.000544 
260 -0.001124 
261 -0.001466 
262 -0.001765 
263 -0.002183 
264 -0.002312 
265 -0.002118 
266 -0.002026 
267 -0.002199 
268 -0.002158 
269 -0.001463 
270 -0.000507 
271 0.000334 
272 0.000980 
273 0.001191 
274 0.000723 
275 -0.000159 
276 -0.001044 
277 -0.001961 
278 -0.002792 
279 -0.003074 
280 -0.002526 
281 -0.001626 
282 -0.000736 
283 0.000209 
284 0.000900 
285 0.000642 
286 -0.000450 
287 -0.001256 
288 -0.001452 
289 -0.001718 
290 -0.002012 
291 -0.001980 
292 -0.001868 
293 -0.001830 
294 -0.001639 
295 -0.001073 
296 -0.000268 
297 0.000539 
298 0.001018 
299 0.001045 
300 0.000766 
301 0.000469 
302 -0.000251 
303 -0.001372 
304 -0.001995 
305 -0.001691 
306 -0.001002 
307 -0.000285 
308 0.000753 
309 0.002036 
310 0.002530 
311 0.002084 
312 0.001559 
313 0.001122 
314 0.000285 
315 -0.000762 
316 -0.001398 
317 -0.001635 
318 -0.001585 
319 -0.001117 
320 -0.000509 
321 0.000035 
322 0.000944 
323 0.002011 
324 0.002132 
325 0.001438 
326 0.001081 
327 0.001166 
328 0.000549 
329 -0.000872 
330 -0.001673 
331 -0.001033 
332 0.000006 
333 0.000403 
334 0.000689 
335 0.001308 
336 0.001979 
337 0.002227 
338 0.001917 
339 0.001193 
340 0.000651 
341 0.000596 
342 0.000496 
343 -0.000173 
344 -0.000885 
345 -0.000888 
346 -0.000451 
347 -0.000158 
348 0.000065 
349 0.000589 
350 0.001359 
351 0.001966 
352 0.002095 
353 0.001978 
354 0.001623 
355 0.000864 
356 0.000150 
357 0.000323 
358 0.001170 
359 0.001544 
360 0.001265 
361 0.001099 
362 0.001262 
363 0.001093 
364 0.000601 
365 0.000693 
366 0.001550 
367 0.002156 
368 0.002273 
369 0.002820 
370 0.003842 
371 0.003757 
372 0.001919 
373 -0.000003 
374 -0.000347 
375 0.000391 
376 0.000537 
377 -0.000068 
378 -0.000126 
379 0.000813 
380 0.001654 
381 0.001581 
382 0.001253 
383 0.001479 
384 0.001519 
385 0.000941 
386 0.000400 
387 0.000247 
388 0.000121 
389 0.000498 
390 0.001325 
391 0.001314 
392 0.000507 
393 0.000623 
394 0.002034 
395 0.003153 
396 0.002870 
397 0.002009 
398 0.001225 
399 0.000484 
400 -0.000028 
401 -0.000215 
402 -0.000591 
403 -0.000865 
404 -0.000033 
405 0.001606 
406 0.002401 
407 0.001889 
408 0.001264 
409 0.001443 
410 0.001923 
411 0.001870 
412 0.001294 
413 0.000765 
414 0.000200 
415 -0.000629 
416 -0.001470 
417 -0.001873 
418 -0.001404 
419 0.000019 
420 0.001493 
421 0.002350 
422 0.002989 
423 0.003410 
424 0.002773 
425 0.001126 
426 -0.000367 
427 -0.001184 
428 -0.001433 
429 -0.000833 
430 0.000222 
431 0.000615 
432 0.000730 
433 0.001202 
434 0.001490 
435 0.001029 
436 0.000639 
437 0.000738 
438 0.000634 
439 -0.000185 
440 -0.000886 
441 -0.000745 
442 -0.000292 
443 -0.000145 
444 0.000317 
445 0.001258 
446 0.001875 
447 0.001519 
448 0.000640 
449 -0.000334 
450 -0.001504 
451 -0.002758 
452 -0.003324 
453 -0.002777 
454 -0.001670 
455 -0.000533 
456 0.000390 
457 0.000996 
458 0.001230 
459 0.001661 
460 0.002427 
461 0.002218 
462 0.000492 
463 -0.000989 
464 -0.001247 
465 -0.001729 
466 -0.003569 
467 -0.005120 
468 -0.004536 
469 -0.002552 
470 -0.001035 
471 -0.000361 
472 0.000535 
473 0.001980 
474 0.002634 
475 0.001629 
476 -0.000028 
477 -0.001539 
478 -0.002769 
479 -0.003578 
480 -0.003817 
481 -0.003477 
482 -0.002744 
483 -0.001457 
484 0.000743 
485 0.002862 
486 0.003284 
487 0.001728 
488 0.000111 
489 -0.000500 
490 -0.001238 
491 -0.002560 
492 -0.003051 
493 -0.002058 
494 -0.000712 
495 -0.000076 
496 -0.000094 
497 -0.000281 
498 -0.000221 
499 0.000128 
500 0.000613 
501 0.000886 
502 0.000394 
503 -0.000639 
504 -0.001466 
505 -0.002189 
506 -0.002957 
507 -0.002902 
508 -0.001744 
509 -0.000820 
510 -0.000862 
511 -0.000706 
512 0.000287 
513 0.000670 
514 -0.000334 
515 -0.001530 
516 -0.001947 
517 -0.002221 
518 -0.002930 
519 -0.003294 
520 -0.002904 
521 -0.002285 
522 -0.001879 
523 -0.001374 
524 -0.000798 
525 -0.000539 
526 -0.000577 
527 -0.000762 
528 -0.001029 
529 -0.001662 
530 -0.002724 
531 -0.003399 
532 -0.003292 
533 -0.002847 
534 -0.002244 
535 -0.001426 
536 -0.000448 
537 0.000529 
538 0.001453 
539 0.001620 
540 0.000569 
541 -0.000744 
542 -0.001170 
543 -0.001382 
544 -0.002354 
545 -0.003484 
546 -0.003493 
547 -0.002186 
548 -0.000814 
549 -0.000151 
550 0.000395 
551 0.001068 
552 0.001066 
553 0.000169 
554 -0.000650 
555 -0.001076 
556 -0.001596 
557 -0.002327 
558 -0.002913 
559 -0.002918 
560 -0.002167 
561 -0.001008 
562 -0.000151 
563 -0.000234 
564 -0.000703 
565 -0.000705 
566 -0.000507 
567 -0.000994 
568 -0.001777 
569 -0.001829 
570 -0.001245 
571 -0.000969 
572 -0.000814 
573 -0.000187 
574 0.000337 
575 0.000099 
576 -0.000426 
577 -0.000256 
578 0.000206 
579 0.000069 
580 -0.000220 
581 -0.000106 
582 -0.000062 
583 -0.000233 
584 0.000206 
585 0.000950 
586 0.000821 
587 0.000359 
588 0.000847 
589 0.001403 
590 0.000783 
591 0.000005 
592 0.000243 
593 0.000594 
594 0.000368 
595 0.000635 
596 0.001480 
597 0.001820 
598 0.001414 
599 0.001328 
600 0.001158 
601 0.000128 
602 -0.000961 
603 -0.000778 
604 0.000086 
605 0.000262 
606 0.000402 
607 0.001556 
608 0.002675 
609 0.002764 
610 0.002437 
611 0.002427 
612 0.002266 
613 0.001837 
614 0.001338 
615 0.000493 
616 -0.000560 
617 -0.000945 
618 -0.000299 
619 0.000591 
620 0.001161 
621 0.001998 
622 0.003122 
623 0.003975 
624 0.004256 
625 0.003948 
626 0.002712 
627 0.000560 
628 -0.000804 
629 -0.000583 
630 -0.000145 
631 -0.000185 
632 0.000852 
633 0.003416 
634 0.005087 
635 0.004688 
636 0.003815 
637 0.003633 
638 0.003377 
639 0.002432 
640 0.001555 
641 0.001236 
642 0.001148 
643 0.000995 
644 0.000921 
645 0.001271 
646 0.002042 
647 0.002904 
648 0.003409 
649 0.003304 
650 0.002595 
651 0.001766 
652 0.000923 
653 0.000021 
654 -0.000810 
655 -0.000849 
656 0.000268 
657 0.001837 
658 0.002926 
659 0.003355 
660 0.003805 
661 0.004459 
662 0.004274 
663 0.002477 
664 0.000194 
665 -0.000743 
666 -0.000453 
667 -0.000260 
668 -0.000150 
669 0.000885 
670 0.002638 
671 0.003639 
672 0.003630 
673 0.003592 
674 0.003675 
675 0.002865 
676 0.001333 
677 0.000669 
678 0.001068 
679 0.001315 
680 0.000872 
681 0.000183 
682 -0.000493 
683 -0.000975 
684 -0.000471 
685 0.000912 
686 0.001974 
687 0.002637 
688 0.003525 
689 0.004397 
690 0.003997 
691 0.002039 
692 -0.000542 
693 -0.002678 
694 -0.003557 
695 -0.002738 
696 -0.000969 
697 0.000562 
698 0.001806 
699 0.003278 
700 0.004279 
701 0.003822 
702 0.002354 
703 0.001034 
704 -0.000093 
705 -0.001612 
706 -0.003173 
707 -0.003966 
708 -0.003748 
709 -0.002668 
710 -0.001097 
711 0.000621 
712 0.002142 
713 0.002941 
714 0.002846 
715 0.002332 
716 0.001684 
717 0.000689 
718 -0.000805 
719 -0.002316 
720 -0.003055 
721 -0.002666 
722 -0.001576 
723 -0.000397 
724 0.000607 
725 0.001342 
726 0.001710 
727 0.001567 
728 0.000756 
729 -0.000700 
730 -0.001994 
731 -0.002263 
732 -0.001908 
733 -0.001696 
734 -0.001546 
735 -0.001322 
736 -0.001362 
737 -0.001596 
738 -0.001389 
739 -0.000944 
740 -0.001013 
741 -0.001385 
742 -0.001128 
743 -0.000435 
744 -0.000463 
745 -0.001252 
746 -0.001698 
747 -0.001486 
748 -0.001385 
749 -0.001815 
750 -0.002270 
751 -0.002229 
752 -0.001700 
753 -0.001095 
754 -0.000771 
755 -0.000613 
756 -0.000427 
757 -0.000236 
758 -0.000327 
759 -0.000761 
760 -0.001313 
761 -0.001789 
762 -0.002184 
763 -0.002366 
764 -0.002073 
765 -0.001123 
766 -0.000076 
767 0.000293 
768 0.000098 
769 -0.000018 
770 -0.000074 
771 -0.000454 
772 -0.001008 
773 -0.001316 
774 -0.001561 
775 -0.001913 
776 -0.002009 
777 -0.001811 
778 -0.001703 
779 -0.001838 
780 -0.001797 
781 -0.001188 
782 -0.000354 
783 0.000360 
784 0.000878 
785 0.001028 
786 0.000636 
787 -0.000078 
788 -0.000781 
789 -0.001499 
790 -0.002140 
791 -0.002335 
792 -0.001864 
793 -0.001130 
794 -0.000460 
795 0.000205 
796 0.000693 
797 0.000504 
798 -0.000302 
799 -0.000907 
800 -0.001056 
801 -0.001216 
802 -0.001380 
803 -0.001328 
804 -0.001236 
805 -0.001199 
806 -0.001055 
807 -0.000666 
808 -0.000137 
809 0.000376 
810 0.000675 
811 0.000690 
812 0.000507 
813 0.000307 
814 -0.000145 
815 -0.000820 
816 -0.001182 
817 -0.000994 
818 -0.000591 
819 -0.000169 
820 0.000437 
821 0.001168 
822 0.001437 
823 0.001176 
824 0.000869 
825 0.000609 
826 0.000144 
827 -0.000412 
828 -0.000740 
829 -0.000860 
830 -0.000829 
831 -0.000572 
832 -0.000248 
833 0.000024 
834 0.000461 
835 0.000972 
836 0.001019 
837 0.000672 
838 0.000497 
839 0.000543 
840 0.000257 
841 -0.000400 
842 -0.000761 
843 -0.000467 
844 -0.000008 
845 0.000163 
846 0.000289 
847 0.000549 
848 0.000817 
849 0.000916 
850 0.000796 
851 0.000497 
852 0.000265 
853 0.000238 
854 0.000199 
855 -0.000075 
856 -0.000368 
857 -0.000370 
858 -0.000197 
859 -0.000085 
860 0.000002 
861 0.000211 
862 0.000508 
863 0.000727 
864 0.000765 
865 0.000716 
866 0.000579 
867 0.000297 
868 0.000039 
869 0.000097 
870 0.000378 
871 0.000495 
872 0.000403 
873 0.000355 
874 0.000411 
875 0.000359 
876 0.000203 
877 0.000222 
878 0.000474 
879 0.000653 
880 0.000685 
881 0.000832 
882 0.001112 
883 0.001082 
884 0.000561 
885 0.000016 
886 -0.000087 
887 0.000119 
888 0.000167 
889 0.000005 
890 -0.000019 
891 0.000225 
892 0.000444 
893 0.000419 
894 0.000324 
895 0.000371 
896 0.000380 
897 0.000239 
898 0.000108 
899 0.000073 
900 0.000051 
901 0.000146 
902 0.000333 
903 0.000318 
904 0.000127 
905 0.000153 
906 0.000463 
907 0.000695 
908 0.000623 
909 0.000439 
910 0.000278 
911 0.000124 
912 0.000015 
913 -0.000022 
914 -0.000094 
915 -0.000147 
916 0.000010 
917 0.000323 
918 0.000476 
919 0.000379 
920 0.000255 
921 0.000282 
922 0.000373 
923 0.000361 
924 0.000254 
925 0.000150 
926 0.000043 
927 -0.000099 
928 -0.000239 
929 -0.000302 
930 -0.000217 
931 0.000023 
932 0.000261 
933 0.000394 
934 0.000492 
935 0.000552 
936 0.000444 
937 0.000187 
938 -0.000041 
939 -0.000164 
940 -0.000199 
941 -0.000106 
942 0.000049 
943 0.000102 
944 0.000115 
945 0.000180 
946 0.000219 
947 0.000156 
948 0.000103 
949 0.000112 
950 0.000092 
951 -0.000019 
952 -0.000107 
953 -0.000087 
954 -0.000029 
955 -0.000009 
956 0.000051 
957 0.000164 
958 0.000233 
959 0.000187 
960 0.000080 
961 -0.000035 
962 -0.000167 
963 -0.000304 
964 -0.000363 
965 -0.000297 
966 -0.000168 
967 -0.000043 
968 0.000051 
969 0.000109 
970 0.000132 
971 0.000176 
972 0.000254 
973 0.000232 
974 0.000055 
975 -0.000095 
976 -0.000119 
977 -0.000163 
978 -0.000343 
979 -0.000496 
980 -0.000437 
981 -0.000243 
982 -0.000098 
983 -0.000037 
984 0.000048 
985 0.000186 
986 0.000246 
987 0.000151 
988 0.000001 
989 -0.000133 
990 -0.000243 
991 -0.000316 
992 -0.000337 
993 -0.000306 
994 -0.000241 
995 -0.000129 
996 0.000064 
997 0.000248 
998 0.000284 
999 0.000150 
1000 0.000013 
1001 -0.000038 
1002 -0.000101 
1003 -0.000215 
1004 -0.000258 
1005 -0.000174 
1006 -0.000061 
1007 -0.000008 
1008 -0.000008 
1009 -0.000022 
1010 -0.000015 
1011 0.000013 
1012 0.000051 
1013 0.000070 
1014 0.000027 
1015 -0.000057 
1016 -0.000123 
1017 -0.000179 
1018 -0.000238 
1019 -0.000232 
1020 -0.000138 
1021 -0.000064 
1022 -0.000068 
1023 -0.000059 
