0 0.728034 
1 0.255026 
2 -0.016251 
3 0.135238 
4 -0.192771 
5 -0.131227 
6 0.212635 
7 -0.153613 
8 -0.104711 
9 0.316061 
10 -0.042698 
11 -0.189830 
12 0.240144 
13 0.007395 
14 -0.154262 
15 0.197960 
16 0.015261 
17 -0.162240 
18 0.143912 
19 0.088976 
20 -0.180427 
21 0.077635 
22 0.125129 
23 -0.057303 
24 0.039091 
25 0.133192 
26 -0.041979 
27 0.024660 
28 0.123737 
29 -0.063660 
30 -0.120494 
31 0.127025 
32 -0.070739 
33 -0.052027 
34 -0.032160 
35 0.036808 
36 -0.167073 
37 0.014405 
38 0.046718 
39 -0.128977 
40 0.060991 
41 0.078757 
42 -0.108346 
43 -0.031948 
44 0.092093 
45 -0.037876 
46 -0.051384 
47 0.041759 
48 -0.015566 
49 -0.129124 
50 0.061537 
51 0.021433 
52 -0.133610 
53 0.092881 
54 0.072892 
55 -0.115470 
56 0.090788 
57 0.086066 
58 -0.015959 
59 0.030153 
60 0.100473 
61 -0.040207 
62 -0.069212 
63 0.240952 
64 -0.165943 
65 0.005736 
66 0.058341 
67 -0.048153 
68 -0.110796 
69 0.141317 
70 -0.061261 
71 -0.071974 
72 0.111752 
73 0.019700 
74 -0.155598 
75 0.109180 
76 0.071907 
77 -0.208072 
78 0.127832 
79 -0.027187 
80 -0.175194 
81 0.073515 
82 0.025183 
83 -0.118426 
84 -0.032276 
85 0.058920 
86 -0.147003 
87 0.040412 
88 0.126674 
89 -0.047226 
90 -0.019463 
91 0.140108 
92 -0.065889 
93 -0.010928 
94 0.111417 
95 -0.063529 
96 -0.004964 
97 0.052175 
98 -0.014966 
99 -0.130280 
100 0.108232 
101 0.016512 
102 -0.003590 
103 0.008164 
104 0.092839 
105 -0.151671 
106 0.170380 
107 -0.019706 
108 0.008505 
109 0.022801 
110 0.033784 
111 -0.051076 
112 -0.033808 
113 -0.012381 
114 -0.047177 
115 -0.035183 
116 -0.007419 
117 -0.054699 
118 -0.012073 
119 0.053929 
120 -0.019706 
121 -0.003357 
122 0.028774 
123 0.010566 
124 0.009511 
125 0.037932 
126 0.003533 
127 0.019498 
128 -0.020257 
129 -0.043046 
130 -0.036518 
131 -0.022740 
132 0.037161 
133 -0.062919 
134 0.039371 
135 -0.074227 
136 0.122380 
137 0.021132 
138 -0.001103 
139 0.087297 
140 0.018449 
141 -0.006201 
142 0.030234 
143 0.004536 
144 0.001013 
145 0.022505 
146 -0.005356 
147 -0.107524 
148 -0.071160 
149 0.062464 
150 -0.052192 
151 0.002551 
152 0.062322 
153 -0.057017 
154 0.011759 
155 0.086982 
156 -0.045758 
157 0.065139 
158 0.028334 
159 0.011284 
160 -0.075967 
161 -0.007526 
162 0.014608 
163 -0.114877 
164 0.101736 
165 -0.108105 
166 -0.044950 
167 0.023677 
168 -0.007506 
169 -0.030986 
170 0.073842 
171 0.020792 
172 0.009734 
173 -0.008985 
174 0.043546 
175 -0.024219 
176 -0.008569 
177 0.041139 
178 -0.110385 
179 -0.015305 
180 0.014185 
181 -0.084112 
182 0.071667 
183 -0.055056 
184 0.050781 
185 -0.057379 
186 0.072884 
187 -0.023791 
188 0.085115 
189 0.033165 
190 0.027055 
191 -0.068103 
192 0.105384 
193 -0.080427 
194 0.042859 
195 -0.022551 
196 -0.024069 
197 -0.057971 
198 -0.025396 
199 -0.017099 
200 -0.005065 
201 0.067690 
202 0.026049 
203 -0.039353 
204 0.003368 
205 0.072320 
206 -0.047133 
207 0.067904 
208 -0.020008 
209 -0.027488 
210 -0.000152 
211 -0.005724 
212 -0.060192 
213 0.019985 
214 0.013196 
215 -0.046588 
216 -0.020905 
217 -0.001850 
218 0.021205 
219 0.069339 
220 0.071671 
221 -0.058526 
222 0.025798 
223 0.012908 
224 0.000590 
225 -0.017184 
226 0.037255 
227 -0.099804 
228 0.080576 
229 -0.073803 
230 -0.040958 
231 0.022387 
232 0.049172 
233 -0.034011 
234 -0.004358 
235 0.074009 
236 -0.041648 
237 0.084585 
238 0.122724 
239 -0.110017 
240 0.050905 
241 0.039549 
242 -0.123956 
243 0.006685 
244 0.025858 
245 -0.027668 
246 -0.077210 
247 -0.013679 
248 -0.024229 
249 -0.077437 
250 0.143377 
251 -0.023002 
252 -0.051990 
253 0.083561 
254 -0.049441 
255 -0.024134 
256 0.087751 
257 0.001539 
258 -0.007462 
259 -0.071502 
260 0.008156 
261 -0.110525 
262 0.033920 
263 0.038794 
264 -0.047320 
265 0.045683 
266 0.066966 
267 -0.105315 
268 0.125522 
269 0.004700 
270 0.078370 
271 0.010706 
272 0.010848 
273 -0.071411 
274 0.058853 
275 0.013968 
276 -0.025599 
277 -0.072501 
278 0.014346 
279 -0.126703 
280 0.055963 
281 -0.000616 
282 -0.025800 
283 0.057365 
284 0.062911 
285 -0.042603 
286 -0.022485 
287 0.067719 
288 0.004361 
289 -0.006053 
290 0.001273 
291 -0.086018 
292 -0.060762 
293 0.070992 
294 -0.039572 
295 -0.041791 
296 -0.005247 
297 0.005660 
298 -0.046382 
299 0.099825 
300 -0.041550 
301 0.071745 
302 0.032387 
303 0.019526 
304 -0.053447 
305 0.025768 
306 0.043060 
307 -0.050837 
308 0.063296 
309 -0.088837 
310 -0.067481 
311 0.007780 
312 0.049324 
313 -0.048812 
314 0.103143 
315 -0.050199 
316 -0.020220 
317 0.036253 
318 0.028693 
319 0.037490 
320 0.000498 
321 0.068649 
322 -0.107950 
323 0.025117 
324 -0.037490 
325 -0.055621 
326 -0.001186 
327 0.024975 
328 -0.097157 
329 0.052222 
330 -0.057686 
331 0.072379 
332 0.042243 
333 0.027544 
334 -0.010802 
335 -0.019635 
336 0.071518 
337 -0.024674 
338 0.035576 
339 -0.000566 
340 -0.046176 
341 -0.012080 
342 0.006629 
343 -0.101256 
344 0.070525 
345 -0.007230 
346 -0.026906 
347 -0.000503 
348 0.023632 
349 0.029906 
350 0.014386 
351 0.056218 
352 -0.011610 
353 -0.045937 
354 0.073660 
355 -0.100952 
356 0.003417 
357 0.037149 
358 -0.061693 
359 -0.061233 
360 -0.009672 
361 0.001872 
362 -0.009418 
363 0.044283 
364 -0.022395 
365 -0.018046 
366 0.058608 
367 0.066067 
368 -0.020287 
369 0.077293 
370 0.021256 
371 -0.064630 
372 0.001711 
373 -0.057444 
374 0.009930 
375 0.016450 
376 0.008661 
377 -0.004361 
378 -0.099715 
379 0.065101 
380 -0.037249 
381 0.063924 
382 0.060939 
383 -0.026111 
384 0.002387 
385 0.054779 
386 -0.030947 
387 0.056897 
388 -0.027346 
389 0.021912 
390 -0.127697 
391 0.039823 
392 -0.071005 
393 -0.002585 
394 0.027410 
395 0.014529 
396 -0.066542 
397 0.062259 
398 -0.017497 
399 -0.003098 
400 0.070962 
401 0.047777 
402 -0.031520 
403 -0.000676 
404 -0.034874 
405 -0.003841 
406 -0.031717 
407 0.074897 
408 -0.142022 
409 0.032960 
410 -0.008675 
411 0.012280 
412 -0.024613 
413 0.078841 
414 0.007526 
415 0.017640 
416 0.076499 
417 -0.041382 
418 0.001475 
419 0.002657 
420 0.020035 
421 -0.086969 
422 -0.000754 
423 -0.007629 
424 -0.061599 
425 0.014239 
426 -0.022339 
427 -0.072362 
428 0.022983 
429 0.003188 
430 0.070951 
431 0.007456 
432 0.034313 
433 0.005658 
434 -0.033329 
435 0.043230 
436 -0.022033 
437 -0.009753 
438 0.000511 
439 -0.036805 
440 -0.015449 
441 -0.022960 
442 -0.031815 
443 0.055499 
444 -0.014251 
445 0.083024 
446 -0.031156 
447 -0.019728 
448 0.064206 
449 0.034162 
450 0.059710 
451 -0.039649 
452 -0.039481 
453 0.024784 
454 -0.067105 
455 0.052058 
456 -0.075377 
457 -0.030785 
458 0.039320 
459 -0.055238 
460 -0.002217 
461 -0.019257 
462 0.076303 
463 0.032051 
464 -0.033382 
465 0.055024 
466 -0.065590 
467 0.061691 
468 0.011904 
469 -0.004859 
470 -0.039467 
471 0.031483 
472 -0.088493 
473 0.029768 
474 -0.085641 
475 0.054747 
476 -0.037579 
477 0.045058 
478 0.003055 
479 0.026560 
480 0.072789 
481 0.001161 
482 0.008914 
483 0.016057 
484 -0.017090 
485 0.033970 
486 0.014717 
487 0.002021 
488 -0.065976 
489 0.005936 
490 -0.041424 
491 -0.021837 
492 0.005075 
493 0.031999 
494 -0.015681 
495 0.046336 
496 -0.017438 
497 -0.005303 
498 0.034170 
499 0.059461 
500 -0.040540 
501 0.024866 
502 -0.051484 
503 -0.063303 
504 0.026903 
505 -0.042116 
506 -0.022106 
507 -0.035584 
508 0.021413 
509 -0.064517 
510 0.037062 
511 0.052771 
512 -0.019298 
513 0.056125 
514 0.070935 
515 -0.066735 
516 0.035699 
517 0.026228 
518 -0.041337 
519 0.021986 
520 -0.031907 
521 -0.088701 
522 -0.048362 
523 0.068274 
524 -0.004415 
525 -0.053626 
526 0.092936 
527 -0.050194 
528 -0.000912 
529 0.126061 
530 -0.095011 
531 0.021366 
532 0.054969 
533 0.028268 
534 -0.129358 
535 0.062026 
536 -0.045744 
537 -0.044346 
538 0.003525 
539 0.014731 
540 -0.144476 
541 0.128334 
542 0.039733 
543 -0.039322 
544 0.052620 
545 0.045522 
546 -0.015884 
547 0.021019 
548 0.063217 
549 -0.053692 
550 0.005301 
551 0.045463 
552 -0.119353 
553 -0.032316 
554 0.050837 
555 -0.043653 
556 -0.034949 
557 0.057715 
558 -0.058909 
559 0.029591 
560 0.036760 
561 0.042382 
562 -0.033209 
563 0.099724 
564 -0.006636 
565 -0.074493 
566 0.032026 
567 0.010049 
568 -0.081874 
569 0.030769 
570 -0.027620 
571 -0.092269 
572 0.069571 
573 -0.011080 
574 -0.033457 
575 0.023506 
576 0.057174 
577 -0.021866 
578 0.004314 
579 0.159819 
580 -0.115838 
581 0.075196 
582 0.037201 
583 -0.063895 
584 -0.026857 
585 0.062151 
586 -0.073022 
587 -0.024357 
588 0.048705 
589 -0.032554 
590 -0.035574 
591 0.037981 
592 0.066752 
593 -0.086285 
594 0.110565 
595 -0.042214 
596 0.024453 
597 0.008814 
598 0.055369 
599 -0.067020 
600 -0.029533 
601 -0.037992 
602 -0.001495 
603 -0.081525 
604 0.047504 
605 -0.076526 
606 0.023083 
607 0.011049 
608 0.017087 
609 -0.025781 
610 0.036662 
611 0.073602 
612 -0.016108 
613 -0.010028 
614 -0.003358 
615 0.009102 
616 -0.011970 
617 0.039498 
618 -0.045374 
619 -0.029932 
620 0.013006 
621 -0.013638 
622 -0.056601 
623 0.074426 
624 0.011418 
625 0.008873 
626 0.043238 
627 -0.009430 
628 0.014630 
629 0.035527 
630 0.001835 
631 -0.070103 
632 0.055690 
633 -0.061215 
634 -0.040846 
635 0.001414 
636 -0.014532 
637 -0.078954 
638 0.068722 
639 -0.080557 
640 0.017659 
641 0.057539 
642 0.030758 
643 -0.018620 
644 -0.004324 
645 0.102035 
646 -0.088651 
647 0.073442 
648 -0.012852 
649 -0.091112 
650 0.049865 
651 -0.019950 
652 -0.057231 
653 0.008418 
654 0.030198 
655 0.027288 
656 -0.019507 
657 0.017621 
658 0.015799 
659 -0.002244 
660 0.132056 
661 -0.054164 
662 0.026933 
663 -0.004927 
664 0.001792 
665 -0.023084 
666 -0.027504 
667 -0.020037 
668 0.020515 
669 -0.095969 
670 0.038276 
671 -0.056679 
672 0.050780 
673 0.022591 
674 0.008563 
675 0.012236 
676 -0.010239 
677 0.019442 
678 -0.014602 
679 -0.019357 
680 0.070579 
681 -0.086931 
682 0.025466 
683 -0.087985 
684 0.009964 
685 -0.023999 
686 0.007068 
687 0.012358 
688 -0.011974 
689 0.033342 
690 0.039904 
691 -0.011507 
692 0.060119 
693 0.015784 
694 0.011778 
695 -0.016138 
696 0.058318 
697 -0.082059 
698 0.036261 
699 -0.059824 
700 -0.003473 
701 -0.040756 
702 0.033341 
703 -0.019083 
704 -0.013087 
705 0.031167 
706 -0.025437 
707 0.021908 
708 0.011121 
709 0.061870 
710 -0.032107 
711 0.053467 
712 -0.033051 
713 -0.083300 
714 0.008095 
715 -0.000792 
716 -0.007643 
717 -0.027379 
718 0.003074 
719 -0.037581 
720 0.006145 
721 0.082342 
722 -0.075420 
723 0.047564 
724 0.064539 
725 -0.023989 
726 0.015416 
727 -0.006186 
728 0.049234 
729 0.015450 
730 -0.033729 
731 -0.025403 
732 -0.082637 
733 0.033968 
734 0.003095 
735 0.025663 
736 -0.031971 
737 0.017342 
738 0.052576 
739 -0.072149 
740 0.063142 
741 0.053171 
742 -0.000464 
743 -0.011849 
744 0.090585 
745 -0.166685 
746 0.067083 
747 0.005308 
748 -0.039883 
749 -0.076523 
750 0.066348 
751 -0.055039 
752 -0.061726 
753 0.125641 
754 -0.027273 
755 -0.079735 
756 0.188182 
757 -0.057545 
758 -0.037458 
759 0.093790 
760 0.046830 
761 -0.149969 
762 0.086043 
763 -0.033194 
764 -0.130163 
765 0.066622 
766 0.062513 
767 -0.184056 
768 0.075377 
769 0.043500 
770 -0.150946 
771 0.109550 
772 0.114099 
773 -0.114784 
774 0.088119 
775 0.085207 
776 -0.110085 
777 -0.008943 
778 0.122164 
779 -0.151608 
780 -0.018641 
781 0.113078 
782 -0.128533 
783 -0.083056 
784 0.222127 
785 -0.148505 
786 -0.036011 
787 0.125845 
788 -0.029264 
789 -0.043380 
790 0.172847 
791 0.008744 
792 -0.137895 
793 0.136530 
794 0.000186 
795 -0.150440 
796 0.065764 
797 0.055821 
798 -0.151641 
799 0.077927 
800 0.044537 
801 -0.170183 
802 0.072671 
803 0.113509 
804 -0.059818 
805 -0.076012 
806 0.157037 
807 -0.135876 
808 0.019560 
809 0.111480 
810 -0.111494 
811 -0.070267 
812 0.127711 
813 -0.080952 
814 -0.083198 
815 0.076868 
816 -0.025653 
817 -0.062515 
818 0.044551 
819 0.014165 
820 -0.066058 
821 0.133727 
822 0.037133 
823 -0.058182 
824 0.043384 
825 0.019070 
826 -0.030511 
827 0.008174 
828 0.042523 
829 -0.051125 
830 0.022670 
831 -0.023281 
832 -0.011769 
833 -0.051440 
834 0.096506 
835 -0.019805 
836 0.006071 
837 0.055105 
838 -0.006833 
839 0.001926 
840 0.068910 
841 -0.043989 
842 -0.031489 
843 -0.005570 
844 -0.016187 
845 -0.016394 
846 -0.025790 
847 -0.002328 
848 -0.012035 
849 -0.064987 
850 0.053326 
851 -0.065736 
852 0.056598 
853 0.038586 
854 0.042913 
855 -0.042540 
856 0.010333 
857 0.013047 
858 -0.076984 
859 0.076747 
860 -0.004252 
861 -0.080215 
862 0.016522 
863 0.021832 
864 -0.116706 
865 0.092047 
866 0.010918 
867 -0.006868 
868 0.052761 
869 0.075893 
870 -0.033474 
871 -0.036486 
872 0.115094 
873 -0.094380 
874 -0.026994 
875 0.098786 
876 -0.107051 
877 0.054676 
878 -0.003734 
879 -0.047268 
880 -0.081649 
881 0.068797 
882 0.037341 
883 -0.062495 
884 0.068759 
885 0.002569 
886 -0.069361 
887 0.110921 
888 -0.039452 
889 -0.058224 
890 0.104150 
891 -0.067600 
892 -0.044234 
893 0.021755 
894 0.041398 
895 -0.107930 
896 0.057864 
897 -0.038626 
898 -0.110627 
899 0.110922 
900 0.049321 
901 -0.029785 
902 0.040537 
903 0.081938 
904 -0.153862 
905 0.129907 
906 -0.059151 
907 0.008770 
908 -0.020802 
909 0.113134 
910 -0.175446 
911 0.015054 
912 -0.047538 
913 -0.023454 
914 -0.042318 
915 0.059745 
916 -0.031158 
917 -0.001273 
918 0.084483 
919 -0.082306 
920 -0.003272 
921 0.075260 
922 -0.045499 
923 0.040140 
924 0.069423 
925 -0.097751 
926 0.062888 
927 -0.015007 
928 -0.144296 
929 0.036123 
930 0.064858 
931 0.002711 
932 0.046728 
933 0.140219 
934 -0.106568 
935 -0.031802 
936 0.095803 
937 -0.067642 
938 0.085288 
939 0.155380 
940 -0.091655 
941 -0.078263 
942 -0.006126 
943 -0.006940 
944 -0.098792 
945 0.155665 
946 -0.018135 
947 -0.141870 
948 0.037415 
949 0.015626 
950 -0.038360 
951 0.134694 
952 0.007294 
953 -0.175511 
954 0.025191 
955 0.048305 
956 -0.002066 
957 -0.025088 
958 0.088619 
959 -0.156923 
960 -0.036536 
961 0.022486 
962 -0.067087 
963 0.128184 
964 0.076675 
965 -0.013553 
966 -0.023990 
967 0.022696 
968 -0.022919 
969 0.095846 
970 -0.011156 
971 0.094533 
972 -0.048842 
973 0.016516 
974 -0.046308 
975 -0.002430 
976 0.014670 
977 -0.005313 
978 0.037044 
979 0.000025 
980 -0.036950 
981 0.021817 
982 0.020820 
983 -0.075905 
984 0.026391 
985 0.003181 
986 -0.037811 
987 0.110756 
988 -0.037318 
989 -0.106668 
990 -0.006422 
991 0.076241 
992 -0.149941 
993 0.067214 
994 0.100276 
995 -0.040413 
996 -0.049926 
997 -0.059453 
998 -0.153112 
999 0.079312 
1000 0.083257 
1001 -0.105808 
1002 -0.171567 
1003 0.137759 
1004 -0.026704 
1005 0.030479 
1006 0.111263 
1007 -0.041263 
1008 0.058984 
1009 0.130206 
1010 -0.066130 
1011 -0.090612 
1012 0.135270 
1013 0.169256 
1014 -0.167856 
1015 -0.105215 
1016 -0.008139 
1017 -0.055527 
1018 0.159661 
1019 0.275053 
1020 -0.139956 
1021 0.041330 
1022 -0.108024 
1023 -0.330494 
