0 0.345560 
1 0.658648 
2 0.154886 
3 -0.178385 
4 -0.028017 
5 0.040754 
6 0.022121 
7 -0.112531 
8 0.132645 
9 0.009024 
10 -0.099809 
11 0.153061 
12 -0.035341 
13 -0.027770 
14 0.081577 
15 0.062494 
16 -0.097921 
17 0.096884 
18 0.004884 
19 -0.080517 
20 0.088799 
21 0.007367 
22 -0.018380 
23 0.065704 
24 -0.009426 
25 0.003807 
26 0.016588 
27 0.026282 
28 0.043827 
29 -0.031294 
30 0.077143 
31 -0.031269 
32 -0.032314 
33 0.064070 
34 -0.040796 
35 0.030980 
36 -0.063345 
37 0.004734 
38 -0.030201 
39 -0.045551 
40 0.009709 
41 -0.018515 
42 -0.111298 
43 0.127947 
44 -0.148350 
45 -0.006120 
46 0.026957 
47 -0.015799 
48 0.003258 
49 -0.013206 
50 0.094722 
51 -0.170521 
52 0.087317 
53 0.042052 
54 -0.092454 
55 0.054590 
56 0.036033 
57 -0.072734 
58 -0.004745 
59 0.031442 
60 -0.012517 
61 -0.067745 
62 0.190509 
63 -0.109276 
64 -0.001106 
65 0.084779 
66 -0.027957 
67 -0.060652 
68 0.200841 
69 -0.072012 
70 -0.010552 
71 0.070341 
72 -0.031650 
73 -0.044963 
74 0.091456 
75 -0.005958 
76 -0.041920 
77 0.008944 
78 0.035793 
79 -0.122171 
80 0.015984 
81 0.046956 
82 -0.075757 
83 0.043715 
84 -0.026055 
85 -0.002768 
86 -0.057346 
87 -0.032237 
88 0.077562 
89 -0.152867 
90 0.105029 
91 0.002996 
92 -0.140284 
93 0.061190 
94 -0.053239 
95 -0.008137 
96 -0.013401 
97 0.135048 
98 -0.061325 
99 -0.052541 
100 0.132278 
101 -0.107069 
102 0.076144 
103 0.045618 
104 0.027691 
105 -0.075931 
106 0.064641 
107 -0.039317 
108 -0.038559 
109 0.058989 
110 0.023898 
111 -0.042668 
112 0.024151 
113 0.018723 
114 -0.081513 
115 0.076032 
116 0.001029 
117 0.040528 
118 0.055924 
119 -0.019048 
120 -0.012536 
121 0.009561 
122 -0.027882 
123 0.079454 
124 -0.066290 
125 0.094753 
126 -0.118895 
127 0.045667 
128 -0.065460 
129 -0.004345 
130 -0.011942 
131 0.042180 
132 -0.055698 
133 0.002544 
134 -0.026393 
135 -0.021289 
136 0.010558 
137 0.037627 
138 -0.009929 
139 -0.031772 
140 0.088245 
141 -0.109597 
142 0.026508 
143 0.049631 
144 -0.048926 
145 0.042761 
146 0.007594 
147 -0.048993 
148 0.058395 
149 -0.060583 
150 0.058668 
151 -0.017243 
152 0.020297 
153 0.012650 
154 -0.046707 
155 0.042101 
156 0.027536 
157 -0.094404 
158 0.135537 
159 -0.094533 
160 0.034734 
161 0.005673 
162 0.005714 
163 -0.064480 
164 0.068833 
165 0.034247 
166 -0.124643 
167 0.150802 
168 -0.044720 
169 -0.093541 
170 0.119512 
171 -0.048491 
172 -0.034193 
173 0.040327 
174 0.025910 
175 -0.127982 
176 0.063317 
177 0.008843 
178 -0.105790 
179 0.053489 
180 0.035448 
181 -0.103319 
182 0.025235 
183 0.058845 
184 -0.101717 
185 0.071489 
186 0.027880 
187 -0.020501 
188 -0.029616 
189 0.054795 
190 -0.000315 
191 -0.022543 
192 0.085984 
193 0.019152 
194 -0.052998 
195 0.064919 
196 -0.044692 
197 -0.013464 
198 0.012953 
199 0.047327 
200 -0.034923 
201 -0.039241 
202 -0.007536 
203 0.018072 
204 -0.123564 
205 0.157965 
206 -0.063973 
207 -0.001917 
208 0.056755 
209 -0.051400 
210 0.020473 
211 0.000831 
212 0.115651 
213 -0.117382 
214 0.089816 
215 0.016774 
216 -0.152377 
217 0.083954 
218 -0.010405 
219 -0.016433 
220 0.002003 
221 0.030697 
222 -0.096499 
223 -0.038083 
224 0.082049 
225 -0.073800 
226 -0.003468 
227 0.101502 
228 -0.088743 
229 -0.066420 
230 0.159830 
231 -0.128493 
232 0.041154 
233 0.102089 
234 -0.077105 
235 0.003118 
236 0.051367 
237 -0.023523 
238 0.011546 
239 0.038107 
240 0.023752 
241 -0.028958 
242 0.003046 
243 0.050480 
244 -0.076121 
245 0.026482 
246 0.019165 
247 -0.006064 
248 -0.008753 
249 -0.015631 
250 0.019067 
251 -0.113393 
252 0.055479 
253 0.007791 
254 -0.048669 
255 0.017858 
256 0.032141 
257 -0.061955 
258 -0.009277 
259 0.072970 
260 -0.041536 
261 0.001353 
262 0.084894 
263 -0.053447 
264 -0.033037 
265 0.051635 
266 0.014797 
267 -0.070721 
268 0.095265 
269 -0.046138 
270 0.005140 
271 -0.073677 
272 0.103573 
273 -0.073124 
274 -0.034115 
275 0.156984 
276 -0.154925 
277 0.051065 
278 0.047555 
279 -0.038061 
280 -0.018017 
281 0.093268 
282 0.030273 
283 -0.097252 
284 0.079012 
285 0.044894 
286 -0.140285 
287 0.144640 
288 0.018777 
289 -0.095697 
290 0.052765 
291 0.042368 
292 -0.136316 
293 0.052488 
294 0.079108 
295 -0.080404 
296 -0.049402 
297 0.138840 
298 -0.189422 
299 0.008807 
300 0.108860 
301 -0.063270 
302 -0.055538 
303 0.094936 
304 -0.045723 
305 -0.105970 
306 0.118355 
307 -0.011208 
308 -0.082412 
309 0.039662 
310 0.092180 
311 -0.177713 
312 0.058255 
313 0.106917 
314 -0.184781 
315 0.159125 
316 0.009581 
317 -0.050721 
318 -0.013402 
319 0.056557 
320 0.038339 
321 -0.112061 
322 0.222035 
323 -0.109628 
324 -0.011600 
325 0.069940 
326 -0.048668 
327 -0.002192 
328 0.002943 
329 0.114089 
330 -0.130622 
331 0.024596 
332 0.089428 
333 -0.125916 
334 0.023500 
335 0.119761 
336 -0.084563 
337 -0.032896 
338 0.108074 
339 -0.121316 
340 -0.003186 
341 0.025583 
342 0.016728 
343 -0.142915 
344 0.120867 
345 -0.017956 
346 -0.120774 
347 0.054647 
348 0.028916 
349 -0.090687 
350 0.052232 
351 0.030313 
352 -0.040315 
353 -0.060699 
354 0.112025 
355 -0.071152 
356 -0.046667 
357 0.127481 
358 -0.071844 
359 -0.076383 
360 0.103948 
361 -0.083588 
362 -0.011128 
363 0.070039 
364 -0.003682 
365 -0.032342 
366 -0.032230 
367 0.137622 
368 -0.135801 
369 0.139239 
370 0.046710 
371 -0.027595 
372 0.019795 
373 0.055790 
374 -0.033962 
375 -0.018312 
376 0.065012 
377 -0.022446 
378 -0.054661 
379 0.045639 
380 -0.026322 
381 -0.065455 
382 -0.014027 
383 0.094851 
384 -0.125752 
385 0.075917 
386 -0.014751 
387 0.009356 
388 -0.086468 
389 0.149769 
390 -0.047210 
391 -0.095392 
392 0.185347 
393 -0.140533 
394 -0.004997 
395 0.067150 
396 -0.039650 
397 -0.036362 
398 0.051658 
399 0.006463 
400 -0.067667 
401 0.019808 
402 0.052336 
403 -0.086237 
404 0.066729 
405 0.020650 
406 -0.051853 
407 0.015020 
408 0.038334 
409 -0.035576 
410 -0.004892 
411 0.038243 
412 0.053979 
413 -0.130383 
414 0.141048 
415 -0.019410 
416 -0.053853 
417 0.076784 
418 0.056982 
419 -0.107065 
420 0.075040 
421 0.060308 
422 -0.129037 
423 0.074316 
424 0.034492 
425 -0.075478 
426 -0.013891 
427 0.072909 
428 -0.098193 
429 -0.055607 
430 0.116374 
431 -0.155506 
432 0.039054 
433 -0.014216 
434 -0.004485 
435 -0.074277 
436 0.021705 
437 0.092943 
438 -0.164209 
439 0.145640 
440 -0.024679 
441 -0.077354 
442 0.099358 
443 -0.000390 
444 -0.032225 
445 0.016161 
446 0.046517 
447 -0.071888 
448 -0.006448 
449 0.042006 
450 -0.032587 
451 -0.013496 
452 0.062418 
453 -0.065595 
454 -0.005963 
455 0.040077 
456 -0.030827 
457 0.058141 
458 -0.015537 
459 0.059975 
460 -0.030751 
461 0.016738 
462 0.036420 
463 0.011097 
464 -0.017413 
465 0.076061 
466 -0.047279 
467 0.008811 
468 -0.027879 
469 0.013222 
470 -0.037462 
471 0.010791 
472 0.024037 
473 -0.050870 
474 -0.000711 
475 0.021824 
476 -0.096304 
477 0.083039 
478 -0.058035 
479 0.060670 
480 -0.073541 
481 0.050333 
482 -0.068496 
483 -0.012871 
484 0.043494 
485 -0.030160 
486 0.031101 
487 -0.007939 
488 -0.024227 
489 -0.010225 
490 0.027122 
491 0.014333 
492 0.059543 
493 -0.013124 
494 0.042981 
495 -0.018207 
496 -0.026905 
497 0.056675 
498 0.009231 
499 -0.036013 
500 0.096047 
501 -0.102988 
502 0.030156 
503 -0.066612 
504 0.055675 
505 -0.031099 
506 0.046926 
507 -0.016776 
508 0.024713 
509 -0.004704 
510 -0.002657 
511 0.021844 
512 0.014620 
513 -0.000483 
514 0.072585 
515 -0.079675 
516 -0.057408 
517 0.077639 
518 -0.159113 
519 0.073094 
520 -0.028630 
521 -0.036174 
522 -0.029948 
523 -0.045472 
524 0.022364 
525 -0.073437 
526 0.117879 
527 -0.022386 
528 -0.024878 
529 0.065894 
530 -0.050152 
531 0.022402 
532 -0.003716 
533 0.098142 
534 -0.107803 
535 0.081769 
536 -0.047260 
537 -0.024420 
538 -0.020248 
539 0.058165 
540 0.000275 
541 -0.041310 
542 0.120561 
543 -0.072914 
544 -0.002797 
545 0.071137 
546 -0.027900 
547 0.045823 
548 0.011789 
549 0.082582 
550 -0.156656 
551 0.079971 
552 -0.021526 
553 -0.065260 
554 0.076905 
555 -0.016036 
556 -0.044284 
557 0.000946 
558 -0.018958 
559 -0.022371 
560 -0.003311 
561 0.045282 
562 -0.011868 
563 0.001578 
564 -0.016819 
565 -0.010220 
566 -0.063487 
567 0.085597 
568 -0.069631 
569 0.052918 
570 -0.104007 
571 0.054906 
572 -0.030597 
573 -0.059077 
574 0.125413 
575 -0.054001 
576 0.039966 
577 0.037932 
578 0.022564 
579 -0.076540 
580 0.142726 
581 -0.015150 
582 0.003454 
583 0.048691 
584 0.030751 
585 -0.092638 
586 -0.004432 
587 0.080434 
588 -0.095183 
589 0.027167 
590 0.067337 
591 -0.100587 
592 0.004107 
593 0.052238 
594 0.013688 
595 -0.106426 
596 0.183543 
597 -0.097612 
598 -0.053068 
599 0.115202 
600 -0.037790 
601 -0.054862 
602 0.073287 
603 0.006097 
604 -0.165593 
605 0.089340 
606 0.008371 
607 -0.116731 
608 0.028908 
609 0.007715 
610 -0.083733 
611 -0.003729 
612 0.076824 
613 -0.093922 
614 0.017276 
615 0.092744 
616 -0.058632 
617 0.028984 
618 0.017438 
619 0.077245 
620 -0.125711 
621 0.111161 
622 0.011630 
623 -0.083554 
624 0.036926 
625 0.068684 
626 -0.110377 
627 0.086379 
628 0.024446 
629 -0.037764 
630 -0.045460 
631 0.120585 
632 -0.072703 
633 -0.056098 
634 0.134518 
635 -0.063241 
636 -0.062572 
637 0.099464 
638 -0.065924 
639 -0.041574 
640 -0.007877 
641 0.095311 
642 -0.181086 
643 0.123255 
644 -0.011846 
645 -0.111655 
646 0.084203 
647 -0.024956 
648 0.023313 
649 -0.064748 
650 0.136796 
651 -0.074094 
652 -0.030849 
653 0.067083 
654 -0.001905 
655 -0.055776 
656 0.051899 
657 0.049843 
658 -0.164615 
659 0.081823 
660 0.023926 
661 -0.132432 
662 0.108643 
663 0.056947 
664 -0.042639 
665 0.016884 
666 0.116626 
667 -0.099487 
668 0.042945 
669 0.170417 
670 -0.054679 
671 0.017173 
672 0.070086 
673 -0.062318 
674 -0.050103 
675 0.040466 
676 0.035402 
677 -0.122081 
678 0.052459 
679 -0.029358 
680 -0.112983 
681 0.029814 
682 0.050476 
683 -0.069042 
684 0.021789 
685 0.075180 
686 -0.082741 
687 -0.044742 
688 0.106855 
689 -0.036704 
690 -0.031847 
691 0.102210 
692 -0.084886 
693 -0.072112 
694 0.066248 
695 -0.070070 
696 -0.006636 
697 0.006019 
698 0.018844 
699 -0.049178 
700 -0.033394 
701 0.076205 
702 -0.047633 
703 -0.007749 
704 0.120330 
705 -0.030756 
706 -0.038291 
707 0.094823 
708 -0.041743 
709 -0.008994 
710 0.018072 
711 0.067676 
712 -0.137086 
713 0.092456 
714 0.032429 
715 -0.091503 
716 0.035328 
717 0.109778 
718 -0.095035 
719 0.067127 
720 0.071264 
721 -0.035923 
722 -0.057980 
723 0.141269 
724 -0.082233 
725 -0.036890 
726 0.062474 
727 -0.037698 
728 -0.106093 
729 0.032136 
730 -0.017089 
731 -0.135361 
732 0.093321 
733 -0.008073 
734 -0.073910 
735 0.005954 
736 0.076787 
737 -0.073729 
738 -0.002407 
739 0.210874 
740 -0.140505 
741 0.017354 
742 0.078197 
743 -0.134436 
744 0.049477 
745 0.004450 
746 0.025462 
747 -0.128910 
748 0.118918 
749 -0.105580 
750 -0.063833 
751 0.124656 
752 -0.012025 
753 0.046092 
754 0.024945 
755 -0.001571 
756 0.014276 
757 0.022697 
758 0.094789 
759 -0.042221 
760 0.052734 
761 -0.028947 
762 0.017224 
763 -0.067204 
764 0.034826 
765 0.023838 
766 -0.071922 
767 0.032196 
768 -0.002051 
769 -0.064091 
770 0.022246 
771 0.060293 
772 -0.063770 
773 0.059777 
774 0.006356 
775 -0.049685 
776 -0.002445 
777 0.025504 
778 -0.042539 
779 0.027698 
780 -0.007396 
781 -0.042246 
782 -0.020516 
783 -0.018798 
784 0.015998 
785 -0.036078 
786 0.029194 
787 0.036800 
788 -0.024361 
789 -0.001708 
790 0.033735 
791 0.005936 
792 -0.030944 
793 0.077193 
794 -0.017684 
795 -0.059925 
796 0.066999 
797 -0.024698 
798 -0.063972 
799 0.082101 
800 0.000104 
801 -0.034124 
802 0.075930 
803 0.005651 
804 -0.081668 
805 0.114468 
806 -0.035873 
807 0.011324 
808 0.031343 
809 0.031010 
810 -0.072908 
811 0.056848 
812 -0.065301 
813 -0.040766 
814 0.057611 
815 -0.046855 
816 -0.046234 
817 0.015072 
818 -0.105092 
819 0.005871 
820 0.003866 
821 -0.016222 
822 0.019115 
823 0.008168 
824 -0.066721 
825 0.020006 
826 0.030337 
827 0.018703 
828 0.026259 
829 0.069687 
830 -0.046409 
831 0.017709 
832 0.018049 
833 0.000922 
834 -0.008490 
835 0.041297 
836 -0.004481 
837 -0.068082 
838 0.066537 
839 -0.058884 
840 0.008594 
841 0.013912 
842 0.050759 
843 -0.060597 
844 0.060244 
845 0.036588 
846 -0.023491 
847 0.089982 
848 0.040715 
849 -0.021476 
850 0.025948 
851 -0.035984 
852 0.017677 
853 -0.079613 
854 0.090771 
855 -0.117009 
856 0.035090 
857 -0.079489 
858 -0.001864 
859 0.018391 
860 -0.075518 
861 0.145325 
862 -0.131844 
863 0.046079 
864 0.030060 
865 -0.042717 
866 -0.019663 
867 0.036395 
868 -0.054007 
869 -0.030407 
870 -0.018438 
871 0.061120 
872 -0.108030 
873 0.155294 
874 0.001729 
875 -0.029370 
876 -0.000338 
877 0.095074 
878 -0.066039 
879 0.052032 
880 0.120102 
881 -0.056564 
882 -0.019555 
883 0.060754 
884 -0.041963 
885 -0.059748 
886 0.079146 
887 0.055116 
888 -0.222293 
889 0.207599 
890 -0.081135 
891 -0.056645 
892 0.102776 
893 0.017339 
894 -0.087896 
895 0.050945 
896 0.073522 
897 -0.146390 
898 0.030808 
899 0.103456 
900 -0.197003 
901 0.083824 
902 0.012870 
903 -0.102849 
904 -0.109793 
905 0.068199 
906 -0.151566 
907 -0.023494 
908 0.149847 
909 -0.123322 
910 -0.044771 
911 0.038131 
912 -0.019225 
913 -0.080886 
914 0.079386 
915 0.047436 
916 -0.026138 
917 0.073081 
918 -0.003058 
919 -0.015151 
920 -0.108317 
921 0.193403 
922 -0.005816 
923 -0.049236 
924 0.169688 
925 -0.108287 
926 -0.068822 
927 0.091339 
928 0.059267 
929 -0.099492 
930 0.222922 
931 -0.020964 
932 -0.108245 
933 0.040181 
934 0.090847 
935 -0.089523 
936 0.138515 
937 0.045988 
938 -0.051135 
939 -0.097678 
940 0.087232 
941 -0.065488 
942 -0.027766 
943 0.146071 
944 -0.075338 
945 -0.092349 
946 0.095756 
947 -0.037491 
948 -0.108772 
949 0.088354 
950 0.141219 
951 -0.205619 
952 0.014280 
953 0.071305 
954 -0.283564 
955 0.196807 
956 0.094283 
957 -0.134251 
958 -0.153204 
959 0.214414 
960 -0.206658 
961 0.017356 
962 0.227043 
963 -0.042276 
964 -0.086219 
965 0.302587 
966 -0.128407 
967 -0.090248 
968 0.090254 
969 0.076402 
970 -0.152198 
971 0.190220 
972 0.028222 
973 -0.175970 
974 0.021430 
975 0.121083 
976 -0.172855 
977 0.056736 
978 0.153235 
979 -0.109214 
980 -0.009875 
981 0.024136 
982 -0.032562 
983 -0.119639 
984 0.169007 
985 0.011361 
986 -0.115900 
987 0.053422 
988 -0.043061 
989 -0.233975 
990 0.104517 
991 0.076946 
992 -0.065738 
993 0.019506 
994 0.107691 
995 -0.216740 
996 -0.073845 
997 0.166936 
998 -0.081783 
999 -0.055881 
1000 0.235279 
1001 -0.270524 
1002 -0.205505 
1003 0.084373 
1004 0.106489 
1005 -0.031302 
1006 0.150538 
1007 0.144288 
1008 -0.350962 
1009 0.255752 
1010 0.134046 
1011 -0.196795 
1012 0.144946 
1013 0.343043 
1014 -0.261041 
1015 -0.271518 
1016 0.272827 
1017 -0.159319 
1018 0.052627 
1019 0.510148 
1020 -0.147898 
1021 -0.318112 
1022 0.159671 
1023 -0.221254 
