0 0.738405 
1 -0.177813 
2 -0.163939 
3 0.089176 
4 -0.046620 
5 0.020833 
6 0.077708 
7 0.009127 
8 -0.033305 
9 -0.040587 
10 0.031576 
11 -0.077863 
12 0.108427 
13 -0.065656 
14 0.083947 
15 0.057425 
16 -0.144251 
17 0.013728 
18 0.086121 
19 -0.012789 
20 0.008527 
21 0.067569 
22 -0.001466 
23 -0.017449 
24 -0.075476 
25 0.089368 
26 -0.028910 
27 0.108698 
28 -0.018539 
29 0.023868 
30 -0.127637 
31 0.044737 
32 -0.010618 
33 0.115056 
34 0.003376 
35 -0.111932 
36 0.042574 
37 0.080976 
38 -0.103732 
39 -0.046213 
40 0.123186 
41 0.056785 
42 -0.091891 
43 0.035009 
44 -0.099774 
45 0.097632 
46 -0.044959 
47 0.102030 
48 -0.057158 
49 -0.009253 
50 -0.023177 
51 0.000947 
52 -0.019739 
53 0.032409 
54 0.015309 
55 -0.009734 
56 -0.039370 
57 0.041096 
58 -0.144880 
59 0.142703 
60 -0.011997 
61 -0.055938 
62 0.062149 
63 -0.036107 
64 0.005290 
65 -0.028721 
66 -0.020761 
67 0.061545 
68 0.034442 
69 -0.011685 
70 -0.055854 
71 -0.034644 
72 0.055021 
73 -0.062501 
74 0.137094 
75 -0.044738 
76 -0.033245 
77 -0.063959 
78 0.023280 
79 0.045077 
80 -0.083797 
81 0.075774 
82 0.017655 
83 -0.084174 
84 -0.005550 
85 0.008487 
86 0.023937 
87 0.005208 
88 -0.009253 
89 0.003660 
90 0.044577 
91 -0.082024 
92 0.020157 
93 0.014734 
94 0.040469 
95 -0.037757 
96 -0.027061 
97 0.124780 
98 -0.098563 
99 -0.080697 
100 0.102308 
101 0.043605 
102 -0.027736 
103 -0.109884 
104 0.094738 
105 0.000792 
106 -0.103514 
107 0.164556 
108 -0.173146 
109 0.111173 
110 0.015664 
111 -0.101120 
112 0.013017 
113 0.081228 
114 -0.051620 
115 -0.011075 
116 0.038698 
117 -0.048726 
118 -0.008153 
119 0.010895 
120 0.028839 
121 -0.042387 
122 -0.001676 
123 0.034446 
124 -0.068402 
125 0.023724 
126 0.024449 
127 -0.039303 
128 -0.025043 
129 0.123439 
130 -0.094477 
131 0.035829 
132 0.011663 
133 0.019004 
134 -0.014041 
135 0.052093 
136 -0.039481 
137 0.022997 
138 0.019265 
139 0.067635 
140 -0.083859 
141 0.028611 
142 -0.066183 
143 0.159643 
144 -0.067355 
145 -0.037166 
146 0.013484 
147 0.020910 
148 0.057006 
149 -0.080115 
150 -0.003711 
151 0.060787 
152 -0.029326 
153 -0.050120 
154 0.086263 
155 -0.091694 
156 0.065463 
157 -0.025861 
158 0.033403 
159 -0.083766 
160 0.087603 
161 -0.039163 
162 0.036928 
163 -0.083928 
164 0.058560 
165 0.016940 
166 0.035224 
167 -0.076949 
168 0.025547 
169 -0.023591 
170 0.017912 
171 -0.009772 
172 -0.007955 
173 0.007752 
174 -0.031256 
175 -0.050421 
176 0.082156 
177 -0.015577 
178 -0.065336 
179 -0.016348 
180 0.117615 
181 -0.084415 
182 -0.017197 
183 0.053054 
184 -0.055681 
185 0.011703 
186 0.019647 
187 -0.024478 
188 -0.003482 
189 0.012055 
190 -0.033617 
191 -0.021354 
192 0.063970 
193 -0.044471 
194 -0.011733 
195 0.006291 
196 0.017242 
197 -0.065942 
198 0.037660 
199 0.009915 
200 -0.058893 
201 0.075243 
202 -0.085018 
203 0.074978 
204 -0.039860 
205 0.009282 
206 -0.074241 
207 0.117027 
208 -0.011599 
209 -0.067721 
210 -0.011527 
211 0.077843 
212 -0.046616 
213 -0.001003 
214 0.002091 
215 0.025672 
216 0.025679 
217 -0.096081 
218 0.093410 
219 0.010007 
220 -0.060272 
221 0.029646 
222 0.032229 
223 0.036606 
224 -0.028859 
225 0.003029 
226 0.009552 
227 0.033219 
228 0.023221 
229 -0.045695 
230 0.078063 
231 -0.026393 
232 -0.069549 
233 0.058506 
234 0.029805 
235 -0.040892 
236 0.025693 
237 -0.049435 
238 0.045710 
239 -0.061808 
240 0.038841 
241 -0.039653 
242 0.036141 
243 -0.024114 
244 -0.027063 
245 -0.032023 
246 0.098984 
247 -0.100108 
248 0.014327 
249 0.008995 
250 0.033316 
251 -0.038373 
252 0.003312 
253 -0.013950 
254 0.032813 
255 -0.037794 
256 -0.026196 
257 0.053283 
258 0.018269 
259 -0.127657 
260 0.081114 
261 -0.057671 
262 0.043099 
263 -0.001744 
264 -0.029253 
265 -0.023328 
266 0.010306 
267 -0.012225 
268 0.048802 
269 -0.040663 
270 0.025799 
271 -0.064823 
272 0.067633 
273 -0.005734 
274 -0.039102 
275 0.016055 
276 0.009998 
277 0.025758 
278 -0.053962 
279 0.005713 
280 0.015028 
281 0.013296 
282 -0.070996 
283 0.072814 
284 -0.070455 
285 0.081464 
286 -0.070704 
287 0.024815 
288 -0.071482 
289 0.077410 
290 -0.033862 
291 0.015203 
292 -0.012842 
293 0.013402 
294 -0.027651 
295 0.074516 
296 -0.085772 
297 0.079530 
298 -0.002516 
299 -0.025924 
300 0.018564 
301 -0.024506 
302 0.062186 
303 -0.077748 
304 0.055016 
305 0.048259 
306 -0.084560 
307 -0.029153 
308 0.068606 
309 0.006228 
310 -0.008504 
311 -0.001590 
312 -0.042071 
313 0.054119 
314 0.002610 
315 -0.028051 
316 -0.017960 
317 0.060731 
318 -0.053744 
319 0.040955 
320 0.008079 
321 -0.018440 
322 0.001929 
323 -0.067786 
324 0.086699 
325 -0.006470 
326 -0.049287 
327 0.019936 
328 -0.029101 
329 0.004542 
330 0.026405 
331 -0.109126 
332 0.119932 
333 -0.023233 
334 -0.054144 
335 -0.075626 
336 0.143218 
337 -0.028909 
338 -0.067396 
339 -0.029467 
340 0.115612 
341 -0.067171 
342 0.013927 
343 -0.049577 
344 0.076023 
345 -0.032946 
346 -0.048038 
347 0.015946 
348 0.033021 
349 0.018674 
350 -0.099038 
351 0.048825 
352 0.051811 
353 -0.047118 
354 -0.041753 
355 0.073330 
356 0.042013 
357 -0.073413 
358 0.000978 
359 0.047424 
360 -0.004314 
361 -0.008340 
362 0.009890 
363 -0.021339 
364 0.013325 
365 0.045490 
366 -0.072733 
367 0.061719 
368 -0.051404 
369 0.027120 
370 -0.034697 
371 0.080676 
372 -0.042894 
373 -0.090598 
374 0.074177 
375 0.050979 
376 -0.101251 
377 0.035438 
378 0.020734 
379 0.015498 
380 -0.064117 
381 0.019139 
382 -0.003037 
383 0.063507 
384 -0.037595 
385 -0.026711 
386 -0.008902 
387 0.079895 
388 -0.098696 
389 0.043969 
390 0.017284 
391 0.009539 
392 -0.075174 
393 0.015659 
394 -0.017608 
395 0.012541 
396 0.014996 
397 -0.034098 
398 -0.020986 
399 0.003882 
400 -0.011120 
401 0.020095 
402 0.004902 
403 -0.008544 
404 0.005720 
405 -0.042425 
406 0.090183 
407 -0.053950 
408 -0.010019 
409 0.018747 
410 0.022237 
411 0.004338 
412 -0.007748 
413 0.008594 
414 -0.032672 
415 -0.002782 
416 0.086760 
417 -0.095916 
418 0.066880 
419 -0.010550 
420 -0.022927 
421 -0.047786 
422 0.078888 
423 0.017025 
424 -0.000834 
425 -0.047904 
426 0.031413 
427 -0.023957 
428 0.012535 
429 0.011335 
430 -0.013162 
431 0.043729 
432 -0.036794 
433 -0.071243 
434 0.111334 
435 -0.032183 
436 -0.065156 
437 0.020016 
438 0.103295 
439 -0.070202 
440 -0.085174 
441 0.079704 
442 -0.023869 
443 0.053599 
444 -0.077402 
445 -0.017354 
446 0.075495 
447 -0.016161 
448 -0.023240 
449 -0.046354 
450 0.077293 
451 0.001152 
452 -0.043672 
453 0.060158 
454 -0.012533 
455 -0.036210 
456 -0.009542 
457 0.060043 
458 0.012464 
459 -0.000980 
460 -0.076457 
461 0.068581 
462 -0.023979 
463 0.033358 
464 -0.098015 
465 0.127023 
466 -0.026600 
467 -0.056092 
468 -0.034806 
469 0.139826 
470 -0.060198 
471 -0.050670 
472 -0.017719 
473 0.122977 
474 -0.124691 
475 0.018409 
476 0.039737 
477 -0.015268 
478 -0.077535 
479 0.014473 
480 0.040365 
481 0.041917 
482 -0.056576 
483 -0.116919 
484 0.133605 
485 -0.011516 
486 -0.020963 
487 -0.096446 
488 0.128839 
489 -0.040211 
490 -0.094308 
491 0.037701 
492 0.062283 
493 -0.019885 
494 -0.016481 
495 -0.023973 
496 0.015200 
497 0.035633 
498 -0.002862 
499 -0.055518 
500 0.117533 
501 -0.066423 
502 -0.041845 
503 0.067282 
504 0.054444 
505 -0.071883 
506 -0.013795 
507 0.039940 
508 0.083179 
509 -0.088941 
510 0.013919 
511 -0.006303 
512 0.039725 
513 -0.005030 
514 0.010672 
515 -0.023471 
516 0.025996 
517 -0.026645 
518 0.013229 
519 -0.028578 
520 0.067656 
521 -0.029353 
522 -0.014530 
523 -0.005885 
524 0.003082 
525 0.005002 
526 0.014338 
527 -0.011599 
528 0.003186 
529 -0.020666 
530 0.008598 
531 -0.011701 
532 -0.007470 
533 -0.011011 
534 -0.005252 
535 0.029368 
536 -0.071218 
537 0.051060 
538 -0.057309 
539 0.060270 
540 -0.020242 
541 -0.013103 
542 0.051006 
543 -0.051233 
544 0.018454 
545 0.090773 
546 -0.126480 
547 0.032042 
548 0.035293 
549 -0.020254 
550 0.008734 
551 0.008658 
552 -0.031021 
553 0.040166 
554 -0.098215 
555 0.103712 
556 -0.003544 
557 -0.019118 
558 -0.069177 
559 0.053437 
560 0.015178 
561 -0.027365 
562 0.011419 
563 0.009673 
564 -0.001155 
565 -0.062165 
566 0.034854 
567 0.078952 
568 -0.085535 
569 -0.031933 
570 0.050381 
571 0.012431 
572 -0.001139 
573 -0.000781 
574 -0.047349 
575 0.027842 
576 0.036059 
577 -0.061297 
578 0.075900 
579 -0.052698 
580 -0.005111 
581 -0.014578 
582 0.039363 
583 -0.003068 
584 0.008749 
585 -0.049956 
586 0.045080 
587 0.006638 
588 -0.013420 
589 -0.048834 
590 0.107039 
591 -0.049724 
592 -0.020841 
593 -0.029492 
594 0.074350 
595 -0.006648 
596 -0.048221 
597 -0.017849 
598 0.092696 
599 -0.070697 
600 -0.004345 
601 0.008302 
602 0.035224 
603 -0.047153 
604 -0.033327 
605 0.036693 
606 0.055432 
607 -0.080160 
608 -0.029698 
609 0.090371 
610 -0.010387 
611 -0.045245 
612 -0.000094 
613 0.028336 
614 0.071123 
615 -0.096303 
616 -0.059133 
617 0.137451 
618 -0.037605 
619 -0.061760 
620 0.027865 
621 0.022914 
622 -0.040035 
623 0.015724 
624 -0.054187 
625 0.054793 
626 -0.003917 
627 -0.054244 
628 0.020889 
629 0.057462 
630 -0.085898 
631 -0.002457 
632 0.085153 
633 -0.005808 
634 -0.090918 
635 0.040323 
636 0.066252 
637 -0.068078 
638 -0.018065 
639 0.061483 
640 -0.078244 
641 0.061940 
642 0.001053 
643 -0.064142 
644 0.013212 
645 0.010116 
646 0.014771 
647 0.014339 
648 -0.021512 
649 0.011248 
650 -0.118394 
651 0.087216 
652 0.016443 
653 -0.010546 
654 -0.005569 
655 0.016750 
656 -0.038697 
657 0.008208 
658 0.014490 
659 0.029160 
660 0.020475 
661 -0.033516 
662 0.007748 
663 -0.018934 
664 0.056681 
665 -0.020827 
666 -0.015049 
667 -0.017768 
668 0.091043 
669 -0.097975 
670 0.063202 
671 -0.037283 
672 -0.029652 
673 0.024556 
674 0.097341 
675 -0.091235 
676 -0.021285 
677 0.026105 
678 0.008352 
679 -0.043715 
680 0.069706 
681 -0.041481 
682 0.007743 
683 -0.034110 
684 0.005522 
685 0.008623 
686 -0.019346 
687 -0.000145 
688 -0.007765 
689 0.031841 
690 -0.018013 
691 -0.091470 
692 0.096074 
693 -0.050494 
694 0.026139 
695 -0.048445 
696 0.013636 
697 0.008161 
698 -0.079472 
699 0.071565 
700 -0.023471 
701 -0.002762 
702 -0.006644 
703 0.013413 
704 0.016801 
705 -0.009680 
706 -0.007240 
707 0.035568 
708 -0.020215 
709 0.014088 
710 -0.033939 
711 0.046437 
712 0.000979 
713 -0.012788 
714 -0.061442 
715 0.116519 
716 -0.024589 
717 -0.008814 
718 -0.042935 
719 0.031404 
720 0.016856 
721 -0.004195 
722 -0.047279 
723 0.072632 
724 -0.063483 
725 0.020566 
726 -0.044264 
727 0.070723 
728 -0.000127 
729 -0.079114 
730 0.056687 
731 0.000486 
732 -0.025497 
733 0.005639 
734 -0.006142 
735 0.057265 
736 -0.098350 
737 0.031138 
738 0.015652 
739 -0.021597 
740 0.026651 
741 -0.082853 
742 0.029929 
743 0.073309 
744 -0.072254 
745 -0.027481 
746 0.092695 
747 -0.089502 
748 -0.013551 
749 0.054915 
750 0.064784 
751 -0.078669 
752 -0.027830 
753 0.014423 
754 0.045474 
755 -0.018486 
756 -0.038264 
757 0.025067 
758 0.046185 
759 -0.107991 
760 0.071720 
761 0.007090 
762 -0.010845 
763 -0.024777 
764 -0.010584 
765 0.043997 
766 0.036536 
767 -0.097757 
768 0.047489 
769 -0.010168 
770 -0.013766 
771 0.036602 
772 0.009990 
773 -0.037008 
774 0.003977 
775 -0.038806 
776 0.068746 
777 -0.028779 
778 -0.046504 
779 0.023884 
780 0.011977 
781 -0.027822 
782 0.013517 
783 -0.034464 
784 0.000138 
785 0.055365 
786 -0.082670 
787 0.011146 
788 0.087441 
789 -0.073961 
790 -0.083793 
791 0.113289 
792 -0.053336 
793 0.060346 
794 -0.042101 
795 -0.028561 
796 0.033906 
797 0.022608 
798 -0.034803 
799 0.027958 
800 -0.031425 
801 0.064170 
802 -0.059247 
803 0.050068 
804 -0.021032 
805 -0.051830 
806 0.039555 
807 0.087236 
808 -0.086468 
809 0.027527 
810 -0.006916 
811 0.006642 
812 -0.011719 
813 0.008138 
814 0.020339 
815 -0.008629 
816 -0.017668 
817 0.050614 
818 0.004293 
819 -0.016702 
820 -0.008229 
821 0.021451 
822 0.064862 
823 -0.093108 
824 0.032979 
825 0.042124 
826 -0.015640 
827 -0.012331 
828 -0.067351 
829 0.138494 
830 -0.060658 
831 -0.050935 
832 -0.001302 
833 0.004201 
834 -0.003465 
835 0.041607 
836 -0.071486 
837 -0.009961 
838 0.032690 
839 -0.072583 
840 0.008619 
841 0.038192 
842 -0.027520 
843 -0.077489 
844 0.055711 
845 0.031478 
846 -0.028696 
847 -0.061940 
848 0.048945 
849 0.001794 
850 -0.040342 
851 0.026919 
852 0.016938 
853 -0.046958 
854 0.042550 
855 -0.018819 
856 -0.002759 
857 0.044315 
858 -0.055875 
859 0.026756 
860 0.039125 
861 -0.076392 
862 0.058828 
863 0.086363 
864 -0.050153 
865 -0.008511 
866 -0.006927 
867 0.068654 
868 0.001444 
869 0.029441 
870 -0.040080 
871 0.029011 
872 0.067194 
873 -0.100689 
874 0.011393 
875 0.058636 
876 -0.039211 
877 0.001325 
878 0.018287 
879 0.009276 
880 -0.062764 
881 -0.002188 
882 -0.005838 
883 0.089628 
884 -0.094542 
885 -0.000495 
886 0.026729 
887 0.009477 
888 -0.119897 
889 0.100912 
890 0.054994 
891 -0.062499 
892 -0.054782 
893 0.044613 
894 -0.012499 
895 0.008813 
896 -0.017122 
897 0.085532 
898 -0.045017 
899 -0.002336 
900 0.046231 
901 -0.043714 
902 0.009353 
903 0.026699 
904 -0.035794 
905 0.125257 
906 -0.034873 
907 -0.081907 
908 0.058275 
909 0.029169 
910 0.011005 
911 0.022046 
912 -0.085419 
913 0.137294 
914 0.011322 
915 -0.073273 
916 0.018270 
917 0.013014 
918 0.074725 
919 -0.126199 
920 0.094024 
921 -0.029047 
922 -0.012033 
923 0.001015 
924 -0.036066 
925 -0.008414 
926 0.064337 
927 -0.064833 
928 0.002785 
929 -0.024478 
930 -0.127499 
931 0.097350 
932 0.083219 
933 -0.135267 
934 0.014388 
935 0.012600 
936 0.073222 
937 -0.128455 
938 -0.004469 
939 0.071465 
940 0.056354 
941 -0.089771 
942 -0.002378 
943 0.007837 
944 0.010159 
945 -0.020120 
946 0.006123 
947 0.031214 
948 0.006649 
949 -0.057675 
950 0.056410 
951 0.050977 
952 -0.021032 
953 -0.014102 
954 0.036190 
955 0.043357 
956 -0.004795 
957 -0.010062 
958 0.042038 
959 0.088252 
960 -0.046280 
961 0.069902 
962 -0.032303 
963 -0.044634 
964 0.078995 
965 -0.051155 
966 0.051178 
967 0.014936 
968 -0.077625 
969 0.106980 
970 -0.085994 
971 -0.038794 
972 0.039277 
973 0.077417 
974 0.027446 
975 -0.102525 
976 -0.054965 
977 0.167345 
978 -0.129104 
979 0.135412 
980 -0.067298 
981 0.051753 
982 0.013832 
983 -0.074818 
984 -0.022558 
985 0.079285 
986 -0.031160 
987 -0.045998 
988 0.030644 
989 0.057612 
990 -0.124331 
991 0.069972 
992 0.042921 
993 -0.046842 
994 -0.015113 
995 0.026515 
996 0.062755 
997 -0.020662 
998 -0.115165 
999 -0.097395 
1000 0.190795 
1001 -0.096512 
1002 -0.051481 
1003 -0.004722 
1004 0.084182 
1005 -0.068273 
1006 -0.090549 
1007 0.199942 
1008 0.061197 
1009 -0.073966 
1010 -0.045917 
1011 -0.000104 
1012 0.114999 
1013 -0.106720 
1014 -0.081090 
1015 0.047587 
1016 0.115026 
1017 0.121875 
1018 -0.014722 
1019 0.042585 
1020 -0.081930 
1021 -0.148268 
1022 0.182085 
1023 0.425468 
