0 0.007596 
1 -0.007273 
2 -0.001130 
3 -0.023580 
4 -0.006739 
5 0.002276 
6 0.012119 
7 0.023231 
8 0.027711 
9 0.030007 
10 0.008337 
11 -0.003665 
12 -0.010275 
13 -0.023539 
14 -0.025359 
15 -0.031148 
16 -0.002463 
17 0.001957 
18 0.026348 
19 0.025488 
20 0.036166 
21 0.014371 
22 0.008130 
23 -0.020653 
24 -0.008843 
25 -0.023727 
26 0.001840 
27 -0.006662 
28 0.010449 
29 -0.001830 
30 0.009555 
31 0.005015 
32 0.013145 
33 0.005195 
34 0.022072 
35 0.008632 
36 0.017299 
37 0.006421 
38 0.004871 
39 -0.004690 
40 -0.015204 
41 -0.001346 
42 -0.001229 
43 0.014305 
44 -0.011617 
45 0.001811 
46 -0.011963 
47 0.007054 
48 0.002658 
49 0.022618 
50 0.027982 
51 0.016114 
52 0.001590 
53 -0.011478 
54 -0.019319 
55 -0.024508 
56 -0.024328 
57 0.000295 
58 -0.007373 
59 0.020278 
60 0.002896 
61 0.034630 
62 0.002937 
63 0.028427 
64 -0.012209 
65 0.011845 
66 -0.036834 
67 -0.001489 
68 -0.025627 
69 0.014568 
70 -0.019016 
71 0.024016 
72 0.001358 
73 0.025903 
74 -0.002099 
75 0.012167 
76 0.005931 
77 0.008869 
78 -0.008700 
79 -0.001581 
80 -0.016644 
81 -0.002065 
82 -0.021649 
83 0.001305 
84 -0.020931 
85 -0.001768 
86 -0.013109 
87 0.018041 
88 0.024615 
89 0.034728 
90 0.019780 
91 -0.005638 
92 -0.025417 
93 -0.021287 
94 -0.022930 
95 -0.010970 
96 -0.005428 
97 0.007329 
98 0.004697 
99 0.010235 
100 0.008486 
101 0.006708 
102 -0.001667 
103 -0.009554 
104 -0.010523 
105 -0.016497 
106 -0.005034 
107 -0.005770 
108 0.013787 
109 0.006652 
110 -0.000066 
111 -0.011592 
112 -0.015099 
113 0.014611 
114 0.019297 
115 0.055690 
116 0.030089 
117 0.022530 
118 -0.041109 
119 -0.061835 
120 -0.090010 
121 -0.059251 
122 -0.036323 
123 0.036412 
124 0.064687 
125 0.100652 
126 0.085025 
127 0.059651 
128 -0.014446 
129 -0.074789 
130 -0.106730 
131 -0.095276 
132 -0.051301 
133 0.009694 
134 0.046890 
135 0.055652 
136 0.016077 
137 0.015210 
138 -0.016529 
139 0.009635 
140 -0.018178 
141 0.018799 
142 -0.001291 
143 0.019592 
144 -0.007809 
145 0.014265 
146 -0.012102 
147 0.002030 
148 -0.016381 
149 0.003451 
150 -0.010922 
151 0.010923 
152 0.004676 
153 0.026388 
154 0.009496 
155 0.002064 
156 -0.021592 
157 -0.023935 
158 -0.016862 
159 -0.009574 
160 0.007582 
161 0.012921 
162 0.020820 
163 0.019451 
164 0.009300 
165 0.017349 
166 -0.007169 
167 -0.001559 
168 -0.028572 
169 -0.007853 
170 -0.012613 
171 0.008449 
172 0.012804 
173 0.017137 
174 0.011323 
175 0.000767 
176 -0.007437 
177 -0.011589 
178 -0.010765 
179 -0.005011 
180 -0.007295 
181 -0.007493 
182 0.007745 
183 0.011987 
184 0.020564 
185 -0.001317 
186 -0.004966 
187 -0.026554 
188 -0.020101 
189 -0.006158 
190 0.012465 
191 0.031348 
192 0.024045 
193 0.017517 
194 -0.008424 
195 -0.019624 
196 -0.032850 
197 -0.022246 
198 -0.007291 
199 0.013990 
200 0.010094 
201 0.010067 
202 0.002407 
203 0.006009 
204 0.006825 
205 0.001392 
206 0.011796 
207 -0.002407 
208 -0.001422 
209 -0.016053 
210 -0.006440 
211 -0.018111 
212 -0.008491 
213 -0.008251 
214 0.016578 
215 0.019116 
216 0.021590 
217 0.006856 
218 -0.007986 
219 -0.005084 
220 -0.016362 
221 -0.006767 
222 -0.004365 
223 0.005324 
224 -0.005273 
225 -0.013602 
226 -0.001676 
227 -0.006340 
228 0.012451 
229 0.011108 
230 0.022584 
231 0.000657 
232 -0.007975 
233 -0.025948 
234 -0.016283 
235 -0.017255 
236 0.001863 
237 0.002222 
238 0.013345 
239 0.007659 
240 0.008668 
241 0.000252 
242 -0.001527 
243 -0.003623 
244 -0.002703 
245 0.004425 
246 0.003674 
247 0.009135 
248 -0.001038 
249 -0.010564 
250 -0.010814 
251 -0.015815 
252 -0.007888 
253 -0.005484 
254 0.012621 
255 0.018361 
256 0.024788 
257 0.010657 
258 0.004093 
259 -0.017534 
260 -0.011426 
261 -0.025703 
262 -0.001132 
263 -0.007283 
264 0.020645 
265 0.010438 
266 0.024180 
267 0.002368 
268 -0.006027 
269 -0.026695 
270 -0.017529 
271 -0.006296 
272 0.012459 
273 0.019562 
274 0.020547 
275 0.007298 
276 -0.008316 
277 -0.030858 
278 -0.014817 
279 -0.014996 
280 0.019850 
281 0.013304 
282 0.035551 
283 0.006464 
284 0.004684 
285 -0.028994 
286 -0.016100 
287 -0.023404 
288 0.003238 
289 -0.001511 
290 0.034808 
291 0.017671 
292 0.023602 
293 -0.010229 
294 -0.005006 
295 -0.016764 
296 -0.014651 
297 -0.010453 
298 0.005555 
299 0.011143 
300 0.017984 
301 0.005608 
302 0.012485 
303 -0.014267 
304 -0.005777 
305 -0.020780 
306 -0.001243 
307 -0.004278 
308 0.015216 
309 0.016111 
310 0.020796 
311 0.016425 
312 0.006251 
313 -0.017045 
314 -0.025979 
315 -0.023682 
316 -0.013294 
317 0.006509 
318 0.015567 
319 0.038521 
320 0.015923 
321 0.019526 
322 -0.018781 
323 -0.004436 
324 -0.027621 
325 0.009241 
326 -0.011782 
327 0.028335 
328 -0.006053 
329 0.014894 
330 -0.023568 
331 0.005802 
332 -0.024354 
333 0.001361 
334 -0.011698 
335 0.029305 
336 0.014564 
337 0.033493 
338 0.006875 
339 0.019612 
340 -0.023821 
341 -0.009927 
342 -0.033121 
343 -0.003562 
344 -0.021183 
345 0.020128 
346 0.005384 
347 0.030086 
348 -0.006614 
349 0.012190 
350 -0.029018 
351 -0.007708 
352 -0.022197 
353 0.008945 
354 0.002618 
355 0.021067 
356 0.018455 
357 0.004705 
358 -0.018176 
359 -0.033746 
360 -0.032067 
361 -0.023864 
362 -0.001911 
363 0.016239 
364 0.033518 
365 0.019425 
366 0.017919 
367 -0.004996 
368 -0.003247 
369 -0.032537 
370 -0.017350 
371 -0.024861 
372 -0.004995 
373 -0.011599 
374 0.009771 
375 0.007980 
376 0.024938 
377 0.005604 
378 0.015926 
379 -0.009629 
380 0.004596 
381 -0.026037 
382 -0.004268 
383 -0.023089 
384 0.006604 
385 -0.017666 
386 0.019927 
387 -0.006912 
388 0.019420 
389 -0.015149 
390 0.006539 
391 -0.015342 
392 0.007378 
393 -0.008030 
394 0.011610 
395 -0.006002 
396 0.005350 
397 -0.010780 
398 -0.005011 
399 -0.014285 
400 -0.002310 
401 -0.000920 
402 0.004058 
403 0.004477 
404 0.002950 
405 0.001370 
406 -0.005582 
407 -0.007151 
408 -0.004943 
409 -0.011175 
410 -0.008248 
411 -0.009753 
412 0.001664 
413 0.003456 
414 0.005962 
415 0.001330 
416 0.007177 
417 0.007737 
418 -0.000817 
419 0.002852 
420 0.004674 
421 0.003823 
422 -0.009003 
423 -0.006694 
424 -0.009885 
425 -0.002152 
426 -0.007884 
427 0.012701 
428 0.007960 
429 0.009792 
430 0.003214 
431 0.005526 
432 0.006564 
433 0.000691 
434 0.007212 
435 -0.004009 
436 0.009638 
437 -0.009047 
438 0.006678 
439 -0.019158 
440 0.006140 
441 -0.014429 
442 0.009664 
443 -0.003795 
444 0.024383 
445 0.005490 
446 0.016038 
447 -0.004318 
448 0.008657 
449 -0.020884 
450 -0.003666 
451 -0.023119 
452 0.009612 
453 -0.013899 
454 0.017970 
455 -0.010129 
456 0.022700 
457 -0.002972 
458 0.029256 
459 -0.007723 
460 0.021488 
461 -0.025751 
462 0.008404 
463 -0.034434 
464 0.020760 
465 -0.017644 
466 0.035050 
467 -0.010484 
468 0.035235 
469 -0.015616 
470 0.013288 
471 -0.029156 
472 0.016537 
473 -0.019172 
474 0.023996 
475 -0.013494 
476 0.033060 
477 -0.007710 
478 0.025516 
479 -0.019937 
480 0.006152 
481 -0.032330 
482 0.006960 
483 -0.022539 
484 0.034055 
485 -0.002495 
486 0.046596 
487 -0.016110 
488 0.025242 
489 -0.039493 
490 0.002931 
491 -0.047954 
492 0.018803 
493 -0.014697 
494 0.046904 
495 -0.005533 
496 0.039935 
497 -0.012312 
498 0.019005 
499 -0.029791 
500 0.007291 
501 -0.028763 
502 0.016088 
503 -0.016993 
504 0.028795 
505 -0.012726 
506 0.018881 
507 -0.028380 
508 0.017005 
509 -0.016677 
510 0.028029 
511 -0.020564 
512 0.028289 
513 -0.017702 
514 0.028111 
515 -0.023958 
516 0.031249 
517 -0.022995 
518 0.023781 
519 -0.030188 
520 0.012990 
521 -0.034281 
522 0.005855 
523 -0.026507 
524 0.018786 
525 -0.008558 
526 0.027439 
527 -0.009081 
528 0.021621 
529 -0.016827 
530 0.009453 
531 -0.033524 
532 0.001684 
533 -0.027818 
534 0.012567 
535 -0.008499 
536 0.021961 
537 -0.011957 
538 0.012029 
539 -0.017129 
540 0.013890 
541 -0.014333 
542 0.020581 
543 -0.012431 
544 0.008320 
545 -0.026005 
546 -0.002175 
547 -0.031056 
548 -0.005692 
549 -0.010226 
550 0.015330 
551 -0.000514 
552 0.017149 
553 0.013703 
554 0.018060 
555 -0.000222 
556 -0.001556 
557 -0.014460 
558 -0.015559 
559 -0.024972 
560 -0.003810 
561 -0.008737 
562 0.009735 
563 -0.001802 
564 0.020212 
565 0.001844 
566 0.013738 
567 -0.007348 
568 0.008374 
569 -0.005901 
570 0.003420 
571 -0.010298 
572 -0.000774 
573 -0.007661 
574 0.000028 
575 -0.005207 
576 -0.002100 
577 -0.001750 
578 0.000076 
579 0.005086 
580 0.005403 
581 0.003263 
582 0.004101 
583 -0.005728 
584 -0.003304 
585 -0.010061 
586 -0.004282 
587 -0.013009 
588 -0.007608 
589 -0.001994 
590 0.012220 
591 0.009992 
592 0.010090 
593 0.006351 
594 0.003923 
595 -0.005817 
596 -0.002102 
597 0.008159 
598 0.014231 
599 0.009502 
600 -0.004110 
601 -0.003910 
602 -0.026642 
603 -0.014565 
604 -0.014613 
605 0.028037 
606 0.021112 
607 0.043546 
608 0.017700 
609 0.022601 
610 -0.017130 
611 -0.014496 
612 -0.037627 
613 -0.009629 
614 -0.011131 
615 0.024276 
616 0.012924 
617 0.030732 
618 0.000037 
619 0.002901 
620 -0.025103 
621 -0.005182 
622 -0.017274 
623 0.016969 
624 -0.001801 
625 0.031923 
626 -0.006192 
627 0.018220 
628 -0.031396 
629 -0.000147 
630 -0.031926 
631 0.012124 
632 -0.021354 
633 0.018642 
634 -0.002579 
635 0.036875 
636 -0.002702 
637 0.023659 
638 -0.016799 
639 0.006501 
640 -0.035592 
641 0.003685 
642 -0.015195 
643 0.015730 
644 -0.010361 
645 0.017539 
646 -0.009357 
647 0.006283 
648 -0.016724 
649 0.012462 
650 0.000587 
651 0.031725 
652 -0.002185 
653 0.019229 
654 -0.018834 
655 0.006596 
656 -0.030362 
657 0.005098 
658 -0.018422 
659 0.013270 
660 -0.010133 
661 0.019070 
662 0.006166 
663 0.013597 
664 -0.002740 
665 0.000356 
666 -0.006537 
667 -0.010193 
668 -0.009363 
669 -0.003047 
670 0.004997 
671 0.008365 
672 0.007370 
673 -0.000111 
674 -0.004046 
675 -0.015645 
676 -0.012416 
677 -0.014480 
678 -0.001190 
679 0.003104 
680 0.012011 
681 0.013173 
682 0.014606 
683 -0.002492 
684 -0.008560 
685 -0.021212 
686 -0.012396 
687 -0.012560 
688 0.007875 
689 0.007924 
690 0.026703 
691 0.008295 
692 0.009873 
693 -0.019883 
694 -0.009616 
695 -0.021018 
696 0.001704 
697 -0.005550 
698 0.021157 
699 0.005104 
700 0.014094 
701 -0.013846 
702 -0.009353 
703 -0.027329 
704 -0.018986 
705 -0.006560 
706 0.013963 
707 0.026470 
708 0.023724 
709 0.017404 
710 -0.007013 
711 -0.024105 
712 -0.039232 
713 -0.032090 
714 -0.019937 
715 -0.000012 
716 0.021101 
717 0.024322 
718 0.020156 
719 0.002094 
720 -0.007751 
721 -0.027000 
722 -0.020627 
723 -0.018611 
724 -0.002166 
725 0.005339 
726 0.019998 
727 0.021315 
728 0.001905 
729 -0.008776 
730 -0.029823 
731 -0.014064 
732 -0.023893 
733 0.007762 
734 0.008325 
735 0.030047 
736 0.016179 
737 0.015221 
738 -0.008011 
739 -0.008848 
740 -0.027603 
741 -0.021272 
742 -0.014586 
743 0.006089 
744 0.016046 
745 0.017210 
746 0.026389 
747 0.016106 
748 -0.005998 
749 -0.022284 
750 -0.018671 
751 -0.013291 
752 -0.007889 
753 0.003274 
754 0.014437 
755 0.006591 
756 -0.001262 
757 -0.003397 
758 -0.003524 
759 -0.005391 
760 0.001065 
761 0.012058 
762 0.014114 
763 0.010373 
764 0.001403 
765 -0.008703 
766 -0.018381 
767 -0.024646 
768 -0.016276 
769 -0.009526 
770 0.012271 
771 0.019740 
772 0.039641 
773 0.016398 
774 0.007111 
775 -0.020047 
776 -0.019675 
777 -0.023461 
778 -0.004007 
779 0.007974 
780 0.022880 
781 0.010993 
782 0.010211 
783 0.006319 
784 -0.004449 
785 -0.009542 
786 -0.010499 
787 0.009332 
788 -0.001435 
789 0.003957 
790 0.001941 
791 0.013332 
792 0.011335 
793 0.001483 
794 0.009542 
795 -0.008125 
796 -0.004871 
797 -0.016385 
798 0.003280 
799 0.002222 
800 0.006516 
801 -0.006042 
802 -0.006273 
803 -0.002534 
804 -0.005484 
805 -0.002064 
806 0.003868 
807 0.009426 
808 0.013833 
809 0.003732 
810 -0.001313 
811 -0.006263 
812 -0.009685 
813 -0.012250 
814 0.000979 
815 0.001504 
816 0.015189 
817 0.003635 
818 0.008855 
819 0.001208 
820 -0.001949 
821 -0.016654 
822 -0.012010 
823 -0.014674 
824 0.009566 
825 0.006792 
826 0.020457 
827 0.022703 
828 0.025089 
829 0.006247 
830 -0.006508 
831 -0.010203 
832 -0.015315 
833 -0.015893 
834 -0.014090 
835 0.009693 
836 0.005976 
837 0.020639 
838 0.010622 
839 0.018537 
840 -0.008286 
841 -0.003865 
842 -0.006487 
843 0.011799 
844 0.009007 
845 0.014219 
846 0.005766 
847 -0.004219 
848 -0.016642 
849 -0.017052 
850 -0.018796 
851 -0.005186 
852 0.009673 
853 0.024429 
854 0.017853 
855 0.026288 
856 0.001393 
857 0.003769 
858 -0.029263 
859 -0.009187 
860 -0.025381 
861 0.002503 
862 -0.009011 
863 0.025862 
864 0.009691 
865 0.028403 
866 0.000861 
867 0.011561 
868 -0.001382 
869 0.006780 
870 0.001770 
871 -0.001036 
872 0.005225 
873 -0.003571 
874 -0.005001 
875 -0.011427 
876 -0.007593 
877 0.000047 
878 0.004564 
879 0.020825 
880 0.025272 
881 0.022100 
882 0.007449 
883 -0.004937 
884 -0.021989 
885 -0.011769 
886 -0.022688 
887 0.003324 
888 0.002147 
889 0.016636 
890 0.005204 
891 -0.003067 
892 -0.006857 
893 -0.008336 
894 -0.002138 
895 0.000676 
896 0.007902 
897 0.000459 
898 0.000976 
899 -0.004132 
900 -0.001700 
901 -0.011967 
902 0.000024 
903 -0.010865 
904 0.007273 
905 -0.000979 
906 0.011187 
907 0.002415 
908 0.005864 
909 -0.009773 
910 -0.011936 
911 -0.011880 
912 -0.006949 
913 0.009147 
914 0.011177 
915 0.016306 
916 0.001791 
917 -0.017381 
918 -0.013331 
919 -0.012717 
920 -0.002347 
921 0.005416 
922 0.018936 
923 0.029375 
924 0.033549 
925 0.010070 
926 0.003099 
927 -0.034296 
928 -0.031851 
929 -0.051185 
930 -0.021517 
931 -0.016359 
932 0.017134 
933 0.024885 
934 0.033806 
935 0.030894 
936 0.018325 
937 -0.002531 
938 -0.021642 
939 -0.030916 
940 -0.016513 
941 -0.024228 
942 -0.008325 
943 -0.013375 
944 0.020537 
945 -0.011822 
946 0.011635 
947 -0.019405 
948 0.010128 
949 -0.018709 
950 0.010191 
951 -0.003986 
952 0.009372 
953 -0.018943 
954 0.006913 
955 -0.012334 
956 0.004956 
957 -0.013988 
958 -0.004439 
959 -0.017189 
960 -0.005040 
961 -0.006988 
962 0.010914 
963 0.001097 
964 0.022165 
965 0.002409 
966 0.013720 
967 -0.019849 
968 -0.009568 
969 -0.033535 
970 -0.012280 
971 -0.016454 
972 0.017570 
973 0.006362 
974 0.020108 
975 -0.014812 
976 0.001403 
977 -0.018486 
978 -0.000999 
979 -0.015220 
980 0.017049 
981 -0.003844 
982 0.010124 
983 -0.023870 
984 0.003879 
985 -0.024699 
986 -0.015400 
987 -0.031460 
988 0.000386 
989 -0.001263 
990 0.017030 
991 0.018770 
992 0.028997 
993 0.012525 
994 -0.004206 
995 -0.020745 
996 -0.021763 
997 -0.032060 
998 -0.010549 
999 -0.012055 
1000 0.022995 
1001 0.007679 
1002 0.027178 
1003 -0.000912 
1004 0.004812 
1005 -0.003490 
1006 -0.000368 
1007 0.000449 
1008 0.001917 
1009 0.016144 
1010 -0.011014 
1011 -0.014329 
1012 -0.031650 
1013 -0.011939 
1014 -0.009211 
1015 0.017870 
1016 0.031165 
1017 0.041809 
1018 0.017382 
1019 0.003515 
1020 -0.011088 
1021 -0.017622 
1022 -0.009741 
1023 -0.020081 
