0 0.767131 
1 0.124799 
2 -0.069802 
3 -0.039003 
4 -0.051715 
5 0.064416 
6 -0.070534 
7 -0.051688 
8 0.099135 
9 0.003630 
10 0.012500 
11 0.025855 
12 -0.004219 
13 0.012767 
14 0.017640 
15 0.078438 
16 -0.031320 
17 0.010372 
18 0.022109 
19 -0.073229 
20 -0.037830 
21 0.007659 
22 0.027420 
23 -0.072527 
24 0.091526 
25 -0.080818 
26 0.029846 
27 0.011713 
28 -0.014414 
29 0.020813 
30 0.011155 
31 0.052761 
32 -0.102515 
33 0.069411 
34 -0.013995 
35 0.017204 
36 -0.023546 
37 -0.027530 
38 -0.108124 
39 0.016832 
40 0.075641 
41 -0.062988 
42 0.026560 
43 0.047923 
44 -0.121829 
45 0.100324 
46 0.006618 
47 0.006803 
48 0.091320 
49 0.029370 
50 -0.036525 
51 -0.056488 
52 0.069985 
53 -0.060724 
54 -0.013592 
55 0.061194 
56 -0.094424 
57 0.032281 
58 0.000877 
59 -0.016068 
60 -0.020681 
61 0.084344 
62 0.012673 
63 -0.070167 
64 0.124527 
65 0.011304 
66 -0.048723 
67 0.061523 
68 -0.055029 
69 -0.034113 
70 0.027079 
71 -0.020776 
72 -0.052377 
73 -0.007493 
74 0.043780 
75 -0.098501 
76 0.001431 
77 0.015498 
78 -0.037969 
79 0.066140 
80 0.006865 
81 -0.027247 
82 0.015839 
83 0.025220 
84 -0.024499 
85 0.001239 
86 0.047425 
87 -0.032506 
88 0.008011 
89 -0.042367 
90 0.001105 
91 0.025063 
92 0.067473 
93 -0.109767 
94 0.069287 
95 -0.056405 
96 0.024043 
97 0.000161 
98 0.026317 
99 0.091271 
100 -0.098846 
101 0.013709 
102 -0.059322 
103 -0.042953 
104 0.078741 
105 -0.005549 
106 -0.032530 
107 -0.033766 
108 0.072374 
109 -0.112292 
110 0.044868 
111 0.073996 
112 -0.071503 
113 0.065142 
114 0.045248 
115 -0.093548 
116 0.043833 
117 0.071483 
118 -0.031468 
119 -0.047998 
120 0.081607 
121 -0.008243 
122 -0.052067 
123 0.077003 
124 0.006619 
125 -0.040206 
126 0.118194 
127 -0.048724 
128 -0.089932 
129 0.085494 
130 0.042606 
131 -0.145698 
132 0.113058 
133 -0.015090 
134 -0.075016 
135 0.008509 
136 0.034933 
137 -0.136511 
138 0.182464 
139 -0.037749 
140 -0.067160 
141 0.045659 
142 -0.031847 
143 0.010395 
144 -0.006962 
145 0.060932 
146 -0.093620 
147 0.070734 
148 -0.017309 
149 -0.056581 
150 0.060503 
151 -0.021565 
152 -0.088958 
153 0.064457 
154 -0.031077 
155 0.036894 
156 0.030426 
157 0.017427 
158 -0.060606 
159 0.052982 
160 0.059071 
161 -0.081734 
162 0.114956 
163 -0.012920 
164 -0.056308 
165 -0.024762 
166 0.016385 
167 -0.011495 
168 -0.002012 
169 0.068043 
170 -0.096427 
171 -0.039479 
172 0.045286 
173 -0.013679 
174 0.042002 
175 0.045067 
176 0.032476 
177 -0.082130 
178 0.039085 
179 0.022358 
180 -0.118459 
181 0.059059 
182 0.038696 
183 -0.108177 
184 0.041280 
185 -0.000047 
186 -0.096010 
187 0.039194 
188 0.034357 
189 -0.024100 
190 0.030127 
191 0.026918 
192 0.012986 
193 -0.084590 
194 0.142264 
195 -0.071061 
196 0.028400 
197 0.008939 
198 -0.033146 
199 0.005598 
200 0.029003 
201 -0.017176 
202 0.007926 
203 -0.000900 
204 0.020741 
205 -0.057354 
206 0.090155 
207 -0.047488 
208 0.016445 
209 0.052957 
210 -0.123388 
211 0.084235 
212 0.000108 
213 0.008393 
214 -0.041347 
215 0.016930 
216 -0.023477 
217 -0.040092 
218 0.053202 
219 -0.051385 
220 -0.003644 
221 0.027998 
222 -0.089612 
223 -0.005535 
224 0.065837 
225 0.016929 
226 0.012543 
227 -0.035121 
228 0.008555 
229 -0.008083 
230 0.034964 
231 0.002665 
232 -0.024986 
233 0.075632 
234 -0.036124 
235 -0.036014 
236 0.005510 
237 -0.007068 
238 -0.025214 
239 0.051921 
240 0.018598 
241 -0.013397 
242 0.025579 
243 0.012904 
244 -0.075514 
245 0.088607 
246 0.041107 
247 -0.095654 
248 0.043192 
249 0.007273 
250 -0.074395 
251 0.024661 
252 0.030583 
253 -0.070245 
254 -0.021358 
255 0.101020 
256 -0.113530 
257 0.012076 
258 0.086276 
259 -0.038215 
260 -0.028297 
261 0.009677 
262 -0.026896 
263 -0.006807 
264 0.048305 
265 0.000261 
266 -0.078374 
267 0.077583 
268 -0.011357 
269 -0.056701 
270 0.060754 
271 0.009703 
272 0.000966 
273 -0.018435 
274 0.041122 
275 -0.037585 
276 0.050235 
277 -0.010188 
278 -0.085351 
279 0.079567 
280 -0.020913 
281 -0.025619 
282 0.076436 
283 -0.056925 
284 0.017186 
285 0.049123 
286 -0.027509 
287 -0.029201 
288 0.076922 
289 -0.007263 
290 -0.079018 
291 0.036215 
292 0.000661 
293 -0.051010 
294 0.055745 
295 -0.009915 
296 -0.052179 
297 0.064038 
298 0.045734 
299 -0.053328 
300 -0.031100 
301 0.085823 
302 -0.024546 
303 -0.028587 
304 0.085606 
305 -0.071381 
306 -0.019822 
307 0.059800 
308 -0.090692 
309 -0.002367 
310 0.077415 
311 0.013129 
312 -0.117194 
313 0.076359 
314 0.043333 
315 -0.069863 
316 0.090776 
317 -0.052958 
318 -0.040525 
319 0.112467 
320 -0.046945 
321 0.005068 
322 -0.046082 
323 0.066430 
324 -0.100726 
325 0.042730 
326 0.015106 
327 -0.034185 
328 0.056998 
329 -0.004030 
330 -0.064035 
331 0.015078 
332 0.043070 
333 -0.039227 
334 -0.001711 
335 0.043278 
336 -0.030746 
337 -0.034433 
338 0.057369 
339 -0.071554 
340 0.043249 
341 0.008183 
342 -0.075890 
343 0.011913 
344 0.060025 
345 0.006329 
346 -0.042041 
347 0.024223 
348 -0.054985 
349 0.027336 
350 0.039978 
351 -0.040953 
352 0.039789 
353 0.018001 
354 -0.027428 
355 0.010425 
356 0.040246 
357 -0.074465 
358 0.020729 
359 0.028428 
360 -0.001691 
361 -0.005265 
362 0.048109 
363 -0.015962 
364 -0.088551 
365 0.120518 
366 -0.058905 
367 -0.007610 
368 0.061780 
369 0.010792 
370 -0.089519 
371 0.047488 
372 0.040598 
373 -0.129620 
374 0.098794 
375 0.014982 
376 -0.101336 
377 0.068605 
378 0.058326 
379 -0.123726 
380 0.061093 
381 -0.007711 
382 -0.010929 
383 -0.051682 
384 0.097055 
385 -0.038585 
386 -0.015376 
387 0.077672 
388 -0.095801 
389 0.024385 
390 0.009057 
391 0.032933 
392 -0.053929 
393 0.060162 
394 0.004787 
395 -0.054233 
396 0.063407 
397 -0.016769 
398 -0.029848 
399 0.011572 
400 -0.000617 
401 -0.003338 
402 0.060118 
403 -0.009249 
404 -0.021687 
405 0.000210 
406 -0.005244 
407 -0.030744 
408 0.029888 
409 0.026347 
410 -0.048703 
411 0.024512 
412 -0.037344 
413 0.013005 
414 0.004297 
415 0.018326 
416 -0.029216 
417 0.014474 
418 0.007214 
419 0.008486 
420 -0.047776 
421 0.018880 
422 -0.010998 
423 -0.027507 
424 0.038475 
425 -0.003929 
426 0.019359 
427 -0.027999 
428 0.019083 
429 -0.000792 
430 -0.014586 
431 0.065995 
432 -0.061563 
433 0.014342 
434 0.002400 
435 0.009658 
436 0.010540 
437 -0.080692 
438 0.091832 
439 -0.053325 
440 0.032281 
441 0.006988 
442 0.018171 
443 -0.024233 
444 0.039074 
445 0.011116 
446 -0.046499 
447 -0.016251 
448 0.101571 
449 -0.132181 
450 0.046465 
451 0.004952 
452 -0.042491 
453 -0.013741 
454 0.071077 
455 0.004013 
456 -0.046029 
457 0.062860 
458 -0.045469 
459 -0.014835 
460 0.080414 
461 -0.033349 
462 -0.055018 
463 0.043396 
464 0.000878 
465 -0.032083 
466 0.026443 
467 0.010008 
468 -0.056420 
469 0.058757 
470 -0.000313 
471 -0.047021 
472 0.094608 
473 -0.018843 
474 -0.045108 
475 0.086386 
476 -0.042157 
477 -0.010422 
478 0.037177 
479 -0.010207 
480 -0.042996 
481 0.047714 
482 0.024879 
483 -0.117780 
484 0.069566 
485 -0.003847 
486 -0.056042 
487 0.043118 
488 0.031453 
489 -0.046930 
490 0.002495 
491 0.037638 
492 -0.042030 
493 -0.029282 
494 0.103751 
495 -0.081871 
496 -0.012395 
497 0.063721 
498 -0.070393 
499 -0.029868 
500 0.021795 
501 0.033632 
502 -0.089262 
503 0.064982 
504 0.019775 
505 -0.055685 
506 0.063486 
507 -0.030949 
508 -0.014392 
509 0.058192 
510 0.024173 
511 -0.060104 
512 0.042083 
513 0.003345 
514 -0.024920 
515 -0.015115 
516 0.066263 
517 -0.083609 
518 0.063391 
519 -0.005715 
520 -0.061229 
521 0.069853 
522 0.004912 
523 -0.023469 
524 0.009470 
525 0.060610 
526 -0.056171 
527 -0.009754 
528 0.055614 
529 -0.063148 
530 0.001915 
531 0.068440 
532 -0.086658 
533 0.005557 
534 0.042290 
535 -0.052254 
536 -0.016148 
537 0.032436 
538 0.038100 
539 -0.053909 
540 0.095409 
541 -0.074276 
542 -0.059470 
543 0.101258 
544 -0.029516 
545 0.011465 
546 0.033854 
547 -0.028319 
548 -0.061664 
549 0.038459 
550 0.016581 
551 -0.029825 
552 0.064565 
553 -0.014502 
554 -0.044077 
555 0.115468 
556 -0.042397 
557 -0.044952 
558 0.026387 
559 0.015215 
560 -0.051794 
561 0.016271 
562 0.052474 
563 -0.077578 
564 0.003539 
565 0.083691 
566 -0.137092 
567 0.068597 
568 0.065801 
569 -0.050643 
570 -0.054211 
571 0.101920 
572 -0.089980 
573 -0.071243 
574 0.133104 
575 -0.036777 
576 -0.107145 
577 0.125601 
578 -0.041242 
579 -0.103098 
580 0.091041 
581 0.019228 
582 -0.073565 
583 0.037513 
584 0.099334 
585 -0.113248 
586 0.037227 
587 0.065214 
588 -0.109418 
589 0.018265 
590 0.077167 
591 -0.060192 
592 -0.009369 
593 0.038315 
594 0.006344 
595 -0.069060 
596 0.111392 
597 -0.037311 
598 -0.060869 
599 0.070500 
600 -0.018112 
601 -0.008881 
602 0.051408 
603 -0.043873 
604 0.012950 
605 -0.012159 
606 0.001948 
607 -0.034904 
608 0.013344 
609 0.044230 
610 -0.095227 
611 0.077249 
612 -0.066460 
613 0.026450 
614 -0.024587 
615 0.019284 
616 0.025380 
617 -0.021897 
618 0.041529 
619 -0.034744 
620 -0.028024 
621 0.020085 
622 -0.027178 
623 -0.001966 
624 0.048470 
625 -0.002178 
626 -0.005932 
627 -0.024774 
628 0.009641 
629 -0.005471 
630 0.021228 
631 0.078040 
632 -0.061133 
633 0.061787 
634 -0.052710 
635 0.045487 
636 -0.030896 
637 -0.018331 
638 0.036547 
639 -0.032036 
640 0.005610 
641 0.034074 
642 -0.024284 
643 -0.023437 
644 0.014797 
645 -0.007409 
646 -0.016790 
647 0.036089 
648 0.023595 
649 -0.063928 
650 0.057590 
651 -0.038556 
652 -0.020674 
653 0.024664 
654 -0.040136 
655 0.052401 
656 -0.077502 
657 0.042451 
658 -0.034064 
659 -0.002033 
660 0.036174 
661 -0.059524 
662 0.007562 
663 0.024446 
664 0.011091 
665 0.047093 
666 0.012609 
667 -0.016235 
668 -0.006062 
669 0.011411 
670 -0.019516 
671 -0.008222 
672 0.067483 
673 -0.063680 
674 -0.006714 
675 0.057901 
676 -0.115675 
677 0.072582 
678 -0.005970 
679 0.023354 
680 -0.036890 
681 0.122485 
682 -0.051829 
683 -0.047927 
684 0.081233 
685 -0.063588 
686 -0.000590 
687 0.008810 
688 -0.006754 
689 -0.058571 
690 0.006571 
691 0.006648 
692 -0.056299 
693 0.006542 
694 0.073053 
695 -0.102747 
696 0.052410 
697 0.037938 
698 -0.025852 
699 0.022671 
700 -0.001858 
701 0.008059 
702 -0.030204 
703 0.024310 
704 -0.025500 
705 0.011993 
706 0.054164 
707 -0.041943 
708 -0.020220 
709 0.039739 
710 -0.057597 
711 0.089867 
712 -0.019210 
713 -0.008610 
714 0.050445 
715 0.021661 
716 -0.012151 
717 -0.029179 
718 0.045754 
719 -0.031084 
720 -0.008492 
721 0.058832 
722 -0.084800 
723 0.040304 
724 0.040349 
725 -0.094943 
726 -0.007768 
727 0.028413 
728 0.002133 
729 -0.058927 
730 0.036876 
731 0.039385 
732 -0.119354 
733 0.085716 
734 -0.043990 
735 -0.053478 
736 0.130574 
737 -0.054154 
738 -0.012769 
739 -0.005800 
740 0.014269 
741 -0.074227 
742 0.015997 
743 0.054425 
744 -0.057417 
745 0.077144 
746 0.010655 
747 -0.109803 
748 0.059762 
749 0.007104 
750 0.005340 
751 0.023986 
752 0.062326 
753 -0.027410 
754 -0.040146 
755 0.116491 
756 -0.082773 
757 -0.044082 
758 0.155982 
759 -0.119382 
760 0.012072 
761 0.039645 
762 -0.016409 
763 -0.109118 
764 0.106522 
765 -0.012859 
766 -0.117134 
767 0.145059 
768 -0.045983 
769 -0.119039 
770 0.103677 
771 -0.026181 
772 -0.093829 
773 0.064681 
774 0.066282 
775 -0.114898 
776 0.038616 
777 0.074380 
778 -0.139447 
779 0.038647 
780 0.139615 
781 -0.128218 
782 0.024331 
783 0.054597 
784 -0.016350 
785 -0.049475 
786 0.102221 
787 -0.051259 
788 -0.064525 
789 0.142440 
790 -0.069332 
791 -0.045813 
792 0.106384 
793 -0.002571 
794 -0.058467 
795 0.062470 
796 0.032020 
797 -0.066717 
798 0.024517 
799 0.007765 
800 -0.058110 
801 0.058542 
802 0.036518 
803 -0.128461 
804 0.032408 
805 0.016273 
806 -0.027354 
807 0.028768 
808 0.009023 
809 0.026437 
810 -0.060880 
811 0.063936 
812 -0.080287 
813 0.013319 
814 0.023085 
815 0.009080 
816 -0.024986 
817 -0.002703 
818 -0.015629 
819 0.021263 
820 -0.044501 
821 0.029022 
822 0.042934 
823 0.011512 
824 0.003970 
825 -0.052861 
826 0.082316 
827 -0.072572 
828 0.108367 
829 -0.039834 
830 -0.007714 
831 0.049382 
832 -0.048510 
833 -0.027443 
834 -0.004510 
835 0.083601 
836 -0.038188 
837 -0.003389 
838 0.032032 
839 -0.109725 
840 0.051006 
841 0.003575 
842 -0.006602 
843 -0.031736 
844 0.035622 
845 -0.037485 
846 -0.059009 
847 -0.003589 
848 0.092120 
849 -0.119365 
850 0.047168 
851 -0.009790 
852 0.011042 
853 -0.018931 
854 0.034051 
855 -0.032162 
856 -0.009648 
857 0.043896 
858 0.010101 
859 -0.020705 
860 0.017175 
861 -0.018594 
862 -0.058056 
863 0.018620 
864 0.071022 
865 0.010546 
866 0.004071 
867 -0.008057 
868 0.035857 
869 -0.039857 
870 0.010214 
871 0.036543 
872 0.019499 
873 0.036547 
874 0.001526 
875 -0.003614 
876 -0.040367 
877 0.070357 
878 -0.041473 
879 -0.009628 
880 0.040958 
881 -0.009832 
882 -0.055174 
883 0.015187 
884 0.028317 
885 -0.049265 
886 -0.048522 
887 0.011132 
888 -0.051794 
889 0.020732 
890 0.032427 
891 -0.059717 
892 0.061733 
893 -0.014118 
894 0.038070 
895 -0.088065 
896 0.094601 
897 0.039886 
898 -0.029818 
899 0.068772 
900 -0.091166 
901 -0.027590 
902 0.006006 
903 0.040849 
904 0.020849 
905 0.025308 
906 0.032086 
907 -0.062139 
908 0.024482 
909 0.017597 
910 0.039688 
911 0.026888 
912 0.005775 
913 -0.038535 
914 0.044314 
915 -0.051392 
916 0.082171 
917 -0.064807 
918 -0.031041 
919 0.039046 
920 -0.123304 
921 0.010087 
922 0.002514 
923 0.110241 
924 -0.085335 
925 0.035416 
926 0.006732 
927 -0.048699 
928 0.025309 
929 0.061592 
930 0.007569 
931 -0.028070 
932 0.045757 
933 -0.098592 
934 -0.107051 
935 0.071707 
936 0.029572 
937 -0.124549 
938 0.122982 
939 -0.044562 
940 -0.156278 
941 0.061767 
942 0.065430 
943 -0.005814 
944 0.047936 
945 0.153131 
946 -0.215922 
947 0.060228 
948 0.073179 
949 -0.007311 
950 -0.039059 
951 0.135692 
952 -0.144258 
953 -0.090546 
954 0.162557 
955 0.008550 
956 -0.091288 
957 0.092538 
958 -0.032505 
959 -0.101620 
960 0.119081 
961 0.096627 
962 -0.123615 
963 0.086239 
964 0.056256 
965 -0.152532 
966 -0.001776 
967 0.019784 
968 -0.145694 
969 0.051036 
970 0.036274 
971 -0.087745 
972 -0.036311 
973 0.165756 
974 -0.074929 
975 0.003512 
976 -0.000530 
977 0.028196 
978 0.046072 
979 0.118156 
980 -0.096947 
981 -0.012511 
982 -0.052118 
983 -0.082470 
984 0.034204 
985 0.065864 
986 0.071954 
987 0.027488 
988 -0.123057 
989 -0.047805 
990 0.093562 
991 0.088583 
992 0.032977 
993 0.123228 
994 0.068188 
995 -0.133509 
996 -0.074559 
997 -0.069117 
998 -0.034198 
999 0.156857 
1000 -0.048694 
1001 -0.227257 
1002 -0.043914 
1003 0.051398 
1004 0.028699 
1005 0.018952 
1006 0.233829 
1007 -0.084184 
1008 0.082512 
1009 0.045956 
1010 -0.203616 
1011 0.061252 
1012 0.357387 
1013 -0.202368 
1014 -0.371688 
1015 0.131088 
1016 -0.171915 
1017 -0.071946 
1018 0.362363 
1019 -0.020761 
1020 -0.075998 
1021 -0.073746 
1022 -0.126473 
1023 0.224076 
