0 0.007434 
1 -0.024691 
2 -0.017167 
3 -0.005646 
4 0.032456 
5 0.016374 
6 -0.006526 
7 0.002550 
8 0.027528 
9 0.018843 
10 -0.012111 
11 -0.031822 
12 0.011072 
13 0.012131 
14 0.016488 
15 -0.006213 
16 0.023109 
17 0.016759 
18 -0.014761 
19 -0.052929 
20 -0.008342 
21 0.013140 
22 0.039040 
23 -0.009359 
24 0.014518 
25 0.006867 
26 0.007526 
27 -0.021703 
28 0.014658 
29 0.024293 
30 0.030167 
31 -0.013571 
32 -0.008531 
33 -0.011375 
34 0.028844 
35 0.003613 
36 0.011680 
37 -0.032168 
38 0.005844 
39 -0.024603 
40 -0.036225 
41 -0.042064 
42 0.014484 
43 0.041611 
44 0.052614 
45 0.031037 
46 0.093362 
47 0.038766 
48 -0.013038 
49 -0.111579 
50 -0.079767 
51 -0.071181 
52 -0.027817 
53 -0.008318 
54 0.072898 
55 0.059261 
56 0.023687 
57 -0.029590 
58 -0.011555 
59 0.009361 
60 0.010382 
61 0.003770 
62 -0.003514 
63 0.015895 
64 0.019661 
65 0.005951 
66 -0.026269 
67 -0.006547 
68 -0.007346 
69 -0.011721 
70 -0.021685 
71 0.004025 
72 0.034860 
73 -0.002846 
74 -0.021938 
75 -0.008337 
76 0.012836 
77 0.023205 
78 -0.027546 
79 -0.013035 
80 0.002993 
81 -0.000775 
82 0.002186 
83 -0.022882 
84 0.035697 
85 -0.007962 
86 -0.001797 
87 -0.048664 
88 0.013055 
89 0.002275 
90 0.043589 
91 -0.014938 
92 0.009012 
93 -0.017118 
94 0.003497 
95 -0.048172 
96 -0.013252 
97 -0.009742 
98 0.035235 
99 -0.018841 
100 -0.005689 
101 0.004041 
102 0.033723 
103 -0.007451 
104 -0.012773 
105 -0.017181 
106 0.025456 
107 -0.012081 
108 -0.004922 
109 -0.025090 
110 0.016004 
111 -0.024736 
112 -0.023604 
113 -0.043751 
114 0.026416 
115 0.021748 
116 0.026056 
117 -0.016743 
118 0.017828 
119 -0.017904 
120 -0.002514 
121 -0.050691 
122 0.013498 
123 -0.009532 
124 0.022246 
125 -0.024290 
126 0.028702 
127 0.012751 
128 0.020620 
129 -0.051004 
130 -0.022415 
131 -0.043064 
132 0.036029 
133 -0.021009 
134 0.030567 
135 -0.010751 
136 0.031888 
137 -0.041767 
138 -0.011462 
139 -0.025145 
140 0.049369 
141 -0.004693 
142 0.012936 
143 -0.018501 
144 0.032367 
145 -0.020173 
146 -0.020606 
147 -0.055113 
148 0.022080 
149 -0.013215 
150 0.020616 
151 -0.019770 
152 0.045721 
153 -0.002131 
154 0.012013 
155 -0.050319 
156 0.007664 
157 -0.010411 
158 0.036046 
159 -0.020207 
160 0.024929 
161 -0.004728 
162 0.011480 
163 -0.054971 
164 -0.025103 
165 -0.009585 
166 0.033481 
167 0.003692 
168 0.011407 
169 0.012352 
170 0.041710 
171 -0.017271 
172 -0.014240 
173 -0.037857 
174 0.014400 
175 -0.011871 
176 -0.003504 
177 0.012636 
178 0.040948 
179 0.014593 
180 -0.014636 
181 -0.034524 
182 0.001283 
183 0.011615 
184 0.009800 
185 0.011106 
186 0.013358 
187 0.015863 
188 -0.018297 
189 -0.011266 
190 -0.002734 
191 0.022123 
192 0.004066 
193 -0.007144 
194 -0.008986 
195 0.020508 
196 0.014096 
197 -0.014908 
198 -0.011843 
199 -0.006531 
200 0.020367 
201 -0.002208 
202 0.015157 
203 0.009453 
204 0.026816 
205 -0.034997 
206 -0.012946 
207 -0.014434 
208 0.047500 
209 0.004888 
210 0.010701 
211 -0.028695 
212 0.011662 
213 -0.032013 
214 0.002270 
215 -0.018830 
216 0.048010 
217 0.007300 
218 0.021481 
219 -0.021600 
220 0.028414 
221 0.005158 
222 0.018929 
223 -0.029454 
224 -0.002297 
225 -0.000972 
226 -0.005071 
227 -0.013921 
228 -0.009290 
229 0.023366 
230 0.014635 
231 -0.014872 
232 0.004693 
233 0.019656 
234 0.039927 
235 -0.005738 
236 -0.013330 
237 -0.010572 
238 0.011681 
239 -0.023959 
240 -0.012788 
241 -0.011129 
242 0.030211 
243 -0.005400 
244 -0.003264 
245 -0.001487 
246 0.031985 
247 -0.006697 
248 -0.012452 
249 -0.039970 
250 0.018524 
251 0.002933 
252 0.026661 
253 -0.008964 
254 0.036154 
255 -0.018038 
256 -0.000762 
257 -0.069581 
258 0.013135 
259 -0.004508 
260 0.037605 
261 -0.022615 
262 0.011525 
263 -0.006560 
264 0.013183 
265 -0.043975 
266 0.004972 
267 -0.006558 
268 0.037791 
269 -0.018645 
270 0.007646 
271 -0.013031 
272 0.040532 
273 -0.034049 
274 -0.008845 
275 -0.035991 
276 0.028005 
277 -0.022496 
278 -0.003412 
279 -0.025463 
280 0.034595 
281 -0.019709 
282 0.008472 
283 -0.023866 
284 0.037384 
285 -0.007962 
286 -0.002893 
287 -0.031998 
288 0.017877 
289 0.001805 
290 0.014182 
291 -0.042050 
292 -0.006069 
293 -0.030179 
294 0.003997 
295 -0.021775 
296 0.024576 
297 0.030653 
298 0.037909 
299 -0.040907 
300 -0.021971 
301 -0.021132 
302 0.015712 
303 -0.024184 
304 -0.001136 
305 0.002720 
306 0.034458 
307 -0.027926 
308 -0.006130 
309 -0.020660 
310 0.023002 
311 -0.021494 
312 -0.008396 
313 -0.008869 
314 0.033746 
315 -0.014296 
316 0.011097 
317 -0.040652 
318 0.020900 
319 -0.014912 
320 0.017484 
321 -0.026028 
322 0.021996 
323 -0.002528 
324 0.009906 
325 -0.047620 
326 0.005985 
327 0.016392 
328 0.017299 
329 -0.032350 
330 -0.011854 
331 0.003046 
332 0.017970 
333 -0.013746 
334 0.010591 
335 0.020310 
336 0.002848 
337 -0.024352 
338 -0.022495 
339 0.009089 
340 0.025703 
341 -0.006547 
342 -0.005343 
343 -0.011308 
344 0.001627 
345 -0.010389 
346 -0.001494 
347 0.010196 
348 0.025296 
349 0.011998 
350 -0.002890 
351 -0.017290 
352 0.018071 
353 0.013108 
354 -0.011994 
355 -0.027806 
356 0.003700 
357 0.005696 
358 0.013478 
359 -0.016607 
360 0.014935 
361 0.010703 
362 -0.001811 
363 -0.008771 
364 0.017920 
365 0.023087 
366 0.018887 
367 -0.038440 
368 -0.000333 
369 -0.008275 
370 0.033180 
371 -0.007910 
372 0.008053 
373 -0.008754 
374 0.019684 
375 -0.024796 
376 0.000995 
377 -0.004855 
378 0.042231 
379 -0.003636 
380 -0.000128 
381 -0.006484 
382 0.047022 
383 -0.003130 
384 0.005508 
385 -0.036163 
386 0.020207 
387 -0.017402 
388 0.013732 
389 -0.018748 
390 0.056180 
391 -0.000750 
392 0.030337 
393 -0.049901 
394 0.019056 
395 -0.015613 
396 0.028187 
397 -0.025304 
398 0.027942 
399 0.011694 
400 0.051542 
401 -0.029038 
402 0.002235 
403 -0.011449 
404 0.015518 
405 -0.035824 
406 -0.002245 
407 0.004190 
408 0.050019 
409 -0.010767 
410 0.007710 
411 -0.015905 
412 0.019853 
413 -0.015207 
414 0.011090 
415 0.010499 
416 0.052022 
417 -0.003558 
418 0.001579 
419 -0.051699 
420 0.008808 
421 -0.006488 
422 0.013401 
423 -0.018234 
424 0.032602 
425 0.013907 
426 0.027699 
427 -0.035110 
428 0.015955 
429 -0.012558 
430 0.003682 
431 -0.037994 
432 0.028256 
433 0.026503 
434 0.043627 
435 -0.024574 
436 -0.001330 
437 -0.021073 
438 -0.001089 
439 -0.032971 
440 0.008604 
441 0.013626 
442 0.043409 
443 -0.009123 
444 0.001543 
445 -0.013154 
446 0.011756 
447 -0.011189 
448 -0.011854 
449 -0.016286 
450 0.031160 
451 0.015398 
452 0.009068 
453 -0.022685 
454 0.008768 
455 -0.008502 
456 -0.028132 
457 -0.028059 
458 0.027650 
459 0.040078 
460 0.013325 
461 -0.016384 
462 -0.006992 
463 0.009354 
464 -0.023969 
465 -0.014587 
466 -0.003784 
467 0.028636 
468 0.007557 
469 -0.018585 
470 -0.011366 
471 -0.001483 
472 -0.002069 
473 -0.020810 
474 -0.005751 
475 0.007213 
476 0.037475 
477 0.002896 
478 0.005612 
479 -0.020118 
480 -0.001709 
481 -0.023350 
482 -0.016988 
483 -0.012988 
484 0.038306 
485 0.008396 
486 0.001505 
487 -0.044245 
488 0.013307 
489 -0.007339 
490 0.008718 
491 -0.030939 
492 0.030421 
493 -0.008037 
494 0.016707 
495 -0.035614 
496 0.027275 
497 -0.003124 
498 0.010824 
499 -0.049354 
500 0.014953 
501 -0.001926 
502 0.027146 
503 -0.046268 
504 0.004229 
505 -0.023597 
506 0.013598 
507 -0.034848 
508 0.028208 
509 0.011205 
510 0.056175 
511 -0.033152 
512 0.004300 
513 -0.042963 
514 0.020521 
515 -0.032503 
516 -0.001322 
517 -0.015414 
518 0.039046 
519 -0.012402 
520 0.000262 
521 -0.036042 
522 0.016469 
523 -0.018518 
524 0.001124 
525 -0.024543 
526 0.050987 
527 0.014969 
528 0.023941 
529 -0.057373 
530 -0.000509 
531 -0.030967 
532 0.010678 
533 -0.027171 
534 0.037161 
535 0.009105 
536 0.032217 
537 -0.061943 
538 -0.008222 
539 -0.019950 
540 0.031616 
541 -0.025461 
542 0.013462 
543 0.001534 
544 0.047906 
545 -0.017944 
546 0.004699 
547 -0.027981 
548 0.019211 
549 -0.042055 
550 -0.002036 
551 -0.021744 
552 0.053510 
553 -0.002838 
554 0.011274 
555 -0.042590 
556 0.010483 
557 -0.018012 
558 0.004716 
559 -0.008743 
560 0.046112 
561 0.021410 
562 0.020376 
563 -0.038232 
564 -0.011118 
565 -0.022892 
566 -0.024504 
567 -0.039280 
568 0.010343 
569 0.036642 
570 0.048734 
571 -0.002778 
572 0.009785 
573 -0.026049 
574 -0.008061 
575 -0.041373 
576 0.002064 
577 0.010312 
578 0.053873 
579 -0.004410 
580 -0.011786 
581 -0.026874 
582 0.007470 
583 -0.008736 
584 -0.012943 
585 0.001185 
586 0.028612 
587 0.003854 
588 -0.018540 
589 -0.018820 
590 0.020483 
591 0.015509 
592 -0.018313 
593 -0.010193 
594 0.016922 
595 0.023199 
596 -0.000784 
597 -0.020669 
598 0.002290 
599 -0.009155 
600 -0.012838 
601 -0.024298 
602 0.013277 
603 0.017117 
604 0.028629 
605 -0.019275 
606 0.001197 
607 -0.005380 
608 0.029783 
609 -0.015585 
610 0.001533 
611 -0.018780 
612 0.027741 
613 -0.022059 
614 -0.003406 
615 -0.015257 
616 0.032271 
617 -0.012503 
618 -0.019926 
619 -0.013653 
620 0.036064 
621 0.008599 
622 -0.006200 
623 -0.025121 
624 0.012947 
625 0.002471 
626 0.008118 
627 -0.000432 
628 0.027608 
629 0.003675 
630 -0.022567 
631 -0.044013 
632 -0.006858 
633 0.006142 
634 0.006751 
635 -0.009591 
636 0.013201 
637 0.009993 
638 0.012191 
639 -0.024273 
640 0.002161 
641 -0.000913 
642 0.020205 
643 -0.010036 
644 0.011678 
645 0.004659 
646 0.030326 
647 -0.027697 
648 -0.022392 
649 -0.042060 
650 0.008332 
651 -0.016580 
652 0.011342 
653 0.001461 
654 0.050389 
655 0.005200 
656 0.003405 
657 -0.032201 
658 0.032506 
659 -0.010189 
660 -0.001162 
661 -0.043492 
662 0.037974 
663 -0.002138 
664 0.016099 
665 -0.054113 
666 0.015149 
667 -0.026773 
668 0.003677 
669 -0.038788 
670 0.044658 
671 0.022599 
672 0.050625 
673 -0.028134 
674 0.007315 
675 -0.036281 
676 0.006635 
677 -0.040664 
678 0.000589 
679 -0.001969 
680 0.036013 
681 -0.007369 
682 -0.006896 
683 -0.006067 
684 0.023807 
685 -0.017850 
686 -0.027131 
687 -0.016618 
688 0.032902 
689 0.023490 
690 0.009591 
691 -0.005198 
692 0.016249 
693 -0.010519 
694 -0.025335 
695 -0.028699 
696 0.024422 
697 0.010516 
698 0.007967 
699 -0.020824 
700 0.016340 
701 0.000465 
702 0.015543 
703 -0.035762 
704 0.003265 
705 -0.000474 
706 0.026836 
707 -0.015275 
708 0.018514 
709 0.017066 
710 0.026195 
711 -0.040767 
712 -0.020316 
713 -0.013760 
714 0.024233 
715 -0.016811 
716 -0.000359 
717 -0.001650 
718 0.028331 
719 -0.003111 
720 -0.002500 
721 0.004700 
722 0.021576 
723 -0.000491 
724 -0.015945 
725 -0.013999 
726 0.016961 
727 0.010453 
728 -0.009146 
729 -0.025914 
730 0.008565 
731 0.018776 
732 0.016596 
733 -0.009320 
734 0.018451 
735 0.012106 
736 -0.006608 
737 -0.040388 
738 -0.006867 
739 0.019921 
740 0.032627 
741 0.007744 
742 0.018604 
743 0.024519 
744 0.013027 
745 -0.029136 
746 -0.017773 
747 0.001759 
748 0.010580 
749 -0.007713 
750 -0.017295 
751 0.009899 
752 0.026315 
753 0.017564 
754 -0.006780 
755 0.002843 
756 0.031227 
757 0.018426 
758 -0.000656 
759 -0.014090 
760 0.010017 
761 -0.017535 
762 -0.018934 
763 -0.029124 
764 0.032192 
765 0.017714 
766 0.020638 
767 -0.024462 
768 0.024180 
769 -0.004259 
770 0.025732 
771 -0.019144 
772 0.033802 
773 0.008573 
774 0.030885 
775 -0.028889 
776 0.002310 
777 -0.017992 
778 0.019364 
779 -0.045694 
780 -0.003073 
781 -0.008736 
782 0.072796 
783 0.005089 
784 0.033964 
785 -0.008571 
786 0.029915 
787 -0.055733 
788 -0.013699 
789 -0.025873 
790 0.051451 
791 0.010437 
792 0.022424 
793 -0.002933 
794 0.033996 
795 -0.016309 
796 -0.014042 
797 -0.037980 
798 0.018568 
799 -0.009413 
800 0.023847 
801 -0.010091 
802 0.023711 
803 0.000156 
804 0.016125 
805 -0.025027 
806 0.004916 
807 0.012933 
808 0.031219 
809 -0.006651 
810 -0.010352 
811 -0.007490 
812 -0.009032 
813 -0.042673 
814 -0.016160 
815 0.010677 
816 0.053030 
817 0.013674 
818 0.011677 
819 -0.001222 
820 0.022318 
821 -0.032508 
822 -0.030381 
823 -0.036031 
824 0.027833 
825 -0.000753 
826 0.026848 
827 0.005926 
828 0.040995 
829 -0.024220 
830 -0.028157 
831 -0.069004 
832 0.012330 
833 0.011336 
834 0.040148 
835 -0.000619 
836 0.024900 
837 -0.007280 
838 -0.020141 
839 -0.046005 
840 -0.000429 
841 0.022235 
842 0.028338 
843 -0.000326 
844 0.002873 
845 0.009195 
846 -0.012301 
847 -0.044565 
848 -0.042780 
849 -0.011896 
850 0.024961 
851 0.017267 
852 0.010396 
853 0.016136 
854 0.011482 
855 -0.013191 
856 -0.037680 
857 -0.012194 
858 0.007442 
859 0.008065 
860 -0.035675 
861 -0.024686 
862 -0.012577 
863 0.007310 
864 -0.016973 
865 -0.003061 
866 0.022023 
867 0.031378 
868 -0.017210 
869 -0.025658 
870 -0.012891 
871 0.015579 
872 -0.025158 
873 -0.030578 
874 -0.010106 
875 0.019377 
876 0.010677 
877 -0.000063 
878 0.003461 
879 -0.001545 
880 -0.010268 
881 -0.045689 
882 -0.009671 
883 -0.010429 
884 0.038708 
885 -0.013634 
886 -0.004163 
887 -0.022133 
888 0.018432 
889 -0.014094 
890 0.000090 
891 -0.008741 
892 0.037326 
893 -0.005667 
894 -0.015515 
895 -0.050129 
896 0.001438 
897 -0.029428 
898 -0.007272 
899 -0.031290 
900 0.049057 
901 0.027870 
902 0.027004 
903 -0.023063 
904 -0.007444 
905 -0.025381 
906 -0.029844 
907 -0.049148 
908 0.002100 
909 0.016933 
910 0.026547 
911 -0.020400 
912 -0.011580 
913 0.002353 
914 0.018652 
915 -0.021753 
916 -0.001162 
917 -0.004507 
918 0.037860 
919 -0.007761 
920 -0.005163 
921 -0.009645 
922 0.013592 
923 -0.044506 
924 -0.033090 
925 -0.018225 
926 0.047829 
927 0.015115 
928 0.025608 
929 -0.002869 
930 0.009295 
931 -0.038921 
932 -0.027294 
933 -0.030580 
934 0.033680 
935 0.019960 
936 0.041037 
937 -0.012748 
938 0.008218 
939 -0.025691 
940 -0.018512 
941 -0.062629 
942 -0.008022 
943 0.009433 
944 0.052759 
945 0.011367 
946 0.034346 
947 0.001499 
948 -0.000118 
949 -0.088621 
950 -0.021004 
951 -0.016769 
952 0.049932 
953 -0.006260 
954 0.026328 
955 0.011259 
956 0.019344 
957 -0.030544 
958 -0.008910 
959 -0.010598 
960 0.018706 
961 -0.009002 
962 -0.014851 
963 -0.004681 
964 0.010013 
965 0.018094 
966 0.000080 
967 0.000010 
968 0.002511 
969 0.025540 
970 -0.002545 
971 -0.003197 
972 -0.013400 
973 0.022827 
974 -0.021005 
975 -0.018441 
976 -0.013846 
977 0.048653 
978 0.015578 
979 -0.007123 
980 -0.027099 
981 0.027138 
982 0.016001 
983 0.005632 
984 0.007881 
985 0.027771 
986 0.012450 
987 -0.027268 
988 -0.039088 
989 -0.003976 
990 0.006195 
991 -0.002901 
992 -0.001223 
993 0.015104 
994 0.044281 
995 0.023652 
996 0.011032 
997 -0.011586 
998 -0.000848 
999 -0.014003 
1000 -0.023469 
1001 -0.031522 
1002 0.029015 
1003 0.022420 
1004 0.024103 
1005 -0.014494 
1006 0.013318 
1007 0.009566 
1008 0.007338 
1009 -0.026976 
1010 0.014869 
1011 0.003849 
1012 0.021827 
1013 -0.030762 
1014 0.019679 
1015 0.017919 
1016 0.025038 
1017 -0.036298 
1018 -0.017147 
1019 0.007063 
1020 0.033365 
1021 0.013445 
1022 0.005601 
1023 0.000766 
