0 0.003151 
1 0.002879 
2 0.001825 
3 0.000715 
4 -0.000152 
5 -0.000950 
6 -0.001324 
7 -0.000997 
8 -0.000376 
9 0.000221 
10 0.000841 
11 0.001191 
12 0.001104 
13 0.000825 
14 0.000598 
15 0.000367 
16 0.000129 
17 -0.000013 
18 0.000010 
19 0.000170 
20 0.000411 
21 0.000527 
22 0.000476 
23 -0.000088 
24 -0.000792 
25 -0.000933 
26 -0.000579 
27 -0.000168 
28 0.000264 
29 0.000862 
30 0.001446 
31 0.001537 
32 0.001149 
33 0.000403 
34 -0.000521 
35 -0.001491 
36 -0.002378 
37 -0.002664 
38 -0.001754 
39 -0.000229 
40 0.000925 
41 0.001762 
42 0.002452 
43 0.002389 
44 0.001304 
45 -0.000153 
46 -0.001508 
47 -0.002474 
48 -0.002680 
49 -0.002010 
50 -0.000978 
51 -0.000148 
52 0.000390 
53 0.000849 
54 0.001164 
55 0.001316 
56 0.001220 
57 0.000889 
58 0.000040 
59 -0.001099 
60 -0.001912 
61 -0.002236 
62 -0.002351 
63 -0.002018 
64 -0.000789 
65 0.001000 
66 0.002237 
67 0.002574 
68 0.002246 
69 0.001163 
70 -0.000533 
71 -0.001883 
72 -0.002128 
73 -0.002018 
74 -0.001952 
75 -0.001059 
76 0.000626 
77 0.001671 
78 0.001477 
79 0.001285 
80 0.001654 
81 0.001249 
82 -0.000135 
83 -0.000917 
84 -0.000760 
85 -0.000792 
86 -0.001246 
87 -0.001044 
88 -0.000037 
89 0.000768 
90 0.001200 
91 0.001557 
92 0.001499 
93 0.001053 
94 0.000839 
95 0.000846 
96 0.000161 
97 -0.000723 
98 -0.000461 
99 0.000286 
100 0.000235 
101 -0.000074 
102 0.000205 
103 0.000701 
104 0.000699 
105 0.000481 
106 0.000637 
107 0.001137 
108 0.001720 
109 0.002468 
110 0.002703 
111 0.001747 
112 0.000417 
113 -0.000711 
114 -0.001776 
115 -0.002820 
116 -0.002897 
117 -0.001154 
118 0.001139 
119 0.002936 
120 0.004678 
121 0.005717 
122 0.005001 
123 0.003177 
124 0.000609 
125 -0.002760 
126 -0.005432 
127 -0.005876 
128 -0.004249 
129 -0.001589 
130 0.001853 
131 0.005835 
132 0.009037 
133 0.009441 
134 0.006123 
135 0.001001 
136 -0.003325 
137 -0.006073 
138 -0.007600 
139 -0.007368 
140 -0.004038 
141 0.001180 
142 0.005784 
143 0.008555 
144 0.009530 
145 0.008111 
146 0.003877 
147 -0.001419 
148 -0.005346 
149 -0.007531 
150 -0.008061 
151 -0.006054 
152 -0.001957 
153 0.002707 
154 0.006222 
155 0.007605 
156 0.006805 
157 0.004389 
158 0.001361 
159 -0.001592 
160 -0.004596 
161 -0.006475 
162 -0.006006 
163 -0.004076 
164 -0.001828 
165 -0.000131 
166 0.001383 
167 0.003364 
168 0.004323 
169 0.003605 
170 0.001503 
171 -0.001040 
172 -0.002925 
173 -0.004312 
174 -0.005801 
175 -0.006547 
176 -0.005231 
177 -0.002082 
178 0.001015 
179 0.002886 
180 0.003315 
181 0.001442 
182 -0.001510 
183 -0.003274 
184 -0.004625 
185 -0.005930 
186 -0.005760 
187 -0.003530 
188 -0.001089 
189 -0.000300 
190 -0.001556 
191 -0.003269 
192 -0.003871 
193 -0.003934 
194 -0.004200 
195 -0.003446 
196 -0.001664 
197 -0.001511 
198 -0.003387 
199 -0.004913 
200 -0.004256 
201 -0.003980 
202 -0.005566 
203 -0.005498 
204 -0.002200 
205 -0.000359 
206 -0.003126 
207 -0.006633 
208 -0.006722 
209 -0.005472 
210 -0.005474 
211 -0.005211 
212 -0.003604 
213 -0.002066 
214 -0.002088 
215 -0.003799 
216 -0.006271 
217 -0.008343 
218 -0.008970 
219 -0.007524 
220 -0.004972 
221 -0.003607 
222 -0.003064 
223 -0.001788 
224 -0.000274 
225 -0.001259 
226 -0.004735 
227 -0.007923 
228 -0.009106 
229 -0.009470 
230 -0.009214 
231 -0.007542 
232 -0.004918 
233 -0.002966 
234 -0.002092 
235 -0.001021 
236 0.000289 
237 0.000075 
238 -0.001260 
239 -0.002458 
240 -0.005069 
241 -0.008770 
242 -0.009469 
243 -0.007895 
244 -0.007926 
245 -0.007542 
246 -0.003536 
247 0.000930 
248 0.001624 
249 0.001008 
250 0.001306 
251 -0.000224 
252 -0.003846 
253 -0.004634 
254 -0.003037 
255 -0.003959 
256 -0.006011 
257 -0.004552 
258 -0.001662 
259 -0.002607 
260 -0.005301 
261 -0.002707 
262 0.003327 
263 0.005306 
264 0.003855 
265 0.002965 
266 0.001898 
267 -0.001088 
268 -0.004623 
269 -0.006748 
270 -0.006287 
271 -0.003663 
272 0.000640 
273 0.006275 
274 0.010494 
275 0.009782 
276 0.006125 
277 0.002771 
278 -0.000043 
279 -0.003749 
280 -0.007112 
281 -0.005607 
282 0.001003 
283 0.005912 
284 0.006945 
285 0.007797 
286 0.008694 
287 0.006829 
288 0.003656 
289 0.001989 
290 0.002672 
291 0.002613 
292 0.001712 
293 0.001500 
294 0.002420 
295 0.004365 
296 0.006757 
297 0.007969 
298 0.008450 
299 0.008371 
300 0.007271 
301 0.004323 
302 -0.000647 
303 -0.004619 
304 -0.004486 
305 -0.000814 
306 0.004611 
307 0.010583 
308 0.015363 
309 0.017668 
310 0.016012 
311 0.010053 
312 0.003405 
313 -0.001905 
314 -0.007478 
315 -0.011917 
316 -0.011173 
317 -0.004931 
318 0.003540 
319 0.014298 
320 0.024241 
321 0.025759 
322 0.018707 
323 0.011165 
324 0.003510 
325 -0.006911 
326 -0.016630 
327 -0.017508 
328 -0.008970 
329 0.000347 
330 0.005220 
331 0.010255 
332 0.017524 
333 0.021748 
334 0.018465 
335 0.011901 
336 0.005447 
337 -0.002157 
338 -0.011409 
339 -0.018334 
340 -0.019473 
341 -0.012626 
342 -0.001554 
343 0.012368 
344 0.026255 
345 0.032037 
346 0.023507 
347 0.008219 
348 -0.005152 
349 -0.016029 
350 -0.024894 
351 -0.027474 
352 -0.019769 
353 -0.005006 
354 0.009709 
355 0.021419 
356 0.026106 
357 0.020239 
358 0.009169 
359 -0.000290 
360 -0.008806 
361 -0.020002 
362 -0.027361 
363 -0.023005 
364 -0.012523 
365 -0.001917 
366 0.010897 
367 0.021531 
368 0.021153 
369 0.011612 
370 0.000529 
371 -0.009570 
372 -0.019482 
373 -0.025980 
374 -0.022077 
375 -0.009987 
376 0.002164 
377 0.011649 
378 0.016173 
379 0.010034 
380 -0.002014 
381 -0.009889 
382 -0.011914 
383 -0.014506 
384 -0.015370 
385 -0.007951 
386 0.001812 
387 0.005878 
388 0.006058 
389 0.005751 
390 -0.000786 
391 -0.013168 
392 -0.018937 
393 -0.012880 
394 -0.005541 
395 -0.005676 
396 -0.007704 
397 -0.004292 
398 0.002264 
399 0.004635 
400 0.003255 
401 0.001848 
402 -0.000875 
403 -0.006175 
404 -0.010342 
405 -0.012189 
406 -0.013210 
407 -0.012981 
408 -0.009966 
409 -0.005334 
410 -0.001209 
411 0.004059 
412 0.010675 
413 0.011690 
414 0.006308 
415 -0.001380 
416 -0.007112 
417 -0.011520 
418 -0.015708 
419 -0.015952 
420 -0.012205 
421 -0.007356 
422 0.001020 
423 0.011171 
424 0.014630 
425 0.010191 
426 0.005783 
427 0.005002 
428 0.004593 
429 -0.000170 
430 -0.006134 
431 -0.011721 
432 -0.014501 
433 -0.013568 
434 -0.008371 
435 -0.001623 
436 0.007072 
437 0.017809 
438 0.027093 
439 0.028753 
440 0.018543 
441 0.001198 
442 -0.013954 
443 -0.021168 
444 -0.021639 
445 -0.017714 
446 -0.008574 
447 0.005263 
448 0.017842 
449 0.024676 
450 0.026749 
451 0.024880 
452 0.019458 
453 0.008385 
454 -0.006213 
455 -0.016274 
456 -0.017069 
457 -0.011608 
458 -0.006528 
459 -0.002586 
460 0.006891 
461 0.022862 
462 0.032669 
463 0.028333 
464 0.019042 
465 0.012509 
466 0.005444 
467 -0.005330 
468 -0.011810 
469 -0.010034 
470 -0.006522 
471 -0.002978 
472 0.004999 
473 0.013889 
474 0.018671 
475 0.021273 
476 0.023610 
477 0.020472 
478 0.010256 
479 0.003201 
480 0.005511 
481 0.006486 
482 -0.001378 
483 -0.008357 
484 -0.005330 
485 0.001728 
486 0.004581 
487 0.007828 
488 0.018073 
489 0.028638 
490 0.031048 
491 0.026659 
492 0.018798 
493 0.006806 
494 -0.009128 
495 -0.024321 
496 -0.029813 
497 -0.020309 
498 -0.000865 
499 0.020306 
500 0.037654 
501 0.045477 
502 0.042446 
503 0.031282 
504 0.011597 
505 -0.014124 
506 -0.033905 
507 -0.035943 
508 -0.021181 
509 -0.002947 
510 0.013365 
511 0.028700 
512 0.038441 
513 0.034775 
514 0.021510 
515 0.007756 
516 -0.002883 
517 -0.012561 
518 -0.016818 
519 -0.012593 
520 -0.004894 
521 0.002371 
522 0.009920 
523 0.013877 
524 0.012400 
525 0.008781 
526 0.006145 
527 0.003520 
528 0.000624 
529 -0.001072 
530 -0.000648 
531 0.001466 
532 0.004438 
533 0.005936 
534 0.005319 
535 -0.001527 
536 -0.010042 
537 -0.011835 
538 -0.007802 
539 -0.003103 
540 0.001887 
541 0.008642 
542 0.015348 
543 0.016565 
544 0.012385 
545 0.004190 
546 -0.005979 
547 -0.016581 
548 -0.026241 
549 -0.029306 
550 -0.019578 
551 -0.003521 
552 0.008606 
553 0.017280 
554 0.024400 
555 0.023766 
556 0.012719 
557 -0.001908 
558 -0.015536 
559 -0.025150 
560 -0.026979 
561 -0.020117 
562 -0.009794 
563 -0.001635 
564 0.003561 
565 0.007859 
566 0.010545 
567 0.011617 
568 0.010506 
569 0.007323 
570 -0.000396 
571 -0.010331 
572 -0.016945 
573 -0.019040 
574 -0.019540 
575 -0.016472 
576 -0.006083 
577 0.008641 
578 0.018450 
579 0.020733 
580 0.017634 
581 0.008706 
582 -0.004581 
583 -0.014772 
584 -0.016322 
585 -0.015108 
586 -0.014237 
587 -0.007222 
588 0.005436 
589 0.013016 
590 0.011338 
591 0.009491 
592 0.011504 
593 0.008130 
594 -0.001615 
595 -0.006747 
596 -0.005182 
597 -0.004732 
598 -0.007154 
599 -0.005411 
600 0.001211 
601 0.006166 
602 0.008334 
603 0.009857 
604 0.008998 
605 0.006169 
606 0.005029 
607 0.005185 
608 0.001383 
609 -0.003352 
610 -0.001395 
611 0.002983 
612 0.002534 
613 0.000753 
614 0.002104 
615 0.004258 
616 0.003765 
617 0.002501 
618 0.003518 
619 0.006621 
620 0.010193 
621 0.014207 
622 0.015312 
623 0.010099 
624 0.003104 
625 -0.002833 
626 -0.008140 
627 -0.012893 
628 -0.012655 
629 -0.003877 
630 0.006820 
631 0.014779 
632 0.022077 
633 0.026081 
634 0.022472 
635 0.014191 
636 0.003080 
637 -0.010856 
638 -0.021388 
639 -0.022589 
640 -0.015624 
641 -0.004857 
642 0.008528 
643 0.023677 
644 0.035433 
645 0.036385 
646 0.023421 
647 0.004272 
648 -0.011398 
649 -0.021020 
650 -0.026219 
651 -0.024960 
652 -0.012896 
653 0.005234 
654 0.020551 
655 0.029544 
656 0.032562 
657 0.027442 
658 0.013125 
659 -0.004165 
660 -0.016506 
661 -0.023207 
662 -0.024636 
663 -0.018033 
664 -0.005139 
665 0.009095 
666 0.019405 
667 0.023064 
668 0.020295 
669 0.012830 
670 0.003852 
671 -0.004510 
672 -0.012760 
673 -0.017585 
674 -0.015868 
675 -0.010246 
676 -0.004050 
677 0.000272 
678 0.003889 
679 0.008729 
680 0.010909 
681 0.008868 
682 0.003451 
683 -0.002826 
684 -0.007351 
685 -0.010565 
686 -0.013900 
687 -0.015299 
688 -0.011985 
689 -0.004741 
690 0.002283 
691 0.006516 
692 0.007193 
693 0.002655 
694 -0.004020 
695 -0.007844 
696 -0.010657 
697 -0.013226 
698 -0.012442 
699 -0.007411 
700 -0.002211 
701 -0.000705 
702 -0.003391 
703 -0.006973 
704 -0.008251 
705 -0.008468 
706 -0.008817 
707 -0.007130 
708 -0.003591 
709 -0.003282 
710 -0.006677 
711 -0.009395 
712 -0.008278 
713 -0.007868 
714 -0.010606 
715 -0.010258 
716 -0.004425 
717 -0.001272 
718 -0.005872 
719 -0.011642 
720 -0.011725 
721 -0.009658 
722 -0.009549 
723 -0.009076 
724 -0.006524 
725 -0.004156 
726 -0.004166 
727 -0.006770 
728 -0.010432 
729 -0.013372 
730 -0.014018 
731 -0.011547 
732 -0.007703 
733 -0.005753 
734 -0.005117 
735 -0.003539 
736 -0.001601 
737 -0.003007 
738 -0.007619 
739 -0.011747 
740 -0.013076 
741 -0.013224 
742 -0.012626 
743 -0.010261 
744 -0.006834 
745 -0.004474 
746 -0.003487 
747 -0.002185 
748 -0.000626 
749 -0.000935 
750 -0.002504 
751 -0.003810 
752 -0.006776 
753 -0.010931 
754 -0.011560 
755 -0.009660 
756 -0.009656 
757 -0.009159 
758 -0.004656 
759 0.000356 
760 0.001178 
761 0.000456 
762 0.000703 
763 -0.000863 
764 -0.004614 
765 -0.005381 
766 -0.003710 
767 -0.004542 
768 -0.006456 
769 -0.004886 
770 -0.001996 
771 -0.002866 
772 -0.005480 
773 -0.003089 
774 0.002516 
775 0.004253 
776 0.002931 
777 0.002198 
778 0.001396 
779 -0.001022 
780 -0.004070 
781 -0.005925 
782 -0.005543 
783 -0.003359 
784 0.000158 
785 0.004793 
786 0.008281 
787 0.007731 
788 0.004790 
789 0.002153 
790 0.000045 
791 -0.002856 
792 -0.005524 
793 -0.004416 
794 0.000604 
795 0.004250 
796 0.004889 
797 0.005541 
798 0.006299 
799 0.004993 
800 0.002737 
801 0.001628 
802 0.002141 
803 0.002048 
804 0.001395 
805 0.001238 
806 0.001738 
807 0.002859 
808 0.004389 
809 0.005144 
810 0.005425 
811 0.005375 
812 0.004755 
813 0.003049 
814 0.000080 
815 -0.002255 
816 -0.002138 
817 0.000006 
818 0.003014 
819 0.006240 
820 0.008820 
821 0.010054 
822 0.009093 
823 0.005821 
824 0.002231 
825 -0.000557 
826 -0.003497 
827 -0.005821 
828 -0.005403 
829 -0.002166 
830 0.002106 
831 0.007498 
832 0.012469 
833 0.013081 
834 0.009413 
835 0.005593 
836 0.001883 
837 -0.003020 
838 -0.007460 
839 -0.007688 
840 -0.003595 
841 0.000683 
842 0.002737 
843 0.004813 
844 0.007915 
845 0.009635 
846 0.008102 
847 0.005200 
848 0.002525 
849 -0.000567 
850 -0.004354 
851 -0.007126 
852 -0.007483 
853 -0.004725 
854 -0.000370 
855 0.005085 
856 0.010398 
857 0.012470 
858 0.009087 
859 0.003294 
860 -0.001667 
861 -0.005645 
862 -0.008786 
863 -0.009584 
864 -0.006750 
865 -0.001587 
866 0.003484 
867 0.007478 
868 0.008976 
869 0.006883 
870 0.003136 
871 0.000054 
872 -0.002680 
873 -0.006265 
874 -0.008524 
875 -0.007069 
876 -0.003799 
877 -0.000568 
878 0.003274 
879 0.006384 
880 0.006193 
881 0.003327 
882 0.000098 
883 -0.002732 
884 -0.005469 
885 -0.007199 
886 -0.006042 
887 -0.002710 
888 0.000519 
889 0.002954 
890 0.004072 
891 0.002409 
892 -0.000727 
893 -0.002713 
894 -0.003147 
895 -0.003677 
896 -0.003808 
897 -0.001967 
898 0.000378 
899 0.001306 
900 0.001279 
901 0.001133 
902 -0.000405 
903 -0.003220 
904 -0.004468 
905 -0.003058 
906 -0.001383 
907 -0.001363 
908 -0.001795 
909 -0.001058 
910 0.000325 
911 0.000799 
912 0.000465 
913 0.000141 
914 -0.000430 
915 -0.001489 
916 -0.002298 
917 -0.002610 
918 -0.002742 
919 -0.002647 
920 -0.002055 
921 -0.001172 
922 -0.000400 
923 0.000535 
924 0.001639 
925 0.001770 
926 0.000812 
927 -0.000518 
928 -0.001493 
929 -0.002203 
930 -0.002840 
931 -0.002844 
932 -0.002227 
933 -0.001435 
934 -0.000106 
935 0.001448 
936 0.001937 
937 0.001239 
938 0.000555 
939 0.000448 
940 0.000397 
941 -0.000263 
942 -0.001108 
943 -0.001909 
944 -0.002294 
945 -0.002156 
946 -0.001426 
947 -0.000499 
948 0.000676 
949 0.002101 
950 0.003328 
951 0.003528 
952 0.002194 
953 -0.000018 
954 -0.001936 
955 -0.002830 
956 -0.002881 
957 -0.002397 
958 -0.001280 
959 0.000404 
960 0.001899 
961 0.002694 
962 0.002941 
963 0.002723 
964 0.002072 
965 0.000791 
966 -0.000859 
967 -0.001976 
968 -0.002059 
969 -0.001438 
970 -0.000861 
971 -0.000413 
972 0.000608 
973 0.002278 
974 0.003262 
975 0.002779 
976 0.001804 
977 0.001137 
978 0.000429 
979 -0.000637 
980 -0.001274 
981 -0.001100 
982 -0.000758 
983 -0.000389 
984 0.000398 
985 0.001268 
986 0.001729 
987 0.001958 
988 0.002140 
989 0.001818 
990 0.000843 
991 0.000169 
992 0.000366 
993 0.000472 
994 -0.000178 
995 -0.000721 
996 -0.000414 
997 0.000222 
998 0.000476 
999 0.000726 
1000 0.001551 
1001 0.002394 
1002 0.002546 
1003 0.002149 
1004 0.001486 
1005 0.000530 
1006 -0.000739 
1007 -0.001949 
1008 -0.002351 
1009 -0.001537 
1010 0.000054 
1011 0.001736 
1012 0.003100 
1013 0.003686 
1014 0.003403 
1015 0.002463 
1016 0.000872 
1017 -0.001153 
1018 -0.002686 
1019 -0.002807 
1020 -0.001598 
1021 -0.000131 
1022 0.001173 
1023 0.002368 
