0 -0.965724 
1 -0.886652 
2 -0.929895 
3 -0.778483 
4 -0.798425 
5 -0.767138 
6 -0.599282 
7 -0.753827 
8 -0.403555 
9 -0.625329 
10 -0.336288 
11 -0.452611 
12 -0.320530 
13 -0.225587 
14 -0.291795 
15 -0.056781 
16 -0.161459 
17 0.055982 
18 0.004246 
19 0.100151 
20 0.147132 
21 0.194079 
22 0.236307 
23 0.360015 
24 0.323979 
25 0.525203 
26 0.467792 
27 0.589206 
28 0.654327 
29 0.627297 
30 0.829543 
31 0.681074 
32 0.915605 
33 0.840343 
34 0.923377 
35 1.039594 
36 0.926595 
37 1.233941 
38 1.059819 
39 1.316627 
40 1.287875 
41 1.310498 
42 1.486743 
43 1.283981 
44 1.543736 
45 1.405954 
46 1.521202 
47 1.632110 
48 1.532547 
49 1.843400 
50 1.619463 
51 1.943554 
52 1.739805 
53 1.910616 
54 1.862696 
55 1.899098 
56 1.960791 
57 1.966356 
58 2.044127 
59 2.102849 
60 2.072615 
61 2.158551 
62 2.114305 
63 2.159446 
64 2.186714 
65 2.166171 
66 2.263089 
67 2.242522 
68 2.318061 
69 2.320935 
70 2.304304 
71 2.326796 
72 2.300184 
73 2.359432 
74 2.358401 
75 2.408374 
76 2.422340 
77 2.411943 
78 2.354230 
79 2.394849 
80 2.316432 
81 2.412034 
82 2.322852 
83 2.399375 
84 2.410099 
85 2.308867 
86 2.465032 
87 2.218285 
88 2.453051 
89 2.225010 
90 2.378369 
91 2.277303 
92 2.277683 
93 2.358340 
94 2.202694 
95 2.306950 
96 2.150517 
97 2.207027 
98 2.106360 
99 2.065052 
100 2.046552 
101 2.054592 
102 1.972233 
103 2.089062 
104 1.920733 
105 2.064613 
106 1.915563 
107 1.905423 
108 1.920863 
109 1.720720 
110 1.870089 
111 1.549422 
112 1.683578 
113 1.532540 
114 1.529885 
115 1.619209 
116 1.412458 
117 1.627149 
118 1.405262 
119 1.451032 
120 1.443138 
121 1.181218 
122 1.422662 
123 0.976265 
124 1.217438 
125 0.893901 
126 0.946361 
127 0.973417 
128 0.816629 
129 1.088500 
130 0.775717 
131 1.045232 
132 0.760297 
133 0.764583 
134 0.585882 
135 0.442740 
136 0.464628 
137 0.311843 
138 0.392544 
139 0.378300 
140 0.381196 
141 0.312964 
142 0.231652 
143 0.182351 
144 0.149820 
145 0.064160 
146 0.013092 
147 -0.043171 
148 -0.113784 
149 -0.133153 
150 -0.223175 
151 -0.207248 
152 -0.287316 
153 -0.316689 
154 -0.371004 
155 -0.474613 
156 -0.460088 
157 -0.562539 
158 -0.563431 
159 -0.609740 
160 -0.676849 
161 -0.647789 
162 -0.790735 
163 -0.767086 
164 -0.845470 
165 -0.908726 
166 -0.877693 
167 -1.017345 
168 -0.939044 
169 -1.055188 
170 -1.054970 
171 -1.096745 
172 -1.186764 
173 -1.144008 
174 -1.230316 
175 -1.269596 
176 -1.241562 
177 -1.408405 
178 -1.243941 
179 -1.508424 
180 -1.343259 
181 -1.456798 
182 -1.468579 
183 -1.377947 
184 -1.604528 
185 -1.391071 
186 -1.648601 
187 -1.520214 
188 -1.622577 
189 -1.684594 
190 -1.562736 
191 -1.728654 
192 -1.599221 
193 -1.700000 
194 -1.706281 
195 -1.629589 
196 -1.813690 
197 -1.640173 
198 -1.788723 
199 -1.736391 
200 -1.695528 
201 -1.873652 
202 -1.626012 
203 -1.876650 
204 -1.653829 
205 -1.786229 
206 -1.769718 
207 -1.685681 
208 -1.854145 
209 -1.671798 
210 -1.849984 
211 -1.723744 
212 -1.699449 
213 -1.777892 
214 -1.584651 
215 -1.798186 
216 -1.562011 
217 -1.737748 
218 -1.655442 
219 -1.630025 
220 -1.711068 
221 -1.520375 
222 -1.711120 
223 -1.487836 
224 -1.651021 
225 -1.472973 
226 -1.565845 
227 -1.485150 
228 -1.454861 
229 -1.481827 
230 -1.369006 
231 -1.479480 
232 -1.283752 
233 -1.426969 
234 -1.225128 
235 -1.345197 
236 -1.218036 
237 -1.208093 
238 -1.256790 
239 -1.089710 
240 -1.280577 
241 -1.009129 
242 -1.186339 
243 -1.016282 
244 -1.000485 
245 -1.011992 
246 -0.831650 
247 -0.991005 
248 -0.794223 
249 -0.881676 
250 -0.827113 
251 -0.728404 
252 -0.844023 
253 -0.604824 
254 -0.766518 
255 -0.588591 
256 -0.604483 
257 -0.621337 
258 -0.419985 
259 -0.601810 
260 -0.340539 
261 -0.497892 
262 -0.333022 
263 -0.356635 
264 -0.334108 
265 -0.265687 
266 -0.244446 
267 -0.213753 
268 -0.116910 
269 -0.193815 
270 -0.054656 
271 -0.097842 
272 -0.060792 
273 0.073021 
274 -0.102459 
275 0.254639 
276 -0.050691 
277 0.283376 
278 0.115041 
279 0.219680 
280 0.351131 
281 0.142273 
282 0.461453 
283 0.186441 
284 0.468767 
285 0.352425 
286 0.401248 
287 0.554206 
288 0.388023 
289 0.660383 
290 0.446497 
291 0.635453 
292 0.602784 
293 0.589042 
294 0.733486 
295 0.613301 
296 0.801022 
297 0.717150 
298 0.773304 
299 0.823070 
300 0.745245 
301 0.914647 
302 0.772013 
303 0.987454 
304 0.837292 
305 1.008559 
306 0.894817 
307 0.985620 
308 0.944563 
309 0.981154 
310 1.039696 
311 1.010225 
312 1.139421 
313 1.041536 
314 1.173562 
315 1.060564 
316 1.103087 
317 1.124929 
318 1.029725 
319 1.233180 
320 1.035611 
321 1.263733 
322 1.133021 
323 1.187113 
324 1.231818 
325 1.088537 
326 1.311894 
327 1.110127 
328 1.274405 
329 1.220648 
330 1.161941 
331 1.352496 
332 1.042988 
333 1.368291 
334 1.059161 
335 1.263255 
336 1.191298 
337 1.120242 
338 1.329415 
339 1.064662 
340 1.330333 
341 1.107625 
342 1.228195 
343 1.189204 
344 1.117229 
345 1.199708 
346 1.076055 
347 1.139837 
348 1.130853 
349 1.056480 
350 1.194506 
351 1.034024 
352 1.160426 
353 1.057658 
354 1.031679 
355 1.057022 
356 0.940703 
357 1.000318 
358 0.950660 
359 0.928729 
360 1.002551 
361 0.903854 
362 0.991181 
363 0.903467 
364 0.880837 
365 0.919636 
366 0.750116 
367 0.902902 
368 0.689829 
369 0.821183 
370 0.745431 
371 0.665585 
372 0.819620 
373 0.568003 
374 0.828418 
375 0.544750 
376 0.710901 
377 0.591425 
378 0.565244 
379 0.626739 
380 0.462278 
381 0.613257 
382 0.405048 
383 0.535739 
384 0.404003 
385 0.442584 
386 0.422041 
387 0.365475 
388 0.390806 
389 0.298964 
390 0.349217 
391 0.238978 
392 0.304546 
393 0.193309 
394 0.253405 
395 0.209017 
396 0.149520 
397 0.258482 
398 0.037144 
399 0.226677 
400 -0.018002 
401 0.096949 
402 0.023531 
403 -0.058704 
404 0.125787 
405 -0.174665 
406 0.146840 
407 -0.191466 
408 0.040077 
409 -0.109278 
410 -0.164345 
411 0.004880 
412 -0.318968 
413 -0.013083 
414 -0.337174 
415 -0.144646 
416 -0.259544 
417 -0.305907 
418 -0.209359 
419 -0.367847 
420 -0.228409 
421 -0.323843 
422 -0.317252 
423 -0.271672 
424 -0.403628 
425 -0.279878 
426 -0.437516 
427 -0.403685 
428 -0.406242 
429 -0.518003 
430 -0.394635 
431 -0.540102 
432 -0.433642 
433 -0.484428 
434 -0.493763 
435 -0.469451 
436 -0.514184 
437 -0.524849 
438 -0.484524 
439 -0.602251 
440 -0.467421 
441 -0.638785 
442 -0.504632 
443 -0.585509 
444 -0.608602 
445 -0.492592 
446 -0.708123 
447 -0.441267 
448 -0.732618 
449 -0.530242 
450 -0.646888 
451 -0.666381 
452 -0.548025 
453 -0.754357 
454 -0.490348 
455 -0.721800 
456 -0.535447 
457 -0.661316 
458 -0.609613 
459 -0.597048 
460 -0.662207 
461 -0.593467 
462 -0.652022 
463 -0.636176 
464 -0.628174 
465 -0.683633 
466 -0.607699 
467 -0.654504 
468 -0.587838 
469 -0.619413 
470 -0.555457 
471 -0.599486 
472 -0.543534 
473 -0.611446 
474 -0.575301 
475 -0.567997 
476 -0.652446 
477 -0.525093 
478 -0.688048 
479 -0.496426 
480 -0.621651 
481 -0.526833 
482 -0.467821 
483 -0.607680 
484 -0.330321 
485 -0.687057 
486 -0.327991 
487 -0.666084 
488 -0.433871 
489 -0.482117 
490 -0.567629 
491 -0.310068 
492 -0.585808 
493 -0.287882 
494 -0.501098 
495 -0.398798 
496 -0.359076 
497 -0.494350 
498 -0.275501 
499 -0.492619 
500 -0.312005 
501 -0.369447 
502 -0.396476 
503 -0.219476 
504 -0.445759 
505 -0.149928 
506 -0.374100 
507 -0.227759 
508 -0.264672 
509 -0.300209 
510 -0.175344 
511 -0.309885 
512 -0.174091 
513 -0.252932 
514 -0.175162 
515 -0.204731 
516 -0.156915 
517 -0.186579 
518 -0.088749 
519 -0.181731 
520 -0.029594 
521 -0.166170 
522 -0.007188 
523 -0.088506 
524 -0.072577 
525 0.002048 
526 -0.127173 
527 0.033813 
528 -0.098024 
529 -0.013475 
530 0.028444 
531 -0.040803 
532 0.130196 
533 -0.011621 
534 0.139097 
535 0.073362 
536 0.062917 
537 0.165234 
538 -0.010661 
539 0.237572 
540 0.001181 
541 0.222347 
542 0.087618 
543 0.175050 
544 0.182279 
545 0.135827 
546 0.221271 
547 0.166734 
548 0.245033 
549 0.204673 
550 0.261597 
551 0.231228 
552 0.257118 
553 0.268866 
554 0.214659 
555 0.359518 
556 0.198541 
557 0.440200 
558 0.184173 
559 0.439120 
560 0.231965 
561 0.336869 
562 0.320169 
563 0.215027 
564 0.461710 
565 0.208199 
566 0.505280 
567 0.325266 
568 0.407973 
569 0.478725 
570 0.262606 
571 0.505209 
572 0.242553 
573 0.438420 
574 0.365653 
575 0.306628 
576 0.532695 
577 0.233580 
578 0.597524 
579 0.280599 
580 0.502588 
581 0.431278 
582 0.352193 
583 0.569690 
584 0.262686 
585 0.567917 
586 0.303946 
587 0.483322 
588 0.386298 
589 0.423089 
590 0.453819 
591 0.418704 
592 0.420047 
593 0.426284 
594 0.373229 
595 0.431442 
596 0.358532 
597 0.418453 
598 0.431825 
599 0.374048 
600 0.487967 
601 0.328238 
602 0.461170 
603 0.362916 
604 0.373465 
605 0.410867 
606 0.322869 
607 0.420848 
608 0.349019 
609 0.343587 
610 0.388439 
611 0.262605 
612 0.409270 
613 0.242480 
614 0.381490 
615 0.320667 
616 0.309053 
617 0.409495 
618 0.215723 
619 0.416375 
620 0.176301 
621 0.323829 
622 0.185513 
623 0.246751 
624 0.243053 
625 0.223567 
626 0.244843 
627 0.214866 
628 0.240478 
629 0.178458 
630 0.222826 
631 0.150920 
632 0.211823 
633 0.166981 
634 0.141840 
635 0.170203 
636 0.037684 
637 0.181342 
638 -0.035598 
639 0.157136 
640 0.001724 
641 0.106596 
642 0.111450 
643 -0.013646 
644 0.156963 
645 -0.077322 
646 0.043587 
647 -0.039344 
648 -0.135341 
649 0.073366 
650 -0.211695 
651 0.113917 
652 -0.167098 
653 -0.009235 
654 -0.049484 
655 -0.231162 
656 0.028392 
657 -0.373608 
658 0.021997 
659 -0.320817 
660 -0.126975 
661 -0.164377 
662 -0.295551 
663 -0.046482 
664 -0.373944 
665 -0.093924 
666 -0.320324 
667 -0.212880 
668 -0.254083 
669 -0.357972 
670 -0.248764 
671 -0.403006 
672 -0.318418 
673 -0.365868 
674 -0.395936 
675 -0.275733 
676 -0.438410 
677 -0.293181 
678 -0.422765 
679 -0.396133 
680 -0.404603 
681 -0.477869 
682 -0.414197 
683 -0.488642 
684 -0.450809 
685 -0.503462 
686 -0.476156 
687 -0.538884 
688 -0.453181 
689 -0.592945 
690 -0.421859 
691 -0.622532 
692 -0.424880 
693 -0.622203 
694 -0.510963 
695 -0.573525 
696 -0.619022 
697 -0.503194 
698 -0.666011 
699 -0.506839 
700 -0.632597 
701 -0.553980 
702 -0.594405 
703 -0.627924 
704 -0.609378 
705 -0.635256 
706 -0.643210 
707 -0.645590 
708 -0.640301 
709 -0.629909 
710 -0.639596 
711 -0.635500 
712 -0.628201 
713 -0.617679 
714 -0.639633 
715 -0.607433 
716 -0.698021 
717 -0.583108 
718 -0.722141 
719 -0.603307 
720 -0.675422 
721 -0.675446 
722 -0.533835 
723 -0.764518 
724 -0.491274 
725 -0.752071 
726 -0.543905 
727 -0.640503 
728 -0.660849 
729 -0.499562 
730 -0.707703 
731 -0.454458 
732 -0.667939 
733 -0.566415 
734 -0.540296 
735 -0.723362 
736 -0.409482 
737 -0.782873 
738 -0.390055 
739 -0.663280 
740 -0.484889 
741 -0.485841 
742 -0.564295 
743 -0.390616 
744 -0.565577 
745 -0.435899 
746 -0.469679 
747 -0.506327 
748 -0.345477 
749 -0.541828 
750 -0.302020 
751 -0.475829 
752 -0.354268 
753 -0.357545 
754 -0.450378 
755 -0.262799 
756 -0.453803 
757 -0.237858 
758 -0.369504 
759 -0.215523 
760 -0.269391 
761 -0.175735 
762 -0.255476 
763 -0.139416 
764 -0.260825 
765 -0.124924 
766 -0.229981 
767 -0.138926 
768 -0.111582 
769 -0.161885 
770 0.007085 
771 -0.172614 
772 0.081742 
773 -0.107548 
774 0.067651 
775 0.027069 
776 0.049504 
777 0.134226 
778 0.059256 
779 0.138685 
780 0.114365 
781 0.123433 
782 0.189848 
783 0.152705 
784 0.238896 
785 0.235607 
786 0.284426 
787 0.316740 
788 0.297337 
789 0.380868 
790 0.327574 
791 0.412035 
792 0.376677 
793 0.452347 
794 0.440757 
795 0.525169 
796 0.490219 
797 0.567956 
798 0.553852 
799 0.549019 
800 0.654886 
801 0.468951 
802 0.781545 
803 0.501071 
804 0.832656 
805 0.647701 
806 0.794709 
807 0.851863 
808 0.682117 
809 0.972590 
810 0.668470 
811 1.000850 
812 0.805681 
813 0.888917 
814 1.025547 
815 0.752569 
816 1.160522 
817 0.763796 
818 1.135031 
819 0.970566 
820 1.009449 
821 1.192519 
822 0.913237 
823 1.277674 
824 0.937540 
825 1.214650 
826 1.132592 
827 1.114968 
828 1.322808 
829 1.037737 
830 1.366320 
831 1.082022 
832 1.251111 
833 1.256360 
834 1.160678 
835 1.421317 
836 1.153944 
837 1.449848 
838 1.180451 
839 1.380708 
840 1.224411 
841 1.357364 
842 1.278425 
843 1.383088 
844 1.329099 
845 1.394155 
846 1.339719 
847 1.356642 
848 1.328827 
849 1.297878 
850 1.347437 
851 1.286431 
852 1.343638 
853 1.342328 
854 1.329884 
855 1.369116 
856 1.327390 
857 1.334297 
858 1.378292 
859 1.232583 
860 1.416941 
861 1.154079 
862 1.382106 
863 1.114297 
864 1.294720 
865 1.154497 
866 1.205706 
867 1.222864 
868 1.150545 
869 1.251786 
870 1.132844 
871 1.194156 
872 1.098391 
873 1.097945 
874 1.007116 
875 1.043383 
876 0.918335 
877 1.013414 
878 0.876082 
879 0.965178 
880 0.891479 
881 0.876619 
882 0.867872 
883 0.810339 
884 0.799521 
885 0.773598 
886 0.656124 
887 0.794879 
888 0.537396 
889 0.770752 
890 0.452579 
891 0.611721 
892 0.469822 
893 0.370718 
894 0.537420 
895 0.228206 
896 0.489634 
897 0.205712 
898 0.274864 
899 0.280146 
900 0.034078 
901 0.358718 
902 -0.133507 
903 0.281401 
904 -0.142102 
905 0.043004 
906 -0.074415 
907 -0.255067 
908 -0.019872 
909 -0.401516 
910 -0.114779 
911 -0.399702 
912 -0.320604 
913 -0.349668 
914 -0.551734 
915 -0.407863 
916 -0.684781 
917 -0.546436 
918 -0.697314 
919 -0.697849 
920 -0.679787 
921 -0.831530 
922 -0.737643 
923 -0.939400 
924 -0.882269 
925 -1.013475 
926 -1.035825 
927 -1.054606 
928 -1.139513 
929 -1.113998 
930 -1.233642 
931 -1.187789 
932 -1.386396 
933 -1.290561 
934 -1.470360 
935 -1.374980 
936 -1.472839 
937 -1.509337 
938 -1.448513 
939 -1.644842 
940 -1.499194 
941 -1.770215 
942 -1.636465 
943 -1.807493 
944 -1.792389 
945 -1.812308 
946 -1.923624 
947 -1.808648 
948 -1.953326 
949 -1.905414 
950 -1.958504 
951 -2.045237 
952 -1.962681 
953 -2.145313 
954 -2.061522 
955 -2.141121 
956 -2.188727 
957 -2.136969 
958 -2.298615 
959 -2.153314 
960 -2.336428 
961 -2.225277 
962 -2.341183 
963 -2.286916 
964 -2.310551 
965 -2.301810 
966 -2.355847 
967 -2.315597 
968 -2.403131 
969 -2.340713 
970 -2.401442 
971 -2.458690 
972 -2.318888 
973 -2.575412 
974 -2.250233 
975 -2.619701 
976 -2.271779 
977 -2.501142 
978 -2.397836 
979 -2.339789 
980 -2.556270 
981 -2.232017 
982 -2.591906 
983 -2.285682 
984 -2.435334 
985 -2.406883 
986 -2.209408 
987 -2.547375 
988 -2.085911 
989 -2.500443 
990 -2.164160 
991 -2.328803 
992 -2.328415 
993 -2.118581 
994 -2.410532 
995 -2.005160 
996 -2.334223 
997 -1.991718 
998 -2.143174 
999 -2.035055 
1000 -1.991934 
1001 -2.074282 
1002 -1.903155 
1003 -1.991035 
1004 -1.880335 
1005 -1.853360 
1006 -1.859580 
1007 -1.727720 
1008 -1.851109 
1009 -1.654730 
1010 -1.828895 
1011 -1.547452 
1012 -1.726270 
1013 -1.423731 
1014 -1.561348 
1015 -1.364275 
1016 -1.359424 
1017 -1.391696 
1018 -1.217688 
1019 -1.388180 
1020 -1.089614 
1021 -1.303741 
1022 -1.031523 
1023 -1.093800 
