0 0.000047 
1 0.000057 
2 0.000060 
3 0.000051 
4 0.000033 
5 0.000010 
6 -0.000013 
7 -0.000051 
8 -0.000073 
9 -0.000071 
10 -0.000053 
11 -0.000015 
12 0.000036 
13 0.000084 
14 0.000134 
15 0.000159 
16 0.000145 
17 0.000106 
18 0.000045 
19 -0.000016 
20 -0.000062 
21 -0.000097 
22 -0.000107 
23 -0.000090 
24 -0.000054 
25 0.000001 
26 0.000042 
27 0.000073 
28 0.000090 
29 0.000093 
30 0.000091 
31 0.000068 
32 0.000024 
33 -0.000015 
34 -0.000042 
35 -0.000063 
36 -0.000083 
37 -0.000087 
38 -0.000069 
39 -0.000021 
40 0.000047 
41 0.000116 
42 0.000178 
43 0.000209 
44 0.000224 
45 0.000210 
46 0.000163 
47 0.000087 
48 -0.000006 
49 -0.000087 
50 -0.000139 
51 -0.000151 
52 -0.000143 
53 -0.000102 
54 -0.000033 
55 0.000053 
56 0.000136 
57 0.000183 
58 0.000191 
59 0.000173 
60 0.000132 
61 0.000101 
62 0.000051 
63 0.000018 
64 0.000006 
65 0.000013 
66 0.000049 
67 0.000088 
68 0.000124 
69 0.000169 
70 0.000212 
71 0.000242 
72 0.000259 
73 0.000243 
74 0.000184 
75 0.000125 
76 0.000062 
77 0.000005 
78 -0.000042 
79 -0.000052 
80 -0.000004 
81 0.000082 
82 0.000169 
83 0.000236 
84 0.000271 
85 0.000267 
86 0.000222 
87 0.000139 
88 0.000038 
89 -0.000054 
90 -0.000098 
91 -0.000085 
92 -0.000002 
93 0.000105 
94 0.000203 
95 0.000325 
96 0.000432 
97 0.000493 
98 0.000505 
99 0.000435 
100 0.000331 
101 0.000242 
102 0.000156 
103 0.000063 
104 -0.000033 
105 -0.000107 
106 -0.000127 
107 -0.000087 
108 -0.000003 
109 0.000076 
110 0.000189 
111 0.000288 
112 0.000375 
113 0.000387 
114 0.000336 
115 0.000222 
116 0.000096 
117 -0.000033 
118 -0.000096 
119 -0.000087 
120 -0.000024 
121 0.000116 
122 0.000268 
123 0.000413 
124 0.000546 
125 0.000575 
126 0.000540 
127 0.000440 
128 0.000340 
129 0.000217 
130 0.000101 
131 0.000024 
132 -0.000033 
133 -0.000028 
134 0.000012 
135 0.000060 
136 0.000153 
137 0.000253 
138 0.000346 
139 0.000438 
140 0.000460 
141 0.000412 
142 0.000323 
143 0.000198 
144 0.000054 
145 -0.000092 
146 -0.000210 
147 -0.000240 
148 -0.000164 
149 0.000036 
150 0.000256 
151 0.000459 
152 0.000618 
153 0.000704 
154 0.000696 
155 0.000584 
156 0.000394 
157 0.000200 
158 0.000001 
159 -0.000104 
160 -0.000180 
161 -0.000216 
162 -0.000163 
163 -0.000057 
164 0.000068 
165 0.000179 
166 0.000283 
167 0.000398 
168 0.000444 
169 0.000460 
170 0.000458 
171 0.000360 
172 0.000227 
173 0.000063 
174 -0.000020 
175 -0.000027 
176 0.000009 
177 0.000086 
178 0.000242 
179 0.000410 
180 0.000531 
181 0.000515 
182 0.000390 
183 0.000235 
184 0.000035 
185 -0.000144 
186 -0.000299 
187 -0.000335 
188 -0.000301 
189 -0.000191 
190 -0.000032 
191 0.000113 
192 0.000219 
193 0.000290 
194 0.000327 
195 0.000351 
196 0.000309 
197 0.000170 
198 -0.000038 
199 -0.000273 
200 -0.000446 
201 -0.000598 
202 -0.000670 
203 -0.000630 
204 -0.000472 
205 -0.000190 
206 0.000176 
207 0.000516 
208 0.000743 
209 0.000814 
210 0.000742 
211 0.000483 
212 0.000068 
213 -0.000427 
214 -0.000842 
215 -0.001111 
216 -0.001212 
217 -0.001132 
218 -0.000921 
219 -0.000561 
220 -0.000156 
221 0.000236 
222 0.000553 
223 0.000707 
224 0.000725 
225 0.000543 
226 0.000313 
227 -0.000042 
228 -0.000430 
229 -0.000744 
230 -0.000920 
231 -0.000939 
232 -0.000824 
233 -0.000605 
234 -0.000291 
235 0.000065 
236 0.000346 
237 0.000513 
238 0.000452 
239 0.000213 
240 -0.000124 
241 -0.000567 
242 -0.000957 
243 -0.001209 
244 -0.001302 
245 -0.001249 
246 -0.001000 
247 -0.000579 
248 -0.000141 
249 0.000177 
250 0.000341 
251 0.000340 
252 0.000197 
253 -0.000069 
254 -0.000470 
255 -0.000848 
256 -0.001102 
257 -0.001165 
258 -0.001124 
259 -0.001003 
260 -0.000710 
261 -0.000261 
262 0.000215 
263 0.000505 
264 0.000563 
265 0.000467 
266 0.000202 
267 -0.000189 
268 -0.000722 
269 -0.001257 
270 -0.001646 
271 -0.001859 
272 -0.001800 
273 -0.001548 
274 -0.001062 
275 -0.000492 
276 0.000084 
277 0.000490 
278 0.000699 
279 0.000638 
280 0.000346 
281 -0.000032 
282 -0.000404 
283 -0.000794 
284 -0.001082 
285 -0.001179 
286 -0.001152 
287 -0.000928 
288 -0.000594 
289 -0.000315 
290 -0.000046 
291 0.000101 
292 0.000141 
293 0.000030 
294 -0.000179 
295 -0.000457 
296 -0.000846 
297 -0.001184 
298 -0.001357 
299 -0.001402 
300 -0.001289 
301 -0.001005 
302 -0.000614 
303 -0.000157 
304 0.000197 
305 0.000463 
306 0.000510 
307 0.000382 
308 0.000093 
309 -0.000312 
310 -0.000676 
311 -0.001041 
312 -0.001279 
313 -0.001251 
314 -0.000991 
315 -0.000677 
316 -0.000247 
317 0.000172 
318 0.000418 
319 0.000605 
320 0.000618 
321 0.000399 
322 0.000024 
323 -0.000439 
324 -0.000869 
325 -0.001187 
326 -0.001394 
327 -0.001501 
328 -0.001261 
329 -0.000842 
330 -0.000341 
331 0.000124 
332 0.000588 
333 0.000925 
334 0.001095 
335 0.001117 
336 0.000876 
337 0.000416 
338 -0.000133 
339 -0.000627 
340 -0.000960 
341 -0.001098 
342 -0.001083 
343 -0.000837 
344 -0.000424 
345 0.000088 
346 0.000455 
347 0.000644 
348 0.000642 
349 0.000539 
350 0.000254 
351 -0.000094 
352 -0.000393 
353 -0.000686 
354 -0.000771 
355 -0.000737 
356 -0.000579 
357 -0.000388 
358 -0.000105 
359 0.000238 
360 0.000607 
361 0.000972 
362 0.001166 
363 0.001095 
364 0.000754 
365 0.000414 
366 -0.000069 
367 -0.000636 
368 -0.001129 
369 -0.001381 
370 -0.001329 
371 -0.000857 
372 -0.000159 
373 0.000401 
374 0.000907 
375 0.001109 
376 0.001089 
377 0.000686 
378 0.000007 
379 -0.000582 
380 -0.001146 
381 -0.001405 
382 -0.001485 
383 -0.001310 
384 -0.000844 
385 -0.000186 
386 0.000564 
387 0.001217 
388 0.001676 
389 0.001933 
390 0.001940 
391 0.001775 
392 0.001313 
393 0.000604 
394 -0.000193 
395 -0.001001 
396 -0.001450 
397 -0.001511 
398 -0.001392 
399 -0.000987 
400 -0.000270 
401 0.000563 
402 0.001145 
403 0.001380 
404 0.001226 
405 0.000718 
406 0.000037 
407 -0.000625 
408 -0.001115 
409 -0.001398 
410 -0.001396 
411 -0.001061 
412 -0.000321 
413 0.000483 
414 0.001317 
415 0.001761 
416 0.001995 
417 0.001976 
418 0.001680 
419 0.001175 
420 0.000496 
421 -0.000214 
422 -0.000872 
423 -0.001342 
424 -0.001551 
425 -0.001500 
426 -0.001151 
427 -0.000468 
428 0.000379 
429 0.001104 
430 0.001632 
431 0.001591 
432 0.001264 
433 0.000531 
434 -0.000480 
435 -0.001584 
436 -0.002419 
437 -0.002651 
438 -0.002390 
439 -0.001668 
440 -0.000787 
441 0.000184 
442 0.001177 
443 0.001921 
444 0.002282 
445 0.002148 
446 0.001688 
447 0.001100 
448 0.000553 
449 -0.000164 
450 -0.000894 
451 -0.001547 
452 -0.001718 
453 -0.001617 
454 -0.001403 
455 -0.000914 
456 -0.000415 
457 0.000244 
458 0.000805 
459 0.001032 
460 0.000897 
461 0.000415 
462 -0.000297 
463 -0.001110 
464 -0.001685 
465 -0.001878 
466 -0.001725 
467 -0.001301 
468 -0.000610 
469 0.000352 
470 0.001089 
471 0.001531 
472 0.001541 
473 0.001346 
474 0.000934 
475 0.000338 
476 -0.000149 
477 -0.000538 
478 -0.000807 
479 -0.000887 
480 -0.000843 
481 -0.000602 
482 -0.000290 
483 0.000003 
484 0.000306 
485 0.000648 
486 0.000910 
487 0.000828 
488 0.000539 
489 0.000017 
490 -0.000521 
491 -0.001129 
492 -0.001688 
493 -0.001958 
494 -0.001661 
495 -0.000974 
496 0.000009 
497 0.000861 
498 0.001682 
499 0.002186 
500 0.002263 
501 0.001957 
502 0.001149 
503 0.000222 
504 -0.000446 
505 -0.000838 
506 -0.001038 
507 -0.001015 
508 -0.000864 
509 -0.000458 
510 0.000006 
511 0.000292 
512 0.000579 
513 0.000707 
514 0.000752 
515 0.000625 
516 0.000393 
517 0.000110 
518 -0.000182 
519 -0.000649 
520 -0.000923 
521 -0.000895 
522 -0.000652 
523 -0.000187 
524 0.000443 
525 0.001017 
526 0.001618 
527 0.001927 
528 0.001756 
529 0.001277 
530 0.000528 
531 -0.000199 
532 -0.000740 
533 -0.001147 
534 -0.001264 
535 -0.001050 
536 -0.000614 
537 0.000026 
538 0.000504 
539 0.000857 
540 0.001048 
541 0.001079 
542 0.001057 
543 0.000790 
544 0.000290 
545 -0.000147 
546 -0.000448 
547 -0.000681 
548 -0.000896 
549 -0.000936 
550 -0.000735 
551 -0.000218 
552 0.000495 
553 0.001214 
554 0.001852 
555 0.002154 
556 0.002292 
557 0.002121 
558 0.001632 
559 0.000866 
560 -0.000075 
561 -0.000867 
562 -0.001360 
563 -0.001470 
564 -0.001382 
565 -0.000981 
566 -0.000325 
567 0.000465 
568 0.001218 
569 0.001630 
570 0.001678 
571 0.001507 
572 0.001123 
573 0.000842 
574 0.000401 
575 0.000110 
576 0.000006 
577 0.000065 
578 0.000352 
579 0.000665 
580 0.000945 
581 0.001301 
582 0.001617 
583 0.001840 
584 0.001953 
585 0.001805 
586 0.001343 
587 0.000887 
588 0.000410 
589 -0.000014 
590 -0.000348 
591 -0.000419 
592 -0.000071 
593 0.000520 
594 0.001120 
595 0.001567 
596 0.001782 
597 0.001729 
598 0.001413 
599 0.000850 
600 0.000191 
601 -0.000402 
602 -0.000677 
603 -0.000588 
604 -0.000086 
605 0.000558 
606 0.001136 
607 0.001840 
608 0.002434 
609 0.002755 
610 0.002785 
611 0.002356 
612 0.001749 
613 0.001238 
614 0.000755 
615 0.000239 
616 -0.000282 
617 -0.000678 
618 -0.000772 
619 -0.000558 
620 -0.000129 
621 0.000255 
622 0.000808 
623 0.001275 
624 0.001681 
625 0.001722 
626 0.001460 
627 0.000908 
628 0.000324 
629 -0.000273 
630 -0.000555 
631 -0.000511 
632 -0.000235 
633 0.000370 
634 0.001016 
635 0.001619 
636 0.002152 
637 0.002243 
638 0.002077 
639 0.001642 
640 0.001217 
641 0.000712 
642 0.000249 
643 -0.000049 
644 -0.000266 
645 -0.000246 
646 -0.000095 
647 0.000080 
648 0.000410 
649 0.000769 
650 0.001093 
651 0.001409 
652 0.001462 
653 0.001278 
654 0.000957 
655 0.000520 
656 0.000030 
657 -0.000466 
658 -0.000844 
659 -0.000935 
660 -0.000685 
661 -0.000051 
662 0.000636 
663 0.001250 
664 0.001725 
665 0.001962 
666 0.001915 
667 0.001560 
668 0.000991 
669 0.000418 
670 -0.000158 
671 -0.000453 
672 -0.000666 
673 -0.000756 
674 -0.000609 
675 -0.000315 
676 0.000027 
677 0.000321 
678 0.000589 
679 0.000880 
680 0.000990 
681 0.001014 
682 0.000991 
683 0.000738 
684 0.000410 
685 0.000010 
686 -0.000191 
687 -0.000200 
688 -0.000112 
689 0.000065 
690 0.000419 
691 0.000794 
692 0.001052 
693 0.001003 
694 0.000721 
695 0.000381 
696 -0.000050 
697 -0.000431 
698 -0.000750 
699 -0.000809 
700 -0.000733 
701 -0.000496 
702 -0.000171 
703 0.000120 
704 0.000327 
705 0.000457 
706 0.000528 
707 0.000571 
708 0.000485 
709 0.000226 
710 -0.000159 
711 -0.000587 
712 -0.000890 
713 -0.001151 
714 -0.001264 
715 -0.001184 
716 -0.000899 
717 -0.000407 
718 0.000216 
719 0.000783 
720 0.001149 
721 0.001252 
722 0.001124 
723 0.000702 
724 0.000046 
725 -0.000728 
726 -0.001360 
727 -0.001752 
728 -0.001885 
729 -0.001745 
730 -0.001418 
731 -0.000876 
732 -0.000278 
733 0.000290 
734 0.000736 
735 0.000945 
736 0.000969 
737 0.000717 
738 0.000398 
739 -0.000079 
740 -0.000592 
741 -0.001003 
742 -0.001223 
743 -0.001232 
744 -0.001071 
745 -0.000781 
746 -0.000382 
747 0.000064 
748 0.000403 
749 0.000606 
750 0.000533 
751 0.000245 
752 -0.000152 
753 -0.000667 
754 -0.001112 
755 -0.001386 
756 -0.001474 
757 -0.001394 
758 -0.001099 
759 -0.000626 
760 -0.000144 
761 0.000196 
762 0.000367 
763 0.000363 
764 0.000215 
765 -0.000063 
766 -0.000467 
767 -0.000844 
768 -0.001089 
769 -0.001138 
770 -0.001085 
771 -0.000961 
772 -0.000671 
773 -0.000239 
774 0.000205 
775 0.000477 
776 0.000524 
777 0.000433 
778 0.000190 
779 -0.000162 
780 -0.000629 
781 -0.001092 
782 -0.001419 
783 -0.001589 
784 -0.001520 
785 -0.001300 
786 -0.000887 
787 -0.000410 
788 0.000057 
789 0.000380 
790 0.000541 
791 0.000485 
792 0.000249 
793 -0.000046 
794 -0.000332 
795 -0.000621 
796 -0.000829 
797 -0.000895 
798 -0.000865 
799 -0.000699 
800 -0.000455 
801 -0.000254 
802 -0.000066 
803 0.000034 
804 0.000059 
805 -0.000019 
806 -0.000158 
807 -0.000341 
808 -0.000595 
809 -0.000808 
810 -0.000911 
811 -0.000932 
812 -0.000853 
813 -0.000669 
814 -0.000422 
815 -0.000143 
816 0.000072 
817 0.000227 
818 0.000253 
819 0.000173 
820 0.000003 
821 -0.000229 
822 -0.000434 
823 -0.000635 
824 -0.000761 
825 -0.000741 
826 -0.000597 
827 -0.000426 
828 -0.000194 
829 0.000025 
830 0.000149 
831 0.000240 
832 0.000242 
833 0.000128 
834 -0.000058 
835 -0.000286 
836 -0.000492 
837 -0.000641 
838 -0.000732 
839 -0.000773 
840 -0.000655 
841 -0.000456 
842 -0.000225 
843 -0.000018 
844 0.000186 
845 0.000330 
846 0.000400 
847 0.000407 
848 0.000299 
849 0.000103 
850 -0.000125 
851 -0.000327 
852 -0.000459 
853 -0.000510 
854 -0.000499 
855 -0.000400 
856 -0.000237 
857 -0.000041 
858 0.000097 
859 0.000167 
860 0.000163 
861 0.000125 
862 0.000019 
863 -0.000105 
864 -0.000210 
865 -0.000312 
866 -0.000337 
867 -0.000323 
868 -0.000265 
869 -0.000198 
870 -0.000102 
871 0.000011 
872 0.000130 
873 0.000247 
874 0.000307 
875 0.000282 
876 0.000173 
877 0.000066 
878 -0.000080 
879 -0.000248 
880 -0.000390 
881 -0.000460 
882 -0.000439 
883 -0.000297 
884 -0.000096 
885 0.000061 
886 0.000202 
887 0.000256 
888 0.000248 
889 0.000138 
890 -0.000042 
891 -0.000195 
892 -0.000336 
893 -0.000398 
894 -0.000413 
895 -0.000365 
896 -0.000245 
897 -0.000081 
898 0.000102 
899 0.000258 
900 0.000364 
901 0.000421 
902 0.000418 
903 0.000377 
904 0.000268 
905 0.000108 
906 -0.000066 
907 -0.000241 
908 -0.000335 
909 -0.000343 
910 -0.000314 
911 -0.000225 
912 -0.000075 
913 0.000095 
914 0.000212 
915 0.000257 
916 0.000225 
917 0.000125 
918 -0.000006 
919 -0.000128 
920 -0.000218 
921 -0.000266 
922 -0.000262 
923 -0.000191 
924 -0.000057 
925 0.000085 
926 0.000229 
927 0.000303 
928 0.000341 
929 0.000335 
930 0.000283 
931 0.000200 
932 0.000088 
933 -0.000026 
934 -0.000130 
935 -0.000202 
936 -0.000232 
937 -0.000221 
938 -0.000166 
939 -0.000062 
940 0.000064 
941 0.000169 
942 0.000243 
943 0.000234 
944 0.000186 
945 0.000083 
946 -0.000056 
947 -0.000204 
948 -0.000313 
949 -0.000342 
950 -0.000303 
951 -0.000205 
952 -0.000090 
953 0.000035 
954 0.000159 
955 0.000250 
956 0.000291 
957 0.000272 
958 0.000214 
959 0.000143 
960 0.000078 
961 -0.000007 
962 -0.000091 
963 -0.000164 
964 -0.000183 
965 -0.000170 
966 -0.000145 
967 -0.000089 
968 -0.000034 
969 0.000037 
970 0.000096 
971 0.000118 
972 0.000103 
973 0.000052 
974 -0.000021 
975 -0.000103 
976 -0.000160 
977 -0.000178 
978 -0.000161 
979 -0.000118 
980 -0.000050 
981 0.000043 
982 0.000113 
983 0.000154 
984 0.000153 
985 0.000134 
986 0.000094 
987 0.000038 
988 -0.000007 
989 -0.000042 
990 -0.000066 
991 -0.000073 
992 -0.000068 
993 -0.000046 
994 -0.000019 
995 0.000007 
996 0.000033 
997 0.000061 
998 0.000082 
999 0.000074 
1000 0.000048 
1001 0.000004 
1002 -0.000041 
1003 -0.000091 
1004 -0.000137 
1005 -0.000160 
1006 -0.000135 
1007 -0.000078 
1008 0.000002 
1009 0.000071 
1010 0.000137 
1011 0.000177 
1012 0.000183 
1013 0.000157 
1014 0.000091 
1015 0.000016 
1016 -0.000039 
1017 -0.000071 
1018 -0.000086 
1019 -0.000085 
1020 -0.000073 
1021 -0.000040 
1022 -0.000003 
1023 0.000020 
