0 0.002057 
1 -0.045445 
2 -0.032305 
3 -0.030049 
4 0.000310 
5 -0.000414 
6 0.006918 
7 -0.001412 
8 0.000933 
9 -0.002696 
10 0.018151 
11 0.009214 
12 0.026718 
13 -0.029289 
14 -0.005648 
15 -0.061339 
16 -0.010545 
17 -0.042817 
18 0.024589 
19 0.005951 
20 0.029032 
21 -0.004622 
22 -0.007089 
23 -0.035790 
24 -0.021358 
25 -0.019118 
26 0.008460 
27 0.020809 
28 0.042718 
29 0.030252 
30 0.019584 
31 -0.040110 
32 -0.047930 
33 -0.062579 
34 -0.024860 
35 0.009163 
36 0.010401 
37 0.032613 
38 -0.028686 
39 0.027012 
40 -0.066829 
41 0.036282 
42 -0.068646 
43 0.070084 
44 -0.034835 
45 0.093694 
46 -0.020873 
47 0.034963 
48 -0.055749 
49 -0.001676 
50 -0.030803 
51 -0.004364 
52 -0.015733 
53 -0.019915 
54 -0.017092 
55 -0.016412 
56 0.016982 
57 0.014965 
58 0.039271 
59 0.018814 
60 0.026581 
61 -0.006632 
62 -0.057264 
63 -0.068099 
64 -0.068065 
65 -0.020691 
66 0.020533 
67 0.064988 
68 0.080408 
69 0.073876 
70 0.021864 
71 -0.004511 
72 -0.056874 
73 -0.041065 
74 -0.071049 
75 -0.013525 
76 -0.051055 
77 0.020466 
78 -0.035325 
79 0.058100 
80 0.006412 
81 0.095801 
82 0.017823 
83 0.052732 
84 -0.015809 
85 -0.000302 
86 -0.024640 
87 -0.044193 
88 -0.023747 
89 -0.047983 
90 0.025869 
91 -0.007676 
92 0.059544 
93 0.013482 
94 0.060622 
95 0.010761 
96 -0.004068 
97 -0.020235 
98 -0.042908 
99 0.003224 
100 -0.016579 
101 0.058473 
102 0.005442 
103 0.036418 
104 0.001091 
105 0.004677 
106 -0.003281 
107 -0.027632 
108 -0.000505 
109 -0.002066 
110 0.024990 
111 0.025711 
112 0.015396 
113 0.006579 
114 -0.033326 
115 0.011319 
116 -0.038767 
117 0.045802 
118 -0.009477 
119 0.074435 
120 -0.003837 
121 0.024926 
122 -0.019651 
123 -0.012155 
124 0.003739 
125 -0.011679 
126 0.051035 
127 -0.031126 
128 0.019779 
129 -0.070690 
130 0.022478 
131 -0.029845 
132 0.036257 
133 0.013962 
134 0.044633 
135 0.039161 
136 0.006484 
137 0.014589 
138 -0.033519 
139 0.010173 
140 -0.041231 
141 0.008943 
142 -0.023826 
143 0.013250 
144 -0.020675 
145 0.009659 
146 -0.017070 
147 0.016827 
148 0.001051 
149 0.048565 
150 0.019208 
151 0.042655 
152 -0.034768 
153 -0.003387 
154 -0.060507 
155 0.016957 
156 -0.002155 
157 0.053771 
158 0.003588 
159 0.015109 
160 -0.015881 
161 -0.022646 
162 -0.029016 
163 -0.031527 
164 0.035900 
165 0.009103 
166 0.053826 
167 -0.023457 
168 0.021924 
169 -0.043131 
170 0.012800 
171 -0.015710 
172 0.025451 
173 0.001630 
174 0.003714 
175 0.011482 
176 -0.018513 
177 -0.010314 
178 -0.055770 
179 0.002832 
180 -0.018035 
181 0.054536 
182 0.015261 
183 0.040768 
184 -0.025484 
185 -0.012330 
186 -0.045573 
187 -0.008030 
188 -0.021879 
189 0.030246 
190 0.017746 
191 0.034784 
192 -0.018855 
193 -0.010448 
194 -0.029181 
195 -0.001195 
196 -0.006594 
197 0.006063 
198 0.000719 
199 0.005645 
200 0.002043 
201 -0.014350 
202 -0.002424 
203 -0.041667 
204 0.010535 
205 -0.026924 
206 0.039909 
207 -0.023515 
208 0.034159 
209 -0.019520 
210 0.014800 
211 -0.018128 
212 0.002012 
213 0.003302 
214 -0.019458 
215 0.011498 
216 -0.039099 
217 0.014603 
218 -0.053153 
219 0.027976 
220 -0.029623 
221 0.059686 
222 -0.014129 
223 0.041189 
224 -0.021201 
225 0.008739 
226 -0.032061 
227 -0.017218 
228 -0.018956 
229 -0.008740 
230 0.022109 
231 0.002810 
232 0.027771 
233 -0.028579 
234 0.016802 
235 -0.036968 
236 0.023527 
237 -0.025413 
238 0.027644 
239 -0.039447 
240 0.005064 
241 -0.056128 
242 0.016080 
243 -0.029910 
244 0.065725 
245 0.016238 
246 0.089186 
247 0.002043 
248 0.012483 
249 -0.067525 
250 -0.061763 
251 -0.069071 
252 -0.048014 
253 0.001421 
254 0.015738 
255 0.069097 
256 0.018400 
257 0.032390 
258 -0.051949 
259 -0.007394 
260 -0.036147 
261 0.028742 
262 0.021674 
263 0.056446 
264 0.028712 
265 -0.003986 
266 -0.022803 
267 -0.034736 
268 -0.020355 
269 -0.018284 
270 0.013634 
271 0.019321 
272 0.018991 
273 -0.016351 
274 -0.008028 
275 -0.027314 
276 0.005716 
277 -0.010477 
278 0.046196 
279 0.017872 
280 0.056939 
281 -0.014425 
282 0.003752 
283 -0.055929 
284 -0.016146 
285 -0.016453 
286 0.020014 
287 0.018397 
288 -0.000166 
289 -0.011805 
290 -0.032425 
291 -0.016431 
292 -0.006915 
293 0.031492 
294 0.033166 
295 0.044875 
296 0.012922 
297 0.007276 
298 -0.031829 
299 -0.000354 
300 -0.011872 
301 0.035169 
302 0.001703 
303 0.019205 
304 -0.038358 
305 -0.028283 
306 -0.039898 
307 -0.004190 
308 0.019870 
309 0.033638 
310 0.047825 
311 0.019548 
312 0.021505 
313 -0.034252 
314 -0.015254 
315 -0.044026 
316 0.005534 
317 -0.005560 
318 0.022276 
319 0.017466 
320 0.013427 
321 0.000106 
322 -0.015181 
323 -0.009147 
324 -0.010404 
325 0.012208 
326 0.014784 
327 0.002345 
328 0.002257 
329 -0.030173 
330 -0.016495 
331 -0.037122 
332 0.010900 
333 0.004959 
334 0.027636 
335 0.013169 
336 0.028799 
337 0.016761 
338 0.002303 
339 -0.004303 
340 -0.000881 
341 -0.012645 
342 -0.009990 
343 -0.036279 
344 -0.005921 
345 -0.028440 
346 0.024784 
347 -0.014658 
348 0.031356 
349 -0.029458 
350 0.029504 
351 -0.016236 
352 0.039605 
353 -0.007916 
354 0.024316 
355 -0.008395 
356 0.003176 
357 -0.007648 
358 -0.005448 
359 -0.008992 
360 -0.003161 
361 -0.011796 
362 0.002606 
363 -0.030868 
364 -0.003713 
365 -0.033519 
366 0.032355 
367 -0.004312 
368 0.047564 
369 -0.007860 
370 0.028942 
371 -0.025435 
372 0.000486 
373 -0.038998 
374 0.003304 
375 -0.002000 
376 0.037537 
377 0.014862 
378 0.022380 
379 -0.015344 
380 -0.006244 
381 -0.023080 
382 -0.000208 
383 -0.004419 
384 0.002949 
385 -0.004523 
386 -0.012950 
387 -0.021205 
388 -0.028132 
389 -0.011510 
390 0.006860 
391 0.046163 
392 0.046411 
393 0.036983 
394 0.005029 
395 -0.017967 
396 -0.036246 
397 -0.032989 
398 -0.014758 
399 -0.000668 
400 0.012713 
401 -0.002729 
402 0.003559 
403 -0.035606 
404 -0.013844 
405 -0.020073 
406 0.035330 
407 0.020506 
408 0.048738 
409 0.004343 
410 0.018237 
411 -0.026997 
412 -0.000853 
413 -0.031822 
414 0.001781 
415 -0.008246 
416 0.017378 
417 0.002040 
418 -0.014132 
419 -0.018345 
420 -0.028891 
421 0.010469 
422 0.006441 
423 0.060240 
424 0.023127 
425 0.036706 
426 -0.031731 
427 -0.024823 
428 -0.066955 
429 -0.034449 
430 -0.026886 
431 0.026828 
432 0.029583 
433 0.025773 
434 -0.004148 
435 -0.000911 
436 0.004949 
437 0.023289 
438 0.017191 
439 0.013033 
440 -0.001018 
441 -0.035640 
442 -0.034899 
443 -0.053895 
444 -0.003092 
445 -0.017067 
446 0.051811 
447 0.006011 
448 0.064371 
449 -0.014910 
450 0.032771 
451 -0.041725 
452 0.006982 
453 -0.045051 
454 0.009344 
455 -0.009578 
456 0.017035 
457 0.008537 
458 -0.005851 
459 -0.005578 
460 -0.010775 
461 0.024905 
462 0.013418 
463 0.019666 
464 -0.004758 
465 0.005943 
466 -0.017340 
467 -0.013109 
468 -0.031303 
469 -0.005581 
470 -0.012361 
471 0.020708 
472 0.008804 
473 0.024262 
474 0.006516 
475 0.014494 
476 0.015108 
477 0.001674 
478 0.011792 
479 -0.020365 
480 0.012361 
481 -0.031986 
482 0.005714 
483 -0.041052 
484 0.008815 
485 -0.037753 
486 0.013058 
487 -0.009129 
488 0.031344 
489 0.025309 
490 0.036081 
491 0.039672 
492 0.004379 
493 0.004850 
494 -0.045705 
495 -0.007176 
496 -0.039167 
497 0.023441 
498 -0.021943 
499 0.013179 
500 -0.035526 
501 0.010327 
502 -0.016963 
503 0.035689 
504 0.005244 
505 0.056146 
506 0.003995 
507 0.013351 
508 -0.041755 
509 -0.016174 
510 -0.028303 
511 0.002324 
512 0.004975 
513 0.004671 
514 0.014609 
515 -0.011358 
516 0.015663 
517 -0.010834 
518 0.028921 
519 0.003260 
520 0.032101 
521 -0.004462 
522 0.005565 
523 -0.027388 
524 -0.041170 
525 -0.040273 
526 -0.026495 
527 0.026799 
528 0.031788 
529 0.053948 
530 0.021300 
531 0.022922 
532 -0.022165 
533 -0.008693 
534 -0.020626 
535 0.015599 
536 -0.004520 
537 0.016784 
538 -0.024829 
539 -0.007722 
540 -0.041489 
541 0.005917 
542 -0.020043 
543 0.032804 
544 0.007946 
545 0.040280 
546 0.006782 
547 0.007175 
548 -0.005535 
549 -0.011741 
550 0.004897 
551 0.004075 
552 0.033327 
553 0.003386 
554 0.012240 
555 -0.033795 
556 -0.019955 
557 -0.048666 
558 -0.015855 
559 -0.019251 
560 0.028493 
561 0.019573 
562 0.041115 
563 0.012171 
564 0.008303 
565 -0.014214 
566 -0.008729 
567 -0.001586 
568 -0.005295 
569 0.015114 
570 -0.008699 
571 0.006992 
572 -0.027661 
573 0.018204 
574 0.001505 
575 0.045767 
576 0.006559 
577 0.018370 
578 -0.036202 
579 -0.034933 
580 -0.054150 
581 -0.020790 
582 0.001465 
583 0.022560 
584 0.051971 
585 0.030581 
586 0.037857 
587 -0.015737 
588 0.012932 
589 -0.033319 
590 -0.002776 
591 -0.035960 
592 0.008313 
593 -0.026308 
594 -0.006603 
595 -0.025913 
596 0.010206 
597 -0.008953 
598 0.010685 
599 0.006182 
600 0.029505 
601 0.020226 
602 0.008172 
603 0.001370 
604 -0.030094 
605 -0.014329 
606 -0.036591 
607 0.015502 
608 -0.014453 
609 0.025856 
610 -0.020331 
611 0.003239 
612 -0.027918 
613 0.002220 
614 -0.004288 
615 0.000078 
616 0.001420 
617 0.007152 
618 0.021766 
619 0.003075 
620 0.001115 
621 -0.017558 
622 -0.017444 
623 -0.033092 
624 -0.023526 
625 -0.009063 
626 0.020756 
627 0.021881 
628 0.024594 
629 0.002851 
630 -0.011578 
631 -0.025514 
632 -0.018201 
633 -0.003330 
634 -0.000529 
635 0.021496 
636 -0.016807 
637 0.017772 
638 -0.058153 
639 0.017361 
640 -0.061531 
641 0.063821 
642 -0.019808 
643 0.087259 
644 -0.038954 
645 0.027155 
646 -0.072783 
647 0.011613 
648 -0.034484 
649 0.025047 
650 -0.009077 
651 0.024383 
652 -0.019425 
653 -0.008309 
654 -0.028008 
655 0.004779 
656 0.008588 
657 0.049721 
658 0.047869 
659 0.027723 
660 -0.006352 
661 -0.044716 
662 -0.037880 
663 -0.049093 
664 0.001423 
665 0.002209 
666 0.041231 
667 0.006408 
668 0.010436 
669 -0.020933 
670 -0.022555 
671 -0.008005 
672 0.001453 
673 0.053740 
674 0.008877 
675 0.030948 
676 -0.046803 
677 -0.001558 
678 -0.042659 
679 0.029667 
680 0.005392 
681 0.040786 
682 0.002562 
683 -0.000969 
684 -0.033621 
685 -0.027005 
686 -0.013286 
687 0.021071 
688 0.026830 
689 0.038165 
690 0.019321 
691 0.014630 
692 -0.004630 
693 -0.029430 
694 -0.023831 
695 -0.038123 
696 0.008091 
697 -0.005544 
698 0.054032 
699 0.007399 
700 0.035105 
701 -0.020429 
702 0.015348 
703 -0.014168 
704 0.008426 
705 -0.001131 
706 -0.008167 
707 -0.003950 
708 -0.022570 
709 0.005377 
710 -0.034130 
711 0.023406 
712 -0.013249 
713 0.062391 
714 -0.005237 
715 0.049073 
716 -0.023839 
717 0.038977 
718 -0.043507 
719 0.008298 
720 -0.052818 
721 0.020613 
722 -0.024554 
723 0.034695 
724 0.002809 
725 0.025015 
726 0.010978 
727 0.004848 
728 0.021626 
729 -0.032321 
730 0.022558 
731 -0.051615 
732 0.037473 
733 -0.036988 
734 0.054045 
735 -0.036688 
736 0.036984 
737 -0.022543 
738 0.034356 
739 -0.015840 
740 0.001837 
741 -0.016961 
742 0.005335 
743 0.001816 
744 0.008991 
745 0.027418 
746 0.027091 
747 0.034918 
748 -0.005958 
749 0.003982 
750 -0.061408 
751 -0.026318 
752 -0.055952 
753 0.010775 
754 -0.016162 
755 0.028441 
756 0.026328 
757 0.041778 
758 0.043641 
759 0.012622 
760 0.020085 
761 -0.040281 
762 -0.014496 
763 -0.047815 
764 0.013023 
765 -0.023808 
766 0.019959 
767 -0.022775 
768 0.009260 
769 -0.029592 
770 0.016619 
771 0.012595 
772 0.041082 
773 0.004359 
774 0.007075 
775 -0.032774 
776 -0.013005 
777 -0.017137 
778 0.026661 
779 0.011353 
780 0.006984 
781 -0.016355 
782 -0.008262 
783 -0.015531 
784 -0.020870 
785 -0.002952 
786 0.007845 
787 0.023064 
788 0.005901 
789 0.010579 
790 -0.004949 
791 -0.022981 
792 -0.021935 
793 -0.016407 
794 0.005171 
795 -0.013415 
796 0.006563 
797 -0.019409 
798 0.003359 
799 -0.020029 
800 0.022038 
801 -0.004611 
802 0.055998 
803 -0.004819 
804 0.042797 
805 -0.061950 
806 0.001345 
807 -0.080493 
808 0.030789 
809 -0.057317 
810 0.053124 
811 -0.047689 
812 0.032328 
813 -0.063835 
814 0.022151 
815 -0.021898 
816 0.048437 
817 0.018226 
818 0.042458 
819 -0.011445 
820 -0.016634 
821 -0.033702 
822 -0.026352 
823 -0.032788 
824 -0.015955 
825 -0.004456 
826 0.022874 
827 0.002480 
828 0.030343 
829 -0.017022 
830 0.012875 
831 -0.037658 
832 0.014997 
833 -0.017202 
834 0.025193 
835 -0.046179 
836 0.008031 
837 -0.032447 
838 0.029905 
839 -0.027562 
840 0.040422 
841 -0.014012 
842 0.054705 
843 -0.013119 
844 0.024953 
845 -0.037750 
846 -0.026050 
847 -0.036427 
848 -0.024273 
849 0.007692 
850 -0.007490 
851 0.026584 
852 -0.016313 
853 0.024464 
854 -0.027556 
855 0.033182 
856 -0.013112 
857 0.046182 
858 -0.010944 
859 0.040374 
860 -0.016420 
861 0.018940 
862 -0.018991 
863 -0.014049 
864 -0.034449 
865 -0.022909 
866 -0.027057 
867 -0.010271 
868 0.002631 
869 0.021709 
870 0.027661 
871 0.022184 
872 0.046876 
873 0.016738 
874 0.031512 
875 -0.037806 
876 -0.004135 
877 -0.059806 
878 0.003409 
879 -0.043221 
880 0.015856 
881 0.003000 
882 0.039563 
883 0.039829 
884 0.021411 
885 0.024415 
886 -0.026290 
887 -0.008668 
888 -0.051418 
889 -0.007223 
890 -0.019508 
891 0.020203 
892 -0.007053 
893 0.024263 
894 0.006281 
895 0.019482 
896 0.001058 
897 0.013628 
898 0.023080 
899 0.013351 
900 0.028377 
901 -0.005994 
902 0.018244 
903 -0.042937 
904 -0.002233 
905 -0.067822 
906 0.014064 
907 -0.035603 
908 0.054151 
909 -0.002451 
910 0.061306 
911 -0.006451 
912 0.043570 
913 -0.012353 
914 0.017076 
915 -0.005770 
916 0.000985 
917 -0.003029 
918 -0.037766 
919 -0.011701 
920 -0.037880 
921 0.028414 
922 0.009282 
923 0.058891 
924 0.027741 
925 0.017247 
926 -0.024773 
927 -0.046912 
928 -0.023441 
929 -0.022325 
930 0.014976 
931 0.010549 
932 0.041902 
933 0.028298 
934 0.024367 
935 -0.009714 
936 -0.014934 
937 -0.025298 
938 0.008229 
939 0.002302 
940 0.038947 
941 -0.008422 
942 0.028777 
943 -0.043667 
944 0.015741 
945 -0.023922 
946 0.057314 
947 0.000922 
948 0.037330 
949 -0.037705 
950 -0.009834 
951 -0.050226 
952 0.002308 
953 0.019723 
954 0.054377 
955 0.043001 
956 0.024902 
957 -0.003541 
958 -0.028331 
959 -0.036130 
960 -0.020868 
961 -0.004415 
962 0.011392 
963 0.027807 
964 0.014458 
965 0.017370 
966 -0.019147 
967 -0.007761 
968 -0.010798 
969 -0.001881 
970 0.001365 
971 -0.005538 
972 0.026379 
973 -0.014926 
974 0.018878 
975 -0.044057 
976 0.016217 
977 -0.038927 
978 0.045227 
979 -0.008021 
980 0.054441 
981 -0.012421 
982 0.015268 
983 -0.018182 
984 -0.011402 
985 -0.006332 
986 -0.026376 
987 -0.006808 
988 -0.028580 
989 0.008084 
990 -0.003252 
991 0.014308 
992 -0.019422 
993 0.014896 
994 -0.015491 
995 0.014339 
996 -0.010910 
997 0.061893 
998 0.022620 
999 0.039362 
1000 -0.043006 
1001 -0.035050 
1002 -0.062692 
1003 -0.054079 
1004 -0.015697 
1005 -0.010263 
1006 0.035635 
1007 -0.006247 
1008 0.039581 
1009 -0.019854 
1010 0.042144 
1011 -0.016322 
1012 0.048293 
1013 -0.008674 
1014 0.014526 
1015 -0.027009 
1016 -0.051124 
1017 -0.050716 
1018 -0.050414 
1019 0.007223 
1020 0.022434 
1021 0.036919 
1022 0.038359 
1023 0.006951 
