0 0.000157 
1 0.000045 
2 -0.000028 
3 -0.000063 
4 -0.000127 
5 -0.000232 
6 -0.000267 
7 -0.000131 
8 0.000119 
9 0.000290 
10 0.000287 
11 0.000201 
12 0.000141 
13 0.000102 
14 0.000034 
15 -0.000082 
16 -0.000200 
17 -0.000293 
18 -0.000323 
19 -0.000207 
20 0.000071 
21 0.000348 
22 0.000439 
23 0.000333 
24 0.000166 
25 0.000064 
26 -0.000005 
27 -0.000105 
28 -0.000253 
29 -0.000371 
30 -0.000361 
31 -0.000173 
32 0.000128 
33 0.000377 
34 0.000438 
35 0.000326 
36 0.000191 
37 0.000097 
38 0.000021 
39 -0.000134 
40 -0.000299 
41 -0.000328 
42 -0.000212 
43 -0.000057 
44 0.000066 
45 0.000212 
46 0.000383 
47 0.000480 
48 0.000404 
49 0.000207 
50 -0.000008 
51 -0.000165 
52 -0.000221 
53 -0.000181 
54 -0.000096 
55 -0.000019 
56 0.000051 
57 0.000193 
58 0.000429 
59 0.000592 
60 0.000496 
61 0.000210 
62 -0.000049 
63 -0.000122 
64 -0.000031 
65 0.000089 
66 0.000154 
67 0.000132 
68 0.000060 
69 0.000068 
70 0.000229 
71 0.000496 
72 0.000612 
73 0.000435 
74 0.000111 
75 -0.000031 
76 0.000103 
77 0.000283 
78 0.000289 
79 0.000111 
80 -0.000045 
81 -0.000021 
82 0.000209 
83 0.000492 
84 0.000591 
85 0.000424 
86 0.000193 
87 0.000155 
88 0.000294 
89 0.000396 
90 0.000293 
91 0.000083 
92 -0.000021 
93 -0.000016 
94 0.000035 
95 0.000126 
96 0.000337 
97 0.000618 
98 0.000746 
99 0.000627 
100 0.000402 
101 0.000298 
102 0.000248 
103 0.000123 
104 -0.000059 
105 -0.000210 
106 -0.000225 
107 -0.000025 
108 0.000391 
109 0.000904 
110 0.001160 
111 0.000975 
112 0.000528 
113 0.000161 
114 0.000065 
115 0.000049 
116 -0.000002 
117 -0.000166 
118 -0.000324 
119 -0.000289 
120 0.000133 
121 0.000861 
122 0.001470 
123 0.001472 
124 0.000833 
125 0.000131 
126 -0.000131 
127 -0.000047 
128 -0.000089 
129 -0.000424 
130 -0.000711 
131 -0.000515 
132 0.000234 
133 0.001105 
134 0.001609 
135 0.001494 
136 0.000864 
137 0.000162 
138 -0.000201 
139 -0.000193 
140 -0.000226 
141 -0.000468 
142 -0.000631 
143 -0.000392 
144 0.000177 
145 0.000748 
146 0.001151 
147 0.001356 
148 0.001183 
149 0.000576 
150 -0.000181 
151 -0.000620 
152 -0.000587 
153 -0.000366 
154 -0.000225 
155 -0.000130 
156 0.000119 
157 0.000490 
158 0.000863 
159 0.001104 
160 0.001087 
161 0.000660 
162 -0.000099 
163 -0.000737 
164 -0.000801 
165 -0.000369 
166 0.000123 
167 0.000280 
168 0.000146 
169 -0.000022 
170 0.000027 
171 0.000415 
172 0.000944 
173 0.001044 
174 0.000284 
175 -0.000723 
176 -0.001032 
177 -0.000388 
178 0.000371 
179 0.000313 
180 -0.000385 
181 -0.000876 
182 -0.000506 
183 0.000350 
184 0.000931 
185 0.000790 
186 0.000091 
187 -0.000658 
188 -0.000937 
189 -0.000529 
190 0.000023 
191 0.000047 
192 -0.000551 
193 -0.001140 
194 -0.001173 
195 -0.000656 
196 -0.000067 
197 0.000303 
198 0.000494 
199 0.000349 
200 -0.000099 
201 -0.000515 
202 -0.000638 
203 -0.000637 
204 -0.001000 
205 -0.001593 
206 -0.001744 
207 -0.001213 
208 -0.000377 
209 0.000327 
210 0.000780 
211 0.000898 
212 0.000453 
213 -0.000472 
214 -0.001251 
215 -0.001497 
216 -0.001351 
217 -0.001372 
218 -0.001617 
219 -0.001710 
220 -0.001195 
221 -0.000098 
222 0.001083 
223 0.001710 
224 0.001174 
225 -0.000444 
226 -0.002007 
227 -0.002354 
228 -0.001627 
229 -0.001212 
230 -0.001713 
231 -0.002167 
232 -0.001468 
233 0.000306 
234 0.001842 
235 0.002083 
236 0.001012 
237 -0.000659 
238 -0.002092 
239 -0.002614 
240 -0.002287 
241 -0.001734 
242 -0.001552 
243 -0.001582 
244 -0.001085 
245 0.000073 
246 0.001275 
247 0.001587 
248 0.000955 
249 -0.000212 
250 -0.001579 
251 -0.002549 
252 -0.002776 
253 -0.002282 
254 -0.001723 
255 -0.001468 
256 -0.001076 
257 -0.000060 
258 0.001132 
259 0.001475 
260 0.000857 
261 -0.000149 
262 -0.001104 
263 -0.002085 
264 -0.002881 
265 -0.002831 
266 -0.001787 
267 -0.000570 
268 -0.000064 
269 -0.000245 
270 -0.000426 
271 -0.000159 
272 0.000367 
273 0.000700 
274 0.000291 
275 -0.001027 
276 -0.002434 
277 -0.002791 
278 -0.001664 
279 -0.000305 
280 -0.000148 
281 -0.001207 
282 -0.001859 
283 -0.001047 
284 0.000460 
285 0.001185 
286 0.000617 
287 -0.000532 
288 -0.001422 
289 -0.001674 
290 -0.001222 
291 -0.000594 
292 -0.000603 
293 -0.001459 
294 -0.002186 
295 -0.001780 
296 -0.000327 
297 0.000815 
298 0.001059 
299 0.000523 
300 -0.000170 
301 -0.000742 
302 -0.001019 
303 -0.001088 
304 -0.001323 
305 -0.002001 
306 -0.002673 
307 -0.002176 
308 -0.000421 
309 0.001283 
310 0.001851 
311 0.001375 
312 0.000812 
313 0.000227 
314 -0.000848 
315 -0.002203 
316 -0.002727 
317 -0.002256 
318 -0.001544 
319 -0.001139 
320 -0.000885 
321 -0.000006 
322 0.001461 
323 0.002617 
324 0.002604 
325 0.001217 
326 -0.001021 
327 -0.002988 
328 -0.003438 
329 -0.002436 
330 -0.001418 
331 -0.001275 
332 -0.000980 
333 0.000402 
334 0.002607 
335 0.003894 
336 0.003082 
337 0.000851 
338 -0.001590 
339 -0.003223 
340 -0.003519 
341 -0.002528 
342 -0.001099 
343 -0.000249 
344 -0.000060 
345 0.000569 
346 0.002115 
347 0.003365 
348 0.003023 
349 0.000869 
350 -0.001490 
351 -0.002869 
352 -0.003148 
353 -0.002434 
354 -0.001335 
355 -0.000492 
356 -0.000036 
357 0.000749 
358 0.002058 
359 0.003168 
360 0.002671 
361 0.000762 
362 -0.001113 
363 -0.001966 
364 -0.002259 
365 -0.002509 
366 -0.002472 
367 -0.001359 
368 0.000532 
369 0.001856 
370 0.001717 
371 0.001056 
372 0.000676 
373 0.000531 
374 0.000243 
375 -0.000369 
376 -0.001284 
377 -0.002147 
378 -0.002087 
379 -0.000945 
380 0.000604 
381 0.001016 
382 0.000312 
383 -0.000090 
384 0.000615 
385 0.001686 
386 0.001710 
387 0.000568 
388 -0.000722 
389 -0.001374 
390 -0.001479 
391 -0.000989 
392 -0.000104 
393 0.000485 
394 0.000009 
395 -0.000825 
396 -0.000528 
397 0.001263 
398 0.002887 
399 0.002715 
400 0.001206 
401 -0.000072 
402 -0.000552 
403 -0.000735 
404 -0.001157 
405 -0.001747 
406 -0.001956 
407 -0.001290 
408 0.000463 
409 0.002507 
410 0.003657 
411 0.003000 
412 0.001536 
413 0.000520 
414 0.000046 
415 -0.000936 
416 -0.002571 
417 -0.003369 
418 -0.002349 
419 -0.000252 
420 0.001326 
421 0.001986 
422 0.002356 
423 0.002761 
424 0.002724 
425 0.001834 
426 0.000293 
427 -0.001572 
428 -0.003209 
429 -0.003796 
430 -0.002875 
431 -0.000940 
432 0.000778 
433 0.001708 
434 0.002566 
435 0.003535 
436 0.003759 
437 0.002298 
438 -0.000340 
439 -0.002622 
440 -0.004147 
441 -0.004432 
442 -0.003205 
443 -0.000817 
444 0.001597 
445 0.002602 
446 0.002630 
447 0.002944 
448 0.003341 
449 0.002344 
450 -0.000257 
451 -0.002920 
452 -0.003893 
453 -0.003197 
454 -0.001975 
455 -0.000914 
456 0.000037 
457 0.001466 
458 0.002876 
459 0.003729 
460 0.003286 
461 0.001214 
462 -0.001397 
463 -0.003086 
464 -0.002898 
465 -0.001934 
466 -0.001487 
467 -0.001492 
468 -0.000497 
469 0.001673 
470 0.003206 
471 0.002774 
472 0.001165 
473 -0.000180 
474 -0.000745 
475 -0.001073 
476 -0.001212 
477 -0.001243 
478 -0.001460 
479 -0.001731 
480 -0.001480 
481 -0.000162 
482 0.001485 
483 0.001950 
484 0.001256 
485 0.000244 
486 -0.000018 
487 0.000339 
488 0.000268 
489 -0.000473 
490 -0.001363 
491 -0.001861 
492 -0.001829 
493 -0.000931 
494 0.000530 
495 0.001319 
496 0.000813 
497 0.000243 
498 0.000764 
499 0.001732 
500 0.001646 
501 0.000401 
502 -0.000813 
503 -0.001038 
504 -0.000953 
505 -0.001457 
506 -0.001985 
507 -0.001380 
508 0.000245 
509 0.002065 
510 0.003191 
511 0.003100 
512 0.001918 
513 0.000512 
514 -0.000413 
515 -0.000855 
516 -0.001646 
517 -0.002944 
518 -0.003383 
519 -0.001691 
520 0.001417 
521 0.003528 
522 0.003468 
523 0.002378 
524 0.001624 
525 0.001139 
526 0.000306 
527 -0.001096 
528 -0.002502 
529 -0.003598 
530 -0.003938 
531 -0.002529 
532 0.000799 
533 0.004069 
534 0.005106 
535 0.003831 
536 0.001860 
537 0.000652 
538 -0.000132 
539 -0.001272 
540 -0.002950 
541 -0.004283 
542 -0.004136 
543 -0.002009 
544 0.001356 
545 0.004109 
546 0.004750 
547 0.003485 
548 0.001993 
549 0.000978 
550 0.000153 
551 -0.001495 
552 -0.003221 
553 -0.003507 
554 -0.002267 
555 -0.000656 
556 0.000606 
557 0.002066 
558 0.003758 
559 0.004697 
560 0.003905 
561 0.001951 
562 -0.000143 
563 -0.001639 
564 -0.002156 
565 -0.001768 
566 -0.000949 
567 -0.000234 
568 0.000407 
569 0.001680 
570 0.003764 
571 0.005168 
572 0.004281 
573 0.001771 
574 -0.000466 
575 -0.001080 
576 -0.000303 
577 0.000692 
578 0.001217 
579 0.001019 
580 0.000421 
581 0.000478 
582 0.001731 
583 0.003790 
584 0.004650 
585 0.003269 
586 0.000802 
587 -0.000253 
588 0.000732 
589 0.002043 
590 0.002062 
591 0.000773 
592 -0.000345 
593 -0.000171 
594 0.001405 
595 0.003317 
596 0.003939 
597 0.002786 
598 0.001228 
599 0.000958 
600 0.001847 
601 0.002480 
602 0.001809 
603 0.000496 
604 -0.000138 
605 -0.000106 
606 0.000209 
607 0.000752 
608 0.001971 
609 0.003572 
610 0.004260 
611 0.003536 
612 0.002244 
613 0.001650 
614 0.001364 
615 0.000683 
616 -0.000287 
617 -0.001068 
618 -0.001128 
619 -0.000077 
620 0.002036 
621 0.004592 
622 0.005812 
623 0.004834 
624 0.002620 
625 0.000829 
626 0.000372 
627 0.000284 
628 0.000044 
629 -0.000710 
630 -0.001405 
631 -0.001225 
632 0.000669 
633 0.003846 
634 0.006434 
635 0.006364 
636 0.003599 
637 0.000626 
638 -0.000462 
639 -0.000119 
640 -0.000279 
641 -0.001598 
642 -0.002708 
643 -0.001911 
644 0.000977 
645 0.004260 
646 0.006097 
647 0.005599 
648 0.003230 
649 0.000660 
650 -0.000635 
651 -0.000591 
652 -0.000698 
653 -0.001526 
654 -0.002069 
655 -0.001246 
656 0.000665 
657 0.002533 
658 0.003816 
659 0.004433 
660 0.003835 
661 0.001877 
662 -0.000502 
663 -0.001844 
664 -0.001723 
665 -0.001039 
666 -0.000602 
667 -0.000314 
668 0.000421 
669 0.001490 
670 0.002534 
671 0.003181 
672 0.003086 
673 0.001862 
674 -0.000237 
675 -0.001960 
676 -0.002113 
677 -0.000948 
678 0.000354 
679 0.000760 
680 0.000418 
681 -0.000010 
682 0.000109 
683 0.001063 
684 0.002339 
685 0.002553 
686 0.000711 
687 -0.001676 
688 -0.002390 
689 -0.000890 
690 0.000844 
691 0.000695 
692 -0.000871 
693 -0.001949 
694 -0.001118 
695 0.000753 
696 0.001995 
697 0.001679 
698 0.000207 
699 -0.001340 
700 -0.001904 
701 -0.001065 
702 0.000039 
703 0.000070 
704 -0.001115 
705 -0.002249 
706 -0.002293 
707 -0.001283 
708 -0.000161 
709 0.000537 
710 0.000882 
711 0.000609 
712 -0.000208 
713 -0.000944 
714 -0.001153 
715 -0.001140 
716 -0.001751 
717 -0.002744 
718 -0.002967 
719 -0.002056 
720 -0.000662 
721 0.000488 
722 0.001216 
723 0.001388 
724 0.000672 
725 -0.000779 
726 -0.001974 
727 -0.002330 
728 -0.002079 
729 -0.002088 
730 -0.002427 
731 -0.002543 
732 -0.001774 
733 -0.000182 
734 0.001494 
735 0.002356 
736 0.001583 
737 -0.000662 
738 -0.002790 
739 -0.003231 
740 -0.002230 
741 -0.001655 
742 -0.002289 
743 -0.002854 
744 -0.001928 
745 0.000336 
746 0.002253 
747 0.002527 
748 0.001183 
749 -0.000862 
750 -0.002582 
751 -0.003176 
752 -0.002759 
753 -0.002088 
754 -0.001855 
755 -0.001866 
756 -0.001280 
757 0.000028 
758 0.001353 
759 0.001678 
760 0.000976 
761 -0.000283 
762 -0.001728 
763 -0.002726 
764 -0.002933 
765 -0.002394 
766 -0.001800 
767 -0.001526 
768 -0.001117 
769 -0.000101 
770 0.001058 
771 0.001381 
772 0.000781 
773 -0.000169 
774 -0.001051 
775 -0.001942 
776 -0.002652 
777 -0.002584 
778 -0.001625 
779 -0.000537 
780 -0.000088 
781 -0.000242 
782 -0.000393 
783 -0.000159 
784 0.000289 
785 0.000567 
786 0.000230 
787 -0.000840 
788 -0.001963 
789 -0.002229 
790 -0.001317 
791 -0.000238 
792 -0.000114 
793 -0.000920 
794 -0.001404 
795 -0.000782 
796 0.000341 
797 0.000868 
798 0.000443 
799 -0.000382 
800 -0.001004 
801 -0.001166 
802 -0.000834 
803 -0.000392 
804 -0.000391 
805 -0.000965 
806 -0.001441 
807 -0.001158 
808 -0.000196 
809 0.000546 
810 0.000700 
811 0.000355 
812 -0.000078 
813 -0.000429 
814 -0.000592 
815 -0.000627 
816 -0.000760 
817 -0.001153 
818 -0.001535 
819 -0.001229 
820 -0.000204 
821 0.000767 
822 0.001076 
823 0.000799 
824 0.000481 
825 0.000158 
826 -0.000420 
827 -0.001135 
828 -0.001399 
829 -0.001134 
830 -0.000752 
831 -0.000537 
832 -0.000401 
833 0.000038 
834 0.000758 
835 0.001311 
836 0.001290 
837 0.000614 
838 -0.000448 
839 -0.001360 
840 -0.001551 
841 -0.001075 
842 -0.000600 
843 -0.000529 
844 -0.000393 
845 0.000215 
846 0.001167 
847 0.001706 
848 0.001346 
849 0.000398 
850 -0.000617 
851 -0.001280 
852 -0.001385 
853 -0.000972 
854 -0.000393 
855 -0.000053 
856 0.000021 
857 0.000265 
858 0.000849 
859 0.001307 
860 0.001162 
861 0.000358 
862 -0.000503 
863 -0.000990 
864 -0.001077 
865 -0.000813 
866 -0.000422 
867 -0.000130 
868 0.000028 
869 0.000288 
870 0.000717 
871 0.001071 
872 0.000897 
873 0.000276 
874 -0.000319 
875 -0.000580 
876 -0.000661 
877 -0.000727 
878 -0.000708 
879 -0.000371 
880 0.000191 
881 0.000573 
882 0.000525 
883 0.000330 
884 0.000219 
885 0.000176 
886 0.000094 
887 -0.000073 
888 -0.000319 
889 -0.000547 
890 -0.000528 
891 -0.000224 
892 0.000177 
893 0.000279 
894 0.000100 
895 0.000000 
896 0.000173 
897 0.000430 
898 0.000428 
899 0.000149 
900 -0.000156 
901 -0.000304 
902 -0.000325 
903 -0.000209 
904 -0.000008 
905 0.000121 
906 0.000012 
907 -0.000171 
908 -0.000108 
909 0.000269 
910 0.000604 
911 0.000561 
912 0.000248 
913 -0.000013 
914 -0.000107 
915 -0.000143 
916 -0.000224 
917 -0.000337 
918 -0.000374 
919 -0.000247 
920 0.000080 
921 0.000454 
922 0.000657 
923 0.000532 
924 0.000264 
925 0.000083 
926 -0.000002 
927 -0.000169 
928 -0.000445 
929 -0.000575 
930 -0.000400 
931 -0.000054 
932 0.000200 
933 0.000301 
934 0.000357 
935 0.000415 
936 0.000404 
937 0.000263 
938 0.000029 
939 -0.000248 
940 -0.000487 
941 -0.000568 
942 -0.000430 
943 -0.000152 
944 0.000090 
945 0.000216 
946 0.000331 
947 0.000459 
948 0.000484 
949 0.000284 
950 -0.000065 
951 -0.000362 
952 -0.000554 
953 -0.000585 
954 -0.000424 
955 -0.000123 
956 0.000176 
957 0.000295 
958 0.000296 
959 0.000329 
960 0.000374 
961 0.000253 
962 -0.000051 
963 -0.000356 
964 -0.000464 
965 -0.000383 
966 -0.000244 
967 -0.000125 
968 -0.000020 
969 0.000137 
970 0.000287 
971 0.000375 
972 0.000325 
973 0.000105 
974 -0.000165 
975 -0.000337 
976 -0.000317 
977 -0.000218 
978 -0.000171 
979 -0.000169 
980 -0.000070 
981 0.000141 
982 0.000287 
983 0.000244 
984 0.000090 
985 -0.000036 
986 -0.000089 
987 -0.000119 
988 -0.000131 
989 -0.000133 
990 -0.000152 
991 -0.000175 
992 -0.000152 
993 -0.000035 
994 0.000110 
995 0.000151 
996 0.000091 
997 0.000003 
998 -0.000019 
999 0.000010 
1000 0.000004 
1001 -0.000059 
1002 -0.000133 
1003 -0.000174 
1004 -0.000170 
1005 -0.000094 
1006 0.000028 
1007 0.000094 
1008 0.000052 
1009 0.000005 
1010 0.000048 
1011 0.000128 
1012 0.000120 
1013 0.000019 
1014 -0.000079 
1015 -0.000097 
1016 -0.000089 
1017 -0.000129 
1018 -0.000171 
1019 -0.000122 
1020 0.000008 
1021 0.000153 
1022 0.000243 
1023 0.000236 
