0 -0.113096 
1 -0.115383 
2 -0.054787 
3 -0.189430 
4 -0.019001 
5 -0.349841 
6 -0.018462 
7 -0.214265 
8 0.059351 
9 -0.053969 
10 -0.137550 
11 0.000474 
12 -0.200379 
13 0.075880 
14 -0.136352 
15 0.000557 
16 -0.189649 
17 -0.061945 
18 -0.205048 
19 0.024538 
20 -0.089839 
21 0.014796 
22 -0.027949 
23 -0.108806 
24 -0.028007 
25 -0.021076 
26 -0.025804 
27 0.086448 
28 -0.193570 
29 -0.007924 
30 -0.194685 
31 -0.026606 
32 -0.084309 
33 0.055181 
34 -0.041534 
35 0.073024 
36 -0.129616 
37 0.073888 
38 -0.049426 
39 0.066333 
40 -0.075573 
41 0.000284 
42 -0.140062 
43 0.022369 
44 -0.068775 
45 0.061514 
46 -0.036074 
47 0.014961 
48 0.013585 
49 0.018773 
50 0.037681 
51 0.004928 
52 0.019522 
53 -0.036545 
54 -0.034741 
55 0.016144 
56 0.021384 
57 0.122246 
58 -0.010346 
59 0.033178 
60 0.063172 
61 -0.025764 
62 0.125461 
63 -0.090502 
64 0.143719 
65 -0.093786 
66 0.049000 
67 -0.070612 
68 0.168707 
69 0.052777 
70 0.082281 
71 0.017343 
72 -0.009425 
73 0.155457 
74 -0.025507 
75 0.155750 
76 -0.057936 
77 0.091205 
78 0.010525 
79 0.053892 
80 0.125910 
81 0.015068 
82 0.152598 
83 -0.020116 
84 0.134379 
85 -0.002837 
86 0.065067 
87 0.152001 
88 0.015619 
89 0.118409 
90 -0.098481 
91 0.197062 
92 0.020146 
93 0.228247 
94 -0.044341 
95 0.162528 
96 0.050921 
97 0.108077 
98 0.130082 
99 0.004311 
100 0.145004 
101 0.013458 
102 -0.000524 
103 0.155100 
104 0.010463 
105 0.291490 
106 0.046470 
107 0.252128 
108 -0.016715 
109 0.160562 
110 0.009623 
111 0.253251 
112 -0.114249 
113 0.056695 
114 -0.038817 
115 0.165352 
116 0.181508 
117 0.159433 
118 0.239599 
119 0.178841 
120 0.015758 
121 0.071495 
122 0.025869 
123 0.174792 
124 0.072909 
125 0.001771 
126 0.041658 
127 0.088077 
128 0.175184 
129 0.196422 
130 0.153000 
131 0.096229 
132 0.077983 
133 0.112635 
134 0.152891 
135 0.134759 
136 0.130972 
137 0.078234 
138 0.091931 
139 0.065229 
140 0.141396 
141 0.087653 
142 0.163698 
143 0.042150 
144 0.191078 
145 0.031687 
146 0.176356 
147 0.112921 
148 0.131580 
149 0.150339 
150 -0.040308 
151 0.179729 
152 0.034410 
153 0.221666 
154 0.057797 
155 0.141662 
156 0.075360 
157 0.151993 
158 0.101458 
159 0.115557 
160 0.137217 
161 0.080164 
162 0.088182 
163 0.056099 
164 0.095198 
165 0.172844 
166 0.046544 
167 0.198603 
168 -0.024300 
169 0.211099 
170 -0.011244 
171 0.241506 
172 0.075812 
173 0.121377 
174 0.045623 
175 0.033075 
176 0.162044 
177 0.088784 
178 0.117482 
179 0.063952 
180 0.079666 
181 0.138080 
182 0.075502 
183 0.187252 
184 0.070943 
185 0.171577 
186 -0.050527 
187 0.161964 
188 -0.000821 
189 0.159556 
190 0.074198 
191 0.065185 
192 0.109383 
193 0.039441 
194 0.104941 
195 0.181373 
196 0.043547 
197 0.177591 
198 -0.071618 
199 0.164758 
200 0.024864 
201 0.150105 
202 0.015891 
203 0.127711 
204 0.029416 
205 0.116972 
206 0.026294 
207 0.151605 
208 0.120388 
209 0.060705 
210 0.027067 
211 0.070718 
212 0.046977 
213 0.128412 
214 0.034771 
215 0.121065 
216 0.002494 
217 0.073551 
218 0.087319 
219 0.080873 
220 0.161773 
221 -0.023435 
222 0.100947 
223 -0.006911 
224 0.081117 
225 0.122621 
226 0.019824 
227 0.109695 
228 -0.050419 
229 0.106476 
230 -0.017228 
231 0.183231 
232 0.021041 
233 0.144224 
234 -0.027441 
235 0.057738 
236 0.124961 
237 0.015212 
238 0.149772 
239 -0.094901 
240 0.060737 
241 0.027870 
242 0.032338 
243 0.121141 
244 0.025588 
245 0.138835 
246 0.002537 
247 0.053493 
248 0.015784 
249 0.080404 
250 0.041180 
251 -0.000888 
252 0.048717 
253 -0.054013 
254 0.126716 
255 0.029039 
256 0.158901 
257 -0.002879 
258 0.033564 
259 -0.010366 
260 0.002055 
261 0.109464 
262 -0.009443 
263 0.084067 
264 -0.062679 
265 0.052063 
266 0.043096 
267 0.049522 
268 0.098898 
269 0.016000 
270 0.001598 
271 0.004230 
272 -0.027988 
273 0.116266 
274 0.013257 
275 0.056351 
276 -0.038258 
277 0.024485 
278 -0.038727 
279 0.116835 
280 0.016469 
281 0.051449 
282 -0.014942 
283 -0.030488 
284 0.076971 
285 -0.001912 
286 0.031012 
287 0.032842 
288 -0.067847 
289 0.069508 
290 -0.082555 
291 0.127096 
292 0.001995 
293 0.052725 
294 -0.049159 
295 0.005520 
296 0.037011 
297 -0.022617 
298 0.071314 
299 -0.067121 
300 0.043894 
301 -0.066173 
302 0.031973 
303 0.035675 
304 0.028350 
305 0.043047 
306 -0.051944 
307 0.039189 
308 -0.094066 
309 0.083409 
310 -0.023552 
311 0.010329 
312 0.019185 
313 -0.153189 
314 0.103627 
315 -0.071706 
316 0.122034 
317 -0.021817 
318 -0.028221 
319 0.003336 
320 -0.047823 
321 0.040303 
322 -0.023227 
323 0.027274 
324 -0.097130 
325 0.015186 
326 -0.086937 
327 0.032236 
328 0.052005 
329 -0.059502 
330 0.088377 
331 -0.146340 
332 0.080396 
333 -0.052622 
334 0.012457 
335 -0.034846 
336 -0.075035 
337 -0.006638 
338 -0.056457 
339 0.039796 
340 -0.030408 
341 0.055205 
342 -0.059013 
343 -0.030858 
344 -0.034873 
345 -0.017620 
346 -0.005852 
347 -0.043137 
348 -0.061940 
349 -0.039065 
350 -0.049344 
351 0.016185 
352 -0.011095 
353 0.037568 
354 -0.106893 
355 0.005931 
356 -0.121008 
357 0.024456 
358 -0.011471 
359 -0.100677 
360 0.004356 
361 -0.134657 
362 0.020376 
363 -0.027681 
364 -0.009091 
365 0.018276 
366 -0.060628 
367 -0.058251 
368 -0.040858 
369 -0.032978 
370 -0.028868 
371 -0.049952 
372 -0.080645 
373 -0.099136 
374 -0.005713 
375 -0.072268 
376 0.101108 
377 -0.129068 
378 0.008409 
379 -0.106228 
380 -0.018186 
381 -0.022118 
382 -0.073395 
383 -0.008121 
384 -0.123245 
385 -0.046849 
386 -0.107921 
387 0.009513 
388 0.024508 
389 -0.067453 
390 -0.003663 
391 -0.150960 
392 0.027411 
393 -0.105661 
394 0.023606 
395 -0.097411 
396 -0.033282 
397 -0.128401 
398 -0.060117 
399 0.005289 
400 -0.063195 
401 0.023536 
402 -0.109259 
403 -0.035548 
404 -0.042640 
405 -0.106873 
406 0.070934 
407 -0.139036 
408 0.027566 
409 -0.161305 
410 -0.054637 
411 -0.033335 
412 -0.024321 
413 -0.014197 
414 -0.101178 
415 -0.043987 
416 -0.109663 
417 0.029015 
418 -0.088883 
419 0.031172 
420 -0.106803 
421 -0.091987 
422 -0.025486 
423 -0.071962 
424 0.045391 
425 -0.089317 
426 -0.014900 
427 -0.086811 
428 -0.088436 
429 -0.032387 
430 -0.095104 
431 0.024186 
432 -0.121838 
433 -0.030422 
434 -0.090793 
435 -0.032997 
436 0.014869 
437 -0.030901 
438 -0.016147 
439 -0.114399 
440 -0.051525 
441 -0.072094 
442 -0.008084 
443 -0.090510 
444 -0.033963 
445 -0.064239 
446 -0.098673 
447 0.044227 
448 -0.099308 
449 0.055942 
450 -0.075778 
451 -0.075146 
452 -0.040945 
453 -0.081625 
454 0.002650 
455 -0.055228 
456 -0.084479 
457 -0.055274 
458 -0.079569 
459 0.020704 
460 -0.047237 
461 0.039256 
462 -0.105846 
463 0.036986 
464 -0.134537 
465 0.020786 
466 -0.085086 
467 0.007528 
468 -0.075538 
469 -0.083007 
470 -0.057845 
471 -0.011839 
472 -0.004657 
473 0.023526 
474 -0.066456 
475 0.012533 
476 -0.134652 
477 0.067378 
478 -0.113707 
479 0.061217 
480 -0.075558 
481 -0.065845 
482 -0.019037 
483 -0.069497 
484 0.060410 
485 -0.058607 
486 0.003418 
487 -0.097563 
488 0.036055 
489 -0.077779 
490 0.027835 
491 -0.002289 
492 -0.033030 
493 0.030990 
494 -0.131076 
495 0.053687 
496 -0.011627 
497 -0.019147 
498 0.006005 
499 -0.136216 
500 0.047780 
501 -0.049924 
502 0.072124 
503 -0.026874 
504 0.014983 
505 -0.038001 
506 -0.034600 
507 0.028410 
508 -0.043839 
509 0.059346 
510 -0.099169 
511 0.017265 
512 -0.049282 
513 0.021493 
514 0.032078 
515 0.009708 
516 0.057033 
517 -0.083562 
518 0.059730 
519 -0.078608 
520 0.061074 
521 -0.009421 
522 -0.025609 
523 0.011946 
524 -0.090224 
525 0.080941 
526 -0.003658 
527 0.045109 
528 0.015063 
529 -0.027806 
530 0.012106 
531 0.016641 
532 0.008562 
533 0.020835 
534 0.009878 
535 -0.023845 
536 -0.029351 
537 0.030994 
538 -0.029370 
539 0.164522 
540 -0.133379 
541 0.113656 
542 -0.107356 
543 0.102957 
544 0.006536 
545 0.058309 
546 0.007136 
547 -0.015995 
548 -0.022892 
549 0.016137 
550 0.036935 
551 0.061762 
552 -0.015778 
553 0.040198 
554 -0.054841 
555 0.103422 
556 -0.020981 
557 0.087556 
558 0.012520 
559 0.002009 
560 0.000224 
561 -0.036884 
562 0.105995 
563 0.012930 
564 0.108593 
565 -0.082228 
566 0.087301 
567 0.021265 
568 0.004081 
569 0.094655 
570 -0.074849 
571 0.096963 
572 -0.072044 
573 0.045374 
574 0.050948 
575 0.056001 
576 0.080740 
577 0.011768 
578 0.021589 
579 -0.011136 
580 0.094386 
581 0.015492 
582 0.039621 
583 -0.015502 
584 -0.029206 
585 0.140286 
586 -0.059662 
587 0.170344 
588 -0.039740 
589 0.092409 
590 -0.041912 
591 0.003469 
592 0.065108 
593 0.036772 
594 0.061918 
595 -0.041143 
596 0.051634 
597 0.024730 
598 0.054516 
599 0.106235 
600 -0.021650 
601 0.100642 
602 -0.085397 
603 0.087400 
604 -0.031147 
605 0.097755 
606 -0.019570 
607 0.045646 
608 -0.023013 
609 0.032146 
610 0.087429 
611 0.037797 
612 0.065099 
613 0.010549 
614 -0.014373 
615 0.094406 
616 -0.099186 
617 0.122862 
618 -0.050579 
619 0.068555 
620 -0.022632 
621 0.010032 
622 0.057680 
623 0.083747 
624 0.039627 
625 -0.013792 
626 0.001191 
627 -0.027937 
628 0.064673 
629 0.002824 
630 0.016962 
631 0.034000 
632 -0.057735 
633 0.037764 
634 0.044767 
635 0.052572 
636 0.090637 
637 -0.096785 
638 0.088207 
639 -0.105301 
640 0.122473 
641 -0.103522 
642 0.112334 
643 -0.088369 
644 0.018271 
645 -0.010734 
646 0.013023 
647 0.116025 
648 -0.028849 
649 0.031474 
650 -0.009899 
651 0.027013 
652 0.000130 
653 -0.030527 
654 0.016992 
655 -0.064712 
656 0.039594 
657 -0.108500 
658 0.104333 
659 -0.000774 
660 0.021586 
661 0.036721 
662 -0.114237 
663 0.082222 
664 -0.078968 
665 0.076680 
666 -0.051447 
667 -0.051359 
668 -0.023083 
669 -0.040452 
670 0.072442 
671 -0.064264 
672 0.114276 
673 -0.122563 
674 0.074869 
675 -0.146795 
676 0.041774 
677 -0.022486 
678 -0.034136 
679 -0.012012 
680 -0.078634 
681 -0.004638 
682 -0.007757 
683 0.015791 
684 0.011807 
685 -0.048323 
686 -0.013592 
687 -0.130045 
688 0.034604 
689 -0.051785 
690 -0.002071 
691 -0.063502 
692 -0.080212 
693 0.011277 
694 -0.048677 
695 0.027785 
696 -0.047169 
697 -0.028052 
698 -0.075341 
699 -0.076874 
700 -0.054326 
701 -0.084665 
702 0.062193 
703 -0.131715 
704 0.017348 
705 -0.129665 
706 0.052321 
707 0.002631 
708 -0.055735 
709 -0.053339 
710 -0.094267 
711 -0.090925 
712 -0.070495 
713 -0.100654 
714 -0.002144 
715 -0.082300 
716 -0.023335 
717 -0.110910 
718 0.040329 
719 -0.027089 
720 -0.007970 
721 -0.083804 
722 -0.157468 
723 -0.022633 
724 -0.179490 
725 0.039874 
726 -0.180131 
727 0.048316 
728 -0.150980 
729 0.001217 
730 -0.060718 
731 -0.010910 
732 -0.017040 
733 -0.144781 
734 -0.055938 
735 -0.152969 
736 -0.070501 
737 -0.053444 
738 -0.110947 
739 -0.001726 
740 -0.122736 
741 -0.018123 
742 -0.063554 
743 -0.022120 
744 -0.071191 
745 -0.112211 
746 -0.081458 
747 -0.194750 
748 0.045817 
749 -0.224691 
750 0.114772 
751 -0.226823 
752 0.022686 
753 -0.151041 
754 -0.035881 
755 -0.074849 
756 -0.076287 
757 -0.078246 
758 -0.108940 
759 -0.097765 
760 -0.095871 
761 -0.064562 
762 -0.021193 
763 -0.129392 
764 -0.015635 
765 -0.246621 
766 0.017054 
767 -0.156703 
768 -0.014694 
769 -0.147039 
770 -0.081120 
771 -0.096656 
772 -0.061025 
773 -0.064767 
774 -0.068313 
775 -0.076475 
776 -0.115314 
777 -0.142749 
778 -0.033465 
779 -0.184732 
780 -0.020098 
781 -0.185422 
782 -0.014254 
783 -0.147037 
784 -0.072653 
785 -0.070008 
786 -0.038445 
787 -0.123018 
788 -0.114322 
789 -0.120895 
790 -0.108144 
791 -0.081298 
792 -0.132883 
793 -0.115230 
794 -0.062727 
795 -0.162933 
796 -0.041332 
797 -0.106630 
798 -0.062634 
799 -0.045107 
800 -0.214388 
801 -0.040458 
802 -0.197020 
803 -0.011384 
804 -0.184614 
805 -0.053404 
806 -0.186797 
807 -0.097439 
808 -0.110357 
809 -0.109896 
810 0.000261 
811 -0.152814 
812 -0.053442 
813 -0.207611 
814 -0.058283 
815 -0.119599 
816 -0.130851 
817 -0.147837 
818 -0.157085 
819 -0.115406 
820 -0.127357 
821 -0.067838 
822 -0.056008 
823 -0.156048 
824 -0.031677 
825 -0.268585 
826 0.046749 
827 -0.281232 
828 0.032360 
829 -0.237811 
830 -0.104948 
831 -0.226248 
832 -0.083520 
833 -0.095697 
834 -0.111600 
835 -0.104999 
836 -0.160753 
837 -0.069840 
838 -0.186148 
839 -0.113718 
840 -0.085622 
841 -0.173305 
842 -0.102635 
843 -0.241940 
844 -0.114070 
845 -0.141158 
846 -0.137626 
847 -0.077630 
848 -0.206101 
849 -0.112847 
850 -0.222369 
851 -0.042859 
852 -0.224445 
853 -0.070384 
854 -0.213367 
855 -0.132921 
856 -0.135697 
857 -0.176546 
858 -0.090650 
859 -0.168421 
860 -0.197972 
861 -0.179763 
862 -0.216114 
863 -0.065049 
864 -0.240336 
865 -0.057384 
866 -0.248358 
867 -0.031768 
868 -0.282064 
869 -0.081045 
870 -0.164083 
871 -0.150053 
872 -0.215799 
873 -0.241766 
874 -0.187262 
875 -0.131451 
876 -0.199476 
877 -0.097504 
878 -0.224909 
879 -0.109480 
880 -0.262247 
881 -0.048157 
882 -0.268416 
883 -0.065830 
884 -0.326542 
885 -0.170622 
886 -0.217278 
887 -0.240910 
888 -0.087116 
889 -0.245193 
890 -0.069606 
891 -0.272698 
892 -0.141888 
893 -0.221871 
894 -0.122454 
895 -0.218936 
896 -0.229523 
897 -0.219765 
898 -0.233645 
899 -0.206661 
900 -0.164309 
901 -0.248577 
902 -0.079922 
903 -0.288347 
904 -0.091189 
905 -0.262569 
906 -0.120801 
907 -0.241629 
908 -0.209804 
909 -0.267318 
910 -0.248518 
911 -0.159847 
912 -0.247042 
913 -0.093599 
914 -0.284925 
915 -0.147389 
916 -0.225311 
917 -0.207552 
918 -0.159481 
919 -0.284674 
920 -0.182513 
921 -0.292748 
922 -0.243654 
923 -0.234923 
924 -0.174741 
925 -0.137271 
926 -0.229576 
927 -0.190852 
928 -0.278315 
929 -0.109027 
930 -0.278012 
931 -0.173447 
932 -0.260641 
933 -0.312169 
934 -0.181427 
935 -0.322436 
936 -0.102995 
937 -0.273868 
938 -0.175305 
939 -0.216221 
940 -0.198429 
941 -0.143669 
942 -0.248858 
943 -0.138080 
944 -0.355798 
945 -0.205496 
946 -0.327976 
947 -0.212688 
948 -0.208059 
949 -0.211198 
950 -0.160221 
951 -0.232807 
952 -0.195772 
953 -0.223398 
954 -0.083460 
955 -0.206640 
956 -0.309893 
957 -0.267643 
958 -0.292720 
959 -0.102669 
960 -0.288354 
961 -0.153088 
962 -0.176942 
963 -0.235681 
964 -0.153019 
965 -0.256486 
966 -0.095810 
967 -0.247136 
968 -0.217413 
969 -0.314411 
970 -0.204229 
971 -0.222711 
972 -0.137477 
973 -0.111605 
974 -0.289113 
975 -0.090746 
976 -0.330425 
977 -0.089302 
978 -0.248697 
979 -0.167322 
980 -0.186695 
981 -0.267132 
982 -0.206657 
983 -0.198268 
984 -0.117413 
985 -0.108875 
986 -0.185794 
987 -0.146094 
988 -0.269947 
989 -0.072878 
990 -0.242998 
991 -0.133427 
992 -0.277103 
993 -0.202823 
994 -0.201891 
995 -0.162618 
996 -0.116302 
997 -0.089434 
998 -0.125988 
999 -0.106965 
1000 -0.232240 
1001 -0.105811 
1002 -0.217634 
1003 -0.078790 
1004 -0.338580 
1005 -0.087089 
1006 -0.299208 
1007 -0.041455 
1008 -0.160396 
1009 -0.074064 
1010 -0.014659 
1011 -0.199360 
1012 -0.049161 
1013 -0.267186 
1014 -0.017075 
1015 -0.206171 
1016 -0.122774 
1017 -0.222228 
1018 -0.194602 
1019 -0.064146 
1020 -0.150192 
1021 -0.002289 
1022 -0.163678 
1023 -0.027170 
