0 -0.000089 
1 -0.000043 
2 -0.000084 
3 -0.000113 
4 -0.000063 
5 -0.000035 
6 -0.000112 
7 -0.000191 
8 -0.000179 
9 -0.000170 
10 -0.000238 
11 -0.000254 
12 -0.000162 
13 -0.000081 
14 -0.000076 
15 -0.000048 
16 0.000014 
17 0.000025 
18 -0.000016 
19 -0.000050 
20 -0.000120 
21 -0.000230 
22 -0.000243 
23 -0.000139 
24 -0.000088 
25 -0.000134 
26 -0.000121 
27 -0.000044 
28 -0.000081 
29 -0.000240 
30 -0.000274 
31 -0.000113 
32 0.000064 
33 0.000147 
34 0.000158 
35 0.000084 
36 -0.000092 
37 -0.000240 
38 -0.000240 
39 -0.000152 
40 -0.000101 
41 -0.000083 
42 -0.000051 
43 -0.000048 
44 -0.000094 
45 -0.000121 
46 -0.000080 
47 -0.000038 
48 -0.000049 
49 -0.000065 
50 -0.000069 
51 -0.000105 
52 -0.000127 
53 -0.000076 
54 -0.000008 
55 -0.000005 
56 -0.000049 
57 -0.000065 
58 -0.000059 
59 -0.000078 
60 -0.000056 
61 0.000041 
62 0.000137 
63 0.000161 
64 0.000129 
65 0.000083 
66 0.000026 
67 -0.000045 
68 -0.000119 
69 -0.000200 
70 -0.000300 
71 -0.000321 
72 -0.000161 
73 0.000109 
74 0.000307 
75 0.000377 
76 0.000386 
77 0.000318 
78 0.000111 
79 -0.000169 
80 -0.000376 
81 -0.000486 
82 -0.000510 
83 -0.000368 
84 -0.000015 
85 0.000384 
86 0.000612 
87 0.000582 
88 0.000338 
89 -0.000001 
90 -0.000261 
91 -0.000389 
92 -0.000394 
93 -0.000259 
94 -0.000005 
95 0.000233 
96 0.000284 
97 0.000229 
98 0.000207 
99 0.000134 
100 -0.000077 
101 -0.000180 
102 -0.000037 
103 0.000158 
104 0.000255 
105 0.000351 
106 0.000485 
107 0.000390 
108 -0.000033 
109 -0.000472 
110 -0.000686 
111 -0.000700 
112 -0.000406 
113 0.000254 
114 0.000945 
115 0.001215 
116 0.001094 
117 0.000752 
118 0.000226 
119 -0.000296 
120 -0.000471 
121 -0.000327 
122 -0.000214 
123 -0.000190 
124 0.000012 
125 0.000380 
126 0.000631 
127 0.000702 
128 0.000746 
129 0.000699 
130 0.000476 
131 0.000177 
132 -0.000117 
133 -0.000394 
134 -0.000536 
135 -0.000372 
136 0.000007 
137 0.000335 
138 0.000530 
139 0.000674 
140 0.000693 
141 0.000586 
142 0.000527 
143 0.000513 
144 0.000375 
145 0.000090 
146 -0.000116 
147 -0.000130 
148 -0.000065 
149 0.000051 
150 0.000260 
151 0.000458 
152 0.000483 
153 0.000377 
154 0.000284 
155 0.000169 
156 0.000122 
157 0.000310 
158 0.000723 
159 0.001074 
160 0.001147 
161 0.000898 
162 0.000278 
163 -0.000559 
164 -0.001041 
165 -0.000843 
166 -0.000230 
167 0.000472 
168 0.001141 
169 0.001566 
170 0.001434 
171 0.000874 
172 0.000288 
173 -0.000253 
174 -0.000735 
175 -0.000896 
176 -0.000677 
177 -0.000296 
178 0.000285 
179 0.001028 
180 0.001438 
181 0.001135 
182 0.000522 
183 0.000191 
184 -0.000037 
185 -0.000438 
186 -0.000569 
187 -0.000089 
188 0.000441 
189 0.000518 
190 0.000445 
191 0.000543 
192 0.000476 
193 0.000003 
194 -0.000353 
195 -0.000131 
196 0.000225 
197 0.000302 
198 0.000372 
199 0.000601 
200 0.000723 
201 0.000666 
202 0.000791 
203 0.000999 
204 0.000448 
205 -0.000764 
206 -0.001447 
207 -0.001121 
208 -0.000490 
209 0.000134 
210 0.001054 
211 0.001907 
212 0.001862 
213 0.000993 
214 0.000107 
215 -0.000745 
216 -0.001587 
217 -0.001679 
218 -0.000706 
219 0.000236 
220 0.000382 
221 0.000377 
222 0.000796 
223 0.000975 
224 0.000467 
225 -0.000004 
226 -0.000004 
227 -0.000114 
228 -0.000584 
229 -0.000790 
230 -0.000491 
231 -0.000237 
232 -0.000330 
233 -0.000542 
234 -0.000604 
235 -0.000643 
236 -0.000527 
237 -0.000188 
238 0.000065 
239 0.000005 
240 -0.000147 
241 -0.000195 
242 -0.000260 
243 -0.000476 
244 -0.000715 
245 -0.000861 
246 -0.000973 
247 -0.000840 
248 -0.000296 
249 0.000231 
250 0.000277 
251 0.000080 
252 -0.000078 
253 -0.000202 
254 -0.000376 
255 -0.000410 
256 -0.000344 
257 -0.000490 
258 -0.000752 
259 -0.000808 
260 -0.000747 
261 -0.000694 
262 -0.000445 
263 0.000025 
264 0.000307 
265 0.000436 
266 0.000745 
267 0.000855 
268 0.000019 
269 -0.001100 
270 -0.001465 
271 -0.001234 
272 -0.001192 
273 -0.001063 
274 -0.000282 
275 0.000536 
276 0.000731 
277 0.000600 
278 0.000469 
279 -0.000203 
280 -0.001344 
281 -0.001929 
282 -0.001595 
283 -0.000891 
284 -0.000263 
285 0.000459 
286 0.001082 
287 0.001167 
288 0.000796 
289 0.000329 
290 -0.000362 
291 -0.001482 
292 -0.002023 
293 -0.001260 
294 0.000028 
295 0.000783 
296 0.001241 
297 0.001745 
298 0.001668 
299 0.000796 
300 -0.000098 
301 -0.000617 
302 -0.001244 
303 -0.001717 
304 -0.001095 
305 0.000393 
306 0.001620 
307 0.002206 
308 0.002278 
309 0.001647 
310 0.000275 
311 -0.000858 
312 -0.001111 
313 -0.001052 
314 -0.001139 
315 -0.000733 
316 0.000348 
317 0.001160 
318 0.001481 
319 0.001859 
320 0.001995 
321 0.001018 
322 -0.000821 
323 -0.001960 
324 -0.001716 
325 -0.000799 
326 0.000251 
327 0.001436 
328 0.002426 
329 0.002691 
330 0.002263 
331 0.001588 
332 0.000785 
333 -0.000282 
334 -0.001090 
335 -0.000962 
336 0.000043 
337 0.001086 
338 0.001905 
339 0.002576 
340 0.002748 
341 0.002193 
342 0.001255 
343 0.000649 
344 0.000313 
345 0.000156 
346 0.000632 
347 0.001787 
348 0.002685 
349 0.002400 
350 0.001374 
351 0.000669 
352 0.000266 
353 -0.000092 
354 -0.000039 
355 0.000686 
356 0.001498 
357 0.001864 
358 0.002005 
359 0.002312 
360 0.002500 
361 0.001886 
362 0.000656 
363 -0.000052 
364 0.000428 
365 0.001398 
366 0.001974 
367 0.002054 
368 0.001788 
369 0.001243 
370 0.000716 
371 0.000726 
372 0.000894 
373 0.000987 
374 0.000985 
375 0.000644 
376 -0.000082 
377 -0.000484 
378 0.000262 
379 0.001391 
380 0.001719 
381 0.001675 
382 0.002260 
383 0.003162 
384 0.002902 
385 0.001426 
386 0.000068 
387 -0.000373 
388 -0.000367 
389 -0.000247 
390 0.000480 
391 0.001466 
392 0.001862 
393 0.001999 
394 0.002625 
395 0.003058 
396 0.002048 
397 0.000068 
398 -0.001242 
399 -0.001210 
400 -0.000465 
401 0.000607 
402 0.001605 
403 0.001913 
404 0.001512 
405 0.001067 
406 0.001076 
407 0.001175 
408 0.001083 
409 0.000993 
410 0.000787 
411 0.000435 
412 0.000459 
413 0.000913 
414 0.001091 
415 0.000667 
416 0.000192 
417 0.000037 
418 -0.000248 
419 -0.000879 
420 -0.001198 
421 -0.000671 
422 0.000453 
423 0.001514 
424 0.001830 
425 0.001521 
426 0.001197 
427 0.000659 
428 -0.000461 
429 -0.001627 
430 -0.001940 
431 -0.001562 
432 -0.000992 
433 -0.000417 
434 0.000340 
435 0.000701 
436 0.000687 
437 0.000686 
438 0.000637 
439 0.000002 
440 -0.000850 
441 -0.001154 
442 -0.001182 
443 -0.001760 
444 -0.002452 
445 -0.002068 
446 -0.000675 
447 0.000323 
448 0.000388 
449 0.000142 
450 -0.000080 
451 -0.000786 
452 -0.001852 
453 -0.002646 
454 -0.003163 
455 -0.003621 
456 -0.003722 
457 -0.003223 
458 -0.002482 
459 -0.001349 
460 0.000296 
461 0.001529 
462 0.001053 
463 -0.000617 
464 -0.002025 
465 -0.003040 
466 -0.004146 
467 -0.005061 
468 -0.004940 
469 -0.003619 
470 -0.001834 
471 -0.000241 
472 0.000628 
473 0.000285 
474 -0.001012 
475 -0.002288 
476 -0.002877 
477 -0.003110 
478 -0.003430 
479 -0.002919 
480 -0.001316 
481 -0.000142 
482 -0.000649 
483 -0.002414 
484 -0.003999 
485 -0.004494 
486 -0.003670 
487 -0.002007 
488 -0.000786 
489 -0.000469 
490 -0.000255 
491 0.000097 
492 -0.000352 
493 -0.001753 
494 -0.003237 
495 -0.004187 
496 -0.004774 
497 -0.004769 
498 -0.003575 
499 -0.001592 
500 0.000004 
501 0.000405 
502 -0.000176 
503 -0.000693 
504 -0.000839 
505 -0.001439 
506 -0.002898 
507 -0.004140 
508 -0.004246 
509 -0.003594 
510 -0.003016 
511 -0.002305 
512 -0.001079 
513 -0.000514 
514 -0.001123 
515 -0.001532 
516 -0.000883 
517 -0.000529 
518 -0.001496 
519 -0.002410 
520 -0.002169 
521 -0.002063 
522 -0.002928 
523 -0.003118 
524 -0.002026 
525 -0.001196 
526 -0.001188 
527 -0.000688 
528 0.000222 
529 0.000328 
530 -0.000199 
531 -0.000555 
532 -0.001393 
533 -0.002821 
534 -0.003060 
535 -0.001803 
536 -0.001189 
537 -0.001743 
538 -0.001502 
539 -0.000473 
540 -0.000894 
541 -0.002783 
542 -0.003175 
543 -0.001313 
544 0.000629 
545 0.001475 
546 0.001625 
547 0.000829 
548 -0.001144 
549 -0.002754 
550 -0.002653 
551 -0.001651 
552 -0.001154 
553 -0.000954 
554 -0.000536 
555 -0.000516 
556 -0.001081 
557 -0.001371 
558 -0.000909 
559 -0.000531 
560 -0.000695 
561 -0.000715 
562 -0.000553 
563 -0.000890 
564 -0.001239 
565 -0.000795 
566 -0.000140 
567 -0.000192 
568 -0.000685 
569 -0.000762 
570 -0.000579 
571 -0.000718 
572 -0.000516 
573 0.000390 
574 0.001228 
575 0.001331 
576 0.001015 
577 0.000710 
578 0.000299 
579 -0.000317 
580 -0.000930 
581 -0.001553 
582 -0.002349 
583 -0.002548 
584 -0.001255 
585 0.000884 
586 0.002345 
587 0.002804 
588 0.002908 
589 0.002467 
590 0.000944 
591 -0.001077 
592 -0.002490 
593 -0.003260 
594 -0.003528 
595 -0.002581 
596 -0.000065 
597 0.002692 
598 0.004097 
599 0.003793 
600 0.002268 
601 0.000199 
602 -0.001437 
603 -0.002253 
604 -0.002258 
605 -0.001460 
606 -0.000050 
607 0.001297 
608 0.001646 
609 0.001400 
610 0.001306 
611 0.000933 
612 -0.000190 
613 -0.000771 
614 -0.000064 
615 0.000928 
616 0.001397 
617 0.001830 
618 0.002470 
619 0.002012 
620 -0.000075 
621 -0.002266 
622 -0.003321 
623 -0.003319 
624 -0.001836 
625 0.001291 
626 0.004493 
627 0.005739 
628 0.005162 
629 0.003509 
630 0.001061 
631 -0.001280 
632 -0.002067 
633 -0.001489 
634 -0.000996 
635 -0.000798 
636 0.000117 
637 0.001646 
638 0.002692 
639 0.002988 
640 0.003060 
641 0.002718 
642 0.001825 
643 0.000764 
644 -0.000349 
645 -0.001482 
646 -0.002028 
647 -0.001346 
648 0.000068 
649 0.001228 
650 0.001946 
651 0.002488 
652 0.002498 
653 0.002053 
654 0.001861 
655 0.001841 
656 0.001319 
657 0.000301 
658 -0.000365 
659 -0.000379 
660 -0.000182 
661 0.000203 
662 0.000936 
663 0.001586 
664 0.001609 
665 0.001253 
666 0.000984 
667 0.000594 
668 0.000344 
669 0.000841 
670 0.002069 
671 0.003098 
672 0.003283 
673 0.002601 
674 0.000950 
675 -0.001313 
676 -0.002651 
677 -0.002145 
678 -0.000508 
679 0.001306 
680 0.002948 
681 0.003949 
682 0.003608 
683 0.002247 
684 0.000808 
685 -0.000524 
686 -0.001664 
687 -0.002004 
688 -0.001485 
689 -0.000642 
690 0.000663 
691 0.002354 
692 0.003255 
693 0.002537 
694 0.001171 
695 0.000463 
696 -0.000033 
697 -0.000910 
698 -0.001167 
699 -0.000126 
700 0.000960 
701 0.001067 
702 0.000898 
703 0.001086 
704 0.000920 
705 -0.000029 
706 -0.000689 
707 -0.000242 
708 0.000404 
709 0.000543 
710 0.000723 
711 0.001147 
712 0.001281 
713 0.001135 
714 0.001430 
715 0.001850 
716 0.000839 
717 -0.001306 
718 -0.002449 
719 -0.001886 
720 -0.000883 
721 0.000130 
722 0.001686 
723 0.003088 
724 0.002971 
725 0.001590 
726 0.000257 
727 -0.001050 
728 -0.002403 
729 -0.002575 
730 -0.001073 
731 0.000362 
732 0.000574 
733 0.000570 
734 0.001173 
735 0.001378 
736 0.000605 
737 -0.000035 
738 0.000024 
739 -0.000102 
740 -0.000736 
741 -0.000973 
742 -0.000534 
743 -0.000230 
744 -0.000412 
745 -0.000693 
746 -0.000734 
747 -0.000760 
748 -0.000619 
749 -0.000193 
750 0.000122 
751 0.000022 
752 -0.000188 
753 -0.000213 
754 -0.000222 
755 -0.000440 
756 -0.000725 
757 -0.000881 
758 -0.000969 
759 -0.000819 
760 -0.000285 
761 0.000219 
762 0.000252 
763 0.000070 
764 -0.000054 
765 -0.000133 
766 -0.000275 
767 -0.000319 
768 -0.000289 
769 -0.000454 
770 -0.000715 
771 -0.000784 
772 -0.000732 
773 -0.000649 
774 -0.000377 
775 0.000048 
776 0.000263 
777 0.000356 
778 0.000625 
779 0.000714 
780 -0.000007 
781 -0.000935 
782 -0.001210 
783 -0.001008 
784 -0.000967 
785 -0.000852 
786 -0.000237 
787 0.000365 
788 0.000482 
789 0.000380 
790 0.000289 
791 -0.000218 
792 -0.001055 
793 -0.001452 
794 -0.001175 
795 -0.000645 
796 -0.000191 
797 0.000289 
798 0.000675 
799 0.000731 
800 0.000525 
801 0.000227 
802 -0.000283 
803 -0.001072 
804 -0.001416 
805 -0.000885 
806 -0.000024 
807 0.000510 
808 0.000851 
809 0.001156 
810 0.001047 
811 0.000474 
812 -0.000077 
813 -0.000418 
814 -0.000829 
815 -0.001092 
816 -0.000679 
817 0.000213 
818 0.000936 
819 0.001300 
820 0.001340 
821 0.000933 
822 0.000120 
823 -0.000514 
824 -0.000655 
825 -0.000628 
826 -0.000652 
827 -0.000394 
828 0.000186 
829 0.000596 
830 0.000763 
831 0.000963 
832 0.001022 
833 0.000520 
834 -0.000395 
835 -0.000977 
836 -0.000894 
837 -0.000452 
838 0.000090 
839 0.000669 
840 0.001116 
841 0.001237 
842 0.001053 
843 0.000731 
844 0.000338 
845 -0.000139 
846 -0.000485 
847 -0.000448 
848 -0.000044 
849 0.000403 
850 0.000760 
851 0.001029 
852 0.001093 
853 0.000883 
854 0.000514 
855 0.000252 
856 0.000099 
857 0.000029 
858 0.000196 
859 0.000617 
860 0.000954 
861 0.000854 
862 0.000468 
863 0.000203 
864 0.000072 
865 -0.000040 
866 -0.000030 
867 0.000210 
868 0.000490 
869 0.000614 
870 0.000649 
871 0.000740 
872 0.000795 
873 0.000583 
874 0.000177 
875 -0.000050 
876 0.000099 
877 0.000401 
878 0.000594 
879 0.000640 
880 0.000550 
881 0.000353 
882 0.000185 
883 0.000201 
884 0.000250 
885 0.000260 
886 0.000253 
887 0.000165 
888 -0.000038 
889 -0.000149 
890 0.000070 
891 0.000388 
892 0.000471 
893 0.000444 
894 0.000585 
895 0.000801 
896 0.000713 
897 0.000338 
898 0.000016 
899 -0.000084 
900 -0.000084 
901 -0.000042 
902 0.000146 
903 0.000368 
904 0.000438 
905 0.000458 
906 0.000589 
907 0.000660 
908 0.000425 
909 0.000020 
910 -0.000229 
911 -0.000219 
912 -0.000073 
913 0.000146 
914 0.000344 
915 0.000389 
916 0.000308 
917 0.000243 
918 0.000254 
919 0.000251 
920 0.000214 
921 0.000203 
922 0.000174 
923 0.000100 
924 0.000092 
925 0.000175 
926 0.000208 
927 0.000131 
928 0.000056 
929 0.000043 
930 -0.000007 
931 -0.000132 
932 -0.000198 
933 -0.000108 
934 0.000077 
935 0.000247 
936 0.000303 
937 0.000262 
938 0.000204 
939 0.000106 
940 -0.000065 
941 -0.000232 
942 -0.000277 
943 -0.000219 
944 -0.000124 
945 -0.000037 
946 0.000057 
947 0.000095 
948 0.000097 
949 0.000098 
950 0.000079 
951 -0.000009 
952 -0.000108 
953 -0.000143 
954 -0.000155 
955 -0.000221 
956 -0.000282 
957 -0.000230 
958 -0.000085 
959 0.000020 
960 0.000038 
961 0.000019 
962 -0.000013 
963 -0.000094 
964 -0.000203 
965 -0.000289 
966 -0.000355 
967 -0.000402 
968 -0.000399 
969 -0.000341 
970 -0.000266 
971 -0.000141 
972 0.000039 
973 0.000163 
974 0.000108 
975 -0.000057 
976 -0.000194 
977 -0.000302 
978 -0.000415 
979 -0.000500 
980 -0.000485 
981 -0.000360 
982 -0.000181 
983 -0.000016 
984 0.000067 
985 0.000026 
986 -0.000093 
987 -0.000201 
988 -0.000256 
989 -0.000285 
990 -0.000312 
991 -0.000263 
992 -0.000126 
993 -0.000027 
994 -0.000062 
995 -0.000207 
996 -0.000348 
997 -0.000395 
998 -0.000316 
999 -0.000167 
1000 -0.000067 
1001 -0.000046 
1002 -0.000029 
1003 -0.000002 
1004 -0.000045 
1005 -0.000159 
1006 -0.000273 
1007 -0.000349 
1008 -0.000401 
1009 -0.000399 
1010 -0.000298 
1011 -0.000138 
1012 -0.000012 
1013 0.000023 
1014 -0.000022 
1015 -0.000070 
1016 -0.000087 
1017 -0.000131 
1018 -0.000245 
1019 -0.000346 
1020 -0.000354 
1021 -0.000296 
1022 -0.000246 
1023 -0.000192 
