0 -0.000520 
1 -0.000532 
2 -0.000519 
3 -0.000468 
4 -0.000381 
5 -0.000293 
6 -0.000254 
7 -0.000272 
8 -0.000304 
9 -0.000328 
10 -0.000370 
11 -0.000442 
12 -0.000508 
13 -0.000555 
14 -0.000570 
15 -0.000565 
16 -0.000515 
17 -0.000416 
18 -0.000323 
19 -0.000276 
20 -0.000273 
21 -0.000306 
22 -0.000359 
23 -0.000422 
24 -0.000467 
25 -0.000489 
26 -0.000510 
27 -0.000527 
28 -0.000505 
29 -0.000450 
30 -0.000375 
31 -0.000301 
32 -0.000226 
33 -0.000156 
34 -0.000152 
35 -0.000219 
36 -0.000318 
37 -0.000398 
38 -0.000440 
39 -0.000464 
40 -0.000485 
41 -0.000472 
42 -0.000413 
43 -0.000325 
44 -0.000204 
45 -0.000086 
46 -0.000017 
47 -0.000021 
48 -0.000092 
49 -0.000209 
50 -0.000328 
51 -0.000442 
52 -0.000545 
53 -0.000604 
54 -0.000594 
55 -0.000499 
56 -0.000329 
57 -0.000128 
58 0.000025 
59 0.000085 
60 0.000048 
61 -0.000069 
62 -0.000224 
63 -0.000355 
64 -0.000448 
65 -0.000476 
66 -0.000446 
67 -0.000376 
68 -0.000278 
69 -0.000144 
70 0.000014 
71 0.000126 
72 0.000148 
73 0.000100 
74 0.000053 
75 0.000028 
76 -0.000023 
77 -0.000139 
78 -0.000243 
79 -0.000268 
80 -0.000224 
81 -0.000146 
82 -0.000045 
83 0.000074 
84 0.000194 
85 0.000281 
86 0.000285 
87 0.000210 
88 0.000131 
89 0.000083 
90 0.000115 
91 0.000192 
92 0.000236 
93 0.000210 
94 0.000146 
95 0.000111 
96 0.000101 
97 0.000104 
98 0.000091 
99 0.000086 
100 0.000101 
101 0.000149 
102 0.000274 
103 0.000439 
104 0.000597 
105 0.000702 
106 0.000716 
107 0.000628 
108 0.000431 
109 0.000208 
110 0.000050 
111 -0.000010 
112 0.000045 
113 0.000227 
114 0.000534 
115 0.000816 
116 0.001031 
117 0.001148 
118 0.001143 
119 0.000966 
120 0.000651 
121 0.000317 
122 0.000094 
123 -0.000006 
124 0.000018 
125 0.000182 
126 0.000453 
127 0.000688 
128 0.000868 
129 0.001007 
130 0.001128 
131 0.001241 
132 0.001278 
133 0.001161 
134 0.000842 
135 0.000466 
136 0.000190 
137 0.000119 
138 0.000158 
139 0.000211 
140 0.000310 
141 0.000532 
142 0.000842 
143 0.001122 
144 0.001320 
145 0.001355 
146 0.001188 
147 0.000837 
148 0.000448 
149 0.000225 
150 0.000236 
151 0.000368 
152 0.000500 
153 0.000600 
154 0.000683 
155 0.000754 
156 0.000842 
157 0.000826 
158 0.000743 
159 0.000627 
160 0.000473 
161 0.000341 
162 0.000331 
163 0.000375 
164 0.000470 
165 0.000581 
166 0.000662 
167 0.000677 
168 0.000630 
169 0.000567 
170 0.000552 
171 0.000581 
172 0.000596 
173 0.000604 
174 0.000630 
175 0.000636 
176 0.000557 
177 0.000445 
178 0.000401 
179 0.000435 
180 0.000467 
181 0.000524 
182 0.000519 
183 0.000476 
184 0.000406 
185 0.000420 
186 0.000520 
187 0.000569 
188 0.000598 
189 0.000697 
190 0.000898 
191 0.001056 
192 0.001084 
193 0.000992 
194 0.000866 
195 0.000732 
196 0.000693 
197 0.000778 
198 0.000960 
199 0.000995 
200 0.000862 
201 0.000595 
202 0.000338 
203 0.000239 
204 0.000307 
205 0.000491 
206 0.000811 
207 0.001177 
208 0.001526 
209 0.001711 
210 0.001704 
211 0.001618 
212 0.001435 
213 0.001131 
214 0.000813 
215 0.000610 
216 0.000571 
217 0.000604 
218 0.000663 
219 0.000791 
220 0.000952 
221 0.001086 
222 0.001241 
223 0.001396 
224 0.001395 
225 0.001231 
226 0.001044 
227 0.000869 
228 0.000730 
229 0.000661 
230 0.000765 
231 0.000940 
232 0.000971 
233 0.000786 
234 0.000616 
235 0.000718 
236 0.001119 
237 0.001658 
238 0.002016 
239 0.002041 
240 0.001765 
241 0.001318 
242 0.000865 
243 0.000364 
244 -0.000025 
245 -0.000189 
246 -0.000203 
247 -0.000116 
248 0.000211 
249 0.000814 
250 0.001443 
251 0.001862 
252 0.002003 
253 0.002044 
254 0.001959 
255 0.001638 
256 0.001009 
257 0.000178 
258 -0.000656 
259 -0.001296 
260 -0.001406 
261 -0.000989 
262 -0.000288 
263 0.000447 
264 0.001178 
265 0.001685 
266 0.001818 
267 0.001591 
268 0.000935 
269 0.000085 
270 -0.000730 
271 -0.001313 
272 -0.001575 
273 -0.001524 
274 -0.001281 
275 -0.000842 
276 -0.000066 
277 0.000879 
278 0.001560 
279 0.001692 
280 0.001079 
281 -0.000037 
282 -0.001251 
283 -0.002181 
284 -0.002658 
285 -0.002676 
286 -0.002404 
287 -0.002008 
288 -0.001596 
289 -0.001213 
290 -0.000758 
291 -0.000427 
292 -0.000338 
293 -0.000540 
294 -0.000968 
295 -0.001576 
296 -0.002143 
297 -0.002559 
298 -0.002798 
299 -0.002917 
300 -0.003029 
301 -0.003107 
302 -0.003034 
303 -0.002905 
304 -0.002798 
305 -0.002721 
306 -0.002619 
307 -0.002496 
308 -0.002613 
309 -0.002891 
310 -0.003269 
311 -0.003468 
312 -0.003384 
313 -0.003139 
314 -0.002854 
315 -0.002655 
316 -0.002424 
317 -0.002309 
318 -0.002386 
319 -0.002696 
320 -0.003238 
321 -0.003653 
322 -0.003698 
323 -0.003544 
324 -0.003336 
325 -0.003137 
326 -0.002973 
327 -0.003088 
328 -0.003453 
329 -0.003816 
330 -0.003947 
331 -0.003804 
332 -0.003529 
333 -0.003171 
334 -0.002648 
335 -0.002075 
336 -0.001773 
337 -0.001852 
338 -0.002176 
339 -0.002745 
340 -0.003324 
341 -0.003618 
342 -0.003575 
343 -0.003270 
344 -0.002844 
345 -0.002215 
346 -0.001577 
347 -0.001237 
348 -0.001190 
349 -0.001291 
350 -0.001416 
351 -0.001739 
352 -0.002255 
353 -0.002404 
354 -0.002096 
355 -0.001660 
356 -0.001401 
357 -0.001046 
358 -0.000530 
359 -0.000093 
360 -0.000055 
361 -0.000453 
362 -0.000797 
363 -0.000923 
364 -0.000829 
365 -0.000599 
366 -0.000503 
367 -0.000887 
368 -0.001533 
369 -0.001862 
370 -0.001559 
371 -0.000672 
372 0.000345 
373 0.000925 
374 0.001220 
375 0.001522 
376 0.001763 
377 0.001798 
378 0.001697 
379 0.001221 
380 0.000362 
381 -0.000501 
382 -0.000843 
383 -0.000198 
384 0.001051 
385 0.002205 
386 0.002924 
387 0.003508 
388 0.003707 
389 0.003344 
390 0.002732 
391 0.002240 
392 0.002008 
393 0.001852 
394 0.001846 
395 0.002362 
396 0.003449 
397 0.004576 
398 0.005352 
399 0.005622 
400 0.005360 
401 0.004662 
402 0.003948 
403 0.003396 
404 0.003077 
405 0.003080 
406 0.003387 
407 0.003894 
408 0.004436 
409 0.004898 
410 0.005206 
411 0.005434 
412 0.005403 
413 0.004993 
414 0.004518 
415 0.004234 
416 0.004345 
417 0.004846 
418 0.005582 
419 0.006238 
420 0.006432 
421 0.006215 
422 0.005792 
423 0.005492 
424 0.005187 
425 0.004849 
426 0.004374 
427 0.003961 
428 0.003757 
429 0.003921 
430 0.004479 
431 0.004893 
432 0.005191 
433 0.005359 
434 0.005517 
435 0.005605 
436 0.005725 
437 0.005593 
438 0.005005 
439 0.004295 
440 0.003648 
441 0.003206 
442 0.003037 
443 0.003192 
444 0.003701 
445 0.004504 
446 0.005146 
447 0.005169 
448 0.004678 
449 0.003935 
450 0.003079 
451 0.002192 
452 0.001561 
453 0.001436 
454 0.001726 
455 0.001982 
456 0.002171 
457 0.002602 
458 0.003162 
459 0.003179 
460 0.002368 
461 0.001431 
462 0.000747 
463 0.000252 
464 -0.000027 
465 -0.000171 
466 -0.000164 
467 -0.000236 
468 -0.000518 
469 -0.000676 
470 -0.000631 
471 -0.000687 
472 -0.001030 
473 -0.001173 
474 -0.001005 
475 -0.001016 
476 -0.001070 
477 -0.000990 
478 -0.001025 
479 -0.001411 
480 -0.002226 
481 -0.003014 
482 -0.003029 
483 -0.002530 
484 -0.002211 
485 -0.002386 
486 -0.003016 
487 -0.003579 
488 -0.004107 
489 -0.004785 
490 -0.005518 
491 -0.005619 
492 -0.004777 
493 -0.003715 
494 -0.002785 
495 -0.001881 
496 -0.001228 
497 -0.001368 
498 -0.002455 
499 -0.004070 
500 -0.005454 
501 -0.006427 
502 -0.006956 
503 -0.006530 
504 -0.005270 
505 -0.003922 
506 -0.003308 
507 -0.003557 
508 -0.004136 
509 -0.004787 
510 -0.005391 
511 -0.005968 
512 -0.006449 
513 -0.006597 
514 -0.006436 
515 -0.005798 
516 -0.004712 
517 -0.003617 
518 -0.003129 
519 -0.003346 
520 -0.003728 
521 -0.004013 
522 -0.004518 
523 -0.005391 
524 -0.006192 
525 -0.006756 
526 -0.006927 
527 -0.006837 
528 -0.006213 
529 -0.005002 
530 -0.003864 
531 -0.003286 
532 -0.003240 
533 -0.003606 
534 -0.004218 
535 -0.004930 
536 -0.005435 
537 -0.005664 
538 -0.005874 
539 -0.006038 
540 -0.005756 
541 -0.005105 
542 -0.004227 
543 -0.003364 
544 -0.002496 
545 -0.001690 
546 -0.001638 
547 -0.002355 
548 -0.003418 
549 -0.004260 
550 -0.004677 
551 -0.004909 
552 -0.005087 
553 -0.004900 
554 -0.004247 
555 -0.003300 
556 -0.002037 
557 -0.000818 
558 -0.000121 
559 -0.000160 
560 -0.000857 
561 -0.001991 
562 -0.003126 
563 -0.004188 
564 -0.005116 
565 -0.005628 
566 -0.005480 
567 -0.004559 
568 -0.002964 
569 -0.001123 
570 0.000251 
571 0.000789 
572 0.000454 
573 -0.000564 
574 -0.001884 
575 -0.002978 
576 -0.003723 
577 -0.003905 
578 -0.003612 
579 -0.003012 
580 -0.002194 
581 -0.001114 
582 0.000127 
583 0.000990 
584 0.001136 
585 0.000758 
586 0.000400 
587 0.000215 
588 -0.000157 
589 -0.000987 
590 -0.001720 
591 -0.001870 
592 -0.001550 
593 -0.000991 
594 -0.000284 
595 0.000525 
596 0.001321 
597 0.001884 
598 0.001894 
599 0.001389 
600 0.000869 
601 0.000557 
602 0.000754 
603 0.001228 
604 0.001484 
605 0.001303 
606 0.000906 
607 0.000693 
608 0.000630 
609 0.000646 
610 0.000564 
611 0.000536 
612 0.000609 
613 0.000866 
614 0.001530 
615 0.002403 
616 0.003219 
617 0.003737 
618 0.003765 
619 0.003272 
620 0.002232 
621 0.001085 
622 0.000287 
623 -0.000009 
624 0.000256 
625 0.001129 
626 0.002568 
627 0.003859 
628 0.004806 
629 0.005284 
630 0.005195 
631 0.004344 
632 0.002911 
633 0.001422 
634 0.000451 
635 0.000021 
636 0.000125 
637 0.000801 
638 0.001903 
639 0.002837 
640 0.003531 
641 0.004047 
642 0.004479 
643 0.004877 
644 0.004967 
645 0.004467 
646 0.003224 
647 0.001793 
648 0.000762 
649 0.000494 
650 0.000627 
651 0.000810 
652 0.001148 
653 0.001907 
654 0.002949 
655 0.003858 
656 0.004480 
657 0.004544 
658 0.003950 
659 0.002776 
660 0.001508 
661 0.000794 
662 0.000821 
663 0.001224 
664 0.001613 
665 0.001897 
666 0.002121 
667 0.002305 
668 0.002527 
669 0.002451 
670 0.002191 
671 0.001843 
672 0.001399 
673 0.001026 
674 0.000988 
675 0.001098 
676 0.001338 
677 0.001608 
678 0.001799 
679 0.001819 
680 0.001677 
681 0.001498 
682 0.001446 
683 0.001500 
684 0.001516 
685 0.001521 
686 0.001566 
687 0.001562 
688 0.001356 
689 0.001082 
690 0.000968 
691 0.001036 
692 0.001101 
693 0.001212 
694 0.001190 
695 0.001081 
696 0.000922 
697 0.000944 
698 0.001150 
699 0.001236 
700 0.001281 
701 0.001466 
702 0.001852 
703 0.002148 
704 0.002181 
705 0.001979 
706 0.001712 
707 0.001435 
708 0.001340 
709 0.001478 
710 0.001795 
711 0.001838 
712 0.001583 
713 0.001096 
714 0.000633 
715 0.000454 
716 0.000565 
717 0.000870 
718 0.001396 
719 0.001985 
720 0.002538 
721 0.002806 
722 0.002762 
723 0.002591 
724 0.002271 
725 0.001770 
726 0.001258 
727 0.000933 
728 0.000863 
729 0.000902 
730 0.000975 
731 0.001145 
732 0.001355 
733 0.001522 
734 0.001720 
735 0.001920 
736 0.001899 
737 0.001657 
738 0.001385 
739 0.001135 
740 0.000934 
741 0.000830 
742 0.000954 
743 0.001169 
744 0.001195 
745 0.000950 
746 0.000728 
747 0.000845 
748 0.001329 
749 0.001970 
750 0.002378 
751 0.002383 
752 0.002034 
753 0.001494 
754 0.000957 
755 0.000376 
756 -0.000067 
757 -0.000251 
758 -0.000268 
759 -0.000173 
760 0.000185 
761 0.000828 
762 0.001488 
763 0.001914 
764 0.002040 
765 0.002056 
766 0.001945 
767 0.001596 
768 0.000951 
769 0.000123 
770 -0.000690 
771 -0.001298 
772 -0.001391 
773 -0.000981 
774 -0.000318 
775 0.000364 
776 0.001028 
777 0.001473 
778 0.001572 
779 0.001353 
780 0.000762 
781 0.000017 
782 -0.000683 
783 -0.001174 
784 -0.001380 
785 -0.001318 
786 -0.001105 
787 -0.000740 
788 -0.000112 
789 0.000640 
790 0.001173 
791 0.001262 
792 0.000770 
793 -0.000094 
794 -0.001012 
795 -0.001698 
796 -0.002036 
797 -0.002030 
798 -0.001813 
799 -0.001510 
800 -0.001206 
801 -0.000925 
802 -0.000597 
803 -0.000360 
804 -0.000294 
805 -0.000427 
806 -0.000709 
807 -0.001106 
808 -0.001469 
809 -0.001725 
810 -0.001862 
811 -0.001918 
812 -0.001970 
813 -0.002000 
814 -0.001933 
815 -0.001833 
816 -0.001749 
817 -0.001687 
818 -0.001610 
819 -0.001518 
820 -0.001568 
821 -0.001712 
822 -0.001909 
823 -0.002001 
824 -0.001936 
825 -0.001783 
826 -0.001612 
827 -0.001489 
828 -0.001352 
829 -0.001277 
830 -0.001301 
831 -0.001441 
832 -0.001697 
833 -0.001885 
834 -0.001888 
835 -0.001796 
836 -0.001680 
837 -0.001569 
838 -0.001476 
839 -0.001516 
840 -0.001668 
841 -0.001812 
842 -0.001850 
843 -0.001764 
844 -0.001621 
845 -0.001446 
846 -0.001205 
847 -0.000945 
848 -0.000807 
849 -0.000834 
850 -0.000958 
851 -0.001179 
852 -0.001398 
853 -0.001499 
854 -0.001464 
855 -0.001327 
856 -0.001146 
857 -0.000892 
858 -0.000641 
859 -0.000507 
860 -0.000483 
861 -0.000515 
862 -0.000555 
863 -0.000663 
864 -0.000838 
865 -0.000879 
866 -0.000760 
867 -0.000602 
868 -0.000508 
869 -0.000386 
870 -0.000213 
871 -0.000067 
872 -0.000055 
873 -0.000182 
874 -0.000290 
875 -0.000326 
876 -0.000294 
877 -0.000222 
878 -0.000190 
879 -0.000303 
880 -0.000490 
881 -0.000581 
882 -0.000489 
883 -0.000231 
884 0.000057 
885 0.000218 
886 0.000296 
887 0.000375 
888 0.000436 
889 0.000440 
890 0.000409 
891 0.000281 
892 0.000058 
893 -0.000162 
894 -0.000246 
895 -0.000083 
896 0.000225 
897 0.000502 
898 0.000668 
899 0.000798 
900 0.000836 
901 0.000744 
902 0.000596 
903 0.000479 
904 0.000424 
905 0.000386 
906 0.000382 
907 0.000490 
908 0.000717 
909 0.000947 
910 0.001099 
911 0.001143 
912 0.001076 
913 0.000922 
914 0.000769 
915 0.000651 
916 0.000582 
917 0.000577 
918 0.000630 
919 0.000719 
920 0.000813 
921 0.000889 
922 0.000934 
923 0.000966 
924 0.000950 
925 0.000869 
926 0.000777 
927 0.000719 
928 0.000729 
929 0.000803 
930 0.000915 
931 0.001012 
932 0.001032 
933 0.000986 
934 0.000908 
935 0.000852 
936 0.000797 
937 0.000738 
938 0.000659 
939 0.000591 
940 0.000556 
941 0.000574 
942 0.000647 
943 0.000699 
944 0.000732 
945 0.000748 
946 0.000761 
947 0.000765 
948 0.000773 
949 0.000748 
950 0.000664 
951 0.000565 
952 0.000475 
953 0.000415 
954 0.000390 
955 0.000405 
956 0.000462 
957 0.000555 
958 0.000626 
959 0.000623 
960 0.000559 
961 0.000468 
962 0.000364 
963 0.000259 
964 0.000185 
965 0.000169 
966 0.000199 
967 0.000225 
968 0.000244 
969 0.000288 
970 0.000345 
971 0.000344 
972 0.000255 
973 0.000156 
974 0.000083 
975 0.000031 
976 0.000002 
977 -0.000013 
978 -0.000013 
979 -0.000020 
980 -0.000047 
981 -0.000062 
982 -0.000058 
983 -0.000062 
984 -0.000094 
985 -0.000107 
986 -0.000090 
987 -0.000091 
988 -0.000095 
989 -0.000088 
990 -0.000090 
991 -0.000125 
992 -0.000197 
993 -0.000265 
994 -0.000264 
995 -0.000218 
996 -0.000188 
997 -0.000202 
998 -0.000255 
999 -0.000302 
1000 -0.000346 
1001 -0.000402 
1002 -0.000461 
1003 -0.000467 
1004 -0.000394 
1005 -0.000304 
1006 -0.000224 
1007 -0.000149 
1008 -0.000094 
1009 -0.000106 
1010 -0.000194 
1011 -0.000325 
1012 -0.000435 
1013 -0.000513 
1014 -0.000553 
1015 -0.000518 
1016 -0.000415 
1017 -0.000305 
1018 -0.000256 
1019 -0.000275 
1020 -0.000322 
1021 -0.000374 
1022 -0.000422 
1023 -0.000469 
