7998 2.833250 
8041 6.118934 
8084 5.904384 
8127 4.840649 
8170 4.327450 
8213 1.185359 
8256 10.419549 
8299 7.721494 
8342 5.104697 
8385 9.653820 
8428 12.609507 
8471 9.809932 
8514 -1.573550 
8557 2.357276 
8600 -3.783290 
8643 4.126590 
8686 7.247086 
8729 2.989098 
8772 -1.670351 
8815 -1.874968 
8858 5.216765 
8901 3.262828 
8944 5.340263 
8987 0.063287 
9030 3.771039 
9073 -1.025000 
9116 -19.600315 
9159 -13.580903 
9202 -8.341199 
9245 2.094813 
9288 2.738392 
9331 0.525981 
9374 -4.284952 
9417 -4.552399 
9460 -4.406451 
9503 -0.908153 
9546 0.453783 
9589 -0.614706 
9632 -0.095453 
9675 -2.719193 
9718 -1.624989 
9761 8.909969 
9804 7.711801 
9847 13.827852 
9890 -4.786373 
9933 4.196794 
9976 7.388850 
10019 8.904978 
10062 7.969493 
10105 4.714484 
10148 0.457023 
10191 7.087442 
10234 8.526271 
10277 6.013473 
10320 5.368401 
10363 5.381012 
10406 -10.127509 
10449 4.739649 
10492 2.807847 
10535 2.282876 
10578 7.122804 
10621 5.522539 
10664 8.099065 
10707 5.594958 
10750 -2.467821 
10793 1.042712 
10836 3.309424 
10879 9.575172 
10922 8.180048 
10965 4.228874 
11008 4.224636 
11051 5.106476 
11094 4.167846 
11137 4.453338 
11180 -0.124547 
11223 -0.122921 
11266 1.162579 
11309 0.881513 
11352 -1.199476 
11395 -2.408548 
11438 -2.647504 
11481 -3.840986 
11524 -4.852214 
11567 -8.697705 
11610 -8.463288 
11653 -1.509166 
11696 3.989748 
11739 -6.516628 
11782 -0.494250 
11825 -0.346658 
11868 -1.579908 
11911 5.101783 
11954 12.864726 
11997 -6.947002 
12040 -3.604703 
12083 -4.628237 
12126 -7.175611 
12169 0.963601 
12212 6.823476 
12255 3.651593 
12298 1.710603 
12341 0.005844 
12384 -1.225528 
12427 -8.694307 
12470 -22.412977 
12513 -15.261699 
12556 -2.897755 
12599 -0.665099 
12642 0.081435 
12685 -10.524918 
12728 -2.033535 
12771 5.025734 
12814 7.705596 
12857 2.893932 
12900 -6.718672 
12943 -9.077303 
12986 -3.886901 
13029 -1.310096 
13072 7.417743 
13115 -0.084234 
13158 -1.016145 
13201 2.780831 
13244 -3.331569 
13287 -7.310563 
13330 -6.892181 
13373 9.197045 
13416 4.948522 
13459 6.283460 
13502 8.372940 
13545 5.604396 
13588 4.135215 
13631 15.103147 
13674 5.684285 
13717 1.972472 
13760 -0.619647 
13803 -5.122576 
13846 -0.754557 
13889 12.924635 
13932 15.720476 
13975 6.342981 
14018 9.207400 
14061 9.461977 
14104 6.504037 
14147 4.981497 
14190 2.574196 
14233 8.732140 
14276 6.373868 
14319 14.680040 
14362 21.161729 
14405 20.700605 
14448 19.152690 
14491 13.449299 
14534 16.331962 
14577 20.393873 
14620 7.383875 
14663 14.741885 
14706 12.061493 
14749 12.261453 
14792 4.616867 
14835 13.600325 
14878 2.776499 
14921 11.509183 
14964 2.369967 
