0 -0.000870 
43 -0.003033 
86 -0.003478 
129 -0.003548 
172 -0.003436 
215 -0.000614 
258 -0.000717 
301 -0.001575 
344 0.021165 
387 0.020068 
430 0.035487 
473 -0.012619 
516 -0.012665 
559 -0.013157 
602 -0.007882 
645 -0.013224 
688 -0.024919 
731 -0.029025 
774 -0.026166 
817 -0.019105 
860 -0.016509 
903 -0.021114 
946 -0.018392 
989 -0.002432 
1032 -0.005825 
1075 -0.005505 
1118 -0.005084 
1161 0.000248 
1204 0.001835 
1247 0.011516 
1290 -0.004053 
1333 -0.005878 
1376 -0.005725 
1419 -0.003654 
1462 -0.005449 
1505 -0.010958 
1548 -0.009920 
1591 0.004179 
1634 0.001064 
1677 -0.016725 
1720 -0.010209 
1763 -0.005845 
1806 0.000465 
1849 0.000159 
1892 0.002498 
1935 -0.002961 
1978 -0.000418 
2021 0.001158 
2064 0.000397 
2107 0.000584 
2150 0.000912 
2193 0.000169 
2236 -0.001034 
2279 -0.001533 
2322 -0.000521 
2365 -0.000467 
2408 -0.000199 
2451 0.000038 
2494 0.000113 
2537 0.000490 
2580 0.000823 
2623 0.000989 
2666 0.001046 
2709 0.000599 
2752 0.001358 
2795 0.001172 
2838 0.000537 
2881 -0.000423 
2924 -0.001117 
2967 0.002641 
3010 0.003058 
3053 0.002754 
3096 0.000514 
3139 -0.000301 
3182 0.001359 
3225 0.000645 
3268 0.000167 
3311 -0.002087 
3354 -0.004032 
3397 -0.001900 
3440 -0.004964 
3483 -0.003700 
3526 0.007766 
3569 -0.006957 
3612 -0.007653 
3655 -0.012675 
3698 -0.006522 
3741 -0.004282 
3784 -0.002763 
3827 0.000643 
3870 0.004930 
3913 0.002108 
3956 -0.000131 
3999 0.000737 
4042 -0.001189 
4085 -0.000714 
4128 0.002520 
4171 0.018949 
4214 0.009461 
4257 0.003640 
4300 0.002800 
4343 0.002699 
4386 0.001070 
4429 0.003382 
4472 -0.001451 
4515 0.002254 
4558 0.006029 
4601 0.009002 
4644 0.014948 
4687 0.017157 
4730 0.016634 
4773 0.008483 
4816 0.010858 
4859 0.010212 
4902 0.002572 
4945 0.005235 
4988 0.004276 
5031 -0.001448 
5074 0.013807 
5117 0.010194 
5160 0.011572 
5203 0.030849 
5246 0.019947 
5289 0.017329 
5332 0.020623 
5375 0.009928 
5418 0.011541 
5461 0.011207 
5504 0.008302 
5547 0.032983 
5590 0.027952 
5633 0.020050 
5676 0.000863 
5719 0.013785 
5762 0.005645 
5805 0.005590 
5848 0.008701 
5891 0.020404 
5934 0.009820 
5977 0.002594 
6020 0.017291 
6063 0.025392 
6106 0.024124 
6149 0.011230 
6192 0.014333 
6235 0.017261 
6278 0.004723 
6321 0.028547 
6364 0.016686 
6407 0.018067 
6450 0.022486 
6493 0.027374 
6536 0.035477 
6579 0.035433 
6622 0.054316 
6665 0.019916 
6708 0.016954 
6751 0.039174 
6794 0.004639 
6837 0.000991 
6880 0.017112 
6923 0.019054 
6966 0.019489 
7009 0.011160 
7052 0.020831 
7095 0.019929 
7138 0.020948 
7181 0.015402 
7224 0.010010 
7267 0.009570 
7310 -0.002395 
7353 0.006181 
7396 0.013671 
7439 0.020190 
7482 0.032887 
7525 0.023040 
7568 0.032834 
7611 0.018739 
7654 0.017126 
7697 0.007692 
7740 0.009685 
7783 0.020168 
7826 0.011618 
7869 0.014756 
7912 0.023614 
7955 0.024645 
7998 0.029214 
8041 0.027831 
8084 0.021900 
8127 0.014492 
8170 0.014702 
8213 0.008555 
8256 0.019202 
8299 0.022677 
8342 0.027640 
8385 0.020591 
8428 0.016619 
8471 0.021069 
8514 0.024057 
8557 0.015454 
8600 0.016747 
8643 -0.013536 
8686 0.009939 
8729 0.012162 
8772 0.014710 
8815 0.017426 
8858 0.019656 
8901 0.019759 
8944 0.024105 
8987 0.025877 
9030 0.019882 
9073 0.015810 
9116 0.013754 
9159 0.014385 
9202 0.017174 
9245 0.017686 
9288 0.015425 
9331 0.017600 
9374 0.017687 
9417 0.017135 
9460 0.016730 
9503 0.013380 
9546 0.007517 
9589 0.003203 
9632 0.008748 
9675 0.011580 
9718 0.014230 
9761 0.014772 
9804 0.015147 
9847 0.015079 
9890 0.015817 
9933 0.011689 
9976 0.010841 
10019 0.013381 
10062 0.012439 
10105 0.014610 
10148 0.016280 
10191 0.016846 
10234 0.015387 
10277 0.017380 
10320 0.017093 
10363 0.016953 
10406 0.017988 
10449 0.017535 
10492 0.007367 
10535 0.022892 
10578 0.022572 
10621 0.019965 
10664 0.026786 
10707 0.030792 
10750 0.037334 
10793 0.034198 
10836 0.029089 
10879 0.029878 
10922 0.017943 
10965 0.012648 
11008 0.015936 
11051 0.015214 
11094 0.019424 
11137 0.025832 
11180 0.025573 
11223 0.027778 
11266 0.014206 
11309 0.005599 
11352 0.002336 
11395 0.004180 
11438 -0.002008 
11481 -0.002757 
11524 -0.001367 
11567 0.018597 
11610 -0.005549 
11653 -0.003008 
11696 -0.001460 
11739 0.000107 
11782 -0.003578 
11825 -0.000558 
11868 -0.001585 
11911 -0.000425 
11954 -0.014321 
11997 -0.014832 
12040 -0.019204 
12083 -0.010128 
12126 -0.010305 
12169 -0.008387 
12212 -0.013239 
12255 -0.012133 
12298 -0.011760 
12341 -0.001876 
12384 -0.012434 
12427 0.004721 
12470 0.007800 
12513 -0.006417 
12556 -0.007662 
12599 -0.001899 
12642 0.035682 
12685 -0.041002 
12728 -0.004269 
12771 0.012298 
12814 0.004626 
12857 0.016813 
12900 0.006631 
12943 0.014772 
12986 0.018352 
13029 0.026947 
13072 0.011573 
13115 -0.013519 
13158 0.030800 
13201 0.032755 
13244 0.029001 
13287 0.030136 
13330 0.025791 
13373 0.012715 
13416 0.013736 
13459 0.009163 
13502 0.030565 
13545 0.056045 
13588 0.062054 
13631 0.018410 
13674 0.034825 
13717 0.025269 
13760 0.023388 
13803 0.021176 
13846 0.021338 
13889 0.032540 
13932 0.019537 
13975 0.004233 
14018 0.038765 
14061 0.034319 
14104 0.031381 
14147 0.028854 
14190 0.013768 
14233 0.013902 
14276 0.008364 
14319 0.009346 
14362 0.006131 
14405 0.025806 
14448 0.010088 
14491 0.020545 
14534 0.020987 
14577 0.025046 
14620 0.032243 
14663 0.015115 
14706 0.007372 
14749 0.014691 
14792 0.031235 
14835 0.021487 
14878 0.002663 
14921 0.002083 
14964 0.004560 
15007 -0.005267 
15050 0.002377 
15093 0.043482 
15136 0.056833 
15179 0.068987 
15222 0.030450 
15265 0.027402 
15308 0.032081 
15351 0.023019 
15394 0.029134 
15437 0.034270 
15480 0.036350 
15523 0.008234 
15566 0.018555 
15609 0.022318 
15652 0.019322 
15695 0.015070 
15738 0.014573 
15781 0.015209 
15824 0.016290 
15867 0.041351 
15910 0.031968 
15953 0.027360 
15996 0.022844 
16039 0.011307 
16082 0.013645 
16125 0.013972 
16168 0.008376 
16211 0.029543 
16254 0.022223 
16297 0.023773 
16340 0.026185 
16383 0.028959 
16426 0.035217 
16469 0.028239 
16512 0.043949 
16555 0.026239 
16598 0.020884 
16641 0.038247 
16684 0.055926 
16727 0.033858 
16770 0.025186 
16813 0.024016 
16856 0.023232 
16899 0.023152 
16942 0.024580 
16985 0.016986 
17028 0.022133 
17071 0.016499 
17114 0.024562 
17157 0.015281 
17200 0.016336 
17243 0.021452 
17286 0.011614 
17329 0.008521 
17372 -0.002759 
17415 -0.002359 
17458 0.006252 
17501 0.003871 
17544 0.023214 
17587 -0.005998 
17630 -0.008379 
17673 0.007792 
17716 0.004253 
17759 0.002922 
17802 0.005943 
17845 0.002635 
17888 0.004105 
17931 0.011309 
17974 0.014283 
18017 0.011630 
18060 0.010076 
18103 0.007166 
18146 0.008266 
18189 0.003855 
18232 -0.002535 
18275 0.010854 
18318 0.003920 
18361 0.001947 
18404 0.004548 
18447 0.006784 
18490 0.006257 
18533 0.009546 
18576 0.006487 
18619 0.001043 
18662 -0.004402 
18705 0.000247 
18748 0.007224 
18791 0.001926 
18834 0.002208 
18877 0.009725 
18920 0.015318 
18963 0.004773 
19006 0.000136 
19049 -0.000977 
19092 -0.007158 
19135 -0.007093 
19178 -0.005072 
19221 0.005013 
19264 0.004133 
19307 0.000196 
19350 -0.001520 
19393 -0.000037 
19436 0.000043 
19479 -0.000031 
19522 0.000002 
19565 -0.000160 
19608 -0.001792 
19651 0.000277 
19694 -0.002143 
19737 -0.001028 
19780 -0.001307 
19823 -0.003751 
19866 -0.003036 
19909 -0.001262 
19952 -0.001081 
19995 0.001182 
20038 0.003906 
20081 0.005494 
20124 -0.004668 
20167 -0.007088 
20210 -0.010552 
20253 -0.002960 
20296 0.003643 
20339 0.003571 
20382 -0.001893 
20425 -0.003766 
20468 -0.001143 
20511 -0.005203 
20554 -0.002540 
20597 -0.007061 
20640 0.006557 
20683 0.011269 
20726 -0.000791 
20769 0.009854 
20812 0.005254 
20855 -0.004591 
20898 -0.010833 
20941 -0.016749 
20984 -0.025103 
21027 -0.007970 
21070 -0.002408 
21113 -0.006884 
21156 -0.009590 
21199 -0.009682 
21242 -0.009155 
21285 -0.097830 
21328 -0.047255 
21371 -0.016624 
21414 -0.024659 
21457 -0.022025 
21500 -0.004823 
21543 -0.001390 
21586 -0.011356 
21629 -0.006535 
21672 0.015867 
21715 0.017777 
21758 0.022115 
21801 0.028088 
21844 0.027573 
21887 0.001441 
21930 -0.032923 
21973 -0.045781 
