0 -20.901744 
43 -11.977629 
86 14.556997 
129 22.629248 
172 34.219047 
215 30.615736 
258 26.419619 
301 -19.414481 
344 -37.260324 
387 -21.790286 
430 -3.034935 
473 -2.225868 
516 -5.550878 
559 -11.247830 
602 -14.181590 
645 -17.715104 
688 -19.166722 
731 -18.669445 
774 -15.353370 
817 -12.035998 
860 -4.376353 
903 -13.489829 
946 -15.853100 
989 -20.974196 
1032 -22.939074 
1075 -19.286547 
1118 -23.150681 
1161 -25.202840 
1204 -32.399764 
1247 -30.562959 
1290 -27.821756 
1333 -21.595929 
1376 -20.852022 
1419 -27.975883 
1462 -20.083341 
1505 -18.335809 
1548 -18.900740 
1591 -20.066380 
1634 -13.672438 
1677 -14.494177 
1720 -10.346534 
1763 -13.716933 
1806 -17.408011 
1849 -15.753437 
1892 -17.131434 
1935 -16.618567 
1978 -23.021129 
2021 -25.135116 
2064 -15.883078 
2107 -18.925459 
2150 -15.065286 
2193 -22.065465 
2236 -11.365798 
2279 -8.741217 
2322 -3.665522 
2365 -23.759196 
2408 -9.835581 
2451 -12.395318 
2494 -12.910440 
2537 -11.828405 
2580 -8.261921 
2623 -8.067983 
2666 -4.429166 
2709 -14.242164 
2752 -12.011010 
2795 -9.694396 
2838 -10.200092 
2881 -10.258841 
2924 -10.604493 
2967 -3.887980 
3010 -2.210737 
3053 -2.321744 
3096 -2.369673 
3139 -3.817550 
3182 -4.430426 
3225 -4.701062 
3268 -2.428170 
3311 -4.648641 
3354 -4.794951 
3397 -2.168750 
3440 -0.289534 
3483 -1.139932 
3526 -1.597766 
3569 -1.471855 
3612 -7.350834 
3655 1.275730 
3698 3.325039 
3741 -0.173754 
3784 -0.479097 
3827 -3.632671 
3870 -0.992904 
3913 -0.582552 
3956 2.851755 
3999 -1.386321 
4042 -0.272470 
4085 5.534381 
4128 -0.867685 
4171 -2.861492 
4214 -2.648296 
4257 -2.264169 
4300 -2.073742 
4343 0.234016 
4386 -2.304709 
4429 -0.532211 
4472 -2.989806 
4515 -1.714089 
4558 -2.743051 
4601 1.497248 
4644 -1.500038 
4687 -3.933707 
4730 -2.135366 
4773 -7.981225 
4816 -3.267793 
4859 -7.517713 
4902 -7.770412 
4945 -2.922644 
4988 -2.649067 
5031 -2.825882 
5074 -4.738235 
5117 -2.060374 
5160 -4.154401 
5203 -3.143665 
5246 -4.778241 
5289 -4.629557 
5332 -5.259999 
5375 -4.805707 
5418 -8.704879 
5461 -7.842147 
5504 -8.557016 
5547 -5.405723 
5590 -7.927530 
5633 -6.835652 
5676 -5.802360 
5719 -6.508456 
5762 -9.468017 
5805 -3.279877 
5848 -11.865777 
5891 -13.901770 
5934 -10.033064 
5977 -9.132011 
6020 -9.835069 
6063 -8.976648 
6106 -9.616565 
6149 -12.419857 
6192 -10.268108 
6235 -10.307240 
6278 -14.797698 
6321 -18.660033 
6364 -18.607928 
6407 -18.580829 
6450 -18.794344 
6493 -16.857382 
6536 -22.942468 
6579 -23.091443 
6622 -22.266608 
6665 -15.498217 
6708 -16.758710 
6751 -16.316129 
6794 -18.984258 
6837 -13.325644 
6880 -15.072360 
6923 -15.227551 
6966 -12.685863 
7009 -10.131263 
7052 -10.270955 
7095 -10.129885 
7138 -12.126175 
7181 -12.425568 
7224 -13.370237 
7267 -12.615376 
7310 -10.134229 
7353 -14.535810 
7396 -17.406748 
7439 -13.605245 
7482 -15.766065 
7525 -17.072532 
7568 -17.131556 
7611 -16.249442 
7654 -17.968968 
7697 -15.551787 
7740 -16.096719 
7783 -21.797512 
7826 -21.844620 
7869 -18.491237 
7912 -24.076221 
7955 -21.373670 
7998 -19.456872 
8041 -18.468352 
8084 -19.515994 
8127 -19.384984 
8170 -19.732119 
8213 -22.224428 
8256 -20.605508 
8299 -16.364623 
8342 -17.038899 
8385 -22.339741 
8428 -19.244438 
8471 -16.462903 
8514 -19.131820 
8557 -18.353171 
8600 -23.463486 
8643 -20.401152 
8686 -21.818279 
8729 -19.178696 
8772 -17.189508 
8815 -26.068282 
8858 -25.705824 
8901 -29.205435 
8944 -26.399721 
8987 -24.170538 
9030 -25.303782 
9073 -24.593924 
9116 -25.193014 
9159 -17.749662 
9202 -22.046496 
9245 -22.061225 
9288 -17.238765 
9331 -44.137985 
9374 -24.917486 
9417 -29.996554 
9460 -29.883813 
9503 -30.270888 
9546 -32.445981 
9589 -27.878696 
9632 -27.662079 
9675 -22.273586 
9718 -22.641519 
9761 -24.743451 
9804 -37.202399 
9847 -41.840600 
9890 -33.659332 
9933 -28.417732 
9976 -34.772058 
10019 -22.455573 
10062 -21.271615 
10105 -23.898206 
10148 -29.041977 
10191 -29.092441 
10234 -26.581856 
10277 -28.427032 
10320 -34.792592 
10363 -30.608349 
10406 -31.379213 
10449 -32.756499 
10492 -30.785903 
10535 -31.994832 
10578 -32.618769 
10621 -26.620796 
10664 -26.583321 
10707 -24.127139 
10750 -21.206855 
10793 -27.578704 
10836 -31.473342 
10879 -30.989048 
10922 -31.345587 
10965 -30.604942 
11008 -24.756127 
11051 -21.917931 
11094 -20.458752 
11137 -24.621364 
11180 -26.286569 
11223 -27.919597 
11266 -23.576287 
11309 -23.739380 
11352 -23.577906 
11395 -22.576452 
11438 -22.211257 
11481 -27.217486 
11524 -17.823807 
11567 -14.388698 
11610 -5.702821 
11653 -7.482806 
11696 -25.226131 
11739 -16.733937 
11782 -12.722933 
11825 -30.115526 
11868 -24.363730 
11911 -23.318739 
11954 -13.217058 
11997 -37.089330 
12040 -24.771533 
12083 -20.272500 
12126 -22.007302 
12169 -22.169032 
12212 -22.694871 
12255 -32.478654 
12298 -38.628970 
12341 -36.534007 
12384 -28.470629 
12427 -11.639543 
12470 -23.975268 
12513 -22.340290 
12556 -18.249453 
12599 -20.174892 
12642 -26.046489 
12685 -21.637540 
12728 -21.376373 
12771 -22.236890 
12814 -25.070638 
12857 -19.907761 
12900 -14.678933 
12943 -16.041217 
12986 -16.326834 
13029 -13.832930 
13072 -10.607255 
13115 -13.432394 
13158 -16.154513 
13201 -15.682635 
13244 -18.497370 
13287 -26.619965 
13330 -29.007452 
13373 -26.568412 
13416 -8.257127 
13459 -8.007498 
13502 -9.211858 
13545 -14.048090 
13588 -9.645033 
13631 -16.715017 
13674 -24.281213 
13717 -18.904198 
13760 -34.630114 
13803 -25.859932 
13846 -12.379549 
13889 -20.795510 
13932 -21.547516 
13975 -30.141423 
14018 -21.461630 
14061 -22.525928 
14104 -23.223063 
14147 -24.881146 
14190 -31.752944 
14233 -33.942285 
14276 -34.294063 
14319 -27.040255 
14362 -20.309205 
14405 -23.547149 
14448 -22.468399 
14491 -14.903835 
14534 -18.331472 
14577 -18.440003 
14620 -20.263477 
14663 -16.697888 
14706 -16.448979 
14749 -17.808525 
14792 -1.213228 
14835 -17.035651 
14878 -8.129064 
14921 -13.128750 
14964 -15.276903 
