7998 -47.226493 
8041 -52.083091 
8084 -47.558526 
8127 -45.893700 
8170 -41.853229 
8213 -49.659908 
8256 -66.636271 
8299 -55.489189 
8342 -47.882063 
8385 -58.661708 
8428 -58.421929 
8471 -80.101949 
8514 -60.634649 
8557 -55.436554 
8600 -50.093841 
8643 -55.229633 
8686 -59.341512 
8729 -59.792261 
8772 -57.254149 
8815 -59.494159 
8858 -50.334956 
8901 -61.562689 
8944 -55.436031 
8987 -58.264076 
9030 -59.116738 
9073 -64.479404 
9116 -59.654331 
9159 -54.018206 
9202 -45.368372 
9245 -54.808562 
9288 -58.742967 
9331 -51.961812 
9374 -45.481485 
9417 -50.131405 
9460 -47.468502 
9503 -52.613100 
9546 -57.788254 
9589 -57.287187 
9632 -46.816575 
9675 -55.392048 
9718 -46.859455 
9761 -53.349354 
9804 -60.898045 
9847 -51.083743 
9890 -44.072435 
9933 -52.596461 
9976 -57.141956 
10019 -46.291877 
10062 -38.045877 
10105 -54.071284 
10148 -40.811278 
10191 -51.088753 
10234 -51.779681 
10277 -51.022766 
10320 -40.780968 
10363 -48.706864 
10406 -49.724985 
10449 -51.076908 
10492 -41.193720 
10535 -48.989372 
10578 -62.642989 
10621 -54.076561 
10664 -45.570566 
10707 -58.532761 
10750 -48.260357 
10793 -66.997502 
10836 -46.011280 
10879 -54.435223 
10922 -48.014041 
10965 -43.206023 
11008 -37.920568 
11051 -43.801561 
11094 -51.531323 
11137 -54.564849 
11180 -45.177084 
11223 -43.605865 
11266 -39.548164 
11309 -40.842307 
11352 -35.544078 
11395 -43.840560 
11438 -36.691730 
11481 -39.863844 
11524 -39.883368 
11567 -44.840921 
11610 -39.215059 
11653 -41.075504 
11696 -32.963149 
11739 -41.392612 
11782 -45.464718 
11825 -42.184687 
11868 -37.593921 
11911 -43.879872 
11954 -44.403385 
