0 -4.063994 
43 2.065565 
86 20.813088 
129 5.901866 
172 -10.131433 
215 -4.091554 
258 -7.970940 
301 -10.245842 
344 -25.859356 
387 -28.654415 
430 -26.447011 
473 -21.907161 
516 -16.580028 
559 -29.351624 
602 -37.396901 
645 -25.912003 
688 -26.130729 
731 -18.026573 
774 -25.125859 
817 -24.226848 
860 -20.618936 
903 -14.202006 
946 -32.637792 
989 -28.621607 
1032 -28.970563 
1075 -37.005506 
1118 -26.815651 
1161 -26.314331 
1204 -20.656261 
1247 -20.434921 
1290 -19.836809 
1333 -22.376402 
1376 -20.846248 
1419 -14.961727 
1462 -26.325176 
1505 -8.741339 
1548 -25.956379 
1591 -29.208596 
1634 -26.215347 
1677 -25.459092 
1720 -24.806427 
1763 -6.499395 
1806 -15.168407 
1849 -15.174656 
1892 -4.033527 
1935 -30.192147 
1978 -33.786061 
2021 -23.281989 
2064 -21.265868 
2107 -20.339763 
2150 -19.836572 
2193 -16.225626 
2236 -15.370413 
2279 -18.339797 
2322 -12.916282 
2365 -14.871130 
2408 -14.175065 
2451 -13.206106 
2494 -6.392296 
2537 -13.568940 
2580 -13.031573 
2623 -12.809540 
2666 -13.191181 
2709 -12.510542 
2752 -13.096575 
2795 -13.683360 
2838 -11.797411 
2881 -6.527306 
2924 -8.311073 
2967 -5.498998 
3010 -2.977141 
3053 -2.470965 
3096 -1.095796 
3139 0.327724 
3182 -3.060645 
3225 -3.448649 
3268 -3.273535 
3311 -1.753942 
3354 -3.152385 
3397 1.548151 
3440 0.472226 
3483 -0.872316 
3526 1.658266 
3569 -0.207429 
3612 1.058478 
3655 6.651585 
3698 -1.517124 
3741 -6.547315 
3784 -3.117133 
3827 -2.436770 
3870 -4.806674 
3913 -7.271700 
3956 -6.085761 
3999 -3.531129 
4042 -4.067311 
4085 -3.507843 
4128 -3.424227 
4171 -5.289463 
4214 -5.684277 
4257 -5.011749 
4300 -5.618442 
4343 -5.107284 
4386 -9.456605 
4429 -15.861117 
4472 -14.535978 
4515 -14.332447 
4558 -8.990581 
4601 -16.704880 
4644 -10.722139 
4687 -9.816357 
4730 -13.022152 
4773 -5.791761 
4816 -15.602826 
4859 -2.257942 
4902 -21.823970 
4945 -17.479945 
4988 -15.199015 
5031 -16.160366 
5074 -16.755839 
5117 -16.821233 
5160 -23.198550 
5203 -18.084356 
5246 -17.896524 
5289 -18.376036 
5332 -22.328729 
5375 -19.683001 
5418 -23.694465 
5461 -21.078881 
5504 -26.519966 
5547 -13.164049 
5590 -16.447010 
5633 -9.748445 
5676 -29.993330 
5719 -20.729744 
5762 -20.399912 
5805 -15.973033 
5848 -17.031240 
5891 -17.385946 
5934 -22.643663 
5977 -23.694288 
6020 -28.141923 
6063 -28.068517 
6106 -21.878556 
6149 -17.264692 
6192 -14.652260 
6235 -15.146172 
6278 -15.433710 
6321 -15.415544 
6364 -12.235425 
6407 -12.600976 
6450 -13.253792 
6493 -19.545174 
6536 -3.419491 
6579 -7.502394 
6622 -4.638238 
6665 -14.310954 
6708 -11.171441 
6751 -10.347724 
6794 -8.837791 
6837 -9.018168 
6880 -13.503026 
6923 -6.104669 
6966 -10.410005 
7009 -11.650890 
7052 -9.759878 
7095 -8.962378 
7138 -7.751222 
7181 -9.561776 
7224 -10.762954 
7267 -10.356046 
7310 -9.899297 
7353 5.541727 
7396 -8.355809 
7439 -5.864078 
7482 -12.329623 
7525 -13.442616 
7568 -8.797240 
7611 -9.933088 
7654 -10.879481 
7697 -10.982522 
7740 -12.282253 
7783 -4.350844 
7826 -9.362399 
7869 -12.233003 
7912 -11.540161 
7955 -11.407057 
7998 -11.349311 
8041 -9.146215 
8084 -16.639490 
8127 -13.026746 
8170 -13.961797 
8213 -13.015589 
8256 -14.457588 
8299 -11.938801 
8342 -15.169902 
8385 -12.993258 
8428 -16.516451 
8471 -9.249390 
8514 -7.730920 
8557 -8.163140 
8600 -7.783719 
8643 -7.725787 
8686 -0.273169 
8729 -12.913123 
8772 -19.052396 
8815 -7.723231 
8858 -5.393273 
8901 -3.541098 
8944 -5.889532 
8987 -5.495586 
9030 -4.639812 
9073 -9.459790 
9116 -9.082516 
9159 -9.237293 
9202 -10.479978 
9245 -11.625914 
9288 -9.043712 
9331 -11.533384 
9374 -10.170478 
9417 -10.724697 
9460 -15.348443 
9503 -9.171447 
9546 3.020965 
9589 -22.822906 
9632 -8.286867 
9675 -8.581074 
9718 -5.991768 
9761 -2.332171 
9804 0.324806 
9847 -1.894470 
9890 -6.378226 
9933 -5.988455 
9976 -8.644710 
10019 -5.242511 
10062 -4.818147 
10105 -9.392110 
10148 -6.170261 
10191 -12.947270 
10234 0.121387 
10277 -4.584438 
10320 -7.652080 
10363 -10.999925 
10406 -13.377216 
10449 -11.260806 
10492 -9.582814 
10535 -11.079593 
10578 13.087562 
10621 -12.884142 
10664 -12.005020 
10707 5.446079 
10750 -18.309862 
10793 -13.909530 
10836 -10.943775 
10879 -23.365220 
10922 -13.347015 
10965 -8.632245 
11008 -7.488545 
11051 -6.405921 
11094 -3.379646 
11137 -3.765310 
11180 -1.291326 
11223 -5.605947 
11266 -8.563933 
11309 -5.622755 
11352 -7.024279 
11395 -6.230586 
11438 -4.153985 
11481 -4.645210 
11524 -5.138376 
11567 -8.420743 
11610 -8.356454 
11653 -8.535327 
11696 -7.801147 
11739 -7.755234 
11782 -10.452461 
11825 -8.984934 
11868 -11.400093 
11911 -12.666621 
11954 -11.749957 
11997 -12.484027 
12040 -8.506451 
12083 -12.957677 
12126 -15.522636 
12169 -14.948393 
12212 -15.748149 
12255 -32.416198 
12298 -21.099189 
12341 -16.338240 
12384 -27.798933 
12427 -25.576795 
12470 -20.685651 
12513 -18.167920 
12556 -19.030666 
12599 -18.532347 
12642 -18.700814 
12685 -22.304138 
12728 -25.504783 
12771 -24.054550 
12814 -24.201147 
12857 -21.902524 
12900 -25.519776 
12943 -23.787316 
12986 -24.587554 
13029 -19.511962 
13072 -17.086849 
13115 -19.583478 
13158 -33.323280 
13201 -25.581281 
13244 -26.150901 
13287 -22.655699 
13330 -27.628817 
13373 -23.407444 
13416 -23.615084 
13459 -14.464915 
13502 -11.907784 
13545 -17.396657 
13588 -19.647681 
13631 -11.620705 
13674 -11.433621 
13717 -18.353681 
13760 -20.583621 
13803 -25.374678 
13846 -40.974008 
13889 -33.849982 
13932 -25.740330 
13975 -31.327625 
14018 -28.608310 
14061 -34.340251 
14104 -38.144022 
14147 -27.234095 
14190 -31.196764 
14233 -23.432775 
14276 -27.492780 
14319 -32.759648 
14362 -32.725064 
14405 -32.827751 
14448 -31.933829 
14491 -24.810816 
14534 -16.424993 
14577 -26.575250 
14620 -31.476901 
14663 -27.330410 
14706 -31.681043 
14749 -28.966164 
14792 -20.875739 
14835 -24.881596 
14878 -38.797608 
14921 -26.168534 
14964 -17.411817 
