0 75.617317 
43 69.585094 
86 67.852140 
129 44.422375 
172 38.388219 
215 31.504626 
258 23.745883 
301 5.486817 
344 -10.216020 
387 -2.267093 
430 -6.008885 
473 -2.311988 
516 -4.363066 
559 -13.828074 
602 -27.909307 
645 -18.876824 
688 -11.015343 
731 -8.089222 
774 -4.532517 
817 -5.269187 
860 -0.947677 
903 -6.963626 
946 -3.022594 
989 -5.329573 
1032 -5.018166 
1075 -2.442201 
1118 4.070664 
1161 -15.449336 
1204 -22.343026 
1247 -6.719145 
1290 1.653419 
1333 -4.227892 
1376 -2.445390 
1419 8.737049 
1462 0.003185 
1505 14.317213 
1548 3.603756 
1591 7.730923 
1634 13.098285 
1677 17.157496 
1720 15.214973 
1763 4.840676 
1806 -3.691916 
1849 -4.072214 
1892 -0.249288 
1935 3.509983 
1978 5.303342 
2021 4.600155 
2064 -7.748925 
2107 2.920398 
2150 11.626937 
2193 25.045808 
2236 5.832303 
2279 5.035283 
2322 8.413548 
2365 0.168984 
2408 -1.366684 
2451 -4.549217 
2494 13.739702 
2537 22.728023 
2580 25.829305 
2623 22.683021 
2666 19.523132 
2709 21.042584 
2752 22.214689 
2795 21.564309 
2838 23.023792 
2881 37.812379 
2924 33.892505 
2967 24.925674 
3010 17.365872 
3053 27.119935 
3096 32.300880 
3139 23.239589 
3182 19.869864 
3225 19.731494 
3268 7.398519 
3311 18.882914 
3354 28.611647 
3397 25.871384 
3440 22.218421 
3483 24.124171 
3526 25.678551 
3569 26.306090 
3612 39.631421 
3655 38.605084 
3698 34.309553 
3741 23.373637 
3784 26.577957 
3827 36.815062 
3870 42.778623 
3913 27.460887 
3956 16.028484 
3999 17.739620 
4042 25.173013 
4085 29.243070 
4128 33.632148 
4171 33.035321 
4214 50.747573 
4257 43.738754 
4300 43.416308 
4343 28.414959 
4386 22.556111 
4429 11.652303 
4472 7.516628 
4515 13.398809 
4558 47.073723 
4601 32.374961 
4644 46.307336 
4687 30.282743 
4730 31.053270 
4773 25.522762 
4816 17.787526 
4859 30.609796 
4902 38.068632 
4945 46.922898 
4988 33.936257 
5031 31.289793 
5074 41.373556 
5117 23.144755 
5160 15.388297 
5203 16.363801 
5246 28.723265 
5289 23.844602 
5332 39.018129 
5375 41.747438 
5418 41.858113 
5461 26.683804 
5504 28.653374 
5547 31.096241 
5590 35.057967 
5633 36.127711 
5676 45.181165 
5719 48.721151 
5762 40.574961 
5805 35.003969 
5848 38.280978 
5891 18.810651 
5934 29.603756 
5977 20.267425 
6020 32.129127 
6063 31.486071 
6106 27.425108 
6149 39.284580 
6192 44.166866 
6235 47.176051 
6278 39.090537 
6321 42.096408 
6364 42.370450 
6407 45.616154 
6450 41.141537 
6493 49.426140 
6536 45.746577 
6579 37.022143 
6622 30.442177 
6665 44.202385 
6708 53.508822 
6751 52.257485 
6794 42.112811 
6837 24.413795 
6880 33.486283 
6923 35.130163 
6966 22.083050 
7009 34.280120 
7052 35.946278 
7095 34.358446 
7138 28.406340 
7181 27.468253 
7224 35.514482 
7267 32.232397 
7310 30.321831 
7353 37.013287 
7396 38.719563 
7439 28.825593 
7482 29.495612 
7525 26.050699 
7568 25.568025 
7611 22.320544 
7654 32.569681 
7697 36.134148 
7740 18.615844 
7783 13.882567 
7826 31.578495 
7869 26.817206 
7912 26.334463 
7955 26.109442 
7998 19.393073 
8041 30.344031 
8084 33.995279 
8127 30.059500 
8170 22.762695 
8213 30.622015 
8256 35.895808 
8299 34.143757 
8342 27.292261 
8385 32.039681 
8428 24.795036 
8471 24.840524 
8514 26.708457 
8557 29.331962 
8600 30.443509 
8643 32.567334 
8686 36.565895 
8729 19.880051 
8772 17.470555 
8815 21.931020 
8858 30.106406 
8901 27.584498 
8944 32.793449 
8987 26.256292 
9030 37.044430 
9073 34.132482 
9116 27.892443 
9159 32.174144 
9202 34.021826 
9245 31.225684 
9288 29.247985 
9331 27.841160 
9374 31.522341 
9417 24.251750 
9460 22.107437 
9503 21.900419 
9546 23.258449 
9589 29.945254 
9632 81.020371 
9675 43.524252 
9718 38.225286 
9761 36.097290 
9804 25.385010 
9847 26.328487 
9890 34.365954 
9933 38.109391 
9976 32.945567 
10019 41.098263 
10062 45.687152 
10105 20.060582 
10148 34.039019 
10191 36.449253 
10234 31.495229 
10277 32.356037 
10320 47.524611 
10363 39.670963 
10406 34.352967 
10449 38.983631 
10492 18.231264 
10535 32.770648 
10578 32.248694 
10621 26.000636 
10664 33.122594 
10707 29.317928 
10750 34.865696 
10793 35.123142 
10836 33.667102 
10879 31.578144 
10922 21.656013 
10965 37.695269 
11008 33.743082 
11051 38.380657 
11094 22.159663 
11137 20.715633 
11180 20.987559 
11223 14.000925 
11266 38.302833 
11309 27.193107 
11352 30.416472 
11395 32.981700 
11438 29.164098 
11481 34.672960 
11524 29.935567 
11567 30.400252 
11610 32.025480 
11653 31.542214 
11696 56.924602 
11739 38.843806 
11782 36.487581 
11825 40.004115 
11868 34.514968 
11911 31.488630 
11954 18.271830 
11997 26.197486 
12040 32.859636 
12083 38.379370 
12126 23.560490 
12169 21.349128 
12212 32.292938 
12255 34.826500 
12298 36.040915 
12341 42.250842 
12384 45.563168 
12427 38.789727 
12470 34.617062 
12513 29.295749 
12556 31.462212 
12599 23.538365 
12642 34.161176 
12685 34.626275 
12728 34.009341 
12771 20.909316 
12814 30.034140 
12857 36.228264 
12900 37.736557 
12943 23.204526 
12986 30.763809 
13029 31.110853 
13072 33.155158 
13115 46.849381 
13158 37.736201 
13201 33.014317 
13244 16.614770 
13287 15.464683 
13330 18.523745 
13373 21.879675 
13416 25.727602 
13459 19.988431 
13502 24.787096 
13545 19.581191 
13588 25.124135 
13631 26.049039 
13674 19.055517 
13717 16.247786 
13760 31.374947 
13803 23.626999 
13846 24.972740 
13889 21.548405 
13932 11.485105 
13975 9.798252 
14018 17.686305 
14061 20.107045 
14104 24.743182 
14147 16.808178 
14190 29.853225 
14233 17.566651 
14276 20.467716 
14319 20.021259 
14362 26.153603 
14405 28.746655 
14448 27.225235 
14491 35.101180 
14534 30.635016 
14577 18.098269 
14620 9.692443 
14663 13.951272 
14706 13.519934 
14749 10.741864 
14792 22.745765 
14835 20.623651 
14878 21.210406 
14921 14.542806 
14964 -6.139342 
