7998 -27.226277 
8041 -31.912226 
8084 -35.520890 
8127 -25.446519 
8170 -19.111611 
8213 -23.324271 
8256 -20.583529 
8299 -25.866417 
8342 -24.415802 
8385 -29.635811 
8428 -19.279377 
8471 -21.054074 
8514 -18.880221 
8557 -24.181646 
8600 -21.009911 
8643 -31.240951 
8686 -16.389178 
8729 -18.727111 
8772 -18.291396 
8815 -25.554660 
8858 -45.246637 
8901 -26.734613 
8944 -19.822677 
8987 -20.387159 
9030 -17.588788 
9073 -26.841231 
9116 -24.169743 
9159 -29.733923 
9202 -20.158396 
9245 -24.095978 
9288 -24.810337 
9331 -24.648323 
9374 -21.881898 
9417 -30.120167 
9460 -28.934841 
9503 -23.667986 
9546 -16.034635 
9589 -21.722950 
9632 -17.326388 
9675 -23.073712 
9718 -29.205782 
9761 -24.196084 
9804 -18.155415 
9847 -20.021321 
9890 -16.282041 
9933 -21.934850 
9976 -21.642825 
10019 -20.152290 
10062 -16.588118 
10105 -16.943239 
10148 -13.336711 
10191 -17.364920 
10234 -16.963020 
10277 -18.536590 
10320 -14.594604 
10363 -27.455525 
10406 -14.533527 
10449 -17.912796 
10492 -18.978265 
10535 -20.905894 
10578 -20.021511 
10621 -17.842211 
10664 -13.336895 
10707 -17.418808 
10750 -13.680557 
10793 -22.986715 
10836 -23.512585 
10879 -23.491144 
10922 -18.890052 
10965 -21.217019 
11008 -20.820288 
11051 -29.704965 
11094 -15.912135 
11137 -13.598327 
11180 -7.636272 
11223 -13.474787 
11266 -18.686036 
11309 -14.884449 
11352 -9.561398 
11395 -13.613270 
11438 -13.573382 
11481 -18.599808 
11524 -20.477258 
11567 -30.291304 
11610 -16.135487 
11653 -22.133165 
11696 -26.985975 
11739 -50.625012 
11782 -26.022729 
11825 -26.926208 
11868 -24.443679 
11911 -28.955536 
11954 -32.496107 
