0 57.029946 
43 46.537924 
86 47.113192 
129 35.418814 
172 24.768899 
215 20.808919 
258 11.406597 
301 8.597694 
344 -11.179395 
387 -14.644681 
430 -14.704687 
473 1.375947 
516 3.170341 
559 -3.224032 
602 -28.169168 
645 -24.169031 
688 -7.005580 
731 -3.218112 
774 -11.904566 
817 -4.052680 
860 -7.312239 
903 -8.576866 
946 -14.750226 
989 -1.236424 
1032 -19.494033 
1075 -16.781555 
1118 -13.398473 
1161 -22.846751 
1204 -18.268905 
1247 -20.698678 
1290 -19.983863 
1333 -16.388298 
1376 -14.557983 
1419 -15.116212 
1462 -17.342327 
1505 -13.177105 
1548 -12.290557 
1591 -11.249232 
1634 -12.744415 
1677 -13.175127 
1720 -7.051102 
1763 -11.898792 
1806 -20.698666 
1849 -13.331125 
1892 -10.739853 
1935 -7.823250 
1978 -12.170938 
2021 -15.194114 
2064 -14.941478 
2107 -17.233333 
2150 -11.486787 
2193 -14.687957 
2236 -13.593343 
2279 -6.119250 
2322 -14.956886 
2365 -3.087745 
2408 -3.631983 
2451 -3.232605 
2494 -7.314615 
2537 -22.488717 
2580 -2.761442 
2623 -6.506167 
2666 -4.381956 
2709 5.618250 
2752 -2.282212 
2795 -0.108878 
2838 14.277614 
2881 3.746917 
2924 2.618462 
2967 -2.931430 
3010 0.959197 
3053 12.550122 
3096 9.397510 
3139 8.021953 
3182 7.943337 
3225 8.038724 
3268 10.513865 
3311 9.340452 
3354 7.296099 
3397 5.645481 
3440 5.182327 
3483 -1.033400 
3526 9.095633 
3569 11.038017 
3612 14.447233 
3655 13.301928 
3698 11.043865 
3741 10.314888 
3784 6.549698 
3827 12.570538 
3870 15.908438 
3913 10.617544 
3956 4.693248 
3999 15.458399 
4042 13.392773 
4085 20.889607 
4128 8.090963 
4171 14.357946 
4214 10.517431 
4257 17.908552 
4300 27.498731 
4343 19.454691 
4386 25.914478 
4429 12.385719 
4472 12.538312 
4515 2.983586 
4558 -3.414332 
4601 -3.908483 
4644 8.756495 
4687 6.360264 
4730 9.222645 
4773 14.021260 
4816 14.295619 
4859 20.460958 
4902 3.023865 
4945 4.211259 
4988 4.931007 
5031 11.696165 
5074 -2.754633 
5117 3.884411 
5160 13.843607 
5203 21.154886 
5246 9.026200 
5289 0.098429 
5332 11.452719 
5375 0.168921 
5418 -4.678995 
5461 -4.894749 
5504 -8.409902 
5547 2.508143 
5590 23.980134 
5633 16.652673 
5676 13.271858 
5719 6.708835 
5762 2.876015 
5805 1.884250 
5848 3.289519 
5891 19.538466 
5934 10.241926 
5977 5.400953 
6020 12.087818 
6063 13.603053 
6106 10.484803 
6149 5.889865 
6192 5.581780 
6235 10.004213 
6278 14.293572 
6321 8.479028 
6364 7.038368 
6407 18.243362 
6450 -4.507699 
6493 3.251306 
6536 22.378841 
6579 4.579070 
6622 5.432175 
6665 -1.514013 
6708 2.660744 
6751 0.596472 
6794 1.151884 
6837 13.504308 
6880 22.187062 
6923 24.674135 
6966 21.999574 
7009 21.383126 
7052 19.489202 
7095 20.795983 
7138 22.460509 
7181 17.279531 
7224 18.629732 
7267 11.438548 
7310 9.330246 
7353 8.828606 
7396 9.648858 
7439 1.162351 
7482 -0.363497 
7525 18.581435 
7568 27.945039 
7611 6.798940 
7654 2.834548 
7697 11.429614 
7740 16.075810 
7783 22.248601 
7826 25.587762 
7869 47.997144 
7912 38.179798 
7955 37.455114 
7998 23.038631 
8041 19.469811 
8084 0.188736 
8127 -0.542898 
8170 3.117150 
8213 -0.812442 
8256 -6.627776 
8299 6.528078 
8342 12.564220 
8385 8.832054 
8428 3.277625 
8471 0.020439 
8514 -1.759170 
8557 0.653053 
8600 5.250332 
8643 9.894698 
8686 -3.943408 
8729 5.131887 
8772 6.753491 
8815 14.168683 
8858 -4.289728 
8901 -5.104496 
8944 -7.011814 
8987 2.670720 
9030 1.868510 
9073 19.050125 
9116 4.758422 
9159 4.030003 
9202 10.524422 
9245 2.702116 
9288 -0.045891 
9331 -1.215716 
9374 10.843460 
9417 17.859062 
9460 22.921756 
9503 16.640087 
9546 13.870512 
9589 21.461828 
9632 17.415345 
9675 17.983411 
9718 12.346424 
9761 5.702956 
9804 7.184520 
9847 -0.455877 
9890 11.218449 
9933 0.738196 
9976 -1.992772 
10019 3.529301 
10062 15.076528 
10105 11.889522 
10148 12.818624 
10191 13.175517 
10234 11.843189 
10277 8.149060 
10320 10.225578 
10363 19.905069 
10406 8.921110 
10449 15.223976 
10492 14.166239 
10535 -1.394294 
10578 18.380607 
10621 25.371639 
10664 15.540695 
10707 35.175354 
10750 10.911746 
10793 3.256125 
10836 8.573594 
10879 15.927532 
10922 23.224192 
10965 29.779054 
11008 33.791537 
11051 35.441685 
11094 36.758585 
11137 39.971441 
11180 23.083150 
11223 29.314873 
11266 23.623669 
11309 20.411054 
11352 28.880313 
11395 23.811344 
11438 20.245969 
11481 24.326982 
11524 10.756937 
11567 19.229991 
11610 15.093194 
11653 6.279893 
11696 9.785414 
11739 4.553441 
11782 4.578117 
11825 1.810531 
11868 12.892204 
11911 5.992533 
11954 6.689523 
11997 5.354785 
12040 13.606096 
12083 15.836109 
12126 9.037334 
12169 20.968876 
12212 19.922634 
12255 13.680623 
12298 6.337239 
12341 -1.946184 
12384 1.825844 
12427 5.324384 
12470 12.632138 
12513 5.710015 
12556 -2.034063 
12599 -4.451520 
12642 6.063623 
12685 16.209606 
12728 14.838417 
12771 10.793739 
12814 3.435667 
12857 15.949968 
12900 12.595066 
12943 6.492142 
12986 10.960637 
13029 12.591976 
13072 1.604754 
13115 15.220695 
13158 15.756143 
13201 13.723214 
13244 12.484607 
13287 7.520110 
13330 9.871060 
13373 9.586958 
13416 6.191370 
13459 7.812418 
13502 8.982368 
13545 11.451592 
13588 11.199843 
13631 -3.725263 
13674 3.869728 
13717 -7.537456 
13760 7.653586 
13803 1.564485 
13846 0.728491 
13889 -5.109027 
13932 14.440643 
13975 0.675162 
14018 -11.848453 
14061 9.417481 
14104 24.078211 
14147 11.672118 
14190 11.166743 
14233 3.429847 
14276 -7.460813 
14319 -0.210552 
14362 0.809782 
14405 7.184259 
14448 13.033046 
14491 2.792906 
14534 10.027351 
14577 2.786223 
14620 10.868787 
14663 -4.695171 
14706 -7.926015 
14749 -0.928397 
14792 11.886171 
14835 19.373845 
14878 18.931055 
14921 1.826918 
14964 -5.575929 
