0 49.102470 
43 47.661317 
86 45.103705 
129 43.493666 
172 65.271818 
215 72.793007 
258 52.759461 
301 51.255768 
344 20.829469 
387 26.294465 
430 27.574352 
473 37.997666 
516 44.960710 
559 25.720963 
602 9.142191 
645 -13.160975 
688 -14.904488 
731 -12.683822 
774 -8.926648 
817 -9.353406 
860 -11.744047 
903 -9.540108 
946 -5.561002 
989 -4.033397 
1032 -9.592858 
1075 0.778926 
1118 9.414592 
1161 6.043401 
1204 -0.425029 
1247 -15.988196 
1290 10.799351 
1333 11.231155 
1376 23.622201 
1419 21.954040 
1462 21.943075 
1505 17.039926 
1548 18.019443 
1591 24.237395 
1634 31.810245 
1677 15.471507 
1720 11.138660 
1763 23.004429 
1806 9.841899 
1849 10.531113 
1892 16.454578 
1935 25.100881 
1978 29.683678 
2021 18.978514 
2064 12.216573 
2107 13.297625 
2150 13.394971 
2193 11.609955 
2236 17.957171 
2279 22.074030 
2322 37.395932 
2365 20.543434 
2408 24.736645 
2451 22.599379 
2494 15.574415 
2537 21.495246 
2580 18.915779 
2623 17.985344 
2666 14.710070 
2709 16.436878 
2752 20.937518 
2795 21.669794 
2838 17.010036 
2881 15.890335 
2924 14.874795 
2967 14.054297 
3010 17.053479 
3053 9.918035 
3096 7.773329 
3139 0.625652 
3182 8.129607 
3225 17.995551 
3268 4.629789 
3311 2.604138 
3354 8.614748 
3397 20.477017 
3440 1.824808 
3483 1.862269 
3526 1.798401 
3569 1.668839 
3612 6.880178 
3655 -0.135650 
3698 10.487319 
3741 1.959071 
3784 8.519373 
3827 2.027924 
3870 8.028245 
3913 3.064881 
3956 2.953498 
3999 2.988033 
4042 7.607467 
4085 8.904764 
4128 9.171714 
4171 10.854504 
4214 2.904125 
4257 13.597284 
4300 6.225242 
4343 11.920225 
4386 7.722279 
4429 7.223687 
4472 5.944024 
4515 8.432195 
4558 3.213420 
4601 -1.892476 
4644 -5.158961 
4687 7.312015 
4730 -1.180455 
4773 -1.641396 
4816 1.688224 
4859 -0.313394 
4902 -5.539806 
4945 -4.425612 
4988 0.500370 
5031 -3.441790 
5074 3.993590 
5117 -2.309327 
5160 -1.786090 
5203 -11.088627 
5246 -10.517269 
5289 -9.849741 
5332 -5.415721 
5375 -5.615011 
5418 0.797296 
5461 1.262761 
5504 3.602164 
5547 11.706483 
5590 10.052045 
5633 15.556850 
5676 10.821582 
5719 8.689100 
5762 5.296787 
5805 -2.524033 
5848 -3.735957 
5891 -7.752020 
5934 -7.414452 
5977 -6.715485 
6020 3.115931 
6063 3.979011 
6106 14.397713 
6149 15.823870 
6192 30.146269 
6235 7.995657 
6278 6.390659 
6321 13.689278 
6364 13.005579 
6407 8.596940 
6450 4.538450 
6493 13.219957 
6536 33.831186 
6579 2.609580 
6622 2.957510 
6665 7.844415 
6708 7.327473 
6751 18.200351 
6794 12.608186 
6837 -10.096194 
6880 2.643345 
6923 6.377563 
6966 6.660001 
7009 -3.427257 
7052 3.867737 
7095 3.707812 
7138 1.288197 
7181 -2.501553 
7224 5.639035 
7267 5.329718 
7310 4.295439 
7353 16.166973 
7396 13.356712 
7439 13.655107 
7482 6.071845 
7525 16.167320 
7568 7.357836 
7611 15.465042 
7654 5.123355 
7697 1.429739 
7740 -5.490367 
7783 6.285896 
7826 6.314214 
7869 6.695929 
7912 2.815886 
7955 4.920948 
7998 2.747975 
8041 -5.017602 
8084 0.091198 
8127 8.980380 
8170 5.347882 
8213 4.286952 
8256 11.969512 
8299 2.318251 
8342 0.631795 
8385 9.986842 
8428 1.861494 
8471 3.581375 
8514 6.993130 
8557 19.921008 
8600 13.103162 
8643 13.555359 
8686 4.852804 
8729 -3.721568 
8772 -3.582189 
8815 -3.572162 
8858 -12.327397 
8901 -2.949278 
8944 9.202169 
8987 14.439087 
9030 11.116161 
9073 6.759236 
9116 -3.030520 
9159 9.431564 
9202 39.134202 
9245 4.883711 
9288 -9.233033 
9331 3.985357 
9374 4.134161 
9417 6.346924 
9460 4.343216 
9503 3.067836 
9546 10.437659 
9589 9.254678 
9632 26.972249 
9675 22.428804 
9718 20.767862 
9761 1.086071 
9804 4.941608 
9847 4.377140 
9890 23.378525 
9933 9.342981 
9976 7.192312 
10019 14.049523 
10062 3.873480 
10105 0.885215 
10148 8.250279 
10191 10.472773 
10234 7.280279 
10277 9.583097 
10320 6.361123 
10363 4.617048 
10406 5.693479 
10449 5.914447 
10492 2.356447 
10535 2.556399 
10578 1.546029 
10621 0.774334 
10664 3.230645 
10707 -8.489487 
10750 17.305705 
10793 27.635042 
10836 19.312872 
10879 30.047325 
10922 24.621145 
10965 27.944434 
11008 39.948755 
11051 23.307105 
11094 21.980680 
11137 28.840131 
11180 36.376444 
11223 26.608857 
11266 23.347821 
11309 35.237829 
11352 38.465454 
11395 36.263242 
11438 24.251371 
11481 10.433941 
11524 3.806921 
11567 10.251784 
11610 11.811518 
11653 4.882128 
11696 8.261003 
11739 -6.455574 
11782 -5.465921 
11825 -9.321441 
11868 -4.892908 
11911 -4.328082 
11954 22.545548 
11997 23.792716 
12040 33.385690 
12083 22.103242 
12126 18.743950 
12169 22.803205 
12212 9.639077 
12255 1.526024 
12298 6.730541 
12341 10.441612 
12384 0.346379 
12427 -20.159600 
12470 -22.188132 
12513 -11.992943 
12556 -13.316042 
12599 -13.036937 
12642 -18.872598 
12685 -10.649493 
12728 1.272674 
12771 14.245870 
12814 20.053696 
12857 22.664685 
12900 17.790185 
12943 11.435868 
12986 12.863687 
13029 19.511110 
13072 29.847432 
13115 24.604383 
13158 26.084500 
13201 21.171594 
13244 25.476116 
13287 25.452382 
13330 19.967029 
13373 16.642950 
13416 16.686998 
13459 26.532056 
13502 29.232718 
13545 25.769095 
13588 29.863097 
13631 24.857086 
13674 19.652503 
13717 23.105059 
13760 23.307019 
13803 19.430318 
13846 13.320306 
13889 -11.496776 
13932 -3.410730 
13975 -17.398382 
14018 -18.406239 
14061 -21.226332 
14104 -25.484963 
14147 -22.281323 
14190 -4.216817 
14233 7.252561 
14276 -1.316862 
14319 1.091337 
14362 20.566048 
14405 9.321364 
14448 33.892946 
14491 35.800844 
14534 35.355541 
14577 -6.343088 
14620 -15.867013 
14663 -9.945321 
14706 4.523941 
14749 10.132277 
14792 28.260046 
14835 18.687175 
14878 15.485182 
14921 20.369668 
14964 24.139283 
