7998 20.295132 
8041 4.223225 
8084 -0.526702 
8127 -11.292001 
8170 -1.530238 
8213 3.090036 
8256 7.617227 
8299 -6.136962 
8342 1.694889 
8385 11.470025 
8428 -7.660219 
8471 0.140807 
8514 0.994501 
8557 -1.756700 
8600 -12.537873 
8643 12.041708 
8686 2.231988 
8729 2.299598 
8772 2.410646 
8815 2.624817 
8858 10.421384 
8901 10.762258 
8944 7.250178 
8987 20.869730 
9030 7.229455 
9073 1.554695 
9116 -3.388766 
9159 0.165425 
9202 7.007133 
9245 -0.056051 
9288 -0.257642 
9331 -6.057575 
9374 -6.501738 
9417 -6.480351 
9460 -12.668507 
9503 -8.626508 
9546 -0.762250 
9589 -4.381974 
9632 -7.188006 
9675 -14.379392 
9718 3.854019 
9761 -4.833454 
9804 -14.789260 
9847 -9.540659 
9890 -0.976441 
9933 -1.499830 
9976 0.262362 
10019 4.000343 
10062 3.594053 
10105 -10.006938 
10148 -5.686940 
10191 2.260398 
10234 2.704051 
10277 5.421053 
10320 -0.455988 
10363 7.298717 
10406 7.340901 
10449 7.803043 
10492 6.183849 
10535 19.291425 
10578 -1.671558 
10621 1.468498 
10664 -3.112902 
10707 -5.365468 
10750 -2.253013 
10793 5.181949 
10836 7.987730 
10879 0.861969 
10922 -7.280096 
10965 -5.025188 
11008 -0.660753 
11051 2.206594 
11094 6.982704 
11137 5.370375 
11180 5.588106 
11223 5.628207 
11266 5.723391 
11309 -2.066861 
11352 4.576406 
11395 5.718523 
11438 -7.567795 
11481 -8.439895 
11524 3.218460 
11567 -0.194183 
11610 2.269646 
11653 -6.845566 
11696 -11.491060 
11739 5.683210 
11782 0.971993 
11825 -0.170349 
11868 -0.633339 
11911 0.175524 
11954 1.762389 
11997 9.710997 
12040 4.505345 
12083 1.986389 
12126 -3.005629 
12169 6.156596 
12212 4.672608 
12255 4.472829 
12298 7.383326 
12341 3.087790 
12384 2.440359 
12427 -1.861825 
12470 -4.978377 
12513 -14.727886 
12556 -10.382511 
12599 -9.169444 
12642 9.946266 
12685 9.753119 
12728 -0.530107 
12771 -3.987516 
12814 -4.362123 
12857 -13.324355 
12900 1.647433 
12943 -1.642607 
12986 -5.778494 
13029 1.646842 
13072 14.063133 
13115 15.920365 
13158 5.269085 
13201 3.727202 
13244 3.904980 
13287 -0.521882 
13330 1.042961 
13373 0.727203 
13416 -2.496734 
13459 -10.093441 
13502 -3.212266 
13545 -15.394092 
13588 1.968789 
13631 6.684364 
13674 4.935717 
13717 2.314637 
13760 -7.949845 
13803 0.073292 
13846 3.724949 
13889 -0.613723 
13932 -0.202179 
13975 2.309275 
14018 9.783484 
14061 17.136976 
14104 14.961916 
14147 12.902737 
14190 1.719635 
14233 -4.956643 
14276 4.198418 
14319 6.358067 
14362 13.081912 
14405 10.796274 
14448 5.820496 
14491 1.934255 
14534 6.770499 
14577 13.294827 
14620 2.417479 
14663 -8.003509 
14706 -3.434824 
14749 -6.288295 
14792 -2.447373 
14835 -4.650492 
14878 -12.997995 
14921 4.610536 
14964 3.624068 
