0 40.194393 
43 6.858674 
86 9.206084 
129 27.632449 
172 35.763809 
215 13.859630 
258 -0.499050 
301 -1.233555 
344 9.882440 
387 5.953788 
430 3.120073 
473 0.939863 
516 -3.049113 
559 -17.984638 
602 -17.465425 
645 -17.521210 
688 -8.628121 
731 -12.189338 
774 -14.959181 
817 -20.972061 
860 -16.986761 
903 -17.871299 
946 -13.555949 
989 4.487295 
1032 -9.761821 
1075 -6.722351 
1118 -11.292098 
1161 -12.855653 
1204 -14.690489 
1247 -15.929108 
1290 -13.267988 
1333 -14.295245 
1376 -10.375350 
1419 -2.634210 
1462 -9.941288 
1505 -3.407392 
1548 -4.485084 
1591 -6.152954 
1634 -5.223683 
1677 -11.270271 
1720 -10.471098 
1763 -21.249245 
1806 -9.919501 
1849 -5.542059 
1892 -9.230901 
1935 -6.451518 
1978 -8.492529 
2021 -7.078528 
2064 -14.400787 
2107 -5.615501 
2150 -4.903071 
2193 -8.221200 
2236 -4.271114 
2279 -1.144624 
2322 -2.103923 
2365 -10.960276 
2408 -5.438560 
2451 -11.727016 
2494 -4.918830 
2537 -17.265555 
2580 -5.686684 
2623 -2.891900 
2666 -8.040252 
2709 3.308433 
2752 1.944418 
2795 2.252563 
2838 3.270438 
2881 1.145350 
2924 0.346458 
2967 5.975260 
3010 9.352608 
3053 -2.474811 
3096 5.431854 
3139 6.582948 
3182 7.462057 
3225 9.154634 
3268 3.800981 
3311 3.013210 
3354 2.642204 
3397 2.027080 
3440 5.032524 
3483 11.795259 
3526 5.523282 
3569 0.838534 
3612 6.539167 
3655 3.840846 
3698 4.770761 
3741 -1.457613 
3784 6.608348 
3827 10.048721 
3870 4.644915 
3913 9.331996 
3956 12.038795 
3999 16.790707 
4042 -3.875843 
4085 -0.063552 
4128 8.465403 
4171 5.271672 
4214 3.669383 
4257 2.387671 
4300 0.820530 
4343 12.620055 
4386 1.545236 
4429 10.729853 
4472 5.551398 
4515 9.645564 
4558 5.803034 
4601 8.913739 
4644 12.269651 
4687 9.426759 
4730 5.636514 
4773 7.190937 
4816 5.800224 
4859 -7.673361 
4902 5.835164 
4945 -13.039753 
4988 5.255381 
5031 6.332120 
5074 3.281380 
5117 3.353555 
5160 6.544028 
5203 0.007017 
5246 -1.959326 
5289 2.713395 
5332 -0.525570 
5375 -2.656404 
5418 2.103114 
5461 -0.817823 
5504 7.539071 
5547 -8.731505 
5590 0.504129 
5633 -2.537177 
5676 -4.116514 
5719 -7.814881 
5762 -6.402361 
5805 -6.732407 
5848 -8.803123 
5891 -13.335887 
5934 -9.327586 
5977 -11.644730 
6020 2.777225 
6063 5.485560 
6106 -5.564064 
6149 -26.014530 
6192 -6.728675 
6235 -0.379851 
6278 2.403784 
6321 3.351044 
6364 2.949541 
6407 3.883292 
6450 3.815069 
6493 6.625718 
6536 -5.226111 
6579 4.780972 
6622 0.509234 
6665 -6.538086 
6708 8.191850 
6751 -7.993644 
6794 -10.000299 
6837 -0.706178 
6880 -4.698051 
6923 -5.445957 
6966 -8.684663 
7009 -16.499365 
7052 -15.125664 
7095 -17.430651 
7138 -18.661197 
7181 -29.928214 
7224 -12.798166 
7267 -11.813749 
7310 -10.832573 
7353 -7.558877 
7396 -11.089734 
7439 -20.483245 
7482 -16.411245 
7525 -16.545901 
7568 -21.280156 
7611 -18.345926 
7654 -18.150499 
7697 -12.254864 
7740 -17.301701 
7783 -21.318406 
7826 -14.588395 
7869 -8.560428 
7912 -2.653862 
7955 -19.443509 
7998 -28.345485 
8041 -13.084182 
8084 -16.544685 
8127 -17.492435 
8170 -16.652025 
8213 -9.380903 
8256 -19.904808 
8299 -22.880522 
8342 -21.152814 
8385 -3.614730 
8428 -15.609933 
8471 -22.009251 
8514 -26.419584 
8557 -26.247196 
8600 -25.837323 
8643 -25.470708 
8686 -46.016124 
8729 -22.953542 
8772 -16.261642 
8815 -18.695187 
8858 -29.139502 
8901 -42.639414 
8944 -28.171256 
8987 -25.295208 
9030 -23.574939 
9073 -22.717956 
9116 -22.854052 
9159 -17.766711 
9202 -15.098571 
9245 -22.214133 
9288 -18.463405 
9331 -16.983828 
9374 -18.048208 
9417 -18.283886 
9460 -14.263896 
9503 -14.795711 
9546 -16.478240 
9589 -21.032305 
9632 -25.132886 
9675 -25.380125 
9718 -41.133979 
9761 -19.569280 
9804 -7.584294 
9847 -21.932616 
9890 -17.479713 
9933 -21.190451 
9976 -4.505466 
10019 -10.075492 
10062 -12.637948 
10105 -6.757610 
10148 -12.328886 
10191 -0.585303 
10234 -12.594267 
10277 -24.647378 
10320 -9.262767 
10363 -7.023463 
10406 -17.299604 
10449 -9.106054 
10492 -3.291882 
10535 -5.018755 
10578 -3.660186 
10621 -13.830390 
10664 -13.038359 
10707 -10.276177 
10750 -12.927319 
10793 -0.380065 
10836 -14.845480 
10879 -20.844468 
10922 -18.562270 
10965 -24.331267 
11008 -12.033768 
11051 -10.158161 
11094 -14.107632 
11137 -22.933563 
11180 -21.451496 
11223 -22.131576 
11266 -27.532945 
11309 -24.052082 
11352 0.457176 
11395 -10.229689 
11438 -12.688452 
11481 -9.046425 
11524 -18.344657 
11567 -24.195079 
11610 -38.321777 
11653 -19.535725 
11696 -18.437086 
11739 -10.992854 
11782 -17.698141 
11825 -20.305445 
11868 -20.992731 
11911 -16.651048 
11954 -25.275982 
11997 -20.653122 
12040 -28.650782 
12083 -23.493985 
12126 -11.979111 
12169 -13.392565 
12212 -14.897555 
12255 -12.154852 
12298 -16.003310 
12341 -9.901560 
12384 -16.877535 
12427 -23.438722 
12470 -9.778867 
12513 -18.092487 
12556 -18.623493 
12599 -10.667811 
12642 -21.758563 
12685 -23.716888 
12728 -25.069701 
12771 -31.417591 
12814 -23.953750 
12857 -18.361188 
12900 -20.126378 
12943 -20.880615 
12986 -14.700228 
13029 -1.513264 
13072 4.777986 
13115 -9.232533 
13158 -23.768902 
13201 -31.289009 
13244 -25.429214 
13287 -12.543940 
13330 -11.049290 
13373 -10.494530 
13416 -6.910249 
13459 -12.702124 
13502 -16.759276 
13545 -8.761559 
13588 -5.914891 
13631 -23.978648 
13674 -16.545858 
13717 -14.587750 
13760 -13.082159 
13803 -17.594509 
13846 -4.949139 
13889 -4.687301 
13932 -5.701811 
13975 -11.170389 
14018 -12.214917 
14061 -14.517082 
14104 -25.463346 
14147 -20.800132 
14190 -17.260396 
14233 -12.770087 
14276 -13.725270 
14319 -17.326513 
14362 -20.167776 
14405 -23.977737 
14448 10.629871 
14491 -1.820650 
14534 -8.128265 
14577 -3.556744 
14620 -8.943019 
14663 -13.913424 
14706 -14.849555 
14749 -14.622975 
14792 -14.783943 
14835 1.785052 
14878 3.026356 
14921 -0.947236 
14964 -12.544296 
