0 -4.509190 
43 15.213508 
86 23.122146 
129 16.468944 
172 22.463799 
215 29.445381 
258 9.438136 
301 -12.715276 
344 2.165027 
387 6.771508 
430 10.003870 
473 10.693831 
516 6.596592 
559 2.559932 
602 -8.715212 
645 -12.900373 
688 -4.497222 
731 5.783242 
774 0.120901 
817 0.304880 
860 -3.764630 
903 -5.360698 
946 -2.753421 
989 -1.622340 
1032 -3.473373 
1075 -13.491053 
1118 -14.508718 
1161 -0.797545 
1204 -6.792456 
1247 -3.203249 
1290 -4.758956 
1333 -6.459092 
1376 -12.005652 
1419 -15.800929 
1462 -12.720165 
1505 -16.366056 
1548 -7.403890 
1591 -9.011214 
1634 -7.143474 
1677 -8.274734 
1720 -8.238540 
1763 2.462111 
1806 -6.031207 
1849 -10.139508 
1892 -9.741089 
1935 -4.863502 
1978 -6.520446 
2021 -3.722081 
2064 -9.286860 
2107 -11.150990 
2150 -9.464445 
2193 -4.666945 
2236 -5.804703 
2279 -5.482515 
2322 -5.049772 
2365 -14.417783 
2408 0.210276 
2451 -5.106250 
2494 -3.894430 
2537 -13.349535 
2580 -0.933116 
2623 -4.725385 
2666 -3.527932 
2709 -1.713646 
2752 -3.583284 
2795 -12.300209 
2838 -0.728734 
2881 6.348938 
2924 0.628753 
2967 1.013817 
3010 0.665615 
3053 9.080883 
3096 4.723414 
3139 5.097859 
3182 3.282140 
3225 -4.884483 
3268 1.569246 
3311 4.874272 
3354 6.712736 
3397 9.533887 
3440 10.640131 
3483 8.945424 
3526 5.745253 
3569 10.015730 
3612 8.052788 
3655 13.624331 
3698 9.362707 
3741 2.403094 
3784 7.299047 
3827 14.539206 
3870 8.022350 
3913 4.250716 
3956 8.168834 
3999 -4.004555 
4042 7.098644 
4085 10.309273 
4128 10.222589 
4171 11.823735 
4214 9.242322 
4257 13.317388 
4300 5.977767 
4343 4.737064 
4386 13.014855 
4429 2.291328 
4472 6.430448 
4515 1.317479 
4558 2.539672 
4601 -1.674290 
4644 6.014618 
4687 26.348478 
4730 -3.466921 
4773 5.035995 
4816 7.095364 
4859 12.890928 
4902 4.587060 
4945 -0.396490 
4988 6.595951 
5031 5.929427 
5074 5.008496 
5117 3.943143 
5160 0.560328 
5203 -4.027188 
5246 0.624087 
5289 4.208035 
5332 6.279201 
5375 1.549600 
5418 3.548437 
5461 9.864467 
5504 2.674439 
5547 -2.318400 
5590 1.124218 
5633 3.043936 
5676 3.468234 
5719 -4.003512 
5762 1.260862 
5805 8.954264 
5848 -1.456737 
5891 -10.144011 
5934 -2.395389 
5977 5.712098 
6020 -2.026521 
6063 -3.345939 
6106 -3.800086 
6149 -1.601299 
6192 -2.808560 
6235 -4.934106 
6278 -14.983335 
6321 -8.276968 
6364 -8.817751 
6407 -4.412823 
6450 -8.160013 
6493 -14.160368 
6536 -11.519261 
6579 -10.486284 
6622 -1.813947 
6665 -9.053718 
6708 -9.856276 
6751 -8.523200 
6794 -9.055026 
6837 -8.054729 
6880 -8.442358 
6923 0.221291 
6966 -4.979274 
7009 -4.464599 
7052 -4.285903 
7095 -14.736683 
7138 0.935203 
7181 1.371307 
7224 -2.256168 
7267 -6.991084 
7310 -2.020543 
7353 2.043798 
7396 -4.673220 
7439 -3.415729 
7482 -8.383011 
7525 -5.731743 
7568 -8.361552 
7611 -10.767415 
7654 -9.807393 
7697 -2.494953 
7740 -12.318232 
7783 -16.892205 
7826 -17.288025 
7869 -0.005467 
7912 -15.777919 
7955 -30.635680 
7998 -12.744606 
8041 -14.865687 
8084 -12.608629 
8127 -12.384808 
8170 -23.509685 
8213 -17.987080 
8256 -14.969653 
8299 -16.147641 
8342 -11.573970 
8385 -7.417515 
8428 -13.379196 
8471 -16.988967 
8514 -14.187397 
8557 -25.107603 
8600 -15.399999 
8643 -7.864128 
8686 -15.959977 
8729 -21.460821 
8772 -7.339535 
8815 -12.245007 
8858 -12.691046 
8901 -13.035826 
8944 -17.395457 
8987 -16.868979 
9030 -18.296760 
9073 -9.943084 
9116 -11.645186 
9159 -12.668469 
9202 -13.988840 
9245 -12.742789 
9288 -20.947436 
9331 -20.944115 
9374 -26.980258 
9417 -22.416035 
9460 -25.262751 
9503 -19.216511 
9546 -25.813286 
9589 -24.271740 
9632 -21.121195 
9675 -16.293400 
9718 -19.990503 
9761 -18.311307 
9804 -15.098385 
9847 -30.429417 
9890 -30.684032 
9933 -12.666085 
9976 -15.380071 
10019 -16.355322 
10062 -16.144449 
10105 -13.647116 
10148 -14.989524 
10191 -31.935941 
10234 -29.361081 
10277 -19.201851 
10320 -22.872984 
10363 -23.791237 
10406 -23.370944 
10449 -23.317864 
10492 -12.438053 
10535 -30.963814 
10578 -24.571879 
10621 -13.961962 
10664 -19.542650 
10707 -23.121292 
10750 -32.321348 
10793 -22.757503 
10836 -24.919556 
10879 -19.827561 
10922 -19.805474 
10965 -18.870917 
11008 -18.718311 
11051 -23.281215 
11094 -26.315195 
11137 -29.826049 
11180 -24.063318 
11223 -27.009519 
11266 -23.637584 
11309 -27.386197 
11352 -30.191456 
11395 -20.757096 
11438 -12.804231 
11481 -14.867610 
11524 -13.372197 
11567 -19.930726 
11610 -20.357978 
11653 -20.483950 
11696 -13.887779 
11739 -12.319665 
11782 -5.569807 
11825 -16.565552 
11868 -12.497415 
11911 -2.377962 
11954 -18.582742 
11997 -23.543372 
12040 -20.527565 
12083 -5.297198 
12126 -11.662820 
12169 -13.442747 
12212 -17.226800 
12255 -26.420265 
12298 -22.145665 
12341 -20.966321 
12384 -15.674406 
12427 -18.193308 
12470 -16.215465 
12513 -19.940826 
12556 -21.387395 
12599 -34.410192 
12642 -11.082023 
12685 -24.798024 
12728 -23.777436 
12771 -27.489662 
12814 -14.721518 
12857 -16.240499 
12900 -19.018804 
12943 -30.189064 
12986 -29.167982 
13029 -31.212000 
13072 -27.762898 
13115 -24.799909 
13158 -21.271723 
13201 -26.640249 
13244 -9.891016 
13287 -24.995104 
13330 -20.767635 
13373 -18.734641 
13416 -31.531718 
13459 -24.534029 
13502 -16.210930 
13545 -17.227348 
13588 -23.482491 
13631 -21.194558 
13674 -26.611037 
13717 -26.014685 
13760 -27.145780 
13803 -24.385958 
13846 -22.963543 
13889 -35.787573 
13932 -30.441135 
13975 -36.954174 
14018 -28.669627 
14061 -31.537664 
14104 -46.262645 
14147 -35.815281 
14190 -40.954175 
14233 -41.791060 
14276 -47.421591 
14319 -38.481981 
14362 -33.212100 
14405 -20.655285 
14448 -30.609452 
14491 -24.931010 
14534 -31.525524 
14577 -30.749467 
14620 -23.538839 
14663 -29.422870 
14706 -28.282895 
14749 -22.153639 
14792 -15.941929 
14835 -26.384745 
14878 -26.254052 
14921 -32.018505 
14964 -31.203100 
