0 15.736479 
43 14.781944 
86 15.782851 
129 -4.147586 
172 -11.309156 
215 -11.985410 
258 -5.358725 
301 -9.608181 
344 -20.968688 
387 -28.480590 
430 -15.563405 
473 -3.758602 
516 -10.207582 
559 -12.274291 
602 -21.867376 
645 -15.583382 
688 -3.705264 
731 -5.699115 
774 -7.172508 
817 -6.317829 
860 1.873898 
903 13.169886 
946 1.850825 
989 1.049750 
1032 -1.514451 
1075 -4.991562 
1118 -5.510793 
1161 2.103775 
1204 -1.628350 
1247 -0.343162 
1290 1.002477 
1333 1.549376 
1376 5.344850 
1419 -0.805756 
1462 -7.145514 
1505 5.475482 
1548 -0.133817 
1591 -3.768582 
1634 3.417452 
1677 -5.926116 
1720 -11.764690 
1763 -15.327802 
1806 -4.377530 
1849 0.266047 
1892 -2.292965 
1935 -10.386526 
1978 -8.910934 
2021 -2.453220 
2064 -18.490036 
2107 -26.871420 
2150 -7.040510 
2193 -12.732391 
2236 -8.563704 
2279 -12.402200 
2322 -1.123633 
2365 -5.735037 
2408 -3.591946 
2451 -12.846467 
2494 -10.811933 
2537 -8.829661 
2580 -9.207512 
2623 -10.578105 
2666 -8.058208 
2709 -9.922383 
2752 -12.332486 
2795 -8.428108 
2838 -4.975839 
2881 -4.101776 
2924 -5.252054 
2967 -0.049778 
3010 -5.237182 
3053 -1.798790 
3096 1.041907 
3139 0.484631 
3182 0.990937 
3225 2.211768 
3268 -1.774450 
3311 -2.553010 
3354 -1.110074 
3397 -2.798674 
3440 -2.183521 
3483 -7.870703 
3526 -4.494359 
3569 -4.103289 
3612 -4.372515 
3655 0.044845 
3698 0.092404 
3741 -0.614211 
3784 -2.024918 
3827 -1.069415 
3870 -3.342541 
3913 -1.819242 
3956 -3.150806 
3999 -9.777860 
4042 -4.446536 
4085 3.945472 
4128 -2.596743 
4171 -3.816296 
4214 -0.496943 
4257 -0.416446 
4300 -1.262716 
4343 -1.169592 
4386 -0.069409 
4429 -0.112975 
4472 -1.646476 
4515 -3.050325 
4558 -6.715726 
4601 -6.324679 
4644 -5.200369 
4687 -11.636341 
4730 -10.217082 
4773 -9.614178 
4816 -9.476067 
4859 -9.008481 
4902 -7.965647 
4945 -9.476971 
4988 -9.217495 
5031 -7.706705 
5074 -8.808349 
5117 -13.432644 
5160 -15.328918 
5203 -14.703714 
5246 -19.038589 
5289 -17.611556 
5332 -18.903264 
5375 -16.788014 
5418 -19.870132 
5461 -18.568696 
5504 -18.562286 
5547 -20.079100 
5590 -21.312109 
5633 -23.050401 
5676 -23.276056 
5719 -14.486083 
5762 -25.808237 
5805 -20.229442 
5848 -16.087605 
5891 -14.245565 
5934 -13.131817 
5977 -12.501975 
6020 -12.233100 
6063 -9.109259 
6106 -13.384331 
6149 -11.332648 
6192 -10.569784 
6235 -9.083124 
6278 -6.957052 
6321 2.430790 
6364 -7.639476 
6407 -8.179481 
6450 -5.760934 
6493 -7.798430 
6536 -4.986103 
6579 -5.132711 
6622 -5.027618 
6665 -2.727619 
6708 -1.306758 
6751 -3.539675 
6794 -4.855476 
6837 -3.827474 
6880 -3.555716 
6923 -1.416520 
6966 -4.731514 
7009 -7.445678 
7052 -7.121212 
7095 -13.660167 
7138 -10.134489 
7181 -9.533285 
7224 -5.223470 
7267 -4.369436 
7310 -6.151709 
7353 -3.078008 
7396 -6.323038 
7439 -2.717153 
7482 -4.581906 
7525 -8.330637 
7568 -6.474444 
7611 -6.448315 
7654 -13.287790 
7697 -5.687590 
7740 -6.211595 
7783 -6.466081 
7826 -7.437821 
7869 -9.011177 
7912 -6.837582 
7955 -7.475343 
7998 -8.813573 
8041 -17.909592 
8084 -7.533837 
8127 -7.507882 
8170 -7.845514 
8213 -7.325538 
8256 -9.518704 
8299 -6.850405 
8342 -8.905002 
8385 -11.641799 
8428 -10.721029 
8471 -13.256990 
8514 -10.822397 
8557 -6.390400 
8600 -12.643240 
8643 -11.765706 
8686 -10.141428 
8729 2.205673 
8772 -7.640180 
8815 -1.567814 
8858 -12.812007 
8901 -14.438243 
8944 -12.763304 
8987 -16.253698 
9030 -12.218435 
9073 -9.189690 
9116 -14.188780 
9159 -11.938148 
9202 -10.905641 
9245 -9.658934 
9288 -6.299964 
9331 -6.473192 
9374 -4.837237 
9417 -6.468571 
9460 -4.214901 
9503 -0.216155 
9546 -5.630730 
9589 -6.553286 
9632 -4.146580 
9675 -3.805320 
9718 -4.270876 
9761 -7.016325 
9804 -4.315344 
9847 -4.598698 
9890 -4.412929 
9933 -2.209592 
9976 -0.310464 
10019 -3.845142 
10062 -3.768074 
10105 -7.585412 
10148 -2.147428 
10191 -0.949707 
10234 -1.976368 
10277 -1.396676 
10320 -0.516149 
10363 -1.468293 
10406 -2.651746 
10449 2.111291 
10492 -7.520591 
10535 -7.939361 
10578 -4.818574 
10621 -7.555631 
10664 -6.877585 
10707 -5.779333 
10750 5.494843 
10793 -6.912775 
10836 -8.717107 
10879 -8.674609 
10922 -10.054814 
10965 -0.787304 
11008 0.172322 
11051 1.606765 
11094 10.917729 
11137 -0.914975 
11180 -3.529578 
11223 -0.618761 
11266 -4.589364 
11309 -2.278127 
11352 -0.115417 
11395 -5.106653 
11438 -7.187260 
11481 -6.711534 
11524 -7.600928 
11567 -8.279567 
11610 -8.478165 
11653 -9.238854 
11696 -8.933882 
11739 -2.359818 
11782 -18.015904 
11825 -18.621371 
11868 0.096146 
11911 -16.125675 
11954 -15.760732 
11997 -18.222701 
12040 -24.123176 
12083 -25.324827 
12126 -23.219579 
12169 -25.346037 
12212 -7.499544 
12255 -9.198303 
12298 -14.204067 
12341 -16.577207 
12384 -23.233365 
12427 -22.934405 
12470 -9.432688 
12513 -46.638338 
12556 -26.560896 
12599 -26.628992 
12642 -8.731605 
12685 -18.859171 
12728 -19.789609 
12771 -17.826763 
12814 -15.950166 
12857 -12.952474 
12900 -17.648686 
12943 -19.985639 
12986 -22.318309 
13029 -18.663634 
13072 -22.138718 
13115 -22.470715 
13158 -22.667689 
13201 -20.797502 
13244 -27.240443 
13287 -6.599314 
13330 -2.799382 
13373 3.775604 
13416 -8.240116 
13459 -7.673770 
13502 -6.395441 
13545 -17.396500 
13588 -16.700887 
13631 -14.002187 
13674 -16.654024 
13717 -11.765180 
13760 -17.015506 
13803 -25.898282 
13846 -14.543641 
13889 -9.121738 
13932 -16.195476 
13975 -8.185868 
14018 -19.332985 
14061 -13.898853 
14104 -8.869514 
14147 -11.676544 
14190 -22.966613 
14233 -13.768214 
14276 -23.515051 
14319 -21.107819 
14362 -18.622818 
14405 4.217258 
14448 -20.503868 
14491 -19.786708 
14534 -9.613459 
14577 -23.620426 
14620 -23.246976 
14663 -15.258344 
14706 -7.566391 
14749 -4.327159 
14792 -7.708381 
14835 -7.549011 
14878 -13.379668 
14921 -2.176147 
14964 -7.608268 
