7998 -32.921680 
8041 -54.484283 
8084 -31.478956 
8127 -35.208830 
8170 -36.855939 
8213 -34.354671 
8256 -30.246793 
8299 -36.048321 
8342 -33.386469 
8385 -34.196246 
8428 -24.000138 
8471 -39.460678 
8514 -28.301944 
8557 -36.686646 
8600 -36.551671 
8643 -36.289165 
8686 -31.570764 
8729 -36.730915 
8772 -30.675963 
8815 -35.488721 
8858 -38.344608 
8901 -37.989136 
8944 -28.571343 
8987 -45.282940 
9030 -31.287378 
9073 -40.338751 
9116 -40.036524 
9159 -48.106146 
9202 -34.308246 
9245 -43.318915 
9288 -33.837550 
9331 -33.018051 
9374 -28.053361 
9417 -34.840972 
9460 -31.023388 
9503 -34.044905 
9546 -32.265273 
9589 -43.107535 
9632 -35.872830 
9675 -43.159916 
9718 -59.549991 
9761 -47.406736 
9804 -39.206579 
9847 -39.729232 
9890 -37.239822 
9933 -38.306068 
9976 -31.217522 
10019 -33.558150 
10062 -30.429174 
10105 -42.173008 
10148 -29.629242 
10191 -45.250730 
10234 -33.353019 
10277 -36.717461 
10320 -36.488692 
10363 -33.447930 
10406 -29.068938 
10449 -35.770539 
10492 -31.265106 
10535 -36.653545 
10578 -37.583365 
10621 -44.977457 
10664 -44.229140 
10707 -47.384200 
10750 -41.395254 
10793 -36.403823 
10836 -31.140711 
10879 -38.652144 
10922 -54.840934 
10965 -41.344365 
11008 -33.371139 
11051 -39.619099 
11094 -46.464777 
11137 -42.792138 
11180 -37.474473 
11223 -35.162845 
11266 -30.519635 
11309 -34.702168 
11352 -34.230419 
11395 -33.746921 
11438 -29.229907 
11481 -29.847902 
11524 -27.765688 
11567 -43.368188 
11610 -31.691353 
11653 -38.563236 
11696 -36.026443 
11739 -45.080348 
11782 -46.366578 
11825 -53.312164 
11868 -46.147619 
11911 -41.465565 
11954 -35.546093 
