7998 -33.191231 
8041 -42.103459 
8084 -36.245894 
8127 -39.877553 
8170 -39.202588 
8213 -37.996841 
8256 -34.201359 
8299 -36.342232 
8342 -34.448936 
8385 -37.834287 
8428 -31.110052 
8471 -38.496669 
8514 -35.086445 
8557 -38.905904 
8600 -38.822581 
8643 -44.149706 
8686 -38.354288 
8729 -35.514417 
8772 -30.802258 
8815 -35.861235 
8858 -40.025565 
8901 -37.497711 
8944 -31.728086 
8987 -40.171212 
9030 -35.663518 
9073 -41.185496 
9116 -43.539749 
9159 -46.360523 
9202 -35.465780 
9245 -50.687808 
9288 -39.622232 
9331 -37.798695 
9374 -29.688590 
9417 -42.525133 
9460 -34.685248 
9503 -37.609692 
9546 -37.844570 
9589 -46.808505 
9632 -44.788492 
9675 -50.473169 
9718 -51.582618 
9761 -51.784369 
9804 -45.436106 
9847 -46.566508 
9890 -42.642945 
9933 -49.650333 
9976 -38.470202 
10019 -48.467521 
10062 -40.715828 
10105 -56.876675 
10148 -39.028636 
10191 -45.624105 
10234 -42.999459 
10277 -45.317540 
10320 -39.763802 
10363 -42.324349 
10406 -40.078891 
10449 -40.880573 
10492 -38.159097 
10535 -46.426067 
10578 -43.639676 
10621 -53.111865 
10664 -49.867368 
10707 -49.592363 
10750 -46.946449 
10793 -41.242295 
10836 -36.002533 
10879 -44.713679 
10922 -48.166157 
10965 -44.053906 
11008 -38.937511 
11051 -44.298167 
11094 -50.564622 
11137 -49.476876 
11180 -43.377202 
11223 -40.440470 
11266 -36.043264 
11309 -38.653397 
11352 -38.628354 
11395 -36.656111 
11438 -32.811498 
11481 -34.162299 
11524 -31.966388 
11567 -40.281571 
11610 -33.802997 
11653 -44.989182 
11696 -38.881261 
11739 -45.436360 
11782 -49.084732 
11825 -50.299690 
11868 -46.029106 
11911 -38.560631 
11954 -32.799606 
