7998 -20.325708 
8041 -25.491508 
8084 -24.779536 
8127 -20.819350 
8170 -15.965422 
8213 -25.256798 
8256 -20.570949 
8299 -22.042334 
8342 -20.598209 
8385 -26.082876 
8428 -21.408001 
8471 -25.251429 
8514 -24.836933 
8557 -26.666690 
8600 -25.430694 
8643 -33.374427 
8686 -31.721098 
8729 -32.752283 
8772 -29.960926 
8815 -26.618803 
8858 -21.177410 
8901 -33.810561 
8944 -23.111879 
8987 -25.009040 
9030 -23.745329 
9073 -31.085199 
9116 -31.776340 
9159 -28.939963 
9202 -23.743574 
9245 -23.701782 
9288 -19.521899 
9331 -60.105421 
9374 -19.384110 
9417 -26.339968 
9460 -30.793914 
9503 -31.259374 
9546 -28.980078 
9589 -32.705169 
9632 -23.171897 
9675 -31.405390 
9718 -28.431096 
9761 -23.902233 
9804 -18.334803 
9847 -21.443964 
9890 -19.624729 
9933 -30.002613 
9976 -20.004525 
10019 -21.869912 
10062 -14.435747 
10105 -20.972495 
10148 -21.159218 
10191 -20.640775 
10234 -14.007798 
10277 -19.151444 
10320 -24.193349 
10363 -25.767012 
10406 -22.935283 
10449 -21.258774 
10492 -14.954957 
10535 -17.656397 
10578 -14.061419 
10621 -36.233531 
10664 -14.775428 
10707 -22.359593 
10750 -25.592768 
10793 -29.080429 
10836 -29.508387 
10879 -28.150087 
10922 -23.707140 
10965 -26.340458 
11008 -25.538593 
11051 -27.051068 
11094 -21.691125 
11137 -23.717267 
11180 -21.791370 
11223 -32.333006 
11266 -24.623052 
11309 -27.960156 
11352 -28.981641 
11395 -32.940809 
11438 -33.516801 
11481 -36.359138 
11524 -33.015488 
11567 -34.042856 
11610 -31.554471 
11653 -42.383112 
11696 -41.090748 
11739 -45.157658 
11782 -47.493002 
11825 -47.463412 
11868 -40.494283 
11911 -47.101955 
11954 -52.160392 
