7998 1.156485 
8041 -0.548872 
8084 4.803217 
8127 2.413790 
8170 2.605636 
8213 3.040833 
8256 4.149979 
8299 1.890038 
8342 -0.210144 
8385 1.545920 
8428 3.743135 
8471 2.823176 
8514 5.256911 
8557 0.669240 
8600 -5.456473 
8643 -1.814577 
8686 3.715509 
8729 0.826461 
8772 2.711093 
8815 2.746851 
8858 2.946500 
8901 2.447685 
8944 1.194409 
8987 0.492465 
9030 2.333705 
9073 2.123618 
9116 -1.747958 
9159 -3.729501 
9202 -1.670186 
9245 -5.801943 
9288 -8.912000 
9331 -11.642151 
9374 -6.728080 
9417 -6.892094 
9460 -8.771268 
9503 8.193678 
9546 -2.541282 
9589 -7.634301 
9632 -6.909590 
9675 -11.286834 
9718 -19.680484 
9761 1.148184 
9804 0.983988 
9847 6.165232 
9890 -10.632199 
9933 -4.350138 
9976 -0.593516 
10019 4.652308 
10062 7.978692 
10105 4.332581 
10148 -3.469759 
10191 3.431979 
10234 5.313369 
10277 5.124808 
10320 2.465995 
10363 8.356683 
10406 8.938798 
10449 4.438828 
10492 7.524067 
10535 5.001925 
10578 0.182955 
10621 2.426129 
10664 4.692718 
10707 5.836978 
10750 5.567495 
10793 3.523900 
10836 1.242098 
10879 0.109917 
10922 -0.497164 
10965 2.698376 
11008 0.548752 
11051 3.616946 
11094 -1.797234 
11137 7.424909 
11180 -0.037611 
11223 -1.616271 
11266 -0.474759 
11309 -9.671441 
11352 1.948535 
11395 1.145970 
11438 -1.588585 
11481 -6.314462 
11524 1.152250 
11567 -2.092348 
11610 1.490008 
11653 0.182068 
11696 -1.355852 
11739 -1.447326 
11782 -1.155951 
11825 -3.241802 
11868 -3.653047 
11911 -3.929832 
11954 -6.917417 
11997 -3.339855 
12040 -4.138095 
12083 -5.920399 
12126 -10.578222 
12169 -11.785340 
12212 -8.762184 
12255 -9.881753 
12298 -9.021773 
12341 -8.451127 
12384 -11.361242 
12427 -17.694323 
12470 -2.802216 
12513 -13.722231 
12556 -9.465118 
12599 -12.593308 
12642 -16.439194 
12685 -6.952148 
12728 -5.241763 
12771 -4.765372 
12814 -3.352252 
12857 0.477939 
12900 -4.330794 
12943 -4.671935 
12986 -4.835679 
13029 -6.549703 
13072 -6.973411 
13115 4.191234 
13158 3.207793 
13201 2.863058 
13244 0.502471 
13287 1.780996 
13330 1.992758 
13373 -17.480013 
13416 1.974092 
13459 14.737666 
13502 13.829613 
13545 9.602549 
13588 13.665854 
13631 14.592876 
13674 15.508653 
13717 14.428160 
13760 16.834606 
13803 17.507093 
13846 20.512809 
13889 28.444194 
13932 18.578562 
13975 14.418205 
14018 13.324464 
14061 13.981490 
14104 11.927817 
14147 19.223803 
14190 14.907932 
14233 14.749951 
14276 16.018582 
14319 23.296029 
14362 16.613619 
14405 14.071036 
14448 10.367103 
14491 9.628187 
14534 15.244894 
14577 3.257747 
14620 9.889727 
14663 9.984704 
14706 2.942902 
14749 5.751324 
14792 3.837045 
14835 3.089891 
14878 -6.483517 
14921 2.742444 
14964 3.129154 
