0 23.677441 
43 7.304574 
86 5.128821 
129 9.443620 
172 12.798954 
215 9.690600 
258 3.887977 
301 -0.172608 
344 -1.490043 
387 -6.390696 
430 -17.757263 
473 -19.551450 
516 6.930497 
559 -2.240919 
602 -0.148434 
645 -1.026526 
688 -9.213175 
731 3.907851 
774 12.067057 
817 17.639418 
860 10.174603 
903 12.574943 
946 3.337905 
989 -1.729915 
1032 -8.408862 
1075 -12.195711 
1118 -18.877566 
1161 -10.426228 
1204 -8.317277 
1247 -6.099106 
1290 -6.024065 
1333 -9.814241 
1376 -10.960298 
1419 -10.104881 
1462 -11.131136 
1505 -10.551322 
1548 -11.216151 
1591 -9.936143 
1634 -10.813000 
1677 -5.010795 
1720 -5.362918 
1763 -8.432553 
1806 -9.913548 
1849 -9.287840 
1892 -7.491517 
1935 -6.891167 
1978 -8.175668 
2021 -8.836726 
2064 -12.329860 
2107 -12.294392 
2150 -18.276630 
2193 -9.355093 
2236 -4.217465 
2279 -0.803395 
2322 2.438384 
2365 2.177801 
2408 -6.062412 
2451 0.739784 
2494 1.567410 
2537 -0.073793 
2580 2.055126 
2623 2.846577 
2666 2.096290 
2709 -4.528367 
2752 -4.179321 
2795 3.025269 
2838 2.432639 
2881 1.326707 
2924 4.700676 
2967 3.132194 
3010 0.215249 
3053 10.315034 
3096 12.945946 
3139 19.304905 
3182 13.281170 
3225 10.683034 
3268 11.765269 
3311 6.447546 
3354 6.498128 
3397 7.935483 
3440 6.563965 
3483 3.700456 
3526 4.647775 
3569 9.462214 
3612 8.376467 
3655 9.476195 
3698 9.402449 
3741 6.829778 
3784 8.934831 
3827 8.193505 
3870 7.500473 
3913 7.072922 
3956 5.533892 
3999 4.888340 
4042 5.197066 
4085 4.881184 
4128 3.954190 
4171 6.876861 
4214 9.480118 
4257 16.920817 
4300 8.480893 
4343 10.398119 
4386 6.937601 
4429 4.883186 
4472 7.872425 
4515 11.350222 
4558 5.082252 
4601 3.516170 
4644 5.111956 
4687 2.011738 
4730 0.631182 
4773 -1.168340 
4816 -3.453213 
4859 -4.141996 
4902 -4.402972 
4945 -9.456838 
4988 0.133170 
5031 -6.622802 
5074 1.425991 
5117 -2.695947 
5160 -5.116539 
5203 9.111517 
5246 -12.743708 
5289 -26.452657 
5332 -4.157788 
5375 -6.515984 
5418 -7.826885 
5461 -7.760181 
5504 -8.060136 
5547 4.795482 
5590 -8.741271 
5633 -9.446541 
5676 -6.352908 
5719 -15.597489 
5762 -13.892281 
5805 -20.429369 
5848 -13.135538 
5891 -6.268925 
5934 -5.490089 
5977 -12.893391 
6020 -7.202657 
6063 -5.266320 
6106 0.532838 
6149 -2.467712 
6192 -3.522292 
6235 -2.390547 
6278 -0.574220 
6321 -1.236727 
6364 -1.561143 
6407 -4.058196 
6450 -2.682991 
6493 -4.060927 
6536 2.992695 
6579 1.383213 
6622 2.308815 
6665 6.223129 
6708 2.269688 
6751 3.370042 
6794 1.391107 
6837 -2.797915 
6880 0.655241 
6923 2.547412 
6966 1.483041 
7009 7.005801 
7052 -3.672532 
7095 -6.769479 
7138 1.194721 
7181 0.080836 
7224 0.224295 
7267 -1.498403 
7310 -0.686838 
7353 -1.908438 
7396 -1.127039 
7439 -0.726870 
7482 3.269891 
7525 0.282842 
7568 0.471766 
7611 4.661345 
7654 1.325475 
7697 5.281708 
7740 1.015788 
7783 6.856216 
7826 2.669911 
7869 1.807654 
7912 0.883064 
7955 -0.877172 
7998 -1.150827 
8041 -10.488376 
8084 -3.219391 
8127 -0.204563 
8170 -1.204780 
8213 2.809207 
8256 0.716218 
8299 -5.328064 
8342 -3.595757 
8385 -2.822120 
8428 -2.457873 
8471 -5.173547 
8514 -3.111621 
8557 -2.634638 
8600 -4.022101 
8643 -0.884576 
8686 -4.307902 
8729 -7.293009 
8772 -4.852397 
8815 -5.659399 
8858 -3.297319 
8901 -4.311551 
8944 -2.994406 
8987 0.614492 
9030 -1.279074 
9073 -2.022321 
9116 1.338897 
9159 -1.448700 
9202 -0.593066 
9245 -4.867547 
9288 2.651083 
9331 2.576644 
9374 2.401074 
9417 1.610468 
9460 1.537070 
9503 2.169724 
9546 3.645708 
9589 3.650660 
9632 0.686250 
9675 3.629522 
9718 3.038438 
9761 3.197539 
9804 3.576282 
9847 4.788185 
9890 4.533803 
9933 7.056920 
9976 -0.542208 
10019 3.902916 
10062 6.084715 
10105 9.179207 
10148 8.644229 
10191 7.963774 
10234 7.083002 
10277 3.678530 
10320 4.761804 
10363 7.719806 
10406 4.159269 
10449 1.244669 
10492 -1.647414 
10535 -3.450026 
10578 -2.642755 
10621 -6.665118 
10664 -1.258328 
10707 10.614586 
10750 11.675497 
10793 0.532887 
10836 -0.876987 
10879 -2.787724 
10922 -0.963770 
10965 2.627806 
11008 1.204187 
11051 1.721052 
11094 2.962028 
11137 -0.976277 
11180 2.266927 
11223 -3.622631 
11266 3.775140 
11309 2.826869 
11352 1.680153 
11395 -0.343161 
11438 -0.678056 
11481 1.063584 
11524 2.187226 
11567 -10.803710 
11610 1.345643 
11653 3.112327 
11696 -2.523262 
11739 -2.783441 
11782 -21.198106 
11825 -5.079169 
11868 -5.348845 
11911 -6.274022 
11954 -10.264063 
11997 -14.639795 
12040 -17.186960 
12083 -17.252016 
12126 -15.977916 
12169 -14.649526 
12212 -15.666305 
12255 -16.322007 
12298 -14.294745 
12341 -12.074965 
12384 -11.766808 
12427 -9.979826 
12470 -5.324429 
12513 12.277754 
12556 -18.600591 
12599 -7.284247 
12642 -20.827542 
12685 -24.399543 
12728 -30.909090 
12771 -17.836792 
12814 -11.941136 
12857 -11.501065 
12900 -11.800857 
12943 -12.338268 
12986 -13.816862 
13029 -15.075987 
13072 -11.708407 
13115 -13.712261 
13158 -13.307930 
13201 -19.659503 
13244 -12.608050 
13287 -31.448343 
13330 -15.639234 
13373 -15.993597 
13416 -13.737731 
13459 -15.997000 
13502 -17.970196 
13545 -18.477087 
13588 -14.247707 
13631 -8.033257 
13674 -3.145517 
13717 -11.396941 
13760 -12.904034 
13803 -16.677396 
13846 -22.576177 
13889 -21.117167 
13932 -19.263266 
13975 -8.685050 
14018 -19.213686 
14061 -36.947562 
14104 -26.527149 
14147 -22.634786 
14190 -20.065017 
14233 -15.540085 
14276 -18.044581 
14319 -11.555736 
14362 -16.995284 
14405 -19.085147 
14448 -14.535118 
14491 -12.860035 
14534 -19.093050 
14577 -20.567924 
14620 -18.110709 
14663 -21.152399 
14706 -25.354121 
14749 -33.922671 
14792 -13.255812 
14835 -27.627280 
14878 -32.347038 
14921 -39.493593 
14964 -22.762084 
