0 44.832746 
43 43.643382 
86 43.857508 
129 51.768462 
172 44.610453 
215 39.603498 
258 22.359934 
301 17.183422 
344 13.865521 
387 13.768970 
430 18.725513 
473 13.854691 
516 0.523182 
559 10.271191 
602 13.296148 
645 14.027605 
688 17.742561 
731 22.898518 
774 4.169325 
817 -0.370557 
860 -11.948901 
903 -2.806250 
946 -3.612164 
989 -8.236863 
1032 -12.356763 
1075 -10.825186 
1118 -12.691676 
1161 -4.249442 
1204 -11.204727 
1247 -19.054556 
1290 -15.413471 
1333 -10.542222 
1376 -7.572232 
1419 -17.868595 
1462 -11.550799 
1505 -4.441285 
1548 7.602093 
1591 -18.209036 
1634 -24.311784 
1677 -19.219580 
1720 -13.701404 
1763 -33.225488 
1806 -9.881473 
1849 -27.788815 
1892 -13.259455 
1935 -16.864764 
1978 -22.742583 
2021 -23.433088 
2064 -21.229570 
2107 -19.944628 
2150 -12.482300 
2193 -19.138791 
2236 -12.599523 
2279 -18.744274 
2322 -0.506204 
2365 -7.357316 
2408 -6.677535 
2451 -5.396043 
2494 -2.717897 
2537 2.194524 
2580 -6.336391 
2623 4.473521 
2666 -5.140867 
2709 -8.528007 
2752 -7.421248 
2795 -2.762271 
2838 -10.018045 
2881 -13.901260 
2924 -3.953650 
2967 5.496548 
3010 2.414011 
3053 0.597201 
3096 4.695005 
3139 7.149199 
3182 4.030874 
3225 -1.847700 
3268 1.099350 
3311 12.883572 
3354 3.034032 
3397 21.058168 
3440 3.269826 
3483 14.749318 
3526 5.621062 
3569 13.168784 
3612 4.673809 
3655 3.731255 
3698 3.591497 
3741 -1.785961 
3784 3.153937 
3827 1.374711 
3870 12.836129 
3913 3.813963 
3956 2.954757 
3999 1.075301 
4042 2.382026 
4085 3.413807 
4128 1.176687 
4171 -0.600856 
4214 0.812144 
4257 -2.654592 
4300 0.996024 
4343 1.231947 
4386 -8.955946 
4429 -2.557001 
4472 -1.006948 
4515 -4.033260 
4558 -10.628528 
4601 -7.245238 
4644 1.223104 
4687 -7.304415 
4730 -10.047248 
4773 -8.771660 
4816 -0.771988 
4859 0.114327 
4902 -5.780313 
4945 -3.948699 
4988 -12.689807 
5031 -20.453678 
5074 -11.967955 
5117 -0.159293 
5160 -9.231886 
5203 -2.349945 
5246 -10.464399 
5289 -6.415207 
5332 -3.406042 
5375 -3.173739 
5418 -7.825205 
5461 -9.286417 
5504 -10.519807 
5547 -7.501352 
5590 -7.294868 
5633 -7.212102 
5676 -10.333581 
5719 -1.079428 
5762 -10.078393 
5805 -14.808636 
5848 -8.303485 
5891 -2.930482 
5934 -1.953953 
5977 -6.771012 
6020 -2.572299 
6063 -14.612632 
6106 -16.127315 
6149 -10.431572 
6192 -2.347989 
6235 2.721116 
6278 -13.507666 
6321 -14.996616 
6364 -8.276555 
6407 -13.254533 
6450 -6.742039 
6493 -12.011179 
6536 -13.308110 
6579 -9.156239 
6622 -5.686526 
6665 -20.637236 
6708 -4.304775 
6751 -4.737206 
6794 -4.686556 
6837 -6.182405 
6880 -1.642757 
6923 4.295037 
6966 0.223759 
7009 -2.646116 
7052 -1.347520 
7095 -5.941033 
7138 -1.784783 
7181 -2.758816 
7224 -1.958244 
7267 -1.830004 
7310 -2.090261 
7353 14.449973 
7396 -2.212433 
7439 12.963987 
7482 -3.058729 
7525 6.109066 
7568 -2.559979 
7611 10.519475 
7654 -2.554325 
7697 0.607736 
7740 -8.517287 
7783 3.138021 
7826 -5.377666 
7869 -8.750633 
7912 -4.832303 
7955 -17.995122 
7998 -6.745607 
8041 -14.302612 
8084 -5.773193 
8127 -8.226433 
8170 -6.297672 
8213 -11.050964 
8256 -7.432076 
8299 -5.584576 
8342 -3.738757 
8385 -0.879188 
8428 -7.557863 
8471 17.248271 
8514 -6.624499 
8557 -11.567311 
8600 -8.194495 
8643 -12.514371 
8686 -8.404711 
8729 -11.479207 
8772 -6.687831 
8815 -5.513337 
8858 -6.218473 
8901 -20.430434 
8944 -4.696387 
8987 1.384399 
9030 -1.440389 
9073 -7.479685 
9116 -5.289068 
9159 -15.472369 
9202 -3.698799 
9245 2.451862 
9288 -3.595756 
9331 -3.760026 
9374 -0.822257 
9417 -3.159848 
9460 1.043370 
9503 -2.409112 
9546 -1.198470 
9589 -3.147308 
9632 1.203821 
9675 0.801044 
9718 1.255485 
9761 3.351506 
9804 3.830943 
9847 3.471027 
9890 2.226687 
9933 12.553736 
9976 0.854501 
10019 7.295901 
10062 0.189658 
10105 -4.779635 
10148 2.256596 
10191 -11.120576 
10234 1.155123 
10277 -5.699374 
10320 9.071394 
10363 0.236893 
10406 -1.198681 
10449 8.467270 
10492 -3.988030 
10535 -3.121061 
10578 -3.100352 
10621 -4.023398 
10664 -4.072877 
10707 -5.658758 
10750 -5.723694 
10793 -8.896991 
10836 -4.737155 
10879 -13.048179 
10922 -5.914271 
10965 -24.047340 
11008 -8.118280 
11051 -7.066297 
11094 -2.566563 
11137 -2.897717 
11180 -2.778476 
11223 0.170331 
11266 2.577140 
11309 6.332143 
11352 1.558989 
11395 -11.988016 
11438 -1.227255 
11481 4.317604 
11524 0.278791 
11567 -13.828217 
11610 -3.757305 
11653 -3.956480 
11696 -21.427035 
11739 -4.047405 
11782 -4.249890 
11825 3.843327 
11868 -10.934987 
11911 -10.799419 
11954 -3.234611 
11997 1.387897 
12040 -0.158262 
12083 -7.808584 
12126 -8.292831 
12169 -6.431287 
12212 -6.505724 
12255 0.001582 
12298 -10.493945 
12341 -13.664054 
12384 -12.893497 
12427 -16.478471 
12470 -12.963885 
12513 -20.012104 
12556 -13.487669 
12599 -20.799770 
12642 -17.784037 
12685 -5.606878 
12728 -17.461322 
12771 -13.730411 
12814 -20.194260 
12857 -19.994227 
12900 -14.739720 
12943 -17.930791 
12986 -18.722508 
13029 -22.025310 
13072 -18.375311 
13115 -18.833037 
13158 -14.498329 
13201 -15.229740 
13244 -27.291779 
13287 -32.109817 
13330 -27.112144 
13373 -25.982294 
13416 -18.225116 
13459 -22.681719 
13502 -13.291939 
13545 -22.371920 
13588 -20.617508 
13631 -19.953403 
13674 -25.067895 
13717 -16.697592 
13760 -30.211745 
13803 -35.518728 
13846 -23.630602 
13889 -12.677819 
13932 -23.729018 
13975 -17.975698 
14018 -20.415212 
14061 -18.739515 
14104 -20.653654 
14147 -4.369878 
14190 -29.494523 
14233 -16.165544 
14276 -24.726146 
14319 -24.023786 
14362 -24.823049 
14405 -18.683842 
14448 -27.945213 
14491 -18.121243 
14534 -26.342401 
14577 -32.304627 
14620 -31.976042 
14663 -30.343523 
14706 -27.600844 
14749 -23.832074 
14792 -15.759028 
14835 -27.579182 
14878 -24.734988 
14921 -24.687215 
14964 -18.610898 
