7998 -28.327863 
8041 -38.143818 
8084 -24.186811 
8127 -35.143622 
8170 -32.680784 
8213 -37.734806 
8256 -25.249078 
8299 -30.769076 
8342 -30.025043 
8385 -29.003928 
8428 -25.415985 
8471 -42.982692 
8514 -27.811782 
8557 -33.311678 
8600 -31.276451 
8643 -35.653111 
8686 -35.978143 
8729 -27.978793 
8772 -20.872262 
8815 -28.142356 
8858 -18.625952 
8901 -23.745562 
8944 -28.576399 
8987 -49.825185 
9030 -29.448045 
9073 -25.257240 
9116 -18.819999 
9159 -25.687098 
9202 -30.544960 
9245 -31.306123 
9288 -21.117883 
9331 -23.900846 
9374 -20.868641 
9417 -22.993170 
9460 -21.160933 
9503 -25.549302 
9546 -28.790265 
9589 -42.576943 
9632 -25.437538 
9675 -28.318126 
9718 -26.070879 
9761 -29.239900 
9804 -24.504038 
9847 -28.303531 
9890 -29.256046 
9933 -41.349431 
9976 -36.071673 
10019 -39.032768 
10062 -31.348931 
10105 -39.812021 
10148 -37.478181 
10191 -38.228236 
10234 -35.639387 
10277 -29.789578 
10320 -22.045658 
10363 -28.442831 
10406 -38.613931 
10449 -44.543908 
10492 -35.349422 
10535 -42.063771 
10578 -30.926229 
10621 -30.428495 
10664 -20.093988 
10707 -29.326764 
10750 -32.956745 
10793 -40.788538 
10836 -29.072149 
10879 -34.180664 
10922 -30.715934 
10965 -34.636402 
11008 -25.552146 
11051 -28.691842 
11094 -29.279042 
11137 -40.982706 
11180 -36.820750 
11223 -32.263347 
11266 -23.807231 
11309 -34.193603 
11352 -20.167290 
11395 -29.706555 
11438 -22.799211 
11481 -24.320959 
11524 -20.250447 
11567 -20.759728 
11610 -18.117591 
11653 -34.723130 
11696 -19.925729 
11739 -23.528637 
11782 -24.149233 
11825 -29.269264 
11868 -32.033080 
11911 -26.243362 
11954 -19.146636 
