0 7.732569 
43 -13.235343 
86 -13.523319 
129 -9.204187 
172 -7.920924 
215 -11.298149 
258 -3.970285 
301 -4.437873 
344 -18.962316 
387 6.750922 
430 -13.695192 
473 -5.521878 
516 -11.894167 
559 -15.650442 
602 -25.680882 
645 -14.371917 
688 -31.609357 
731 -25.560342 
774 -22.560008 
817 -14.391276 
860 -9.248547 
903 -2.602021 
946 4.870375 
989 -14.596250 
1032 -20.200178 
1075 -14.404429 
1118 -13.517338 
1161 -18.086713 
1204 -20.096142 
1247 -16.120649 
1290 -7.660626 
1333 -2.838690 
1376 -29.114770 
1419 6.504932 
1462 -14.454903 
1505 -10.087738 
1548 -11.738819 
1591 -13.675244 
1634 -9.058423 
1677 -5.097004 
1720 -6.284593 
1763 -6.587310 
1806 -9.206612 
1849 -12.158386 
1892 -12.696796 
1935 -11.222852 
1978 -25.018056 
2021 -18.594692 
2064 -14.406584 
2107 -17.798925 
2150 -12.851864 
2193 -14.386001 
2236 -10.823003 
2279 -22.704589 
2322 -9.886400 
2365 -12.648273 
2408 -7.196945 
2451 -11.015249 
2494 -9.209902 
2537 -14.629497 
2580 -9.968991 
2623 -0.323964 
2666 -7.076278 
2709 -18.992833 
2752 -5.301076 
2795 -2.211130 
2838 -2.045288 
2881 -0.225105 
2924 -6.093210 
2967 -6.038951 
3010 -3.722772 
3053 -5.391811 
3096 -2.713404 
3139 3.287940 
3182 -2.024736 
3225 1.701154 
3268 -0.920101 
3311 -5.060159 
3354 -0.759814 
3397 -0.915359 
3440 -0.688374 
3483 0.459021 
3526 -0.637224 
3569 -12.482207 
3612 -0.291195 
3655 -2.722504 
3698 -0.856609 
3741 -9.166710 
3784 0.934660 
3827 1.150708 
3870 -3.663378 
3913 4.164261 
3956 2.978530 
3999 4.953517 
4042 0.822838 
4085 4.664509 
4128 3.322874 
4171 -0.173097 
4214 2.784449 
4257 0.560548 
4300 1.644729 
4343 4.267655 
4386 2.739995 
4429 1.517086 
4472 0.939171 
4515 -0.331461 
4558 2.749737 
4601 2.609852 
4644 2.639399 
4687 16.623356 
4730 3.032091 
4773 -0.798814 
4816 2.859409 
4859 0.354245 
4902 2.898813 
4945 4.178553 
4988 2.105364 
5031 -2.728963 
5074 -0.246291 
5117 1.270952 
5160 0.066846 
5203 0.616970 
5246 0.623682 
5289 -1.596498 
5332 0.743563 
5375 -1.386846 
5418 -0.486577 
5461 -1.733582 
5504 -1.062405 
5547 -3.620464 
5590 -1.288124 
5633 -9.833216 
5676 -1.720161 
5719 -3.473843 
5762 -2.274884 
5805 8.272050 
5848 -2.867198 
5891 -0.325505 
5934 -1.373193 
5977 -6.659578 
6020 -2.988777 
6063 -3.710577 
6106 -0.381571 
6149 -8.289480 
6192 -4.829944 
6235 0.354303 
6278 -3.195478 
6321 -2.104337 
6364 -5.243318 
6407 -4.484634 
6450 -8.357836 
6493 -4.180577 
6536 -7.091302 
6579 -8.046679 
6622 -21.566693 
6665 -5.441999 
6708 -6.501315 
6751 -14.833933 
6794 -6.157714 
6837 -9.312160 
6880 -8.172709 
6923 -5.122125 
6966 -4.586466 
7009 -9.078079 
7052 -7.217588 
7095 -14.585921 
7138 -6.237019 
7181 -6.911681 
7224 -7.467606 
7267 -8.103501 
7310 -6.754448 
7353 -8.424405 
7396 -9.262038 
7439 -14.090428 
7482 -10.840132 
7525 -9.124800 
7568 -11.207514 
7611 -16.668380 
7654 -13.440482 
7697 -17.190189 
7740 -14.690637 
7783 -22.587186 
7826 -14.420120 
7869 -18.740889 
7912 -16.123866 
7955 -17.775301 
7998 -17.004047 
8041 -20.446634 
8084 -16.028940 
8127 -18.150682 
8170 -19.956539 
8213 -22.831346 
8256 -21.083837 
8299 -27.334223 
8342 -20.550386 
8385 -21.295986 
8428 -21.498562 
8471 -18.435906 
8514 -21.985890 
8557 -15.927006 
8600 -18.775495 
8643 -13.650732 
8686 -18.804530 
8729 -18.559813 
8772 -24.418020 
8815 -27.337856 
8858 -22.802867 
8901 -21.523827 
8944 -20.651096 
8987 -21.928227 
9030 -35.618025 
9073 -26.516292 
9116 -24.373960 
9159 -24.130770 
9202 -21.116646 
9245 -39.611417 
9288 -26.517879 
9331 -28.762838 
9374 -32.970006 
9417 -25.525451 
9460 -27.076018 
9503 -27.034968 
9546 -32.207713 
9589 -37.171216 
9632 -33.103599 
9675 -26.774981 
9718 -29.449871 
9761 -33.865257 
9804 -32.303885 
9847 -30.001008 
9890 -28.892746 
9933 -27.757957 
9976 -34.269866 
10019 -24.699058 
10062 -22.664730 
10105 -27.344674 
10148 -14.737801 
10191 -22.901351 
10234 -21.716374 
10277 -20.909482 
10320 -22.090433 
10363 -21.449750 
10406 -21.974448 
10449 -19.653515 
10492 -20.253380 
10535 -20.528093 
10578 -19.142501 
10621 -27.377125 
10664 -32.543000 
10707 -31.361174 
10750 -21.471067 
10793 -21.000353 
10836 -24.628723 
10879 -23.755586 
10922 -28.215184 
10965 -9.913490 
11008 -17.142742 
11051 -14.985792 
11094 -12.760306 
11137 -15.362981 
11180 -13.152978 
11223 -10.311812 
11266 -12.897393 
11309 -21.122944 
11352 -11.242647 
11395 -2.517850 
11438 -12.077687 
11481 -13.679749 
11524 -11.268667 
11567 -13.266043 
11610 -13.692486 
11653 -23.193660 
11696 -14.309365 
11739 -17.518205 
11782 -18.753876 
11825 -13.436535 
11868 -17.178919 
11911 -16.746089 
11954 -18.248487 
11997 -20.985102 
12040 -16.807244 
12083 -21.969025 
12126 -19.618593 
12169 -19.999916 
12212 -24.916211 
12255 -25.395772 
12298 -13.321913 
12341 -0.155753 
12384 -23.423667 
12427 -24.025001 
12470 -22.824408 
12513 -21.275465 
12556 -22.157031 
12599 -12.416152 
12642 -27.504343 
12685 -32.740068 
12728 -26.286925 
12771 -28.102974 
12814 -27.322442 
12857 -26.609957 
12900 -31.075306 
12943 -35.899414 
12986 -29.534348 
13029 -19.469679 
13072 -32.616573 
13115 -31.740877 
13158 -34.607480 
13201 -17.928215 
13244 -30.007817 
13287 -24.986270 
13330 -38.194825 
13373 -41.545088 
13416 -40.876792 
13459 -36.717619 
13502 -33.847943 
13545 -45.160393 
13588 -26.921133 
13631 -22.294192 
13674 -24.948368 
13717 -30.354197 
13760 -23.467214 
13803 -30.492360 
13846 -30.828521 
13889 -34.975572 
13932 -36.032136 
13975 -25.161758 
14018 -26.501565 
14061 -25.852827 
14104 -36.236071 
14147 -38.434095 
14190 -29.080008 
14233 -34.314809 
14276 -33.602816 
14319 -38.614215 
14362 -33.966274 
14405 -37.018163 
14448 -25.164028 
14491 -35.923589 
14534 -30.741852 
14577 -35.195121 
14620 -27.367214 
14663 -29.885975 
14706 -31.479620 
14749 -39.492630 
14792 -36.365585 
14835 -34.857702 
14878 -28.106528 
14921 -27.856106 
14964 -47.340493 
