7998 4.924174 
8041 1.458324 
8084 5.051881 
8127 7.092755 
8170 7.579633 
8213 6.614037 
8256 7.628304 
8299 4.821570 
8342 6.171426 
8385 6.900659 
8428 3.965510 
8471 4.146233 
8514 3.120626 
8557 3.889718 
8600 4.529132 
8643 5.770043 
8686 4.772958 
8729 5.165287 
8772 5.674475 
8815 2.558333 
8858 2.731912 
8901 3.332790 
8944 3.526532 
8987 3.365222 
9030 3.319602 
9073 3.887355 
9116 4.207980 
9159 6.724476 
9202 2.405611 
9245 3.455224 
9288 2.533876 
9331 3.734282 
9374 3.832951 
9417 4.197934 
9460 4.356476 
9503 4.811966 
9546 3.859374 
9589 3.865228 
9632 3.750280 
9675 4.607338 
9718 4.587633 
9761 4.666392 
9804 5.231597 
9847 4.920763 
9890 4.817330 
9933 4.833229 
9976 3.014491 
10019 3.004255 
10062 3.078515 
10105 2.493301 
10148 2.275905 
10191 2.944795 
10234 4.409567 
10277 4.684317 
10320 5.120899 
10363 4.838599 
10406 2.870951 
10449 4.338633 
10492 3.681856 
10535 3.960346 
10578 3.742498 
10621 2.627215 
10664 2.138704 
10707 2.500240 
10750 2.935139 
10793 2.525834 
10836 2.189607 
10879 1.941339 
10922 2.040507 
10965 2.485156 
11008 2.929642 
11051 2.303733 
11094 2.264520 
11137 2.011791 
11180 0.398067 
11223 1.461014 
11266 1.416551 
11309 1.384849 
11352 2.307093 
11395 0.622692 
11438 0.325625 
11481 0.083992 
11524 -0.186994 
11567 0.446246 
11610 1.384030 
11653 -0.172786 
11696 -0.726087 
11739 -5.645523 
11782 -2.410534 
11825 2.050088 
11868 -1.092185 
11911 -3.082844 
11954 -8.548953 
11997 -9.416311 
12040 -15.353020 
12083 -17.558643 
12126 -20.722739 
12169 -15.850140 
12212 -10.634569 
12255 -4.910906 
12298 -7.301986 
12341 -9.453682 
12384 -2.842632 
12427 -5.779639 
12470 -3.167454 
12513 1.543649 
12556 4.119787 
12599 17.543836 
12642 9.931398 
12685 6.668413 
12728 9.552544 
12771 10.201072 
12814 13.006328 
12857 9.741557 
12900 14.664365 
12943 10.531139 
12986 7.611209 
13029 6.515295 
13072 5.424966 
13115 5.966985 
13158 6.818174 
13201 5.267531 
13244 6.122673 
13287 7.494220 
13330 8.112604 
13373 8.119926 
13416 8.508395 
13459 9.612203 
13502 10.918278 
13545 9.650598 
13588 7.517123 
13631 10.559459 
13674 9.694225 
13717 10.367781 
13760 12.684934 
13803 24.229831 
13846 13.728391 
13889 10.092449 
13932 3.901277 
13975 3.289131 
14018 8.545043 
14061 8.745500 
14104 8.420760 
14147 8.018870 
14190 11.293157 
14233 10.280760 
14276 7.892302 
14319 7.215827 
14362 7.188963 
14405 10.934410 
14448 -3.370641 
14491 4.885721 
14534 7.231990 
14577 5.932889 
14620 3.392708 
14663 4.545504 
14706 20.642054 
14749 7.941108 
14792 6.093755 
14835 6.532989 
14878 5.473520 
14921 9.659354 
14964 7.213581 
