7998 2.125304 
8041 2.895519 
8084 3.964891 
8127 2.621960 
8170 2.731673 
8213 1.905593 
8256 3.909953 
8299 0.962156 
8342 0.269848 
8385 0.312953 
8428 2.526522 
8471 5.053388 
8514 3.049070 
8557 2.026999 
8600 -0.763924 
8643 -8.277422 
8686 0.829217 
8729 -5.195979 
8772 2.280131 
8815 2.615414 
8858 2.806768 
8901 3.330191 
8944 1.662769 
8987 1.979767 
9030 1.406680 
9073 0.983694 
9116 0.181865 
9159 -0.580717 
9202 -3.939556 
9245 1.353289 
9288 -12.663806 
9331 -4.837604 
9374 -3.822045 
9417 -8.351913 
9460 -10.231686 
9503 -9.469324 
9546 -4.792387 
9589 -3.130874 
9632 -4.039663 
9675 -10.159772 
9718 -10.741596 
9761 22.653391 
9804 1.555846 
9847 -6.078628 
9890 -21.354130 
9933 -7.199380 
9976 3.903432 
10019 4.565452 
10062 6.343662 
10105 2.690683 
10148 -2.003697 
10191 1.613677 
10234 6.035170 
10277 3.089677 
10320 2.717198 
10363 3.420036 
10406 6.323398 
10449 8.756507 
10492 7.338646 
10535 6.336517 
10578 0.025889 
10621 8.090756 
10664 6.468702 
10707 8.459646 
10750 4.037251 
10793 3.417370 
10836 3.217286 
10879 0.150643 
10922 -0.657810 
10965 0.261521 
11008 1.834547 
11051 -3.627074 
11094 -1.871484 
11137 -1.034474 
11180 -0.638039 
11223 0.583532 
11266 0.941850 
11309 2.935581 
11352 0.408865 
11395 -1.942076 
11438 -0.777228 
11481 0.884406 
11524 -0.159473 
11567 -0.000435 
11610 1.321402 
11653 1.545389 
11696 -0.488093 
11739 -1.330051 
11782 -2.085153 
11825 -2.321051 
11868 -2.968726 
11911 -4.712582 
11954 -6.557432 
11997 -9.538147 
12040 -3.428378 
12083 -8.031627 
12126 -8.335087 
12169 -9.806679 
12212 -10.908737 
12255 -12.123436 
12298 -11.898280 
12341 -10.559793 
12384 -6.629424 
12427 -10.228730 
12470 -8.581664 
12513 -9.125882 
12556 -16.516316 
12599 -11.330825 
12642 -8.314855 
12685 -6.312400 
12728 -4.775780 
12771 -4.840521 
12814 -3.769991 
12857 -2.079827 
12900 -3.087255 
12943 -3.130464 
12986 -8.136844 
13029 -5.100989 
13072 0.860612 
13115 1.553241 
13158 2.126576 
13201 -2.724040 
13244 -3.830729 
13287 -5.982097 
13330 -12.861208 
13373 -4.058596 
13416 8.396638 
13459 6.785797 
13502 16.113110 
13545 17.391773 
13588 14.754880 
13631 16.790051 
13674 16.909771 
13717 12.699430 
13760 12.030949 
13803 11.688134 
13846 9.807616 
13889 12.745345 
13932 16.969419 
13975 12.113899 
14018 11.844000 
14061 16.263666 
14104 14.745311 
14147 15.698904 
14190 13.254818 
14233 13.762155 
14276 9.320599 
14319 10.706661 
14362 1.626983 
14405 -1.290671 
14448 -6.515302 
14491 17.394589 
14534 17.280993 
14577 5.548884 
14620 8.312106 
14663 8.913202 
14706 10.365368 
14749 10.829004 
14792 12.733320 
14835 11.973850 
14878 2.947653 
14921 8.666104 
14964 7.939854 
