7998 6.184570 
8041 9.250366 
8084 8.686273 
8127 8.324329 
8170 7.555703 
8213 7.727088 
8256 7.898217 
8299 7.562998 
8342 8.114983 
8385 7.734556 
8428 7.191324 
8471 7.557746 
8514 7.195197 
8557 6.451064 
8600 5.851537 
8643 7.694400 
8686 7.958655 
8729 8.919578 
8772 7.535532 
8815 9.904496 
8858 8.816677 
8901 9.095516 
8944 10.808189 
8987 6.610706 
9030 6.961141 
9073 7.175209 
9116 6.700252 
9159 4.741183 
9202 5.428903 
9245 5.474543 
9288 6.736533 
9331 6.662056 
9374 5.332740 
9417 5.204220 
9460 4.357038 
9503 4.567051 
9546 4.834040 
9589 4.561382 
9632 3.809836 
9675 4.105989 
9718 5.125699 
9761 5.928317 
9804 5.432415 
9847 5.461716 
9890 6.934820 
9933 5.804274 
9976 5.083931 
10019 6.329187 
10062 6.951987 
10105 7.049624 
10148 6.544905 
10191 5.578377 
10234 6.566611 
10277 6.418700 
10320 5.105307 
10363 7.174744 
10406 7.201472 
10449 7.768872 
10492 8.327469 
10535 7.855915 
10578 6.851941 
10621 6.829648 
10664 6.819848 
10707 7.549840 
10750 7.248704 
10793 6.825888 
10836 6.500728 
10879 5.824992 
10922 4.600455 
10965 4.932950 
11008 5.580609 
11051 4.763256 
11094 3.251177 
11137 1.801588 
11180 2.303185 
11223 2.211196 
11266 2.465604 
11309 1.730643 
11352 0.789675 
11395 -5.967542 
11438 -0.663165 
11481 0.716602 
11524 -0.597833 
11567 -0.593139 
11610 -0.850256 
11653 -1.616901 
11696 -3.389716 
11739 -0.071880 
11782 -2.350094 
11825 -6.270602 
11868 -0.521527 
11911 -1.486400 
11954 -4.039967 
11997 -2.993663 
12040 -2.876803 
12083 -2.184145 
12126 -6.914153 
12169 -9.536899 
12212 -3.678178 
12255 -15.022148 
12298 3.685135 
12341 2.379260 
12384 18.960645 
12427 -0.420212 
12470 -0.922046 
12513 0.133840 
12556 -1.877667 
12599 0.906338 
12642 10.509995 
12685 21.024595 
12728 13.318884 
12771 20.972838 
12814 5.744241 
12857 7.530658 
12900 11.279672 
12943 13.634830 
12986 15.884482 
13029 18.063458 
13072 6.802718 
13115 12.740550 
13158 16.489428 
13201 4.106920 
13244 14.364181 
13287 15.951082 
13330 15.572954 
13373 14.284842 
13416 15.680395 
13459 14.347755 
13502 12.558970 
13545 13.829707 
13588 10.091091 
13631 9.682060 
13674 11.927380 
13717 13.842527 
13760 15.272967 
13803 15.010800 
13846 14.468860 
13889 13.453087 
13932 11.781777 
13975 8.210231 
14018 9.463436 
14061 10.580430 
14104 2.917277 
14147 8.651043 
14190 7.241937 
14233 11.347457 
14276 14.678769 
14319 12.005027 
14362 8.400144 
14405 9.324350 
14448 9.662540 
14491 8.272915 
14534 8.873008 
14577 3.804027 
14620 9.360099 
14663 13.540779 
14706 -3.584605 
14749 11.950152 
14792 19.868252 
14835 12.343806 
14878 -2.475132 
14921 -8.313949 
14964 8.575396 
