7998 -39.369611 
8041 -46.116089 
8084 -36.573201 
8127 -38.356984 
8170 -36.565722 
8213 -36.815165 
8256 -33.919395 
8299 -43.877697 
8342 -33.795123 
8385 -37.695573 
8428 -39.225823 
8471 -45.214776 
8514 -37.830514 
8557 -47.549440 
8600 -43.879201 
8643 -39.074794 
8686 -34.093305 
8729 -55.593511 
8772 -32.817709 
8815 -44.709780 
8858 -31.811621 
8901 -38.322944 
8944 -50.199263 
8987 -44.950491 
9030 -35.748224 
9073 -42.561176 
9116 -44.868320 
9159 -38.810238 
9202 -30.179814 
9245 -34.149460 
9288 -36.107294 
9331 -37.069184 
9374 -33.081573 
9417 -35.276028 
9460 -31.531193 
9503 -35.194577 
9546 -36.338759 
9589 -42.653399 
9632 -44.909472 
9675 -44.486149 
9718 -38.949757 
9761 -36.421615 
9804 -32.133845 
9847 -48.415076 
9890 -35.781891 
9933 -37.447181 
9976 -36.352992 
10019 -37.130239 
10062 -34.815865 
10105 -42.030937 
10148 -37.186928 
10191 -50.068665 
10234 -43.549993 
10277 -49.915263 
10320 -58.508528 
10363 -44.121564 
10406 -37.401810 
10449 -40.832639 
10492 -41.811571 
10535 -44.938525 
10578 -45.749729 
10621 -46.034404 
10664 -42.661773 
10707 -49.204816 
10750 -43.097672 
10793 -46.121651 
10836 -45.076142 
10879 -46.642475 
10922 -45.386960 
10965 -48.946553 
11008 -50.524167 
11051 -58.748278 
11094 -47.498706 
11137 -45.739039 
11180 -36.075704 
11223 -38.003453 
11266 -37.179308 
11309 -47.083046 
11352 -41.053231 
11395 -52.718723 
11438 -40.694448 
11481 -48.826972 
11524 -35.712876 
11567 -43.471982 
11610 -38.640978 
11653 -42.359039 
11696 -43.969283 
11739 -47.559469 
11782 -38.459409 
11825 -44.756015 
11868 -37.621566 
11911 -41.669015 
11954 -43.817931 
