7998 -32.195646 
8041 -42.650348 
8084 -40.854961 
8127 -49.229554 
8170 -50.791001 
8213 -52.214006 
8256 -45.255432 
8299 -56.360901 
8342 -48.427965 
8385 -42.818110 
8428 -37.268265 
8471 -44.750978 
8514 -55.106582 
8557 -44.901829 
8600 -38.659573 
8643 -50.119195 
8686 -46.982346 
8729 -44.128520 
8772 -34.873467 
8815 -45.533603 
8858 -44.270113 
8901 -46.994066 
8944 -46.581989 
8987 -47.493096 
9030 -44.313605 
9073 -53.802402 
9116 -52.912316 
9159 -55.863144 
9202 -56.472567 
9245 -46.599991 
9288 -39.645048 
9331 -54.767373 
9374 -39.369273 
9417 -44.017914 
9460 -46.507691 
9503 -51.417590 
9546 -45.251605 
9589 -49.398571 
9632 -50.704479 
9675 -58.422908 
9718 -50.720674 
9761 -43.786115 
9804 -38.206028 
9847 -55.811547 
9890 -40.513883 
9933 -42.706233 
9976 -37.443916 
10019 -42.972993 
10062 -49.227412 
10105 -49.781080 
10148 -40.992028 
10191 -44.594568 
10234 -41.444733 
10277 -44.545960 
10320 -43.862043 
10363 -49.170975 
10406 -51.787409 
10449 -53.424316 
10492 -43.252006 
10535 -42.249708 
10578 -38.136128 
10621 -47.792050 
10664 -50.537441 
10707 -56.898397 
10750 -48.845485 
10793 -54.407297 
10836 -42.193011 
10879 -66.027220 
10922 -41.378416 
10965 -55.529421 
11008 -43.697990 
11051 -48.995887 
11094 -37.196814 
11137 -43.742026 
11180 -54.239097 
11223 -60.631163 
11266 -67.457374 
11309 -64.807223 
11352 -61.103477 
11395 -50.305185 
11438 -42.804695 
11481 -45.643425 
11524 -43.157597 
11567 -45.726717 
11610 -45.340201 
11653 -41.582303 
11696 -36.754839 
11739 -58.960609 
11782 -38.589137 
11825 -50.463853 
11868 -45.676039 
11911 -65.263446 
11954 -47.954220 
