7998 -29.072808 
8041 -33.022888 
8084 -33.231452 
8127 -32.525075 
8170 -28.381768 
8213 -36.398505 
8256 -35.691337 
8299 -46.401225 
8342 -34.618526 
8385 -49.034155 
8428 -33.321163 
8471 -40.063957 
8514 -29.142308 
8557 -31.001462 
8600 -26.060775 
8643 -31.618071 
8686 -34.262946 
8729 -37.112829 
8772 -33.637074 
8815 -40.647660 
8858 -32.031812 
8901 -32.259134 
8944 -23.966938 
8987 -32.784554 
9030 -23.061330 
9073 -26.033023 
9116 -24.939615 
9159 -35.238887 
9202 -35.604501 
9245 -31.911202 
9288 -26.607702 
9331 -28.955233 
9374 -25.348456 
9417 -31.944524 
9460 -40.113319 
9503 -35.243077 
9546 -28.162191 
9589 -34.453862 
9632 -29.214979 
9675 -38.969619 
9718 -41.383378 
9761 -50.969287 
9804 -44.635496 
9847 -39.505546 
9890 -34.471499 
9933 -31.025461 
9976 -26.386376 
10019 -35.325036 
10062 -38.863066 
10105 -27.788505 
10148 -21.388319 
10191 -29.728481 
10234 -37.139935 
10277 -43.744952 
10320 -34.785530 
10363 -31.624675 
10406 -26.207885 
10449 -34.944417 
10492 -27.775885 
10535 -33.521497 
10578 -35.186138 
10621 -30.421334 
10664 -25.473564 
10707 -22.885110 
10750 -18.752829 
10793 -21.946207 
10836 -22.392176 
10879 -30.265066 
10922 -25.947795 
10965 -27.305779 
11008 -22.088364 
11051 -20.121034 
11094 -16.020661 
11137 -24.160739 
11180 -34.433129 
11223 -25.329256 
11266 -18.728451 
11309 -19.421444 
11352 -16.734750 
11395 -20.444675 
11438 -20.922580 
11481 -23.826877 
11524 -20.351744 
11567 -23.759151 
11610 -16.990592 
11653 -26.986160 
11696 -28.752676 
11739 -28.292065 
11782 -19.909855 
11825 -30.135931 
11868 -30.860763 
11911 -35.418953 
11954 -27.125376 
