7998 -49.907682 
8041 -61.402906 
8084 -47.170236 
8127 -52.634906 
8170 -56.678678 
8213 -54.237742 
8256 -45.998526 
8299 -50.078021 
8342 -51.500615 
8385 -55.137105 
8428 -54.271770 
8471 -60.182870 
8514 -53.808395 
8557 -54.967578 
8600 -48.741006 
8643 -59.443307 
8686 -50.501491 
8729 -68.994760 
8772 -49.599693 
8815 -51.986500 
8858 -50.587308 
8901 -61.335766 
8944 -48.231588 
8987 -53.816096 
9030 -58.268695 
9073 -64.679196 
9116 -51.204982 
9159 -54.226669 
9202 -55.928671 
9245 -58.419062 
9288 -52.154249 
9331 -54.943265 
9374 -50.110402 
9417 -57.376132 
9460 -77.133076 
9503 -55.952302 
9546 -48.720327 
9589 -52.068302 
9632 -51.515825 
9675 -54.337855 
9718 -55.250589 
9761 -57.243426 
9804 -56.379725 
9847 -54.823119 
9890 -50.446911 
9933 -61.860541 
9976 -50.044940 
10019 -56.024869 
10062 -61.262744 
10105 -63.289116 
10148 -52.789694 
10191 -56.277258 
10234 -56.543168 
10277 -63.742720 
10320 -61.612351 
10363 -62.180435 
10406 -57.457073 
10449 -59.297688 
10492 -48.119093 
10535 -56.686048 
10578 -61.897288 
10621 -54.742448 
10664 -47.259103 
10707 -52.191869 
10750 -52.531518 
10793 -60.414097 
10836 -46.908692 
10879 -53.266645 
10922 -57.969718 
10965 -60.695872 
11008 -59.560098 
11051 -61.007410 
11094 -54.117040 
11137 -70.342245 
11180 -54.846718 
11223 -57.012995 
11266 -52.912253 
11309 -51.377898 
11352 -47.654943 
11395 -52.490913 
11438 -52.627810 
11481 -66.047244 
11524 -55.238486 
11567 -55.328637 
11610 -51.709900 
11653 -57.407362 
11696 -51.630213 
11739 -53.804704 
11782 -50.790056 
11825 -53.369979 
11868 -53.382404 
11911 -54.096553 
11954 -45.784024 
