7998 -47.307341 
8041 -59.807435 
8084 -51.695471 
8127 -54.185168 
8170 -49.223677 
8213 -53.979425 
8256 -56.430341 
8299 -62.529880 
8342 -54.427535 
8385 -53.049040 
8428 -46.112327 
8471 -64.043675 
8514 -49.118157 
8557 -49.597961 
8600 -45.026744 
8643 -51.166753 
8686 -61.298275 
8729 -56.940570 
8772 -52.144659 
8815 -59.978164 
8858 -54.059688 
8901 -45.689603 
8944 -37.379863 
8987 -45.783020 
9030 -51.012407 
9073 -55.365812 
9116 -57.512669 
9159 -66.093230 
9202 -77.724555 
9245 -62.438817 
9288 -55.808554 
9331 -62.835648 
9374 -60.300035 
9417 -62.306694 
9460 -58.232935 
9503 -53.444217 
9546 -44.877290 
9589 -53.947838 
9632 -51.497358 
9675 -55.716575 
9718 -50.623874 
9761 -55.645412 
9804 -60.395000 
9847 -59.000423 
9890 -53.315012 
9933 -61.616285 
9976 -60.041934 
10019 -77.739598 
10062 -57.412811 
10105 -59.877346 
10148 -48.608577 
10191 -53.960017 
10234 -58.314160 
10277 -56.037187 
10320 -49.635377 
10363 -58.198262 
10406 -63.014450 
10449 -65.663554 
10492 -64.624470 
10535 -57.638877 
10578 -48.809907 
10621 -55.221717 
10664 -65.991780 
10707 -60.829150 
10750 -54.568791 
10793 -58.026115 
10836 -59.629631 
10879 -76.850093 
10922 -60.070158 
10965 -60.680460 
11008 -56.768456 
11051 -64.806252 
11094 -53.953207 
11137 -61.210310 
11180 -72.583934 
11223 -66.448261 
11266 -61.287744 
11309 -65.010815 
11352 -58.812682 
11395 -61.799498 
11438 -58.112467 
11481 -65.855755 
11524 -58.980227 
11567 -67.126897 
11610 -65.962698 
11653 -62.068071 
11696 -56.129131 
11739 -59.669300 
11782 -55.666272 
11825 -58.246649 
11868 -49.080822 
11911 -56.451116 
11954 -58.686838 
