0 20.081306 
43 9.306659 
86 4.184432 
129 -10.081854 
172 -11.920592 
215 -13.573828 
258 -15.947611 
301 -14.498716 
344 -19.183564 
387 -6.743534 
430 -13.287299 
473 -11.784787 
516 -12.210824 
559 -10.727300 
602 -10.989308 
645 -12.244410 
688 -23.596544 
731 -9.908392 
774 -8.962576 
817 -6.946620 
860 -7.521904 
903 -9.108179 
946 -13.651216 
989 -10.355964 
1032 -7.923601 
1075 -5.190171 
1118 -5.052753 
1161 -3.696356 
1204 -8.763876 
1247 -9.069810 
1290 -6.043485 
1333 -6.370644 
1376 -5.504787 
1419 -5.405684 
1462 -5.435818 
1505 -5.340848 
1548 -1.504734 
1591 -2.310607 
1634 -2.864689 
1677 -0.243494 
1720 3.672886 
1763 -13.196481 
1806 -2.919317 
1849 -3.070731 
1892 -0.858683 
1935 1.553110 
1978 0.136358 
2021 -0.926418 
2064 1.782204 
2107 0.263915 
2150 -0.135330 
2193 4.488466 
2236 -0.079624 
2279 -0.688193 
2322 -0.586551 
2365 1.214373 
2408 0.049458 
2451 -0.027273 
2494 -0.342248 
2537 -0.320310 
2580 -3.003646 
2623 0.479152 
2666 0.595181 
2709 -0.593716 
2752 3.544591 
2795 4.067730 
2838 7.557826 
2881 5.226634 
2924 3.092138 
2967 -0.349421 
3010 1.815788 
3053 -0.250707 
3096 5.432935 
3139 4.374768 
3182 8.905384 
3225 -2.124789 
3268 4.261025 
3311 2.134973 
3354 2.150157 
3397 2.099208 
3440 0.685781 
3483 -1.735316 
3526 0.076520 
3569 2.263761 
3612 5.332133 
3655 3.992467 
3698 3.363775 
3741 3.708737 
3784 3.811188 
3827 4.229806 
3870 3.950489 
3913 -4.881883 
3956 7.577107 
3999 5.944863 
4042 5.522285 
4085 5.263892 
4128 13.851678 
4171 8.009406 
4214 3.939292 
4257 25.015850 
4300 10.631152 
4343 10.909289 
4386 12.681506 
4429 2.328218 
4472 4.716063 
4515 4.682285 
4558 4.713153 
4601 5.070071 
4644 5.115761 
4687 0.186397 
4730 3.358381 
4773 4.602811 
4816 -3.280650 
4859 9.681658 
4902 12.342516 
4945 -11.296083 
4988 -2.025683 
5031 -2.683901 
5074 0.028741 
5117 10.642099 
5160 7.051192 
5203 0.583818 
5246 16.260420 
5289 6.159312 
5332 5.818149 
5375 5.497492 
5418 6.421287 
5461 8.017913 
5504 9.135450 
5547 3.325005 
5590 4.045821 
5633 3.503631 
5676 6.023361 
5719 10.070118 
5762 16.141496 
5805 13.175267 
5848 10.323400 
5891 11.089647 
5934 9.887162 
5977 6.625538 
6020 7.617229 
6063 7.881028 
6106 11.843730 
6149 12.697836 
6192 8.131223 
6235 10.567915 
6278 5.187306 
6321 3.751851 
6364 7.165158 
6407 4.636405 
6450 6.204488 
6493 3.529023 
6536 1.804949 
6579 4.951298 
6622 7.393365 
6665 10.541112 
6708 16.217028 
6751 14.683251 
6794 13.508151 
6837 9.816938 
6880 7.526394 
6923 14.055088 
6966 5.858531 
7009 5.294171 
7052 2.083244 
7095 0.350616 
7138 18.311509 
7181 20.455069 
7224 15.274479 
7267 11.953072 
7310 4.914150 
7353 6.356634 
7396 6.364009 
7439 7.172463 
7482 12.911893 
7525 13.301212 
7568 10.653527 
7611 7.633080 
7654 5.783616 
7697 9.467083 
7740 13.093162 
7783 9.016396 
7826 8.928491 
7869 7.170771 
7912 2.053081 
7955 7.973312 
7998 10.113146 
8041 8.061900 
8084 -2.449801 
8127 6.641852 
8170 11.716358 
8213 24.621535 
8256 15.123796 
8299 13.722244 
8342 15.014649 
8385 13.587929 
8428 10.236014 
8471 10.564501 
8514 7.892760 
8557 10.738386 
8600 13.002339 
8643 13.931328 
8686 7.192575 
8729 -1.801991 
8772 7.800709 
8815 3.134234 
8858 5.906174 
8901 6.254376 
8944 6.584774 
8987 7.864023 
9030 15.487008 
9073 17.949594 
9116 10.754022 
9159 10.543589 
9202 13.291078 
9245 7.179624 
9288 15.146462 
9331 7.862751 
9374 7.568715 
9417 5.000098 
9460 7.611262 
9503 6.666276 
9546 6.674701 
9589 2.558552 
9632 -0.408004 
9675 -4.186867 
9718 -0.115628 
9761 10.431680 
9804 17.006603 
9847 14.249245 
9890 11.874206 
9933 9.961579 
9976 5.639928 
10019 11.250207 
10062 10.604516 
10105 5.410870 
10148 9.240242 
10191 8.787332 
10234 9.505006 
10277 10.290995 
10320 6.361069 
10363 0.000623 
10406 7.228383 
10449 8.957363 
10492 11.481376 
10535 13.130464 
10578 27.462096 
10621 14.028078 
10664 15.901429 
10707 14.646378 
10750 9.931250 
10793 21.004526 
10836 13.000326 
10879 14.046213 
10922 12.116155 
10965 8.654840 
11008 22.301127 
11051 13.822089 
11094 8.233947 
11137 13.120183 
11180 15.594284 
11223 13.327890 
11266 12.087083 
11309 13.026360 
11352 16.178666 
11395 15.878094 
11438 4.350738 
11481 7.403314 
11524 11.102381 
11567 17.747750 
11610 25.803579 
11653 10.251906 
11696 11.212581 
11739 4.529731 
11782 11.533630 
11825 17.197949 
11868 17.586445 
11911 17.173559 
11954 29.200497 
11997 12.651018 
12040 18.582283 
12083 21.222588 
12126 36.810873 
12169 23.803602 
12212 22.476894 
12255 21.887046 
12298 26.461193 
12341 9.063748 
12384 13.224847 
12427 19.445473 
12470 21.674123 
12513 22.563473 
12556 16.507011 
12599 17.813106 
12642 16.445050 
12685 13.805167 
12728 3.369723 
12771 5.271569 
12814 9.927786 
12857 19.824588 
12900 8.969335 
12943 29.452716 
12986 24.076704 
13029 23.395219 
13072 16.941702 
13115 22.505241 
13158 25.238204 
13201 24.873145 
13244 30.715654 
13287 14.537029 
13330 11.319855 
13373 10.606766 
13416 12.341938 
13459 10.731829 
13502 14.912354 
13545 24.025318 
13588 25.734859 
13631 29.497811 
13674 22.874568 
13717 30.812605 
13760 32.761494 
13803 16.477843 
13846 27.678325 
13889 13.433646 
13932 31.780010 
13975 14.981307 
14018 21.828943 
14061 23.676404 
14104 20.853602 
14147 28.880226 
14190 26.301683 
14233 24.292180 
14276 27.394155 
14319 36.987678 
14362 25.248798 
14405 24.288063 
14448 36.075940 
14491 25.961267 
14534 25.486299 
14577 24.918817 
14620 20.884967 
14663 17.305900 
14706 29.948268 
14749 26.782271 
14792 37.770824 
14835 28.254475 
14878 29.855295 
14921 45.800835 
14964 16.683208 
