7998 -49.416443 
8041 -51.269438 
8084 -49.842462 
8127 -62.604118 
8170 -54.722967 
8213 -56.810914 
8256 -56.045261 
8299 -56.426645 
8342 -50.641040 
8385 -62.233603 
8428 -50.659370 
8471 -55.288874 
8514 -51.421248 
8557 -52.142332 
8600 -48.165017 
8643 -56.462592 
8686 -62.373338 
8729 -63.953385 
8772 -54.608302 
8815 -57.381846 
8858 -48.277956 
8901 -58.228763 
8944 -49.428343 
8987 -52.757807 
9030 -52.369796 
9073 -55.572746 
9116 -56.793554 
9159 -66.813321 
9202 -52.925134 
9245 -59.971933 
9288 -67.266401 
9331 -58.987805 
9374 -53.073118 
9417 -58.753338 
9460 -56.636750 
9503 -60.045242 
9546 -49.738957 
9589 -53.954811 
9632 -55.046296 
9675 -61.499577 
9718 -61.577072 
9761 -56.920299 
9804 -49.657880 
9847 -52.094315 
9890 -51.699506 
9933 -53.681222 
9976 -50.707941 
10019 -55.521504 
10062 -59.708783 
10105 -58.818098 
10148 -53.353866 
10191 -58.905535 
10234 -51.280301 
10277 -55.531382 
10320 -58.585221 
10363 -72.235463 
10406 -61.168590 
10449 -67.156184 
10492 -67.370633 
10535 -60.046556 
10578 -53.233103 
10621 -59.825689 
10664 -55.079022 
10707 -74.851284 
10750 -53.821380 
10793 -57.830890 
10836 -52.064436 
10879 -56.717769 
10922 -58.366673 
10965 -63.066968 
11008 -60.759264 
11051 -60.036592 
11094 -55.616133 
11137 -57.635954 
11180 -55.487504 
11223 -60.252417 
11266 -60.147294 
11309 -66.086179 
11352 -68.958738 
11395 -59.036353 
11438 -52.820643 
11481 -61.794249 
11524 -68.409163 
11567 -74.692379 
11610 -62.052022 
11653 -56.868326 
11696 -50.284099 
11739 -59.669246 
11782 -57.070638 
11825 -57.933258 
11868 -55.939250 
11911 -57.645534 
11954 -56.204967 
