0 49.716171 
43 1.110364 
86 -6.844491 
129 -5.618274 
172 -5.305460 
215 -0.080048 
258 -14.473340 
301 -16.752066 
344 -12.745929 
387 -11.330946 
430 -18.388946 
473 -26.163985 
516 -21.195800 
559 -24.891325 
602 -15.494672 
645 -5.501483 
688 -10.640028 
731 -12.476111 
774 -7.484639 
817 -14.367610 
860 -11.720548 
903 -13.893505 
946 -10.081890 
989 -10.818625 
1032 -9.266128 
1075 -5.778086 
1118 -9.357738 
1161 -15.575308 
1204 -9.354391 
1247 -26.531416 
1290 -8.903144 
1333 -21.811349 
1376 -9.315168 
1419 -14.378242 
1462 -8.671602 
1505 -9.631948 
1548 -10.810763 
1591 -8.324992 
1634 -7.650025 
1677 -1.458159 
1720 -9.064157 
1763 -19.587944 
1806 -4.148394 
1849 -3.010925 
1892 -5.812422 
1935 -5.047139 
1978 -6.627452 
2021 -3.736044 
2064 -6.138631 
2107 -4.545836 
2150 -6.358267 
2193 -9.952290 
2236 -4.281281 
2279 -6.399032 
2322 -3.603591 
2365 -2.530541 
2408 -1.474049 
2451 -3.897480 
2494 -4.001511 
2537 -4.082210 
2580 -2.420331 
2623 0.919733 
2666 -2.687875 
2709 -0.441539 
2752 7.473781 
2795 -5.792836 
2838 1.761548 
2881 -0.154911 
2924 -4.990682 
2967 -3.728756 
3010 -2.837507 
3053 -0.921439 
3096 -1.258999 
3139 0.748684 
3182 11.653137 
3225 7.923699 
3268 4.754250 
3311 -1.128934 
3354 -2.064087 
3397 -0.943725 
3440 -1.250016 
3483 -1.577009 
3526 -4.127872 
3569 -8.965629 
3612 -4.241718 
3655 -1.458390 
3698 -3.788451 
3741 0.668733 
3784 0.049264 
3827 1.641253 
3870 2.329339 
3913 7.037719 
3956 -2.101511 
3999 0.723101 
4042 11.266053 
4085 6.527888 
4128 6.494527 
4171 1.035031 
4214 5.618903 
4257 0.206939 
4300 0.551178 
4343 1.053423 
4386 -5.640795 
4429 -4.365294 
4472 0.128425 
4515 4.585661 
4558 1.224330 
4601 0.562934 
4644 9.799052 
4687 17.119439 
4730 8.197508 
4773 9.507519 
4816 22.347530 
4859 -2.383093 
4902 -2.517708 
4945 5.514762 
4988 7.702498 
5031 11.545210 
5074 9.766824 
5117 13.996935 
5160 9.402242 
5203 15.912815 
5246 -5.973342 
5289 2.966543 
5332 2.164763 
5375 0.620791 
5418 -1.966710 
5461 14.123594 
5504 1.460734 
5547 -1.546034 
5590 0.082129 
5633 -6.192862 
5676 6.228833 
5719 5.873513 
5762 6.592270 
5805 8.322283 
5848 5.770158 
5891 17.544686 
5934 17.003998 
5977 7.833155 
6020 4.775323 
6063 2.783341 
6106 5.662285 
6149 1.645557 
6192 2.734803 
6235 0.331032 
6278 4.402502 
6321 3.821667 
6364 7.524825 
6407 10.273534 
6450 5.805927 
6493 2.156644 
6536 11.248526 
6579 11.502328 
6622 5.959365 
6665 -0.767740 
6708 6.819939 
6751 12.714850 
6794 -0.529849 
6837 1.534521 
6880 1.385679 
6923 -12.443209 
6966 4.632726 
7009 -15.803820 
7052 3.748258 
7095 4.336002 
7138 3.552401 
7181 -1.906799 
7224 1.038493 
7267 13.689566 
7310 7.079427 
7353 1.911443 
7396 6.043459 
7439 7.323170 
7482 1.161221 
7525 5.199004 
7568 5.762096 
7611 6.294040 
7654 7.110696 
7697 16.916852 
7740 9.126661 
7783 -3.309593 
7826 -0.199373 
7869 1.211580 
7912 1.171506 
7955 8.558956 
7998 10.386707 
8041 5.867766 
8084 -7.639314 
8127 3.809249 
8170 16.386639 
8213 17.658531 
8256 9.849859 
8299 8.527609 
8342 3.724961 
8385 0.491526 
8428 -4.885458 
8471 1.920667 
8514 9.762590 
8557 15.622588 
8600 6.242336 
8643 10.824506 
8686 11.794705 
8729 -2.256949 
8772 -1.864678 
8815 3.293168 
8858 5.486787 
8901 2.261380 
8944 0.418939 
8987 5.059579 
9030 5.746353 
9073 14.355558 
9116 12.504581 
9159 -0.526673 
9202 10.433912 
9245 7.079658 
9288 14.570899 
9331 28.129708 
9374 16.730310 
9417 14.063462 
9460 -0.663977 
9503 4.329597 
9546 4.351184 
9589 18.436170 
9632 -3.486726 
9675 0.214730 
9718 4.987379 
9761 -2.640019 
9804 0.262504 
9847 14.821083 
9890 5.146165 
9933 6.985133 
9976 3.209665 
10019 6.504152 
10062 21.282566 
10105 15.195427 
10148 6.478334 
10191 8.198659 
10234 7.014080 
10277 6.342379 
10320 -3.746890 
10363 4.683831 
10406 8.237461 
10449 -5.311970 
10492 21.052140 
10535 16.076251 
10578 10.311307 
10621 1.972199 
10664 13.490324 
10707 11.495003 
10750 10.977649 
10793 17.860817 
10836 12.748042 
10879 37.164560 
10922 5.123694 
10965 30.081750 
11008 18.389870 
11051 19.481375 
11094 13.342648 
11137 14.372055 
11180 8.002324 
11223 10.663017 
11266 9.874409 
11309 13.825829 
11352 13.471014 
11395 -0.791654 
11438 3.389502 
11481 11.889819 
11524 23.406830 
11567 25.837868 
11610 21.029424 
11653 20.661869 
11696 11.321946 
11739 9.464296 
11782 15.242378 
11825 7.158826 
11868 6.411972 
11911 1.135688 
11954 3.347012 
11997 10.516945 
12040 8.684087 
12083 14.530071 
12126 22.536693 
12169 23.223290 
12212 14.852067 
12255 9.544238 
12298 2.127525 
12341 -4.705623 
12384 8.984341 
12427 7.502717 
12470 3.240991 
12513 17.787958 
12556 10.318592 
12599 5.658106 
12642 11.199763 
12685 16.657695 
12728 14.657675 
12771 9.596041 
12814 13.856465 
12857 18.522862 
12900 16.786351 
12943 15.485244 
12986 17.142767 
13029 16.363726 
13072 14.054115 
13115 11.657102 
13158 5.521243 
13201 40.956520 
13244 17.261311 
13287 19.349419 
13330 4.028611 
13373 13.453546 
13416 9.084345 
13459 28.719014 
13502 14.790352 
13545 4.145672 
13588 10.171837 
13631 8.426830 
13674 8.227979 
13717 16.149784 
13760 13.718052 
13803 11.453932 
13846 11.003616 
13889 6.363983 
13932 9.699770 
13975 4.397325 
14018 17.491386 
14061 28.497390 
14104 23.667612 
14147 18.251268 
14190 0.418802 
14233 23.182624 
14276 19.396354 
14319 16.711118 
14362 6.008493 
14405 21.640084 
14448 17.599989 
14491 24.715273 
14534 5.024561 
14577 20.062897 
14620 10.083706 
14663 22.790693 
14706 16.052134 
14749 19.165978 
14792 7.867680 
14835 24.201425 
14878 18.328503 
14921 13.768899 
14964 7.639952 
