7998 -42.565962 
8041 -44.876863 
8084 -34.619732 
8127 -36.960521 
8170 -32.687984 
8213 -45.644210 
8256 -39.059835 
8299 -41.357914 
8342 -40.294589 
8385 -45.007543 
8428 -35.244875 
8471 -36.080852 
8514 -32.185791 
8557 -44.550897 
8600 -33.341452 
8643 -41.415671 
8686 -37.908530 
8729 -46.166600 
8772 -32.544260 
8815 -36.138087 
8858 -35.840420 
8901 -45.690885 
8944 -36.579899 
8987 -47.013071 
9030 -37.280209 
9073 -43.747896 
9116 -41.699333 
9159 -53.797070 
9202 -43.351785 
9245 -42.875319 
9288 -38.712468 
9331 -43.228561 
9374 -45.289175 
9417 -44.203740 
9460 -34.957542 
9503 -36.066099 
9546 -33.248366 
9589 -36.614679 
9632 -33.992804 
9675 -36.819760 
9718 -36.903310 
9761 -42.863453 
9804 -47.488434 
9847 -40.514566 
9890 -33.085038 
9933 -33.464304 
9976 -29.786408 
10019 -36.451571 
10062 -50.662362 
10105 -41.660222 
10148 -34.623982 
10191 -30.701682 
10234 -23.251875 
10277 -34.168709 
10320 -32.531286 
10363 -37.718308 
10406 -32.357135 
10449 -39.343291 
10492 -56.448446 
10535 -43.182259 
10578 -36.636222 
10621 -41.365093 
10664 -44.934180 
10707 -42.888526 
10750 -34.692014 
10793 -41.016477 
10836 -46.681155 
10879 -54.867612 
10922 -40.992940 
10965 -52.978530 
11008 -47.940798 
11051 -54.031055 
11094 -44.375685 
11137 -47.648205 
11180 -45.747355 
11223 -46.226413 
11266 -37.569601 
11309 -40.696171 
11352 -35.638814 
11395 -44.690830 
11438 -46.040553 
11481 -48.717723 
11524 -37.732811 
11567 -45.262531 
11610 -49.910388 
11653 -48.376645 
11696 -41.802211 
11739 -41.730149 
11782 -38.231902 
11825 -44.584454 
11868 -47.186971 
11911 -49.387889 
11954 -47.596934 
