7998 -34.851202 
8041 -42.001845 
8084 -48.736424 
8127 -45.696388 
8170 -36.692513 
8213 -41.931757 
8256 -32.524701 
8299 -42.912040 
8342 -37.284304 
8385 -44.455936 
8428 -49.879224 
8471 -44.614788 
8514 -39.208657 
8557 -47.862754 
8600 -44.421207 
8643 -43.300681 
8686 -34.323788 
8729 -46.881425 
8772 -37.849422 
8815 -43.432391 
8858 -47.530923 
8901 -46.880046 
8944 -43.594068 
8987 -49.145967 
9030 -45.690113 
9073 -45.899741 
9116 -43.450830 
9159 -58.901602 
9202 -43.540205 
9245 -54.815641 
9288 -42.640153 
9331 -53.696795 
9374 -44.293773 
9417 -50.420555 
9460 -42.678594 
9503 -43.934548 
9546 -38.053658 
9589 -48.240174 
9632 -42.647646 
9675 -43.171123 
9718 -37.708014 
9761 -54.126096 
9804 -39.791593 
9847 -41.915810 
9890 -40.653939 
9933 -42.169871 
9976 -39.831375 
10019 -45.010944 
10062 -47.669543 
10105 -47.510127 
10148 -37.375311 
10191 -36.777380 
10234 -33.774019 
10277 -44.673314 
10320 -42.026714 
10363 -47.102765 
10406 -51.319362 
10449 -48.966829 
10492 -44.044384 
10535 -35.327572 
10578 -26.656275 
10621 -33.514899 
10664 -49.197999 
10707 -46.113789 
10750 -41.591777 
10793 -50.748413 
10836 -46.117331 
10879 -48.014425 
10922 -40.163159 
10965 -46.864162 
11008 -50.057284 
11051 -61.522400 
11094 -58.250629 
11137 -51.394261 
11180 -45.620225 
11223 -46.843991 
11266 -45.094500 
11309 -67.482269 
11352 -46.461819 
11395 -43.601325 
11438 -39.230462 
11481 -46.761538 
11524 -49.684467 
11567 -60.118279 
11610 -52.076337 
11653 -59.658015 
11696 -51.038663 
11739 -61.189321 
11782 -52.987659 
11825 -54.845964 
11868 -53.828603 
11911 -65.210769 
11954 -62.612171 
