0 -9.298437 
43 -15.947610 
86 -18.731866 
129 -16.847811 
172 -22.367675 
215 -16.021203 
258 -1.611394 
301 3.328721 
344 -16.482273 
387 -15.402962 
430 -12.676626 
473 -10.996421 
516 -22.122911 
559 -37.977813 
602 -43.186624 
645 -34.559314 
688 -31.876250 
731 -23.678988 
774 -20.417160 
817 -15.815542 
860 -15.607749 
903 -18.402919 
946 -21.197838 
989 -24.250233 
1032 -19.743969 
1075 -20.211304 
1118 -18.578302 
1161 -17.941375 
1204 -17.023758 
1247 -21.748234 
1290 -21.471021 
1333 -25.469205 
1376 -22.620456 
1419 -25.369545 
1462 -24.147289 
1505 -26.984074 
1548 -19.099007 
1591 -16.213921 
1634 -15.613443 
1677 -24.946509 
1720 -19.145427 
1763 -17.413170 
1806 -17.858799 
1849 -17.293257 
1892 -19.646044 
1935 -15.852747 
1978 -15.003973 
2021 -18.644042 
2064 -24.047660 
2107 -20.642063 
2150 -16.109090 
2193 -5.287108 
2236 -12.577917 
2279 -16.563547 
2322 -19.196414 
2365 -15.888907 
2408 -13.327015 
2451 -16.017831 
2494 -9.543438 
2537 -7.768941 
2580 -8.740816 
2623 -8.946191 
2666 -9.791727 
2709 -7.768896 
2752 -9.532901 
2795 -9.493615 
2838 -11.412072 
2881 -10.353144 
2924 -12.461291 
2967 -9.323211 
3010 -4.666464 
3053 -9.127275 
3096 -8.315553 
3139 -8.478217 
3182 -6.088898 
3225 -7.560442 
3268 -3.788062 
3311 -3.606072 
3354 -1.490660 
3397 2.176426 
3440 -4.634107 
3483 -2.460774 
3526 -4.722901 
3569 -6.901293 
3612 -7.000960 
3655 -3.045403 
3698 0.260318 
3741 -1.605761 
3784 -0.157792 
3827 3.848519 
3870 -1.312111 
3913 -8.607051 
3956 -6.134498 
3999 -4.535791 
4042 -4.868635 
4085 -0.378052 
4128 1.559581 
4171 -4.896532 
4214 0.613708 
4257 6.036975 
4300 -0.198992 
4343 4.860476 
4386 3.288034 
4429 0.338189 
4472 -4.996448 
4515 -6.172086 
4558 -7.878662 
4601 -8.728621 
4644 -15.703028 
4687 -10.542977 
4730 -8.087644 
4773 -9.561108 
4816 -11.704294 
4859 -13.408533 
4902 -30.751333 
4945 -11.896657 
4988 -3.296342 
5031 -7.799915 
5074 -10.152563 
5117 -12.321854 
5160 -15.165451 
5203 -15.802179 
5246 -2.071494 
5289 -22.064600 
5332 -18.734375 
5375 -21.500995 
5418 -18.395428 
5461 -15.357051 
5504 -25.472193 
5547 -18.813930 
5590 -17.031652 
5633 -17.397110 
5676 -18.155215 
5719 -18.297211 
5762 -36.790052 
5805 -21.517288 
5848 -14.555282 
5891 -13.511945 
5934 -13.661318 
5977 -7.227249 
6020 -19.958026 
6063 -17.873272 
6106 -10.487802 
6149 -11.844815 
6192 -13.160700 
6235 -1.604856 
6278 -5.907905 
6321 -9.739441 
6364 -12.682172 
6407 -11.778480 
6450 -16.042372 
6493 -20.817177 
6536 -15.048449 
6579 -7.923321 
6622 -14.019342 
6665 -13.881995 
6708 -28.569355 
6751 -17.660225 
6794 -8.666098 
6837 -12.522762 
6880 -13.179147 
6923 -13.063261 
6966 -15.147043 
7009 -12.911695 
7052 -14.680977 
7095 -13.350583 
7138 -16.357939 
7181 -17.450847 
7224 -20.537291 
7267 -2.880111 
7310 -7.876125 
7353 -14.126397 
7396 -12.805344 
7439 -8.349139 
7482 -5.032777 
7525 -5.658078 
7568 -8.492167 
7611 -9.680002 
7654 -8.018091 
7697 -1.626988 
7740 -7.419442 
7783 -8.412774 
7826 -8.733933 
7869 -19.584463 
7912 -9.866965 
7955 -12.873426 
7998 -10.036299 
8041 -9.914216 
8084 -9.548722 
8127 -3.880740 
8170 0.195937 
8213 -5.923042 
8256 -10.431018 
8299 -16.218430 
8342 -15.265369 
8385 -5.297319 
8428 -9.148068 
8471 -19.925003 
8514 -8.745601 
8557 -11.438957 
8600 -6.635292 
8643 -15.058628 
8686 -13.078791 
8729 -10.977595 
8772 -10.624915 
8815 -7.498550 
8858 -11.259554 
8901 -9.227874 
8944 -11.473042 
8987 -4.198981 
9030 -17.359951 
9073 -4.780493 
9116 2.379143 
9159 -5.644817 
9202 -7.963587 
9245 -13.489549 
9288 -4.149978 
9331 -4.600171 
9374 -3.643780 
9417 -2.860440 
9460 -9.556186 
9503 1.283039 
9546 -10.342953 
9589 -9.274056 
9632 -6.641850 
9675 -16.703094 
9718 -10.169004 
9761 -11.624012 
9804 -6.671552 
9847 -3.254572 
9890 -1.624327 
9933 -7.495985 
9976 -3.299161 
10019 -3.949820 
10062 -1.271421 
10105 -5.142088 
10148 -5.082451 
10191 -3.922933 
10234 -6.351890 
10277 -0.941853 
10320 1.531951 
10363 -4.699571 
10406 -3.679082 
10449 0.164576 
10492 -6.348652 
10535 -10.988567 
10578 -14.466214 
10621 -9.265805 
10664 -6.024634 
10707 -9.619435 
10750 -0.386221 
10793 -11.080176 
10836 -13.464864 
10879 -13.395177 
10922 -12.669812 
10965 -26.553207 
11008 -10.646746 
11051 -14.604627 
11094 -2.162007 
11137 -27.821326 
11180 -6.587997 
11223 -9.723908 
11266 -5.508278 
11309 -6.007359 
11352 -3.049995 
11395 -8.478664 
11438 -9.100691 
11481 -2.417905 
11524 -24.381889 
11567 -17.355734 
11610 -31.050388 
11653 -17.522982 
11696 -10.722386 
11739 -8.285449 
11782 -4.407040 
11825 -3.088758 
11868 -12.619771 
11911 -15.420948 
11954 -16.824873 
11997 -17.308013 
12040 -15.205664 
12083 -16.405701 
12126 -19.366174 
12169 -21.688909 
12212 -24.088113 
12255 -13.897181 
12298 -18.950353 
12341 -26.166646 
12384 -33.270817 
12427 -22.425754 
12470 -25.621949 
12513 -25.596173 
12556 -26.947474 
12599 -24.196342 
12642 -18.728689 
12685 -16.340145 
12728 -17.349525 
12771 -23.430825 
12814 -18.077555 
12857 -20.761073 
12900 -24.510861 
12943 -16.779176 
12986 -7.512960 
13029 -14.036477 
13072 -17.705121 
13115 -13.313877 
13158 -12.708424 
13201 -12.799862 
13244 -17.770446 
13287 -17.483144 
13330 -30.656256 
13373 -23.981505 
13416 -20.317036 
13459 -22.490687 
13502 -21.349795 
13545 -19.784829 
13588 -15.979402 
13631 -20.013740 
13674 -22.314885 
13717 -20.427357 
13760 -24.842782 
13803 -18.569297 
13846 -22.591086 
13889 -18.810471 
13932 -18.210867 
13975 -19.258056 
14018 -34.682462 
14061 -38.688355 
14104 -36.835960 
14147 -37.002561 
14190 -28.945816 
14233 -24.521383 
14276 -25.941733 
14319 -25.748886 
14362 -24.325160 
14405 -31.067390 
14448 -34.457726 
14491 -35.942335 
14534 -33.487023 
14577 -34.102967 
14620 -38.537129 
14663 -30.679296 
14706 -27.638850 
14749 -33.507311 
14792 -31.357503 
14835 -30.287806 
14878 -26.521118 
14921 -25.587659 
14964 -25.803021 
