7998 -28.778017 
8041 -33.764127 
8084 -37.761233 
8127 -35.945882 
8170 -32.197830 
8213 -36.870599 
8256 -38.938303 
8299 -42.517501 
8342 -39.594329 
8385 -36.459718 
8428 -31.817567 
8471 -40.438255 
8514 -33.469641 
8557 -41.897027 
8600 -29.195491 
8643 -40.043060 
8686 -30.700746 
8729 -35.818297 
8772 -35.208550 
8815 -33.846803 
8858 -27.937327 
8901 -37.385985 
8944 -31.965964 
8987 -37.949044 
9030 -38.371631 
9073 -37.386054 
9116 -32.410164 
9159 -38.178135 
9202 -29.858614 
9245 -38.367984 
9288 -34.534223 
9331 -34.257632 
9374 -23.904068 
9417 -32.517293 
9460 -35.590034 
9503 -42.993127 
9546 -40.335792 
9589 -40.191305 
9632 -32.856465 
9675 -38.765432 
9718 -28.957946 
9761 -37.992371 
9804 -39.886468 
9847 -36.480755 
9890 -31.957832 
9933 -34.522720 
9976 -27.961532 
10019 -36.332285 
10062 -37.418499 
10105 -37.286276 
10148 -34.049914 
10191 -39.982560 
10234 -44.357874 
10277 -37.783887 
10320 -29.529448 
10363 -34.251815 
10406 -28.010574 
10449 -37.674439 
10492 -36.759530 
10535 -38.513395 
10578 -37.352445 
10621 -40.214217 
10664 -40.835989 
10707 -45.779468 
10750 -41.481121 
10793 -41.295151 
10836 -37.063359 
10879 -37.399164 
10922 -33.411474 
10965 -50.262515 
11008 -35.318666 
11051 -50.517325 
11094 -32.657697 
11137 -48.239206 
11180 -31.619725 
11223 -33.397896 
11266 -22.737586 
11309 -30.677415 
11352 -43.182373 
11395 -36.917536 
11438 -31.297338 
11481 -39.967986 
11524 -45.455127 
11567 -51.785166 
11610 -54.450610 
11653 -40.611191 
11696 -33.694682 
11739 -36.307043 
11782 -36.372229 
11825 -41.745145 
11868 -37.746231 
11911 -37.184298 
11954 -33.421426 
