0 -1.705481 
43 -19.376964 
86 -24.133856 
129 -7.353781 
172 -10.715070 
215 -16.858248 
258 -8.523247 
301 -3.222179 
344 -14.544520 
387 -18.515229 
430 -22.294380 
473 -7.676580 
516 -18.063184 
559 -28.311927 
602 -35.382712 
645 -43.080025 
688 -28.141467 
731 -23.802434 
774 -21.269825 
817 -22.387977 
860 -22.411377 
903 -19.906715 
946 -23.181723 
989 -20.034970 
1032 -19.806741 
1075 -23.506142 
1118 -21.913461 
1161 -21.250700 
1204 -15.267855 
1247 -28.966573 
1290 -25.215195 
1333 -39.521726 
1376 -24.282739 
1419 -23.816151 
1462 -20.910847 
1505 -23.759684 
1548 -18.052346 
1591 -12.550207 
1634 -15.995911 
1677 -17.293982 
1720 -19.878117 
1763 -16.840888 
1806 -16.169656 
1849 -15.171208 
1892 -15.789156 
1935 -18.540756 
1978 -19.204300 
2021 -27.380473 
2064 -18.595445 
2107 -17.131760 
2150 -14.885672 
2193 -5.908917 
2236 -14.108451 
2279 -15.535365 
2322 -19.818182 
2365 -17.115407 
2408 -16.523788 
2451 -17.682358 
2494 -13.011490 
2537 -10.859662 
2580 -17.856640 
2623 -16.121912 
2666 -13.363428 
2709 -10.277617 
2752 -14.636200 
2795 -13.305453 
2838 -14.448138 
2881 -13.432140 
2924 -13.198883 
2967 -10.014441 
3010 -8.999062 
3053 -11.366331 
3096 -8.338035 
3139 -13.733684 
3182 -10.626504 
3225 -6.478861 
3268 -4.586594 
3311 -7.028733 
3354 -1.531047 
3397 2.634776 
3440 -2.376565 
3483 -2.853330 
3526 -4.448599 
3569 -5.371296 
3612 -7.721786 
3655 -4.946629 
3698 0.436367 
3741 -3.867394 
3784 1.506783 
3827 7.909702 
3870 -0.231568 
3913 -2.311339 
3956 -3.799886 
3999 -2.105689 
4042 -5.187036 
4085 -3.633315 
4128 -0.470718 
4171 -0.481096 
4214 -1.475366 
4257 8.533130 
4300 -1.593437 
4343 7.366959 
4386 2.175173 
4429 -0.812090 
4472 -4.279278 
4515 -4.961517 
4558 -3.982957 
4601 -4.716687 
4644 -10.546172 
4687 -7.608636 
4730 -5.333604 
4773 -5.880336 
4816 -8.459494 
4859 -9.544574 
4902 -13.489146 
4945 -3.623530 
4988 3.501494 
5031 -2.118211 
5074 -1.578312 
5117 -2.241125 
5160 -9.215698 
5203 -8.215800 
5246 5.865823 
5289 -13.126020 
5332 -11.593535 
5375 -11.371950 
5418 -5.154929 
5461 -2.828662 
5504 -10.370170 
5547 -6.183049 
5590 -3.457412 
5633 -6.865256 
5676 -9.013239 
5719 -9.470124 
5762 -25.108630 
5805 -18.871138 
5848 -10.862385 
5891 -13.495057 
5934 -15.810785 
5977 -16.055844 
6020 -20.067160 
6063 -16.915493 
6106 -12.185150 
6149 -12.985764 
6192 -13.504733 
6235 -5.209154 
6278 -13.003831 
6321 -14.486677 
6364 -18.067838 
6407 -17.781840 
6450 -21.480317 
6493 -19.585641 
6536 -19.176430 
6579 -16.562199 
6622 -23.014783 
6665 -23.674804 
6708 -35.459120 
6751 -28.292929 
6794 -17.276391 
6837 -23.701234 
6880 -17.708155 
6923 -14.247429 
6966 -15.294467 
7009 -12.037041 
7052 -11.008881 
7095 -10.705478 
7138 -14.933922 
7181 -16.940957 
7224 -28.718612 
7267 -7.469702 
7310 -12.398512 
7353 -14.852983 
7396 -18.567513 
7439 -15.431493 
7482 -11.759463 
7525 -12.733261 
7568 -19.851139 
7611 -31.279174 
7654 -20.702680 
7697 -13.025704 
7740 -18.764849 
7783 -21.787335 
7826 -22.265509 
7869 -19.242908 
7912 -26.321119 
7955 -41.685683 
7998 -24.978711 
8041 -24.614398 
8084 -22.321870 
8127 -18.774025 
8170 -16.394550 
8213 -26.585146 
8256 -24.639799 
8299 -32.025242 
8342 -26.591736 
8385 -19.046883 
8428 -22.448511 
8471 -36.034993 
8514 -20.506170 
8557 -21.993210 
8600 -22.936623 
8643 -32.974832 
8686 -30.206698 
8729 -25.126008 
8772 -21.663679 
8815 -19.268295 
8858 -24.609702 
8901 -21.963512 
8944 -28.592511 
8987 -20.843594 
9030 -35.218128 
9073 -27.795293 
9116 -16.799117 
9159 -23.417600 
9202 -25.960234 
9245 -29.904078 
9288 -35.400806 
9331 -29.472883 
9374 -31.707669 
9417 -30.677869 
9460 -38.185902 
9503 -29.820420 
9546 -43.759248 
9589 -44.293601 
9632 -45.296072 
9675 -36.959613 
9718 -34.306308 
9761 -34.958057 
9804 -36.543250 
9847 -29.314347 
9890 -26.077386 
9933 -41.815704 
9976 -32.816962 
10019 -35.204839 
10062 -19.974172 
10105 -23.430803 
10148 -24.975168 
10191 -22.735725 
10234 -23.361432 
10277 -40.798159 
10320 -37.058007 
10363 -29.738957 
10406 -29.662761 
10449 -25.538145 
10492 -34.426739 
10535 -35.176764 
10578 -35.555294 
10621 -33.193960 
10664 -26.644496 
10707 -47.080549 
10750 -23.308019 
10793 -33.652420 
10836 -39.379944 
10879 -37.468455 
10922 -34.881133 
10965 -36.902085 
11008 -33.298491 
11051 -35.551801 
11094 -27.936609 
11137 -25.825420 
11180 -27.900552 
11223 -42.656537 
11266 -32.890399 
11309 -34.153521 
11352 -18.752983 
11395 -28.078541 
11438 -27.618641 
11481 -21.805346 
11524 -33.285300 
11567 -30.221332 
11610 -46.399348 
11653 -33.713556 
11696 -26.704688 
11739 -24.184651 
11782 -18.881147 
11825 -12.677159 
11868 -21.823851 
11911 -27.389040 
11954 -27.750822 
11997 -30.256846 
12040 -25.673348 
12083 -26.955875 
12126 -28.677215 
12169 -33.659992 
12212 -32.748166 
12255 -22.435045 
12298 -27.367285 
12341 -32.933334 
12384 -36.379088 
12427 -23.765881 
12470 -30.933106 
12513 -28.841534 
12556 -32.680131 
12599 -31.955314 
12642 -29.739610 
12685 -31.713467 
12728 -34.889013 
12771 -35.825476 
12814 -29.026800 
12857 -35.497769 
12900 -37.401308 
12943 -29.797773 
12986 -20.427536 
13029 -27.821060 
13072 -33.434845 
13115 -25.823671 
13158 -32.970195 
13201 -29.664946 
13244 -32.064975 
13287 -29.936486 
13330 -44.617149 
13373 -43.544409 
13416 -38.573884 
13459 -45.430109 
13502 -42.262429 
13545 -37.945430 
13588 -34.159837 
13631 -41.960000 
13674 -48.863627 
13717 -45.097331 
13760 -54.940308 
13803 -44.525865 
13846 -45.883804 
13889 -40.205334 
13932 -41.850730 
13975 -45.786036 
14018 -34.772785 
14061 -40.187146 
14104 -54.710546 
14147 -43.340482 
14190 -42.801044 
14233 -39.745239 
14276 -42.158718 
14319 -39.041036 
14362 -33.816589 
14405 -43.158779 
14448 -52.168002 
14491 -50.962941 
14534 -45.646550 
14577 -49.795067 
14620 -42.422796 
14663 -37.260214 
14706 -37.526578 
14749 -50.717436 
14792 -43.087182 
14835 -43.593778 
14878 -47.808899 
14921 -30.667260 
14964 -28.336114 
