7998 1.993090 
8041 2.430560 
8084 3.356835 
8127 -1.725002 
8170 2.586636 
8213 3.266810 
8256 4.164814 
8299 1.743466 
8342 2.309672 
8385 2.026668 
8428 0.990090 
8471 0.509646 
8514 -0.028516 
8557 0.880607 
8600 1.614635 
8643 -0.073877 
8686 0.240902 
8729 -0.064547 
8772 0.563110 
8815 0.279370 
8858 0.384001 
8901 0.336070 
8944 -0.690238 
8987 -2.633117 
9030 3.206020 
9073 -1.945150 
9116 -1.057401 
9159 -1.057666 
9202 -1.466372 
9245 -1.081137 
9288 -0.458987 
9331 0.371922 
9374 0.524917 
9417 0.823938 
9460 -0.037650 
9503 -0.193166 
9546 0.736742 
9589 1.469239 
9632 1.266234 
9675 1.460499 
9718 2.007939 
9761 2.216906 
9804 0.748725 
9847 -1.085355 
9890 0.119651 
9933 0.410034 
9976 0.658128 
10019 2.195246 
10062 2.538266 
10105 3.071147 
10148 -1.348908 
10191 2.893974 
10234 3.105150 
10277 2.621188 
10320 1.643981 
10363 -1.460718 
10406 0.356067 
10449 0.487776 
10492 3.687925 
10535 5.114252 
10578 2.888982 
10621 2.980308 
10664 4.227361 
10707 4.526502 
10750 3.976156 
10793 1.131920 
10836 2.250976 
10879 2.435072 
10922 2.625675 
10965 4.320083 
11008 2.840347 
11051 3.162503 
11094 4.130206 
11137 -1.705980 
11180 2.197549 
11223 5.732970 
11266 2.065445 
11309 1.342374 
11352 2.288472 
11395 3.437647 
11438 -2.617254 
11481 -1.495550 
11524 -1.303825 
11567 -2.107149 
11610 -0.898914 
11653 -1.932708 
11696 -5.475984 
11739 -5.114129 
11782 -5.524798 
11825 -5.530169 
11868 -7.180585 
11911 -5.198709 
11954 -7.197966 
11997 -6.778202 
12040 -8.563260 
12083 -6.281187 
12126 -8.176102 
12169 -8.922267 
12212 -7.185250 
12255 -6.675155 
12298 -7.690939 
12341 -6.464218 
12384 -4.009719 
12427 -0.751869 
12470 -1.243752 
12513 3.228271 
12556 1.450326 
12599 0.335698 
12642 -1.277046 
12685 -3.322085 
12728 4.205493 
12771 5.435453 
12814 6.371425 
12857 6.185008 
12900 3.774301 
12943 7.249944 
12986 0.507677 
13029 0.860155 
13072 0.636795 
13115 3.835814 
13158 10.579951 
13201 9.187188 
13244 8.829425 
13287 6.878391 
13330 4.326196 
13373 3.774085 
13416 7.665409 
13459 7.488782 
13502 8.054622 
13545 14.795305 
13588 13.700064 
13631 6.609399 
13674 5.546636 
13717 3.329436 
13760 13.838561 
13803 12.809250 
13846 -2.234065 
13889 7.207126 
13932 8.942275 
13975 10.290678 
14018 10.616715 
14061 10.639881 
14104 11.188488 
14147 15.219357 
14190 4.002056 
14233 10.630058 
14276 7.805973 
14319 5.368118 
14362 1.604327 
14405 5.888819 
14448 8.499725 
14491 6.720344 
14534 2.250816 
14577 11.678815 
14620 7.038279 
14663 7.867238 
14706 0.838047 
14749 13.564391 
14792 10.618310 
14835 14.699819 
14878 4.635603 
14921 16.931561 
14964 9.011019 
