7998 -35.354115 
8041 -38.681759 
8084 -36.672172 
8127 -37.058467 
8170 -34.588244 
8213 -44.877453 
8256 -33.744047 
8299 -35.543805 
8342 -33.446457 
8385 -42.820865 
8428 -46.977359 
8471 -51.164729 
8514 -43.339929 
8557 -48.839239 
8600 -47.928770 
8643 -51.900335 
8686 -46.857218 
8729 -52.738238 
8772 -52.623390 
8815 -62.053192 
8858 -47.070268 
8901 -51.689257 
8944 -48.067100 
8987 -51.505994 
9030 -52.794653 
9073 -50.666594 
9116 -46.629642 
9159 -52.423600 
9202 -59.930295 
9245 -54.212673 
9288 -48.410511 
9331 -45.803950 
9374 -39.256869 
9417 -44.470561 
9460 -48.800373 
9503 -55.649438 
9546 -65.297859 
9589 -60.314549 
9632 -53.285388 
9675 -61.205813 
9718 -53.645667 
9761 -58.433686 
9804 -56.566470 
9847 -53.542995 
9890 -48.921644 
9933 -50.265990 
9976 -39.456718 
10019 -45.055234 
10062 -46.962725 
10105 -53.441326 
10148 -67.136904 
10191 -51.247184 
10234 -43.735454 
10277 -57.243725 
10320 -48.827436 
10363 -47.270571 
10406 -42.368753 
10449 -45.255781 
10492 -45.088410 
10535 -45.515912 
10578 -39.322391 
10621 -45.790982 
10664 -55.666729 
10707 -58.235625 
10750 -49.227384 
10793 -48.126144 
10836 -42.531476 
10879 -53.295357 
10922 -50.919503 
10965 -49.144375 
11008 -45.256671 
11051 -48.204724 
11094 -47.429102 
11137 -48.844321 
11180 -45.977571 
11223 -45.590808 
11266 -42.791968 
11309 -48.070671 
11352 -45.324384 
11395 -52.158010 
11438 -63.597236 
11481 -47.163290 
11524 -39.353052 
11567 -45.287678 
11610 -52.631004 
11653 -53.753178 
11696 -50.604304 
11739 -53.211862 
11782 -46.620358 
11825 -51.226458 
11868 -50.165961 
11911 -49.720786 
11954 -46.731535 
