7998 -31.215850 
8041 -38.679360 
8084 -32.102559 
8127 -33.253699 
8170 -23.977020 
8213 -27.643288 
8256 -30.241016 
8299 -40.212659 
8342 -41.781024 
8385 -38.778314 
8428 -31.536948 
8471 -41.900118 
8514 -26.953780 
8557 -24.632062 
8600 -20.637462 
8643 -27.175147 
8686 -32.840444 
8729 -28.252564 
8772 -19.535503 
8815 -26.294074 
8858 -32.175807 
8901 -32.516644 
8944 -29.355539 
8987 -33.871396 
9030 -28.084225 
9073 -34.271490 
9116 -32.858563 
9159 -36.731595 
9202 -25.364137 
9245 -34.241841 
9288 -40.359892 
9331 -39.047807 
9374 -29.994561 
9417 -29.206325 
9460 -25.518711 
9503 -28.358317 
9546 -26.501844 
9589 -32.947916 
9632 -28.729971 
9675 -26.327104 
9718 -21.860058 
9761 -23.196804 
9804 -20.591681 
9847 -26.084441 
9890 -24.743814 
9933 -36.334979 
9976 -30.811427 
10019 -42.287851 
10062 -28.344366 
10105 -22.620946 
10148 -13.844264 
10191 -24.128883 
10234 -18.594912 
10277 -20.333436 
10320 -14.906354 
10363 -22.005299 
10406 -18.098676 
10449 -23.393690 
10492 -26.269350 
10535 -26.328378 
10578 -23.340115 
10621 -22.776777 
10664 -15.420089 
10707 -25.897940 
10750 -24.710834 
10793 -24.809390 
10836 -19.420582 
10879 -32.075837 
10922 -18.964719 
10965 -26.017474 
11008 -26.999798 
11051 -18.375950 
11094 -9.897053 
11137 -13.318699 
11180 -13.345003 
11223 -27.627990 
11266 -15.571365 
11309 -21.972948 
11352 -9.909488 
11395 -20.088623 
11438 -20.090843 
11481 -23.926940 
11524 -22.237660 
11567 -24.937859 
11610 -29.127121 
11653 -27.819916 
11696 -20.335227 
11739 -31.058605 
11782 -30.597466 
11825 -34.288695 
11868 -30.919316 
11911 -40.776556 
11954 -46.268935 
