0 -10.376387 
43 -22.259613 
86 -21.651715 
129 -15.963164 
172 -1.097172 
215 -2.459918 
258 -9.759522 
301 -13.000941 
344 -24.061610 
387 -24.880925 
430 -30.934628 
473 -25.962526 
516 -26.060238 
559 -44.483076 
602 -34.815679 
645 -10.590071 
688 -26.650745 
731 -26.946112 
774 -26.848195 
817 -8.296895 
860 -21.974699 
903 -32.979247 
946 -15.773025 
989 -20.339766 
1032 -18.416251 
1075 -26.118507 
1118 -24.723993 
1161 -24.448699 
1204 -17.948576 
1247 -20.210409 
1290 -26.536065 
1333 -25.849907 
1376 -24.424943 
1419 -1.928060 
1462 -20.206735 
1505 -21.858908 
1548 -18.266746 
1591 -19.355340 
1634 -15.917979 
1677 -7.148517 
1720 -22.805378 
1763 -3.707154 
1806 -11.576876 
1849 1.187737 
1892 -34.074878 
1935 -20.678937 
1978 -24.126206 
2021 -18.209327 
2064 -24.498572 
2107 -21.070137 
2150 -19.043054 
2193 -18.779828 
2236 -16.291525 
2279 -10.792163 
2322 -14.297323 
2365 -15.708542 
2408 -12.625216 
2451 -14.843539 
2494 -13.024473 
2537 0.629458 
2580 -15.237750 
2623 -12.247010 
2666 -17.587724 
2709 -8.409943 
2752 -20.472639 
2795 -12.370419 
2838 -12.385646 
2881 -9.438000 
2924 -23.679964 
2967 -22.048810 
3010 -14.872319 
3053 -16.434845 
3096 -8.120908 
3139 -6.568259 
3182 -5.311956 
3225 -11.816349 
3268 -1.034796 
3311 7.603074 
3354 4.823608 
3397 2.209241 
3440 -1.792091 
3483 -6.298599 
3526 -1.918492 
3569 1.908615 
3612 -1.371012 
3655 -11.599783 
3698 -3.881741 
3741 -4.062381 
3784 -9.922674 
3827 -0.575642 
3870 1.827145 
3913 -0.788738 
3956 -0.601900 
3999 -0.897472 
4042 1.864885 
4085 6.863165 
4128 2.377021 
4171 -5.485169 
4214 -0.244722 
4257 4.878798 
4300 -3.200050 
4343 -2.611399 
4386 -8.202494 
4429 -5.580047 
4472 -5.848119 
4515 -8.020919 
4558 -4.159571 
4601 -1.669220 
4644 -7.784420 
4687 -5.542495 
4730 -6.369262 
4773 -3.999190 
4816 -5.682574 
4859 -3.434928 
4902 -6.964554 
4945 -15.252395 
4988 -7.418257 
5031 -12.045232 
5074 -5.313031 
5117 0.362895 
5160 3.039056 
5203 -14.498540 
5246 -5.619514 
5289 -1.406016 
5332 -7.961081 
5375 -18.398366 
5418 -2.271404 
5461 -6.936171 
5504 -10.730169 
5547 -14.358905 
5590 -12.621515 
5633 -6.443821 
5676 -11.256984 
5719 -14.975027 
5762 -10.413161 
5805 -19.752050 
5848 -11.178353 
5891 -13.374823 
5934 -21.418831 
5977 -11.925955 
6020 -16.203018 
6063 -21.013529 
6106 -16.653815 
6149 -14.144714 
6192 -23.400558 
6235 -18.223784 
6278 -20.695061 
6321 -23.372860 
6364 -22.637755 
6407 -18.559752 
6450 -20.454528 
6493 -23.218955 
6536 -22.443330 
6579 -16.361611 
6622 -19.660854 
6665 -14.210043 
6708 -18.861856 
6751 -18.070791 
6794 -13.362498 
6837 -19.199701 
6880 -19.428525 
6923 -10.456375 
6966 -12.964709 
7009 -14.338098 
7052 -13.560096 
7095 -13.342355 
7138 -9.803714 
7181 -12.152516 
7224 -16.461377 
7267 -15.877253 
7310 -15.479576 
7353 -10.609640 
7396 -4.621857 
7439 -24.332589 
7482 -22.993156 
7525 -23.817061 
7568 -19.159553 
7611 -13.730528 
7654 -16.299768 
7697 -10.610636 
7740 -14.611539 
7783 -11.523802 
7826 -30.143309 
7869 -23.967345 
7912 -24.703287 
7955 -13.675233 
7998 -29.316173 
8041 -30.437655 
8084 -35.610106 
8127 -39.157812 
8170 -33.339380 
8213 -27.006337 
8256 -17.554029 
8299 -20.942301 
8342 -25.707821 
8385 -27.495810 
8428 -30.961919 
8471 -24.180684 
8514 -21.568236 
8557 -22.979836 
8600 -19.662767 
8643 -24.975084 
8686 -31.486706 
8729 -27.850235 
8772 -24.198862 
8815 -25.313213 
8858 -27.616804 
8901 -19.958745 
8944 -17.308834 
8987 -10.297131 
9030 -26.044282 
9073 -24.479121 
9116 -24.335745 
9159 -32.165754 
9202 -21.107201 
9245 -29.660751 
9288 -27.609950 
9331 -42.983289 
9374 -45.489426 
9417 -56.197526 
9460 -18.174885 
9503 -26.476889 
9546 -31.380128 
9589 -41.295636 
9632 -42.223012 
9675 -39.412046 
9718 -29.996988 
9761 -30.681462 
9804 -37.524029 
9847 -28.813958 
9890 -22.857326 
9933 -47.063410 
9976 -42.468342 
10019 -50.203277 
10062 -40.222454 
10105 -38.860941 
10148 -34.561481 
10191 -23.723720 
10234 -25.323544 
10277 -35.372824 
10320 -33.711297 
10363 -37.359234 
10406 -33.968178 
10449 -22.498231 
10492 -41.444107 
10535 -30.083855 
10578 -34.933204 
10621 -39.097320 
10664 -29.279835 
10707 -17.008693 
10750 -30.835752 
10793 -31.740573 
10836 -22.005721 
10879 -35.935392 
10922 -40.228909 
10965 -14.929604 
11008 -31.223165 
11051 -29.277956 
11094 -30.671796 
11137 -27.095403 
11180 -28.523206 
11223 -33.422729 
11266 -37.687888 
11309 -31.117782 
11352 -33.942264 
11395 -34.910477 
11438 -40.521367 
11481 -24.343137 
11524 -24.641714 
11567 -18.357268 
11610 -38.691363 
11653 -48.481910 
11696 -46.372175 
11739 -27.576168 
11782 -31.634096 
11825 -35.156486 
11868 -26.444423 
11911 -27.398368 
11954 -37.285730 
11997 -25.806115 
12040 -26.784247 
12083 -13.084467 
12126 -22.895266 
12169 -16.996549 
12212 -38.029845 
12255 -49.104066 
12298 -40.724681 
12341 -52.739954 
12384 -37.696816 
12427 -40.529482 
12470 -42.311403 
12513 -25.221909 
12556 -25.013081 
12599 -18.880800 
12642 -30.706816 
12685 -26.254241 
12728 -30.148501 
12771 -43.898348 
12814 -39.900068 
12857 -41.164075 
12900 -42.170154 
12943 -36.796340 
12986 -31.632607 
13029 -26.450950 
13072 -25.305985 
13115 -36.312730 
13158 -38.986253 
13201 -42.522081 
13244 -49.632571 
13287 -35.078112 
13330 -25.681746 
13373 -25.785519 
13416 -21.128310 
13459 -22.197206 
13502 -28.307830 
13545 -34.396092 
13588 -41.687842 
13631 -31.676259 
13674 -24.125956 
13717 -30.474088 
13760 -30.910991 
13803 -23.159860 
13846 -50.651892 
13889 -43.257145 
13932 -40.815037 
13975 -48.326838 
14018 -20.109621 
14061 -24.871928 
14104 -30.373323 
14147 -19.318975 
14190 -24.511481 
14233 -28.504574 
14276 -34.914609 
14319 -29.407674 
14362 -36.769638 
14405 -31.278101 
14448 -27.825019 
14491 -26.494268 
14534 -34.561086 
14577 -34.224264 
14620 -29.198096 
14663 -18.880590 
14706 -29.497810 
14749 -23.527570 
14792 -17.314064 
14835 -28.950913 
14878 -44.490790 
14921 -35.795597 
14964 -34.928602 
