7998 4.184123 
8041 3.368479 
8084 3.551385 
8127 3.710377 
8170 3.975134 
8213 3.369818 
8256 3.329806 
8299 3.577389 
8342 1.539756 
8385 2.026898 
8428 2.669753 
8471 2.746031 
8514 2.911610 
8557 3.326269 
8600 2.597014 
8643 1.934416 
8686 2.511151 
8729 2.531041 
8772 2.543659 
8815 3.464280 
8858 2.403794 
8901 2.070302 
8944 2.289900 
8987 1.771581 
9030 1.868380 
9073 1.458522 
9116 0.958942 
9159 0.823700 
9202 0.873765 
9245 -0.062919 
9288 0.545765 
9331 0.683198 
9374 1.115058 
9417 1.558471 
9460 1.563814 
9503 2.094038 
9546 0.345671 
9589 1.149984 
9632 1.876188 
9675 0.282105 
9718 1.815467 
9761 1.751991 
9804 1.338357 
9847 1.400998 
9890 1.515073 
9933 1.095068 
9976 0.583879 
10019 0.202952 
10062 0.598331 
10105 0.068239 
10148 0.744502 
10191 2.457512 
10234 2.345634 
10277 2.568294 
10320 2.925684 
10363 2.889376 
10406 1.804802 
10449 1.601701 
10492 1.745023 
10535 1.285844 
10578 4.798721 
10621 4.557562 
10664 4.160338 
10707 5.292114 
10750 4.207408 
10793 3.555031 
10836 2.408454 
10879 2.544775 
10922 2.729496 
10965 3.493003 
11008 2.775128 
11051 3.463963 
11094 3.268055 
11137 2.610759 
11180 2.167497 
11223 1.933332 
11266 1.898977 
11309 1.755017 
11352 2.164355 
11395 1.351746 
11438 0.148546 
11481 -0.802346 
11524 -1.375523 
11567 -1.250857 
11610 -2.204032 
11653 -2.235676 
11696 -1.887381 
11739 -3.480437 
11782 -5.280224 
11825 -6.595534 
11868 -7.623105 
11911 -7.872781 
11954 -7.406249 
11997 -7.607420 
12040 -7.798744 
12083 -7.957731 
12126 -8.058771 
12169 -7.439458 
12212 -1.815101 
12255 -7.594608 
12298 -7.920742 
12341 -10.209550 
12384 -9.895606 
12427 -5.407879 
12470 -1.441745 
12513 0.515137 
12556 1.235416 
12599 -0.022108 
12642 4.111785 
12685 2.486044 
12728 1.530646 
12771 3.476272 
12814 5.005167 
12857 4.400678 
12900 4.612907 
12943 2.626916 
12986 4.878426 
13029 14.012058 
13072 3.301263 
13115 8.033253 
13158 7.401722 
13201 8.499922 
13244 12.049864 
13287 3.870894 
13330 7.697545 
13373 5.409167 
13416 6.670646 
13459 9.126894 
13502 10.710898 
13545 11.879580 
13588 10.507563 
13631 11.218383 
13674 14.455636 
13717 11.616800 
13760 11.572042 
13803 7.390842 
13846 7.159562 
13889 11.035721 
13932 8.270762 
13975 9.712721 
14018 11.594719 
14061 9.898146 
14104 3.089962 
14147 1.687678 
14190 8.703289 
14233 6.467461 
14276 11.199204 
14319 9.464993 
14362 19.038977 
14405 6.655504 
14448 8.672330 
14491 8.268879 
14534 7.938296 
14577 9.232415 
14620 11.264263 
14663 8.333756 
14706 5.753436 
14749 2.771442 
14792 -1.112795 
14835 4.509267 
14878 10.128785 
14921 10.765338 
14964 10.259750 
