0 -29.169385 
43 -28.859502 
86 -29.111156 
129 -13.340528 
172 -6.398076 
215 -12.413448 
258 -12.772709 
301 -2.604896 
344 -28.576169 
387 -25.789883 
430 -31.181838 
473 -31.335013 
516 -31.842153 
559 -32.539655 
602 -27.574596 
645 -28.022041 
688 -25.940761 
731 -19.315712 
774 -23.175458 
817 -18.144424 
860 -20.786339 
903 -24.676612 
946 -27.215643 
989 -27.762348 
1032 -24.623656 
1075 -23.910323 
1118 -23.219313 
1161 -20.761224 
1204 -26.686805 
1247 -18.820554 
1290 -22.655876 
1333 -29.815443 
1376 -23.359587 
1419 -27.877245 
1462 -20.449281 
1505 -11.141115 
1548 -20.766062 
1591 -31.068249 
1634 -24.536042 
1677 -27.081413 
1720 -19.634232 
1763 -19.584887 
1806 -21.971128 
1849 -28.186077 
1892 -15.987743 
1935 -17.887642 
1978 -20.250373 
2021 -19.244551 
2064 -18.968718 
2107 -20.070279 
2150 -23.595921 
2193 -28.439844 
2236 -37.847233 
2279 -11.006994 
2322 -16.398541 
2365 -11.507491 
2408 -13.548415 
2451 -16.187765 
2494 -17.114825 
2537 -16.750274 
2580 -15.428954 
2623 -17.003371 
2666 -12.057338 
2709 -12.979146 
2752 -15.691237 
2795 -10.224514 
2838 -9.273481 
2881 -0.941166 
2924 -11.185347 
2967 -4.655045 
3010 -8.142675 
3053 3.933453 
3096 -3.795018 
3139 -4.642962 
3182 -10.631398 
3225 -13.943319 
3268 -16.026852 
3311 -9.364078 
3354 -6.766466 
3397 -8.084296 
3440 -18.353055 
3483 -13.405497 
3526 -9.636697 
3569 -10.351103 
3612 -12.564505 
3655 -3.460795 
3698 -6.189110 
3741 -4.599076 
3784 -7.415732 
3827 -0.956840 
3870 -0.018038 
3913 -0.807734 
3956 -10.132143 
3999 -0.505232 
4042 -4.033853 
4085 -6.750692 
4128 -1.973943 
4171 -2.862601 
4214 3.645235 
4257 -8.138061 
4300 -15.956918 
4343 -8.273313 
4386 -5.668785 
4429 -1.243296 
4472 -0.325724 
4515 -0.154442 
4558 -8.526520 
4601 -3.610831 
4644 -1.966401 
4687 -12.370113 
4730 -6.050249 
4773 -12.189305 
4816 -10.434787 
4859 -6.860497 
4902 -4.227901 
4945 -5.334097 
4988 -22.053139 
5031 -15.106759 
5074 -13.479239 
5117 -17.325681 
5160 -18.035216 
5203 -8.103584 
5246 -4.631140 
5289 -1.219743 
5332 -6.061380 
5375 -8.161740 
5418 -2.633709 
5461 -6.043007 
5504 0.246660 
5547 -7.380225 
5590 -4.734188 
5633 -3.322410 
5676 2.107966 
5719 -3.872980 
5762 -11.331836 
5805 -1.983898 
5848 -3.842948 
5891 -22.104005 
5934 -10.123996 
5977 -9.742903 
6020 -3.350848 
6063 -3.873062 
6106 -3.859697 
6149 -8.879840 
6192 -10.954745 
6235 -4.890066 
6278 -4.282116 
6321 -8.021869 
6364 -8.446122 
6407 -12.034937 
6450 -40.598846 
6493 -21.286557 
6536 -21.115988 
6579 -10.965178 
6622 -18.474751 
6665 -15.643342 
6708 -18.760914 
6751 -15.870979 
6794 -16.702648 
6837 -19.206918 
6880 -15.679475 
6923 -13.705630 
6966 -10.041804 
7009 6.243119 
7052 -12.675507 
7095 -22.628398 
7138 -24.121519 
7181 -18.000878 
7224 -15.626546 
7267 -16.104097 
7310 -14.751567 
7353 -19.821736 
7396 -15.981333 
7439 -23.802840 
7482 -23.955851 
7525 -27.471975 
7568 -20.920424 
7611 -20.303437 
7654 -18.711042 
7697 -8.694770 
7740 -19.546864 
7783 -21.587291 
7826 -24.318017 
7869 -37.301278 
7912 -14.952489 
7955 -11.636124 
7998 -29.262605 
8041 -24.206158 
8084 -13.273119 
8127 -21.280008 
8170 -35.653942 
8213 -20.189249 
8256 -18.982078 
8299 -19.632123 
8342 -26.800626 
8385 -28.104432 
8428 -27.713723 
8471 -29.647134 
8514 -32.852699 
8557 -31.487823 
8600 -26.661956 
8643 -36.683250 
8686 -23.818738 
8729 -26.725400 
8772 -28.946250 
8815 -32.173481 
8858 -24.663552 
8901 -20.416281 
8944 -28.160736 
8987 -30.370410 
9030 -31.668064 
9073 -30.530977 
9116 -30.446650 
9159 -28.325624 
9202 -27.088776 
9245 -33.879052 
9288 -34.918738 
9331 -44.150347 
9374 -48.836952 
9417 -34.864360 
9460 -43.300819 
9503 -42.919148 
9546 -41.521605 
9589 -37.664876 
9632 -35.814335 
9675 -43.067981 
9718 -36.900273 
9761 -38.310205 
9804 -33.591172 
9847 -42.567069 
9890 -54.996558 
9933 -42.608976 
9976 -35.024462 
10019 -35.987495 
10062 -31.029052 
10105 -46.937888 
10148 -52.730515 
10191 -38.287688 
10234 -33.220374 
10277 -26.989825 
10320 -34.702823 
10363 -35.773887 
10406 -32.223028 
10449 -31.474035 
10492 -31.830189 
10535 -42.877608 
10578 -34.163175 
10621 -37.346402 
10664 -43.836728 
10707 -27.987765 
10750 -15.767438 
10793 -20.943454 
10836 -20.812849 
10879 -13.725468 
10922 -24.027673 
10965 -30.909931 
11008 -25.781227 
11051 -28.933234 
11094 -26.215958 
11137 -22.034307 
11180 -19.107625 
11223 -14.513781 
11266 -15.463440 
11309 -10.693758 
11352 -13.557210 
11395 -10.369900 
11438 -23.496803 
11481 -22.007544 
11524 -20.208559 
11567 -15.299349 
11610 -21.515988 
11653 -27.717727 
11696 -43.195451 
11739 -31.053474 
11782 -29.803172 
11825 -27.520857 
11868 -28.992612 
11911 -20.122178 
11954 -26.778304 
11997 -28.762317 
12040 -32.575305 
12083 -26.541103 
12126 -22.470429 
12169 -31.991369 
12212 -41.980208 
12255 -32.228277 
12298 -28.545494 
12341 -23.847065 
12384 -34.154060 
12427 -24.802393 
12470 -27.959715 
12513 -25.376327 
12556 -28.050527 
12599 -28.827140 
12642 -26.932896 
12685 -30.062553 
12728 -44.306968 
12771 -49.270828 
12814 -31.601421 
12857 -27.861883 
12900 -33.233917 
12943 -49.726701 
12986 -35.662244 
13029 -19.629567 
13072 -28.520109 
13115 -25.850933 
13158 -27.189456 
13201 -31.463911 
13244 -32.381761 
13287 -39.286100 
13330 -37.038103 
13373 -40.487678 
13416 -56.513464 
13459 -39.900569 
13502 -35.344221 
13545 -30.077425 
13588 -30.572109 
13631 -40.951031 
13674 -41.487100 
13717 -59.193601 
13760 -49.684749 
13803 -45.711453 
13846 -26.988171 
13889 -45.847846 
13932 -35.461746 
13975 -27.883707 
14018 -14.515903 
14061 -31.833369 
14104 -38.459882 
14147 -44.630980 
14190 -38.274872 
14233 -33.290967 
14276 -30.979216 
14319 -26.464891 
14362 -32.208169 
14405 -34.812967 
14448 -23.449130 
14491 -27.309609 
14534 -28.475459 
14577 -23.307209 
14620 -29.436346 
14663 -32.884286 
14706 -29.637481 
14749 -39.084002 
14792 -33.639860 
14835 -34.127144 
14878 -41.702508 
14921 -33.951531 
14964 -34.303706 
