7998 -2.055294 
8041 1.820970 
8084 -1.992943 
8127 0.266026 
8170 2.883343 
8213 0.451238 
8256 1.142857 
8299 -0.694325 
8342 0.068382 
8385 1.068615 
8428 2.833929 
8471 -1.080116 
8514 -0.624856 
8557 -2.104527 
8600 -1.682952 
8643 -1.637198 
8686 -1.107445 
8729 -0.294563 
8772 -1.983597 
8815 -0.832915 
8858 -0.230396 
8901 0.422006 
8944 0.588849 
8987 0.819698 
9030 1.021830 
9073 1.928997 
9116 0.670077 
9159 -1.198334 
9202 0.870113 
9245 -1.303282 
9288 -7.604160 
9331 -3.189389 
9374 -5.792847 
9417 -5.953458 
9460 -4.961224 
9503 -5.133354 
9546 -8.631692 
9589 -7.692311 
9632 -7.527246 
9675 -7.456568 
9718 -10.581348 
9761 -7.107779 
9804 -4.486544 
9847 -5.083834 
9890 -3.807856 
9933 -8.635154 
9976 -18.584286 
10019 -8.190489 
10062 -6.450168 
10105 -3.799474 
10148 -0.837747 
10191 2.067032 
10234 -0.915278 
10277 -2.436647 
10320 -9.290500 
10363 -11.078438 
10406 -8.838331 
10449 -7.808841 
10492 -6.169074 
10535 -1.746159 
10578 -2.615772 
10621 -11.199443 
10664 -2.993389 
10707 -1.845625 
10750 -1.868553 
10793 -5.478403 
10836 2.589116 
10879 0.193278 
10922 -2.253214 
10965 -2.670636 
11008 -3.147911 
11051 -2.979170 
11094 -2.796599 
11137 -3.754106 
11180 -1.239479 
11223 0.063323 
11266 0.331893 
11309 0.822324 
11352 -1.667252 
11395 -2.723776 
11438 -1.838523 
11481 -1.829983 
11524 -2.372297 
11567 -1.592393 
11610 -1.276381 
11653 -2.169870 
11696 -2.599822 
11739 -2.721877 
11782 -2.155266 
11825 -2.774472 
11868 -2.668512 
11911 -5.676679 
11954 -4.847329 
11997 -5.153283 
12040 -8.495935 
12083 -16.282885 
12126 -20.061951 
12169 -15.568027 
12212 -12.145009 
12255 -19.337976 
12298 -22.021112 
12341 -9.277297 
12384 -21.951262 
12427 -18.152492 
12470 -14.443119 
12513 -10.062355 
12556 -7.703497 
12599 -4.251806 
12642 -5.261273 
12685 -4.432437 
12728 -5.878105 
12771 -3.556635 
12814 -0.968006 
12857 -0.650622 
12900 -3.275932 
12943 -5.684292 
12986 -6.348686 
13029 -2.050137 
13072 -0.238688 
13115 1.082123 
13158 1.973185 
13201 0.498470 
13244 0.615874 
13287 1.357036 
13330 2.212679 
13373 3.947167 
13416 4.469194 
13459 6.084791 
13502 14.577014 
13545 4.832231 
13588 6.796340 
13631 10.037896 
13674 9.511639 
13717 14.455845 
13760 12.747950 
13803 15.082356 
13846 17.172954 
13889 15.424086 
13932 15.466097 
13975 10.181877 
14018 11.124877 
14061 11.257290 
14104 11.411000 
14147 12.313208 
14190 13.636605 
14233 15.597355 
14276 11.300526 
14319 9.748343 
14362 5.722350 
14405 19.270555 
14448 14.631934 
14491 12.857167 
14534 9.477719 
14577 19.858323 
14620 14.950425 
14663 7.316011 
14706 6.596524 
14749 0.298968 
14792 5.779734 
14835 0.471482 
14878 5.951918 
14921 15.796612 
14964 11.222262 
