0 -33.839675 
43 -26.516524 
86 -26.219075 
129 -20.449281 
172 -18.471846 
215 -14.412420 
258 -16.039592 
301 -17.727757 
344 -27.815843 
387 -37.620203 
430 -39.912078 
473 -39.804574 
516 -50.737774 
559 -42.047596 
602 -43.050312 
645 -40.656454 
688 -38.300710 
731 -33.879935 
774 -29.966925 
817 -23.964664 
860 -28.298359 
903 -33.920350 
946 -25.109101 
989 -30.190753 
1032 -28.131925 
1075 -29.437684 
1118 -33.863198 
1161 -32.363291 
1204 -34.217379 
1247 -53.185365 
1290 -32.121722 
1333 -31.319882 
1376 -30.081849 
1419 -30.474096 
1462 -24.191518 
1505 -26.565217 
1548 -26.536996 
1591 -20.050273 
1634 -22.639773 
1677 -27.278433 
1720 -20.064492 
1763 -22.086617 
1806 -24.458492 
1849 -21.977318 
1892 -20.981042 
1935 -17.339715 
1978 -27.588062 
2021 -29.165111 
2064 -26.676702 
2107 -24.824671 
2150 -26.735550 
2193 -23.474954 
2236 -29.218727 
2279 -21.992866 
2322 -19.475990 
2365 -18.127620 
2408 -16.211006 
2451 -21.064024 
2494 -17.742907 
2537 -16.925818 
2580 -16.064892 
2623 -20.107095 
2666 -19.986395 
2709 -16.551426 
2752 -18.109785 
2795 -23.328718 
2838 -14.665577 
2881 -17.968728 
2924 -18.704873 
2967 -9.224919 
3010 -18.194766 
3053 -23.760201 
3096 -14.916198 
3139 -18.257714 
3182 -15.192290 
3225 -12.204046 
3268 -8.975736 
3311 -8.881759 
3354 -8.528273 
3397 -12.278804 
3440 -11.479702 
3483 -2.737111 
3526 -12.134744 
3569 -6.389029 
3612 -7.577397 
3655 -7.395826 
3698 -8.275595 
3741 -3.286152 
3784 -2.369787 
3827 -7.533474 
3870 -10.296867 
3913 -10.434561 
3956 -11.067427 
3999 -5.431792 
4042 -1.488258 
4085 -0.719060 
4128 -2.397239 
4171 -3.676310 
4214 -8.076537 
4257 20.944225 
4300 -6.365976 
4343 -4.993332 
4386 -5.923343 
4429 -12.522842 
4472 -6.903447 
4515 -7.531747 
4558 -10.246380 
4601 -12.263062 
4644 -15.430479 
4687 -7.390065 
4730 -7.698869 
4773 -13.143274 
4816 -13.134827 
4859 -14.290311 
4902 -16.017384 
4945 -9.216133 
4988 -25.297881 
5031 -17.115567 
5074 -7.974626 
5117 -12.151710 
5160 -15.843233 
5203 -2.058869 
5246 -10.016883 
5289 -11.840747 
5332 -10.410539 
5375 -9.421888 
5418 -10.584235 
5461 -12.429911 
5504 -11.641176 
5547 -10.165960 
5590 -10.974873 
5633 -15.537216 
5676 -14.173746 
5719 -15.006148 
5762 -16.666508 
5805 -12.971679 
5848 -16.468055 
5891 -9.513343 
5934 -21.491341 
5977 -17.404668 
6020 -16.426133 
6063 -14.903690 
6106 -20.818266 
6149 -22.081484 
6192 -17.622967 
6235 -35.859147 
6278 -29.997762 
6321 -25.689224 
6364 -25.398885 
6407 -22.315507 
6450 -21.855830 
6493 -28.142949 
6536 -22.962971 
6579 -31.860314 
6622 -25.434585 
6665 -29.478690 
6708 -29.439570 
6751 -24.684234 
6794 -27.265873 
6837 -24.116616 
6880 -20.003124 
6923 -23.312315 
6966 -21.538146 
7009 -28.194213 
7052 -19.338873 
7095 -18.775433 
7138 -22.043819 
7181 -17.587775 
7224 -29.379729 
7267 -26.847969 
7310 -24.991708 
7353 -26.055799 
7396 -20.530869 
7439 -9.808139 
7482 -19.856853 
7525 -21.388024 
7568 -23.448053 
7611 -21.346228 
7654 -28.370542 
7697 -21.336128 
7740 -25.830543 
7783 -26.086401 
7826 -47.890761 
7869 -42.577026 
7912 -38.892365 
7955 -37.707853 
7998 -23.672268 
8041 -21.207030 
8084 -30.848370 
8127 -37.653234 
8170 -35.621525 
8213 -33.096835 
8256 -27.033951 
8299 -31.118119 
8342 -27.141762 
8385 -22.822787 
8428 -30.578010 
8471 -26.376802 
8514 -26.749111 
8557 -28.953691 
8600 -31.151026 
8643 -32.738011 
8686 -32.373468 
8729 -36.298663 
8772 -26.453612 
8815 -34.017750 
8858 -29.081276 
8901 -30.057505 
8944 -34.014973 
8987 -24.589854 
9030 -35.399607 
9073 -37.877324 
9116 -39.325817 
9159 -46.998705 
9202 -32.457578 
9245 -35.450038 
9288 -38.231082 
9331 -34.750896 
9374 -46.185120 
9417 -35.727131 
9460 -42.265614 
9503 -52.324172 
9546 -39.593449 
9589 -32.384765 
9632 -49.887608 
9675 -51.066617 
9718 -43.240823 
9761 -39.781859 
9804 -31.562950 
9847 -33.798237 
9890 -31.966503 
9933 -33.365509 
9976 -34.102360 
10019 -34.814130 
10062 -33.744580 
10105 -31.492743 
10148 -37.767024 
10191 -39.757635 
10234 -40.673827 
10277 -49.855488 
10320 -39.823298 
10363 -44.372802 
10406 -36.186431 
10449 -35.446795 
10492 -36.096305 
10535 -39.449779 
10578 -60.170906 
10621 -43.125658 
10664 -40.913045 
10707 -43.313092 
10750 -53.576620 
10793 -42.492533 
10836 -38.885847 
10879 -33.014247 
10922 -46.760405 
10965 -43.340780 
11008 -45.925450 
11051 -42.044172 
11094 -32.116147 
11137 -39.470041 
11180 -35.773504 
11223 -31.200339 
11266 -44.074384 
11309 -46.902547 
11352 -50.792734 
11395 -34.051968 
11438 -24.239045 
11481 -24.717230 
11524 -41.084654 
11567 -43.386137 
11610 -36.439079 
11653 -26.745618 
11696 -25.865283 
11739 -30.773729 
11782 -34.577491 
11825 -34.814588 
11868 -44.208730 
11911 -32.302242 
11954 -38.037575 
11997 -34.278802 
12040 -24.643945 
12083 -27.113023 
12126 -29.219385 
12169 -23.134352 
12212 -33.805554 
12255 -38.482640 
12298 -36.007742 
12341 -42.974669 
12384 -36.678286 
12427 -37.827427 
12470 -43.040644 
12513 -38.617929 
12556 -38.278927 
12599 -38.548521 
12642 -41.435414 
12685 -43.631497 
12728 -41.049746 
12771 -42.002974 
12814 -48.287152 
12857 -29.407502 
12900 -35.293427 
12943 -22.392514 
12986 -35.047010 
13029 -33.074713 
13072 -38.322910 
13115 -25.251711 
13158 -44.990301 
13201 -32.608294 
13244 -52.033747 
13287 -36.939339 
13330 -25.036455 
13373 -10.977114 
13416 -24.518414 
13459 -34.485683 
13502 -43.730154 
13545 -34.690682 
13588 -38.665819 
13631 -43.887206 
13674 -48.120765 
13717 -41.634267 
13760 -41.397854 
13803 -28.373125 
13846 -37.197974 
13889 -34.870779 
13932 -40.402497 
13975 -41.544323 
14018 -40.298350 
14061 -23.096958 
14104 -24.979097 
14147 -28.244948 
14190 -35.903597 
14233 -35.333480 
14276 -31.821278 
14319 -33.821311 
14362 -44.229977 
14405 -33.491571 
14448 -42.529363 
14491 -32.456602 
14534 -38.400215 
14577 -36.074544 
14620 -43.167140 
14663 -38.279527 
14706 -45.395546 
14749 -31.437271 
14792 -33.945919 
14835 -34.745643 
14878 -39.340591 
14921 -37.733010 
14964 -34.622554 
