7998 0.412356 
8041 1.217889 
8084 0.584469 
8127 2.703577 
8170 3.733306 
8213 3.401698 
8256 5.236987 
8299 4.167356 
8342 1.827892 
8385 2.091429 
8428 1.533335 
8471 1.344921 
8514 1.700468 
8557 1.740651 
8600 1.258447 
8643 1.345605 
8686 1.411878 
8729 1.293247 
8772 1.087740 
8815 2.039854 
8858 2.942602 
8901 3.237589 
8944 4.762238 
8987 1.490457 
9030 2.499225 
9073 0.302768 
9116 0.686393 
9159 9.733089 
9202 -4.899649 
9245 0.815253 
9288 -11.117285 
9331 -2.071452 
9374 -4.637514 
9417 -1.884210 
9460 -2.367945 
9503 -0.345134 
9546 -4.217205 
9589 -5.329717 
9632 -7.812552 
9675 -0.852560 
9718 -11.517555 
9761 -15.171167 
9804 -10.115095 
9847 0.812439 
9890 -9.443464 
9933 -9.744463 
9976 -5.708345 
10019 -3.817082 
10062 -3.215311 
10105 -3.919874 
10148 0.979212 
10191 -0.844658 
10234 -1.427418 
10277 -1.545566 
10320 -9.023555 
10363 -4.863897 
10406 -3.154098 
10449 -0.232977 
10492 -0.596921 
10535 -1.579626 
10578 0.153213 
10621 -5.020628 
10664 2.434703 
10707 4.066156 
10750 -1.170299 
10793 1.935860 
10836 2.129524 
10879 0.267782 
10922 0.994371 
10965 -2.115167 
11008 -0.583984 
11051 -0.567332 
11094 -0.051533 
11137 -0.172386 
11180 1.009960 
11223 -0.373003 
11266 2.612058 
11309 -1.664477 
11352 -1.868184 
11395 -2.371324 
11438 -2.172906 
11481 -1.854647 
11524 -1.210280 
11567 -2.335792 
11610 -3.460232 
11653 -3.564825 
11696 -4.185844 
11739 -4.150641 
11782 -3.933856 
11825 -1.864362 
11868 -11.245864 
11911 -9.998301 
11954 -10.291832 
11997 -16.779670 
12040 -9.708478 
12083 -9.559680 
12126 -9.417016 
12169 -9.081348 
12212 -8.877713 
12255 -3.122584 
12298 -13.389047 
12341 -11.378624 
12384 -9.274166 
12427 -13.217885 
12470 -6.318148 
12513 -4.976923 
12556 -10.782974 
12599 -12.982659 
12642 -16.168221 
12685 -8.027700 
12728 -8.270133 
12771 -2.492303 
12814 0.372978 
12857 -3.933456 
12900 -2.661172 
12943 -5.792763 
12986 -32.094600 
13029 -2.161372 
13072 0.106652 
13115 0.064294 
13158 7.810177 
13201 7.556691 
13244 5.726533 
13287 13.170081 
13330 12.928925 
13373 7.218827 
13416 4.504714 
13459 3.308581 
13502 2.095508 
13545 8.641166 
13588 13.500582 
13631 7.704999 
13674 13.104995 
13717 12.204236 
13760 10.382818 
13803 11.536326 
13846 16.053342 
13889 18.277182 
13932 21.298095 
13975 16.109848 
14018 1.596351 
14061 5.989269 
14104 6.337272 
14147 4.910635 
14190 8.827974 
14233 1.326742 
14276 1.908411 
14319 10.703877 
14362 9.812272 
14405 16.739149 
14448 13.474397 
14491 9.964902 
14534 9.611001 
14577 4.398368 
14620 -1.287299 
14663 6.574662 
14706 10.414805 
14749 10.851257 
14792 25.720954 
14835 13.553613 
14878 4.388613 
14921 12.382786 
14964 8.422421 
