7998 -23.564326 
8041 -28.555754 
8084 -32.752742 
8127 -30.005664 
8170 -23.931652 
8213 -30.359836 
8256 -36.425000 
8299 -28.842629 
8342 -21.685871 
8385 -28.011023 
8428 -29.599071 
8471 -27.825393 
8514 -24.018926 
8557 -26.643787 
8600 -17.858576 
8643 -24.077320 
8686 -31.370952 
8729 -30.912767 
8772 -27.085959 
8815 -30.448458 
8858 -22.622188 
8901 -25.117229 
8944 -24.744244 
8987 -24.842294 
9030 -21.989701 
9073 -27.573788 
9116 -34.271273 
9159 -31.282274 
9202 -25.968058 
9245 -26.446983 
9288 -22.395034 
9331 -36.704851 
9374 -23.717441 
9417 -27.206367 
9460 -20.832627 
9503 -24.493192 
9546 -25.830045 
9589 -28.798208 
9632 -28.976647 
9675 -36.782566 
9718 -31.748167 
9761 -25.311852 
9804 -17.370559 
9847 -22.024895 
9890 -25.798664 
9933 -25.859056 
9976 -23.104534 
10019 -32.410792 
10062 -23.826727 
10105 -26.216479 
10148 -17.653551 
10191 -35.558418 
10234 -19.149163 
10277 -23.670705 
10320 -22.612074 
10363 -18.936183 
10406 -10.782223 
10449 -18.907832 
10492 -19.954318 
10535 -28.245947 
10578 -29.567970 
10621 -23.773969 
10664 -18.505943 
10707 -19.116959 
10750 -16.807599 
10793 -22.933235 
10836 -27.251191 
10879 -27.738790 
10922 -18.970410 
10965 -20.413985 
11008 -18.540670 
11051 -15.164617 
11094 -10.651134 
11137 -12.729884 
11180 -11.958952 
11223 -13.865418 
11266 -8.928487 
11309 -13.691417 
11352 -17.883979 
11395 -24.949508 
11438 -23.837715 
11481 -23.366363 
11524 -17.775794 
11567 -24.795419 
11610 -39.626953 
11653 -36.867770 
11696 -27.269350 
11739 -32.919840 
11782 -26.211590 
11825 -31.331271 
11868 -36.115723 
11911 -36.462602 
11954 -28.517290 
11997 -35.028442 
12040 -46.341665 
12083 -51.161873 
12126 -45.635743 
12169 -49.765696 
12212 -44.141378 
12255 -51.433499 
12298 -46.379490 
12341 -49.816883 
12384 -48.164379 
12427 -49.758494 
12470 -48.309199 
12513 -40.005721 
12556 -34.068982 
12599 -45.550336 
12642 -37.698389 
12685 -41.618998 
12728 -43.803120 
12771 -37.235624 
12814 -31.024324 
12857 -45.081921 
12900 -27.749116 
12943 -33.718810 
12986 -38.560195 
13029 -49.644805 
13072 -38.066861 
13115 -53.332625 
13158 -42.313393 
13201 -52.615714 
13244 -51.699484 
13287 -57.406879 
13330 -55.173189 
13373 -51.805356 
13416 -46.416787 
13459 -45.053527 
13502 -35.938760 
13545 -49.322758 
13588 -40.917610 
13631 -45.811539 
13674 -42.556471 
13717 -41.529135 
13760 -35.018019 
13803 -40.812061 
13846 -42.891295 
13889 -51.801953 
13932 -41.171758 
13975 -45.384227 
14018 -45.795395 
14061 -47.539837 
14104 -46.442803 
14147 -46.982033 
14190 -44.481880 
14233 -47.196060 
14276 -40.892011 
14319 -48.069050 
14362 -44.882075 
14405 -50.069488 
14448 -52.128823 
14491 -57.140351 
14534 -60.333153 
14577 -54.845523 
14620 -48.634127 
14663 -54.319626 
14706 -61.252978 
14749 -59.047131 
14792 -50.541293 
14835 -57.516489 
14878 -54.116245 
14921 -57.158972 
14964 -53.783771 
