7998 -29.924639 
8041 -35.208520 
8084 -40.913470 
8127 -36.238136 
8170 -30.158190 
8213 -37.071983 
8256 -41.953932 
8299 -39.989942 
8342 -31.943172 
8385 -37.455163 
8428 -36.855589 
8471 -37.959957 
8514 -33.616659 
8557 -37.221275 
8600 -31.584170 
8643 -37.947345 
8686 -46.496406 
8729 -40.047171 
8772 -34.567599 
8815 -33.614766 
8858 -27.188357 
8901 -30.428231 
8944 -29.966109 
8987 -32.694822 
9030 -28.201911 
9073 -33.744372 
9116 -40.511023 
9159 -38.657059 
9202 -34.874334 
9245 -38.336799 
9288 -31.948892 
9331 -43.108501 
9374 -40.420122 
9417 -43.498602 
9460 -34.722800 
9503 -39.988556 
9546 -39.295110 
9589 -43.904306 
9632 -47.789338 
9675 -55.621636 
9718 -64.017633 
9761 -39.161153 
9804 -31.770928 
9847 -35.990228 
9890 -37.891027 
9933 -41.339149 
9976 -42.198027 
10019 -38.098555 
10062 -32.499023 
10105 -39.598961 
10148 -27.642792 
10191 -39.545157 
10234 -32.342370 
10277 -38.740680 
10320 -36.071290 
10363 -26.698873 
10406 -19.546314 
10449 -26.659493 
10492 -33.866535 
10535 -40.928023 
10578 -37.550273 
10621 -31.882574 
10664 -26.472122 
10707 -26.097424 
10750 -22.620065 
10793 -28.950417 
10836 -39.904494 
10879 -38.209675 
10922 -29.782856 
10965 -30.763948 
11008 -26.646966 
11051 -26.927045 
11094 -24.196488 
11137 -25.067536 
11180 -22.544911 
11223 -23.615638 
11266 -16.740060 
11309 -21.639132 
11352 -26.171878 
11395 -34.741143 
11438 -30.067454 
11481 -26.749597 
11524 -20.985115 
11567 -27.880033 
11610 -39.930947 
11653 -35.627966 
11696 -28.427883 
11739 -37.536286 
11782 -27.355807 
11825 -32.415845 
11868 -36.299492 
11911 -32.609468 
11954 -26.063844 
11997 -31.520374 
12040 -37.174825 
12083 -52.689489 
12126 -34.409598 
12169 -47.031409 
12212 -41.266603 
12255 -53.641697 
12298 -40.100119 
12341 -49.169758 
12384 -51.739141 
12427 -59.124522 
12470 -65.758060 
12513 -52.278772 
12556 -45.727883 
12599 -55.436338 
12642 -49.757331 
12685 -53.400203 
12728 -51.557361 
12771 -44.740692 
12814 -38.664474 
12857 -42.534451 
12900 -31.617783 
12943 -39.561913 
12986 -44.579588 
13029 -54.226228 
13072 -47.896644 
13115 -65.013336 
13158 -50.637663 
13201 -62.498749 
13244 -58.386005 
13287 -56.582510 
13330 -52.432345 
13373 -55.768796 
13416 -57.163550 
13459 -57.939340 
13502 -47.836977 
13545 -66.367578 
13588 -50.396988 
13631 -51.946084 
13674 -47.842586 
13717 -44.375380 
13760 -39.791506 
13803 -46.062392 
13846 -50.074833 
13889 -55.794907 
13932 -43.725255 
13975 -49.579613 
14018 -51.010733 
14061 -53.537928 
14104 -53.191537 
14147 -50.951054 
14190 -46.622956 
14233 -46.715817 
14276 -42.266402 
14319 -51.179071 
14362 -45.734214 
14405 -51.525239 
14448 -52.397241 
14491 -58.232084 
14534 -65.366791 
14577 -54.831274 
14620 -48.131225 
14663 -53.151997 
14706 -56.066881 
14749 -55.014937 
14792 -46.436668 
14835 -56.449370 
14878 -52.922549 
14921 -50.899586 
14964 -46.150949 
