7998 -22.909479 
8041 -25.102353 
8084 -23.588213 
8127 -25.279660 
8170 -21.374580 
8213 -38.058035 
8256 -24.904661 
8299 -24.012497 
8342 -18.096820 
8385 -25.808645 
8428 -39.244453 
8471 -35.314326 
8514 -30.213282 
8557 -27.673436 
8600 -22.764630 
8643 -36.022263 
8686 -24.756018 
8729 -20.914081 
8772 -15.983346 
8815 -21.413523 
8858 -22.382286 
8901 -30.291155 
8944 -36.151152 
8987 -50.507948 
9030 -32.507324 
9073 -46.108584 
9116 -35.844591 
9159 -34.348127 
9202 -29.015156 
9245 -34.777998 
9288 -35.830049 
9331 -27.817921 
9374 -21.447518 
9417 -31.048834 
9460 -25.138097 
9503 -37.493117 
9546 -29.037776 
9589 -30.168635 
9632 -21.794000 
9675 -25.306894 
9718 -23.957970 
9761 -33.756234 
9804 -36.994293 
9847 -45.799437 
9890 -36.833018 
9933 -30.581428 
9976 -24.292833 
10019 -29.659353 
10062 -30.103875 
10105 -30.531957 
10148 -24.715083 
10191 -30.425411 
10234 -28.398961 
10277 -38.707226 
10320 -24.587588 
10363 -24.633647 
10406 -22.084249 
10449 -28.185893 
10492 -31.793450 
10535 -45.162676 
10578 -35.947611 
10621 -43.478348 
10664 -34.417708 
10707 -41.605985 
10750 -37.562791 
10793 -33.007404 
10836 -26.348498 
10879 -33.346811 
10922 -26.335819 
10965 -45.466688 
11008 -23.941233 
11051 -32.546712 
11094 -20.573247 
11137 -29.660024 
11180 -32.984942 
11223 -23.669645 
11266 -16.253719 
11309 -23.715901 
11352 -43.124952 
11395 -29.106194 
11438 -22.959234 
11481 -33.583404 
11524 -27.116526 
11567 -36.446606 
11610 -38.502270 
11653 -43.946794 
11696 -35.005405 
11739 -39.313339 
11782 -39.290455 
11825 -41.363447 
11868 -37.332039 
11911 -38.683407 
11954 -36.478697 
