7998 11.946671 
8041 10.118269 
8084 9.175843 
8127 11.479301 
8170 9.558109 
8213 4.355885 
8256 9.776180 
8299 6.067359 
8342 5.273948 
8385 11.149036 
8428 5.008383 
8471 4.006224 
8514 0.814055 
8557 -3.202758 
8600 -6.556416 
8643 -5.168739 
8686 -1.261189 
8729 -2.805239 
8772 -2.702390 
8815 -0.201204 
8858 -7.174602 
8901 -7.218186 
8944 0.117428 
8987 0.869908 
9030 1.683670 
9073 -3.490816 
9116 5.196279 
9159 2.318883 
9202 -2.997243 
9245 -13.991602 
9288 -9.804352 
9331 -10.322746 
9374 -11.190480 
9417 -15.670333 
9460 -21.220944 
9503 -19.684002 
9546 -11.666663 
9589 -9.031142 
9632 -10.599433 
9675 -2.549004 
9718 0.798224 
9761 0.125904 
9804 -3.412217 
9847 0.276010 
9890 3.607816 
9933 4.596551 
9976 5.003895 
10019 6.625546 
10062 9.032630 
10105 14.207874 
10148 12.510885 
10191 15.334663 
10234 14.445927 
10277 8.781312 
10320 19.983317 
10363 25.107038 
10406 19.173176 
10449 21.665323 
10492 24.817399 
10535 14.356880 
10578 12.084288 
10621 14.479882 
10664 21.501260 
10707 16.541792 
10750 18.003765 
10793 21.283030 
10836 22.434064 
10879 12.750577 
10922 13.638580 
10965 14.418196 
11008 12.405197 
11051 6.613434 
11094 6.942279 
11137 5.167222 
11180 2.144372 
11223 6.257498 
11266 5.434488 
11309 5.533777 
11352 7.346325 
11395 8.263082 
11438 8.586812 
11481 4.127291 
11524 16.376324 
11567 14.696665 
11610 17.895858 
11653 15.689845 
11696 17.068046 
11739 15.767105 
11782 10.551408 
11825 10.662757 
11868 7.489674 
11911 3.883115 
11954 4.458288 
11997 6.879254 
12040 -1.482173 
12083 3.883836 
12126 4.467007 
12169 3.108396 
12212 3.597944 
12255 13.086254 
12298 -10.376739 
12341 -1.232434 
12384 5.867953 
12427 -0.712542 
12470 14.254839 
12513 14.936678 
12556 -1.161672 
12599 0.884465 
12642 0.878818 
12685 4.977374 
12728 2.575952 
12771 7.376836 
12814 4.588175 
12857 4.635598 
12900 6.122026 
12943 15.162075 
12986 12.944732 
13029 16.943323 
13072 2.034027 
13115 2.611796 
13158 2.553201 
13201 7.202783 
13244 6.053074 
13287 4.075364 
13330 8.584224 
13373 7.891436 
13416 5.667542 
13459 9.691620 
13502 10.285957 
13545 10.149402 
13588 11.686449 
13631 13.099004 
13674 2.614253 
13717 11.969161 
13760 10.061196 
13803 12.420779 
13846 7.461238 
13889 10.783934 
13932 11.722943 
13975 13.950233 
14018 7.830835 
14061 3.740155 
14104 6.769681 
14147 12.180066 
14190 10.133526 
14233 6.599707 
14276 18.300369 
14319 20.582697 
14362 24.070090 
14405 30.944942 
14448 25.030092 
14491 20.134551 
14534 18.575866 
14577 19.828788 
14620 19.168141 
14663 10.708393 
14706 11.848889 
14749 7.908421 
14792 8.685086 
14835 8.926136 
14878 5.702519 
14921 7.385824 
14964 -3.036160 
