0 -34.222706 
43 -30.710461 
86 -29.400894 
129 -21.689309 
172 -11.213543 
215 -0.451723 
258 -15.375454 
301 -16.350093 
344 -33.598294 
387 -51.274196 
430 -35.594668 
473 -32.109677 
516 -28.834881 
559 -32.642153 
602 -37.148806 
645 -32.887947 
688 -31.902000 
731 -29.706048 
774 -29.291134 
817 -29.561695 
860 -25.291551 
903 -31.126765 
946 -30.019320 
989 -32.289759 
1032 -36.627256 
1075 -29.453375 
1118 -28.413884 
1161 -28.007949 
1204 -28.452094 
1247 -27.244606 
1290 -27.546894 
1333 -28.192300 
1376 -29.941557 
1419 -30.480761 
1462 -28.866096 
1505 -23.627697 
1548 -26.067060 
1591 -26.643918 
1634 -27.177530 
1677 -28.734440 
1720 -26.873067 
1763 -23.909104 
1806 -25.409432 
1849 -23.907282 
1892 -25.397586 
1935 -25.524750 
1978 -25.048422 
2021 -24.848501 
2064 -22.268284 
2107 -26.158054 
2150 -29.102986 
2193 -32.028263 
2236 -33.165364 
2279 -32.413403 
2322 -27.389477 
2365 -21.401165 
2408 -20.071836 
2451 -17.196686 
2494 -14.998227 
2537 -18.049895 
2580 -23.501626 
2623 -25.957235 
2666 -24.101197 
2709 -17.815567 
2752 -20.971019 
2795 -17.274946 
2838 -20.402860 
2881 -21.371326 
2924 -20.060640 
2967 -10.053316 
3010 -14.283955 
3053 -15.587604 
3096 -17.712161 
3139 -19.260607 
3182 -14.390413 
3225 -13.672826 
3268 -13.799529 
3311 -11.833885 
3354 -5.379081 
3397 -8.601248 
3440 -9.886547 
3483 -16.806098 
3526 -17.084302 
3569 -19.454392 
3612 -10.959631 
3655 -23.716018 
3698 -14.583203 
3741 -31.347606 
3784 -9.316481 
3827 -21.546803 
3870 -12.300861 
3913 -4.458440 
3956 -8.097942 
3999 -8.384573 
4042 -7.423645 
4085 -11.699985 
4128 -10.108260 
4171 -11.605044 
4214 -15.906170 
4257 -10.576706 
4300 -7.588112 
4343 -8.003182 
4386 -8.099305 
4429 -13.317289 
4472 -11.974429 
4515 -6.721774 
4558 -11.015459 
4601 -11.639520 
4644 -11.398499 
4687 -5.267358 
4730 -7.967918 
4773 -21.188241 
4816 -5.350722 
4859 -0.668141 
4902 -5.373073 
4945 -9.989808 
4988 -18.138195 
5031 -16.625736 
5074 -4.930688 
5117 -5.951816 
5160 -12.818716 
5203 -11.570260 
5246 -11.280609 
5289 -4.286072 
5332 -30.093799 
5375 -19.134599 
5418 -11.569508 
5461 -13.437870 
5504 -12.925596 
5547 -11.881905 
5590 -19.747700 
5633 -16.901768 
5676 -12.885628 
5719 -13.947621 
5762 -18.709082 
5805 -13.979626 
5848 -10.305450 
5891 -15.957319 
5934 -17.011574 
5977 -17.762524 
6020 -18.733739 
6063 -14.347644 
6106 -7.349389 
6149 -7.551045 
6192 -29.943590 
6235 -24.243465 
6278 -22.435068 
6321 -23.809409 
6364 -10.029514 
6407 -30.795664 
6450 -22.347725 
6493 -22.798986 
6536 -40.112035 
6579 -20.571654 
6622 -19.152748 
6665 -19.012738 
6708 -21.249540 
6751 -21.029561 
6794 -28.030196 
6837 -10.649933 
6880 -13.912175 
6923 -11.553536 
6966 -16.194231 
7009 -32.358431 
7052 -25.602748 
7095 -26.633221 
7138 -21.302879 
7181 -14.483537 
7224 -17.438061 
7267 -22.162930 
7310 -24.786630 
7353 -21.692991 
7396 -21.857822 
7439 -22.220017 
7482 -29.302948 
7525 -29.584816 
7568 -22.442627 
7611 -26.762738 
7654 -35.244851 
7697 -33.042139 
7740 -32.490713 
7783 -27.487868 
7826 -24.704876 
7869 -22.319687 
7912 -37.090665 
7955 -32.751873 
7998 -30.048875 
8041 -34.425303 
8084 -29.035642 
8127 -24.324223 
8170 -30.989667 
8213 -38.040428 
8256 -37.402177 
8299 -26.442229 
8342 -29.462456 
8385 -28.941208 
8428 -28.906993 
8471 -38.720010 
8514 -37.317608 
8557 -38.715514 
8600 -35.934192 
8643 -39.280713 
8686 -40.721673 
8729 -41.065989 
8772 -30.445249 
8815 -34.162389 
8858 -31.932298 
8901 -29.225719 
8944 -29.913389 
8987 -29.154586 
9030 -27.538590 
9073 -29.522504 
9116 -23.219494 
9159 -29.624530 
9202 -37.060472 
9245 -39.521541 
9288 -41.927349 
9331 -34.784001 
9374 -34.766123 
9417 -44.825866 
9460 -32.885840 
9503 -28.845141 
9546 -31.580293 
9589 -38.884623 
9632 -37.682157 
9675 -37.286944 
9718 -34.832183 
9761 -51.410110 
9804 -43.989449 
9847 -39.905168 
9890 -33.951431 
9933 -39.473192 
9976 -33.668328 
10019 -27.931524 
10062 -30.293036 
10105 -32.024125 
10148 -22.552723 
10191 -51.972787 
10234 -32.628037 
10277 -31.019318 
10320 -37.897677 
10363 -28.447440 
10406 -18.392819 
10449 -24.089346 
10492 -30.605816 
10535 -43.823342 
10578 -28.018720 
10621 -31.909951 
10664 -32.855405 
10707 -33.027824 
10750 -28.894277 
10793 -28.035418 
10836 -33.424355 
10879 -48.817605 
10922 -28.466218 
10965 -32.158329 
11008 -35.212403 
11051 -33.638520 
11094 -33.892240 
11137 -32.249010 
11180 -17.077195 
11223 -27.810387 
11266 -29.098316 
11309 -33.060022 
11352 -36.083400 
11395 -47.106115 
11438 -34.127227 
11481 -35.732173 
11524 -35.722757 
11567 -26.009587 
11610 -5.468451 
11653 -17.420043 
11696 -25.239308 
11739 -32.098272 
11782 -35.707226 
11825 -31.088796 
11868 -41.100098 
11911 -38.275919 
11954 -26.393097 
11997 -32.306529 
12040 -40.999874 
12083 -23.735496 
12126 -41.777517 
12169 -34.877404 
12212 -28.494173 
12255 -38.685058 
12298 -39.904160 
12341 -43.079717 
12384 -45.914039 
12427 -43.174949 
12470 -42.808650 
12513 -39.817817 
12556 -35.925676 
12599 -30.494147 
12642 -40.265148 
12685 -39.338211 
12728 -29.254013 
12771 -49.234260 
12814 -32.103177 
12857 -31.033869 
12900 -35.688968 
12943 -34.786385 
12986 -34.816221 
13029 -38.930574 
13072 -40.554165 
13115 -32.721867 
13158 -37.285292 
13201 -35.140610 
13244 -25.342432 
13287 -12.988302 
13330 -30.607614 
13373 -37.413589 
13416 -40.009248 
13459 -33.163476 
13502 -35.075941 
13545 -33.600048 
13588 -33.042495 
13631 -36.620001 
13674 -39.875254 
13717 -46.595186 
13760 -28.287442 
13803 -28.971635 
13846 -28.185413 
13889 -30.059990 
13932 -37.555582 
13975 -36.886884 
14018 -41.446091 
14061 -43.318205 
14104 -36.145674 
14147 -30.883986 
14190 -24.909853 
14233 -35.407286 
14276 -32.728036 
14319 -28.229921 
14362 -31.915262 
14405 -29.993073 
14448 -15.968242 
14491 -17.927432 
14534 -26.434437 
14577 -33.007409 
14620 -39.378209 
14663 -29.927112 
14706 -25.054053 
14749 -20.061075 
14792 -21.467580 
14835 -25.726260 
14878 -28.052962 
14921 -28.522578 
14964 -39.471007 
