0 -86.520784 
43 -32.913894 
86 -33.896798 
129 -18.356380 
172 -9.244331 
215 -12.261655 
258 -20.595495 
301 -21.946548 
344 -31.790840 
387 -31.968139 
430 -31.699393 
473 -31.629648 
516 -39.765845 
559 -44.710006 
602 -48.596412 
645 -31.796908 
688 -28.993779 
731 -28.970966 
774 -29.211855 
817 -26.272353 
860 -24.752021 
903 -22.749167 
946 -27.415374 
989 -30.038544 
1032 -42.994768 
1075 -34.848924 
1118 -33.398953 
1161 -32.150819 
1204 -13.522612 
1247 -24.749660 
1290 -31.100414 
1333 -26.369197 
1376 -27.585498 
1419 -27.346591 
1462 -29.657341 
1505 -30.801116 
1548 -29.380819 
1591 -27.757455 
1634 -28.548873 
1677 -29.920246 
1720 -26.431674 
1763 -27.889414 
1806 -28.482331 
1849 -25.391137 
1892 -22.947595 
1935 -23.050107 
1978 -26.528528 
2021 -25.465154 
2064 -26.852862 
2107 -33.361959 
2150 -31.684451 
2193 -29.042622 
2236 -33.768134 
2279 -19.499508 
2322 -22.392926 
2365 -20.849448 
2408 -18.480695 
2451 -7.019214 
2494 -18.371295 
2537 -16.439382 
2580 -20.801903 
2623 -18.765852 
2666 -19.340790 
2709 -12.177851 
2752 -23.635316 
2795 -23.019611 
2838 -16.244004 
2881 -20.411247 
2924 -12.598417 
2967 -14.651735 
3010 -6.242514 
3053 -5.820230 
3096 4.771576 
3139 1.307577 
3182 -5.559074 
3225 -13.575285 
3268 -10.468313 
3311 -8.816117 
3354 -9.186939 
3397 -12.913448 
3440 -33.914344 
3483 -19.902038 
3526 -20.244766 
3569 -13.328024 
3612 -9.595670 
3655 -0.005387 
3698 -8.642019 
3741 -8.800771 
3784 -8.479495 
3827 -11.142098 
3870 -12.789741 
3913 -12.948920 
3956 -21.195470 
3999 -14.361661 
4042 -16.266815 
4085 -17.284821 
4128 -19.748036 
4171 -5.178191 
4214 -16.439566 
4257 -23.838705 
4300 -17.911065 
4343 -12.961773 
4386 -14.299034 
4429 -16.730809 
4472 -14.151614 
4515 -6.800455 
4558 -13.317208 
4601 -11.706190 
4644 -6.336154 
4687 -17.082512 
4730 -16.591266 
4773 -13.848886 
4816 -16.670003 
4859 -10.649848 
4902 -24.603347 
4945 -21.490229 
4988 -24.518771 
5031 -40.345572 
5074 -8.019361 
5117 -25.190249 
5160 -27.624538 
5203 -24.804796 
5246 -29.950492 
5289 -30.373887 
5332 -28.789663 
5375 -23.651434 
5418 -18.872969 
5461 -21.296381 
5504 -27.858025 
5547 -26.825530 
5590 -18.356714 
5633 -19.685100 
5676 -34.151305 
5719 -37.440442 
5762 -28.240816 
5805 -23.770627 
5848 -19.372211 
5891 -25.013153 
5934 -23.775573 
5977 -14.967921 
6020 -20.733195 
6063 -18.708779 
6106 -20.211948 
6149 -24.760625 
6192 -22.862903 
6235 -29.423652 
6278 -25.220817 
6321 -25.738260 
6364 -20.095836 
6407 -25.677870 
6450 -2.377081 
6493 -9.729655 
6536 -8.984631 
6579 -18.361027 
6622 -8.062284 
6665 1.403647 
6708 -4.009030 
6751 -17.166685 
6794 -10.264085 
6837 -12.374883 
6880 -25.210477 
6923 -18.699892 
6966 -13.288739 
7009 -3.910289 
7052 -13.324488 
7095 -12.343417 
7138 -6.632719 
7181 -8.635985 
7224 -12.626482 
7267 -21.380151 
7310 -20.256979 
7353 -18.557239 
7396 -15.353900 
7439 -11.575680 
7482 -14.590030 
7525 -9.010053 
7568 -17.936289 
7611 -42.730086 
7654 -26.544075 
7697 -21.875139 
7740 -13.632795 
7783 -18.435652 
7826 -24.605098 
7869 -20.972901 
7912 -20.471497 
7955 -32.208260 
7998 0.119323 
8041 -15.211666 
8084 -4.294003 
8127 -18.995077 
8170 -18.264328 
8213 -13.322854 
8256 -4.043545 
8299 -14.838980 
8342 -31.891912 
8385 -22.730448 
8428 -19.042978 
8471 -21.038196 
8514 -23.908734 
8557 -33.267940 
8600 -21.159644 
8643 -3.219844 
8686 -18.062233 
8729 -25.372557 
8772 -11.678368 
8815 -15.192819 
8858 -18.074191 
8901 -17.431831 
8944 -17.520767 
8987 -12.310981 
9030 -13.765427 
9073 -26.621109 
9116 -8.950383 
9159 3.776353 
9202 -10.505367 
9245 -2.259256 
9288 -37.867334 
9331 -23.385108 
9374 -20.649739 
9417 -20.116965 
9460 -17.606873 
9503 -18.961044 
9546 -14.709702 
9589 -18.539261 
9632 -15.555282 
9675 -30.455194 
9718 -0.765961 
9761 -5.792269 
9804 -3.275218 
9847 -7.731381 
9890 -11.501459 
9933 -28.516113 
9976 -15.374308 
10019 -19.049162 
10062 -9.222525 
10105 0.882590 
10148 8.958839 
10191 9.670632 
10234 6.844815 
10277 -21.524309 
10320 -16.464793 
10363 -16.188576 
10406 -13.717357 
10449 -12.829805 
10492 -13.453364 
10535 -16.434945 
10578 -12.701372 
10621 -9.840273 
10664 -18.538742 
10707 -9.916958 
10750 -9.763662 
10793 -13.488017 
10836 -11.386221 
10879 -15.622818 
10922 -32.586635 
10965 -17.839373 
11008 -30.350320 
11051 -17.590796 
11094 -7.098172 
11137 -15.426760 
11180 -17.225846 
11223 -18.024978 
11266 -11.355740 
11309 -14.812814 
11352 -4.778448 
11395 -13.949351 
11438 -11.893966 
11481 -9.527201 
11524 -7.974053 
11567 -5.184619 
11610 -11.867921 
11653 -15.191200 
11696 -10.376575 
11739 -18.464239 
11782 -23.131076 
11825 -22.543520 
11868 -23.253693 
11911 -26.456301 
11954 -28.792696 
11997 -40.211814 
12040 -25.261453 
12083 -33.579133 
12126 -28.288591 
12169 -23.810089 
12212 -25.301070 
12255 -15.395451 
12298 -13.085076 
12341 -17.260218 
12384 -22.562111 
12427 -30.492630 
12470 -47.050467 
12513 -28.844996 
12556 -17.388054 
12599 -31.524654 
12642 -32.773504 
12685 -35.985919 
12728 -19.361094 
12771 -36.010691 
12814 -34.527070 
12857 -42.912423 
12900 -29.485869 
12943 -30.889272 
12986 -36.444513 
13029 -37.430334 
13072 -26.998017 
13115 -27.773438 
13158 -36.250532 
13201 -37.070463 
13244 -28.501767 
13287 -32.895377 
13330 -38.786596 
13373 -31.626858 
13416 -23.335166 
13459 -31.329986 
13502 -25.491308 
13545 -28.943715 
13588 -40.538645 
13631 -33.377260 
13674 -17.614906 
13717 -26.840836 
13760 -34.228953 
13803 -33.600365 
13846 -42.678749 
13889 -46.158496 
13932 -40.704938 
13975 -50.904263 
14018 -25.836964 
14061 -45.648514 
14104 -43.149153 
14147 -50.296154 
14190 -37.963822 
14233 -23.258148 
14276 -24.161537 
14319 -32.814183 
14362 -28.176851 
14405 -28.850245 
14448 -20.059885 
14491 -31.005199 
14534 -35.440722 
14577 -29.241303 
14620 -31.394296 
14663 -28.746510 
14706 -21.894572 
14749 -25.845973 
14792 -37.041161 
14835 -44.411112 
14878 -36.759350 
14921 -28.073845 
14964 -5.112922 
