7998 -34.673023 
8041 -44.868399 
8084 -38.981301 
8127 -42.190185 
8170 -44.820599 
8213 -46.512498 
8256 -37.621569 
8299 -37.683658 
8342 -28.038093 
8385 -43.773985 
8428 -28.887765 
8471 -33.371881 
8514 -34.870710 
8557 -40.276728 
8600 -33.884904 
8643 -40.579329 
8686 -28.360807 
8729 -30.462396 
8772 -29.734851 
8815 -33.293469 
8858 -31.812645 
8901 -42.527087 
8944 -41.085135 
8987 -33.081291 
9030 -26.636789 
9073 -31.704831 
9116 -36.490508 
9159 -37.011006 
9202 -28.278954 
9245 -36.775231 
9288 -34.331150 
9331 -35.479086 
9374 -33.194825 
9417 -32.373320 
9460 -29.318264 
9503 -34.469455 
9546 -30.564198 
9589 -34.033681 
9632 -34.845703 
9675 -34.033279 
9718 -29.633327 
9761 -33.749820 
9804 -29.240387 
9847 -34.949731 
9890 -25.355420 
9933 -28.107194 
9976 -23.745405 
10019 -32.673090 
10062 -25.545700 
10105 -28.671256 
10148 -25.600381 
10191 -31.644111 
10234 -23.138174 
10277 -32.523969 
10320 -35.106895 
10363 -34.355132 
10406 -30.729830 
10449 -57.246603 
10492 -31.585038 
10535 -32.948719 
10578 -30.957474 
10621 -38.287043 
10664 -33.878798 
10707 -36.449827 
10750 -36.579021 
10793 -36.478735 
10836 -29.090230 
10879 -34.942277 
10922 -33.841459 
10965 -35.102555 
11008 -33.432388 
11051 -40.990528 
11094 -29.139630 
11137 -35.815638 
11180 -40.214256 
11223 -36.398016 
11266 -31.665165 
11309 -33.940004 
11352 -33.387082 
11395 -43.501897 
11438 -31.988646 
11481 -41.239728 
11524 -41.728469 
11567 -46.661146 
11610 -39.767214 
11653 -41.746784 
11696 -40.573785 
11739 -47.797775 
11782 -35.083472 
11825 -42.508296 
11868 -44.594687 
11911 -53.264695 
11954 -46.586968 
