0 -11.146313 
43 -22.728505 
86 -23.086062 
129 -21.394856 
172 -9.776418 
215 -4.736691 
258 -5.649909 
301 -1.376406 
344 -30.527006 
387 -26.254477 
430 -22.402050 
473 -20.842765 
516 -18.431910 
559 -23.566593 
602 -28.324314 
645 -24.739780 
688 -20.143773 
731 -28.124103 
774 -29.732992 
817 -20.759562 
860 -20.434267 
903 -23.243995 
946 -22.038250 
989 -28.034412 
1032 -23.906225 
1075 -24.259897 
1118 -20.564502 
1161 -23.371028 
1204 -25.001384 
1247 -22.046693 
1290 -24.352274 
1333 -26.002975 
1376 -26.326713 
1419 -27.373227 
1462 -14.358245 
1505 -19.757909 
1548 -19.848793 
1591 -20.512752 
1634 -20.605569 
1677 -20.912720 
1720 -19.420395 
1763 -18.780888 
1806 -16.859521 
1849 -18.264174 
1892 -14.937902 
1935 -13.653989 
1978 -18.197494 
2021 -16.455735 
2064 -20.970473 
2107 -21.938560 
2150 -21.546061 
2193 -23.744732 
2236 -17.391634 
2279 -18.414328 
2322 -23.966612 
2365 -17.299065 
2408 -16.142872 
2451 -22.534667 
2494 -16.686438 
2537 -14.563550 
2580 -13.653654 
2623 -14.705214 
2666 -14.169277 
2709 -15.897603 
2752 -17.350461 
2795 -12.932407 
2838 -4.940241 
2881 -9.964549 
2924 -13.666540 
2967 -16.286618 
3010 -18.531386 
3053 -7.547737 
3096 -2.921254 
3139 -6.752496 
3182 -9.332273 
3225 -7.595525 
3268 -7.737661 
3311 -7.320223 
3354 -3.415680 
3397 1.452301 
3440 -8.702319 
3483 -6.111894 
3526 -7.586480 
3569 -12.571500 
3612 -7.647757 
3655 -6.667318 
3698 -7.639676 
3741 -10.323969 
3784 -4.562810 
3827 -1.612757 
3870 -7.981022 
3913 -3.892820 
3956 -3.458926 
3999 -1.918638 
4042 -2.951268 
4085 -2.510021 
4128 -2.395535 
4171 -6.077472 
4214 -10.219640 
4257 -19.253598 
4300 -10.250866 
4343 -7.939366 
4386 -5.299823 
4429 -7.877987 
4472 -1.926752 
4515 -0.130140 
4558 -3.718389 
4601 -1.565244 
4644 -6.624466 
4687 -3.740452 
4730 8.655634 
4773 6.804191 
4816 5.297552 
4859 2.146551 
4902 -1.365833 
4945 6.993981 
4988 -6.256626 
5031 -12.800306 
5074 -5.692873 
5117 -7.034278 
5160 3.190823 
5203 -5.713657 
5246 -16.865503 
5289 -6.256987 
5332 2.049590 
5375 -4.495737 
5418 -3.573698 
5461 5.693916 
5504 -14.799342 
5547 -7.789801 
5590 -9.227755 
5633 -6.549586 
5676 -4.403066 
5719 -7.919696 
5762 4.209919 
5805 -3.187893 
5848 -8.646556 
5891 -17.815190 
5934 -9.654088 
5977 -15.668693 
6020 -13.714208 
6063 -28.899987 
6106 -11.102739 
6149 -15.246907 
6192 -7.351176 
6235 -18.253708 
6278 -24.641522 
6321 -19.386876 
6364 -17.856172 
6407 -19.785817 
6450 -11.608140 
6493 -22.628297 
6536 -18.282763 
6579 -17.174261 
6622 -16.304474 
6665 -17.922162 
6708 -11.877106 
6751 -17.185437 
6794 -15.527454 
6837 -14.816246 
6880 -17.032739 
6923 -18.930497 
6966 -20.644323 
7009 -17.352404 
7052 -12.211830 
7095 -18.230305 
7138 -22.503676 
7181 -25.753406 
7224 -22.950140 
7267 -15.132045 
7310 -17.900503 
7353 -19.988744 
7396 -21.633803 
7439 -26.160640 
7482 -21.604266 
7525 -31.750093 
7568 -19.826425 
7611 -21.070114 
7654 -22.430670 
7697 -21.692734 
7740 -17.301732 
7783 -15.828887 
7826 -18.740349 
7869 -22.070211 
7912 -26.174994 
7955 -14.666191 
7998 -16.079650 
8041 -25.033940 
8084 -23.345560 
8127 -23.734857 
8170 -24.043072 
8213 -20.941497 
8256 -21.959103 
8299 -25.623266 
8342 -31.014375 
8385 -28.784040 
8428 -27.700265 
8471 -31.291601 
8514 -34.360021 
8557 -34.417575 
8600 -27.936315 
8643 -25.509913 
8686 -31.150610 
8729 -27.231292 
8772 -28.313698 
8815 -28.441137 
8858 -43.649839 
8901 -41.806490 
8944 -33.967993 
8987 -27.313008 
9030 -21.241086 
9073 -19.487167 
9116 -10.078026 
9159 -16.069022 
9202 -43.734807 
9245 -29.361483 
9288 -20.604996 
9331 -62.071689 
9374 -47.480178 
9417 -41.525235 
9460 -28.804308 
9503 -27.663959 
9546 -32.381910 
9589 -34.304520 
9632 -34.340402 
9675 -36.725624 
9718 -46.682676 
9761 -25.045614 
9804 -29.888794 
9847 -24.904561 
9890 -17.258043 
9933 -35.669811 
9976 -37.494555 
10019 -33.236032 
10062 -25.062801 
10105 -32.988736 
10148 -44.960971 
10191 -37.231112 
10234 -31.260172 
10277 -32.216003 
10320 -34.162241 
10363 -31.825900 
10406 -23.291528 
10449 -19.988258 
10492 -33.118231 
10535 -37.454468 
10578 -39.295899 
10621 -47.562402 
10664 -27.224624 
10707 -34.910357 
10750 -49.433785 
10793 -36.437496 
10836 -15.968515 
10879 -27.161456 
10922 -27.618154 
10965 -36.445528 
11008 -27.357848 
11051 -28.718367 
11094 -21.767096 
11137 -24.093304 
11180 -33.308576 
11223 -32.143053 
11266 -33.241012 
11309 -26.228936 
11352 8.824875 
11395 -21.388220 
11438 -30.100799 
11481 -23.928205 
11524 -21.044619 
11567 -17.427125 
11610 -3.290843 
11653 -6.675994 
11696 -15.011492 
11739 -27.194103 
11782 -28.620692 
11825 -32.337029 
11868 -35.361861 
11911 -29.325021 
11954 -26.694572 
11997 -28.964375 
12040 -28.993360 
12083 -23.777764 
12126 -29.236166 
12169 -26.743736 
12212 -34.246022 
12255 -24.959377 
12298 -26.658685 
12341 -20.072634 
12384 -25.099965 
12427 -32.042071 
12470 -34.413398 
12513 -21.565658 
12556 -37.284172 
12599 -28.373938 
12642 -20.554957 
12685 -29.754844 
12728 -32.920003 
12771 -33.797298 
12814 -32.382669 
12857 -37.772693 
12900 -31.329441 
12943 -37.577822 
12986 -35.536328 
13029 -38.370184 
13072 -49.982958 
13115 -25.630700 
13158 -30.086133 
13201 -29.717792 
13244 -25.850294 
13287 -31.255422 
13330 -30.625020 
13373 -31.152200 
13416 -29.311584 
13459 -24.133439 
13502 -24.393945 
13545 -39.971502 
13588 -35.426435 
13631 -34.942976 
13674 -31.793194 
13717 -23.846810 
13760 -30.119477 
13803 -25.641451 
13846 -32.565329 
13889 -28.314418 
13932 -24.218735 
13975 -17.847581 
14018 -33.408577 
14061 -38.219790 
14104 -34.516299 
14147 -18.689710 
14190 -30.206979 
14233 -32.170834 
14276 -38.052031 
14319 -32.465633 
14362 -32.004253 
14405 -30.714709 
14448 -20.889846 
14491 -13.877410 
14534 -6.128371 
14577 -18.703572 
14620 -17.486713 
14663 -26.123969 
14706 -18.953458 
14749 -30.300565 
14792 -27.679113 
14835 -26.851699 
14878 -24.500320 
14921 -23.845561 
14964 -19.872616 
