0 51.354432 
43 -22.561088 
86 -22.077275 
129 -17.456730 
172 -0.196061 
215 -9.651738 
258 -0.264518 
301 -10.742528 
344 -22.738341 
387 -24.903204 
430 -30.343259 
473 -17.340779 
516 -15.885551 
559 -24.422978 
602 -36.483209 
645 -33.197640 
688 -30.195945 
731 -37.858526 
774 -25.240320 
817 -17.080114 
860 -19.348470 
903 -25.466288 
946 -21.722451 
989 -15.297288 
1032 -28.023755 
1075 -26.116827 
1118 -25.113451 
1161 -20.806475 
1204 -20.367605 
1247 -24.747411 
1290 -21.878470 
1333 -22.415759 
1376 -20.647381 
1419 -19.481566 
1462 -18.527681 
1505 -17.020285 
1548 -26.238152 
1591 -12.720718 
1634 -16.970023 
1677 -19.893748 
1720 -20.730409 
1763 -18.598652 
1806 -19.357935 
1849 -17.292678 
1892 -32.998218 
1935 -23.114248 
1978 -17.088773 
2021 -26.242703 
2064 -25.235868 
2107 -21.203092 
2150 -16.340663 
2193 -18.249567 
2236 -16.842842 
2279 -14.585830 
2322 -11.339933 
2365 -11.625919 
2408 -11.493696 
2451 -16.401513 
2494 -4.433938 
2537 -10.584302 
2580 -15.845328 
2623 -12.425247 
2666 -13.642266 
2709 -13.134755 
2752 -14.260213 
2795 -13.819529 
2838 -16.180130 
2881 -8.535255 
2924 -7.114260 
2967 -8.137682 
3010 -7.318356 
3053 6.238093 
3096 2.873711 
3139 2.963921 
3182 2.367813 
3225 3.546919 
3268 -8.849558 
3311 -7.233966 
3354 -5.139524 
3397 -6.643593 
3440 -1.745339 
3483 -0.834630 
3526 2.661097 
3569 2.434441 
3612 2.873968 
3655 -0.435666 
3698 -1.661072 
3741 -0.357263 
3784 0.691361 
3827 4.350867 
3870 1.503810 
3913 5.318079 
3956 5.031793 
3999 -6.901053 
4042 -1.985901 
4085 4.171996 
4128 -16.373343 
4171 -6.569073 
4214 -4.256028 
4257 -3.414429 
4300 -4.075332 
4343 -3.848160 
4386 -3.691719 
4429 -5.646699 
4472 -6.929340 
4515 -12.931862 
4558 -13.095718 
4601 -12.260122 
4644 -20.185570 
4687 -33.670692 
4730 -16.557639 
4773 -18.260313 
4816 -10.854580 
4859 -19.683071 
4902 -15.454210 
4945 -29.499810 
4988 -23.326283 
5031 -24.175450 
5074 -20.138761 
5117 -10.395189 
5160 -20.879882 
5203 -21.685587 
5246 -17.250272 
5289 -19.715439 
5332 -15.496177 
5375 -18.724713 
5418 -44.505692 
5461 -26.922959 
5504 -28.499941 
5547 -29.373180 
5590 -25.978843 
5633 -21.697353 
5676 -25.137294 
5719 -33.934646 
5762 -26.832284 
5805 -31.476623 
5848 -25.069941 
5891 -17.812522 
5934 -22.682502 
5977 -15.637012 
6020 -21.033751 
6063 -23.157248 
6106 -40.881593 
6149 -21.361579 
6192 -16.328512 
6235 -12.228785 
6278 -14.698332 
6321 -24.515370 
6364 -9.540377 
6407 -24.045285 
6450 -15.975673 
6493 -20.674579 
6536 -19.874343 
6579 -18.326849 
6622 -16.909867 
6665 -15.558685 
6708 -11.607813 
6751 -8.447360 
6794 -7.487956 
6837 -17.118331 
6880 -10.340721 
6923 -12.568422 
6966 -13.866570 
7009 -12.591811 
7052 -12.625189 
7095 -13.247634 
7138 -12.856070 
7181 -15.947254 
7224 -16.058283 
7267 -17.506796 
7310 -14.926255 
7353 -12.942155 
7396 -7.717012 
7439 -2.724893 
7482 -8.740203 
7525 -19.717975 
7568 -14.066730 
7611 -2.496956 
7654 -3.991259 
7697 -7.488555 
7740 -6.793850 
7783 -13.066500 
7826 -10.357980 
7869 -7.652852 
7912 -12.946993 
7955 -10.271036 
7998 -5.030358 
8041 -11.767801 
8084 -13.344729 
8127 -10.870716 
8170 -18.564333 
8213 -7.244584 
8256 -9.648598 
8299 0.753245 
8342 -8.699258 
8385 -4.969325 
8428 -19.788769 
8471 -23.069521 
8514 -12.059255 
8557 -5.516212 
8600 -3.851982 
8643 -7.948256 
8686 -10.279844 
8729 -16.748445 
8772 -10.211244 
8815 -7.898246 
8858 4.252217 
8901 -16.040616 
8944 -13.850228 
8987 -17.037372 
9030 -12.459743 
9073 -18.119663 
9116 -7.773924 
9159 -8.833249 
9202 -20.584651 
9245 -13.446259 
9288 -12.804054 
9331 -9.991248 
9374 -6.852219 
9417 -10.801904 
9460 -7.662721 
9503 -14.670873 
9546 -18.549631 
9589 -13.279861 
9632 -6.228284 
9675 -15.837635 
9718 -4.117729 
9761 -9.707641 
9804 -0.499412 
9847 -2.706953 
9890 -15.627760 
9933 -3.645495 
9976 -5.241914 
10019 -5.586099 
10062 2.113784 
10105 -3.298291 
10148 -15.671519 
10191 4.080841 
10234 -9.289466 
10277 -7.568413 
10320 -7.019593 
10363 -26.588472 
10406 -16.215957 
10449 -16.633651 
10492 -14.417609 
10535 -8.803281 
10578 -27.208859 
10621 -19.146540 
10664 13.603279 
10707 -13.394974 
10750 -19.832283 
10793 -1.467831 
10836 -22.041590 
10879 -25.211647 
10922 -19.698991 
10965 -25.917021 
11008 -23.405039 
11051 -11.655528 
11094 -6.648279 
11137 -13.773560 
11180 -16.872733 
11223 -12.699792 
11266 -26.711964 
11309 -18.244839 
11352 -16.071182 
11395 -17.365855 
11438 -20.292276 
11481 -7.328283 
11524 -3.014556 
11567 -6.980226 
11610 -13.472417 
11653 -15.277539 
11696 -8.778327 
11739 -5.057666 
11782 -5.593190 
11825 -13.697979 
11868 -11.039727 
11911 -13.271366 
11954 -15.519757 
11997 -17.227750 
12040 -8.816285 
12083 -3.835577 
12126 -17.804868 
12169 -11.160845 
12212 -12.286764 
12255 -7.596267 
12298 -19.803669 
12341 -22.152206 
12384 -33.209339 
12427 -1.604596 
12470 -14.791211 
12513 13.762633 
12556 -13.177391 
12599 -14.471156 
12642 -20.181459 
12685 -11.043460 
12728 -27.433042 
12771 -33.214154 
12814 -27.840297 
12857 -25.559200 
12900 -27.470807 
12943 -26.075454 
12986 -26.796605 
13029 -32.332498 
13072 -35.082137 
13115 -34.373800 
13158 -35.517057 
13201 -21.355504 
13244 -25.287632 
13287 -15.214809 
13330 -30.011236 
13373 -41.545048 
13416 -35.180873 
13459 -38.211635 
13502 -25.430537 
13545 -13.971261 
13588 -25.025259 
13631 -24.351902 
13674 -25.082742 
13717 -29.750208 
13760 -28.727517 
13803 -26.109098 
13846 -26.512561 
13889 -28.345498 
13932 -32.284192 
13975 -37.225412 
14018 -28.898131 
14061 -33.201979 
14104 -35.652455 
14147 -27.947606 
14190 -19.319359 
14233 -23.599860 
14276 -30.283350 
14319 -33.248428 
14362 -35.050518 
14405 -28.334068 
14448 -31.768409 
14491 -33.210395 
14534 -41.665367 
14577 -38.704433 
14620 -27.365571 
14663 -28.490565 
14706 -40.111529 
14749 -61.613232 
14792 -39.696520 
14835 -34.472029 
14878 -30.082325 
14921 -31.295655 
14964 -29.012170 
