7998 -30.108643 
8041 -37.068917 
8084 -45.740552 
8127 -52.369289 
8170 -58.488994 
8213 -49.716217 
8256 -42.382067 
8299 -49.002287 
8342 -44.061429 
8385 -42.546086 
8428 -34.501149 
8471 -36.622489 
8514 -34.989729 
8557 -37.183108 
8600 -35.768272 
8643 -35.023762 
8686 -31.937151 
8729 -31.614838 
8772 -26.279166 
8815 -33.757024 
8858 -43.096040 
8901 -41.777227 
8944 -38.506813 
8987 -43.768157 
9030 -48.179333 
9073 -54.085395 
9116 -43.311540 
9159 -47.672074 
9202 -47.963418 
9245 -39.794664 
9288 -33.682400 
9331 -37.471769 
9374 -36.577164 
9417 -38.536334 
9460 -28.097570 
9503 -32.596315 
9546 -35.388605 
9589 -40.257566 
9632 -36.377916 
9675 -35.549609 
9718 -32.440345 
9761 -38.239535 
9804 -38.920340 
9847 -36.905224 
9890 -31.950054 
9933 -32.372990 
9976 -28.435425 
10019 -36.140694 
10062 -46.393854 
10105 -35.404788 
10148 -28.999076 
10191 -33.645165 
10234 -34.086478 
10277 -41.720450 
10320 -38.734310 
10363 -36.826203 
10406 -31.140455 
10449 -31.340119 
10492 -27.303419 
10535 -34.290033 
10578 -42.217404 
10621 -55.995188 
10664 -45.683922 
10707 -55.704518 
10750 -41.559314 
10793 -47.050854 
10836 -47.832237 
10879 -47.214991 
10922 -37.386284 
10965 -51.220135 
11008 -42.673236 
11051 -41.478512 
11094 -37.244165 
11137 -39.198229 
11180 -37.999671 
11223 -39.223129 
11266 -35.918922 
11309 -35.332572 
11352 -32.346078 
11395 -36.401208 
11438 -33.842135 
11481 -35.717600 
11524 -31.313872 
11567 -47.467402 
11610 -34.639910 
11653 -36.239857 
11696 -35.115410 
11739 -35.308001 
11782 -32.822489 
11825 -33.589439 
11868 -31.272772 
11911 -43.769225 
11954 -32.356613 
