0 -17.619188 
43 -27.252920 
86 -28.093163 
129 -30.333255 
172 -11.923588 
215 -14.181852 
258 -13.629554 
301 -13.799185 
344 -23.699076 
387 -20.396171 
430 -21.569186 
473 -22.791971 
516 -26.202883 
559 -27.854226 
602 -34.122589 
645 -37.525852 
688 -34.603317 
731 -31.236090 
774 -28.641638 
817 -27.781265 
860 -19.970628 
903 -15.964087 
946 -27.868936 
989 -56.370717 
1032 -35.187309 
1075 -36.313051 
1118 -34.972575 
1161 -36.701119 
1204 -25.864027 
1247 -28.474302 
1290 -27.998260 
1333 -29.560814 
1376 -27.355664 
1419 -26.333838 
1462 -32.152336 
1505 -27.124690 
1548 -27.850325 
1591 -19.698315 
1634 -29.491601 
1677 -28.161376 
1720 -17.165275 
1763 -28.805026 
1806 -29.462622 
1849 -27.590012 
1892 -23.480253 
1935 -24.976955 
1978 -23.672482 
2021 -24.930001 
2064 -29.395342 
2107 -28.432867 
2150 -34.808084 
2193 -27.561847 
2236 -25.587606 
2279 -25.139666 
2322 -22.254165 
2365 -18.320558 
2408 -18.276289 
2451 -17.738039 
2494 -18.516304 
2537 -11.480307 
2580 -16.981440 
2623 -19.876538 
2666 -26.113539 
2709 -19.427106 
2752 -22.182769 
2795 -11.779863 
2838 -14.751654 
2881 -15.066839 
2924 -12.140815 
2967 -6.031440 
3010 -16.947462 
3053 -9.415592 
3096 -5.704122 
3139 -8.227609 
3182 -13.404589 
3225 -14.411158 
3268 -10.572297 
3311 -10.178722 
3354 -9.190582 
3397 -10.752464 
3440 -10.759810 
3483 -16.375681 
3526 -17.367683 
3569 -17.093026 
3612 -16.901984 
3655 -5.531224 
3698 -6.592005 
3741 -8.772073 
3784 -15.135874 
3827 -11.382268 
3870 -13.353486 
3913 -14.289437 
3956 -14.703567 
3999 -11.105249 
4042 -7.438003 
4085 -4.746190 
4128 -2.893400 
4171 -10.333731 
4214 -8.755682 
4257 -10.490055 
4300 -11.520182 
4343 -12.758174 
4386 -21.558929 
4429 -11.852583 
4472 -6.580821 
4515 -9.976159 
4558 -30.271549 
4601 -18.788700 
4644 -19.360197 
4687 -18.680425 
4730 -14.327894 
4773 -18.950918 
4816 -19.452383 
4859 -18.527055 
4902 -18.026725 
4945 -20.676113 
4988 -22.305264 
5031 -20.602127 
5074 -27.867571 
5117 -28.292447 
5160 -27.446439 
5203 -27.777028 
5246 -26.584595 
5289 -33.069956 
5332 -23.484899 
5375 -25.864166 
5418 -26.486110 
5461 -28.398568 
5504 -29.877470 
5547 -29.664905 
5590 -28.717811 
5633 -28.773500 
5676 -30.310876 
5719 -18.465027 
5762 -37.755143 
5805 -36.437461 
5848 -24.501290 
5891 -12.688259 
5934 -18.616679 
5977 -35.881139 
6020 -31.433803 
6063 -21.931525 
6106 -17.226354 
6149 -20.158130 
6192 -23.184971 
6235 -22.769891 
6278 -20.676271 
6321 -19.008036 
6364 -11.116418 
6407 -13.476555 
6450 -14.100901 
6493 -15.285509 
6536 -13.641894 
6579 4.478778 
6622 -13.292904 
6665 -11.589101 
6708 -20.730377 
6751 -14.245112 
6794 -6.104080 
6837 -9.045398 
6880 -2.776586 
6923 -9.460703 
6966 -13.943223 
7009 -7.156289 
7052 -11.597360 
7095 -17.394334 
7138 -25.737971 
7181 -18.122617 
7224 -17.979618 
7267 -6.087699 
7310 -12.689236 
7353 -18.995553 
7396 -10.997969 
7439 -25.579773 
7482 -14.692566 
7525 -16.775011 
7568 -21.730797 
7611 -18.028111 
7654 -16.152687 
7697 -17.948756 
7740 -15.343179 
7783 -16.594553 
7826 -12.315750 
7869 -16.609359 
7912 -14.798710 
7955 -15.315866 
7998 -12.837952 
8041 -14.082641 
8084 -15.497234 
8127 -16.621465 
8170 -34.595772 
8213 -28.941739 
8256 -25.738436 
8299 -27.382896 
8342 -21.824679 
8385 -18.253833 
8428 -10.107979 
8471 -12.836054 
8514 -16.636886 
8557 -20.227318 
8600 -22.035552 
8643 -11.943889 
8686 -5.857636 
8729 -13.334452 
8772 -15.561353 
8815 -18.109294 
8858 -28.632356 
8901 -22.851938 
8944 -18.864399 
8987 -8.931583 
9030 -15.708350 
9073 -29.986639 
9116 -24.379250 
9159 -40.326306 
9202 -20.787818 
9245 -9.162671 
9288 -9.166170 
9331 -12.253929 
9374 -14.920503 
9417 -16.250499 
9460 -12.639604 
9503 -13.458288 
9546 -14.627389 
9589 -15.373010 
9632 -15.918022 
9675 -10.146444 
9718 -12.685795 
9761 -9.860805 
9804 -14.207411 
9847 -7.649065 
9890 -4.830450 
9933 -9.883507 
9976 -12.212108 
10019 -15.919900 
10062 -24.063145 
10105 -12.301608 
10148 -10.803446 
10191 -10.893660 
10234 -0.651853 
10277 -10.024421 
10320 -14.097443 
10363 -7.777019 
10406 -5.335181 
10449 -10.602953 
10492 -14.949853 
10535 -17.245859 
10578 -17.096327 
10621 -28.188335 
10664 -25.601889 
10707 -19.645380 
10750 -15.538873 
10793 -15.807148 
10836 -14.259235 
10879 -9.803238 
10922 -14.443574 
10965 -21.822107 
11008 -20.864123 
11051 -15.570003 
11094 -15.865978 
11137 -6.764888 
11180 -12.728328 
11223 -16.450583 
11266 -20.054049 
11309 -10.004192 
11352 -5.832045 
11395 -4.896658 
11438 -5.509048 
11481 -11.048612 
11524 -14.298605 
11567 -16.247938 
11610 -7.158797 
11653 -8.096584 
11696 -9.341127 
11739 -8.996755 
11782 -9.205658 
11825 -21.247960 
11868 -25.753366 
11911 -24.728006 
11954 -23.175117 
11997 -22.205474 
12040 -25.495953 
12083 -22.948221 
12126 -26.657046 
12169 -27.544145 
12212 -29.363497 
12255 -35.741287 
12298 -21.771342 
12341 -27.740943 
12384 -28.590745 
12427 -28.320665 
12470 -25.654559 
12513 -28.405342 
12556 -32.733108 
12599 -35.463118 
12642 -37.774008 
12685 -33.274893 
12728 -32.375484 
12771 -28.712273 
12814 -32.960282 
12857 -29.979061 
12900 -23.058781 
12943 -27.450678 
12986 -25.635560 
13029 -24.292671 
13072 -20.111937 
13115 -26.184348 
13158 -27.683157 
13201 -29.874618 
13244 -28.936796 
13287 -31.371572 
13330 -33.533208 
13373 -33.225001 
13416 -32.200388 
13459 -27.619379 
13502 -24.147682 
13545 -12.324379 
13588 -28.584498 
13631 -33.249980 
13674 -33.692421 
13717 -23.760367 
13760 -19.578575 
13803 -26.961433 
13846 -38.899229 
13889 -27.347897 
13932 -6.872828 
13975 -25.883930 
14018 -28.280693 
14061 -30.941907 
14104 -34.574129 
14147 -27.852759 
14190 -19.414316 
14233 -27.494310 
14276 -32.816463 
14319 -28.094053 
14362 -39.264026 
14405 -34.248445 
14448 -42.362649 
14491 -26.985865 
14534 -21.799268 
14577 -33.788009 
14620 -29.445930 
14663 -25.285855 
14706 -28.761662 
14749 -25.697797 
14792 -26.919501 
14835 -23.276804 
14878 -23.149868 
14921 -22.746737 
14964 -16.390810 
