7998 9.116364 
8041 9.807009 
8084 13.412866 
8127 13.231870 
8170 6.652815 
8213 7.472114 
8256 7.071401 
8299 10.876784 
8342 6.341637 
8385 3.164169 
8428 5.534565 
8471 5.091296 
8514 3.938045 
8557 3.906622 
8600 3.145784 
8643 4.143237 
8686 4.887816 
8729 4.964415 
8772 5.810121 
8815 5.731651 
8858 2.682396 
8901 3.652605 
8944 4.737131 
8987 5.999081 
9030 11.179439 
9073 5.842170 
9116 3.607044 
9159 2.734071 
9202 3.513843 
9245 5.057801 
9288 5.206625 
9331 4.417947 
9374 4.709279 
9417 5.117150 
9460 4.699443 
9503 4.739459 
9546 4.397307 
9589 4.421350 
9632 6.486705 
9675 5.068025 
9718 4.130408 
9761 3.447529 
9804 4.058073 
9847 3.256718 
9890 3.644653 
9933 3.828469 
9976 4.521872 
10019 4.351776 
10062 6.237547 
10105 4.299603 
10148 3.821667 
10191 4.160637 
10234 4.397524 
10277 6.317185 
10320 3.881488 
10363 5.288954 
10406 5.296642 
10449 4.169766 
10492 3.755416 
10535 3.807606 
10578 2.621607 
10621 8.718065 
10664 0.694656 
10707 8.109191 
10750 4.768358 
10793 5.402206 
10836 5.548570 
10879 2.156142 
10922 3.561200 
10965 5.332962 
11008 3.756785 
11051 4.812331 
11094 4.963511 
11137 5.078771 
11180 5.188808 
11223 3.431831 
11266 3.645621 
11309 4.281387 
11352 5.015108 
11395 3.337638 
11438 1.396001 
11481 -2.553853 
11524 -1.380208 
11567 -5.141392 
11610 0.096359 
11653 -2.040425 
11696 -4.819794 
11739 -8.397309 
11782 -11.130501 
11825 -8.468532 
11868 -6.862177 
11911 -4.316300 
11954 -10.987202 
11997 -9.819459 
12040 -6.361644 
12083 -13.727108 
12126 -13.750541 
12169 -5.377867 
12212 -8.730530 
12255 -7.018864 
12298 -4.400806 
12341 -5.003953 
12384 -4.101383 
12427 0.318917 
12470 1.670500 
12513 2.502294 
12556 10.705833 
12599 9.598634 
12642 7.764418 
12685 8.864175 
12728 9.660434 
12771 8.647316 
12814 8.683409 
12857 8.364083 
12900 6.437978 
12943 4.040237 
12986 6.611676 
13029 -1.232113 
13072 7.728831 
13115 9.854283 
13158 8.847061 
13201 7.105584 
13244 8.001359 
13287 6.741561 
13330 6.081198 
13373 7.707268 
13416 7.338857 
13459 7.314656 
13502 6.501585 
13545 9.094600 
13588 15.033918 
13631 9.406562 
13674 6.800195 
13717 9.113953 
13760 9.778200 
13803 9.890732 
13846 10.489011 
13889 9.190990 
13932 5.891786 
13975 -4.471869 
14018 0.909158 
14061 8.937638 
14104 19.083384 
14147 -2.802848 
14190 3.943683 
14233 9.623550 
14276 12.901924 
14319 3.808362 
14362 3.684278 
14405 1.385514 
14448 1.175047 
14491 4.295501 
14534 10.794890 
14577 -3.807279 
14620 0.988351 
14663 14.373181 
14706 14.355297 
14749 18.405685 
14792 11.221493 
14835 3.255953 
14878 3.154986 
14921 15.678721 
14964 17.945271 
