7998 -27.091625 
8041 -24.976758 
8084 -17.805247 
8127 -28.212822 
8170 -24.374538 
8213 -42.055136 
8256 -27.540621 
8299 -31.404185 
8342 -32.773937 
8385 -28.966437 
8428 -24.313879 
8471 -24.298211 
8514 -21.705324 
8557 -31.061653 
8600 -21.058377 
8643 -33.726202 
8686 -22.706169 
8729 -28.471123 
8772 -34.542306 
8815 -29.058800 
8858 -20.029545 
8901 -23.167562 
8944 -23.663086 
8987 -22.459513 
9030 -19.063563 
9073 -26.538450 
9116 -22.305677 
9159 -24.435740 
9202 -17.921885 
9245 -30.662517 
9288 -23.372931 
9331 -26.467168 
9374 -16.715794 
9417 -22.052231 
9460 -13.792809 
9503 -19.884085 
9546 -21.311250 
9589 -26.015072 
9632 -16.738560 
9675 -27.004081 
9718 -26.878492 
9761 -27.808296 
9804 -17.264961 
9847 -27.347052 
9890 -28.760824 
9933 -23.046991 
9976 -17.811356 
10019 -19.337905 
10062 -17.801279 
10105 -19.950726 
10148 -14.817600 
10191 -35.202309 
10234 -13.147579 
10277 -15.684441 
10320 -14.990649 
10363 -38.803986 
10406 -16.150670 
10449 -22.138627 
10492 -26.132913 
10535 -22.220735 
10578 -17.193478 
10621 -23.061589 
10664 -16.233181 
10707 -21.383723 
10750 -23.840372 
10793 -27.921148 
10836 -30.308210 
10879 -42.518744 
10922 -27.716015 
10965 -23.818832 
11008 -16.807195 
11051 -17.181919 
11094 -11.858439 
11137 -18.488990 
11180 -24.077080 
11223 -22.781615 
11266 -19.165666 
11309 -19.819644 
11352 -17.685579 
11395 -20.943962 
11438 -20.688881 
11481 -27.229907 
11524 -27.441843 
11567 -31.124462 
11610 -32.720314 
11653 -35.152520 
11696 -33.569834 
11739 -38.139939 
11782 -36.144127 
11825 -37.263397 
11868 -31.673681 
11911 -33.061351 
11954 -30.364746 
11997 -38.188582 
12040 -49.448080 
12083 -50.388451 
12126 -42.236851 
12169 -45.678519 
12212 -46.672219 
12255 -55.551794 
12298 -41.418403 
12341 -45.994463 
12384 -40.642249 
12427 -34.432269 
12470 -29.058125 
12513 -37.391371 
12556 -35.397979 
12599 -40.066426 
12642 -40.366351 
12685 -36.275580 
12728 -31.428675 
12771 -33.404328 
12814 -31.411081 
12857 -39.102445 
12900 -26.669667 
12943 -29.940050 
12986 -29.536150 
13029 -36.727161 
13072 -39.318091 
13115 -42.681879 
13158 -35.656240 
13201 -42.273122 
13244 -38.528673 
13287 -45.584388 
13330 -32.464342 
13373 -35.623286 
13416 -30.848214 
13459 -34.460108 
13502 -35.869677 
13545 -50.555515 
13588 -39.167394 
13631 -38.473830 
13674 -33.470604 
13717 -37.725495 
13760 -30.431891 
13803 -36.543920 
13846 -43.419383 
13889 -63.443591 
13932 -43.178833 
13975 -41.505101 
14018 -37.510668 
14061 -51.127484 
14104 -42.837990 
14147 -44.449352 
14190 -43.315831 
14233 -44.698666 
14276 -43.140516 
14319 -62.160843 
14362 -45.296649 
14405 -43.294915 
14448 -39.086733 
14491 -47.553823 
14534 -42.657325 
14577 -46.624384 
14620 -47.898165 
14663 -46.744544 
14706 -43.315221 
14749 -46.502872 
14792 -47.060778 
14835 -50.988146 
14878 -47.112988 
14921 -55.646673 
14964 -48.876876 
