7998 -29.185004 
8041 -42.152029 
8084 -25.743771 
8127 -34.299947 
8170 -44.964422 
8213 -44.121722 
8256 -36.275058 
8299 -37.262958 
8342 -35.211969 
8385 -45.424443 
8428 -43.025889 
8471 -44.349007 
8514 -35.701300 
8557 -51.071400 
8600 -36.788104 
8643 -39.251929 
8686 -30.004092 
8729 -40.451245 
8772 -39.807200 
8815 -50.665196 
8858 -36.224509 
8901 -36.802259 
8944 -34.280559 
8987 -39.192786 
9030 -33.852954 
9073 -40.651259 
9116 -32.957661 
9159 -40.636710 
9202 -35.581019 
9245 -37.273618 
9288 -35.544174 
9331 -39.042379 
9374 -35.663289 
9417 -39.927903 
9460 -32.104619 
9503 -34.679908 
9546 -32.038382 
9589 -39.090180 
9632 -37.590150 
9675 -38.110305 
9718 -35.973394 
9761 -40.010211 
9804 -42.529767 
9847 -48.814139 
9890 -38.024163 
9933 -33.233297 
9976 -28.095178 
10019 -36.114098 
10062 -37.625128 
10105 -44.279861 
10148 -31.615598 
10191 -47.269742 
10234 -31.458796 
10277 -37.128811 
10320 -43.119795 
10363 -42.742238 
10406 -35.989575 
10449 -33.767405 
10492 -27.621037 
10535 -32.249855 
10578 -29.246934 
10621 -37.087737 
10664 -49.133722 
10707 -43.959882 
10750 -35.004812 
10793 -41.614189 
10836 -41.851635 
10879 -43.865064 
10922 -33.163975 
10965 -46.976821 
11008 -36.606646 
11051 -35.327672 
11094 -30.274529 
11137 -47.936401 
11180 -32.264185 
11223 -35.259152 
11266 -35.151654 
11309 -37.485819 
11352 -33.314651 
11395 -42.932121 
11438 -34.640605 
11481 -41.472764 
11524 -33.233887 
11567 -36.645698 
11610 -37.918106 
11653 -41.830360 
11696 -43.236408 
11739 -50.581964 
11782 -39.644948 
11825 -47.115684 
11868 -52.231083 
11911 -47.307867 
11954 -41.012185 
