7998 0.261848 
8041 0.865406 
8084 2.454314 
8127 2.388878 
8170 3.374360 
8213 3.331275 
8256 3.105151 
8299 3.559633 
8342 3.924164 
8385 3.712583 
8428 -9.245537 
8471 -0.320778 
8514 -0.294012 
8557 -3.630896 
8600 -3.560385 
8643 -9.384952 
8686 0.186755 
8729 -0.804702 
8772 2.098394 
8815 0.158942 
8858 0.231788 
8901 -0.839950 
8944 2.379548 
8987 3.565571 
9030 3.790763 
9073 3.679584 
9116 3.151197 
9159 -5.551409 
9202 -2.687430 
9245 -1.995792 
9288 -3.247092 
9331 -3.627272 
9374 -7.009386 
9417 -9.541829 
9460 -8.694472 
9503 -7.250662 
9546 -3.988862 
9589 1.060445 
9632 -1.658941 
9675 -0.835933 
9718 0.491459 
9761 5.845967 
9804 -2.519139 
9847 -2.556472 
9890 2.232493 
9933 -1.994440 
9976 -4.257635 
10019 1.840839 
10062 4.238370 
10105 8.259918 
10148 9.491631 
10191 2.503442 
10234 -2.978584 
10277 -7.171157 
10320 0.633606 
10363 2.139292 
10406 1.006093 
10449 0.020492 
10492 0.395836 
10535 1.394422 
10578 0.838391 
10621 6.557144 
10664 3.505652 
10707 -0.952187 
10750 1.994535 
10793 1.205516 
10836 0.945247 
10879 -13.223216 
10922 -1.394439 
10965 0.214592 
11008 0.783792 
11051 -0.885960 
11094 -5.768760 
11137 -3.656357 
11180 -3.166055 
11223 -5.250293 
11266 -4.943993 
11309 -4.585307 
11352 -2.429139 
11395 -2.118695 
11438 -1.648687 
11481 -2.623647 
11524 -3.033022 
11567 -2.671188 
11610 -3.677117 
11653 -2.816641 
11696 -2.623223 
11739 -3.440287 
11782 -4.709311 
11825 -4.909011 
11868 -4.104709 
11911 -6.038086 
11954 -5.322471 
11997 -5.620691 
12040 -5.940628 
12083 -6.978990 
12126 -11.445408 
12169 -9.980208 
12212 -18.538944 
12255 -17.264063 
12298 -14.551284 
12341 -16.188213 
12384 -11.980311 
12427 -15.383750 
12470 -19.922574 
12513 -17.290915 
12556 -15.961902 
12599 -16.999093 
12642 -12.917175 
12685 -0.379818 
12728 -7.701186 
12771 -1.213736 
12814 0.886653 
12857 -0.337786 
12900 -6.109079 
12943 -14.324749 
12986 -13.034644 
13029 -11.280200 
13072 -0.614553 
13115 3.355036 
13158 2.104606 
13201 4.734944 
13244 -0.872766 
13287 -4.441601 
13330 -6.099755 
13373 -1.948574 
13416 5.537413 
13459 22.123091 
13502 14.215736 
13545 13.751077 
13588 14.873315 
13631 17.918948 
13674 9.880985 
13717 16.606804 
13760 22.167560 
13803 15.866329 
13846 13.287728 
13889 12.251654 
13932 16.821854 
13975 13.532208 
14018 16.201476 
14061 8.255255 
14104 5.904040 
14147 5.751022 
14190 5.980650 
14233 0.836487 
14276 9.446567 
14319 12.498363 
14362 9.300512 
14405 13.744982 
14448 18.007596 
14491 22.070369 
14534 26.955419 
14577 16.779697 
14620 10.993839 
14663 1.786757 
14706 -1.369913 
14749 -0.872673 
14792 -0.439093 
14835 -1.201814 
14878 1.887629 
14921 18.965433 
14964 2.828581 
