7998 4.311828 
8041 4.334806 
8084 2.879068 
8127 3.848705 
8170 4.232297 
8213 3.280497 
8256 3.067775 
8299 3.939796 
8342 6.055010 
8385 2.398048 
8428 3.621130 
8471 3.062951 
8514 2.789188 
8557 2.713969 
8600 1.950359 
8643 4.948239 
8686 4.100941 
8729 4.520247 
8772 1.638582 
8815 2.367332 
8858 2.473606 
8901 2.335366 
8944 1.110855 
8987 0.523748 
9030 0.024888 
9073 0.181304 
9116 0.993736 
9159 1.281316 
9202 1.366550 
9245 2.177212 
9288 0.446490 
9331 0.417211 
9374 -0.198112 
9417 -0.074277 
9460 0.035366 
9503 0.994767 
9546 1.433722 
9589 1.723774 
9632 4.087043 
9675 1.690165 
9718 1.670100 
9761 2.350799 
9804 2.071719 
9847 2.405682 
9890 2.206536 
9933 2.459290 
9976 1.073740 
10019 1.418946 
10062 2.757196 
10105 1.967121 
10148 1.802633 
10191 0.993126 
10234 -0.425403 
10277 1.242733 
10320 1.959260 
10363 1.527185 
10406 2.809055 
10449 1.935426 
10492 -0.264327 
10535 -0.271383 
10578 -0.094524 
10621 0.220756 
10664 0.308430 
10707 0.629005 
10750 0.938652 
10793 -0.283223 
10836 -0.670477 
10879 -0.164982 
10922 1.779105 
10965 -4.290548 
11008 -0.310554 
11051 0.075863 
11094 -1.391963 
11137 36.964386 
11180 1.185101 
11223 -1.015035 
11266 0.086798 
11309 -0.347343 
11352 -1.615796 
11395 -1.381005 
11438 -0.800251 
11481 -3.139249 
11524 -3.463106 
11567 -2.696198 
11610 -2.642080 
11653 -2.093710 
11696 -1.707896 
11739 -6.250957 
11782 -6.285194 
11825 -6.435765 
11868 -6.836317 
11911 -6.761730 
11954 -5.137297 
11997 -15.050397 
12040 -15.828819 
12083 -14.634473 
12126 -20.800617 
12169 -20.834274 
12212 -16.077748 
12255 -18.778869 
12298 -7.161721 
12341 -7.311701 
12384 -5.161843 
12427 1.082259 
12470 -0.409740 
12513 -0.592531 
12556 -2.776864 
12599 3.480864 
12642 -0.207021 
12685 -3.033250 
12728 0.925198 
12771 6.466252 
12814 12.383207 
12857 12.564747 
12900 10.191901 
12943 7.202293 
12986 5.932991 
13029 4.800411 
13072 1.224014 
13115 3.980324 
13158 4.069870 
13201 7.347905 
13244 1.964038 
13287 1.505424 
13330 5.732213 
13373 4.237349 
13416 2.976648 
13459 7.030362 
13502 -1.404871 
13545 5.316785 
13588 8.114480 
13631 5.526026 
13674 5.008595 
13717 4.248637 
13760 8.333759 
13803 2.379899 
13846 2.279664 
13889 4.081491 
13932 8.889352 
13975 7.972721 
14018 5.953681 
14061 6.508235 
14104 9.905827 
14147 9.891273 
14190 4.907008 
14233 8.754360 
14276 9.191725 
14319 6.629369 
14362 3.454473 
14405 10.200341 
14448 6.768557 
14491 5.156835 
14534 1.502894 
14577 0.667354 
14620 -4.907467 
14663 7.133862 
14706 13.596124 
14749 3.633958 
14792 -3.707533 
14835 -11.655756 
14878 3.736555 
14921 6.297960 
14964 -3.011425 
