0 9.040659 
43 -13.480329 
86 -11.797220 
129 1.137005 
172 6.058340 
215 16.217009 
258 -5.183108 
301 -3.166923 
344 -8.695051 
387 -15.398774 
430 -20.027092 
473 -18.671711 
516 -14.451396 
559 -15.628218 
602 -19.281070 
645 -31.619860 
688 -10.384285 
731 -19.933984 
774 -21.815365 
817 -16.071799 
860 -9.185274 
903 -32.981250 
946 -17.792068 
989 -8.969279 
1032 -16.513185 
1075 -16.420352 
1118 -17.639619 
1161 -16.159753 
1204 -24.740713 
1247 -17.421187 
1290 -17.745998 
1333 -17.423272 
1376 -10.967509 
1419 -20.930317 
1462 -23.717138 
1505 -15.158018 
1548 -17.947826 
1591 -24.378919 
1634 -16.695490 
1677 -21.544085 
1720 -12.879645 
1763 -13.992221 
1806 -14.920630 
1849 -20.350636 
1892 -20.385324 
1935 -20.086201 
1978 -12.816266 
2021 -10.209852 
2064 -16.694188 
2107 -10.848482 
2150 -13.880243 
2193 -13.760088 
2236 -9.944552 
2279 -8.347002 
2322 -7.268067 
2365 -9.453655 
2408 -5.431687 
2451 -8.931370 
2494 -9.187845 
2537 -8.222937 
2580 -7.569534 
2623 -9.779158 
2666 -11.640721 
2709 -13.682810 
2752 -17.914391 
2795 -8.732532 
2838 -5.884415 
2881 -3.387116 
2924 -0.906458 
2967 3.233348 
3010 -5.388558 
3053 1.339020 
3096 1.429954 
3139 2.291501 
3182 0.160494 
3225 2.556523 
3268 3.773179 
3311 3.922810 
3354 -0.467131 
3397 0.435462 
3440 0.137584 
3483 13.306546 
3526 1.016078 
3569 3.158775 
3612 8.520128 
3655 0.453024 
3698 4.104076 
3741 5.417517 
3784 9.446368 
3827 8.684294 
3870 5.554350 
3913 12.616355 
3956 3.350242 
3999 2.507118 
4042 2.174503 
4085 0.994395 
4128 2.408678 
4171 -1.409379 
4214 4.163218 
4257 5.294175 
4300 6.963628 
4343 -0.343865 
4386 1.549698 
4429 1.080576 
4472 3.013369 
4515 2.349055 
4558 2.249488 
4601 2.560577 
4644 -0.315928 
4687 -4.231654 
4730 -2.774921 
4773 5.809569 
4816 -0.125146 
4859 -0.987587 
4902 -0.891058 
4945 -2.558816 
4988 -1.436876 
5031 -3.238507 
5074 2.226794 
5117 -1.600136 
5160 0.581375 
5203 7.494932 
5246 -3.164467 
5289 -4.331469 
5332 -2.051641 
5375 0.080938 
5418 -2.304298 
5461 1.587186 
5504 -1.017066 
5547 -0.351518 
5590 0.550615 
5633 -8.053328 
5676 -10.748954 
5719 -9.147893 
5762 -8.299731 
5805 -11.602542 
5848 -3.691388 
5891 -8.798550 
5934 -10.465070 
5977 -1.455855 
6020 -12.200805 
6063 -8.174405 
6106 -18.896810 
6149 -14.790709 
6192 -12.377271 
6235 -12.725859 
6278 -13.032294 
6321 -10.914242 
6364 -23.340691 
6407 -20.154159 
6450 -17.866675 
6493 -14.805740 
6536 -33.703758 
6579 -18.905200 
6622 -17.938850 
6665 -19.698409 
6708 -23.705170 
6751 -21.804845 
6794 -19.294364 
6837 -16.218924 
6880 -15.553009 
6923 -13.033333 
6966 -16.643729 
7009 -18.844792 
7052 -22.123310 
7095 -20.816360 
7138 -14.146964 
7181 -14.039650 
7224 -14.929743 
7267 -11.836165 
7310 -8.697696 
7353 -9.094451 
7396 -12.019620 
7439 -7.676100 
7482 -11.813253 
7525 -16.084984 
7568 -11.635196 
7611 -13.018974 
7654 -16.440801 
7697 -14.367447 
7740 -12.129593 
7783 -23.463491 
7826 -21.104075 
7869 -23.245177 
7912 -18.912312 
7955 -16.771227 
7998 -9.720792 
8041 -14.409156 
8084 -15.957664 
8127 -21.587159 
8170 -22.499075 
8213 -28.083403 
8256 -29.311150 
8299 -24.966159 
8342 -19.311154 
8385 -21.545110 
8428 -20.252347 
8471 -15.840032 
8514 -26.752658 
8557 -27.414084 
8600 -24.721272 
8643 -31.304521 
8686 -22.593217 
8729 -28.410227 
8772 -24.325383 
8815 -21.443949 
8858 -21.995400 
8901 -20.068273 
8944 -32.185446 
8987 -23.612432 
9030 -21.735945 
9073 -16.378053 
9116 -27.773989 
9159 -7.142096 
9202 -17.773800 
9245 -16.163896 
9288 -25.344468 
9331 -17.252656 
9374 -33.870035 
9417 -41.998100 
9460 -25.291757 
9503 -24.078687 
9546 -44.152823 
9589 -46.824824 
9632 -44.793354 
9675 -27.380242 
9718 -30.776605 
9761 -42.030880 
9804 -31.174448 
9847 -29.193206 
9890 -29.112064 
9933 -11.052773 
9976 -24.240396 
10019 -23.473948 
10062 -23.817447 
10105 -16.659493 
10148 -16.847447 
10191 -24.673540 
10234 -33.569483 
10277 -17.005753 
10320 -18.566016 
10363 -25.669517 
10406 -42.554322 
10449 -30.546485 
10492 -20.750963 
10535 -19.767714 
10578 -23.417483 
10621 -34.910848 
10664 -37.108234 
10707 -29.680461 
10750 -20.589443 
10793 -18.185599 
10836 -18.148729 
10879 -25.906655 
10922 -21.354215 
10965 -30.060683 
11008 -16.658314 
11051 -15.360235 
11094 -17.088315 
11137 -26.032971 
11180 -23.546852 
11223 -18.915331 
11266 -17.658942 
11309 -17.125876 
11352 -17.444463 
11395 -21.446506 
11438 -25.193885 
11481 -12.856848 
11524 -7.582892 
11567 -17.556839 
11610 -9.247388 
11653 -13.391995 
11696 -13.482314 
11739 -26.640172 
11782 -12.375323 
11825 -10.078856 
11868 -17.718929 
11911 -18.368723 
11954 -19.730771 
11997 -9.956563 
12040 -7.340001 
12083 -10.728171 
12126 -14.622871 
12169 -14.230972 
12212 -17.591722 
12255 -17.697939 
12298 -23.909110 
12341 -4.707372 
12384 -27.962033 
12427 -30.654191 
12470 -17.504440 
12513 -6.590573 
12556 -9.390452 
12599 -23.742660 
12642 -25.627676 
12685 -29.679404 
12728 -21.831731 
12771 -17.171832 
12814 -13.557261 
12857 -17.676710 
12900 -20.262307 
12943 -20.551232 
12986 -20.623858 
13029 -27.776380 
13072 -48.282329 
13115 -35.098554 
13158 -21.046948 
13201 -25.055392 
13244 -26.828132 
13287 -20.710900 
13330 -22.797189 
13373 -24.134278 
13416 -21.588818 
13459 -22.533371 
13502 -34.380826 
13545 -36.110122 
13588 -31.310212 
13631 -17.035673 
13674 -16.435524 
13717 -15.825531 
13760 -41.372537 
13803 -32.599331 
13846 -32.710118 
13889 -38.479466 
13932 -40.474313 
13975 -41.760089 
14018 -34.514229 
14061 -35.481433 
14104 -36.591988 
14147 -22.637172 
14190 -36.605282 
14233 -36.081731 
14276 -17.924174 
14319 -29.776309 
14362 -34.343053 
14405 -24.079189 
14448 -26.880965 
14491 -30.911802 
14534 -32.461326 
14577 -33.833223 
14620 -31.800318 
14663 -49.114308 
14706 -35.935739 
14749 -20.898786 
14792 -28.241126 
14835 -22.683696 
14878 -32.606866 
14921 -29.838313 
14964 -34.031395 
