7998 -0.485103 
8041 1.793455 
8084 2.609288 
8127 2.800448 
8170 2.216442 
8213 2.190590 
8256 2.224407 
8299 2.188571 
8342 2.683301 
8385 4.282149 
8428 0.740665 
8471 0.935824 
8514 1.082406 
8557 1.958809 
8600 -6.241452 
8643 1.252553 
8686 1.895494 
8729 3.249908 
8772 3.187071 
8815 2.822187 
8858 1.170411 
8901 1.932110 
8944 4.872414 
8987 3.754920 
9030 3.962478 
9073 5.851273 
9116 3.826607 
9159 -0.289705 
9202 -2.632662 
9245 -7.776743 
9288 -2.542376 
9331 -6.120343 
9374 -10.554355 
9417 -18.728478 
9460 -8.187840 
9503 -7.916107 
9546 -3.204999 
9589 -2.669121 
9632 -1.913472 
9675 -6.585818 
9718 3.820888 
9761 -0.323414 
9804 -0.426939 
9847 -4.545277 
9890 0.821834 
9933 -5.041379 
9976 -3.978003 
10019 -4.991456 
10062 4.773577 
10105 8.887793 
10148 10.235764 
10191 0.152536 
10234 -0.787124 
10277 -2.130225 
10320 -1.138243 
10363 2.183058 
10406 2.091938 
10449 -3.243612 
10492 -2.551981 
10535 -2.586968 
10578 0.204599 
10621 1.847022 
10664 2.676105 
10707 6.155994 
10750 3.904525 
10793 2.815351 
10836 1.173959 
10879 -1.627662 
10922 -1.281387 
10965 4.393692 
11008 2.057663 
11051 0.909370 
11094 -7.194004 
11137 -5.035498 
11180 -2.306007 
11223 -4.709970 
11266 -5.091996 
11309 -4.250001 
11352 -2.201851 
11395 -1.829760 
11438 -1.323945 
11481 -0.167169 
11524 -3.762380 
11567 -1.359605 
11610 -2.645383 
11653 -2.054999 
11696 -2.434263 
11739 -5.443811 
11782 -4.309954 
11825 -4.471874 
11868 -5.095232 
11911 -6.197171 
11954 -7.488713 
11997 -5.119908 
12040 -2.410453 
12083 -3.991779 
12126 -7.597726 
12169 -10.268298 
12212 -9.823285 
12255 -10.305588 
12298 -10.125572 
12341 -11.224614 
12384 -10.333362 
12427 -12.649437 
12470 -19.707813 
12513 -10.385348 
12556 -10.995830 
12599 -10.578503 
12642 -12.010971 
12685 -8.268859 
12728 -7.785341 
12771 -5.486844 
12814 -3.469398 
12857 -4.944726 
12900 -6.253582 
12943 -5.778164 
12986 -3.674309 
13029 -3.884924 
13072 -4.389932 
13115 -6.788218 
13158 -1.378809 
13201 6.178841 
13244 3.662779 
13287 3.742094 
13330 1.712259 
13373 2.637416 
13416 3.329534 
13459 0.293384 
13502 0.690638 
13545 5.253965 
13588 11.828833 
13631 7.470259 
13674 6.056101 
13717 4.184025 
13760 10.295276 
13803 11.702026 
13846 16.584575 
13889 16.368357 
13932 16.593464 
13975 20.103944 
14018 20.253839 
14061 3.820290 
14104 13.005670 
14147 13.928299 
14190 15.308383 
14233 11.694775 
14276 19.459324 
14319 17.312018 
14362 13.444676 
14405 12.682172 
14448 1.597442 
14491 2.907594 
14534 -0.467163 
14577 3.509600 
14620 6.641649 
14663 5.397191 
14706 11.388188 
14749 11.675399 
14792 9.858221 
14835 6.846271 
14878 3.542283 
14921 8.088331 
14964 5.068904 
