0 -13.113712 
43 -23.153491 
86 -22.824543 
129 -13.567283 
172 -9.602225 
215 -34.577223 
258 -14.220679 
301 -15.259609 
344 -24.989023 
387 -42.126192 
430 -35.459122 
473 -33.511764 
516 -25.422120 
559 -34.879953 
602 -43.939651 
645 -35.151862 
688 -28.375296 
731 -38.002484 
774 -23.903948 
817 -21.482195 
860 -23.406071 
903 -13.534428 
946 -30.035874 
989 -30.210083 
1032 -43.141446 
1075 -49.611802 
1118 -38.909718 
1161 -26.902442 
1204 -24.883162 
1247 -26.491844 
1290 -27.425567 
1333 -27.820491 
1376 -29.805274 
1419 -29.821546 
1462 -30.173864 
1505 -32.409065 
1548 -30.747905 
1591 -25.437855 
1634 -20.038787 
1677 -22.369286 
1720 -22.149528 
1763 -21.107711 
1806 -23.547223 
1849 -21.337392 
1892 -30.719962 
1935 -19.936431 
1978 -30.405863 
2021 -34.350509 
2064 -32.532239 
2107 -34.014118 
2150 -34.785852 
2193 -36.861270 
2236 -30.002610 
2279 -24.415427 
2322 -24.319400 
2365 -17.703674 
2408 -17.353182 
2451 -15.925734 
2494 -20.497216 
2537 -19.315139 
2580 -15.098191 
2623 -8.999351 
2666 -11.554744 
2709 -27.106841 
2752 -28.159598 
2795 -8.753907 
2838 -15.633910 
2881 -14.881923 
2924 -20.095357 
2967 -30.356965 
3010 14.182472 
3053 -7.881606 
3096 -6.287738 
3139 -6.615028 
3182 -7.191364 
3225 -8.476589 
3268 -7.796604 
3311 -3.571741 
3354 -7.347318 
3397 -10.010289 
3440 -10.221678 
3483 -11.269903 
3526 -18.238637 
3569 -16.921623 
3612 -17.328657 
3655 -14.744060 
3698 -13.055128 
3741 -9.978837 
3784 -9.226544 
3827 -11.456697 
3870 -15.327890 
3913 -12.474450 
3956 -8.906848 
3999 -9.113762 
4042 -14.395422 
4085 -14.907983 
4128 -14.756312 
4171 -19.427346 
4214 -14.442830 
4257 -12.952707 
4300 -12.960672 
4343 -13.107251 
4386 -13.265478 
4429 -12.558434 
4472 -13.296567 
4515 -14.816402 
4558 -15.638273 
4601 -11.713657 
4644 -10.829286 
4687 -14.659562 
4730 -20.489318 
4773 -22.802172 
4816 -20.890256 
4859 -20.899682 
4902 -23.053518 
4945 -17.452096 
4988 -19.679441 
5031 -13.469729 
5074 -17.740441 
5117 -10.291426 
5160 -29.292992 
5203 -30.783988 
5246 -8.737916 
5289 -28.006206 
5332 -31.479873 
5375 -33.024570 
5418 -24.860537 
5461 -18.855720 
5504 -25.460926 
5547 -24.550677 
5590 -23.980026 
5633 -26.568364 
5676 -26.756887 
5719 -27.564491 
5762 -27.735516 
5805 -27.667604 
5848 -30.513894 
5891 -24.604941 
5934 -24.072140 
5977 -23.758988 
6020 -22.717215 
6063 -22.358699 
6106 -23.508817 
6149 -21.263732 
6192 -19.550848 
6235 -15.740006 
6278 -12.435787 
6321 -24.947315 
6364 -20.477444 
6407 -15.148008 
6450 -18.625809 
6493 -19.040616 
6536 -22.259225 
6579 -16.070517 
6622 -16.156906 
6665 -4.972662 
6708 -15.665476 
6751 -8.607237 
6794 -11.240638 
6837 -16.044586 
6880 -13.405019 
6923 -12.921180 
6966 -12.731948 
7009 -13.846047 
7052 -14.620233 
7095 -17.174359 
7138 -14.718686 
7181 -11.927342 
7224 -12.555113 
7267 -11.508960 
7310 -16.274702 
7353 -12.220005 
7396 -17.059439 
7439 -16.490877 
7482 -17.222712 
7525 -20.452453 
7568 -19.084005 
7611 -13.834246 
7654 -14.451874 
7697 -20.943181 
7740 -4.523515 
7783 -6.902084 
7826 -8.013252 
7869 -14.561518 
7912 -18.635298 
7955 -22.280847 
7998 -14.190586 
8041 -23.099057 
8084 -28.547378 
8127 -21.794821 
8170 -14.626900 
8213 -10.574785 
8256 -9.313444 
8299 -16.655806 
8342 -18.605906 
8385 -15.223630 
8428 -12.891776 
8471 -4.725067 
8514 -13.774745 
8557 -19.641903 
8600 -29.266181 
8643 -21.391315 
8686 -16.552038 
8729 -18.931896 
8772 -22.063503 
8815 -20.496824 
8858 -19.017874 
8901 -17.987330 
8944 -21.565499 
8987 -4.733028 
9030 -22.369577 
9073 -21.718514 
9116 -19.770846 
9159 -19.390592 
9202 -19.556798 
9245 -21.566081 
9288 -27.969367 
9331 -7.106895 
9374 -14.773281 
9417 -16.771451 
9460 -18.050402 
9503 -16.312322 
9546 -12.751267 
9589 -4.604188 
9632 -2.685887 
9675 -10.757786 
9718 -20.880178 
9761 -14.686603 
9804 -7.165461 
9847 -14.734595 
9890 4.258837 
9933 -2.806219 
9976 -1.789429 
10019 -8.102399 
10062 -18.153747 
10105 -6.762779 
10148 -9.222362 
10191 -10.637051 
10234 -14.717046 
10277 -8.918349 
10320 -6.855478 
10363 -13.697000 
10406 -20.700962 
10449 -18.878111 
10492 -25.643278 
10535 -27.465122 
10578 -28.339147 
10621 -24.838782 
10664 -16.459587 
10707 -21.829942 
10750 -26.561950 
10793 -19.680575 
10836 -18.655752 
10879 -16.538861 
10922 -13.907966 
10965 -19.305686 
11008 -22.109405 
11051 -17.243345 
11094 -12.304925 
11137 -10.779378 
11180 -14.147454 
11223 -16.165442 
11266 -16.117247 
11309 -18.159308 
11352 -12.331870 
11395 -9.602464 
11438 -11.925647 
11481 -10.901418 
11524 -2.138109 
11567 -12.623832 
11610 -17.404333 
11653 -18.309677 
11696 -22.281459 
11739 -15.686222 
11782 -10.653651 
11825 -12.557360 
11868 -15.037048 
11911 -30.927039 
11954 -32.587569 
11997 -31.718123 
12040 -29.599792 
12083 -26.812662 
12126 -32.802113 
12169 -33.892598 
12212 -36.140434 
12255 -31.018094 
12298 -24.998877 
12341 -31.028060 
12384 -35.786908 
12427 -38.637771 
12470 -43.360762 
12513 -30.624588 
12556 -37.796000 
12599 -21.585034 
12642 -41.733174 
12685 -34.840114 
12728 -29.772942 
12771 -36.702657 
12814 -28.351899 
12857 -45.979686 
12900 -36.905148 
12943 -34.289896 
12986 -30.979507 
13029 -30.014745 
13072 -34.213891 
13115 -32.496301 
13158 -32.525275 
13201 -31.334661 
13244 -26.494380 
13287 -28.009093 
13330 -35.195130 
13373 -26.587620 
13416 -20.857878 
13459 -33.952857 
13502 -39.173115 
13545 -48.749001 
13588 -31.863693 
13631 -43.314036 
13674 -34.734284 
13717 -35.400390 
13760 -34.556377 
13803 -38.708062 
13846 -34.823913 
13889 -36.378274 
13932 -46.754902 
13975 -46.138495 
14018 -39.609773 
14061 -34.860778 
14104 -39.834506 
14147 -46.284088 
14190 -55.566640 
14233 -24.493541 
14276 -35.858073 
14319 -42.389847 
14362 -29.256288 
14405 -30.806145 
14448 -40.504064 
14491 -46.381755 
14534 -47.470721 
14577 -40.370431 
14620 -33.804075 
14663 -42.505076 
14706 -46.532157 
14749 -39.622840 
14792 -36.212208 
14835 -37.463930 
14878 -32.875992 
14921 -30.631831 
14964 -32.659077 
