7998 -31.494631 
8041 -38.094644 
8084 -40.886818 
8127 -38.056026 
8170 -33.596467 
8213 -31.936654 
8256 -28.288184 
8299 -38.391195 
8342 -32.123824 
8385 -31.737755 
8428 -28.015864 
8471 -32.689562 
8514 -36.713620 
8557 -43.098672 
8600 -46.786849 
8643 -38.736694 
8686 -32.978104 
8729 -34.391484 
8772 -32.755523 
8815 -34.758092 
8858 -32.968809 
8901 -33.582104 
8944 -29.436364 
8987 -32.952217 
9030 -32.309104 
9073 -35.045408 
9116 -35.320812 
9159 -38.722055 
9202 -28.658963 
9245 -34.354469 
9288 -40.996641 
9331 -35.216940 
9374 -26.102704 
9417 -33.575671 
9460 -36.515833 
9503 -50.307469 
9546 -40.830431 
9589 -36.035153 
9632 -28.679716 
9675 -34.743776 
9718 -43.044731 
9761 -37.785458 
9804 -32.750219 
9847 -44.888568 
9890 -39.971091 
9933 -43.798788 
9976 -32.148316 
10019 -37.897827 
10062 -44.420623 
10105 -55.901031 
10148 -39.975714 
10191 -50.680486 
10234 -47.274788 
10277 -41.706620 
10320 -33.409779 
10363 -39.040715 
10406 -38.184153 
10449 -48.213462 
10492 -47.026032 
10535 -47.515200 
10578 -40.774256 
10621 -44.963107 
10664 -39.795851 
10707 -47.571976 
10750 -48.674219 
10793 -43.982288 
10836 -39.038485 
10879 -42.964727 
10922 -36.712653 
10965 -38.078624 
11008 -35.413339 
11051 -40.967899 
11094 -28.987165 
11137 -44.351075 
11180 -25.971157 
11223 -27.442976 
11266 -21.903985 
11309 -32.343590 
11352 -31.700726 
11395 -43.600543 
11438 -27.497747 
11481 -31.112338 
11524 -30.828204 
11567 -30.526924 
11610 -27.562095 
11653 -33.934558 
11696 -33.133014 
11739 -34.005139 
11782 -32.337847 
11825 -48.324349 
11868 -30.895599 
11911 -38.273554 
11954 -37.004422 
