7998 -1.830178 
8041 -0.888030 
8084 0.408407 
8127 3.490823 
8170 3.784578 
8213 3.644715 
8256 2.562104 
8299 1.959438 
8342 9.731456 
8385 -1.358887 
8428 -0.172961 
8471 0.603208 
8514 2.312185 
8557 -0.099692 
8600 -2.607948 
8643 -2.704443 
8686 -4.485204 
8729 4.200184 
8772 1.180108 
8815 -1.785852 
8858 -0.284285 
8901 -1.424855 
8944 -0.338952 
8987 3.053753 
9030 1.664390 
9073 2.109174 
9116 2.177078 
9159 0.875479 
9202 -1.853801 
9245 -2.214179 
9288 -6.212002 
9331 -4.589599 
9374 -7.115487 
9417 -5.749499 
9460 -8.238426 
9503 -4.939256 
9546 -1.489178 
9589 -1.289468 
9632 -8.983442 
9675 -3.655014 
9718 -1.224298 
9761 -12.961854 
9804 -14.144323 
9847 -4.581808 
9890 -0.424670 
9933 -6.973514 
9976 2.623351 
10019 2.896420 
10062 1.334944 
10105 4.024485 
10148 4.708670 
10191 -4.476052 
10234 4.433952 
10277 6.733475 
10320 -5.313128 
10363 -9.758796 
10406 -0.324233 
10449 3.180955 
10492 -4.835653 
10535 -3.819078 
10578 -1.711782 
10621 -1.586545 
10664 -1.901595 
10707 -0.080121 
10750 0.476807 
10793 -1.403277 
10836 3.054863 
10879 1.597381 
10922 -5.505491 
10965 -0.853634 
11008 -1.047924 
11051 3.575002 
11094 -3.428971 
11137 -5.519816 
11180 -5.678210 
11223 -6.822963 
11266 -7.527565 
11309 -8.955684 
11352 -6.822884 
11395 -6.346069 
11438 -3.340617 
11481 -3.543440 
11524 -4.762397 
11567 -4.305679 
11610 -4.758441 
11653 -3.401993 
11696 -3.146967 
11739 -4.724552 
11782 -5.322237 
11825 -5.671363 
11868 -5.048495 
11911 -4.878595 
11954 -3.589387 
11997 -5.249093 
12040 -6.230474 
12083 -6.071291 
12126 -4.994487 
12169 -4.235529 
12212 -10.379234 
12255 -8.637101 
12298 -21.913804 
12341 -8.109808 
12384 -8.035588 
12427 -11.932168 
12470 -13.395890 
12513 -12.725995 
12556 -12.111989 
12599 -8.833536 
12642 -9.227112 
12685 -9.182579 
12728 -11.046506 
12771 -5.341585 
12814 -3.240432 
12857 -3.524296 
12900 -5.182074 
12943 -3.058189 
12986 -1.050953 
13029 0.350698 
13072 2.790191 
13115 3.471430 
13158 -0.613737 
13201 -1.979840 
13244 4.982964 
13287 1.608547 
13330 1.552811 
13373 2.801137 
13416 4.710034 
13459 0.903698 
13502 -0.152871 
13545 -1.000770 
13588 3.624108 
13631 10.184431 
13674 10.540327 
13717 6.701761 
13760 28.171269 
13803 16.634208 
13846 6.591992 
13889 14.317073 
13932 10.778622 
13975 15.841051 
14018 12.439657 
14061 15.154986 
14104 10.742467 
14147 7.073856 
14190 -11.041508 
14233 8.592340 
14276 15.450501 
14319 13.203688 
14362 0.352077 
14405 20.015212 
14448 14.042679 
14491 12.473367 
14534 7.928179 
14577 14.195923 
14620 17.487753 
14663 11.318033 
14706 12.419614 
14749 13.388400 
14792 9.518322 
14835 5.927585 
14878 2.058066 
14921 2.210663 
14964 1.817749 
