7998 -20.360154 
8041 -25.580989 
8084 -26.553071 
8127 -25.269698 
8170 -20.132421 
8213 -29.410642 
8256 -27.847543 
8299 -40.602186 
8342 -32.346276 
8385 -38.512037 
8428 -32.510179 
8471 -30.608386 
8514 -26.624907 
8557 -36.811574 
8600 -30.259574 
8643 -29.209180 
8686 -25.290041 
8729 -34.440613 
8772 -26.139563 
8815 -26.466691 
8858 -22.372106 
8901 -26.527036 
8944 -28.952518 
8987 -26.944299 
9030 -22.415364 
9073 -32.073611 
9116 -26.682810 
9159 -27.582718 
9202 -21.661921 
9245 -44.063477 
9288 -23.555633 
9331 -28.065596 
9374 -23.103022 
9417 -47.368031 
9460 -22.527116 
9503 -29.640578 
9546 -28.427465 
9589 -37.672578 
9632 -40.078721 
9675 -31.485325 
9718 -25.668208 
9761 -35.826685 
9804 -34.250524 
9847 -27.798586 
9890 -21.933365 
9933 -29.094799 
9976 -35.474294 
10019 -31.047374 
10062 -24.862283 
10105 -24.392266 
10148 -20.844531 
10191 -28.278842 
10234 -32.894302 
10277 -54.299729 
10320 -35.435087 
10363 -25.750920 
10406 -19.562572 
10449 -30.262594 
10492 -29.026760 
10535 -37.340739 
10578 -32.415519 
10621 -48.055569 
10664 -33.598093 
10707 -40.449564 
10750 -36.699479 
10793 -37.295737 
10836 -32.314750 
10879 -36.641340 
10922 -39.286247 
10965 -35.401664 
11008 -27.706788 
11051 -38.125897 
11094 -36.905804 
11137 -35.035093 
11180 -31.396576 
11223 -37.218200 
11266 -47.290621 
11309 -37.787789 
11352 -31.412594 
11395 -39.363736 
11438 -30.137924 
11481 -38.824461 
11524 -48.845216 
11567 -38.721339 
11610 -30.498151 
11653 -34.187510 
11696 -33.627580 
11739 -38.130325 
11782 -41.597560 
11825 -47.259884 
11868 -44.458590 
11911 -50.558967 
11954 -43.740676 
