7998 -24.573851 
8041 -36.358661 
8084 -27.717834 
8127 -42.672312 
8170 -28.830155 
8213 -32.865357 
8256 -35.274426 
8299 -45.178170 
8342 -44.734971 
8385 -40.507738 
8428 -35.615399 
8471 -35.445926 
8514 -30.030331 
8557 -34.775961 
8600 -39.142021 
8643 -41.102228 
8686 -30.801749 
8729 -36.841744 
8772 -33.169212 
8815 -35.159592 
8858 -32.046904 
8901 -47.299269 
8944 -32.280095 
8987 -40.481187 
9030 -30.545469 
9073 -34.192979 
9116 -33.404625 
9159 -51.250564 
9202 -32.562124 
9245 -55.175377 
9288 -31.355939 
9331 -28.663182 
9374 -23.994845 
9417 -32.059355 
9460 -24.688363 
9503 -28.960956 
9546 -31.685374 
9589 -38.252070 
9632 -38.814290 
9675 -52.286860 
9718 -39.550137 
9761 -46.028857 
9804 -39.995998 
9847 -57.327878 
9890 -36.902752 
9933 -36.876511 
9976 -34.339455 
10019 -51.871802 
10062 -32.864761 
10105 -36.519394 
10148 -38.090594 
10191 -39.381547 
10234 -38.241406 
10277 -44.759509 
10320 -41.539685 
10363 -54.754447 
10406 -41.300505 
10449 -46.188243 
10492 -45.777984 
10535 -49.413528 
10578 -50.096022 
10621 -45.512100 
10664 -39.931911 
10707 -42.804437 
10750 -42.414264 
10793 -43.647861 
10836 -40.461822 
10879 -53.542485 
10922 -46.548613 
10965 -39.209563 
11008 -32.545061 
11051 -38.541057 
11094 -32.600901 
11137 -36.131802 
11180 -32.679546 
11223 -34.677818 
11266 -30.176165 
11309 -35.782627 
11352 -34.105758 
11395 -40.195447 
11438 -38.702856 
11481 -54.063284 
11524 -40.077348 
11567 -44.274253 
11610 -35.636712 
11653 -32.220914 
11696 -26.983487 
11739 -31.786323 
11782 -29.030647 
11825 -31.422228 
11868 -30.461337 
11911 -39.376250 
11954 -35.805045 
