7998 -31.273527 
8041 -36.805659 
8084 -43.466481 
8127 -39.908817 
8170 -34.841690 
8213 -48.682411 
8256 -34.362366 
8299 -36.300733 
8342 -35.367910 
8385 -38.751978 
8428 -36.994227 
8471 -36.476186 
8514 -33.302495 
8557 -40.427563 
8600 -46.662419 
8643 -40.708194 
8686 -32.679013 
8729 -30.511223 
8772 -26.243095 
8815 -44.872409 
8858 -27.751312 
8901 -38.193585 
8944 -37.895594 
8987 -42.073920 
9030 -44.283232 
9073 -42.266725 
9116 -36.437027 
9159 -43.032868 
9202 -39.941352 
9245 -34.124721 
9288 -27.747164 
9331 -36.651878 
9374 -38.934086 
9417 -46.223636 
9460 -33.852788 
9503 -39.454753 
9546 -30.345756 
9589 -37.981345 
9632 -35.569016 
9675 -38.104498 
9718 -33.553834 
9761 -36.507308 
9804 -34.526060 
9847 -73.738815 
9890 -34.202433 
9933 -44.724697 
9976 -39.775360 
10019 -36.559818 
10062 -30.330048 
10105 -37.794996 
10148 -43.210511 
10191 -35.363896 
10234 -29.068200 
10277 -34.098297 
10320 -36.342984 
10363 -40.008749 
10406 -30.898339 
10449 -36.556409 
10492 -33.709789 
10535 -39.800176 
10578 -29.799792 
10621 -34.682979 
10664 -38.098305 
10707 -37.981893 
10750 -28.259159 
10793 -36.031901 
10836 -29.369892 
10879 -30.236110 
10922 -24.503963 
10965 -31.476203 
11008 -33.865767 
11051 -28.711453 
11094 -23.028217 
11137 -30.909002 
11180 -22.338928 
11223 -23.495376 
11266 -21.841327 
11309 -22.737020 
11352 -18.647899 
11395 -22.078341 
11438 -23.208742 
11481 -25.300816 
11524 -24.550787 
11567 -30.816851 
11610 -18.366320 
11653 -27.539094 
11696 -32.736070 
11739 -40.941632 
11782 -43.962894 
11825 -25.030344 
11868 -18.030575 
11911 -25.482859 
11954 -27.697682 
