7998 -25.124358 
8041 -38.369696 
8084 -25.933129 
8127 -33.049885 
8170 -29.288865 
8213 -34.615720 
8256 -40.057554 
8299 -43.547070 
8342 -44.709106 
8385 -37.244741 
8428 -30.911023 
8471 -31.783475 
8514 -29.598824 
8557 -33.691406 
8600 -35.636537 
8643 -38.317740 
8686 -31.667369 
8729 -37.556484 
8772 -42.407820 
8815 -42.945223 
8858 -36.866241 
8901 -42.705756 
8944 -36.609350 
8987 -36.197586 
9030 -32.866009 
9073 -36.445374 
9116 -36.508635 
9159 -43.890685 
9202 -33.453935 
9245 -40.675431 
9288 -38.204640 
9331 -42.949396 
9374 -46.103810 
9417 -50.617546 
9460 -38.752412 
9503 -43.977854 
9546 -38.265701 
9589 -51.218787 
9632 -44.499631 
9675 -47.340726 
9718 -37.755464 
9761 -54.944289 
9804 -38.640670 
9847 -40.289896 
9890 -33.950647 
9933 -39.356263 
9976 -43.491118 
10019 -46.799510 
10062 -37.343236 
10105 -44.540778 
10148 -43.515006 
10191 -47.642467 
10234 -37.180237 
10277 -42.587811 
10320 -38.729490 
10363 -36.645846 
10406 -32.452901 
10449 -36.052922 
10492 -34.983477 
10535 -42.001705 
10578 -56.491177 
10621 -51.255351 
10664 -44.815100 
10707 -53.835961 
10750 -42.642920 
10793 -41.669128 
10836 -34.097970 
10879 -41.554023 
10922 -33.485866 
10965 -36.815979 
11008 -34.711970 
11051 -33.255572 
11094 -28.980122 
11137 -37.661003 
11180 -43.635755 
11223 -40.176289 
11266 -33.399010 
11309 -34.720577 
11352 -29.229249 
11395 -32.663307 
11438 -33.896698 
11481 -39.738397 
11524 -29.196968 
11567 -43.258739 
11610 -27.894057 
11653 -30.688190 
11696 -30.579459 
11739 -32.882815 
11782 -28.434630 
11825 -34.253346 
11868 -41.905134 
11911 -37.640898 
11954 -28.724851 
