7998 -30.551558 
8041 -38.037953 
8084 -31.201665 
8127 -43.993227 
8170 -37.789498 
8213 -36.583519 
8256 -33.252930 
8299 -38.668680 
8342 -32.188022 
8385 -34.628124 
8428 -34.070204 
8471 -42.277858 
8514 -45.346134 
8557 -32.246935 
8600 -25.551819 
8643 -34.053076 
8686 -38.302949 
8729 -47.538278 
8772 -34.279630 
8815 -41.444179 
8858 -48.147801 
8901 -42.149558 
8944 -36.990200 
8987 -39.054695 
9030 -35.828619 
9073 -38.076463 
9116 -35.584236 
9159 -36.099192 
9202 -28.709575 
9245 -30.117824 
9288 -21.403087 
9331 -30.442469 
9374 -28.518429 
9417 -26.018372 
9460 -22.031184 
9503 -24.882653 
9546 -24.300983 
9589 -29.653066 
9632 -34.294825 
9675 -33.150001 
9718 -29.683053 
9761 -39.924562 
9804 -27.163475 
9847 -38.243089 
9890 -35.565097 
9933 -32.356848 
9976 -28.420648 
10019 -35.279101 
10062 -25.329610 
10105 -34.810260 
10148 -29.400096 
10191 -32.993293 
10234 -34.959787 
10277 -35.439275 
10320 -25.484291 
10363 -38.289109 
10406 -29.360565 
10449 -37.794245 
10492 -37.036265 
10535 -37.756414 
10578 -27.538888 
10621 -36.479629 
10664 -41.249172 
10707 -31.164599 
10750 -24.931839 
10793 -36.110735 
10836 -34.013242 
10879 -36.764443 
10922 -29.366212 
10965 -31.562262 
11008 -31.531133 
11051 -33.075025 
11094 -30.636282 
11137 -29.609488 
11180 -26.522293 
11223 -36.633840 
11266 -28.386514 
11309 -33.697465 
11352 -23.819315 
11395 -28.129398 
11438 -30.058395 
11481 -34.228093 
11524 -32.905499 
11567 -37.747577 
11610 -36.662241 
11653 -39.366554 
11696 -28.573693 
11739 -31.239652 
11782 -27.648432 
11825 -34.464620 
11868 -42.838253 
11911 -45.950033 
11954 -35.762112 
