7998 4.962817 
8041 5.200240 
8084 5.294762 
8127 3.715444 
8170 4.960020 
8213 5.477203 
8256 4.857630 
8299 4.713347 
8342 3.958803 
8385 4.943215 
8428 3.196621 
8471 3.818473 
8514 3.750580 
8557 3.756784 
8600 3.804637 
8643 4.316507 
8686 4.917344 
8729 3.628578 
8772 1.817237 
8815 0.358066 
8858 3.146777 
8901 3.958456 
8944 4.785677 
8987 3.246187 
9030 2.305331 
9073 2.120012 
9116 1.721286 
9159 -0.762343 
9202 0.595890 
9245 0.928576 
9288 0.810132 
9331 1.136229 
9374 2.008962 
9417 2.085344 
9460 1.882293 
9503 1.425932 
9546 0.464154 
9589 2.043207 
9632 -0.149173 
9675 1.710718 
9718 2.799984 
9761 3.762636 
9804 4.767286 
9847 3.169742 
9890 1.922995 
9933 1.082951 
9976 1.266518 
10019 1.487871 
10062 1.288263 
10105 1.868447 
10148 2.986444 
10191 2.592490 
10234 3.543805 
10277 3.385483 
10320 1.623389 
10363 2.365489 
10406 2.063184 
10449 -1.442691 
10492 1.402674 
10535 1.477991 
10578 -3.681617 
10621 1.470281 
10664 1.517762 
10707 2.891103 
10750 1.614794 
10793 2.240000 
10836 1.424622 
10879 2.205981 
10922 1.599362 
10965 2.031201 
11008 2.845873 
11051 0.228059 
11094 0.609932 
11137 0.215120 
11180 0.274412 
11223 0.154802 
11266 0.345826 
11309 0.739289 
11352 -0.944412 
11395 -0.872255 
11438 -0.700013 
11481 -8.550629 
11524 -2.059390 
11567 -2.142226 
11610 -1.443332 
11653 -3.778199 
11696 -3.208076 
11739 -2.905591 
11782 -4.913522 
11825 -5.184033 
11868 -3.166122 
11911 -7.049932 
11954 -7.103658 
11997 -7.475870 
12040 -14.636370 
12083 -20.072243 
12126 -16.618642 
12169 -14.570461 
12212 -10.820573 
12255 -11.705534 
12298 -12.284024 
12341 -9.096394 
12384 -9.920538 
12427 -5.490781 
12470 -4.717098 
12513 -3.934895 
12556 -5.780128 
12599 -0.986004 
12642 -0.052262 
12685 2.205978 
12728 5.861462 
12771 15.092832 
12814 14.038734 
12857 4.057257 
12900 5.472139 
12943 5.961789 
12986 9.457563 
13029 6.442615 
13072 6.216077 
13115 7.478839 
13158 5.265389 
13201 7.224067 
13244 4.272536 
13287 1.566295 
13330 1.928183 
13373 1.739342 
13416 5.351967 
13459 0.126090 
13502 11.946574 
13545 5.330274 
13588 7.295479 
13631 9.938418 
13674 4.595298 
13717 7.141678 
13760 16.705308 
13803 8.124634 
13846 5.795408 
13889 4.896928 
13932 7.110719 
13975 12.991152 
14018 11.603594 
14061 6.597773 
14104 6.872264 
14147 5.351784 
14190 4.556005 
14233 4.272568 
14276 6.602859 
14319 7.270292 
14362 7.417880 
14405 7.718902 
14448 9.886479 
14491 9.279212 
14534 7.715369 
14577 7.855671 
14620 3.495507 
14663 2.024004 
14706 -0.020376 
14749 4.218524 
14792 6.487510 
14835 4.405795 
14878 0.326240 
14921 7.433576 
14964 3.628060 
