0 -29.164223 
43 -23.622043 
86 -22.429597 
129 -20.246591 
172 -9.671260 
215 -23.129186 
258 -4.282879 
301 -14.962302 
344 -38.719715 
387 -30.604961 
430 -22.288129 
473 -15.068959 
516 -14.371149 
559 -13.726854 
602 -29.544703 
645 -30.796576 
688 -24.442479 
731 -21.277252 
774 -19.831510 
817 -20.141001 
860 -27.041103 
903 -22.997721 
946 -19.785867 
989 -23.901176 
1032 -20.409725 
1075 -18.696114 
1118 -18.813758 
1161 -21.581885 
1204 -27.240991 
1247 -33.881865 
1290 -27.247929 
1333 -25.506206 
1376 -25.857416 
1419 -33.565302 
1462 -24.483295 
1505 -22.307519 
1548 -19.098509 
1591 -19.101260 
1634 -16.539606 
1677 -15.390185 
1720 -30.086711 
1763 -1.789184 
1806 -17.918478 
1849 -25.680062 
1892 -23.024479 
1935 -24.951414 
1978 -22.169526 
2021 -20.716939 
2064 -20.706492 
2107 -14.056038 
2150 -14.080358 
2193 -13.905200 
2236 -14.737253 
2279 -22.574187 
2322 -21.015928 
2365 -19.220343 
2408 -18.598115 
2451 -23.703345 
2494 -10.368505 
2537 -7.713358 
2580 -9.587918 
2623 -9.135145 
2666 -15.696329 
2709 -0.807630 
2752 -2.607958 
2795 -3.638987 
2838 1.989855 
2881 -6.313261 
2924 -4.499190 
2967 -6.832170 
3010 -5.708662 
3053 -5.100018 
3096 1.541289 
3139 -4.672650 
3182 -4.634476 
3225 -0.225745 
3268 3.634858 
3311 1.758236 
3354 3.296646 
3397 2.334782 
3440 -17.246105 
3483 -8.054223 
3526 -4.867118 
3569 -12.218801 
3612 -10.629401 
3655 -1.666550 
3698 -3.710826 
3741 -5.076356 
3784 -1.349362 
3827 -2.583437 
3870 2.701192 
3913 24.656214 
3956 18.007565 
3999 -5.482507 
4042 -16.755219 
4085 -11.729649 
4128 -11.408586 
4171 -9.543890 
4214 -7.876943 
4257 -11.584811 
4300 -11.201755 
4343 0.457186 
4386 1.487604 
4429 0.435263 
4472 -11.695114 
4515 -5.167000 
4558 -2.571133 
4601 -4.548486 
4644 -2.987459 
4687 -14.570657 
4730 -13.147151 
4773 -6.571585 
4816 -6.918456 
4859 -2.486227 
4902 -1.351579 
4945 -5.703814 
4988 -10.030498 
5031 -14.894540 
5074 -27.819648 
5117 -9.650157 
5160 -4.414951 
5203 -13.735540 
5246 -24.415738 
5289 -20.570161 
5332 -20.127701 
5375 -26.330039 
5418 -20.495435 
5461 -20.313756 
5504 -17.462108 
5547 -22.284322 
5590 -37.053042 
5633 -24.374107 
5676 -21.858925 
5719 -22.105901 
5762 -8.720041 
5805 -26.304520 
5848 -23.786497 
5891 -10.722065 
5934 -6.068346 
5977 -13.672291 
6020 -12.897355 
6063 -13.626793 
6106 -14.035820 
6149 -11.190422 
6192 -13.144370 
6235 -4.610495 
6278 -13.788818 
6321 -10.897525 
6364 -16.019490 
6407 -16.208166 
6450 -10.660007 
6493 -13.570723 
6536 -13.068932 
6579 -12.811740 
6622 -10.946048 
6665 -23.152041 
6708 -3.326508 
6751 -10.147679 
6794 -10.264332 
6837 -9.704468 
6880 -20.933275 
6923 -23.340230 
6966 -16.842623 
7009 -10.779206 
7052 -8.819103 
7095 -12.641778 
7138 -9.390321 
7181 -14.994445 
7224 -6.609088 
7267 -11.752232 
7310 -2.845593 
7353 -8.123232 
7396 -10.092004 
7439 -10.590039 
7482 2.435546 
7525 -5.455390 
7568 -29.139869 
7611 -8.428697 
7654 9.053256 
7697 -9.239471 
7740 14.664180 
7783 -6.181867 
7826 0.504323 
7869 -2.212613 
7912 -7.666239 
7955 -6.680654 
7998 -0.806781 
8041 -7.951202 
8084 -14.714055 
8127 -16.120231 
8170 -5.578821 
8213 -7.847174 
8256 -9.614904 
8299 -15.034603 
8342 -12.726683 
8385 -16.655270 
8428 -10.236133 
8471 -8.378201 
8514 -4.853033 
8557 -6.236520 
8600 -7.788449 
8643 -6.333788 
8686 -12.910173 
8729 -17.203459 
8772 -17.129668 
8815 -18.612182 
8858 -28.372899 
8901 -20.176465 
8944 -15.356426 
8987 2.221459 
9030 -12.771611 
9073 -13.521463 
9116 -14.608403 
9159 -10.755908 
9202 -1.502806 
9245 -0.875111 
9288 -1.129363 
9331 -14.400698 
9374 -21.690903 
9417 -16.827533 
9460 -2.045370 
9503 -3.822918 
9546 -10.353430 
9589 -5.025739 
9632 -4.419246 
9675 -12.780823 
9718 -10.737241 
9761 -0.863406 
9804 -7.418563 
9847 -4.120931 
9890 -0.815597 
9933 1.420711 
9976 -5.632270 
10019 -2.591221 
10062 3.413323 
10105 -0.485281 
10148 -3.446140 
10191 0.253012 
10234 17.608493 
10277 -1.479002 
10320 -18.024185 
10363 -9.531834 
10406 -6.935425 
10449 -14.274045 
10492 4.803425 
10535 2.435635 
10578 -16.544445 
10621 0.563130 
10664 -4.714294 
10707 -8.415972 
10750 -1.577160 
10793 -7.519658 
10836 -8.986716 
10879 -7.226871 
10922 -4.477760 
10965 -5.078995 
11008 -10.291753 
11051 1.428067 
11094 -0.360831 
11137 -2.598327 
11180 -5.326589 
11223 -1.686034 
11266 1.085906 
11309 5.888317 
11352 0.102859 
11395 10.489168 
11438 -0.962909 
11481 -11.345031 
11524 25.278167 
11567 -3.296585 
11610 -15.202935 
11653 -21.144520 
11696 -13.001438 
11739 -14.460253 
11782 -16.892159 
11825 -20.509097 
11868 -16.623087 
11911 -16.414284 
11954 -17.236359 
11997 -10.496213 
12040 -21.642068 
12083 -22.517918 
12126 -19.266505 
12169 -18.062290 
12212 -20.334962 
12255 -25.334524 
12298 -18.470294 
12341 -23.510121 
12384 -15.612575 
12427 -19.271937 
12470 -17.913908 
12513 -13.405287 
12556 -15.616115 
12599 -17.210217 
12642 -17.019068 
12685 -15.916928 
12728 -19.610160 
12771 -28.347839 
12814 -24.030190 
12857 -21.549681 
12900 -15.507033 
12943 -25.527080 
12986 -21.066172 
13029 -15.378923 
13072 -23.795845 
13115 -23.790436 
13158 -35.226357 
13201 -20.185924 
13244 -23.234310 
13287 -13.323833 
13330 -3.344359 
13373 -13.886594 
13416 -16.498748 
13459 -12.455291 
13502 -30.391566 
13545 -13.623562 
13588 -14.039915 
13631 -23.388336 
13674 -23.272930 
13717 -19.495719 
13760 -21.514317 
13803 -22.747310 
13846 -22.119783 
13889 -17.232413 
13932 -31.423919 
13975 -24.830985 
14018 -18.104864 
14061 -27.249636 
14104 -23.096846 
14147 -21.183713 
14190 -16.403560 
14233 -21.854725 
14276 -27.119657 
14319 -26.161754 
14362 -25.702776 
14405 -21.147237 
14448 -30.329337 
14491 -14.354289 
14534 -22.816704 
14577 -19.509715 
14620 -20.396651 
14663 -23.408052 
14706 -32.107958 
14749 -26.901187 
14792 -21.322898 
14835 -27.159423 
14878 -30.643722 
14921 -30.364154 
14964 -28.316459 
