0 -16.042700 
43 -28.431688 
86 -27.655542 
129 -15.708462 
172 -1.202415 
215 0.391358 
258 -2.660765 
301 -18.826568 
344 -21.898435 
387 -22.624443 
430 -23.986052 
473 -27.024264 
516 -28.459153 
559 -29.694412 
602 -11.531807 
645 -19.914124 
688 -20.452844 
731 -21.407777 
774 -20.679408 
817 -19.616117 
860 -18.950508 
903 -23.882736 
946 -15.346200 
989 -17.912926 
1032 -20.810929 
1075 -17.475405 
1118 -18.351931 
1161 -20.000370 
1204 -18.014290 
1247 -31.093047 
1290 -20.345921 
1333 -30.879382 
1376 -21.739400 
1419 -28.177542 
1462 -21.237826 
1505 -29.125236 
1548 -19.236205 
1591 -15.812340 
1634 -17.438902 
1677 -19.720652 
1720 -17.165364 
1763 -14.242211 
1806 -23.710868 
1849 -37.470160 
1892 -24.045938 
1935 -15.525767 
1978 -13.309825 
2021 -13.398762 
2064 -15.457128 
2107 -5.324835 
2150 -13.634381 
2193 -12.167488 
2236 -13.209854 
2279 -9.859092 
2322 -10.695895 
2365 -8.661692 
2408 -10.196647 
2451 -2.853739 
2494 -5.793585 
2537 -6.865367 
2580 -13.341332 
2623 -5.329706 
2666 -3.419510 
2709 -14.349193 
2752 -6.495258 
2795 -4.968299 
2838 -4.481955 
2881 -6.585206 
2924 -7.519375 
2967 -7.451183 
3010 -9.572749 
3053 -4.761382 
3096 -2.497765 
3139 -7.726895 
3182 -0.350260 
3225 2.254028 
3268 -4.198163 
3311 -7.499873 
3354 -0.462991 
3397 -4.883031 
3440 -20.753601 
3483 -9.050581 
3526 -3.844938 
3569 -0.266374 
3612 -6.443117 
3655 -12.309544 
3698 -1.911938 
3741 -3.268305 
3784 4.295039 
3827 -3.743790 
3870 -4.180902 
3913 11.237042 
3956 8.900368 
3999 1.491494 
4042 -1.378515 
4085 0.123594 
4128 -2.235004 
4171 -0.886013 
4214 -1.609189 
4257 2.463373 
4300 1.608632 
4343 -0.001234 
4386 -4.560824 
4429 -30.357573 
4472 -0.988015 
4515 8.428637 
4558 -5.249685 
4601 -5.546751 
4644 0.505528 
4687 -5.377266 
4730 2.572136 
4773 7.747315 
4816 1.854739 
4859 0.039303 
4902 16.038190 
4945 2.137369 
4988 -15.568982 
5031 -16.524541 
5074 -4.803389 
5117 5.774507 
5160 5.433731 
5203 -0.781094 
5246 -2.937401 
5289 2.838427 
5332 -5.347775 
5375 0.717641 
5418 3.421352 
5461 -10.017920 
5504 -11.083279 
5547 -7.995206 
5590 -7.943204 
5633 -7.243607 
5676 -6.709983 
5719 -3.972139 
5762 -7.384461 
5805 -9.908891 
5848 -7.054325 
5891 -4.395842 
5934 -9.229340 
5977 -10.889286 
6020 -5.170608 
6063 11.960152 
6106 -4.202716 
6149 -10.027033 
6192 -12.954926 
6235 -15.890663 
6278 -8.696346 
6321 -9.108928 
6364 -10.318091 
6407 -19.935641 
6450 -25.827329 
6493 -22.456839 
6536 -20.558002 
6579 -20.978836 
6622 -20.012778 
6665 -19.935622 
6708 -5.562757 
6751 -18.292111 
6794 -3.652099 
6837 -10.554548 
6880 -14.773569 
6923 -12.192561 
6966 -1.471168 
7009 -8.841780 
7052 -13.585753 
7095 -16.836836 
7138 -22.336141 
7181 -34.727319 
7224 -26.699048 
7267 -22.214977 
7310 -22.991420 
7353 -17.171988 
7396 -15.552693 
7439 -14.215812 
7482 -14.472519 
7525 -14.816316 
7568 -4.961730 
7611 -13.353177 
7654 -21.234957 
7697 -21.382368 
7740 -12.826007 
7783 -20.717104 
7826 -22.648722 
7869 -23.285965 
7912 -17.599465 
7955 -22.526532 
7998 -12.817718 
8041 -17.682729 
8084 -27.108055 
8127 -22.477290 
8170 -13.336909 
8213 -33.191982 
8256 -23.537298 
8299 -23.492477 
8342 -23.685123 
8385 -26.079275 
8428 -25.553702 
8471 -23.923930 
8514 -15.683479 
8557 -24.673770 
8600 -29.509591 
8643 -33.330035 
8686 -29.109339 
8729 -16.028919 
8772 -21.440348 
8815 -15.716586 
8858 -29.257582 
8901 -22.313823 
8944 -28.701614 
8987 -31.008478 
9030 -17.482137 
9073 -14.295197 
9116 -26.120419 
9159 -20.266618 
9202 -24.730391 
9245 -34.960499 
9288 -40.943261 
9331 -44.354979 
9374 -28.666878 
9417 -24.982403 
9460 -23.310996 
9503 -19.676582 
9546 -22.217097 
9589 -22.507742 
9632 -20.504364 
9675 -30.971511 
9718 -25.822249 
9761 -25.349477 
9804 -24.662884 
9847 -24.225174 
9890 -24.024139 
9933 -21.080065 
9976 -20.940469 
10019 -32.932074 
10062 -40.692138 
10105 -37.235441 
10148 -17.504318 
10191 -11.391466 
10234 -9.958012 
10277 -22.094416 
10320 -21.289416 
10363 -14.329321 
10406 -26.976261 
10449 -40.005453 
10492 -22.037900 
10535 -37.988388 
10578 -23.789920 
10621 -17.950506 
10664 -9.387050 
10707 -20.534967 
10750 -26.183580 
10793 -22.900386 
10836 -24.407766 
10879 -20.111777 
10922 -10.469829 
10965 -8.637818 
11008 -10.099001 
11051 -14.747698 
11094 -18.334517 
11137 -19.630089 
11180 -21.164040 
11223 -17.320926 
11266 -15.057406 
11309 -9.932966 
11352 -13.038505 
11395 -10.127798 
11438 -24.752292 
11481 -23.151059 
11524 -14.380933 
11567 -15.461764 
11610 -14.393308 
11653 -20.828136 
11696 -48.660720 
11739 -23.143697 
11782 -30.729385 
11825 -23.725322 
11868 -19.399800 
11911 -16.872928 
11954 -5.720010 
11997 0.253525 
12040 -10.639544 
12083 -24.014590 
12126 -25.842081 
12169 -21.837098 
12212 -15.352698 
12255 -33.344095 
12298 -23.307241 
12341 -18.780187 
12384 -14.850222 
12427 -10.550685 
12470 1.477293 
12513 -18.962278 
12556 -22.815304 
12599 -28.612215 
12642 -34.850348 
12685 -24.759915 
12728 -21.317741 
12771 -23.508358 
12814 -22.353389 
12857 -49.905038 
12900 -25.092178 
12943 -27.841943 
12986 -32.389552 
13029 -27.214052 
13072 -25.674142 
13115 -20.591668 
13158 -34.143788 
13201 -35.942541 
13244 -18.438166 
13287 -22.880406 
13330 -30.424603 
13373 -0.431481 
13416 -39.965762 
13459 -31.283832 
13502 -25.526749 
13545 -27.668178 
13588 -24.442760 
13631 -31.391758 
13674 -28.017890 
13717 -29.413651 
13760 -29.539970 
13803 -33.901398 
13846 -39.266603 
13889 -23.838874 
13932 -32.326307 
13975 -33.121127 
14018 -47.679640 
14061 -33.802441 
14104 -29.788228 
14147 -26.798626 
14190 -29.100599 
14233 -31.808461 
14276 -33.153378 
14319 -39.783750 
14362 -27.990474 
14405 -15.814209 
14448 -30.535751 
14491 -31.990155 
14534 -39.191393 
14577 -32.070593 
14620 -26.422232 
14663 -18.918270 
14706 -39.503928 
14749 -34.434463 
14792 -29.505101 
14835 -27.786787 
14878 -27.411686 
14921 -33.996493 
14964 -34.122996 
