0 -37.202688 
43 -46.581655 
86 -49.696888 
129 -0.576267 
172 -5.803473 
215 -8.395100 
258 -14.037016 
301 -11.576176 
344 -6.891638 
387 -28.823746 
430 -29.613552 
473 -27.377336 
516 -12.741946 
559 -16.387043 
602 -28.741797 
645 -22.567709 
688 -7.952113 
731 -13.285701 
774 -18.712035 
817 -23.114617 
860 -25.231089 
903 -22.118497 
946 -13.623102 
989 -15.032773 
1032 -20.663137 
1075 -18.214863 
1118 -15.601106 
1161 -18.927531 
1204 -16.579454 
1247 -24.686938 
1290 -22.460443 
1333 -28.041274 
1376 -22.100355 
1419 -19.134208 
1462 -18.972940 
1505 -28.252093 
1548 -19.560457 
1591 -14.975336 
1634 -10.874885 
1677 -9.894510 
1720 -13.786489 
1763 -16.089442 
1806 -29.107050 
1849 -23.267871 
1892 -20.309574 
1935 -19.153523 
1978 -17.054979 
2021 -17.970941 
2064 -18.045916 
2107 -13.224623 
2150 -14.609442 
2193 -11.017402 
2236 -16.152825 
2279 -21.654979 
2322 -11.372147 
2365 -10.824442 
2408 -10.573807 
2451 -10.042707 
2494 -9.776219 
2537 -9.596943 
2580 -2.984114 
2623 -12.180483 
2666 -5.366811 
2709 -12.096554 
2752 -8.052252 
2795 -10.194290 
2838 -0.084300 
2881 -3.538516 
2924 -10.160728 
2967 -12.767028 
3010 -6.890634 
3053 -3.292813 
3096 -0.826234 
3139 -2.301710 
3182 -3.557997 
3225 -0.861335 
3268 -2.945487 
3311 -1.871597 
3354 1.191052 
3397 -9.628751 
3440 -1.594443 
3483 -0.339633 
3526 -2.442307 
3569 -5.084206 
3612 -2.186878 
3655 -4.058833 
3698 -2.975879 
3741 -3.308389 
3784 2.620775 
3827 0.562119 
3870 -19.216524 
3913 0.770278 
3956 4.559491 
3999 -0.760404 
4042 -3.407322 
4085 -2.056380 
4128 2.941369 
4171 -0.963935 
4214 -1.000622 
4257 -5.301244 
4300 -10.112073 
4343 1.146267 
4386 2.770661 
4429 4.789442 
4472 7.771693 
4515 -1.663785 
4558 -19.541324 
4601 5.676737 
4644 1.764795 
4687 2.341008 
4730 3.402323 
4773 6.121194 
4816 1.022293 
4859 3.679869 
4902 6.596309 
4945 -9.228631 
4988 -4.379909 
5031 -1.950823 
5074 1.007333 
5117 5.017077 
5160 1.718149 
5203 -4.303412 
5246 -6.560499 
5289 -3.762097 
5332 1.303398 
5375 -5.875695 
5418 -1.238753 
5461 -2.736413 
5504 -4.744612 
5547 -6.626074 
5590 -16.248011 
5633 -15.641488 
5676 -4.222549 
5719 -11.363470 
5762 -11.876530 
5805 -10.316142 
5848 -0.099769 
5891 -6.331645 
5934 -11.397383 
5977 -14.004906 
6020 -12.818185 
6063 -14.000110 
6106 -9.152728 
6149 -6.648989 
6192 -22.879625 
6235 -9.888438 
6278 -10.988738 
6321 -17.173960 
6364 -11.354795 
6407 -15.715316 
6450 -17.768085 
6493 -12.602840 
6536 -11.561816 
6579 -9.602011 
6622 -13.514209 
6665 -27.471208 
6708 -18.620124 
6751 -10.919925 
6794 -5.683561 
6837 -5.599070 
6880 -14.851987 
6923 -3.383412 
6966 -1.534118 
7009 -11.237077 
7052 -11.648577 
7095 -3.832073 
7138 -9.868771 
7181 -10.884838 
7224 -13.692445 
7267 -20.837875 
7310 -14.144673 
7353 -15.101574 
7396 -0.719864 
7439 2.443226 
7482 -17.787205 
7525 -10.960755 
7568 -11.558847 
7611 -9.630917 
7654 -11.779507 
7697 -16.959980 
7740 -21.831905 
7783 -28.687089 
7826 -16.445576 
7869 -16.104586 
7912 -15.652223 
7955 -11.787683 
7998 -7.958326 
8041 -14.651565 
8084 -17.525261 
8127 -20.060161 
8170 -23.031017 
8213 -14.016636 
8256 -12.985368 
8299 -8.649227 
8342 -12.399412 
8385 -11.654761 
8428 -23.819613 
8471 -23.741612 
8514 -26.488351 
8557 -24.420412 
8600 -26.572654 
8643 -19.060133 
8686 -32.482748 
8729 -13.778331 
8772 -21.992951 
8815 -28.650875 
8858 -10.382561 
8901 -28.730932 
8944 -33.865394 
8987 -38.486876 
9030 -44.751163 
9073 -38.077569 
9116 -32.223888 
9159 -35.327405 
9202 -29.044059 
9245 -32.871113 
9288 -39.191703 
9331 -53.132716 
9374 -42.132761 
9417 -37.286029 
9460 -29.025948 
9503 -23.547756 
9546 -21.940656 
9589 -40.989781 
9632 -30.117290 
9675 -34.279143 
9718 -29.037920 
9761 -37.185652 
9804 -26.652633 
9847 -5.545330 
9890 -18.440443 
9933 -27.373723 
9976 -35.804295 
10019 -36.168398 
10062 -25.040311 
10105 -31.277768 
10148 -47.622434 
10191 -19.164831 
10234 -21.631199 
10277 -33.666377 
10320 -29.024723 
10363 -26.594066 
10406 -28.998571 
10449 -29.539736 
10492 -29.658555 
10535 -21.383143 
10578 -24.826240 
10621 -27.816029 
10664 -24.826276 
10707 -21.051046 
10750 -24.276180 
10793 -18.221192 
10836 -28.306593 
10879 -28.302003 
10922 -31.976009 
10965 -32.818339 
11008 -20.727788 
11051 -25.066928 
11094 -22.682385 
11137 -28.098031 
11180 -30.831073 
11223 -27.848617 
11266 -28.797801 
11309 -12.412364 
11352 -22.122912 
11395 -11.381619 
11438 -8.770611 
11481 -1.334088 
11524 -6.699488 
11567 -10.213288 
11610 -19.686984 
11653 -28.083252 
11696 -22.098422 
11739 -20.529947 
11782 -28.272540 
11825 -36.606063 
11868 -29.302453 
11911 -28.380131 
11954 -24.890355 
11997 -22.956720 
12040 -22.451937 
12083 -32.933273 
12126 -14.963430 
12169 -23.068448 
12212 -29.285816 
12255 -10.017613 
12298 -25.720091 
12341 -20.812144 
12384 -27.465048 
12427 -14.048777 
12470 -19.688354 
12513 0.814269 
12556 -18.433514 
12599 -27.302803 
12642 -24.209700 
12685 -28.552306 
12728 -27.241399 
12771 -32.616202 
12814 -37.407741 
12857 -31.564195 
12900 -28.690840 
12943 -24.614125 
12986 -20.601897 
13029 -26.834030 
13072 -31.416382 
13115 -29.102305 
13158 -35.155845 
13201 -25.935694 
13244 -12.447247 
13287 -23.176148 
13330 -31.912159 
13373 -54.714552 
13416 -38.308271 
13459 -32.511924 
13502 -28.378795 
13545 -31.568695 
13588 -30.684050 
13631 -34.812126 
13674 -32.953227 
13717 -38.513323 
13760 -24.997552 
13803 -36.788206 
13846 -46.206180 
13889 -36.379213 
13932 -33.211852 
13975 -33.472180 
14018 -27.819877 
14061 -12.070731 
14104 -22.578233 
14147 -20.818680 
14190 -24.357177 
14233 -26.706323 
14276 -41.809325 
14319 -48.085773 
14362 -42.841256 
14405 -44.640760 
14448 -27.140328 
14491 -24.005451 
14534 -31.666685 
14577 -19.013088 
14620 -38.377999 
14663 -33.453289 
14706 -0.566008 
14749 -13.799840 
14792 -20.668650 
14835 -26.153904 
14878 -31.295832 
14921 -32.078616 
14964 -28.407144 
