0 36.082327 
43 22.065473 
86 24.581975 
129 20.206650 
172 19.366317 
215 1.319749 
258 -0.926663 
301 -1.277477 
344 -14.047866 
387 -7.692831 
430 -6.869800 
473 -22.343374 
516 -19.991429 
559 -25.487689 
602 -20.264084 
645 -15.371411 
688 -15.936804 
731 -17.551994 
774 -19.754952 
817 -20.250365 
860 -19.244553 
903 -21.852728 
946 -28.325472 
989 -15.428807 
1032 -15.093424 
1075 -17.487101 
1118 -16.116079 
1161 -15.098773 
1204 -17.058216 
1247 -17.373822 
1290 -16.403980 
1333 -14.100312 
1376 -15.592515 
1419 -14.274241 
1462 -13.297162 
1505 -13.109019 
1548 -4.693796 
1591 -9.364152 
1634 -9.524899 
1677 -14.221137 
1720 -14.296665 
1763 -13.916960 
1806 -14.954765 
1849 -10.325438 
1892 -21.103234 
1935 -18.537825 
1978 -18.462596 
2021 -14.359236 
2064 -15.932912 
2107 -13.490435 
2150 -12.300000 
2193 -9.562549 
2236 -11.159614 
2279 -14.177290 
2322 -8.561113 
2365 -9.563166 
2408 -0.654363 
2451 -7.213630 
2494 -6.049532 
2537 -5.789788 
2580 -6.458673 
2623 -10.037458 
2666 -8.120532 
2709 -6.545518 
2752 -6.062449 
2795 -2.009687 
2838 -6.495921 
2881 6.485159 
2924 -2.668383 
2967 -2.731827 
3010 3.183250 
3053 6.103174 
3096 4.940449 
3139 5.415853 
3182 5.934563 
3225 17.831343 
3268 7.472015 
3311 7.670592 
3354 7.671594 
3397 6.798192 
3440 7.105354 
3483 20.400441 
3526 12.824418 
3569 11.514766 
3612 9.579829 
3655 9.460771 
3698 11.048295 
3741 10.056516 
3784 8.666014 
3827 8.377260 
3870 8.778580 
3913 5.085237 
3956 4.126568 
3999 5.887088 
4042 7.424567 
4085 8.854080 
4128 1.535470 
4171 3.524129 
4214 4.198733 
4257 2.845557 
4300 4.065984 
4343 1.200110 
4386 3.934679 
4429 3.784394 
4472 4.943947 
4515 4.234459 
4558 6.356325 
4601 2.193990 
4644 10.735420 
4687 5.985671 
4730 2.827965 
4773 5.555152 
4816 6.549576 
4859 12.031610 
4902 -0.981953 
4945 1.656568 
4988 5.787157 
5031 8.418846 
5074 1.454890 
5117 -4.904566 
5160 -1.071661 
5203 -0.812362 
5246 2.850129 
5289 -8.480250 
5332 -0.586808 
5375 7.218231 
5418 -1.780457 
5461 -0.378172 
5504 0.199553 
5547 2.949450 
5590 3.200413 
5633 4.604039 
5676 16.898399 
5719 -1.228576 
5762 -6.727966 
5805 -3.664192 
5848 -3.331332 
5891 -3.513443 
5934 -4.263896 
5977 -2.281761 
6020 -9.587382 
6063 -8.737239 
6106 -8.272249 
6149 15.431412 
6192 -1.504675 
6235 -1.254032 
6278 -15.849850 
6321 -6.072011 
6364 -5.024178 
6407 -9.092650 
6450 -22.764906 
6493 -10.383371 
6536 -17.014211 
6579 -14.108922 
6622 -12.835578 
6665 -10.254256 
6708 -0.145848 
6751 -12.328622 
6794 -13.334174 
6837 -8.913993 
6880 -8.222718 
6923 -7.160499 
6966 -7.807309 
7009 -11.837445 
7052 -10.204697 
7095 -11.592299 
7138 0.379887 
7181 -5.072152 
7224 -9.180574 
7267 -23.797243 
7310 -9.889757 
7353 -9.590443 
7396 -13.010323 
7439 -9.863129 
7482 -5.888993 
7525 12.466502 
7568 -8.931822 
7611 -10.490616 
7654 -11.893305 
7697 -12.359361 
7740 -7.402757 
7783 -19.038227 
7826 -21.333713 
7869 -16.906252 
7912 -9.467638 
7955 -18.116265 
7998 -22.531483 
8041 -22.269676 
8084 -11.090774 
8127 0.289651 
8170 -7.299991 
8213 -14.561197 
8256 -18.681601 
8299 -16.412727 
8342 -11.840548 
8385 -25.750502 
8428 -29.512137 
8471 -19.528491 
8514 -17.478102 
8557 -14.231186 
8600 -11.907953 
8643 -23.800797 
8686 -21.805656 
8729 -19.947609 
8772 -18.571271 
8815 -29.420400 
8858 -7.983285 
8901 -19.775064 
8944 -16.361242 
8987 -20.793073 
9030 -28.643763 
9073 -12.657161 
9116 -22.188431 
9159 -26.626910 
9202 -33.421348 
9245 -9.085001 
9288 -22.861342 
9331 -15.857879 
9374 -22.287544 
9417 -23.890641 
9460 -26.986871 
9503 -26.318582 
9546 -36.865991 
9589 -38.876147 
9632 -19.661482 
9675 -18.258901 
9718 -25.115961 
9761 -17.019538 
9804 -20.625678 
9847 -22.128795 
9890 -23.832874 
9933 -18.216230 
9976 -17.626570 
10019 -17.809114 
10062 -32.453965 
10105 -17.694745 
10148 -17.021285 
10191 -20.041769 
10234 -21.985927 
10277 -15.270200 
10320 -26.441119 
10363 -25.459873 
10406 -34.094327 
10449 -17.599129 
10492 -12.674489 
10535 -19.320817 
10578 -24.550670 
10621 -18.130111 
10664 -18.837656 
10707 -16.364081 
10750 -31.339572 
10793 -22.944913 
10836 -15.171370 
10879 -19.080769 
10922 -22.359241 
10965 -19.115137 
11008 -15.530308 
11051 -27.740029 
11094 -25.588457 
11137 -37.530607 
11180 -19.893184 
11223 -18.231671 
11266 -17.889976 
11309 -15.628579 
11352 -13.728226 
11395 -2.743927 
11438 -26.615032 
11481 -6.783288 
11524 -14.845899 
11567 -20.001013 
11610 -9.448058 
11653 0.730232 
11696 -13.464461 
11739 -10.999822 
11782 -11.156584 
11825 -4.102492 
11868 -12.064040 
11911 -14.332426 
11954 -12.765016 
11997 -9.140907 
12040 -10.412903 
12083 -16.421048 
12126 -19.408618 
12169 -16.906573 
12212 -13.999025 
12255 -13.785007 
12298 -27.956004 
12341 -20.923788 
12384 -11.538424 
12427 -16.754471 
12470 -18.086131 
12513 -21.511257 
12556 -27.669973 
12599 -24.461287 
12642 -17.661614 
12685 -19.351901 
12728 -21.519529 
12771 -17.528525 
12814 -28.478873 
12857 -27.840318 
12900 -28.022742 
12943 -27.538827 
12986 -21.181844 
13029 -30.452431 
13072 -43.292385 
13115 -42.709659 
13158 -32.693210 
13201 -24.320894 
13244 -21.130177 
13287 -24.801749 
13330 -26.500628 
13373 -48.879091 
13416 -17.937915 
13459 -18.681742 
13502 -17.917196 
13545 -22.308150 
13588 -33.928123 
13631 -42.163637 
13674 -13.182501 
13717 -18.250386 
13760 -20.350787 
13803 -16.434882 
13846 -52.263205 
13889 -32.701951 
13932 -28.843455 
13975 -21.167405 
14018 -9.789355 
14061 -10.919184 
14104 -18.734633 
14147 -22.249588 
14190 -23.550252 
14233 -28.619062 
14276 -38.936602 
14319 -45.604418 
14362 -36.359571 
14405 -36.039146 
14448 -28.953844 
14491 -34.091801 
14534 -35.710154 
14577 -34.470461 
14620 -45.908012 
14663 -33.821030 
14706 -29.064972 
14749 -32.120341 
14792 -32.313031 
14835 -32.720277 
14878 -31.072524 
14921 -27.943452 
14964 -40.946257 
