7998 -35.965519 
8041 -37.041132 
8084 -33.410193 
8127 -36.197810 
8170 -28.544353 
8213 -39.579166 
8256 -37.864215 
8299 -41.736913 
8342 -38.831777 
8385 -42.639920 
8428 -42.445106 
8471 -43.689701 
8514 -39.606815 
8557 -37.281087 
8600 -33.305107 
8643 -51.346392 
8686 -34.895565 
8729 -39.465641 
8772 -35.699935 
8815 -44.861359 
8858 -31.474980 
8901 -36.676557 
8944 -36.049402 
8987 -38.849592 
9030 -39.110968 
9073 -49.615481 
9116 -44.148650 
9159 -41.765354 
9202 -34.035028 
9245 -40.445580 
9288 -38.681160 
9331 -45.017809 
9374 -32.563096 
9417 -38.281985 
9460 -26.852237 
9503 -32.231497 
9546 -27.200743 
9589 -35.571123 
9632 -46.746592 
9675 -33.950999 
9718 -26.193080 
9761 -29.155274 
9804 -19.933715 
9847 -32.754366 
9890 -23.223720 
9933 -29.094305 
9976 -32.286154 
10019 -25.345925 
10062 -18.674097 
10105 -35.506752 
10148 -22.044942 
10191 -35.655029 
10234 -19.103073 
10277 -25.211762 
10320 -24.526601 
10363 -33.868977 
10406 -35.319596 
10449 -35.245457 
10492 -24.789962 
10535 -26.442218 
10578 -24.972798 
10621 -25.591725 
10664 -23.233248 
10707 -33.804853 
10750 -27.723792 
10793 -28.292007 
10836 -24.757661 
10879 -24.956502 
10922 -20.639998 
10965 -23.597250 
11008 -23.289081 
11051 -27.589234 
11094 -23.954400 
11137 -38.013925 
11180 -26.940047 
11223 -31.609663 
11266 -20.567713 
11309 -21.145369 
11352 -18.997273 
11395 -25.765363 
11438 -36.376427 
11481 -33.243476 
11524 -28.650575 
11567 -46.269336 
11610 -26.613222 
11653 -36.464309 
11696 -32.272027 
11739 -30.202639 
11782 -25.878069 
11825 -31.814836 
11868 -30.240458 
11911 -38.746279 
11954 -38.424468 
11997 -43.267328 
12040 -45.356401 
12083 -58.286148 
12126 -51.007888 
12169 -56.726979 
12212 -44.585756 
12255 -49.803652 
12298 -55.488048 
12341 -71.257778 
12384 -57.643791 
12427 -48.961702 
12470 -42.102644 
12513 -47.611535 
12556 -51.510963 
12599 -55.771497 
12642 -45.052189 
12685 -40.792488 
12728 -35.876283 
12771 -42.629822 
12814 -39.594568 
12857 -42.459580 
12900 -42.339033 
12943 -43.960856 
12986 -42.577852 
13029 -47.840663 
13072 -53.497913 
13115 -55.025604 
13158 -48.763402 
13201 -49.450329 
13244 -47.399997 
13287 -56.175782 
13330 -42.471960 
13373 -49.476363 
13416 -37.247962 
13459 -44.934127 
13502 -43.662939 
13545 -49.013386 
13588 -53.986797 
13631 -58.054379 
13674 -52.696650 
13717 -45.846783 
13760 -40.169053 
13803 -44.714335 
13846 -48.112707 
13889 -49.794928 
13932 -47.609985 
13975 -50.668837 
14018 -41.908306 
14061 -53.679552 
14104 -45.676817 
14147 -55.208161 
14190 -40.898891 
14233 -45.843333 
14276 -50.485881 
14319 -60.857854 
14362 -54.017532 
14405 -60.662572 
14448 -47.764789 
14491 -52.987899 
14534 -47.455268 
14577 -59.394703 
14620 -52.526785 
14663 -52.308211 
14706 -48.274993 
14749 -49.427359 
14792 -47.806993 
14835 -54.573629 
14878 -54.919657 
14921 -68.440590 
14964 -60.395236 
