0 -33.453744 
43 -41.836546 
86 -38.663373 
129 -20.940260 
172 -9.938060 
215 -1.320663 
258 -8.356689 
301 -6.571353 
344 -20.537753 
387 -14.622756 
430 -30.156526 
473 -50.419683 
516 -35.596327 
559 -33.097982 
602 -22.508968 
645 -20.179993 
688 -21.587871 
731 0.751929 
774 -23.491625 
817 -24.954758 
860 -24.733093 
903 -23.199145 
946 -24.300761 
989 -17.790119 
1032 -21.365409 
1075 -16.096739 
1118 -20.393689 
1161 -20.513852 
1204 -23.867410 
1247 -9.436566 
1290 -21.666744 
1333 -37.089954 
1376 -22.129506 
1419 -14.952294 
1462 -20.591686 
1505 -19.198338 
1548 -20.075278 
1591 -27.051774 
1634 -30.963756 
1677 -16.554869 
1720 -15.706788 
1763 -14.246260 
1806 -15.768076 
1849 -17.357442 
1892 -22.952715 
1935 -23.154358 
1978 -18.548022 
2021 -12.633049 
2064 -13.345747 
2107 -17.949664 
2150 -24.404385 
2193 -12.531104 
2236 -18.214272 
2279 -12.457356 
2322 -10.408424 
2365 -6.781581 
2408 -7.956432 
2451 -3.355631 
2494 -4.969333 
2537 -6.851026 
2580 -7.223360 
2623 -10.504630 
2666 -11.625389 
2709 -21.519615 
2752 -8.972116 
2795 -10.905154 
2838 -6.289125 
2881 -5.374955 
2924 -15.878981 
2967 1.035481 
3010 -2.608871 
3053 -4.028686 
3096 -2.774600 
3139 -1.036733 
3182 1.033287 
3225 9.091488 
3268 7.008375 
3311 1.968458 
3354 -3.335229 
3397 8.023038 
3440 1.059206 
3483 4.359536 
3526 0.852298 
3569 1.707394 
3612 6.975881 
3655 6.761569 
3698 9.060935 
3741 20.307705 
3784 2.083549 
3827 0.237076 
3870 3.698422 
3913 14.758131 
3956 5.702681 
3999 6.326445 
4042 7.048312 
4085 12.145597 
4128 3.692605 
4171 12.525382 
4214 6.857044 
4257 6.008783 
4300 6.784926 
4343 2.203410 
4386 -6.851737 
4429 -0.810563 
4472 2.873658 
4515 15.235365 
4558 -1.901626 
4601 2.537308 
4644 4.595067 
4687 -6.446162 
4730 0.207372 
4773 6.579414 
4816 4.327646 
4859 8.047926 
4902 -2.301746 
4945 -8.029674 
4988 -14.150342 
5031 4.231310 
5074 6.907805 
5117 -7.511068 
5160 3.873970 
5203 -5.008794 
5246 6.023512 
5289 6.127637 
5332 5.907960 
5375 -9.412073 
5418 -5.771201 
5461 -11.549137 
5504 0.771370 
5547 0.584958 
5590 2.656876 
5633 -14.988694 
5676 -2.701259 
5719 -9.523757 
5762 -9.917354 
5805 -11.518765 
5848 6.313741 
5891 1.142137 
5934 -7.597671 
5977 -3.950604 
6020 -13.160768 
6063 -6.661390 
6106 -18.601893 
6149 -15.010119 
6192 -14.540724 
6235 -15.468097 
6278 -24.730488 
6321 -31.690875 
6364 -12.948955 
6407 -9.574297 
6450 -14.053940 
6493 -10.900524 
6536 -22.899690 
6579 -22.268445 
6622 -20.361004 
6665 -6.835542 
6708 -13.190709 
6751 -21.062073 
6794 -40.980364 
6837 -22.289809 
6880 -17.469654 
6923 -7.114600 
6966 -7.420214 
7009 -9.521636 
7052 -13.798961 
7095 -2.313148 
7138 7.849824 
7181 -4.431743 
7224 -19.794032 
7267 -18.485718 
7310 -12.189657 
7353 -19.287482 
7396 -10.342558 
7439 -15.048711 
7482 -17.554195 
7525 -7.058153 
7568 -4.865564 
7611 -19.635679 
7654 -18.071619 
7697 -25.048695 
7740 -10.568768 
7783 -13.464144 
7826 -18.429229 
7869 -19.000300 
7912 -7.892253 
7955 -20.884065 
7998 -25.917591 
8041 -27.325132 
8084 -23.746982 
8127 -14.224230 
8170 -25.351537 
8213 -25.582134 
8256 -22.539304 
8299 -24.634825 
8342 -23.883867 
8385 -25.555609 
8428 -20.970539 
8471 -24.835335 
8514 -28.507388 
8557 -29.990893 
8600 -26.850339 
8643 -22.166430 
8686 -32.882108 
8729 -29.301534 
8772 -21.586905 
8815 -28.246159 
8858 -30.079308 
8901 -27.452383 
8944 -27.921285 
8987 -29.656082 
9030 -20.760314 
9073 -41.879350 
9116 -30.609012 
9159 -32.155325 
9202 -30.225412 
9245 -33.397751 
9288 -37.207955 
9331 -39.460515 
9374 -31.718593 
9417 -38.643834 
9460 -31.150847 
9503 -22.570805 
9546 -15.348408 
9589 -39.542534 
9632 -29.520554 
9675 -40.693775 
9718 -39.685730 
9761 -41.014823 
9804 -32.769187 
9847 -32.232561 
9890 -30.614070 
9933 -23.267092 
9976 -23.144664 
10019 -32.256338 
10062 -33.011407 
10105 -11.324205 
10148 -9.957700 
10191 -10.394485 
10234 -16.425756 
10277 -30.061818 
10320 -60.191797 
10363 -29.332583 
10406 -20.522638 
10449 -28.784860 
10492 -25.239358 
10535 -18.445378 
10578 -19.805446 
10621 -19.742949 
10664 -12.921634 
10707 -13.812496 
10750 -25.283661 
10793 -1.863135 
10836 -15.322394 
10879 -18.817814 
10922 -19.445984 
10965 -24.486694 
11008 -27.557954 
11051 -25.528379 
11094 -19.193888 
11137 -13.251541 
11180 -18.247420 
11223 -16.001383 
11266 -21.580898 
11309 -22.013130 
11352 -20.411604 
11395 -41.883284 
11438 -22.604680 
11481 -24.132679 
11524 -26.315047 
11567 -28.414881 
11610 -21.120884 
11653 -15.788634 
11696 -22.403438 
11739 -17.394012 
11782 -21.094712 
11825 -19.858894 
11868 -22.041603 
11911 -24.258233 
11954 -22.386398 
11997 -35.046006 
12040 -21.940124 
12083 -29.283523 
12126 -29.106901 
12169 -21.732551 
12212 -18.879846 
12255 -20.439517 
12298 -20.228642 
12341 -19.695361 
12384 -21.375005 
12427 -35.143443 
12470 -32.523331 
12513 -38.701708 
12556 -24.164519 
12599 -22.913686 
12642 -34.472023 
12685 -31.813947 
12728 -33.587204 
12771 -44.366337 
12814 -29.900989 
12857 -12.342068 
12900 -21.117960 
12943 -21.547628 
12986 -20.929278 
13029 -31.357810 
13072 -45.023733 
13115 -37.645378 
13158 -16.840538 
13201 -30.924850 
13244 -31.172112 
13287 -31.719202 
13330 -28.743944 
13373 -35.287207 
13416 -32.375272 
13459 -27.376055 
13502 -15.713531 
13545 -36.006089 
13588 -30.617353 
13631 -34.697978 
13674 -29.139624 
13717 -34.994007 
13760 -25.223534 
13803 -34.842458 
13846 -24.010855 
13889 -32.256622 
13932 -29.487346 
13975 -47.375190 
14018 -28.313580 
14061 -32.195900 
14104 -30.261876 
14147 -24.998574 
14190 -17.231557 
14233 -27.087907 
14276 -16.607480 
14319 -33.348405 
14362 -36.854418 
14405 -37.069097 
14448 -15.949720 
14491 -33.140969 
14534 -21.743460 
14577 -27.975842 
14620 -5.879977 
14663 -23.618411 
14706 -25.054879 
14749 -23.742301 
14792 -22.094053 
14835 -35.651706 
14878 -29.327953 
14921 -38.050019 
14964 -17.542357 
