7998 -21.396482 
8041 -31.012861 
8084 -33.794446 
8127 -43.781727 
8170 -31.856354 
8213 -31.862052 
8256 -28.517981 
8299 -37.124302 
8342 -39.111407 
8385 -35.763360 
8428 -31.035546 
8471 -39.725563 
8514 -25.834632 
8557 -30.380322 
8600 -23.188575 
8643 -28.413358 
8686 -32.243312 
8729 -31.123398 
8772 -27.647702 
8815 -43.107604 
8858 -27.292855 
8901 -52.341401 
8944 -26.743485 
8987 -32.274201 
9030 -25.636438 
9073 -33.879514 
9116 -35.063018 
9159 -31.415553 
9202 -22.290049 
9245 -31.523967 
9288 -31.093089 
9331 -28.590651 
9374 -21.563103 
9417 -24.327900 
9460 -24.481065 
9503 -29.171496 
9546 -23.481035 
9589 -31.638892 
9632 -29.403770 
9675 -35.674549 
9718 -28.878714 
9761 -55.420140 
9804 -29.512908 
9847 -30.211040 
9890 -28.221520 
9933 -23.830071 
9976 -18.704274 
10019 -25.012612 
10062 -36.411552 
10105 -29.942353 
10148 -23.642743 
10191 -28.554825 
10234 -32.226818 
10277 -35.817926 
10320 -26.045191 
10363 -27.608169 
10406 -26.385966 
10449 -43.204768 
10492 -29.639453 
10535 -31.702594 
10578 -29.986425 
10621 -37.988339 
10664 -30.024840 
10707 -45.838618 
10750 -27.725658 
10793 -29.062684 
10836 -26.275149 
10879 -30.983563 
10922 -29.743876 
10965 -33.597959 
11008 -29.471541 
11051 -44.581692 
11094 -29.156416 
11137 -42.874403 
11180 -28.955661 
11223 -28.147260 
11266 -19.261046 
11309 -25.813567 
11352 -38.266032 
11395 -30.666074 
11438 -24.654368 
11481 -32.640343 
11524 -42.539006 
11567 -39.270422 
11610 -34.791835 
11653 -38.478068 
11696 -40.562538 
11739 -46.215644 
11782 -53.736958 
11825 -48.794655 
11868 -43.656425 
11911 -44.235756 
11954 -39.143746 
