7998 -2.521507 
8041 -0.042678 
8084 2.310678 
8127 2.190037 
8170 4.090240 
8213 2.799525 
8256 1.284300 
8299 -0.305019 
8342 -0.794276 
8385 -2.983763 
8428 0.130606 
8471 0.476585 
8514 0.418684 
8557 -0.421150 
8600 -1.241985 
8643 -1.096232 
8686 -0.308809 
8729 1.101374 
8772 1.322825 
8815 1.219606 
8858 3.459893 
8901 -0.153519 
8944 0.361669 
8987 1.227888 
9030 4.004126 
9073 8.300877 
9116 3.803068 
9159 1.501176 
9202 -2.657296 
9245 3.022481 
9288 -2.568175 
9331 -14.682607 
9374 -10.335565 
9417 -17.100773 
9460 -9.210358 
9503 -1.695152 
9546 -0.720170 
9589 0.469106 
9632 -2.308503 
9675 -2.076068 
9718 -12.423639 
9761 -13.482263 
9804 -17.841980 
9847 -11.517484 
9890 -3.055337 
9933 -0.595640 
9976 -0.102385 
10019 -2.533316 
10062 -10.781166 
10105 -1.243091 
10148 5.418516 
10191 0.978633 
10234 2.661205 
10277 3.248962 
10320 -4.391258 
10363 1.065396 
10406 -2.727155 
10449 1.766510 
10492 -1.889377 
10535 -4.710943 
10578 -0.940132 
10621 0.486831 
10664 -4.202981 
10707 -0.631152 
10750 2.062839 
10793 3.078992 
10836 4.342691 
10879 -17.342673 
10922 -4.017010 
10965 -3.274838 
11008 -1.805149 
11051 -4.980918 
11094 -4.488302 
11137 -3.143566 
11180 -3.779176 
11223 -5.361272 
11266 -8.127117 
11309 -7.651480 
11352 -2.963471 
11395 -3.589703 
11438 -1.710865 
11481 -4.863152 
11524 -3.837441 
11567 -4.321140 
11610 -3.246213 
11653 -2.608552 
11696 -1.315322 
11739 -2.854908 
11782 -3.132944 
11825 -2.756376 
11868 -4.230514 
11911 -6.725845 
11954 -5.245575 
11997 -2.869385 
12040 -5.656454 
12083 -5.837669 
12126 -6.471113 
12169 -5.650181 
12212 -6.827814 
12255 -7.719451 
12298 -11.880295 
12341 -9.520725 
12384 -10.105333 
12427 -13.573913 
12470 -15.837290 
12513 0.245184 
12556 -1.126996 
12599 -18.633341 
12642 -12.189079 
12685 -13.717504 
12728 -11.947035 
12771 -4.318350 
12814 -2.941276 
12857 -3.991825 
12900 -7.391771 
12943 -7.865686 
12986 -9.930203 
13029 -7.428132 
13072 -4.153245 
13115 -2.864055 
13158 -1.747402 
13201 5.752027 
13244 5.365778 
13287 3.731319 
13330 2.202608 
13373 -2.678834 
13416 0.951516 
13459 3.671371 
13502 -2.050169 
13545 8.913993 
13588 15.517812 
13631 -8.372038 
13674 8.979171 
13717 10.526861 
13760 7.147586 
13803 4.680607 
13846 5.160800 
13889 14.632330 
13932 6.695897 
13975 6.483004 
14018 7.162485 
14061 10.618901 
14104 10.975571 
14147 6.904254 
14190 4.602111 
14233 9.105508 
14276 13.781882 
14319 16.625718 
14362 22.183484 
14405 15.393211 
14448 4.875477 
14491 10.941727 
14534 26.717252 
14577 11.781587 
14620 9.232442 
14663 2.804140 
14706 9.333903 
14749 10.051515 
14792 7.452797 
14835 -7.790912 
14878 2.133738 
14921 1.541081 
14964 -1.777496 
