0 -8.393329 
43 -22.254092 
86 -22.275825 
129 -12.949954 
172 3.035077 
215 4.093337 
258 -5.951824 
301 -0.904120 
344 -24.458134 
387 -20.735019 
430 -19.989888 
473 -13.544415 
516 -8.440407 
559 -18.150226 
602 -28.711085 
645 -27.892627 
688 -32.532656 
731 -36.960695 
774 -26.769689 
817 -21.720212 
860 -25.500828 
903 -23.388734 
946 -14.857890 
989 -20.203650 
1032 -18.161511 
1075 -19.863152 
1118 -18.117992 
1161 -17.867427 
1204 -19.136076 
1247 -17.869980 
1290 -21.911854 
1333 -22.723349 
1376 -32.370610 
1419 -23.362867 
1462 -22.159949 
1505 -28.177123 
1548 -18.662615 
1591 -20.078909 
1634 -14.965751 
1677 -20.535595 
1720 -25.392005 
1763 -23.871387 
1806 -21.569397 
1849 -26.980651 
1892 -25.291267 
1935 -9.576164 
1978 -18.608437 
2021 -19.333378 
2064 -20.244802 
2107 -26.131061 
2150 -16.654573 
2193 -20.827196 
2236 -13.626556 
2279 -8.815818 
2322 -20.617569 
2365 -14.164081 
2408 -11.531257 
2451 -6.941419 
2494 -7.631828 
2537 -9.875868 
2580 -6.636391 
2623 -8.314609 
2666 -10.151802 
2709 -2.952797 
2752 -8.064056 
2795 -4.330659 
2838 -0.331009 
2881 -1.923552 
2924 -17.137409 
2967 -10.962845 
3010 -5.605375 
3053 10.068367 
3096 1.198005 
3139 2.719328 
3182 1.928151 
3225 -1.087357 
3268 -3.021981 
3311 13.739845 
3354 -0.641133 
3397 -1.986055 
3440 -3.638103 
3483 1.168337 
3526 -2.707935 
3569 -31.410943 
3612 -8.774563 
3655 -0.069355 
3698 2.477549 
3741 0.822407 
3784 -2.600339 
3827 -0.635070 
3870 -4.956183 
3913 -3.065458 
3956 0.149079 
3999 -1.924484 
4042 -3.814201 
4085 1.638975 
4128 3.863345 
4171 4.446366 
4214 -6.786309 
4257 -6.971180 
4300 -9.222678 
4343 -5.137549 
4386 -0.061938 
4429 -9.219257 
4472 -3.470110 
4515 2.789263 
4558 -3.816305 
4601 -2.647180 
4644 2.485517 
4687 -2.690069 
4730 -3.615755 
4773 2.924824 
4816 -1.751256 
4859 -1.583689 
4902 14.682727 
4945 -26.391111 
4988 -23.288915 
5031 -32.128159 
5074 -18.114718 
5117 -14.187666 
5160 -19.192143 
5203 -18.855082 
5246 -28.043324 
5289 -23.416323 
5332 -19.243940 
5375 -18.893413 
5418 -20.151102 
5461 -30.210135 
5504 -10.112197 
5547 -14.989845 
5590 -21.125103 
5633 -24.306085 
5676 -26.022185 
5719 -27.344227 
5762 -28.010748 
5805 -18.388546 
5848 -10.745496 
5891 -19.814874 
5934 -19.461897 
5977 -21.667070 
6020 -15.720788 
6063 -16.080370 
6106 -14.238836 
6149 -14.378498 
6192 -13.788378 
6235 -7.001714 
6278 -11.268676 
6321 -7.722784 
6364 -13.436698 
6407 -6.434006 
6450 -11.865629 
6493 -9.463258 
6536 -19.405952 
6579 -3.226827 
6622 -5.606828 
6665 -3.413070 
6708 -14.025862 
6751 -10.367459 
6794 -8.251496 
6837 -6.917940 
6880 -3.528810 
6923 -11.156917 
6966 -12.124798 
7009 -9.514641 
7052 17.523040 
7095 -2.064449 
7138 -6.323371 
7181 -3.296776 
7224 -3.600739 
7267 -13.504580 
7310 -24.226354 
7353 -14.819672 
7396 -12.222241 
7439 -4.738886 
7482 -14.804826 
7525 -13.398082 
7568 -5.671774 
7611 4.164326 
7654 -6.636595 
7697 -8.268233 
7740 -8.165021 
7783 -19.534308 
7826 -6.927603 
7869 -9.308481 
7912 -9.961599 
7955 -4.047229 
7998 -10.429675 
8041 -9.387340 
8084 -6.144876 
8127 -3.260415 
8170 -0.679046 
8213 -2.683556 
8256 -4.537601 
8299 -7.081955 
8342 -10.398837 
8385 -17.322493 
8428 -13.981297 
8471 -18.895779 
8514 -27.283967 
8557 1.995413 
8600 -7.011765 
8643 -11.673015 
8686 -17.655159 
8729 -9.521165 
8772 -8.416844 
8815 -5.358739 
8858 -5.179565 
8901 -10.209017 
8944 -14.104154 
8987 -11.464245 
9030 -10.670883 
9073 -12.582198 
9116 -6.688641 
9159 -3.586843 
9202 -9.763080 
9245 -9.757867 
9288 4.104630 
9331 -2.568741 
9374 -3.688212 
9417 -2.510204 
9460 -9.791534 
9503 -13.596723 
9546 -15.993829 
9589 -12.644034 
9632 -15.593696 
9675 -11.265513 
9718 -11.399337 
9761 1.978684 
9804 -3.624409 
9847 -9.544707 
9890 6.653851 
9933 6.606515 
9976 4.749078 
10019 -1.404346 
10062 -16.567291 
10105 -9.426042 
10148 -6.335717 
10191 5.107618 
10234 -3.365334 
10277 -2.127791 
10320 -6.441064 
10363 -0.363545 
10406 -3.060036 
10449 1.448038 
10492 -3.733365 
10535 -5.471876 
10578 -7.986778 
10621 -4.388550 
10664 -4.622651 
10707 -4.697731 
10750 -4.671607 
10793 -12.398839 
10836 -10.810572 
10879 -3.374441 
10922 -4.415656 
10965 -6.714499 
11008 -9.946390 
11051 -4.826590 
11094 -2.588829 
11137 -5.563257 
11180 -5.830206 
11223 -5.755237 
11266 -3.539018 
11309 -6.942987 
11352 -5.332579 
11395 -2.683703 
11438 -3.821799 
11481 -1.830437 
11524 0.714683 
11567 -16.872383 
11610 -17.526036 
11653 -18.701289 
11696 -14.575825 
11739 -11.197790 
11782 -16.697137 
11825 -17.751211 
11868 -18.282531 
11911 -17.631542 
11954 -16.506495 
11997 -17.763505 
12040 -17.252763 
12083 -23.418240 
12126 -20.911317 
12169 -22.829528 
12212 -31.629127 
12255 -26.594340 
12298 -18.632578 
12341 -27.226404 
12384 -24.509810 
12427 -35.053220 
12470 -30.495884 
12513 -23.890403 
12556 -29.737685 
12599 -26.310733 
12642 -22.926544 
12685 -17.794073 
12728 -16.466565 
12771 -10.959149 
12814 4.036974 
12857 -18.132506 
12900 -22.725456 
12943 -15.560853 
12986 -21.911837 
13029 -10.147910 
13072 -19.176798 
13115 -21.270217 
13158 -11.340890 
13201 -17.690271 
13244 -18.930730 
13287 -23.520785 
13330 -31.615722 
13373 -18.322050 
13416 -22.810518 
13459 -27.907294 
13502 -23.481299 
13545 -18.876530 
13588 -21.923421 
13631 -21.960754 
13674 -45.703234 
13717 -30.013640 
13760 -22.432247 
13803 -22.769363 
13846 -25.274889 
13889 -21.527479 
13932 -14.878817 
13975 -26.737661 
14018 -20.117400 
14061 -26.660541 
14104 -31.850550 
14147 -46.755775 
14190 -34.767729 
14233 -25.306442 
14276 -28.171488 
14319 -24.953885 
14362 -21.041919 
14405 -30.294977 
14448 -34.817203 
14491 -36.699924 
14534 -32.174674 
14577 -29.150865 
14620 -23.816442 
14663 -29.976489 
14706 -36.480455 
14749 -32.301169 
14792 -32.842254 
14835 -29.938203 
14878 -29.020600 
14921 -29.425931 
14964 -30.460604 
