7998 -0.248294 
8041 1.523120 
8084 1.499880 
8127 1.646823 
8170 1.434139 
8213 1.517765 
8256 0.693391 
8299 4.227122 
8342 5.401144 
8385 4.965042 
8428 2.493267 
8471 -0.911793 
8514 -0.304495 
8557 -0.634549 
8600 0.633543 
8643 -0.116176 
8686 1.156858 
8729 1.661398 
8772 1.948517 
8815 1.530760 
8858 0.403540 
8901 2.354426 
8944 3.335518 
8987 -3.738461 
9030 5.545209 
9073 8.717982 
9116 4.497068 
9159 3.016469 
9202 -5.057262 
9245 -6.154704 
9288 -2.548689 
9331 -22.099119 
9374 -16.312540 
9417 -10.262950 
9460 -5.746228 
9503 -4.587954 
9546 -1.783558 
9589 -8.223999 
9632 -6.131297 
9675 -9.462804 
9718 2.182132 
9761 2.108400 
9804 0.782182 
9847 -5.649884 
9890 -3.967641 
9933 -6.234914 
9976 -9.473282 
10019 -14.619911 
10062 3.873488 
10105 8.122815 
10148 9.292167 
10191 7.769070 
10234 -0.064259 
10277 0.848279 
10320 4.062672 
10363 3.650011 
10406 3.138879 
10449 5.801395 
10492 5.173664 
10535 4.527150 
10578 3.151367 
10621 1.565137 
10664 2.998573 
10707 1.423884 
10750 1.960752 
10793 0.785014 
10836 1.385427 
10879 -4.732665 
10922 -2.330994 
10965 -1.388701 
11008 0.702154 
11051 -1.730712 
11094 -5.079433 
11137 -3.751111 
11180 -2.596184 
11223 -2.782873 
11266 -7.992876 
11309 1.038658 
11352 -0.240665 
11395 0.127050 
11438 -0.172701 
11481 -9.420550 
11524 -4.262940 
11567 -7.171573 
11610 -2.895231 
11653 -2.173223 
11696 -5.905829 
11739 -4.794236 
11782 -4.586050 
11825 -4.112027 
11868 -4.274272 
11911 -3.967093 
11954 -4.999815 
11997 -6.053446 
12040 -6.081378 
12083 -5.817956 
12126 -7.258332 
12169 -6.938517 
12212 -19.481094 
12255 -17.116637 
12298 -15.103168 
12341 -7.933342 
12384 -18.764954 
12427 -34.664865 
12470 5.164853 
12513 -8.545562 
12556 -12.055713 
12599 -20.052246 
12642 -31.546218 
12685 -7.068277 
12728 -6.001750 
12771 -9.912651 
12814 -6.865211 
12857 -4.711965 
12900 -16.875237 
12943 -17.182014 
12986 0.045213 
13029 0.323708 
13072 0.123715 
13115 1.562896 
13158 2.267197 
13201 3.824930 
13244 -1.728281 
13287 -19.237274 
13330 0.974412 
13373 5.085576 
13416 3.806908 
13459 1.131762 
13502 4.050240 
13545 6.152596 
13588 17.016907 
13631 4.172900 
13674 5.438921 
13717 6.861232 
13760 3.134734 
13803 16.007346 
13846 15.509397 
13889 14.461660 
13932 12.357260 
13975 13.524739 
14018 18.819449 
14061 19.825881 
14104 19.430792 
14147 20.513370 
14190 22.364994 
14233 18.168564 
14276 7.506935 
14319 14.933710 
14362 21.828992 
14405 27.006151 
14448 10.344732 
14491 17.543370 
14534 9.571515 
14577 -2.204908 
14620 5.105255 
14663 7.298751 
14706 7.761718 
14749 7.199481 
14792 5.368868 
14835 3.612269 
14878 5.902617 
14921 5.245993 
14964 1.690161 
