7998 -66.251089 
8041 -65.004075 
8084 -61.147778 
8127 -65.594134 
8170 -66.015421 
8213 -70.726583 
8256 -65.210060 
8299 -58.596017 
8342 -52.157818 
8385 -57.294551 
8428 -62.119850 
8471 -72.803076 
8514 -71.389439 
8557 -65.645423 
8600 -60.485012 
8643 -61.431400 
8686 -59.547945 
8729 -67.508234 
8772 -63.260779 
8815 -64.907197 
8858 -61.719115 
8901 -54.694789 
8944 -47.808726 
8987 -54.958311 
9030 -62.971189 
9073 -65.491482 
9116 -55.155894 
9159 -63.009630 
9202 -68.572272 
9245 -70.466055 
9288 -69.465936 
9331 -78.900127 
9374 -66.753091 
9417 -72.071217 
9460 -65.220072 
9503 -61.975805 
9546 -54.670218 
9589 -60.896612 
9632 -71.441877 
9675 -72.392275 
9718 -61.399948 
9761 -69.819478 
9804 -63.355981 
9847 -77.200078 
9890 -63.311056 
9933 -63.090494 
9976 -55.488655 
10019 -61.075366 
10062 -62.510787 
10105 -57.263180 
10148 -48.905124 
10191 -56.877779 
10234 -73.491108 
10277 -85.758211 
10320 -71.133898 
10363 -76.225714 
10406 -66.647605 
10449 -65.438991 
10492 -61.712442 
10535 -74.011518 
10578 -64.999773 
10621 -67.988228 
10664 -65.854501 
10707 -68.461191 
10750 -65.896062 
10793 -61.716202 
10836 -56.787531 
10879 -65.109838 
10922 -65.571318 
10965 -65.058521 
11008 -59.812916 
11051 -59.641762 
11094 -55.712716 
11137 -76.451588 
11180 -57.263200 
11223 -61.676339 
11266 -62.036244 
11309 -64.525888 
11352 -64.451280 
11395 -59.149241 
11438 -53.974461 
11481 -62.534063 
11524 -72.426535 
11567 -69.529522 
11610 -61.683049 
11653 -63.593950 
11696 -62.142702 
11739 -64.632946 
11782 -64.153186 
11825 -71.123666 
11868 -67.712158 
11911 -67.980091 
11954 -64.489171 
