0 -11.179732 
43 -28.296698 
86 -27.870578 
129 -14.396732 
172 4.055279 
215 -0.472106 
258 -9.197392 
301 -6.228320 
344 -23.594154 
387 -14.165229 
430 -10.839995 
473 -15.831908 
516 -6.073866 
559 -24.965233 
602 -27.467383 
645 -27.186745 
688 9.561970 
731 -33.974526 
774 -10.097589 
817 -19.027687 
860 -23.137149 
903 -21.639114 
946 -9.734784 
989 -23.439340 
1032 -15.314909 
1075 -22.909018 
1118 -20.970575 
1161 -24.696062 
1204 -16.938084 
1247 -25.080464 
1290 -21.315800 
1333 -20.456225 
1376 -24.305953 
1419 -16.539587 
1462 -21.083110 
1505 -15.906965 
1548 -21.803530 
1591 -22.497719 
1634 -20.590159 
1677 -17.864251 
1720 -16.679539 
1763 -18.568289 
1806 -25.848770 
1849 -18.713042 
1892 -15.080182 
1935 -18.501666 
1978 -21.305803 
2021 -24.269025 
2064 -14.264191 
2107 -17.995265 
2150 -17.621942 
2193 -18.645257 
2236 -26.397109 
2279 -9.978699 
2322 -9.741918 
2365 -12.389042 
2408 -8.449913 
2451 -17.805615 
2494 -9.450486 
2537 -4.981308 
2580 -8.225552 
2623 -6.681998 
2666 -6.613678 
2709 -30.050096 
2752 -0.662502 
2795 0.628434 
2838 -3.782063 
2881 -2.360985 
2924 -4.732607 
2967 -7.171876 
3010 -3.571717 
3053 3.761292 
3096 0.951754 
3139 7.025504 
3182 -0.552186 
3225 2.777572 
3268 -0.983389 
3311 -0.680852 
3354 0.656430 
3397 -1.706063 
3440 -1.679031 
3483 -3.740766 
3526 -0.869851 
3569 7.148769 
3612 -1.154205 
3655 0.722811 
3698 -1.291309 
3741 -0.206130 
3784 -1.108674 
3827 0.169961 
3870 -2.048935 
3913 -2.488477 
3956 -0.141064 
3999 -2.074676 
4042 -0.105489 
4085 -0.251108 
4128 0.004590 
4171 3.835343 
4214 0.167819 
4257 -0.303928 
4300 -3.489597 
4343 2.911035 
4386 2.772394 
4429 4.182172 
4472 -17.589497 
4515 -0.772977 
4558 -0.802408 
4601 1.715245 
4644 2.318555 
4687 -2.459252 
4730 3.091382 
4773 2.676600 
4816 0.380639 
4859 1.424313 
4902 1.207215 
4945 1.914692 
4988 -5.271398 
5031 -6.342047 
5074 -1.287865 
5117 -2.855407 
5160 -4.543706 
5203 -6.893944 
5246 -2.798515 
5289 -7.922090 
5332 -4.738086 
5375 -1.374311 
5418 -3.215705 
5461 -1.076342 
5504 -0.648314 
5547 0.734950 
5590 -3.380146 
5633 -12.996639 
5676 0.203864 
5719 0.165685 
5762 -3.520158 
5805 7.153890 
5848 -7.211030 
5891 -21.284234 
5934 -5.991815 
5977 -7.696635 
6020 -4.109941 
6063 9.249332 
6106 -2.333533 
6149 -4.356742 
6192 -11.811330 
6235 -8.821334 
6278 -9.892631 
6321 4.304792 
6364 -1.239107 
6407 -12.089878 
6450 -14.699567 
6493 -15.393388 
6536 -26.437425 
6579 -4.814482 
6622 -11.635153 
6665 -11.201187 
6708 -6.406536 
6751 -6.210825 
6794 -9.419005 
6837 -15.900480 
6880 -15.288501 
6923 -15.848926 
6966 -13.488539 
7009 -13.781920 
7052 -8.629838 
7095 -24.225593 
7138 -8.514754 
7181 -10.585317 
7224 -16.727174 
7267 -24.246885 
7310 -12.323441 
7353 -12.203623 
7396 -14.011462 
7439 -13.040878 
7482 -9.235761 
7525 -13.188527 
7568 -6.131688 
7611 -9.244588 
7654 -3.112755 
7697 -23.842186 
7740 -18.820865 
7783 -16.034246 
7826 -17.593805 
7869 -29.599505 
7912 -19.103251 
7955 -16.303058 
7998 -26.665688 
8041 15.869201 
8084 -15.029754 
8127 -9.333588 
8170 -22.470009 
8213 -30.345418 
8256 -15.299335 
8299 -22.024686 
8342 -20.830285 
8385 -23.545237 
8428 -9.566457 
8471 -0.746114 
8514 -4.294890 
8557 -18.433764 
8600 -28.320887 
8643 -23.077052 
8686 -15.028817 
8729 -8.614909 
8772 -12.910424 
8815 -18.639941 
8858 -27.401643 
8901 -27.297266 
8944 -26.223928 
8987 -25.252157 
9030 -8.386340 
9073 -14.573903 
9116 -21.755523 
9159 -18.009084 
9202 -5.915380 
9245 -8.180929 
9288 -6.515635 
9331 -17.400292 
9374 -30.338347 
9417 -44.000755 
9460 -12.261774 
9503 -14.581088 
9546 -16.364908 
9589 -17.332594 
9632 -17.713674 
9675 -8.730241 
9718 -14.368800 
9761 -19.450525 
9804 -23.440345 
9847 -22.167977 
9890 -24.548938 
9933 -23.421481 
9976 -23.197273 
10019 -22.668610 
10062 3.262613 
10105 -10.261629 
10148 -19.181552 
10191 -13.753322 
10234 1.217711 
10277 -16.152805 
10320 -21.269668 
10363 -17.742212 
10406 -11.162072 
10449 -24.517147 
10492 -21.131445 
10535 -21.767407 
10578 -4.131353 
10621 -5.299969 
10664 -5.486611 
10707 -10.472197 
10750 -12.055253 
10793 -8.489011 
10836 -14.301934 
10879 -14.488202 
10922 -14.371655 
10965 -3.330883 
11008 -6.210463 
11051 -13.652042 
11094 -17.664454 
11137 -25.370822 
11180 -6.512014 
11223 6.509704 
11266 -12.634524 
11309 -6.169753 
11352 -4.255478 
11395 -15.554078 
11438 -12.141450 
11481 -22.701415 
11524 -13.319550 
11567 -12.414127 
11610 -17.114588 
11653 -11.067273 
11696 -7.531683 
11739 -18.283762 
11782 -21.704209 
11825 -18.690360 
11868 -11.388943 
11911 -12.690094 
11954 -3.319422 
11997 -8.450227 
12040 -9.945281 
12083 -13.029022 
12126 -11.949239 
12169 -14.836001 
12212 -4.228044 
12255 -10.869560 
12298 -14.929016 
12341 -17.384688 
12384 -17.630748 
12427 -25.645450 
12470 -17.711409 
12513 -10.273075 
12556 -14.095300 
12599 -10.323619 
12642 -11.593843 
12685 -1.927129 
12728 -8.327940 
12771 -13.595309 
12814 -19.631932 
12857 -26.623676 
12900 -32.720410 
12943 -19.684104 
12986 -26.519083 
13029 -13.411910 
13072 -0.431276 
13115 -9.909027 
13158 -13.547998 
13201 -17.119171 
13244 -11.568336 
13287 -3.594809 
13330 -14.020502 
13373 -16.322959 
13416 -16.153181 
13459 -13.805728 
13502 -10.151784 
13545 -11.554859 
13588 -12.839506 
13631 -22.730374 
13674 -21.480384 
13717 -17.334653 
13760 3.642648 
13803 -12.582549 
13846 -16.548359 
13889 -19.492450 
13932 -23.309377 
13975 -13.900576 
14018 -7.809691 
14061 -6.289608 
14104 -2.566334 
14147 -6.589719 
14190 -5.862242 
14233 -10.175725 
14276 -12.093704 
14319 -21.852038 
14362 -41.247724 
14405 -14.070264 
14448 -19.789067 
14491 -17.984993 
14534 -5.145230 
14577 -3.497590 
14620 -9.702300 
14663 -12.626981 
14706 -5.562068 
14749 -16.032304 
14792 -15.541620 
14835 -27.216413 
14878 -13.416832 
14921 3.637182 
14964 -3.879679 
