0 8.390165 
43 -21.487609 
86 -20.163370 
129 -11.767385 
172 -7.484899 
215 -5.857612 
258 -5.997620 
301 11.673863 
344 -22.173528 
387 -27.040906 
430 -34.042437 
473 -29.456565 
516 -28.912865 
559 -24.769510 
602 -29.538384 
645 -24.639616 
688 -13.288607 
731 -16.671296 
774 -20.077445 
817 -28.557291 
860 -18.657433 
903 -12.122327 
946 -22.688837 
989 -12.662945 
1032 -21.622534 
1075 -27.581425 
1118 -18.497787 
1161 -20.797310 
1204 -22.870125 
1247 -18.840239 
1290 -18.871909 
1333 -13.486497 
1376 -21.849222 
1419 -13.929926 
1462 -16.710501 
1505 -6.926178 
1548 -17.268180 
1591 -8.301143 
1634 -19.369462 
1677 -28.787955 
1720 -16.559279 
1763 -18.814817 
1806 -16.170762 
1849 -24.274409 
1892 -22.558159 
1935 -30.229292 
1978 -21.163614 
2021 -18.742464 
2064 -14.675492 
2107 -13.538533 
2150 -16.383792 
2193 -15.193765 
2236 -12.720868 
2279 -9.114197 
2322 -8.521621 
2365 -8.411022 
2408 -4.788912 
2451 -16.794214 
2494 -7.563684 
2537 -6.022840 
2580 -9.865520 
2623 -7.313360 
2666 -9.726614 
2709 -12.637994 
2752 -7.911249 
2795 -10.266709 
2838 7.322587 
2881 -13.729585 
2924 -5.559044 
2967 -7.172525 
3010 5.185860 
3053 1.194155 
3096 1.045706 
3139 -2.381971 
3182 -3.468740 
3225 -9.684756 
3268 4.475779 
3311 14.156905 
3354 11.060346 
3397 4.317498 
3440 -14.318656 
3483 -0.143179 
3526 8.157400 
3569 10.072372 
3612 1.848463 
3655 3.756678 
3698 2.083761 
3741 0.897534 
3784 -5.521633 
3827 -1.883435 
3870 2.639290 
3913 1.961823 
3956 5.198831 
3999 19.966553 
4042 3.134855 
4085 7.023331 
4128 3.475802 
4171 -0.847353 
4214 2.407892 
4257 9.043816 
4300 7.984120 
4343 12.665806 
4386 19.208149 
4429 -3.276687 
4472 0.448115 
4515 -2.290345 
4558 -8.639060 
4601 -14.945709 
4644 -3.566589 
4687 4.190347 
4730 1.397639 
4773 4.028711 
4816 -3.971187 
4859 -6.559855 
4902 2.748018 
4945 7.035415 
4988 0.325361 
5031 3.565693 
5074 -4.836826 
5117 -8.581889 
5160 -0.583332 
5203 14.359562 
5246 -2.447037 
5289 -0.155201 
5332 -5.888884 
5375 -6.814184 
5418 -0.071100 
5461 -4.343062 
5504 -12.883800 
5547 -3.972232 
5590 0.122939 
5633 2.635350 
5676 7.559142 
5719 1.414398 
5762 -3.218245 
5805 4.470972 
5848 -3.701824 
5891 -8.445055 
5934 -8.214416 
5977 -10.151136 
6020 -11.274865 
6063 -7.316410 
6106 -9.861126 
6149 -7.597409 
6192 -7.878029 
6235 -13.379429 
6278 -16.601986 
6321 -19.090412 
6364 -22.438371 
6407 -25.402772 
6450 -29.715356 
6493 -32.390774 
6536 -28.345587 
6579 -16.069382 
6622 -16.544296 
6665 -9.556673 
6708 -12.814031 
6751 -12.599930 
6794 -12.018780 
6837 -2.136724 
6880 -9.016663 
6923 -10.314946 
6966 -19.811090 
7009 1.705493 
7052 -9.864831 
7095 -9.202092 
7138 -9.876662 
7181 -8.074073 
7224 -14.914681 
7267 -14.427975 
7310 -14.654105 
7353 -14.304666 
7396 -7.552144 
7439 -9.633883 
7482 -18.512390 
7525 -10.681766 
7568 -24.708762 
7611 -19.691776 
7654 -15.229432 
7697 -14.525081 
7740 -11.131820 
7783 -14.762154 
7826 -15.346141 
7869 -23.827547 
7912 -22.094822 
7955 -8.806482 
7998 -18.622036 
8041 -23.479121 
8084 -23.609613 
8127 -21.346083 
8170 -22.385857 
8213 -23.580637 
8256 -19.615167 
8299 -28.818954 
8342 -25.332375 
8385 -20.373649 
8428 -17.864950 
8471 -18.823895 
8514 -19.660026 
8557 -25.780378 
8600 -24.772705 
8643 -10.370597 
8686 -11.402499 
8729 -11.851484 
8772 -16.332604 
8815 -24.324396 
8858 -24.197283 
8901 -22.165078 
8944 -19.984593 
8987 -22.708282 
9030 -34.800866 
9073 -14.921941 
9116 -15.348102 
9159 -23.361352 
9202 -27.866640 
9245 -21.267963 
9288 -22.251218 
9331 -22.202763 
9374 -20.384833 
9417 -25.760741 
9460 -37.609207 
9503 -34.430466 
9546 -30.963020 
9589 -30.417688 
9632 -24.549086 
9675 -27.129709 
9718 -33.616777 
9761 -25.343141 
9804 -23.404821 
9847 -27.085626 
9890 -19.088590 
9933 -32.104151 
9976 -36.243879 
10019 -31.972118 
10062 -8.417899 
10105 -22.081154 
10148 -13.013259 
10191 -16.475658 
10234 -19.473301 
10277 -30.031555 
10320 -26.197001 
10363 -41.474762 
10406 -37.722416 
10449 -9.401582 
10492 -16.987007 
10535 -11.552529 
10578 -22.730813 
10621 -20.228290 
10664 -6.051646 
10707 -11.797253 
10750 -24.335684 
10793 -37.328143 
10836 -29.748790 
10879 -27.000530 
10922 -27.690253 
10965 -40.301597 
11008 -34.011458 
11051 -24.939434 
11094 -23.484186 
11137 -4.254343 
11180 2.002000 
11223 -11.632477 
11266 -19.873610 
11309 -16.730351 
11352 -25.382721 
11395 -34.937230 
11438 -23.780671 
11481 -27.297066 
11524 -30.916804 
11567 -28.120496 
11610 -19.164120 
11653 -16.938730 
11696 -21.569385 
11739 -17.469022 
11782 -21.174843 
11825 -6.181069 
11868 -19.216096 
11911 -23.259842 
11954 -16.295502 
11997 -21.896508 
12040 -14.972068 
12083 -22.568472 
12126 -20.902227 
12169 -16.993033 
12212 -27.785830 
12255 -27.557704 
12298 -35.697194 
12341 -30.783644 
12384 -21.741416 
12427 -19.422293 
12470 -14.734719 
12513 -27.497564 
12556 -24.445974 
12599 -66.494100 
12642 -24.386816 
12685 -22.799777 
12728 -22.548961 
12771 -47.131730 
12814 -30.313754 
12857 -30.889302 
12900 -31.289899 
12943 -22.373237 
12986 -24.753436 
13029 -21.563943 
13072 -27.686217 
13115 -32.285705 
13158 -42.013088 
13201 -26.550514 
13244 -24.329683 
13287 -18.203091 
13330 -30.051095 
13373 -35.912173 
13416 -39.514320 
13459 -32.378287 
13502 -27.600496 
13545 -34.496608 
13588 -35.555834 
13631 -9.184000 
13674 -21.885212 
13717 -23.112976 
13760 -31.673476 
13803 -21.240883 
13846 -22.568766 
13889 -28.705869 
13932 -33.555313 
13975 -26.211428 
14018 -23.175456 
14061 -34.206858 
14104 -32.861347 
14147 -31.086797 
14190 -35.164177 
14233 -36.467277 
14276 -40.996902 
14319 -36.033765 
14362 -33.932688 
14405 -31.591924 
14448 -31.490775 
14491 -47.703832 
14534 -46.885325 
14577 -40.337208 
14620 -43.465249 
14663 -32.501861 
14706 -37.300634 
14749 -33.471218 
14792 -30.260795 
14835 -30.804402 
14878 -17.194609 
14921 -31.929371 
14964 -29.989568 
