7998 -25.045482 
8041 -30.376569 
8084 -28.102422 
8127 -31.622273 
8170 -29.208028 
8213 -33.351854 
8256 -32.827576 
8299 -44.084388 
8342 -39.193781 
8385 -44.382240 
8428 -36.994985 
8471 -46.802796 
8514 -46.881202 
8557 -43.937233 
8600 -33.943541 
8643 -44.956559 
8686 -34.996747 
8729 -42.760604 
8772 -49.546396 
8815 -30.928425 
8858 -24.005713 
8901 -40.112126 
8944 -27.455984 
8987 -30.750291 
9030 -31.740975 
9073 -35.155183 
9116 -36.402106 
9159 -43.408974 
9202 -34.100313 
9245 -46.065459 
9288 -41.109504 
9331 -45.775530 
9374 -45.842291 
9417 -42.323695 
9460 -33.531728 
9503 -38.731869 
9546 -38.518035 
9589 -46.731442 
9632 -49.149420 
9675 -51.196045 
9718 -49.115056 
9761 -38.052413 
9804 -31.599645 
9847 -39.033042 
9890 -39.235344 
9933 -43.060961 
9976 -44.702145 
10019 -37.902441 
10062 -31.184562 
10105 -33.190407 
10148 -31.768863 
10191 -40.399732 
10234 -38.501449 
10277 -44.348826 
10320 -49.947927 
10363 -36.670655 
10406 -29.541570 
10449 -34.906642 
10492 -35.066546 
10535 -39.673258 
10578 -40.940662 
10621 -67.724994 
10664 -41.545803 
10707 -57.245365 
10750 -39.240911 
10793 -43.388218 
10836 -46.101400 
10879 -51.220397 
10922 -39.071086 
10965 -41.254330 
11008 -37.872848 
11051 -44.802976 
11094 -39.180568 
11137 -41.040257 
11180 -40.012823 
11223 -35.386859 
11266 -30.148503 
11309 -36.730585 
11352 -41.257683 
11395 -41.119132 
11438 -36.184847 
11481 -38.096607 
11524 -36.823919 
11567 -36.496771 
11610 -28.037789 
11653 -34.855498 
11696 -51.316440 
11739 -48.574497 
11782 -39.990453 
11825 -43.287626 
11868 -41.901784 
11911 -57.584465 
11954 -45.086708 
