0 -14.933111 
43 -20.456479 
86 -18.134288 
129 -5.437277 
172 -3.374803 
215 -5.031027 
258 -5.675436 
301 -16.167085 
344 -25.349877 
387 -24.685252 
430 -23.478212 
473 -26.110844 
516 -15.767090 
559 -16.438140 
602 -22.448046 
645 -25.344962 
688 -22.388766 
731 -30.517157 
774 -20.279232 
817 -26.212919 
860 -25.691826 
903 -26.319167 
946 -12.562643 
989 -18.676097 
1032 -17.198131 
1075 -15.846508 
1118 -12.310318 
1161 -27.061606 
1204 -26.051387 
1247 -27.735063 
1290 -17.331992 
1333 -24.166377 
1376 -25.538939 
1419 -30.857576 
1462 -31.833226 
1505 -14.925233 
1548 -20.950534 
1591 -27.216738 
1634 -17.185602 
1677 -24.114115 
1720 -26.123567 
1763 -31.922442 
1806 -22.577850 
1849 -27.243547 
1892 -26.855173 
1935 -27.190267 
1978 -20.642189 
2021 -21.903401 
2064 -15.664038 
2107 -16.287111 
2150 -13.657925 
2193 -18.976608 
2236 -14.361894 
2279 -12.822317 
2322 -19.773093 
2365 -11.604961 
2408 -9.401384 
2451 -10.729893 
2494 -10.281566 
2537 -12.172781 
2580 -15.023523 
2623 -4.983606 
2666 -3.817690 
2709 -10.054366 
2752 -9.523408 
2795 -1.894285 
2838 -8.481244 
2881 1.114692 
2924 -6.666691 
2967 -3.701453 
3010 -0.061382 
3053 -1.750593 
3096 -2.462353 
3139 0.873004 
3182 5.564948 
3225 10.101372 
3268 -3.705026 
3311 -8.244314 
3354 -4.897104 
3397 -7.109809 
3440 13.111257 
3483 -5.767336 
3526 -5.369379 
3569 -6.377287 
3612 -6.352059 
3655 -4.116045 
3698 -6.831534 
3741 -4.890852 
3784 -2.748044 
3827 0.275979 
3870 -3.689458 
3913 -11.838845 
3956 -10.715930 
3999 -7.133816 
4042 -3.868977 
4085 -9.387543 
4128 -3.379891 
4171 0.608876 
4214 -1.296231 
4257 -2.938237 
4300 -0.987700 
4343 2.063149 
4386 4.155293 
4429 -2.621502 
4472 -3.479429 
4515 -1.253584 
4558 -1.443871 
4601 4.550376 
4644 -7.428534 
4687 -3.315558 
4730 11.626443 
4773 0.839335 
4816 -4.953885 
4859 2.072846 
4902 -2.004954 
4945 -9.432389 
4988 -11.971869 
5031 -6.468137 
5074 -14.577289 
5117 -15.097303 
5160 -13.746144 
5203 -9.778613 
5246 -3.936994 
5289 -10.040806 
5332 -9.559136 
5375 -8.956833 
5418 -16.802063 
5461 -18.885197 
5504 -15.540406 
5547 -22.766860 
5590 -38.735642 
5633 -21.046194 
5676 -20.127940 
5719 -16.112935 
5762 3.019332 
5805 -12.232519 
5848 -14.834866 
5891 -18.448984 
5934 -17.282180 
5977 -4.303963 
6020 -19.003926 
6063 -10.124609 
6106 -11.014876 
6149 -13.108152 
6192 3.253523 
6235 -19.756930 
6278 -1.635375 
6321 -3.817632 
6364 -2.246830 
6407 -8.350093 
6450 -9.786764 
6493 -2.559586 
6536 -15.429596 
6579 -14.134679 
6622 -10.071341 
6665 -10.538388 
6708 -12.790976 
6751 -8.726840 
6794 -8.828747 
6837 -14.363420 
6880 -7.380786 
6923 -8.279732 
6966 -13.344010 
7009 -20.788740 
7052 -30.389984 
7095 -12.087013 
7138 -0.700934 
7181 -4.620271 
7224 -11.720241 
7267 -5.016884 
7310 -0.673311 
7353 -10.558275 
7396 -9.416185 
7439 -6.578989 
7482 -2.369559 
7525 -10.348575 
7568 -8.518394 
7611 -12.842240 
7654 -21.036950 
7697 -1.491796 
7740 -8.094177 
7783 -11.734596 
7826 -1.504874 
7869 -1.454224 
7912 -4.588826 
7955 0.313168 
7998 -0.024474 
8041 -13.647651 
8084 -3.549751 
8127 -5.842522 
8170 -9.156834 
8213 -9.355606 
8256 -8.192219 
8299 -8.541679 
8342 7.068853 
8385 -6.460114 
8428 1.764732 
8471 -12.449050 
8514 -18.530456 
8557 -16.264006 
8600 -13.051001 
8643 -19.698681 
8686 5.944714 
8729 -2.537223 
8772 -9.014004 
8815 -6.860775 
8858 -2.768961 
8901 -10.145620 
8944 -10.193152 
8987 -11.410415 
9030 -16.685910 
9073 -12.284008 
9116 -7.099971 
9159 -17.471410 
9202 -6.779099 
9245 -8.708209 
9288 5.086325 
9331 1.870219 
9374 -4.402798 
9417 -9.329855 
9460 -7.067575 
9503 -5.463854 
9546 -4.157987 
9589 1.378704 
9632 2.528145 
9675 -0.173089 
9718 2.426428 
9761 1.992232 
9804 4.789256 
9847 0.946679 
9890 -1.054329 
9933 -3.865311 
9976 -6.386258 
10019 9.862467 
10062 -0.301728 
10105 -8.713238 
10148 -14.904484 
10191 -13.985067 
10234 23.815686 
10277 14.854912 
10320 1.366211 
10363 3.394410 
10406 4.013177 
10449 2.011319 
10492 -1.909752 
10535 -8.843752 
10578 -21.513151 
10621 -19.485607 
10664 -14.470606 
10707 -12.744490 
10750 -7.716024 
10793 -8.512091 
10836 -9.621427 
10879 -22.374866 
10922 -9.382968 
10965 -4.135882 
11008 -5.518673 
11051 -9.088145 
11094 -4.314785 
11137 -6.132548 
11180 -11.851653 
11223 -2.337201 
11266 2.916164 
11309 -4.363226 
11352 -22.216234 
11395 -18.141171 
11438 -8.038606 
11481 -8.660249 
11524 -13.264261 
11567 0.475173 
11610 -5.419969 
11653 0.493506 
11696 -18.788554 
11739 -11.378253 
11782 -13.825849 
11825 -9.157937 
11868 -4.481357 
11911 -31.114966 
11954 -16.410895 
11997 -14.526468 
12040 -15.247942 
12083 -19.795835 
12126 -24.933558 
12169 -13.198669 
12212 -12.057356 
12255 -10.502068 
12298 -25.887009 
12341 -27.502863 
12384 -29.544091 
12427 -27.385042 
12470 -27.005705 
12513 -26.798828 
12556 -22.242002 
12599 -16.031547 
12642 -13.419471 
12685 -6.290627 
12728 -18.634298 
12771 -13.311639 
12814 -4.908523 
12857 -11.286842 
12900 -19.235823 
12943 -17.811912 
12986 -17.958826 
13029 -7.358100 
13072 -16.612660 
13115 -19.262981 
13158 -24.571952 
13201 -21.571383 
13244 -28.824018 
13287 -20.612258 
13330 -17.116201 
13373 -14.063513 
13416 -20.125038 
13459 -24.271074 
13502 -30.211113 
13545 -12.347516 
13588 -10.779313 
13631 -10.337287 
13674 -16.189548 
13717 -9.055470 
13760 -17.991175 
13803 -21.274894 
13846 -28.520057 
13889 -20.233099 
13932 -14.395881 
13975 -11.769746 
14018 -19.177888 
14061 -33.504320 
14104 -13.786775 
14147 -20.373263 
14190 -19.904133 
14233 -29.115827 
14276 -37.023165 
14319 -34.670144 
14362 -36.435759 
14405 -20.888012 
14448 -25.209702 
14491 -26.346111 
14534 -24.858186 
14577 -23.986603 
14620 -25.827885 
14663 -24.945783 
14706 -24.962392 
14749 -16.867893 
14792 -21.672145 
14835 -33.445356 
14878 -47.974341 
14921 -33.047773 
14964 -28.800338 
