7998 -42.170415 
8041 -41.432346 
8084 -32.883529 
8127 -38.696853 
8170 -37.875402 
8213 -43.631166 
8256 -43.587090 
8299 -40.806919 
8342 -36.606994 
8385 -40.241739 
8428 -34.195187 
8471 -40.051159 
8514 -38.625799 
8557 -48.801873 
8600 -41.813881 
8643 -43.783032 
8686 -33.231487 
8729 -41.179617 
8772 -48.813431 
8815 -41.940210 
8858 -36.350924 
8901 -44.310920 
8944 -48.929536 
8987 -48.517393 
9030 -38.150515 
9073 -41.700650 
9116 -42.944550 
9159 -42.407073 
9202 -34.078046 
9245 -41.617686 
9288 -39.564933 
9331 -42.852925 
9374 -33.569958 
9417 -49.065517 
9460 -37.603174 
9503 -49.275813 
9546 -41.126932 
9589 -40.976206 
9632 -30.923884 
9675 -36.678591 
9718 -35.780879 
9761 -35.390121 
9804 -32.450981 
9847 -42.428062 
9890 -37.544399 
9933 -37.278091 
9976 -34.276626 
10019 -45.923911 
10062 -35.849347 
10105 -38.725348 
10148 -37.152689 
10191 -40.689965 
10234 -41.800780 
10277 -41.969196 
10320 -38.597355 
10363 -43.299964 
10406 -46.851364 
10449 -39.597526 
10492 -33.816691 
10535 -35.432153 
10578 -34.255421 
10621 -43.314630 
10664 -48.388149 
10707 -45.426741 
10750 -36.291320 
10793 -32.223235 
10836 -27.121226 
10879 -32.287706 
10922 -29.304218 
10965 -35.456233 
11008 -36.985835 
11051 -32.876661 
11094 -27.084609 
11137 -26.596530 
11180 -23.675966 
11223 -27.185162 
11266 -24.581172 
11309 -36.107159 
11352 -29.303555 
11395 -30.054153 
11438 -26.934333 
11481 -38.092116 
11524 -29.457347 
11567 -35.997840 
11610 -32.644734 
11653 -37.572073 
11696 -26.627904 
11739 -34.488123 
11782 -47.746222 
11825 -41.956486 
11868 -33.155114 
11911 -42.746958 
11954 -45.349346 
