7998 -26.315541 
8041 -35.702171 
8084 -36.008964 
8127 -34.763199 
8170 -30.732800 
8213 -37.681640 
8256 -30.938522 
8299 -38.870902 
8342 -49.629385 
8385 -42.766705 
8428 -33.908742 
8471 -42.604450 
8514 -46.181212 
8557 -39.287087 
8600 -33.677529 
8643 -41.436742 
8686 -34.647829 
8729 -38.640563 
8772 -39.186846 
8815 -39.396914 
8858 -29.606535 
8901 -34.271662 
8944 -36.734710 
8987 -43.051245 
9030 -52.532859 
9073 -53.700710 
9116 -42.904045 
9159 -44.228198 
9202 -41.502579 
9245 -47.525457 
9288 -43.552592 
9331 -40.392295 
9374 -34.375272 
9417 -44.963438 
9460 -37.600749 
9503 -41.433461 
9546 -34.645994 
9589 -40.587494 
9632 -49.652403 
9675 -46.272060 
9718 -41.883946 
9761 -48.457740 
9804 -55.823881 
9847 -43.393873 
9890 -36.390815 
9933 -30.961967 
9976 -25.572087 
10019 -31.260119 
10062 -32.142260 
10105 -42.433227 
10148 -31.719963 
10191 -33.077631 
10234 -24.711637 
10277 -33.331797 
10320 -41.055987 
10363 -38.300004 
10406 -29.699891 
10449 -32.397405 
10492 -28.650162 
10535 -40.737031 
10578 -35.640537 
10621 -43.405290 
10664 -31.765947 
10707 -35.397666 
10750 -37.025633 
10793 -41.433948 
10836 -39.674984 
10879 -35.045727 
10922 -26.452665 
10965 -35.813479 
11008 -29.613926 
11051 -31.310243 
11094 -27.954865 
11137 -37.209745 
11180 -41.235731 
11223 -49.551155 
11266 -44.924985 
11309 -39.185964 
11352 -33.133641 
11395 -28.787262 
11438 -23.746711 
11481 -35.390172 
11524 -31.253595 
11567 -39.240263 
11610 -38.626429 
11653 -41.762567 
11696 -40.525370 
11739 -42.011546 
11782 -39.774114 
11825 -43.674716 
11868 -45.220933 
11911 -43.124995 
11954 -37.104417 
