0 -11.785496 
43 -28.218471 
86 -29.034235 
129 -10.249292 
172 -5.677118 
215 -3.002034 
258 -9.203172 
301 -2.214746 
344 -24.843345 
387 -27.711969 
430 -29.209014 
473 -17.987092 
516 -12.016533 
559 -26.260051 
602 -26.232851 
645 -24.088180 
688 -20.993902 
731 -17.140009 
774 -17.626239 
817 -20.277811 
860 -21.720775 
903 -21.636268 
946 -15.760008 
989 -5.169312 
1032 -19.259374 
1075 -26.689188 
1118 -19.731191 
1161 -24.033436 
1204 -27.341806 
1247 -18.981203 
1290 -20.719602 
1333 -15.392073 
1376 -25.608719 
1419 -25.667696 
1462 -19.185092 
1505 -21.768941 
1548 -17.399912 
1591 -24.939906 
1634 -24.121716 
1677 -25.560817 
1720 -15.371332 
1763 -9.356051 
1806 -13.041775 
1849 -18.243882 
1892 -22.740448 
1935 -19.091891 
1978 -23.418708 
2021 -19.080385 
2064 -14.619811 
2107 -17.718727 
2150 -22.264488 
2193 -9.720994 
2236 -11.703705 
2279 0.486522 
2322 -7.836203 
2365 -8.113837 
2408 -12.922955 
2451 -8.652817 
2494 -8.326208 
2537 -16.235643 
2580 -11.941743 
2623 -13.138053 
2666 -8.854621 
2709 -6.388115 
2752 -14.080543 
2795 -8.316396 
2838 -10.803968 
2881 -10.571731 
2924 -6.204811 
2967 -5.777237 
3010 -6.566083 
3053 -19.049803 
3096 1.714729 
3139 -1.373405 
3182 -9.411194 
3225 12.810229 
3268 6.971000 
3311 12.209118 
3354 7.840194 
3397 10.146763 
3440 7.128415 
3483 9.466717 
3526 4.087887 
3569 4.944704 
3612 6.128051 
3655 -7.619352 
3698 8.529333 
3741 6.934923 
3784 5.096127 
3827 4.425047 
3870 7.148600 
3913 -0.289780 
3956 0.266599 
3999 -3.906930 
4042 10.888475 
4085 2.764644 
4128 -1.496147 
4171 -4.900991 
4214 1.803128 
4257 1.373302 
4300 2.919030 
4343 4.420185 
4386 4.716643 
4429 6.848156 
4472 4.575395 
4515 10.731457 
4558 6.488014 
4601 2.748930 
4644 4.131859 
4687 6.430021 
4730 8.913058 
4773 13.691136 
4816 -0.792615 
4859 13.322045 
4902 6.484387 
4945 1.659632 
4988 6.266438 
5031 8.108090 
5074 -0.672137 
5117 1.836560 
5160 2.594727 
5203 0.033288 
5246 2.610712 
5289 3.274389 
5332 -0.030665 
5375 6.299525 
5418 -4.266932 
5461 -9.047939 
5504 -5.481883 
5547 -10.145480 
5590 -6.325059 
5633 -20.904874 
5676 -7.108499 
5719 -11.992367 
5762 -25.924332 
5805 -10.246744 
5848 -4.230322 
5891 -4.131811 
5934 3.146529 
5977 -6.080863 
6020 -17.994060 
6063 -12.226114 
6106 -15.995979 
6149 -4.943009 
6192 -9.542027 
6235 -13.134534 
6278 -26.379847 
6321 -15.398638 
6364 -20.627982 
6407 -25.144583 
6450 -13.644933 
6493 -5.431471 
6536 -4.354139 
6579 -12.300143 
6622 -9.995024 
6665 -10.569587 
6708 -17.027509 
6751 -3.396776 
6794 -9.228896 
6837 -5.659123 
6880 -1.794795 
6923 -4.963001 
6966 -8.724989 
7009 -8.363607 
7052 -20.735170 
7095 -31.385745 
7138 -7.635473 
7181 -17.603938 
7224 -19.105503 
7267 -19.184528 
7310 -21.219648 
7353 -14.206548 
7396 -14.218778 
7439 -14.210807 
7482 -17.805270 
7525 -18.592407 
7568 -16.894368 
7611 -17.481851 
7654 -19.295887 
7697 -25.123138 
7740 -22.984594 
7783 -20.447224 
7826 -17.738965 
7869 -14.105718 
7912 -17.049089 
7955 -16.030473 
7998 -19.524553 
8041 -20.994101 
8084 -24.222143 
8127 -26.683394 
8170 -29.824252 
8213 -36.360955 
8256 -31.810888 
8299 -33.898283 
8342 -26.085896 
8385 -18.673157 
8428 -22.168794 
8471 -31.015093 
8514 -29.492787 
8557 -17.045147 
8600 -22.248204 
8643 -26.914730 
8686 -0.284203 
8729 -19.254152 
8772 -25.381601 
8815 -27.600975 
8858 -19.829924 
8901 -19.616455 
8944 -19.640100 
8987 -20.018177 
9030 -18.267175 
9073 -33.333420 
9116 -32.175409 
9159 -14.554697 
9202 -14.025135 
9245 -15.988605 
9288 -21.384319 
9331 -18.761774 
9374 -24.324380 
9417 -26.719849 
9460 -35.342469 
9503 -23.683809 
9546 -25.442785 
9589 -24.030709 
9632 -25.687547 
9675 -26.266298 
9718 -30.612481 
9761 -29.859419 
9804 -31.507373 
9847 -31.148174 
9890 -24.635898 
9933 -17.429889 
9976 -17.188808 
10019 -24.272666 
10062 -25.000753 
10105 -21.332334 
10148 -16.309751 
10191 -25.801381 
10234 -26.721055 
10277 -29.354224 
10320 -30.916715 
10363 -24.714965 
10406 -25.855891 
10449 -20.909694 
10492 -26.126204 
10535 -40.747638 
10578 -29.097035 
10621 -22.307601 
10664 -9.900020 
10707 -11.053423 
10750 -24.525818 
10793 -31.162430 
10836 -33.736685 
10879 -24.310791 
10922 -4.107126 
10965 -24.096351 
11008 -25.664984 
11051 -25.492165 
11094 -20.736427 
11137 -21.282648 
11180 -42.732822 
11223 -52.086413 
11266 -37.847716 
11309 -29.381925 
11352 -29.751792 
11395 -24.047741 
11438 -20.739805 
11481 -23.720891 
11524 -16.098127 
11567 -25.081161 
11610 -26.172710 
11653 -16.782223 
11696 -20.408152 
11739 -14.044512 
11782 -20.183696 
11825 -13.868463 
11868 -7.853285 
11911 -14.798532 
11954 -19.409956 
11997 -13.459172 
12040 -16.397275 
12083 -10.768084 
12126 -23.703948 
12169 -23.722736 
12212 -18.680490 
12255 -18.635223 
12298 -26.619472 
12341 -27.104989 
12384 -31.012999 
12427 -27.206543 
12470 -24.217756 
12513 -11.233834 
12556 -33.010414 
12599 -21.129662 
12642 -17.802444 
12685 -18.829727 
12728 -19.182499 
12771 -22.198889 
12814 -25.169929 
12857 -29.794251 
12900 -26.509372 
12943 -13.318853 
12986 -21.558722 
13029 -39.507174 
13072 -38.027758 
13115 -34.881284 
13158 -35.722289 
13201 -40.287673 
13244 -32.691123 
13287 -32.554080 
13330 -30.040129 
13373 -21.628964 
13416 -29.220443 
13459 -33.478974 
13502 -21.797818 
13545 -36.059526 
13588 -24.871678 
13631 -29.810646 
13674 -32.862720 
13717 -31.343907 
13760 -26.163628 
13803 -32.944988 
13846 -39.304330 
13889 -42.207336 
13932 -47.840027 
13975 -37.893145 
14018 -39.235887 
14061 -32.857572 
14104 -31.628272 
14147 -32.877461 
14190 -34.884638 
14233 -32.772507 
14276 -18.081716 
14319 -19.864970 
14362 -28.549750 
14405 -49.031921 
14448 -31.945902 
14491 -35.399328 
14534 -31.630031 
14577 -31.071556 
14620 -31.560055 
14663 -48.031514 
14706 -42.845693 
14749 -38.432390 
14792 -26.292395 
14835 -33.615977 
14878 -41.947261 
14921 -41.083831 
14964 -32.147409 
