0 -21.277982 
43 -22.901552 
86 -22.680483 
129 -12.735827 
172 -6.973074 
215 -7.923625 
258 -9.326536 
301 -12.607124 
344 -29.202635 
387 -20.702149 
430 -20.793469 
473 -20.594010 
516 -6.070438 
559 -23.237828 
602 -32.573352 
645 -21.039141 
688 -23.736584 
731 -20.692317 
774 -19.688309 
817 -24.359753 
860 -24.983778 
903 -18.933709 
946 -16.485816 
989 -40.814467 
1032 -17.530126 
1075 -20.524874 
1118 -18.166891 
1161 -16.951645 
1204 -11.333245 
1247 -25.291733 
1290 -24.142009 
1333 -27.176015 
1376 -25.650575 
1419 -28.126919 
1462 -25.584983 
1505 -18.753891 
1548 -17.929116 
1591 -17.560855 
1634 -16.940985 
1677 -20.827276 
1720 -19.494908 
1763 -22.116135 
1806 -25.082115 
1849 -25.091037 
1892 -27.373681 
1935 -34.211616 
1978 -27.222524 
2021 -28.528389 
2064 -18.691104 
2107 -15.041110 
2150 -12.673267 
2193 -17.382744 
2236 -12.919847 
2279 -15.968833 
2322 -24.032256 
2365 -23.651506 
2408 -9.840692 
2451 -14.602403 
2494 -12.716608 
2537 -9.644181 
2580 -10.675848 
2623 -8.773862 
2666 -11.307254 
2709 -15.391452 
2752 1.257858 
2795 -18.388075 
2838 -5.153362 
2881 -9.581463 
2924 -3.952726 
2967 -5.174716 
3010 -5.679777 
3053 -0.596538 
3096 -3.499323 
3139 -6.198935 
3182 -1.505227 
3225 -12.320220 
3268 1.479552 
3311 -1.178592 
3354 -3.038469 
3397 -7.002600 
3440 -9.851534 
3483 -5.636625 
3526 -3.828093 
3569 -15.471291 
3612 -5.244327 
3655 -2.982303 
3698 2.555539 
3741 8.431046 
3784 0.308121 
3827 -6.423218 
3870 -1.705580 
3913 -4.274201 
3956 -3.546260 
3999 -1.823452 
4042 1.593946 
4085 -4.842806 
4128 -6.933786 
4171 -3.819230 
4214 -0.535754 
4257 0.111135 
4300 0.185450 
4343 0.166377 
4386 -0.374954 
4429 2.406183 
4472 -0.248537 
4515 -4.831827 
4558 1.517567 
4601 2.820374 
4644 -11.572619 
4687 -6.293804 
4730 11.829384 
4773 -5.397055 
4816 -9.290844 
4859 -6.878742 
4902 -9.693279 
4945 -13.881010 
4988 -6.513546 
5031 -32.660464 
5074 -17.365538 
5117 -16.746652 
5160 -17.085227 
5203 -13.219393 
5246 -20.566889 
5289 -16.317514 
5332 -24.315202 
5375 -14.858738 
5418 -13.720285 
5461 -11.838356 
5504 -7.549159 
5547 -25.722607 
5590 -24.263629 
5633 -18.460316 
5676 -29.188560 
5719 -19.128688 
5762 -16.662154 
5805 -18.433475 
5848 -19.830542 
5891 -9.144493 
5934 -4.211343 
5977 -19.058990 
6020 -20.066109 
6063 -21.119450 
6106 -17.608528 
6149 -12.546871 
6192 -5.975896 
6235 -12.791305 
6278 -11.140602 
6321 -10.813266 
6364 -10.407229 
6407 -8.535460 
6450 -8.996362 
6493 -15.980572 
6536 -4.016042 
6579 -7.211869 
6622 -10.607485 
6665 -1.624841 
6708 7.299085 
6751 -5.705506 
6794 -13.685897 
6837 -11.522019 
6880 -17.493062 
6923 -7.864885 
6966 -2.465840 
7009 -7.737134 
7052 -10.164480 
7095 -13.346879 
7138 -1.364543 
7181 -15.583182 
7224 -28.317635 
7267 -6.579564 
7310 4.802412 
7353 -17.204692 
7396 -8.695902 
7439 0.405096 
7482 -0.973843 
7525 -11.808072 
7568 -6.967222 
7611 -7.124786 
7654 -5.917048 
7697 -12.659096 
7740 -7.957681 
7783 -1.546478 
7826 -10.882369 
7869 -13.088532 
7912 -3.329178 
7955 0.782220 
7998 -9.679019 
8041 -12.004490 
8084 -12.745107 
8127 -21.600453 
8170 -0.397456 
8213 -5.008800 
8256 -4.097655 
8299 5.929559 
8342 -19.327479 
8385 0.112097 
8428 -10.545914 
8471 7.203006 
8514 -21.005671 
8557 -17.357144 
8600 -12.914202 
8643 -12.591691 
8686 -13.204008 
8729 -17.329414 
8772 -4.118122 
8815 -19.216745 
8858 -22.313810 
8901 -29.272526 
8944 -25.912283 
8987 -7.654036 
9030 -3.659866 
9073 -12.103333 
9116 -28.828457 
9159 -13.492458 
9202 -2.350384 
9245 -16.394175 
9288 -3.347184 
9331 -5.916168 
9374 -11.220107 
9417 -6.482545 
9460 -3.346194 
9503 -11.356566 
9546 -6.710453 
9589 10.625187 
9632 9.742172 
9675 5.835239 
9718 -6.889318 
9761 -1.937830 
9804 -2.501430 
9847 0.269446 
9890 8.378744 
9933 5.504785 
9976 0.779866 
10019 10.582433 
10062 6.267537 
10105 -3.205010 
10148 -9.945818 
10191 -4.970511 
10234 1.303112 
10277 -3.619418 
10320 -9.513992 
10363 -8.318470 
10406 -5.761743 
10449 -3.185071 
10492 1.357218 
10535 -1.430307 
10578 -0.580929 
10621 2.462996 
10664 2.658009 
10707 2.599794 
10750 2.678891 
10793 2.731034 
10836 1.389845 
10879 -1.536989 
10922 -12.156991 
10965 -27.250070 
11008 -22.606933 
11051 -5.993510 
11094 -4.364298 
11137 -1.405752 
11180 9.922488 
11223 -16.096410 
11266 -12.882615 
11309 -12.292180 
11352 -10.071399 
11395 5.410174 
11438 -4.924733 
11481 -1.148328 
11524 -5.792625 
11567 -3.490138 
11610 -10.238342 
11653 5.973223 
11696 0.088429 
11739 -2.610101 
11782 -10.519248 
11825 -17.817657 
11868 -10.305515 
11911 -16.375718 
11954 -18.896842 
11997 -9.036964 
12040 -21.774851 
12083 -27.955854 
12126 2.941323 
12169 -13.644120 
12212 -17.032659 
12255 -11.802155 
12298 -14.618365 
12341 -15.215318 
12384 -33.362976 
12427 -25.895258 
12470 -23.526671 
12513 -25.428268 
12556 -20.320974 
12599 -22.991330 
12642 -30.535458 
12685 -26.345253 
12728 -18.576995 
12771 -34.973969 
12814 -40.643598 
12857 -23.183956 
12900 -13.095295 
12943 -7.184271 
12986 -12.591862 
13029 -23.247385 
13072 -20.680022 
13115 -23.372754 
13158 -27.731114 
13201 -28.620195 
13244 -28.540778 
13287 -18.919296 
13330 -10.712831 
13373 -5.369437 
13416 -16.920727 
13459 -8.258268 
13502 -24.039993 
13545 -17.588683 
13588 -11.175413 
13631 -16.247211 
13674 -35.342400 
13717 -16.275554 
13760 -24.970159 
13803 -13.817771 
13846 -24.314554 
13889 -23.965503 
13932 -19.658604 
13975 -16.954021 
14018 -28.811870 
14061 -26.117044 
14104 -34.013087 
14147 -32.765615 
14190 -30.955752 
14233 -41.863991 
14276 -30.932368 
14319 -28.717775 
14362 -26.102970 
14405 -25.536177 
14448 -19.043071 
14491 -22.406189 
14534 -23.658220 
14577 -26.488410 
14620 -28.616694 
14663 -31.156192 
14706 -42.432692 
14749 -37.585602 
14792 -28.272393 
14835 -40.678580 
14878 -36.236953 
14921 -47.538686 
14964 -32.152602 
