7998 3.450978 
8041 2.774788 
8084 1.063813 
8127 4.222579 
8170 3.163107 
8213 3.551772 
8256 7.816946 
8299 6.824222 
8342 7.419101 
8385 7.716147 
8428 2.408879 
8471 6.471676 
8514 5.395556 
8557 2.055923 
8600 0.818255 
8643 -2.641069 
8686 3.660173 
8729 3.606749 
8772 5.302983 
8815 3.900945 
8858 2.229441 
8901 4.592153 
8944 5.664732 
8987 3.348937 
9030 3.499417 
9073 4.002468 
9116 2.240030 
9159 -2.125238 
9202 -9.334672 
9245 -11.777556 
9288 -0.849461 
9331 -2.904215 
9374 -3.843214 
9417 -4.612622 
9460 -5.213341 
9503 -5.579296 
9546 -5.694948 
9589 -2.137426 
9632 -3.960928 
9675 0.166009 
9718 1.007103 
9761 -5.906529 
9804 -5.784076 
9847 -8.705412 
9890 2.455618 
9933 7.101917 
9976 6.116931 
10019 7.823685 
10062 4.791088 
10105 0.667775 
10148 3.210231 
10191 7.916893 
10234 14.003221 
10277 15.029756 
10320 7.562996 
10363 7.251192 
10406 6.960866 
10449 5.761041 
10492 5.738281 
10535 5.662988 
10578 5.167498 
10621 7.619512 
10664 7.947562 
10707 1.196061 
10750 -1.250370 
10793 3.620102 
10836 3.379330 
10879 5.098234 
10922 4.270528 
10965 3.230638 
11008 -5.459483 
11051 -0.795165 
11094 1.254351 
11137 2.023032 
11180 2.121180 
11223 1.278128 
11266 -1.012101 
11309 -0.596419 
11352 -0.341877 
11395 -0.047313 
11438 0.743157 
11481 -5.207101 
11524 -3.556834 
11567 -4.486345 
11610 -3.270786 
11653 -4.341036 
11696 1.427046 
11739 -0.507504 
11782 -1.060878 
11825 -2.430385 
11868 -2.332199 
11911 -0.565943 
11954 -0.497169 
11997 -0.314166 
12040 -16.083617 
12083 -16.631325 
12126 -0.771043 
12169 -0.632697 
12212 -6.924050 
12255 -8.313016 
12298 -8.399879 
12341 -2.503646 
12384 -23.938465 
12427 -21.957687 
12470 -22.043032 
12513 -24.186718 
12556 -15.142080 
12599 -7.344058 
12642 -5.681067 
12685 -6.146143 
12728 -8.112187 
12771 -29.278700 
12814 -8.179031 
12857 9.630846 
12900 2.780095 
12943 -0.382287 
12986 -0.824417 
13029 2.009666 
13072 -3.466409 
13115 -0.402023 
13158 5.117715 
13201 7.220218 
13244 6.543704 
13287 4.790889 
13330 11.156574 
13373 15.806193 
13416 9.727297 
13459 12.971205 
13502 14.796568 
13545 14.569516 
13588 14.069733 
13631 14.885592 
13674 12.710707 
13717 19.567055 
13760 18.027341 
13803 19.915031 
13846 22.277919 
13889 19.067074 
13932 23.773922 
13975 20.181203 
14018 20.612925 
14061 15.884496 
14104 14.291780 
14147 12.452468 
14190 12.570057 
14233 17.200479 
14276 23.721001 
14319 31.481525 
14362 25.679737 
14405 13.591748 
14448 17.140323 
14491 9.537182 
14534 15.709515 
14577 15.092117 
14620 22.963072 
14663 12.256072 
14706 14.468669 
14749 12.826518 
14792 9.644899 
14835 12.426380 
14878 25.208231 
14921 11.589326 
14964 7.017066 
