0 -8.380289 
43 -33.591756 
86 -31.145319 
129 -13.620835 
172 -6.164648 
215 -7.539682 
258 -6.029687 
301 -11.468903 
344 -27.941715 
387 -21.981212 
430 -18.602820 
473 -8.270578 
516 -14.667251 
559 -12.929194 
602 -17.884945 
645 -20.318972 
688 -22.308663 
731 -25.032261 
774 -38.865809 
817 -24.441120 
860 -30.179579 
903 -31.663868 
946 -26.297192 
989 -31.021686 
1032 -18.515384 
1075 -20.972809 
1118 -19.356662 
1161 -22.111473 
1204 -23.467161 
1247 -18.662898 
1290 -24.471821 
1333 -38.542707 
1376 -23.063579 
1419 -17.967818 
1462 -23.817413 
1505 -14.214495 
1548 -12.462582 
1591 -8.363903 
1634 -40.259094 
1677 -35.046130 
1720 -29.404458 
1763 -39.711894 
1806 -21.991820 
1849 -9.630338 
1892 -18.869583 
1935 -19.670041 
1978 -22.155257 
2021 -17.450324 
2064 -17.859972 
2107 -12.721322 
2150 -12.625885 
2193 -26.114820 
2236 -14.848465 
2279 -12.294363 
2322 -15.243441 
2365 -11.730210 
2408 -11.279726 
2451 -7.007620 
2494 -14.623539 
2537 -17.250548 
2580 -10.236832 
2623 -1.421668 
2666 -5.500125 
2709 -6.768783 
2752 -4.477888 
2795 -9.987695 
2838 -11.102376 
2881 -1.804404 
2924 -9.742817 
2967 14.726200 
3010 -5.307795 
3053 -0.525321 
3096 -0.809959 
3139 4.859702 
3182 1.074345 
3225 -2.408581 
3268 3.211990 
3311 -7.279892 
3354 2.491436 
3397 -12.590540 
3440 4.063124 
3483 4.094896 
3526 1.914031 
3569 -1.322555 
3612 -0.958644 
3655 -12.819610 
3698 -4.363857 
3741 10.563768 
3784 4.535045 
3827 0.210594 
3870 -8.438443 
3913 -14.701530 
3956 -4.148936 
3999 -10.667243 
4042 -2.403566 
4085 -0.676715 
4128 -0.201852 
4171 -0.864994 
4214 3.487828 
4257 -0.064561 
4300 -2.957150 
4343 1.366026 
4386 -26.583958 
4429 -19.191658 
4472 -12.329518 
4515 -5.896125 
4558 -5.016968 
4601 -2.183455 
4644 1.415627 
4687 -0.961428 
4730 -11.333458 
4773 -16.250524 
4816 -8.326677 
4859 -11.906732 
4902 -8.695199 
4945 -9.395074 
4988 -8.426388 
5031 -9.331758 
5074 -8.308121 
5117 -3.914270 
5160 -0.665781 
5203 -9.462899 
5246 -20.257189 
5289 -22.348045 
5332 -16.325092 
5375 -21.803244 
5418 -22.374246 
5461 -5.231864 
5504 -7.320514 
5547 -7.040740 
5590 -28.185988 
5633 -25.785529 
5676 -23.073688 
5719 -14.180192 
5762 -5.577575 
5805 -18.855594 
5848 -21.118878 
5891 -23.239743 
5934 -41.364281 
5977 -30.409693 
6020 -16.557788 
6063 -10.717935 
6106 -9.584873 
6149 -21.913948 
6192 -11.558457 
6235 -14.932403 
6278 -24.563398 
6321 -12.099182 
6364 -7.112922 
6407 -12.681884 
6450 -32.392945 
6493 7.294194 
6536 -6.079879 
6579 -13.074290 
6622 -22.037365 
6665 -11.265065 
6708 -15.362435 
6751 -16.466622 
6794 -14.498487 
6837 -17.477024 
6880 -8.106396 
6923 -8.927430 
6966 -10.753702 
7009 -11.753881 
7052 -9.313417 
7095 -12.870731 
7138 -14.058129 
7181 -9.159547 
7224 -2.491367 
7267 5.984335 
7310 -38.005583 
7353 -5.290683 
7396 -1.489902 
7439 -4.590598 
7482 -0.719777 
7525 -10.838579 
7568 -10.971592 
7611 -7.146765 
7654 -3.939607 
7697 -15.631312 
7740 -18.291352 
7783 -8.823582 
7826 -11.061428 
7869 -9.488042 
7912 6.751022 
7955 0.780070 
7998 -17.450276 
8041 -5.103554 
8084 -9.782740 
8127 -19.623155 
8170 6.759916 
8213 -2.316697 
8256 -11.390943 
8299 -1.583678 
8342 -11.964385 
8385 -5.673577 
8428 6.805476 
8471 -7.051508 
8514 -15.587756 
8557 -4.325795 
8600 -11.416201 
8643 -2.686901 
8686 -4.518162 
8729 -7.375870 
8772 -12.109281 
8815 -11.757310 
8858 -24.162612 
8901 -14.222293 
8944 -10.920282 
8987 -0.788027 
9030 7.020573 
9073 -5.963840 
9116 -20.918647 
9159 -15.046886 
9202 -16.326685 
9245 -14.491559 
9288 -11.301700 
9331 2.372779 
9374 3.408351 
9417 -5.666190 
9460 -4.762351 
9503 -0.504019 
9546 9.271117 
9589 -2.704332 
9632 -5.047663 
9675 0.335436 
9718 -34.165180 
9761 -12.037356 
9804 0.352798 
9847 1.133497 
9890 3.459413 
9933 11.179082 
9976 0.329942 
10019 -6.819067 
10062 -18.013328 
10105 -11.420252 
10148 -11.211336 
10191 0.027387 
10234 8.389520 
10277 -14.748859 
10320 -20.079936 
10363 -28.686825 
10406 -13.162469 
10449 -10.002250 
10492 -13.406181 
10535 -5.430275 
10578 -7.992498 
10621 -2.499597 
10664 -5.410872 
10707 -6.734530 
10750 -2.571322 
10793 -2.623388 
10836 -9.023833 
10879 -9.153501 
10922 -12.942182 
10965 -17.212906 
11008 -17.610591 
11051 -8.531871 
11094 -19.100066 
11137 -7.237262 
11180 -4.270125 
11223 -11.018382 
11266 -15.370076 
11309 -6.398040 
11352 -6.787586 
11395 11.877286 
11438 -2.229948 
11481 -15.988803 
11524 -4.391092 
11567 -10.004463 
11610 2.355710 
11653 -4.311069 
11696 -11.467120 
11739 -3.998407 
11782 -3.714072 
11825 -10.183839 
11868 -15.966301 
11911 -6.659203 
11954 -8.131842 
11997 -8.433583 
12040 -7.041811 
12083 -7.591338 
12126 -6.556251 
12169 -10.745596 
12212 -12.703408 
12255 -17.738961 
12298 -2.528472 
12341 -3.022748 
12384 -7.139570 
12427 -4.327674 
12470 -8.715130 
12513 -9.906450 
12556 -35.290702 
12599 -33.257087 
12642 -32.224263 
12685 -17.709202 
12728 -1.029455 
12771 -4.302194 
12814 -15.060024 
12857 -11.009063 
12900 -16.601653 
12943 -7.579605 
12986 -23.706022 
13029 -13.846815 
13072 -16.310711 
13115 -20.289533 
13158 -27.811851 
13201 -27.700307 
13244 -25.929342 
13287 -20.450239 
13330 -7.864513 
13373 -15.060646 
13416 -43.815233 
13459 -38.899853 
13502 -47.529552 
13545 -21.978645 
13588 -17.190715 
13631 -14.788276 
13674 -22.827401 
13717 -32.267615 
13760 -25.795198 
13803 -28.982721 
13846 -22.901965 
13889 -20.667720 
13932 -19.224795 
13975 -22.950945 
14018 -26.452401 
14061 -30.240327 
14104 -28.870584 
14147 -31.833388 
14190 -20.401465 
14233 -22.511437 
14276 -25.552668 
14319 -31.635917 
14362 -25.879469 
14405 -28.343074 
14448 -32.269293 
14491 -26.990703 
14534 -29.926207 
14577 -23.886217 
14620 -35.675645 
14663 -35.035311 
14706 -29.592690 
14749 -31.479131 
14792 -33.154598 
14835 -24.917682 
14878 -41.799393 
14921 -32.054522 
14964 -25.840681 
