0 -17.862737 
43 -23.906809 
86 -24.397390 
129 -0.434819 
172 -1.864426 
215 2.061544 
258 -7.212999 
301 -12.515148 
344 -33.740298 
387 -25.867086 
430 -28.019707 
473 -29.525036 
516 -31.432570 
559 -31.103097 
602 -22.452309 
645 -23.646460 
688 -28.492643 
731 -23.978326 
774 -22.012045 
817 -19.376994 
860 -22.328417 
903 -21.651612 
946 -15.293975 
989 -17.708418 
1032 -21.450828 
1075 -19.338746 
1118 -17.022959 
1161 -32.823165 
1204 -24.702184 
1247 -21.404505 
1290 -21.403861 
1333 -21.561457 
1376 -20.608484 
1419 -22.094159 
1462 -21.599942 
1505 -21.659146 
1548 -20.852471 
1591 -20.694682 
1634 -18.288486 
1677 -20.436193 
1720 -28.054115 
1763 -20.553118 
1806 -20.036099 
1849 -18.999877 
1892 -24.461464 
1935 -28.967726 
1978 -20.514694 
2021 -18.620796 
2064 -16.577609 
2107 -16.481341 
2150 -15.861468 
2193 -15.666436 
2236 -10.596229 
2279 -8.416840 
2322 -9.381011 
2365 -4.887730 
2408 -11.048787 
2451 -8.933798 
2494 -8.460203 
2537 -7.736946 
2580 -7.822501 
2623 -12.229187 
2666 -2.639716 
2709 4.860634 
2752 -3.036887 
2795 -5.062412 
2838 -3.596593 
2881 -3.936556 
2924 -6.293662 
2967 -4.716306 
3010 -4.113653 
3053 -7.034162 
3096 -0.600921 
3139 -4.911187 
3182 -4.624682 
3225 -5.377756 
3268 -10.748651 
3311 -9.571246 
3354 0.656455 
3397 -3.503823 
3440 -13.168924 
3483 -0.552639 
3526 2.716261 
3569 -1.290725 
3612 -1.941732 
3655 0.032454 
3698 2.720142 
3741 -3.508931 
3784 -12.634408 
3827 -6.234364 
3870 0.870661 
3913 -3.827945 
3956 -3.551030 
3999 -3.565823 
4042 -5.730723 
4085 -10.537132 
4128 -1.521727 
4171 2.419266 
4214 -1.106580 
4257 -4.319375 
4300 2.471785 
4343 1.403483 
4386 -12.121377 
4429 -10.765157 
4472 -6.843292 
4515 -3.738690 
4558 -0.740524 
4601 -0.821306 
4644 3.633348 
4687 4.399916 
4730 -1.060822 
4773 3.436982 
4816 6.966521 
4859 3.126360 
4902 1.954325 
4945 1.178948 
4988 0.963326 
5031 -1.952302 
5074 -2.365855 
5117 -0.921521 
5160 14.172406 
5203 4.895254 
5246 3.185450 
5289 7.531744 
5332 -11.060396 
5375 -1.379696 
5418 -2.422806 
5461 -3.395975 
5504 -9.895972 
5547 -4.990176 
5590 -1.740451 
5633 2.538277 
5676 -1.174998 
5719 -4.586331 
5762 -4.912103 
5805 -6.883360 
5848 -15.064515 
5891 -12.239490 
5934 -2.510690 
5977 3.657002 
6020 -22.787335 
6063 -12.476990 
6106 -7.439885 
6149 -1.101755 
6192 -15.514053 
6235 -20.921238 
6278 -24.719140 
6321 -25.365730 
6364 -17.690269 
6407 -24.798105 
6450 -55.362668 
6493 -26.914839 
6536 -22.211113 
6579 -10.820091 
6622 -11.702983 
6665 -20.188407 
6708 -26.750058 
6751 -23.093676 
6794 -14.013129 
6837 -12.405180 
6880 -14.383914 
6923 -18.505396 
6966 -19.409092 
7009 -17.711510 
7052 10.582315 
7095 -4.867113 
7138 -7.950926 
7181 -13.525990 
7224 -8.179127 
7267 -12.751666 
7310 -16.664327 
7353 -10.577967 
7396 -9.244068 
7439 -19.578238 
7482 -24.598415 
7525 -23.634430 
7568 -13.648107 
7611 -9.022771 
7654 -10.175197 
7697 -12.515730 
7740 -11.475352 
7783 -7.303320 
7826 -14.709185 
7869 -15.092236 
7912 -17.155314 
7955 -26.531939 
7998 -20.704950 
8041 -25.852001 
8084 -18.833897 
8127 -17.800029 
8170 -27.594078 
8213 -16.455800 
8256 -14.418202 
8299 -16.720871 
8342 -16.514133 
8385 -8.338429 
8428 -24.466772 
8471 -19.284834 
8514 -13.865763 
8557 -21.242690 
8600 -25.246211 
8643 -26.459368 
8686 -20.049162 
8729 -33.368776 
8772 -39.372524 
8815 -41.451610 
8858 -35.647137 
8901 -20.169161 
8944 -20.357595 
8987 -24.854968 
9030 -30.355044 
9073 -29.528227 
9116 -33.486939 
9159 -29.790773 
9202 -29.912177 
9245 -31.740656 
9288 -49.203529 
9331 -33.983199 
9374 -32.227767 
9417 -37.936762 
9460 -45.885987 
9503 -22.522430 
9546 -20.425903 
9589 -24.639093 
9632 -28.070899 
9675 -12.690484 
9718 -26.989308 
9761 -7.616597 
9804 -21.477411 
9847 -25.189154 
9890 -25.978144 
9933 -26.432279 
9976 -27.252541 
10019 -25.975427 
10062 -9.089073 
10105 -20.908554 
10148 -38.982284 
10191 -21.638322 
10234 -19.603406 
10277 -16.761880 
10320 -12.432639 
10363 18.883064 
10406 -14.907939 
10449 -20.912580 
10492 -22.922569 
10535 -22.936405 
10578 -12.299155 
10621 -30.133645 
10664 -19.206172 
10707 -30.409243 
10750 -31.436479 
10793 -30.978023 
10836 -22.402626 
10879 -13.171975 
10922 -16.880695 
10965 -17.113211 
11008 -20.349519 
11051 -26.098091 
11094 -24.008863 
11137 -17.885756 
11180 -12.479539 
11223 -17.108749 
11266 -16.173818 
11309 -41.321115 
11352 -10.913623 
11395 -12.829782 
11438 -4.055898 
11481 -9.119369 
11524 -43.187207 
11567 -20.868394 
11610 -17.828102 
11653 -20.571071 
11696 -11.055911 
11739 -0.309883 
11782 -6.673425 
11825 -7.560549 
11868 -7.462645 
11911 -7.626672 
11954 -9.278902 
11997 -7.427821 
12040 -24.151698 
12083 -1.437675 
12126 -22.899259 
12169 -19.873309 
12212 -4.945203 
12255 -15.274116 
12298 -18.130179 
12341 -17.405170 
12384 -20.807007 
12427 -22.081806 
12470 -23.944468 
12513 -32.381295 
12556 -17.287689 
12599 -24.104160 
12642 -36.639640 
12685 -27.703425 
12728 -22.711039 
12771 -20.064288 
12814 -16.926735 
12857 -24.528131 
12900 -42.664439 
12943 -42.329883 
12986 -38.112387 
13029 -29.356584 
13072 -19.781937 
13115 -14.073043 
13158 -23.785064 
13201 -23.047849 
13244 -29.500741 
13287 -24.124506 
13330 -17.962198 
13373 -20.760831 
13416 -43.421302 
13459 -18.768959 
13502 -23.533897 
13545 -27.229847 
13588 -32.009404 
13631 -19.550941 
13674 -24.975951 
13717 -28.179415 
13760 -18.874486 
13803 -13.771657 
13846 -14.518747 
13889 -36.189739 
13932 -26.032603 
13975 -25.873054 
14018 -44.384951 
14061 -30.063061 
14104 -29.562033 
14147 -28.150049 
14190 -32.613011 
14233 -17.254184 
14276 -31.779425 
14319 -46.599884 
14362 -38.774289 
14405 -33.325016 
14448 -34.779498 
14491 -41.513992 
14534 -43.469227 
14577 -37.106082 
14620 -19.711361 
14663 -24.236886 
14706 -53.008806 
14749 -36.514863 
14792 -33.184995 
14835 -14.027334 
14878 -26.340350 
14921 -31.826012 
14964 -34.743962 
