7998 -19.238143 
8041 -23.796308 
8084 -19.934368 
8127 -32.454087 
8170 -25.299507 
8213 -26.663610 
8256 -21.713616 
8299 -25.811946 
8342 -24.237607 
8385 -23.924785 
8428 -21.279244 
8471 -25.789745 
8514 -29.295982 
8557 -29.764127 
8600 -25.224305 
8643 -25.750097 
8686 -22.829041 
8729 -31.587257 
8772 -17.919470 
8815 -27.936841 
8858 -29.405291 
8901 -27.551133 
8944 -21.436870 
8987 -30.319811 
9030 -25.802149 
9073 -39.454432 
9116 -31.353821 
9159 -31.869190 
9202 -29.448788 
9245 -29.057955 
9288 -25.311257 
9331 -34.020834 
9374 -35.516753 
9417 -30.608352 
9460 -25.026247 
9503 -28.273658 
9546 -24.753137 
9589 -41.915979 
9632 -26.059899 
9675 -28.546485 
9718 -22.559168 
9761 -26.994864 
9804 -27.763181 
9847 -25.180545 
9890 -20.550200 
9933 -26.395987 
9976 -30.617626 
10019 -42.670777 
10062 -34.228377 
10105 -24.766851 
10148 -19.452272 
10191 -25.447513 
10234 -22.757841 
10277 -25.457402 
10320 -25.207845 
10363 -29.823902 
10406 -20.074982 
10449 -27.703881 
10492 -21.802417 
10535 -27.793705 
10578 -34.346967 
10621 -35.433956 
10664 -26.414756 
10707 -24.773432 
10750 -20.966294 
10793 -24.506389 
10836 -25.677459 
10879 -35.005748 
10922 -29.634160 
10965 -29.548527 
11008 -20.303889 
11051 -26.539931 
11094 -35.728457 
11137 -30.358143 
11180 -22.030105 
11223 -30.192129 
11266 -26.850846 
11309 -49.310148 
11352 -27.652515 
11395 -37.198852 
11438 -41.060704 
11481 -35.945934 
11524 -29.924093 
11567 -33.553497 
11610 -32.072633 
11653 -35.854763 
11696 -37.253655 
11739 -44.557974 
11782 -61.747135 
11825 -53.392581 
11868 -48.935661 
11911 -57.551690 
11954 -44.800788 
