0 -16.950789 
43 -10.139047 
86 -13.440157 
129 -6.740416 
172 -7.398244 
215 -8.332235 
258 -10.888827 
301 -12.580320 
344 -14.606048 
387 -22.860755 
430 -26.002895 
473 -30.286295 
516 -28.163804 
559 -31.085557 
602 -26.718002 
645 -23.046482 
688 -20.730687 
731 -18.999100 
774 -19.154606 
817 -23.590720 
860 -28.140496 
903 -19.646371 
946 -14.011382 
989 -22.417861 
1032 -18.033228 
1075 -21.620393 
1118 -11.645049 
1161 -17.138298 
1204 -20.396514 
1247 -16.831137 
1290 -23.836334 
1333 -18.200727 
1376 -22.617857 
1419 -7.915721 
1462 -22.319849 
1505 -24.765825 
1548 -21.404125 
1591 -17.622137 
1634 -18.963801 
1677 -16.821013 
1720 -16.727866 
1763 -26.290747 
1806 -21.595449 
1849 -23.806754 
1892 -40.721567 
1935 -27.617677 
1978 -21.044549 
2021 -24.146096 
2064 -20.044906 
2107 -5.703815 
2150 -21.825065 
2193 -21.132805 
2236 -14.455135 
2279 -13.499053 
2322 -19.679100 
2365 -17.019385 
2408 -12.640022 
2451 -8.741566 
2494 -7.934838 
2537 -7.217364 
2580 -4.505036 
2623 3.917881 
2666 -6.581171 
2709 -5.508939 
2752 -9.791424 
2795 -8.490256 
2838 -0.446639 
2881 0.564259 
2924 -1.847956 
2967 -8.271839 
3010 -3.372449 
3053 20.920443 
3096 -0.659112 
3139 0.173966 
3182 -1.034730 
3225 -2.146328 
3268 1.945427 
3311 -4.956704 
3354 -0.409968 
3397 -2.329581 
3440 1.676496 
3483 -4.799825 
3526 -9.516264 
3569 -10.811699 
3612 -15.605728 
3655 -1.895393 
3698 -1.120306 
3741 -3.279443 
3784 -9.994688 
3827 -5.765195 
3870 -0.172985 
3913 5.151080 
3956 10.409250 
3999 9.421400 
4042 6.385096 
4085 0.914161 
4128 0.224277 
4171 5.296756 
4214 -1.971733 
4257 -0.462033 
4300 1.672794 
4343 8.533761 
4386 -9.344075 
4429 -7.575402 
4472 -6.569004 
4515 -4.257747 
4558 -5.790314 
4601 -14.397174 
4644 -3.973952 
4687 -0.445219 
4730 -6.531858 
4773 -10.047055 
4816 4.646181 
4859 -3.735065 
4902 2.583852 
4945 -2.390253 
4988 4.141418 
5031 -15.016388 
5074 -7.379690 
5117 -8.131083 
5160 2.061867 
5203 -1.065743 
5246 -7.150824 
5289 -6.395324 
5332 -1.686627 
5375 -4.012737 
5418 -2.894085 
5461 -4.064650 
5504 -3.799851 
5547 -0.166529 
5590 2.571694 
5633 0.394048 
5676 0.318251 
5719 -3.400685 
5762 -13.875788 
5805 -18.597855 
5848 0.759759 
5891 5.192450 
5934 -1.914064 
5977 -0.553581 
6020 -4.526959 
6063 -9.202378 
6106 -9.753068 
6149 -5.989002 
6192 3.375629 
6235 -10.063789 
6278 -13.956020 
6321 -13.904940 
6364 -21.915851 
6407 -23.997312 
6450 -18.445689 
6493 -14.174348 
6536 -19.450208 
6579 -11.959264 
6622 -10.444018 
6665 -16.807787 
6708 -10.498382 
6751 -2.883646 
6794 -8.193430 
6837 -7.949254 
6880 -7.237285 
6923 -5.885092 
6966 -5.649868 
7009 -12.418594 
7052 -13.793832 
7095 -18.230959 
7138 -3.214799 
7181 -12.759295 
7224 -13.560696 
7267 -11.516822 
7310 -7.122343 
7353 -17.209718 
7396 -20.957395 
7439 -19.231701 
7482 -15.239752 
7525 -16.039753 
7568 -16.922153 
7611 -19.294421 
7654 -27.336933 
7697 -20.871545 
7740 -6.220053 
7783 -13.965528 
7826 -18.120587 
7869 -17.105840 
7912 -21.886649 
7955 -7.209410 
7998 -15.586485 
8041 -21.835960 
8084 -10.786679 
8127 -5.725269 
8170 -8.388146 
8213 -26.778220 
8256 -17.825590 
8299 -21.290390 
8342 -14.050238 
8385 -10.267671 
8428 -21.187569 
8471 -22.785630 
8514 -21.946737 
8557 -38.141510 
8600 -28.696762 
8643 -25.718947 
8686 -31.825890 
8729 -36.338417 
8772 -27.749232 
8815 -29.908786 
8858 -26.613215 
8901 -28.488713 
8944 -28.038829 
8987 -31.727722 
9030 -24.298176 
9073 -24.346841 
9116 -36.245696 
9159 -29.200277 
9202 -31.822160 
9245 -29.856050 
9288 -41.207407 
9331 -34.027796 
9374 -31.910408 
9417 -33.909739 
9460 -34.704212 
9503 -39.054628 
9546 -38.375826 
9589 -32.012132 
9632 -35.120608 
9675 -31.002186 
9718 -30.725623 
9761 -27.942400 
9804 -23.544487 
9847 -25.655402 
9890 -27.340112 
9933 -25.367434 
9976 -27.531176 
10019 -30.004230 
10062 -36.100542 
10105 -28.729744 
10148 -22.474123 
10191 -28.019063 
10234 -20.806614 
10277 -19.280378 
10320 -22.749722 
10363 -37.090829 
10406 -22.848228 
10449 -22.667311 
10492 -21.877435 
10535 -22.895936 
10578 -25.122075 
10621 -26.816080 
10664 -26.784436 
10707 -25.053796 
10750 -18.740364 
10793 -15.488366 
10836 -18.873645 
10879 -18.534018 
10922 -11.430882 
10965 -14.542364 
11008 -15.514661 
11051 -18.117941 
11094 -25.366741 
11137 -11.459637 
11180 -5.016944 
11223 -12.156102 
11266 -16.590582 
11309 -17.799661 
11352 -11.835325 
11395 -4.314964 
11438 -25.740412 
11481 -16.601732 
11524 -13.391044 
11567 -14.588147 
11610 -16.814294 
11653 -11.356979 
11696 -19.153918 
11739 -25.600873 
11782 -44.898101 
11825 -34.115474 
11868 -26.622805 
11911 -28.228224 
11954 -22.229433 
11997 -2.332502 
12040 -16.629311 
12083 -14.395114 
12126 -20.427547 
12169 -28.349780 
12212 -29.376725 
12255 -19.709216 
12298 -28.913262 
12341 -35.221255 
12384 -27.644986 
12427 -27.662135 
12470 -26.974679 
12513 -26.709383 
12556 -25.570745 
12599 -25.952316 
12642 -20.465695 
12685 -22.712333 
12728 -22.291394 
12771 -22.304088 
12814 -21.574542 
12857 -26.163575 
12900 -29.360543 
12943 -20.415858 
12986 -26.618985 
13029 -32.024695 
13072 -36.740847 
13115 -23.063597 
13158 -17.072819 
13201 -26.123733 
13244 -31.887814 
13287 -25.716214 
13330 -26.401109 
13373 -19.908596 
13416 -31.171978 
13459 -34.427660 
13502 -45.409316 
13545 -41.169171 
13588 -34.198415 
13631 -30.470783 
13674 -27.807281 
13717 -16.598337 
13760 -25.356169 
13803 -20.561284 
13846 -26.009432 
13889 -18.011720 
13932 -23.567825 
13975 -23.576875 
14018 -25.186760 
14061 -32.804357 
14104 -36.926550 
14147 -34.779577 
14190 -31.129151 
14233 -33.471572 
14276 -26.143254 
14319 -32.773399 
14362 -50.281392 
14405 -33.092385 
14448 -31.857138 
14491 -32.348018 
14534 -46.260521 
14577 -37.104028 
14620 -40.587479 
14663 -35.205028 
14706 -34.404079 
14749 -28.360810 
14792 -43.919860 
14835 -35.607852 
14878 -31.303795 
14921 -41.277053 
14964 -30.480598 
