7998 -20.595844 
8041 -30.257821 
8084 -24.373107 
8127 -30.012280 
8170 -30.172719 
8213 -36.160407 
8256 -24.827772 
8299 -30.384762 
8342 -27.954202 
8385 -32.609306 
8428 -32.014637 
8471 -38.640673 
8514 -38.600283 
8557 -42.661626 
8600 -32.361322 
8643 -38.508433 
8686 -31.103478 
8729 -34.161885 
8772 -25.047902 
8815 -34.213206 
8858 -32.979250 
8901 -32.089944 
8944 -23.508361 
8987 -33.531405 
9030 -30.795967 
9073 -39.818189 
9116 -40.106763 
9159 -50.491631 
9202 -59.192277 
9245 -47.624937 
9288 -40.916186 
9331 -52.880354 
9374 -48.493157 
9417 -41.051907 
9460 -35.315352 
9503 -38.546440 
9546 -39.599986 
9589 -46.580090 
9632 -42.445461 
9675 -43.493760 
9718 -41.351015 
9761 -52.157551 
9804 -51.833646 
9847 -36.629461 
9890 -30.026648 
9933 -34.627784 
9976 -36.146848 
10019 -49.585837 
10062 -43.422827 
10105 -35.688464 
10148 -28.011228 
10191 -41.869081 
10234 -27.595039 
10277 -32.015689 
10320 -34.550079 
10363 -33.313803 
10406 -24.945609 
10449 -30.389910 
10492 -30.630172 
10535 -35.323296 
10578 -36.477534 
10621 -45.332764 
10664 -33.309956 
10707 -32.654082 
10750 -29.206055 
10793 -33.444571 
10836 -33.154422 
10879 -36.402270 
10922 -34.945300 
10965 -36.019419 
11008 -28.076670 
11051 -35.881302 
11094 -41.964360 
11137 -33.428638 
11180 -24.719319 
11223 -30.187465 
11266 -30.697383 
11309 -34.941618 
11352 -30.738056 
11395 -39.257801 
11438 -43.480689 
11481 -34.798064 
11524 -29.202691 
11567 -33.752892 
11610 -37.144586 
11653 -42.767012 
11696 -39.320276 
11739 -46.292322 
11782 -65.507662 
11825 -62.936710 
11868 -53.899469 
11911 -48.101397 
11954 -42.182001 
