7998 6.307690 
8041 6.104243 
8084 4.756634 
8127 5.400716 
8170 4.615407 
8213 5.404049 
8256 5.147003 
8299 6.097847 
8342 3.491700 
8385 3.522155 
8428 3.433640 
8471 3.751135 
8514 4.359092 
8557 2.031436 
8600 1.296409 
8643 1.804252 
8686 2.149197 
8729 4.055934 
8772 3.231233 
8815 4.320797 
8858 1.430595 
8901 0.210262 
8944 0.225014 
8987 -0.735500 
9030 0.697444 
9073 1.117239 
9116 0.339562 
9159 1.358591 
9202 1.927645 
9245 1.832341 
9288 2.013170 
9331 1.846490 
9374 0.951282 
9417 0.479934 
9460 0.535803 
9503 0.569519 
9546 1.441501 
9589 1.906295 
9632 2.786611 
9675 1.713399 
9718 3.059779 
9761 2.198832 
9804 0.707342 
9847 1.616978 
9890 1.885707 
9933 2.097376 
9976 1.987221 
10019 2.076035 
10062 1.244265 
10105 0.889976 
10148 0.849116 
10191 1.046437 
10234 1.377066 
10277 1.150981 
10320 0.815811 
10363 0.812190 
10406 1.652936 
10449 1.331302 
10492 3.016519 
10535 2.693200 
10578 2.148925 
10621 1.748560 
10664 1.161012 
10707 2.458859 
10750 3.151623 
10793 2.852232 
10836 2.381906 
10879 3.533737 
10922 2.369742 
10965 3.841011 
11008 3.633345 
11051 3.433627 
11094 2.022812 
11137 2.248239 
11180 2.143754 
11223 1.231586 
11266 -0.262274 
11309 -4.752318 
11352 1.324939 
11395 1.538375 
11438 -1.137600 
11481 -4.645290 
11524 -4.101566 
11567 -3.931139 
11610 -2.518158 
11653 -2.830599 
11696 -3.424778 
11739 -3.133481 
11782 -8.193771 
11825 -5.264440 
11868 -7.664528 
11911 -8.440948 
11954 -7.883031 
11997 -15.884676 
12040 -23.820110 
12083 -20.237609 
12126 -15.650132 
12169 -14.962942 
12212 -13.108528 
12255 -11.303708 
12298 -8.863486 
12341 -8.912123 
12384 -4.685212 
12427 -2.931899 
12470 -2.603107 
12513 -1.104768 
12556 1.864534 
12599 2.341541 
12642 2.549948 
12685 4.594432 
12728 4.350051 
12771 2.516345 
12814 3.742625 
12857 3.458636 
12900 4.737607 
12943 4.010408 
12986 4.945597 
13029 5.199493 
13072 2.097981 
13115 3.682381 
13158 2.856938 
13201 5.268971 
13244 5.009914 
13287 8.918607 
13330 8.663587 
13373 4.745498 
13416 5.795580 
13459 2.405468 
13502 4.141903 
13545 5.335723 
13588 6.896791 
13631 7.653205 
13674 7.719971 
13717 9.429192 
13760 5.693580 
13803 7.153578 
13846 8.960534 
13889 7.873772 
13932 5.064709 
13975 7.011340 
14018 4.535382 
14061 4.521738 
14104 5.546643 
14147 -7.494041 
14190 7.730563 
14233 6.365730 
14276 6.859474 
14319 6.228680 
14362 -0.898952 
14405 3.753438 
14448 7.156055 
14491 7.724034 
14534 5.362941 
14577 5.307205 
14620 6.142547 
14663 7.024897 
14706 12.203756 
14749 10.820559 
14792 10.437040 
14835 12.566942 
14878 21.841411 
14921 -1.026235 
14964 1.871778 
