0 -13.783934 
43 -8.193378 
86 -11.379521 
129 -5.547001 
172 -6.323156 
215 -7.293112 
258 -9.632558 
301 -11.706616 
344 -12.089785 
387 -20.891528 
430 -27.876631 
473 -24.415912 
516 -27.591542 
559 -35.312939 
602 -27.210348 
645 -21.997013 
688 -18.004900 
731 -19.669672 
774 -22.095074 
817 -33.659470 
860 -24.460260 
903 -24.267971 
946 -14.195889 
989 -24.523194 
1032 -18.281997 
1075 -20.943805 
1118 -9.830874 
1161 -17.857299 
1204 -22.242785 
1247 -21.904258 
1290 -23.743132 
1333 -17.841135 
1376 -23.174506 
1419 -6.226357 
1462 -19.182240 
1505 -20.260001 
1548 -19.016202 
1591 -20.778570 
1634 -19.453084 
1677 -16.904883 
1720 -15.406022 
1763 -20.102527 
1806 -16.923413 
1849 -19.365037 
1892 -34.691139 
1935 -28.265760 
1978 -20.300975 
2021 -22.926872 
2064 -18.599348 
2107 -4.559389 
2150 -20.521639 
2193 -19.545553 
2236 -8.544254 
2279 -9.675212 
2322 -15.686392 
2365 -15.049943 
2408 -11.298720 
2451 -9.014670 
2494 -8.900003 
2537 -11.070131 
2580 -7.307216 
2623 1.247870 
2666 -8.392366 
2709 -8.157750 
2752 -14.706680 
2795 -10.054737 
2838 -2.563161 
2881 -1.370716 
2924 -6.173540 
2967 -6.733048 
3010 -2.406312 
3053 22.136859 
3096 0.766862 
3139 3.638033 
3182 3.453078 
3225 2.507049 
3268 6.768708 
3311 2.203624 
3354 5.032525 
3397 1.123932 
3440 6.389500 
3483 1.054974 
3526 -1.772449 
3569 -3.628066 
3612 -10.745554 
3655 2.294584 
3698 3.009488 
3741 1.389712 
3784 -2.832460 
3827 0.105951 
3870 5.088507 
3913 9.360960 
3956 13.365822 
3999 12.933438 
4042 10.964518 
4085 3.344423 
4128 2.251208 
4171 8.561049 
4214 2.069574 
4257 3.320643 
4300 4.875758 
4343 11.477660 
4386 -7.327932 
4429 -4.165721 
4472 -1.383568 
4515 -0.532822 
4558 -2.933787 
4601 -11.806773 
4644 -2.047566 
4687 3.301837 
4730 -4.316035 
4773 -9.459795 
4816 6.114525 
4859 2.561488 
4902 5.823646 
4945 0.430479 
4988 8.279126 
5031 -11.297168 
5074 -5.299663 
5117 -5.312929 
5160 5.447149 
5203 1.705658 
5246 -3.795905 
5289 -6.875347 
5332 -0.920564 
5375 -2.454622 
5418 -2.224952 
5461 -2.935100 
5504 -2.263989 
5547 1.970170 
5590 4.874776 
5633 3.292082 
5676 0.840691 
5719 -1.660273 
5762 -17.969149 
5805 -12.677482 
5848 1.762783 
5891 5.442780 
5934 -2.437615 
5977 -3.935133 
6020 -8.003253 
6063 -11.146115 
6106 -14.713874 
6149 -5.348621 
6192 7.590937 
6235 -8.703165 
6278 -20.300195 
6321 -19.393282 
6364 -16.603419 
6407 -13.801270 
6450 -11.446043 
6493 -14.054612 
6536 -14.965866 
6579 -10.662384 
6622 -12.603621 
6665 -14.136198 
6708 -10.068402 
6751 -3.321077 
6794 -9.105981 
6837 -8.859306 
6880 -8.242180 
6923 -7.237944 
6966 -7.697207 
7009 -17.054140 
7052 -15.451298 
7095 -44.696633 
7138 -1.247150 
7181 -12.744581 
7224 -18.975750 
7267 -16.517107 
7310 -6.399614 
7353 -15.424196 
7396 -18.806443 
7439 -16.071141 
7482 -13.354590 
7525 -14.692555 
7568 -14.907764 
7611 -17.075237 
7654 -22.294608 
7697 -23.762125 
7740 -7.878637 
7783 -16.894109 
7826 -20.868950 
7869 -20.640708 
7912 -20.528983 
7955 -6.426502 
7998 -15.375096 
8041 -24.094266 
8084 -11.532491 
8127 -7.374321 
8170 -17.663958 
8213 -24.154757 
8256 -18.884545 
8299 -27.089539 
8342 -18.229205 
8385 -11.153809 
8428 -19.875716 
8471 -24.311658 
8514 -23.885950 
8557 -31.581088 
8600 -29.387061 
8643 -23.805172 
8686 -35.299355 
8729 -28.706876 
8772 -24.712411 
8815 -24.378612 
8858 -25.199736 
8901 -22.056516 
8944 -21.086512 
8987 -25.171443 
9030 -20.046418 
9073 -20.192334 
9116 -19.449355 
9159 -18.502775 
9202 -24.434754 
9245 -13.173299 
9288 -27.838211 
9331 -28.403493 
9374 -30.506148 
9417 -30.713212 
9460 -32.537590 
9503 -34.567426 
9546 -36.421717 
9589 -39.426335 
9632 -36.317954 
9675 -33.563727 
9718 -33.450151 
9761 -37.199535 
9804 -26.684146 
9847 -25.917669 
9890 -24.135658 
9933 -19.866630 
9976 -17.782281 
10019 -34.413291 
10062 -28.020670 
10105 -21.113304 
10148 -13.923543 
10191 -22.728282 
10234 -26.295738 
10277 -26.553521 
10320 -27.705142 
10363 -34.294476 
10406 -25.327151 
10449 -26.625338 
10492 -28.343976 
10535 -34.820778 
10578 -31.786393 
10621 -20.287889 
10664 -26.463700 
10707 -29.056728 
10750 -23.815727 
10793 -18.455152 
10836 -20.677243 
10879 -21.742313 
10922 -15.561147 
10965 -21.750982 
11008 -21.784759 
11051 -26.077549 
11094 -25.917587 
11137 -19.488631 
11180 -11.977061 
11223 -17.467855 
11266 -22.892802 
11309 -22.127836 
11352 -13.274794 
11395 -6.881512 
11438 -26.450708 
11481 -20.459969 
11524 -17.806168 
11567 -18.338268 
11610 -18.932573 
11653 -9.393195 
11696 -16.847570 
11739 -22.593174 
11782 -36.437557 
11825 -37.441817 
11868 -43.108233 
11911 -28.233793 
11954 -21.711114 
11997 -0.045437 
12040 -13.472197 
12083 -11.530757 
12126 -25.129655 
12169 -33.341015 
12212 -25.971064 
12255 -22.354088 
12298 -29.665204 
12341 -38.759131 
12384 -26.046897 
12427 -29.196312 
12470 -30.899545 
12513 -33.864395 
12556 -31.134232 
12599 -31.705074 
12642 -17.627706 
12685 -21.337798 
12728 -21.003749 
12771 -22.734189 
12814 -21.091381 
12857 -24.003138 
12900 -29.261132 
12943 -21.993066 
12986 -25.357659 
13029 -28.718747 
13072 -37.672263 
13115 -29.533320 
13158 -20.781646 
13201 -31.656703 
13244 -43.455401 
13287 -26.294637 
13330 -22.373491 
13373 -15.538078 
13416 -30.003221 
13459 -32.582063 
13502 -26.753531 
13545 -27.550271 
13588 -26.964826 
13631 -32.516430 
13674 -26.554402 
13717 -22.572135 
13760 -28.251732 
13803 -33.245661 
13846 -27.785945 
13889 -17.253123 
13932 -21.434108 
13975 -22.546437 
14018 -26.054848 
14061 -24.368896 
14104 -25.273045 
14147 -26.480745 
14190 -28.210413 
14233 -29.273021 
14276 -22.746735 
14319 -30.163019 
14362 -45.391859 
14405 -39.779710 
14448 -34.689454 
14491 -31.388511 
14534 -39.677732 
14577 -25.112928 
14620 -31.850357 
14663 -31.897232 
14706 -29.642961 
14749 -13.332077 
14792 -29.395683 
14835 -31.679408 
14878 -35.751037 
14921 -36.413541 
14964 -29.620031 
