7998 -15.559250 
8041 -20.845465 
8084 -26.540351 
8127 -34.408709 
8170 -52.457212 
8213 -28.135337 
8256 -20.981350 
8299 -29.148635 
8342 -36.144607 
8385 -40.920708 
8428 -39.158607 
8471 -33.047731 
8514 -27.517312 
8557 -32.078439 
8600 -32.018407 
8643 -32.135368 
8686 -29.049009 
8729 -30.796126 
8772 -26.650416 
8815 -37.842001 
8858 -29.864167 
8901 -33.646213 
8944 -28.095052 
8987 -34.525609 
9030 -29.948114 
9073 -33.134770 
9116 -32.298329 
9159 -36.779725 
9202 -38.849627 
9245 -46.053917 
9288 -61.377135 
9331 -53.078125 
9374 -44.909400 
9417 -40.023018 
9460 -34.608051 
9503 -43.951539 
9546 -36.236175 
9589 -39.722108 
9632 -38.944897 
9675 -46.246688 
9718 -45.728233 
9761 -61.213471 
9804 -49.491877 
9847 -44.486298 
9890 -38.996673 
9933 -41.315449 
9976 -33.577632 
10019 -49.708533 
10062 -34.558523 
10105 -41.671430 
10148 -32.479302 
10191 -29.152099 
10234 -24.757279 
10277 -31.904757 
10320 -46.453847 
10363 -31.710667 
10406 -24.371971 
10449 -28.268806 
10492 -28.537463 
10535 -31.873210 
10578 -32.385436 
10621 -30.048588 
10664 -25.272954 
10707 -34.365712 
10750 -40.770576 
10793 -44.474963 
10836 -44.165331 
10879 -49.316906 
10922 -46.713213 
10965 -35.626139 
11008 -28.448993 
11051 -46.517496 
11094 -28.588327 
11137 -31.440068 
11180 -30.171849 
11223 -29.886281 
11266 -26.749985 
11309 -30.129565 
11352 -31.447732 
11395 -37.263519 
11438 -45.193413 
11481 -41.541909 
11524 -35.342919 
11567 -45.928808 
11610 -44.584962 
11653 -46.123606 
11696 -35.747184 
11739 -41.299665 
11782 -42.969899 
11825 -51.567861 
11868 -40.714772 
11911 -44.975333 
11954 -46.992404 
