7998 2.767789 
8041 1.929482 
8084 0.692752 
8127 0.069130 
8170 2.914115 
8213 4.559317 
8256 5.366507 
8299 13.907007 
8342 6.906770 
8385 4.151656 
8428 2.427421 
8471 2.497087 
8514 3.134600 
8557 2.266953 
8600 3.358647 
8643 5.697729 
8686 1.847989 
8729 2.345523 
8772 3.688652 
8815 2.733015 
8858 1.323374 
8901 2.773736 
8944 5.794417 
8987 6.101679 
9030 6.419644 
9073 5.919695 
9116 1.493121 
9159 1.224738 
9202 -8.804730 
9245 -6.517469 
9288 -1.855790 
9331 -2.555130 
9374 -2.632194 
9417 -16.129766 
9460 -8.338936 
9503 -6.853317 
9546 -10.194769 
9589 -0.181865 
9632 -3.813756 
9675 -4.785495 
9718 -4.802583 
9761 -0.405299 
9804 -4.868462 
9847 3.287045 
9890 4.481116 
9933 6.797826 
9976 6.110985 
10019 5.982220 
10062 0.058482 
10105 8.401456 
10148 7.562100 
10191 11.288251 
10234 13.757996 
10277 9.221514 
10320 2.738492 
10363 4.791467 
10406 7.889103 
10449 5.170796 
10492 5.602509 
10535 9.490760 
10578 3.187569 
10621 4.905681 
10664 5.886871 
10707 4.208807 
10750 -0.434453 
10793 0.633067 
10836 1.071034 
10879 2.271521 
10922 4.619235 
10965 -0.437380 
11008 -3.440152 
11051 -1.455805 
11094 1.287228 
11137 0.748029 
11180 1.162265 
11223 1.543629 
11266 0.891020 
11309 -2.329164 
11352 -0.535867 
11395 -0.311941 
11438 0.271417 
11481 -0.049877 
11524 -1.986031 
11567 -3.719204 
11610 -3.197994 
11653 -4.306815 
11696 -0.815540 
11739 0.055557 
11782 -0.154920 
11825 -1.564278 
11868 -7.709419 
11911 0.280701 
11954 0.956877 
11997 -6.611271 
12040 -9.745705 
12083 1.539702 
12126 -6.901679 
12169 -3.836673 
12212 -5.300032 
12255 -6.058523 
12298 -7.169946 
12341 -8.018230 
12384 -13.170808 
12427 -22.590489 
12470 -19.796795 
12513 -17.830369 
12556 -12.350948 
12599 -9.502394 
12642 -6.824570 
12685 -7.289166 
12728 -6.664334 
12771 -5.843052 
12814 -6.964119 
12857 -4.754808 
12900 -1.323850 
12943 -2.156962 
12986 -1.932332 
13029 -2.028734 
13072 -2.388542 
13115 12.662514 
13158 1.107365 
13201 28.123972 
13244 6.474213 
13287 8.237563 
13330 11.824957 
13373 12.494772 
13416 6.858931 
13459 4.332290 
13502 0.349971 
13545 14.529846 
13588 16.306664 
13631 7.845462 
13674 11.373330 
13717 8.233383 
13760 16.321448 
13803 17.414458 
13846 17.516646 
13889 14.955504 
13932 13.358125 
13975 24.536197 
14018 42.421008 
14061 19.710312 
14104 -1.438805 
14147 11.353563 
14190 13.336341 
14233 13.212389 
14276 5.835902 
14319 20.264409 
14362 17.264894 
14405 15.531459 
14448 15.499910 
14491 15.577525 
14534 14.514952 
14577 10.408710 
14620 21.114723 
14663 3.602004 
14706 13.663086 
14749 5.868378 
14792 11.534173 
14835 8.804942 
14878 3.803058 
14921 21.336144 
14964 11.364965 
