7998 -34.735188 
8041 -38.270880 
8084 -32.783113 
8127 -38.308577 
8170 -32.236790 
8213 -40.039003 
8256 -32.936725 
8299 -41.528476 
8342 -37.654027 
8385 -38.378602 
8428 -30.725784 
8471 -33.672140 
8514 -33.896961 
8557 -34.258532 
8600 -30.434800 
8643 -45.779657 
8686 -27.850769 
8729 -36.166207 
8772 -42.286762 
8815 -43.022943 
8858 -34.853272 
8901 -38.760643 
8944 -39.617306 
8987 -34.653158 
9030 -29.307785 
9073 -35.139447 
9116 -42.233884 
9159 -44.948278 
9202 -34.106328 
9245 -38.213039 
9288 -35.846216 
9331 -40.975494 
9374 -43.678499 
9417 -46.743055 
9460 -35.444222 
9503 -38.739372 
9546 -34.341776 
9589 -45.758662 
9632 -38.757267 
9675 -36.047118 
9718 -32.333239 
9761 -41.811408 
9804 -39.973403 
9847 -41.438008 
9890 -34.398963 
9933 -37.242051 
9976 -26.198444 
10019 -33.795133 
10062 -36.179479 
10105 -41.444687 
10148 -31.453137 
10191 -36.878656 
10234 -39.663588 
10277 -39.046349 
10320 -34.433841 
10363 -40.674321 
10406 -42.179300 
10449 -41.061759 
10492 -37.681331 
10535 -45.914482 
10578 -57.678508 
10621 -39.614594 
10664 -32.193083 
10707 -37.797912 
10750 -38.098788 
10793 -34.519651 
10836 -29.868604 
10879 -33.682151 
10922 -35.894534 
10965 -33.664058 
11008 -29.500481 
11051 -34.616790 
11094 -37.338579 
11137 -39.201298 
11180 -28.381784 
11223 -30.443407 
11266 -27.458292 
11309 -34.531196 
11352 -24.471289 
11395 -28.839074 
11438 -31.706324 
11481 -41.497617 
11524 -39.239077 
11567 -36.490855 
11610 -26.945202 
11653 -34.566059 
11696 -37.398146 
11739 -43.062671 
11782 -40.584535 
11825 -49.723571 
11868 -44.798836 
11911 -49.155929 
11954 -40.878412 
