0 18.190448 
43 21.701073 
86 20.494234 
129 9.575061 
172 3.596474 
215 -1.196120 
258 -0.910892 
301 1.004633 
344 -21.256002 
387 -19.787837 
430 -17.833761 
473 2.580326 
516 -13.616067 
559 -17.926475 
602 -20.391993 
645 -20.392155 
688 -21.029626 
731 -17.760890 
774 -15.542950 
817 -11.133971 
860 -15.854133 
903 -12.977409 
946 -11.128151 
989 -15.609662 
1032 -17.872082 
1075 -18.543523 
1118 -2.387861 
1161 -17.068962 
1204 -18.008309 
1247 -7.766987 
1290 -14.108786 
1333 -13.137612 
1376 -14.039982 
1419 -16.778346 
1462 -14.204701 
1505 -16.521796 
1548 -17.191475 
1591 -15.179047 
1634 -8.318858 
1677 -11.774361 
1720 -11.847189 
1763 -10.062072 
1806 -12.882097 
1849 -15.340327 
1892 -15.731447 
1935 -23.837405 
1978 -22.452872 
2021 -20.920021 
2064 -10.835725 
2107 -14.486525 
2150 -16.560154 
2193 -13.390106 
2236 -20.410655 
2279 -10.096934 
2322 -10.022027 
2365 -28.870770 
2408 -1.920620 
2451 -4.558645 
2494 -5.508699 
2537 -7.497665 
2580 -10.119898 
2623 1.326856 
2666 0.170056 
2709 -6.029061 
2752 -2.407732 
2795 5.225449 
2838 -2.210704 
2881 9.644904 
2924 1.212828 
2967 -0.186968 
3010 2.793315 
3053 -0.628034 
3096 1.022708 
3139 1.483658 
3182 0.133917 
3225 3.535018 
3268 4.231407 
3311 2.284872 
3354 2.423559 
3397 -9.447189 
3440 2.583054 
3483 6.137276 
3526 2.251000 
3569 6.724642 
3612 1.979630 
3655 2.060465 
3698 1.982519 
3741 9.955642 
3784 1.511174 
3827 -0.874561 
3870 1.147749 
3913 -2.320592 
3956 3.076723 
3999 5.458254 
4042 4.188388 
4085 10.022869 
4128 5.565884 
4171 5.028806 
4214 6.441452 
4257 4.089320 
4300 4.642896 
4343 6.334182 
4386 2.832084 
4429 -7.361689 
4472 -2.209651 
4515 -1.675260 
4558 4.965595 
4601 6.267574 
4644 4.622960 
4687 3.074374 
4730 3.043197 
4773 1.305368 
4816 4.569755 
4859 3.707710 
4902 4.745984 
4945 7.342677 
4988 2.034501 
5031 -2.547004 
5074 0.884967 
5117 -3.481033 
5160 1.571766 
5203 2.195648 
5246 2.636222 
5289 -1.053128 
5332 1.924896 
5375 -20.394025 
5418 1.689198 
5461 9.476560 
5504 2.427235 
5547 2.031148 
5590 1.876017 
5633 -4.610348 
5676 -1.693869 
5719 2.481428 
5762 -1.368685 
5805 0.281324 
5848 -2.129445 
5891 2.243458 
5934 -1.601092 
5977 -4.556944 
6020 -1.797333 
6063 -5.444850 
6106 -2.918123 
6149 -3.070769 
6192 -2.505903 
6235 1.132759 
6278 -5.006221 
6321 -10.453540 
6364 -7.062721 
6407 -15.558343 
6450 -10.853218 
6493 -11.462718 
6536 -11.258380 
6579 -11.784030 
6622 -12.241447 
6665 -10.953362 
6708 -9.164730 
6751 -8.318456 
6794 -4.891237 
6837 -10.831529 
6880 -8.587333 
6923 -4.576391 
6966 -6.934945 
7009 -2.654941 
7052 -6.261962 
7095 -6.815026 
7138 -7.023838 
7181 -5.447796 
7224 -20.200870 
7267 -7.549456 
7310 -7.537745 
7353 -9.372635 
7396 -11.744332 
7439 -9.906110 
7482 -10.940054 
7525 -11.750406 
7568 -11.158437 
7611 -11.509663 
7654 -5.087345 
7697 -15.313349 
7740 -18.939030 
7783 -17.726933 
7826 -11.634193 
7869 -13.262427 
7912 -15.101386 
7955 -10.555491 
7998 -16.164389 
8041 -16.666282 
8084 -16.398124 
8127 -13.297930 
8170 -13.761346 
8213 -11.350409 
8256 -16.545173 
8299 -19.384744 
8342 -13.430305 
8385 -17.995663 
8428 -17.423058 
8471 -14.407033 
8514 -17.844959 
8557 -18.396536 
8600 -21.139754 
8643 -20.605512 
8686 -19.314860 
8729 -19.949519 
8772 -22.213997 
8815 -15.271169 
8858 -23.744309 
8901 -18.643750 
8944 -22.554591 
8987 -34.486727 
9030 -20.889589 
9073 -19.788034 
9116 -18.751311 
9159 -24.024656 
9202 -25.426837 
9245 -24.435489 
9288 -22.580291 
9331 -22.302697 
9374 -26.071773 
9417 -35.439648 
9460 -28.089343 
9503 -25.618079 
9546 -25.065100 
9589 -25.070365 
9632 -22.747554 
9675 -24.824265 
9718 -26.663595 
9761 -37.781085 
9804 -22.157931 
9847 -20.273572 
9890 -26.045212 
9933 -20.663361 
9976 -28.115821 
10019 -32.343296 
10062 -32.203601 
10105 -25.157603 
10148 -24.117981 
10191 -24.050458 
10234 -28.447390 
10277 -28.482108 
10320 -30.257199 
10363 -18.754768 
10406 -19.537032 
10449 -17.471085 
10492 -18.596521 
10535 -12.165567 
10578 -15.991538 
10621 -15.278953 
10664 -24.852932 
10707 -20.046094 
10750 -18.388675 
10793 -20.114556 
10836 -22.212189 
10879 -16.322280 
10922 -14.736855 
10965 -25.203984 
11008 -19.813874 
11051 -11.220791 
11094 -10.231006 
11137 -9.569293 
11180 -9.770714 
11223 -6.742302 
11266 -12.731844 
11309 -12.486846 
11352 -11.660630 
11395 4.789575 
11438 -1.051183 
11481 -7.463225 
11524 -11.885871 
11567 -4.822998 
11610 -16.552506 
11653 -16.407109 
11696 -10.656206 
11739 -23.618922 
11782 -16.002041 
11825 -20.505111 
11868 -18.005359 
11911 -15.445351 
11954 -15.816481 
11997 -10.791748 
12040 -18.242940 
12083 -19.302273 
12126 -11.901304 
12169 -9.321239 
12212 -7.886763 
12255 -21.316719 
12298 -30.668541 
12341 -32.814763 
12384 -40.594771 
12427 -18.926258 
12470 -18.019223 
12513 -5.863253 
12556 -18.472992 
12599 -25.562891 
12642 -18.061339 
12685 -25.040577 
12728 -22.772393 
12771 -24.134237 
12814 -22.463082 
12857 -23.786095 
12900 -22.805367 
12943 -18.353292 
12986 -25.950859 
13029 -28.544272 
13072 -28.713732 
13115 -18.685235 
13158 -23.094457 
13201 -28.513980 
13244 -31.396620 
13287 -29.075052 
13330 -23.579410 
13373 -26.455080 
13416 -29.315791 
13459 -26.397652 
13502 -26.974271 
13545 -24.475837 
13588 -30.604733 
13631 -36.021029 
13674 -27.077008 
13717 -32.720653 
13760 -46.399916 
13803 -29.052950 
13846 -26.283507 
13889 -34.584859 
13932 -31.923868 
13975 -27.001644 
14018 -29.346616 
14061 -30.571133 
14104 -30.971752 
14147 -27.420041 
14190 -42.223418 
14233 -34.015889 
14276 -36.835687 
14319 -24.233794 
14362 -19.744700 
14405 -19.960824 
14448 -19.402666 
14491 -24.225612 
14534 -10.384762 
14577 -34.483733 
14620 -42.750235 
14663 -44.032450 
14706 -37.909190 
14749 -29.573774 
14792 -13.110177 
14835 -34.370483 
14878 -36.521220 
14921 -29.644824 
14964 -30.639661 
