0 1.994569 
43 -30.348854 
86 -31.649994 
129 -11.729617 
172 -5.748150 
215 -8.022074 
258 -8.189825 
301 -5.233242 
344 -27.543998 
387 -23.024617 
430 -24.877670 
473 -12.826781 
516 -19.287679 
559 -4.450085 
602 -21.896333 
645 -16.550917 
688 -16.718399 
731 -12.940275 
774 -24.074414 
817 -28.640241 
860 -27.769809 
903 -20.521726 
946 -10.634629 
989 -15.628296 
1032 -18.657192 
1075 -24.990106 
1118 -22.127805 
1161 -16.827470 
1204 -21.642894 
1247 -18.911128 
1290 -19.960873 
1333 -19.730512 
1376 -22.683349 
1419 -19.116298 
1462 -17.549906 
1505 -17.571255 
1548 -15.632958 
1591 -24.492246 
1634 -24.645367 
1677 -18.341134 
1720 -13.909119 
1763 -12.341582 
1806 -17.866301 
1849 -22.459895 
1892 -24.219036 
1935 -18.897367 
1978 -24.718040 
2021 -18.049612 
2064 -18.985216 
2107 -12.656801 
2150 -16.681219 
2193 -10.623068 
2236 -9.046085 
2279 -8.912534 
2322 4.646270 
2365 3.665712 
2408 -0.504545 
2451 -9.693867 
2494 -8.437863 
2537 -24.028143 
2580 -12.206619 
2623 -10.918900 
2666 -9.255350 
2709 -15.242761 
2752 -6.247787 
2795 -8.306555 
2838 -7.502143 
2881 -0.937522 
2924 -5.888561 
2967 -2.946757 
3010 -5.264244 
3053 -0.267602 
3096 0.235296 
3139 -6.525645 
3182 6.892050 
3225 4.283382 
3268 3.402438 
3311 2.500634 
3354 -1.328613 
3397 -0.379430 
3440 0.852453 
3483 0.274092 
3526 -0.242446 
3569 2.744849 
3612 0.826004 
3655 4.172117 
3698 -3.587945 
3741 12.793951 
3784 9.451039 
3827 15.624338 
3870 8.380510 
3913 9.469413 
3956 4.833766 
3999 3.381478 
4042 9.105597 
4085 5.984286 
4128 3.076104 
4171 3.351609 
4214 4.837678 
4257 4.721015 
4300 1.567846 
4343 -1.165032 
4386 -1.315719 
4429 0.826452 
4472 -1.330207 
4515 -4.015578 
4558 3.459187 
4601 2.697360 
4644 0.506794 
4687 10.068445 
4730 1.129989 
4773 1.113390 
4816 0.606935 
4859 5.833022 
4902 2.198370 
4945 4.403082 
4988 1.012610 
5031 -4.675034 
5074 -4.012534 
5117 -9.937369 
5160 1.897968 
5203 -1.402970 
5246 -0.835647 
5289 -1.659244 
5332 -3.823349 
5375 2.203054 
5418 0.293757 
5461 -0.893974 
5504 -6.455655 
5547 9.713806 
5590 -3.290501 
5633 -5.300391 
5676 -6.863370 
5719 -8.194334 
5762 -4.814598 
5805 0.660772 
5848 -0.766397 
5891 -16.342057 
5934 -1.802294 
5977 -6.267085 
6020 -2.923016 
6063 -15.850095 
6106 -18.243050 
6149 6.484825 
6192 -9.772836 
6235 -7.655406 
6278 -18.992090 
6321 -14.135003 
6364 -22.276160 
6407 -17.158234 
6450 -25.309909 
6493 -15.593301 
6536 -13.306016 
6579 -10.990776 
6622 -25.762250 
6665 -20.621513 
6708 -11.166446 
6751 -22.263945 
6794 -19.256891 
6837 -10.518724 
6880 -14.097281 
6923 -14.152333 
6966 -19.196136 
7009 -9.166018 
7052 -7.448391 
7095 -7.101381 
7138 -16.163507 
7181 -17.817711 
7224 -15.624856 
7267 -8.379258 
7310 1.049793 
7353 -11.207014 
7396 -23.816049 
7439 -34.318378 
7482 -12.390441 
7525 -10.643466 
7568 -9.408521 
7611 -13.440065 
7654 -19.980008 
7697 -13.333582 
7740 -13.476737 
7783 -9.937677 
7826 -14.048254 
7869 -20.698381 
7912 -14.489993 
7955 -15.655251 
7998 -21.861200 
8041 -17.713845 
8084 -14.331257 
8127 -9.288336 
8170 -35.265561 
8213 -26.890990 
8256 -22.990817 
8299 -18.990138 
8342 -14.403025 
8385 -21.345872 
8428 -17.629723 
8471 -18.009346 
8514 -17.719363 
8557 -27.314281 
8600 -41.016987 
8643 -17.644065 
8686 -13.832818 
8729 -16.058947 
8772 -32.933719 
8815 -30.713610 
8858 -23.306317 
8901 -22.989185 
8944 -21.986337 
8987 -43.795916 
9030 -28.065240 
9073 -31.553689 
9116 -32.107316 
9159 -39.461079 
9202 -27.505144 
9245 -27.130374 
9288 -25.924807 
9331 -5.444060 
9374 -32.511136 
9417 -38.152879 
9460 -40.054346 
9503 -30.607706 
9546 -23.796382 
9589 -20.763442 
9632 -14.608381 
9675 -30.173992 
9718 -27.202264 
9761 -25.894073 
9804 -15.981277 
9847 -33.671468 
9890 -37.790701 
9933 -30.718641 
9976 -13.801529 
10019 -18.105389 
10062 -20.873977 
10105 -13.212848 
10148 -11.678362 
10191 -15.913915 
10234 -46.039851 
10277 -23.530260 
10320 -24.183560 
10363 -41.674354 
10406 -21.262060 
10449 -36.727358 
10492 -36.283409 
10535 -21.742895 
10578 -31.743632 
10621 -25.716281 
10664 -20.453118 
10707 -19.959371 
10750 -12.539105 
10793 -18.116747 
10836 -12.908467 
10879 -4.746213 
10922 -17.878165 
10965 -22.621004 
11008 -15.558317 
11051 -17.851100 
11094 -16.087904 
11137 -12.645920 
11180 -18.813607 
11223 -17.432637 
11266 -14.250103 
11309 -9.575861 
11352 -22.196106 
11395 -21.741233 
11438 -21.845031 
11481 -22.667503 
11524 -10.912694 
11567 -5.019921 
11610 -12.687754 
11653 -14.175865 
11696 -16.389932 
11739 -21.827779 
11782 -17.167445 
11825 -17.265240 
11868 -5.116324 
11911 -3.051869 
11954 -1.844495 
11997 5.413805 
12040 -14.028961 
12083 -14.829349 
12126 -13.277282 
12169 -18.044589 
12212 -24.632144 
12255 -32.676509 
12298 -30.148554 
12341 -29.426767 
12384 -27.704814 
12427 -22.135587 
12470 -18.497339 
12513 -12.149662 
12556 -16.588982 
12599 -20.957299 
12642 -5.012156 
12685 -7.163202 
12728 -11.039502 
12771 -19.316276 
12814 -24.623148 
12857 -25.828222 
12900 -40.058837 
12943 -16.200202 
12986 -22.936430 
13029 -26.596156 
13072 -29.817716 
13115 -32.231589 
13158 -27.703182 
13201 -31.567362 
13244 -28.253239 
13287 -25.580773 
13330 -20.080360 
13373 -21.698877 
13416 -20.380115 
13459 -25.898141 
13502 -35.046612 
13545 -25.642813 
13588 -22.669786 
13631 -21.791059 
13674 -22.363595 
13717 -24.363094 
13760 -21.068939 
13803 -44.515603 
13846 -38.443313 
13889 -24.471100 
13932 -28.904518 
13975 -29.389619 
14018 -30.237594 
14061 -42.365076 
14104 -35.422466 
14147 -34.606345 
14190 -30.520291 
14233 -31.024832 
14276 -29.000831 
14319 -26.365052 
14362 -29.486576 
14405 -28.032189 
14448 -36.241192 
14491 -17.000793 
14534 -37.818888 
14577 -34.106012 
14620 -29.705731 
14663 -33.943075 
14706 -29.429336 
14749 -29.576415 
14792 -38.024111 
14835 -32.189622 
14878 -27.617008 
14921 -32.653625 
14964 -38.965999 
