7998 -22.238202 
8041 -26.780688 
8084 -21.592262 
8127 -30.673894 
8170 -33.255809 
8213 -32.415318 
8256 -28.059505 
8299 -34.650116 
8342 -21.954973 
8385 -24.093460 
8428 -23.016522 
8471 -32.568634 
8514 -32.130028 
8557 -40.227683 
8600 -49.722116 
8643 -35.636919 
8686 -27.699783 
8729 -37.085293 
8772 -38.988467 
8815 -35.698749 
8858 -28.824993 
8901 -36.736743 
8944 -29.591780 
8987 -30.691847 
9030 -28.813353 
9073 -36.285193 
9116 -42.241703 
9159 -52.350007 
9202 -62.115916 
9245 -44.309361 
9288 -38.279103 
9331 -42.306532 
9374 -39.710885 
9417 -48.701399 
9460 -50.719491 
9503 -47.079642 
9546 -42.704478 
9589 -48.354479 
9632 -47.690568 
9675 -43.791423 
9718 -34.618624 
9761 -39.516432 
9804 -43.126339 
9847 -46.107298 
9890 -40.974051 
9933 -39.276251 
9976 -28.989146 
10019 -36.036481 
10062 -31.635865 
10105 -27.506277 
10148 -21.210095 
10191 -30.973151 
10234 -34.568748 
10277 -39.309815 
10320 -31.537443 
10363 -32.626021 
10406 -29.552440 
10449 -31.714158 
10492 -26.538084 
10535 -42.089762 
10578 -30.308728 
10621 -34.328577 
10664 -23.712169 
10707 -32.945961 
10750 -27.450180 
10793 -28.389040 
10836 -24.408831 
10879 -27.159872 
10922 -23.639196 
10965 -28.497141 
11008 -28.287469 
11051 -36.540116 
11094 -28.097897 
11137 -49.460113 
11180 -28.679214 
11223 -32.358708 
11266 -21.854993 
11309 -30.658304 
11352 -28.714604 
11395 -40.214815 
11438 -26.825384 
11481 -35.760155 
11524 -29.798526 
11567 -35.481815 
11610 -37.483516 
11653 -39.498777 
11696 -36.526681 
11739 -38.042959 
11782 -31.415666 
11825 -36.408678 
11868 -40.911882 
11911 -53.257909 
11954 -37.435444 
