0 -1.332748 
43 -32.408898 
86 -34.503860 
129 -13.191827 
172 -7.039021 
215 -9.409744 
258 -9.711583 
301 -6.607517 
344 -23.945616 
387 -20.341514 
430 -18.320949 
473 -17.931851 
516 -19.721791 
559 -5.463586 
602 -23.974052 
645 -19.534773 
688 -18.270357 
731 -15.489776 
774 -24.450798 
817 -24.262330 
860 -24.004536 
903 -17.806517 
946 -9.761123 
989 -14.992390 
1032 -19.770972 
1075 -22.324117 
1118 -25.030570 
1161 -19.581334 
1204 -26.136470 
1247 -21.007805 
1290 -21.195658 
1333 -20.594510 
1376 -21.308680 
1419 -21.719752 
1462 -20.857416 
1505 -20.862122 
1548 -17.534850 
1591 -17.196808 
1634 -14.951328 
1677 -14.127913 
1720 -16.020577 
1763 -14.328139 
1806 -17.942259 
1849 -42.898021 
1892 -23.406229 
1935 -17.622166 
1978 -26.954494 
2021 -21.488694 
2064 -21.220450 
2107 -14.840242 
2150 -19.132115 
2193 -16.384349 
2236 -15.963217 
2279 -16.727469 
2322 0.236626 
2365 1.095728 
2408 -2.705603 
2451 -13.373152 
2494 -7.960279 
2537 -18.349550 
2580 -9.698715 
2623 -9.504090 
2666 -7.613920 
2709 -10.000309 
2752 -4.206945 
2795 -6.759357 
2838 -5.920267 
2881 -3.725555 
2924 -2.283919 
2967 -1.134319 
3010 -7.852302 
3053 -1.577211 
3096 -0.704345 
3139 -6.449144 
3182 2.165222 
3225 -0.980970 
3268 -2.066311 
3311 -3.244427 
3354 -4.934520 
3397 -5.698845 
3440 -5.071431 
3483 -5.444523 
3526 -7.233221 
3569 -4.616120 
3612 -6.782980 
3655 -3.962936 
3698 -8.281294 
3741 6.161305 
3784 1.920578 
3827 8.845141 
3870 2.949433 
3913 4.346789 
3956 0.005664 
3999 -1.912612 
4042 3.934231 
4085 1.974632 
4128 0.037843 
4171 -1.112751 
4214 0.093771 
4257 -0.232543 
4300 -3.597791 
4343 -6.051781 
4386 -3.980012 
4429 -2.999703 
4472 -6.749354 
4515 -7.129576 
4558 0.395817 
4601 -0.543097 
4644 -1.883515 
4687 4.412630 
4730 -0.302835 
4773 -0.394990 
4816 -0.710518 
4859 4.177761 
4902 0.251841 
4945 3.455465 
4988 -2.174738 
5031 -7.517011 
5074 -5.182377 
5117 -12.700445 
5160 -0.041414 
5203 -4.179157 
5246 -3.910118 
5289 -4.131507 
5332 -4.254445 
5375 2.515445 
5418 -0.381401 
5461 -1.837315 
5504 -7.590182 
5547 7.967429 
5590 -5.575635 
5633 -7.581654 
5676 -8.097702 
5719 -11.494575 
5762 -1.618841 
5805 0.676684 
5848 -3.641980 
5891 -12.821488 
5934 -2.173310 
5977 -11.056470 
6020 -2.255543 
6063 -30.208302 
6106 -15.808640 
6149 1.255874 
6192 -14.237501 
6235 -9.865591 
6278 -14.925154 
6321 -15.774897 
6364 -27.555719 
6407 -30.000394 
6450 -26.572933 
6493 -21.712252 
6536 -21.159280 
6579 -14.649848 
6622 -22.813378 
6665 -21.279949 
6708 -10.492885 
6751 -20.873438 
6794 -18.486365 
6837 -10.325985 
6880 -13.162896 
6923 -13.259555 
6966 -16.232121 
7009 -10.463927 
7052 -8.839309 
7095 -8.287130 
7138 -15.761730 
7181 -17.780936 
7224 -15.202292 
7267 -8.184711 
7310 -1.575277 
7353 -12.607200 
7396 -27.668265 
7439 -31.774110 
7482 -11.839232 
7525 -14.809051 
7568 -13.045695 
7611 -16.981551 
7654 -23.982403 
7697 -15.073766 
7740 -14.316859 
7783 -10.633479 
7826 -12.772593 
7869 -17.388388 
7912 -19.590381 
7955 -17.761988 
7998 -22.148781 
8041 -18.195611 
8084 -13.974974 
8127 -7.601511 
8170 -21.842595 
8213 -28.668049 
8256 -23.659087 
8299 -16.523218 
8342 -10.847457 
8385 -29.856667 
8428 -18.050020 
8471 -18.271372 
8514 -18.535822 
8557 -30.193771 
8600 -45.696728 
8643 -25.977733 
8686 -20.399337 
8729 -23.807221 
8772 -41.269221 
8815 -38.729777 
8858 -25.876151 
8901 -24.310236 
8944 -25.796417 
8987 -35.780574 
9030 -35.666158 
9073 -39.618275 
9116 -54.414573 
9159 -43.233459 
9202 -37.002607 
9245 -39.502918 
9288 -40.875479 
9331 -12.636124 
9374 -36.900267 
9417 -37.006265 
9460 -36.140486 
9503 -31.003946 
9546 -26.477281 
9589 -24.190983 
9632 -18.976949 
9675 -29.053656 
9718 -27.068774 
9761 -28.932963 
9804 -17.335107 
9847 -35.569395 
9890 -41.724721 
9933 -38.234440 
9976 -28.878234 
10019 -37.147191 
10062 -44.140543 
10105 -26.554841 
10148 -24.649297 
10191 -26.223100 
10234 -25.689733 
10277 -22.063189 
10320 -23.434320 
10363 -51.416197 
10406 -19.730563 
10449 -29.876640 
10492 -30.381948 
10535 -18.883996 
10578 -31.260678 
10621 -25.690973 
10664 -21.261228 
10707 -17.849405 
10750 -13.883322 
10793 -14.572472 
10836 -11.749508 
10879 -2.956357 
10922 -14.548622 
10965 -19.344372 
11008 -10.816753 
11051 -14.039806 
11094 -15.474150 
11137 -9.467032 
11180 -12.134968 
11223 -9.648296 
11266 -9.557786 
11309 -5.498770 
11352 -20.081074 
11395 -16.764312 
11438 -13.758435 
11481 -13.980142 
11524 -8.744567 
11567 -0.889632 
11610 -13.736017 
11653 -19.616934 
11696 -19.558334 
11739 -22.615132 
11782 -18.510447 
11825 -23.282144 
11868 -4.765662 
11911 -3.780589 
11954 -3.819885 
11997 3.651840 
12040 -17.836791 
12083 -16.445470 
12126 -15.182638 
12169 -20.004874 
12212 -25.093054 
12255 -35.367515 
12298 -28.733805 
12341 -30.450103 
12384 -26.183446 
12427 -21.353218 
12470 -19.497333 
12513 -13.453192 
12556 -19.501804 
12599 -22.125522 
12642 -6.347420 
12685 -10.029951 
12728 -19.024624 
12771 -25.154333 
12814 -28.769182 
12857 -31.045606 
12900 -31.934684 
12943 -16.564581 
12986 -27.058695 
13029 -27.835590 
13072 -31.778003 
13115 -28.547429 
13158 -25.133230 
13201 -25.946610 
13244 -26.806164 
13287 -24.630653 
13330 -22.225483 
13373 -12.722784 
13416 -22.076204 
13459 -29.077363 
13502 -34.078107 
13545 -30.802454 
13588 -34.303514 
13631 -26.958764 
13674 -24.237555 
13717 -21.518428 
13760 -20.614878 
13803 -34.520775 
13846 -38.081211 
13889 -28.934962 
13932 -35.401228 
13975 -32.997882 
14018 -31.875565 
14061 -27.321856 
14104 -34.333058 
14147 -33.661381 
14190 -28.041107 
14233 -29.146937 
14276 -30.624886 
14319 -29.740412 
14362 -37.321186 
14405 -30.493756 
14448 -49.628753 
14491 -20.418604 
14534 -37.386065 
14577 -42.369085 
14620 -24.862181 
14663 -35.256927 
14706 -45.233122 
14749 -33.257700 
14792 -31.994909 
14835 -38.393685 
14878 -45.904455 
14921 -28.718487 
14964 -23.066777 
