7998 3.787821 
8041 1.795514 
8084 1.145883 
8127 0.414771 
8170 3.265075 
8213 4.889708 
8256 6.106393 
8299 5.705186 
8342 8.050418 
8385 4.400878 
8428 1.247096 
8471 2.140613 
8514 3.029019 
8557 5.057978 
8600 0.827524 
8643 1.768541 
8686 2.245574 
8729 2.182478 
8772 1.950601 
8815 3.465097 
8858 3.090901 
8901 3.494790 
8944 5.957580 
8987 6.543707 
9030 7.123081 
9073 6.034701 
9116 6.855303 
9159 -5.967791 
9202 -18.003417 
9245 0.581482 
9288 -2.291050 
9331 -2.108533 
9374 -3.251382 
9417 -3.149599 
9460 -5.979723 
9503 -9.724246 
9546 -10.338550 
9589 -7.911036 
9632 -10.449169 
9675 -5.647677 
9718 -1.615132 
9761 -2.230858 
9804 -7.039889 
9847 4.887563 
9890 -4.659271 
9933 1.610491 
9976 6.503831 
10019 4.291694 
10062 2.851170 
10105 6.324437 
10148 7.338964 
10191 5.632938 
10234 13.846873 
10277 7.448211 
10320 4.965147 
10363 5.763482 
10406 8.878987 
10449 7.342209 
10492 8.365021 
10535 5.532289 
10578 4.988760 
10621 11.984426 
10664 7.423811 
10707 12.555216 
10750 0.837794 
10793 0.616276 
10836 2.355654 
10879 2.037409 
10922 2.717014 
10965 0.820797 
11008 -0.583753 
11051 2.260425 
11094 -0.226481 
11137 -5.119302 
11180 0.687968 
11223 0.348224 
11266 1.243360 
11309 1.073221 
11352 -0.031967 
11395 -0.462955 
11438 -0.562479 
11481 -1.084241 
11524 -0.724791 
11567 -1.549905 
11610 -3.730850 
11653 -1.801004 
11696 -1.660698 
11739 -2.026359 
11782 -0.632113 
11825 -4.359192 
11868 -10.410694 
11911 -4.730912 
11954 -2.415960 
11997 -3.490961 
12040 -6.855200 
12083 -16.586751 
12126 -14.654435 
12169 -12.951423 
12212 -8.954691 
12255 -7.918783 
12298 -5.955347 
12341 -2.391982 
12384 -11.120972 
12427 -18.493561 
12470 -19.045771 
12513 -7.174751 
12556 -12.949515 
12599 -9.017512 
12642 -6.980430 
12685 -6.022246 
12728 -6.129528 
12771 -7.201867 
12814 -11.519760 
12857 -9.384815 
12900 -2.193972 
12943 -1.891495 
12986 -5.263291 
13029 -0.599202 
13072 1.647282 
13115 0.880155 
13158 0.263905 
13201 -0.555679 
13244 -0.682635 
13287 4.236521 
13330 8.405201 
13373 11.346068 
13416 8.954499 
13459 4.357024 
13502 5.832931 
13545 12.039086 
13588 10.277204 
13631 13.051034 
13674 10.585836 
13717 13.946233 
13760 19.940304 
13803 21.703282 
13846 24.772872 
13889 16.864141 
13932 18.435702 
13975 21.251579 
14018 17.099037 
14061 5.577065 
14104 14.628372 
14147 15.847306 
14190 16.823335 
14233 22.272261 
14276 20.488230 
14319 7.832927 
14362 21.564370 
14405 20.601608 
14448 15.123936 
14491 8.161996 
14534 10.339546 
14577 18.349419 
14620 14.288153 
14663 34.937653 
14706 18.167439 
14749 17.494454 
14792 16.774893 
14835 19.799346 
14878 19.130948 
14921 10.369299 
14964 8.933554 
