7998 -26.033986 
8041 -28.830215 
8084 -22.820887 
8127 -30.667986 
8170 -36.498459 
8213 -37.143901 
8256 -34.164397 
8299 -40.842941 
8342 -29.881884 
8385 -28.424365 
8428 -24.270175 
8471 -34.682793 
8514 -34.969846 
8557 -44.388550 
8600 -49.446916 
8643 -37.721818 
8686 -29.937672 
8729 -39.685461 
8772 -41.517701 
8815 -39.245663 
8858 -31.912581 
8901 -40.684823 
8944 -35.430143 
8987 -36.960092 
9030 -35.944829 
9073 -42.290865 
9116 -49.352330 
9159 -44.440880 
9202 -37.673980 
9245 -44.308540 
9288 -35.804157 
9331 -40.340610 
9374 -36.437627 
9417 -45.645357 
9460 -45.588703 
9503 -41.643541 
9546 -32.167650 
9589 -40.250680 
9632 -37.150187 
9675 -37.955449 
9718 -33.010615 
9761 -37.595660 
9804 -36.411233 
9847 -51.449069 
9890 -38.091966 
9933 -41.334033 
9976 -35.500947 
10019 -41.069404 
10062 -34.614962 
10105 -34.185830 
10148 -28.560547 
10191 -36.853411 
10234 -49.339680 
10277 -45.410914 
10320 -36.772624 
10363 -39.070381 
10406 -38.362996 
10449 -38.855851 
10492 -34.778551 
10535 -55.417746 
10578 -35.219050 
10621 -47.248271 
10664 -31.133939 
10707 -46.517488 
10750 -28.263458 
10793 -29.040762 
10836 -26.812682 
10879 -29.195420 
10922 -26.356110 
10965 -29.398599 
11008 -27.576488 
11051 -39.336308 
11094 -27.843386 
11137 -51.218042 
11180 -29.251568 
11223 -32.843229 
11266 -23.118879 
11309 -31.824653 
11352 -28.702234 
11395 -39.583824 
11438 -26.275806 
11481 -34.694641 
11524 -29.090230 
11567 -34.062721 
11610 -33.567225 
11653 -37.372224 
11696 -35.008691 
11739 -36.625669 
11782 -30.834434 
11825 -32.214456 
11868 -30.583227 
11911 -45.840916 
11954 -35.006496 
