7998 -28.279035 
8041 -27.043642 
8084 -22.559077 
8127 -28.351151 
8170 -34.848288 
8213 -42.759517 
8256 -29.192173 
8299 -27.366628 
8342 -22.183654 
8385 -27.894900 
8428 -17.973959 
8471 -24.320813 
8514 -28.757089 
8557 -35.516225 
8600 -53.390469 
8643 -30.429046 
8686 -22.779583 
8729 -28.465599 
8772 -36.325408 
8815 -39.739740 
8858 -28.046211 
8901 -32.642527 
8944 -28.612993 
8987 -36.430435 
9030 -23.887722 
9073 -32.544982 
9116 -36.377593 
9159 -38.492011 
9202 -28.298354 
9245 -27.142834 
9288 -25.201238 
9331 -33.690011 
9374 -28.674686 
9417 -32.861283 
9460 -35.332114 
9503 -27.724229 
9546 -22.194871 
9589 -27.999813 
9632 -28.378795 
9675 -29.388830 
9718 -25.020701 
9761 -29.790367 
9804 -28.497607 
9847 -31.344210 
9890 -29.969827 
9933 -31.901639 
9976 -24.879868 
10019 -33.151668 
10062 -25.721008 
10105 -20.416242 
10148 -13.473301 
10191 -19.676171 
10234 -30.386254 
10277 -30.197742 
10320 -27.205728 
10363 -35.458238 
10406 -23.870583 
10449 -36.058176 
10492 -24.261193 
10535 -26.670390 
10578 -25.999265 
10621 -24.709697 
10664 -20.336557 
10707 -22.280573 
10750 -21.422040 
10793 -26.678224 
10836 -19.875473 
10879 -30.538317 
10922 -21.025414 
10965 -36.007851 
11008 -24.851819 
11051 -26.512130 
11094 -22.786929 
11137 -25.915509 
11180 -26.231446 
11223 -26.185403 
11266 -18.964445 
11309 -23.752221 
11352 -25.785862 
11395 -27.821744 
11438 -23.939037 
11481 -31.129564 
11524 -26.783650 
11567 -37.885555 
11610 -29.374925 
11653 -36.730614 
11696 -32.683517 
11739 -38.840588 
11782 -27.205797 
11825 -37.509876 
11868 -27.264004 
11911 -31.153846 
11954 -32.678084 
