7998 2.315155 
8041 0.522193 
8084 4.413956 
8127 4.366600 
8170 5.350830 
8213 5.075305 
8256 5.320235 
8299 4.987024 
8342 2.986558 
8385 3.281622 
8428 0.187397 
8471 0.005156 
8514 1.257589 
8557 1.887814 
8600 1.359715 
8643 2.413439 
8686 4.001892 
8729 2.455612 
8772 2.216313 
8815 2.811107 
8858 3.677581 
8901 -1.135086 
8944 6.629468 
8987 8.212914 
9030 6.017607 
9073 6.362952 
9116 3.274792 
9159 -0.115836 
9202 -1.920728 
9245 -2.476509 
9288 -7.452543 
9331 -5.188853 
9374 -7.106592 
9417 -4.453362 
9460 -1.931805 
9503 6.189674 
9546 1.024523 
9589 10.408762 
9632 -13.803915 
9675 -20.828298 
9718 -11.118400 
9761 -11.519900 
9804 -9.960511 
9847 -8.300960 
9890 -2.297999 
9933 -0.557540 
9976 -0.111531 
10019 2.762583 
10062 5.590494 
10105 5.913504 
10148 10.182190 
10191 -3.457523 
10234 -0.189225 
10277 0.339254 
10320 1.059519 
10363 7.794565 
10406 3.948150 
10449 7.316407 
10492 3.415443 
10535 3.991992 
10578 3.878798 
10621 5.738096 
10664 1.363020 
10707 0.914163 
10750 0.601833 
10793 1.090431 
10836 0.597816 
10879 -5.289935 
10922 -4.082929 
10965 -0.276770 
11008 1.534206 
11051 1.325386 
11094 -1.789433 
11137 -4.305853 
11180 -5.875826 
11223 0.034454 
11266 1.827457 
11309 2.540057 
11352 -1.375058 
11395 -6.561997 
11438 -1.080924 
11481 -0.909316 
11524 -1.352890 
11567 1.923882 
11610 2.483525 
11653 1.994518 
11696 -2.981867 
11739 -3.177689 
11782 -2.159142 
11825 -4.903098 
11868 -4.181853 
11911 -6.805779 
11954 -7.299822 
11997 -9.047619 
12040 -4.728385 
12083 -4.438261 
12126 -2.414278 
12169 -7.409544 
12212 -10.082332 
12255 -14.593516 
12298 -22.249497 
12341 -26.424204 
12384 -19.344101 
12427 -5.034844 
12470 -14.365163 
12513 -16.303743 
12556 -20.428116 
12599 -1.772665 
12642 -7.881368 
12685 -7.325802 
12728 -0.024063 
12771 -0.169370 
12814 -0.799081 
12857 -1.566456 
12900 -5.064965 
12943 -0.577290 
12986 -6.733560 
13029 -0.609282 
13072 0.564166 
13115 1.878966 
13158 5.052890 
13201 3.249022 
13244 1.849130 
13287 -10.793759 
13330 -2.650401 
13373 0.552486 
13416 6.189083 
13459 5.779022 
13502 5.386560 
13545 9.022871 
13588 15.725624 
13631 14.470237 
13674 15.113845 
13717 13.505552 
13760 12.662392 
13803 13.952683 
13846 19.938585 
13889 21.834459 
13932 21.258410 
13975 18.457520 
14018 18.461554 
14061 20.382608 
14104 24.749840 
14147 8.890519 
14190 13.849451 
14233 16.758749 
14276 26.481879 
14319 14.213129 
14362 19.536485 
14405 16.345119 
14448 24.022757 
14491 24.062148 
14534 21.467243 
14577 8.421269 
14620 12.858936 
14663 13.806785 
14706 11.591207 
14749 10.346864 
14792 10.956303 
14835 10.906054 
14878 10.186119 
14921 17.907514 
14964 7.080876 
