7998 -15.252851 
8041 -19.386238 
8084 -20.355815 
8127 -26.061951 
8170 -32.869078 
8213 -35.916855 
8256 -26.644077 
8299 -32.794228 
8342 -38.543355 
8385 -34.376189 
8428 -26.243189 
8471 -30.400920 
8514 -29.601290 
8557 -26.714484 
8600 -20.784730 
8643 -18.158725 
8686 -13.807493 
8729 -28.978789 
8772 -12.937357 
8815 -17.865325 
8858 -16.088875 
8901 -21.239659 
8944 -26.577459 
8987 -25.873232 
9030 -22.049508 
9073 -28.311188 
9116 -30.658203 
9159 -34.910235 
9202 -36.004368 
9245 -34.726533 
9288 -25.934458 
9331 -39.957527 
9374 -24.759155 
9417 -28.936755 
9460 -26.688728 
9503 -28.505428 
9546 -26.780817 
9589 -30.480970 
9632 -19.292600 
9675 -22.703323 
9718 -23.243769 
9761 -29.856275 
9804 -28.648010 
9847 -42.502906 
9890 -26.775069 
9933 -28.626278 
9976 -26.631355 
10019 -24.930041 
10062 -20.378147 
10105 -33.491615 
10148 -26.385526 
10191 -27.184772 
10234 -24.472498 
10277 -32.650213 
10320 -28.608168 
10363 -32.214097 
10406 -31.846675 
10449 -42.225898 
10492 -32.490623 
10535 -35.233035 
10578 -25.622618 
10621 -32.113592 
10664 -30.810285 
10707 -35.448651 
10750 -38.412923 
10793 -36.984949 
10836 -30.106151 
10879 -37.867921 
10922 -30.522647 
10965 -31.414500 
11008 -24.231957 
11051 -40.320269 
11094 -28.341370 
11137 -36.571400 
11180 -41.258107 
11223 -33.961298 
11266 -28.591254 
11309 -34.647009 
11352 -29.522707 
11395 -37.137264 
11438 -28.901693 
11481 -33.385081 
11524 -29.016892 
11567 -36.002105 
11610 -33.615583 
11653 -43.804486 
11696 -44.028957 
11739 -47.255056 
11782 -47.742926 
11825 -49.096313 
11868 -45.390616 
11911 -45.309551 
11954 -42.136502 
