7998 5.714029 
8041 0.410740 
8084 1.573998 
8127 2.738445 
8170 8.554581 
8213 2.568028 
8256 2.876182 
8299 2.979784 
8342 6.476797 
8385 6.767926 
8428 5.000226 
8471 7.190984 
8514 11.035973 
8557 13.816918 
8600 11.096910 
8643 5.079021 
8686 -9.223034 
8729 -12.199107 
8772 -10.141852 
8815 -2.529339 
8858 12.803429 
8901 5.811380 
8944 5.665664 
8987 5.658744 
9030 -0.529344 
9073 1.755214 
9116 0.645574 
9159 -4.506204 
9202 -5.444048 
9245 -4.450412 
9288 -11.220790 
9331 15.573799 
9374 3.388279 
9417 -2.398673 
9460 5.843522 
9503 1.584309 
9546 2.152415 
9589 -8.337320 
9632 -0.586563 
9675 -3.724949 
9718 23.597003 
9761 5.853392 
9804 5.835214 
9847 6.823081 
9890 13.914694 
9933 5.374078 
9976 -1.117638 
10019 0.690468 
10062 8.039017 
10105 7.129669 
10148 1.898073 
10191 -4.093049 
10234 -13.894401 
10277 -0.441862 
10320 0.332506 
10363 13.826625 
10406 6.836389 
10449 4.026600 
10492 6.790831 
10535 20.757198 
10578 -2.851374 
10621 -1.945521 
10664 -5.021234 
10707 7.453415 
10750 7.779432 
10793 1.163374 
10836 7.470769 
10879 -3.814468 
10922 -13.469389 
10965 -3.552681 
11008 3.971081 
11051 -4.168705 
11094 8.490762 
11137 9.678128 
11180 -2.220454 
11223 2.126617 
11266 2.242914 
11309 4.517117 
11352 4.111003 
11395 4.999391 
11438 12.772874 
11481 12.291688 
11524 11.154487 
11567 14.453520 
11610 2.313062 
11653 1.112164 
11696 -6.639384 
11739 5.211829 
11782 0.518755 
11825 -7.983347 
11868 -1.404216 
11911 0.606056 
11954 3.306248 
11997 6.685358 
12040 15.219205 
12083 -0.596066 
12126 2.777918 
12169 4.776061 
12212 -6.958634 
12255 -3.611639 
12298 -1.399320 
12341 12.612892 
12384 2.784643 
12427 7.714530 
12470 3.179079 
12513 -7.581206 
12556 -0.409781 
12599 1.156628 
12642 -1.289491 
12685 -1.509585 
12728 -1.982228 
12771 13.316097 
12814 1.051732 
12857 -0.885755 
12900 -17.153085 
12943 12.793280 
12986 7.445350 
13029 2.351031 
13072 -0.961635 
13115 -0.883142 
13158 -5.677936 
13201 5.644300 
13244 13.146865 
13287 9.438251 
13330 2.680942 
13373 -3.046294 
13416 1.379282 
13459 3.368467 
13502 1.106388 
13545 -3.228796 
13588 11.345062 
13631 14.089449 
13674 -7.671174 
13717 9.559539 
13760 4.788956 
13803 4.483228 
13846 7.851343 
13889 3.006084 
13932 -3.148037 
13975 0.875046 
14018 8.180983 
14061 4.011754 
14104 2.445454 
14147 0.887314 
14190 2.413511 
14233 -9.180275 
14276 -0.220982 
14319 -2.943287 
14362 -11.549242 
14405 -18.768757 
14448 -5.832842 
14491 4.323978 
14534 13.393471 
14577 13.759627 
14620 2.104549 
14663 -1.837126 
14706 4.541423 
14749 6.847190 
14792 4.535662 
14835 7.019072 
14878 10.834690 
14921 5.759571 
14964 4.512107 
