0 -11.949517 
43 -31.214922 
86 -31.968085 
129 -9.499817 
172 -7.383394 
215 -8.405197 
258 0.344906 
301 -15.265811 
344 -29.962719 
387 -21.297274 
430 -14.199308 
473 -13.818151 
516 -18.861032 
559 -17.462299 
602 -25.561313 
645 -33.561270 
688 -25.522064 
731 -21.224803 
774 -23.376340 
817 -33.888680 
860 -36.352411 
903 -27.589260 
946 -20.870556 
989 -21.957850 
1032 -18.738238 
1075 -22.104560 
1118 -16.881991 
1161 -8.419579 
1204 -21.888068 
1247 -19.036566 
1290 -23.110527 
1333 -36.274218 
1376 -24.570642 
1419 -30.507608 
1462 -23.788512 
1505 -13.899882 
1548 -11.826443 
1591 -17.823350 
1634 -26.624515 
1677 -24.504347 
1720 -19.819317 
1763 -23.456961 
1806 -20.818468 
1849 -20.113277 
1892 -19.850547 
1935 -26.537161 
1978 -24.462005 
2021 -17.517474 
2064 -14.939596 
2107 -12.890787 
2150 -12.209966 
2193 -11.169122 
2236 -14.380398 
2279 -13.296549 
2322 -14.753225 
2365 -15.852576 
2408 -16.358054 
2451 -11.184517 
2494 -13.862324 
2537 -15.736834 
2580 -8.987903 
2623 -2.630545 
2666 -10.277106 
2709 -4.627177 
2752 -8.291005 
2795 -15.166404 
2838 -11.726567 
2881 -23.001481 
2924 -14.028144 
2967 -2.680158 
3010 -7.405754 
3053 -1.794742 
3096 -5.692308 
3139 -8.012244 
3182 -2.085008 
3225 -3.450184 
3268 -4.740108 
3311 5.569515 
3354 6.902586 
3397 8.714339 
3440 -0.213584 
3483 3.411132 
3526 7.619013 
3569 12.022097 
3612 3.416161 
3655 -6.637586 
3698 3.740287 
3741 4.516137 
3784 3.816356 
3827 23.521972 
3870 4.990169 
3913 6.865239 
3956 -2.914685 
3999 16.823238 
4042 10.512440 
4085 5.515397 
4128 2.994519 
4171 -6.200492 
4214 -2.425957 
4257 -3.289778 
4300 -5.444205 
4343 -6.069694 
4386 -14.986864 
4429 -11.866040 
4472 -10.353563 
4515 -15.196112 
4558 0.357169 
4601 -2.645670 
4644 -5.028245 
4687 -13.971119 
4730 -10.729397 
4773 -26.945046 
4816 -8.271730 
4859 -18.707404 
4902 -18.251443 
4945 -11.246203 
4988 -15.244526 
5031 -8.979413 
5074 -7.823447 
5117 -7.027184 
5160 -18.675365 
5203 10.189252 
5246 -1.392968 
5289 -3.231202 
5332 -16.401522 
5375 -13.406657 
5418 -11.683203 
5461 -2.114387 
5504 -9.626256 
5547 -26.222095 
5590 -15.707827 
5633 -14.685464 
5676 -16.821456 
5719 -9.261133 
5762 -21.683955 
5805 -32.534118 
5848 -28.644975 
5891 -17.731881 
5934 -11.705231 
5977 -23.618299 
6020 -26.735476 
6063 -16.367979 
6106 -8.384168 
6149 -15.693299 
6192 -14.955797 
6235 -15.325068 
6278 -17.065551 
6321 -10.800360 
6364 -1.480155 
6407 -11.486306 
6450 -34.299189 
6493 -4.091354 
6536 -15.854179 
6579 -37.491359 
6622 -15.568145 
6665 -6.292472 
6708 -11.101867 
6751 -17.206521 
6794 -13.659378 
6837 -9.392119 
6880 -15.582007 
6923 -4.693449 
6966 -2.770911 
7009 -8.319251 
7052 -10.695268 
7095 0.331967 
7138 -9.006191 
7181 -7.082032 
7224 -2.912989 
7267 -1.962579 
7310 -17.527976 
7353 1.441582 
7396 -7.049606 
7439 -22.983582 
7482 -2.976766 
7525 -5.174133 
7568 -6.218574 
7611 -5.119223 
7654 -1.200569 
7697 -9.660777 
7740 -20.489040 
7783 -12.571259 
7826 -3.683621 
7869 1.023268 
7912 7.152702 
7955 -11.994972 
7998 -15.464696 
8041 -8.404487 
8084 1.786715 
8127 -13.469551 
8170 -8.500070 
8213 -3.254394 
8256 -5.055302 
8299 -5.837186 
8342 -3.362381 
8385 1.941393 
8428 -5.289492 
8471 -5.892333 
8514 -5.626448 
8557 3.014831 
8600 -13.107859 
8643 -6.095659 
8686 -9.227594 
8729 -6.495487 
8772 -12.849656 
8815 -14.493377 
8858 -13.018697 
8901 -17.844433 
8944 -21.736492 
8987 15.228917 
9030 1.159086 
9073 -4.717856 
9116 24.640508 
9159 -7.658740 
9202 -4.802753 
9245 3.785598 
9288 0.735246 
9331 -6.263543 
9374 -13.143385 
9417 -0.895401 
9460 -2.496618 
9503 -3.650934 
9546 -2.610606 
9589 2.945244 
9632 4.934228 
9675 1.028832 
9718 -14.571424 
9761 4.398446 
9804 6.968359 
9847 -5.008481 
9890 4.611392 
9933 17.316279 
9976 -3.784670 
10019 -0.756218 
10062 -14.309671 
10105 -4.732909 
10148 -11.686595 
10191 -22.541120 
10234 10.518776 
10277 -1.559396 
10320 -6.340010 
10363 -27.479824 
10406 -7.749350 
10449 -8.363200 
10492 -13.612437 
10535 -11.738019 
10578 -17.044321 
10621 -12.721585 
10664 -18.334848 
10707 -14.531091 
10750 -13.774030 
10793 -7.876317 
10836 0.348911 
10879 1.670235 
10922 4.319380 
10965 -13.401912 
11008 -6.997083 
11051 -3.596042 
11094 0.468169 
11137 0.792704 
11180 0.208781 
11223 6.960257 
11266 0.945605 
11309 -3.985793 
11352 -7.617953 
11395 16.012407 
11438 -5.020874 
11481 -8.339910 
11524 -6.826783 
11567 2.400454 
11610 7.705499 
11653 -0.171254 
11696 -5.457938 
11739 -9.675052 
11782 0.485936 
11825 -22.104839 
11868 -6.671066 
11911 -9.151867 
11954 -13.843006 
11997 -16.006291 
12040 -16.968182 
12083 -16.173681 
12126 -9.074432 
12169 -4.797136 
12212 -4.393005 
12255 -7.974517 
12298 -23.010662 
12341 -17.742519 
12384 -9.628015 
12427 -19.247000 
12470 -13.532156 
12513 -14.865595 
12556 -24.618258 
12599 -20.804769 
12642 -20.123848 
12685 -26.590855 
12728 -27.979919 
12771 -14.831689 
12814 -13.528825 
12857 -15.214255 
12900 -14.734210 
12943 -18.368139 
12986 -23.560785 
13029 -20.297480 
13072 -11.954371 
13115 -17.145928 
13158 -24.946513 
13201 -15.176053 
13244 -15.127397 
13287 -33.526257 
13330 -13.247227 
13373 -15.511027 
13416 -20.199871 
13459 -12.112968 
13502 -12.665452 
13545 -23.648475 
13588 -36.450274 
13631 -37.319531 
13674 -23.191158 
13717 -15.676324 
13760 -24.208265 
13803 -29.897327 
13846 -29.746422 
13889 -24.360078 
13932 -22.105481 
13975 -23.122583 
14018 -21.310919 
14061 -5.413437 
14104 -20.987955 
14147 -18.437142 
14190 -27.900772 
14233 -28.772961 
14276 -26.433824 
14319 -27.297948 
14362 -16.279355 
14405 -16.744377 
14448 -23.302026 
14491 -22.518035 
14534 -22.604662 
14577 -26.270571 
14620 -41.775233 
14663 -30.318002 
14706 -27.106964 
14749 -26.752944 
14792 -30.572611 
14835 -30.636682 
14878 -36.016268 
14921 -31.093115 
14964 -27.770340 
