7998 -29.534210 
8041 -30.215630 
8084 -28.157931 
8127 -62.340744 
8170 -28.444078 
8213 -30.950842 
8256 -27.316765 
8299 -37.059782 
8342 -38.058995 
8385 -44.315020 
8428 -49.583266 
8471 -42.583365 
8514 -35.288448 
8557 -43.952741 
8600 -47.643664 
8643 -38.366203 
8686 -30.020734 
8729 -34.838231 
8772 -33.769876 
8815 -41.378195 
8858 -38.475712 
8901 -46.317325 
8944 -49.520391 
8987 -36.736165 
9030 -28.876095 
9073 -39.226063 
9116 -39.912731 
9159 -54.509375 
9202 -41.855948 
9245 -40.971575 
9288 -37.449369 
9331 -42.675167 
9374 -43.982792 
9417 -42.668534 
9460 -37.164988 
9503 -43.691526 
9546 -35.995641 
9589 -41.031589 
9632 -30.815063 
9675 -37.399649 
9718 -49.078641 
9761 -38.738165 
9804 -32.432403 
9847 -42.654625 
9890 -35.497378 
9933 -38.718960 
9976 -38.626617 
10019 -42.752850 
10062 -42.163681 
10105 -56.358026 
10148 -44.942573 
10191 -54.570125 
10234 -42.594282 
10277 -42.752385 
10320 -38.040296 
10363 -48.953669 
10406 -43.704477 
10449 -60.278606 
10492 -44.502152 
10535 -47.732884 
10578 -40.187417 
10621 -45.852730 
10664 -43.365522 
10707 -41.163572 
10750 -32.353801 
10793 -37.935150 
10836 -28.644043 
10879 -31.707440 
10922 -31.409398 
10965 -43.218840 
11008 -30.082242 
11051 -31.952831 
11094 -30.244827 
11137 -31.321624 
11180 -26.459428 
11223 -31.998471 
11266 -33.728953 
11309 -37.706407 
11352 -36.469171 
11395 -34.886815 
11438 -30.742925 
11481 -41.293810 
11524 -40.948872 
11567 -39.216897 
11610 -35.590875 
11653 -34.665870 
11696 -31.255156 
11739 -42.011587 
11782 -39.819822 
11825 -56.329915 
11868 -37.290491 
11911 -36.700656 
11954 -30.387263 
