7998 -33.496115 
8041 -37.454776 
8084 -38.207148 
8127 -39.796422 
8170 -32.751164 
8213 -40.828046 
8256 -38.048368 
8299 -40.345287 
8342 -36.499855 
8385 -43.067515 
8428 -33.803283 
8471 -42.429845 
8514 -40.842283 
8557 -44.878120 
8600 -45.188075 
8643 -62.799565 
8686 -50.085011 
8729 -37.186211 
8772 -29.438508 
8815 -33.345815 
8858 -30.838800 
8901 -37.009164 
8944 -38.435997 
8987 -45.506123 
9030 -48.840231 
9073 -43.409286 
9116 -35.075447 
9159 -39.568278 
9202 -28.361129 
9245 -41.626411 
9288 -33.310523 
9331 -32.829461 
9374 -29.384389 
9417 -38.594644 
9460 -43.673151 
9503 -33.285393 
9546 -26.258054 
9589 -30.684881 
9632 -28.265846 
9675 -42.417968 
9718 -28.971975 
9761 -35.213546 
9804 -39.102074 
9847 -35.425692 
9890 -29.034492 
9933 -31.311927 
9976 -28.034211 
10019 -31.588170 
10062 -30.999040 
10105 -26.124002 
10148 -21.239994 
10191 -27.525032 
10234 -28.120462 
10277 -32.646989 
10320 -20.785787 
10363 -30.216180 
10406 -34.478510 
10449 -41.392382 
10492 -52.176502 
10535 -36.601798 
10578 -28.838244 
10621 -27.839233 
10664 -23.103207 
10707 -32.207086 
10750 -23.081345 
10793 -31.917214 
10836 -39.690340 
10879 -38.570383 
10922 -32.064663 
10965 -25.848039 
11008 -20.487320 
11051 -29.138175 
11094 -29.345456 
11137 -33.559745 
11180 -23.219846 
11223 -28.688309 
11266 -18.500113 
11309 -25.034695 
11352 -20.931843 
11395 -25.493578 
11438 -23.423439 
11481 -25.450589 
11524 -20.184662 
11567 -22.672322 
11610 -20.833300 
11653 -27.301416 
11696 -39.441141 
11739 -37.477626 
11782 -33.561805 
11825 -46.890052 
11868 -38.724863 
11911 -44.979545 
11954 -47.762923 
