0 24.709110 
43 35.955546 
86 42.277192 
129 29.395134 
172 30.838610 
215 30.657235 
258 28.364602 
301 23.441546 
344 24.242510 
387 1.672229 
430 -3.387158 
473 -5.339917 
516 -7.441991 
559 -8.761565 
602 -16.789051 
645 -21.274760 
688 -15.881914 
731 -11.122372 
774 -8.539849 
817 -10.265186 
860 -15.094720 
903 -19.737333 
946 -11.913978 
989 -17.965833 
1032 -17.901715 
1075 -16.302149 
1118 -12.756710 
1161 -7.910947 
1204 -16.258023 
1247 -14.934854 
1290 -25.142343 
1333 -27.237797 
1376 -24.873060 
1419 -7.858821 
1462 -19.906290 
1505 -14.178559 
1548 -14.202191 
1591 -9.829416 
1634 -13.854720 
1677 -11.483923 
1720 -11.471634 
1763 -12.200368 
1806 -10.279601 
1849 -5.333605 
1892 -27.803725 
1935 -16.003272 
1978 -18.691411 
2021 -14.089292 
2064 -13.156028 
2107 -3.808630 
2150 -15.347024 
2193 -15.196909 
2236 -17.173151 
2279 -21.735118 
2322 -15.471276 
2365 -11.960612 
2408 -4.832421 
2451 -6.083797 
2494 -4.142042 
2537 -5.195081 
2580 -5.391897 
2623 -6.846962 
2666 -1.391205 
2709 -3.371124 
2752 -0.274170 
2795 2.246867 
2838 1.092192 
2881 3.426814 
2924 -1.350952 
2967 6.554536 
3010 2.139225 
3053 -3.207592 
3096 3.352619 
3139 3.875212 
3182 2.543085 
3225 4.047507 
3268 4.199431 
3311 10.271197 
3354 3.918302 
3397 1.369347 
3440 1.679613 
3483 10.901682 
3526 2.672254 
3569 4.300935 
3612 0.413059 
3655 7.328871 
3698 1.502048 
3741 1.613332 
3784 2.088707 
3827 0.129965 
3870 -0.267837 
3913 2.547675 
3956 2.784592 
3999 4.545571 
4042 2.795644 
4085 4.590943 
4128 4.851740 
4171 5.662274 
4214 3.650743 
4257 3.212721 
4300 3.011341 
4343 2.978588 
4386 3.785959 
4429 -0.958513 
4472 2.345248 
4515 2.637830 
4558 2.174073 
4601 0.735654 
4644 3.079028 
4687 2.280102 
4730 -2.534338 
4773 5.310204 
4816 3.510366 
4859 1.237677 
4902 2.901748 
4945 5.334320 
4988 2.281050 
5031 2.516667 
5074 2.009846 
5117 -0.408035 
5160 3.296612 
5203 -1.418113 
5246 -1.899677 
5289 -1.883421 
5332 -0.422945 
5375 -0.823641 
5418 2.448887 
5461 4.983707 
5504 2.887751 
5547 1.973192 
5590 0.047094 
5633 3.482056 
5676 2.711852 
5719 -2.998682 
5762 0.090617 
5805 1.920125 
5848 -1.388633 
5891 -8.289454 
5934 -1.276119 
5977 17.816676 
6020 -0.164792 
6063 -2.059439 
6106 -6.941850 
6149 -4.957189 
6192 -4.472184 
6235 -7.322783 
6278 -6.760430 
6321 -6.825638 
6364 -8.203919 
6407 -9.080353 
6450 -13.645768 
6493 -11.495717 
6536 -10.678530 
6579 -13.371166 
6622 -13.811731 
6665 -8.085873 
6708 -9.685778 
6751 -11.673735 
6794 -8.338448 
6837 -6.298130 
6880 -5.286719 
6923 -11.887774 
6966 -2.513846 
7009 3.510807 
7052 -4.391302 
7095 -4.201644 
7138 -4.364859 
7181 -10.040184 
7224 -8.185636 
7267 -6.875148 
7310 -8.310968 
7353 -13.857087 
7396 -10.226506 
7439 -12.744784 
7482 -11.121454 
7525 -11.555880 
7568 -11.017294 
7611 -11.815980 
7654 -5.487750 
7697 -16.017452 
7740 -16.968900 
7783 -14.391372 
7826 -13.451093 
7869 -15.623350 
7912 -16.079847 
7955 -17.800993 
7998 -15.147555 
8041 -11.711500 
8084 -21.484968 
8127 -20.146311 
8170 -19.605675 
8213 -21.177771 
8256 -12.968931 
8299 -23.310576 
8342 -0.065961 
8385 -12.355841 
8428 -17.707749 
8471 -18.244043 
8514 -17.475595 
8557 -9.846355 
8600 -13.900712 
8643 -18.618406 
8686 -13.682764 
8729 -15.464642 
8772 -17.001395 
8815 -19.400062 
8858 -22.148046 
8901 -15.437013 
8944 -8.402805 
8987 -21.073733 
9030 -23.303767 
9073 -31.453065 
9116 -23.848378 
9159 -22.436620 
9202 -5.783532 
9245 -10.507424 
9288 -12.790953 
9331 -18.886828 
9374 -21.241689 
9417 -14.341271 
9460 -9.736733 
9503 -18.226311 
9546 -29.877329 
9589 -19.351611 
9632 -16.174760 
9675 -15.931051 
9718 -16.142157 
9761 -12.724955 
9804 -26.829187 
9847 -19.488029 
9890 -16.857214 
9933 -18.151811 
9976 -20.039248 
10019 -28.127465 
10062 -27.522859 
10105 -42.514764 
10148 -34.226247 
10191 -23.981180 
10234 -25.102653 
10277 -25.853581 
10320 -37.494334 
10363 -25.635658 
10406 -19.009716 
10449 -20.890241 
10492 -28.718239 
10535 -25.017948 
10578 -12.007480 
10621 -35.330521 
10664 -34.119433 
10707 -8.728905 
10750 -10.379239 
10793 -13.713425 
10836 -21.961698 
10879 -23.955918 
10922 -13.799906 
10965 6.474131 
11008 -20.319123 
11051 -17.677489 
11094 -12.047431 
11137 -20.599177 
11180 -14.385039 
11223 -17.978422 
11266 -14.898475 
11309 -4.047549 
11352 -6.256500 
11395 -0.078222 
11438 -11.280070 
11481 -9.501586 
11524 -12.295253 
11567 -16.228838 
11610 -19.971930 
11653 -14.892205 
11696 -22.496742 
11739 -22.136910 
11782 -17.299560 
11825 -15.082519 
11868 -7.674976 
11911 -5.135468 
11954 -7.490383 
11997 -7.970268 
12040 -10.896126 
12083 -14.177286 
12126 -16.910968 
12169 -18.813351 
12212 -18.430391 
12255 -23.398128 
12298 -21.642056 
12341 -18.513710 
12384 -16.892885 
12427 -17.283105 
12470 -10.036198 
12513 -18.492156 
12556 -17.789342 
12599 -14.536029 
12642 6.616934 
12685 -12.579348 
12728 -16.252122 
12771 -27.381189 
12814 -17.509519 
12857 -18.944221 
12900 -14.950933 
12943 -18.987434 
12986 -25.239676 
13029 -24.807324 
13072 -17.307060 
13115 -16.172074 
13158 -19.005483 
13201 -17.024433 
13244 -27.293275 
13287 -24.545667 
13330 -20.344845 
13373 -21.365001 
13416 -23.467626 
13459 -22.339397 
13502 -22.556590 
13545 -21.164961 
13588 -23.910946 
13631 -16.710469 
13674 -26.790152 
13717 -22.210509 
13760 -12.522033 
13803 -15.564787 
13846 -18.764835 
13889 -5.277620 
13932 -14.653612 
13975 -2.029295 
14018 -15.973500 
14061 -24.194072 
14104 -28.028190 
14147 -33.699472 
14190 -27.211453 
14233 -33.181010 
14276 -28.573841 
14319 -23.533154 
14362 -24.413274 
14405 -19.973588 
14448 -26.111753 
14491 -22.908346 
14534 -21.182456 
14577 -17.163254 
14620 -13.762830 
14663 -25.166009 
14706 -23.626871 
14749 -16.803116 
14792 10.935797 
14835 -14.834628 
14878 -17.905733 
14921 -21.323043 
14964 -19.220029 
