7998 -29.818411 
8041 -40.712984 
8084 -36.921094 
8127 -40.444993 
8170 -39.999079 
8213 -39.730671 
8256 -33.660258 
8299 -40.307152 
8342 -30.677120 
8385 -37.603625 
8428 -43.256708 
8471 -47.772662 
8514 -44.336360 
8557 -49.599139 
8600 -44.769299 
8643 -47.611991 
8686 -36.922609 
8729 -39.665444 
8772 -32.304593 
8815 -34.265146 
8858 -33.488818 
8901 -37.923948 
8944 -33.064625 
8987 -38.678053 
9030 -36.747317 
9073 -37.362625 
9116 -34.485822 
9159 -35.552266 
9202 -33.718375 
9245 -41.330413 
9288 -42.422672 
9331 -51.972546 
9374 -53.590733 
9417 -48.296430 
9460 -41.094114 
9503 -45.379701 
9546 -41.734330 
9589 -47.677352 
9632 -50.945665 
9675 -54.941400 
9718 -56.754032 
9761 -51.327930 
9804 -44.038392 
9847 -41.730897 
9890 -33.242127 
9933 -40.276649 
9976 -49.043521 
10019 -55.575166 
10062 -45.825221 
10105 -47.760596 
10148 -36.698318 
10191 -35.892354 
10234 -29.413939 
10277 -38.773504 
10320 -41.805366 
10363 -49.865668 
10406 -40.300168 
10449 -40.842068 
10492 -30.544184 
10535 -37.824122 
10578 -43.260879 
10621 -39.561803 
10664 -32.674217 
10707 -42.569405 
10750 -44.829482 
10793 -40.166369 
10836 -34.838640 
10879 -37.492426 
10922 -33.348861 
10965 -34.483257 
11008 -27.402197 
11051 -32.636048 
11094 -38.107791 
11137 -42.690748 
11180 -31.765969 
11223 -37.585272 
11266 -43.511220 
11309 -40.388577 
11352 -35.639795 
11395 -34.573869 
11438 -30.937268 
11481 -32.775748 
11524 -30.874341 
11567 -33.074444 
11610 -31.321093 
11653 -43.415691 
11696 -33.730370 
11739 -31.684899 
11782 -27.553784 
11825 -34.131102 
11868 -40.930863 
11911 -40.595041 
11954 -33.879047 
11997 -43.033180 
12040 -42.335147 
12083 -34.811051 
12126 -27.261581 
12169 -31.657064 
12212 -34.659307 
12255 -44.266842 
12298 -47.053509 
12341 -46.720448 
12384 -42.125888 
12427 -51.312053 
12470 -49.193129 
12513 -54.082892 
12556 -45.568767 
12599 -47.268149 
12642 -45.676684 
12685 -53.759334 
12728 -49.739035 
12771 -55.654747 
12814 -53.420719 
12857 -40.598332 
12900 -34.111549 
12943 -46.146387 
12986 -41.584660 
13029 -48.590098 
13072 -48.400095 
13115 -58.288412 
13158 -50.444050 
13201 -47.890098 
13244 -42.574765 
13287 -47.918525 
13330 -40.236668 
13373 -49.528040 
13416 -51.643031 
13459 -47.934070 
13502 -41.851848 
13545 -50.282720 
13588 -47.574618 
13631 -43.704366 
13674 -36.589959 
13717 -42.123129 
13760 -39.294630 
13803 -43.927107 
13846 -41.793466 
13889 -45.450663 
13932 -45.492677 
13975 -52.328259 
14018 -64.467166 
14061 -53.796952 
14104 -46.887695 
14147 -55.089170 
14190 -62.987804 
14233 -49.593659 
14276 -43.137246 
14319 -42.061475 
14362 -38.376827 
14405 -41.265048 
14448 -39.968164 
14491 -43.916408 
14534 -44.614243 
14577 -48.327172 
14620 -49.629980 
14663 -57.730964 
14706 -48.825683 
14749 -54.633403 
14792 -48.993589 
14835 -54.378824 
14878 -60.946655 
14921 -62.965925 
14964 -52.360076 
