0 35.967047 
43 12.031227 
86 10.173558 
129 8.466609 
172 6.776757 
215 -1.239544 
258 -1.737926 
301 -5.835247 
344 -25.070633 
387 -29.647141 
430 -29.427584 
473 -12.137187 
516 -7.722323 
559 1.466083 
602 -26.926524 
645 -19.130733 
688 -21.130749 
731 -21.024324 
774 -20.126649 
817 -17.237164 
860 -20.530057 
903 -17.162271 
946 -26.374924 
989 -7.455392 
1032 -13.218133 
1075 -13.694000 
1118 -14.809062 
1161 -11.070135 
1204 -15.276550 
1247 -12.862559 
1290 -15.281351 
1333 -22.415943 
1376 -20.404575 
1419 -22.046576 
1462 -17.386010 
1505 -11.991823 
1548 -11.716213 
1591 -15.092425 
1634 -22.578930 
1677 -16.217348 
1720 -14.040963 
1763 -18.992310 
1806 -17.510091 
1849 -22.195126 
1892 -17.219636 
1935 -20.135906 
1978 -13.025610 
2021 -13.915253 
2064 -13.692331 
2107 -5.118947 
2150 -15.198875 
2193 -12.670806 
2236 -9.902567 
2279 -9.629715 
2322 -10.739553 
2365 -4.134949 
2408 -3.345142 
2451 -13.264592 
2494 -22.653094 
2537 -29.098601 
2580 -10.400760 
2623 -4.929916 
2666 -5.711339 
2709 -1.233211 
2752 -2.613035 
2795 -5.083396 
2838 -7.578564 
2881 -29.719569 
2924 -5.645851 
2967 -1.667296 
3010 0.806647 
3053 8.516985 
3096 0.999252 
3139 4.031979 
3182 2.693656 
3225 2.277307 
3268 5.301359 
3311 4.947593 
3354 6.141358 
3397 6.040693 
3440 5.929595 
3483 12.203927 
3526 -5.386120 
3569 0.548559 
3612 4.882423 
3655 9.708546 
3698 9.294694 
3741 9.189088 
3784 9.385274 
3827 7.159987 
3870 -0.125744 
3913 4.632618 
3956 2.157064 
3999 0.312601 
4042 0.567674 
4085 5.850635 
4128 -4.460306 
4171 1.198482 
4214 -3.726067 
4257 -3.884041 
4300 0.895044 
4343 2.782507 
4386 0.332146 
4429 -2.495138 
4472 4.648116 
4515 -6.871929 
4558 -4.218887 
4601 -8.919197 
4644 8.683096 
4687 -0.451461 
4730 -1.288837 
4773 12.719600 
4816 -17.188930 
4859 -2.284804 
4902 4.389197 
4945 0.744923 
4988 -4.161758 
5031 -15.603025 
5074 -20.763089 
5117 -15.901638 
5160 -7.453810 
5203 -7.172805 
5246 -2.792214 
5289 -16.485853 
5332 -17.652973 
5375 -6.238488 
5418 -6.294208 
5461 -6.854184 
5504 -7.029115 
5547 -12.447284 
5590 -9.532672 
5633 -13.300241 
5676 -15.444931 
5719 -14.941296 
5762 -11.055124 
5805 -11.060689 
5848 -12.777521 
5891 -19.869039 
5934 -29.478684 
5977 5.339753 
6020 -11.168796 
6063 -19.517023 
6106 -14.835186 
6149 -6.262035 
6192 -3.964754 
6235 -6.396124 
6278 -9.830703 
6321 -16.663035 
6364 -7.559607 
6407 -5.154346 
6450 -3.030618 
6493 -9.499565 
6536 -14.979021 
6579 -4.750222 
6622 -9.148450 
6665 -15.620980 
6708 23.250857 
6751 -1.060887 
6794 -4.750499 
6837 -11.464807 
6880 -4.820892 
6923 3.167269 
6966 -5.307351 
7009 -3.392536 
7052 -7.596659 
7095 -1.259805 
7138 3.649718 
7181 -7.396258 
7224 -4.446638 
7267 -12.294508 
7310 -3.478750 
7353 -2.160799 
7396 -12.183672 
7439 -6.688624 
7482 -2.820715 
7525 1.101449 
7568 0.612698 
7611 -5.857146 
7654 -2.281847 
7697 -10.383618 
7740 -3.568785 
7783 -4.547820 
7826 -9.880511 
7869 -8.919435 
7912 -9.198328 
7955 -7.545389 
7998 -4.660369 
8041 -4.802088 
8084 -13.176223 
8127 10.396171 
8170 -0.018474 
8213 -7.286936 
8256 -7.736083 
8299 -6.852833 
8342 -11.204391 
8385 -8.924342 
8428 -10.129579 
8471 -3.894171 
8514 -4.107308 
8557 -3.934015 
8600 -13.281246 
8643 -3.541443 
8686 -5.307307 
8729 -6.988975 
8772 -6.108633 
8815 0.676097 
8858 -4.643987 
8901 2.860175 
8944 -10.345372 
8987 2.823192 
9030 2.684879 
9073 11.148385 
9116 17.414892 
9159 -3.676881 
9202 -2.171369 
9245 -6.324147 
9288 -10.852268 
9331 -0.326426 
9374 2.799703 
9417 3.964364 
9460 -2.811618 
9503 2.011090 
9546 1.619941 
9589 -0.611123 
9632 -1.070967 
9675 1.302131 
9718 2.547911 
9761 -1.391045 
9804 0.169564 
9847 -1.440195 
9890 0.161892 
9933 1.586121 
9976 -0.655298 
10019 12.684339 
10062 -2.452206 
10105 5.033846 
10148 2.020561 
10191 4.853105 
10234 7.260475 
10277 -5.160202 
10320 -4.548792 
10363 -9.146069 
10406 -6.793615 
10449 6.786832 
10492 4.172933 
10535 -11.307865 
10578 -18.384187 
10621 -15.170282 
10664 -7.138856 
10707 -10.071386 
10750 -6.354963 
10793 -7.833704 
10836 -5.142605 
10879 -2.799196 
10922 -5.508348 
10965 4.467371 
11008 -3.777577 
11051 -1.504749 
11094 -1.722300 
11137 -2.015293 
11180 4.024698 
11223 -0.823357 
11266 0.072187 
11309 -5.735342 
11352 12.178121 
11395 -18.069747 
11438 5.679250 
11481 9.618017 
11524 5.805171 
11567 1.628133 
11610 -2.675147 
11653 1.808208 
11696 -2.308140 
11739 -1.309267 
11782 -1.126828 
11825 3.161299 
11868 -0.304355 
11911 2.449429 
11954 -8.889973 
11997 -8.473968 
12040 -5.045683 
12083 -5.165645 
12126 -8.627091 
12169 -11.639316 
12212 -22.411873 
12255 -6.625024 
12298 -6.862102 
12341 -13.488207 
12384 -11.526084 
12427 -21.075253 
12470 -14.706599 
12513 -17.891801 
12556 -19.785006 
12599 -20.127242 
12642 -16.813025 
12685 -18.967464 
12728 -16.786592 
12771 -12.215152 
12814 -14.456316 
12857 -15.299942 
12900 -19.638687 
12943 -9.230193 
12986 -15.746233 
13029 -15.009265 
13072 -11.960137 
13115 -17.033022 
13158 -26.799176 
13201 -24.451984 
13244 -28.056964 
13287 -11.574901 
13330 -16.884841 
13373 -15.649618 
13416 -19.390613 
13459 -16.450678 
13502 4.861450 
13545 -13.781050 
13588 -30.191542 
13631 -19.652325 
13674 -18.082706 
13717 -21.471991 
13760 -24.568696 
13803 -23.806749 
13846 -23.107653 
13889 -26.405612 
13932 -19.846488 
13975 -15.676328 
14018 -22.799381 
14061 -30.125599 
14104 -25.690973 
14147 -25.998071 
14190 -24.277471 
14233 -26.593562 
14276 -29.405940 
14319 -5.343823 
14362 -19.792561 
14405 -20.422883 
14448 -26.202919 
14491 -26.286348 
14534 -34.815849 
14577 -25.342810 
14620 -30.368044 
14663 -26.759584 
14706 -22.556191 
14749 -19.570981 
14792 -13.263743 
14835 -21.377009 
14878 -43.427865 
14921 -29.575904 
14964 -24.709726 
