7998 -48.297879 
8041 -46.087313 
8084 -41.423698 
8127 -38.799715 
8170 -34.583909 
8213 -40.562566 
8256 -37.050367 
8299 -39.589546 
8342 -34.772640 
8385 -38.289722 
8428 -32.795662 
8471 -40.728472 
8514 -41.570384 
8557 -43.138826 
8600 -37.625677 
8643 -45.445481 
8686 -32.814018 
8729 -40.872327 
8772 -41.166432 
8815 -43.734002 
8858 -38.389452 
8901 -47.125830 
8944 -41.171976 
8987 -52.620209 
9030 -48.494794 
9073 -51.692350 
9116 -43.383770 
9159 -46.710601 
9202 -44.399770 
9245 -51.930272 
9288 -60.191377 
9331 -49.036868 
9374 -41.895102 
9417 -42.762170 
9460 -40.334799 
9503 -44.507755 
9546 -47.136620 
9589 -54.988945 
9632 -50.115538 
9675 -53.393251 
9718 -50.349566 
9761 -37.075223 
9804 -30.009814 
9847 -36.659119 
9890 -39.089050 
9933 -34.039985 
9976 -26.229496 
10019 -33.048920 
10062 -34.420105 
10105 -32.692545 
10148 -27.782486 
10191 -36.243739 
10234 -37.618375 
10277 -32.209051 
10320 -23.095763 
10363 -28.105624 
10406 -22.364601 
10449 -29.774803 
10492 -38.250494 
10535 -36.840163 
10578 -27.840358 
10621 -29.559688 
10664 -20.719032 
10707 -28.670966 
10750 -29.900540 
10793 -31.174568 
10836 -29.493645 
10879 -35.579721 
10922 -43.806855 
10965 -39.358042 
11008 -32.387532 
11051 -39.762473 
11094 -50.334795 
11137 -31.573293 
11180 -24.515729 
11223 -33.301893 
11266 -40.908690 
11309 -36.649413 
11352 -31.594771 
11395 -38.405060 
11438 -27.974770 
11481 -43.481461 
11524 -32.143987 
11567 -44.229781 
11610 -39.399507 
11653 -35.386534 
11696 -30.567897 
11739 -45.825092 
11782 -27.761851 
11825 -43.798529 
11868 -30.946517 
11911 -39.235406 
11954 -44.231056 
