0 38.861176 
43 28.037827 
86 30.007286 
129 30.146797 
172 31.174851 
215 11.173852 
258 7.875496 
301 6.009596 
344 -16.671974 
387 -18.171768 
430 2.933720 
473 -23.633979 
516 -22.082453 
559 -18.519879 
602 -8.899069 
645 -24.407903 
688 -21.612932 
731 -20.298594 
774 -15.407233 
817 -24.579048 
860 -32.288299 
903 -11.595669 
946 -5.357189 
989 -11.471301 
1032 -19.122464 
1075 -33.800510 
1118 -0.756200 
1161 -16.276693 
1204 -20.419037 
1247 -13.167874 
1290 -16.142639 
1333 -17.474323 
1376 -16.309913 
1419 -18.029728 
1462 -8.204938 
1505 -7.445747 
1548 -10.740324 
1591 -5.603644 
1634 -9.319143 
1677 -6.674948 
1720 -12.775770 
1763 -9.574287 
1806 -13.859119 
1849 -13.528477 
1892 -11.573367 
1935 -16.839440 
1978 -4.539516 
2021 -16.109091 
2064 -17.112543 
2107 -22.166172 
2150 -8.422200 
2193 -10.273244 
2236 -6.326569 
2279 -12.829474 
2322 -9.075869 
2365 -17.328901 
2408 -9.331774 
2451 -15.554859 
2494 -8.850202 
2537 -13.556157 
2580 -5.963319 
2623 -5.784506 
2666 -6.212590 
2709 -3.848852 
2752 -4.684793 
2795 2.640013 
2838 -6.397545 
2881 -10.716637 
2924 -1.969352 
2967 -0.094238 
3010 -1.441319 
3053 -14.420293 
3096 5.760853 
3139 -15.376039 
3182 6.903113 
3225 1.586132 
3268 2.103692 
3311 -1.876429 
3354 12.051206 
3397 22.133708 
3440 1.970238 
3483 10.480684 
3526 5.335132 
3569 6.039474 
3612 5.589754 
3655 6.165433 
3698 7.391461 
3741 2.967709 
3784 2.656908 
3827 3.678268 
3870 8.472588 
3913 8.681317 
3956 6.470356 
3999 8.325277 
4042 12.759509 
4085 3.895503 
4128 0.530744 
4171 -2.138547 
4214 4.070729 
4257 8.542977 
4300 5.216617 
4343 6.223252 
4386 4.192908 
4429 11.564088 
4472 6.545543 
4515 8.272371 
4558 3.887065 
4601 12.424822 
4644 8.307399 
4687 5.296013 
4730 1.867883 
4773 -1.374777 
4816 5.422287 
4859 7.332806 
4902 7.275432 
4945 -10.878228 
4988 6.241855 
5031 -5.927183 
5074 -4.996052 
5117 -7.410164 
5160 0.982612 
5203 -0.369755 
5246 3.776302 
5289 -5.435507 
5332 6.677781 
5375 -6.805282 
5418 2.834874 
5461 -0.030590 
5504 -0.610516 
5547 -1.489773 
5590 1.706981 
5633 0.899596 
5676 4.799974 
5719 12.785858 
5762 1.241064 
5805 -2.240481 
5848 10.720549 
5891 6.157352 
5934 4.034823 
5977 -8.471822 
6020 -6.489006 
6063 -2.152034 
6106 4.740230 
6149 1.846077 
6192 1.062423 
6235 -4.603488 
6278 -8.790588 
6321 1.611812 
6364 -6.097917 
6407 -6.705477 
6450 -10.792630 
6493 -11.840153 
6536 -20.914460 
6579 -12.449952 
6622 -9.418171 
6665 -1.381380 
6708 -1.374645 
6751 -8.873186 
6794 -13.539709 
6837 -13.052159 
6880 -13.099991 
6923 -6.962483 
6966 -7.517384 
7009 -37.297115 
7052 -8.048036 
7095 -10.362593 
7138 -14.718042 
7181 -10.364658 
7224 9.767950 
7267 -7.689531 
7310 -17.120498 
7353 -9.870354 
7396 -3.613113 
7439 1.024112 
7482 -9.580731 
7525 -12.986255 
7568 -16.123662 
7611 -12.538431 
7654 -11.758404 
7697 -17.805654 
7740 -15.114358 
7783 -16.678711 
7826 -16.352548 
7869 -17.497651 
7912 -21.891481 
7955 -24.102249 
7998 -25.607863 
8041 -28.275951 
8084 -16.168922 
8127 -22.523564 
8170 -22.738010 
8213 -23.869232 
8256 -13.054804 
8299 -17.340796 
8342 -20.199845 
8385 -20.270780 
8428 -19.887000 
8471 -12.712577 
8514 -13.973556 
8557 -13.875898 
8600 -19.764967 
8643 -22.385609 
8686 -10.887720 
8729 -22.371791 
8772 -35.801302 
8815 -19.514505 
8858 -30.324729 
8901 -23.345294 
8944 -23.612852 
8987 -26.307896 
9030 -36.952774 
9073 -25.142009 
9116 -17.997408 
9159 -27.355423 
9202 -28.123509 
9245 -29.460025 
9288 -33.171259 
9331 -27.526487 
9374 -24.310062 
9417 -17.981249 
9460 -19.135321 
9503 -34.077268 
9546 -25.763439 
9589 -32.217277 
9632 -29.226230 
9675 -31.876383 
9718 -33.585955 
9761 -26.201758 
9804 -20.496993 
9847 -19.343730 
9890 -21.445096 
9933 -3.271396 
9976 -4.484855 
10019 -11.506147 
10062 -25.793191 
10105 -23.836082 
10148 -24.362599 
10191 -27.936724 
10234 -21.852233 
10277 -17.783290 
10320 -22.518195 
10363 -20.786376 
10406 -20.161754 
10449 -17.650200 
10492 -21.676022 
10535 -24.465706 
10578 -16.551241 
10621 -15.277026 
10664 -14.689498 
10707 -16.024913 
10750 -25.375291 
10793 -16.538262 
10836 -1.421342 
10879 -0.656117 
10922 -13.085223 
10965 -23.586146 
11008 -29.400073 
11051 -18.059610 
11094 -38.000924 
11137 -22.807406 
11180 -27.761587 
11223 -30.874897 
11266 -21.902174 
11309 -12.479544 
11352 -10.517749 
11395 -14.905525 
11438 -18.997439 
11481 -12.623077 
11524 -12.439803 
11567 -7.417601 
11610 -15.287321 
11653 -19.506393 
11696 -16.198235 
11739 -1.032023 
11782 -8.834615 
11825 -2.411744 
11868 -15.302377 
11911 -17.048541 
11954 -16.517426 
11997 -17.075839 
12040 -36.007826 
12083 -4.620625 
12126 -8.863514 
12169 -13.151707 
12212 -24.227051 
12255 -6.529797 
12298 -4.702702 
12341 -14.816408 
12384 -20.378562 
12427 -20.997904 
12470 -13.299952 
12513 -18.977888 
12556 -12.108961 
12599 -8.272939 
12642 -19.099783 
12685 -29.060427 
12728 -27.400289 
12771 -20.011951 
12814 -19.214227 
12857 -11.488604 
12900 -21.415851 
12943 -25.804397 
12986 -22.861259 
13029 -21.241280 
13072 -21.380298 
13115 -33.128197 
13158 -33.852392 
13201 -32.674483 
13244 -17.794607 
13287 -8.624651 
13330 -21.114285 
13373 -33.633656 
13416 -27.571816 
13459 -24.909697 
13502 -40.689565 
13545 -20.242259 
13588 -23.769562 
13631 -9.701426 
13674 -31.748376 
13717 -36.316961 
13760 -32.938174 
13803 -35.065906 
13846 -30.752387 
13889 -25.128500 
13932 -34.070468 
13975 -28.668591 
14018 -42.094145 
14061 -36.837224 
14104 -37.610392 
14147 -46.943263 
14190 -26.439640 
14233 -26.613070 
14276 -31.278595 
14319 -27.172323 
14362 -31.910810 
14405 -21.925791 
14448 -26.374195 
14491 -29.931773 
14534 -35.792315 
14577 -32.464362 
14620 -23.835872 
14663 -28.286599 
14706 -37.641513 
14749 -30.320199 
14792 -14.677635 
14835 -35.330514 
14878 -39.181007 
14921 -40.634289 
14964 -40.950668 
