7998 -31.006597 
8041 -34.691802 
8084 -32.221207 
8127 -37.449049 
8170 -28.572301 
8213 -28.952553 
8256 -24.114297 
8299 -28.757038 
8342 -32.437637 
8385 -37.852782 
8428 -30.268643 
8471 -42.001934 
8514 -29.795547 
8557 -38.204003 
8600 -40.243899 
8643 -37.127607 
8686 -29.397985 
8729 -46.058149 
8772 -31.345307 
8815 -32.560724 
8858 -29.877112 
8901 -33.761685 
8944 -34.765411 
8987 -34.478451 
9030 -31.580442 
9073 -38.995290 
9116 -33.488046 
9159 -33.437785 
9202 -26.894327 
9245 -33.255184 
9288 -24.674612 
9331 -31.211710 
9374 -26.844624 
9417 -32.977432 
9460 -42.484797 
9503 -32.009093 
9546 -24.381682 
9589 -30.396520 
9632 -32.705640 
9675 -41.349471 
9718 -35.824881 
9761 -41.932141 
9804 -35.479842 
9847 -40.958084 
9890 -37.729022 
9933 -36.067751 
9976 -27.044765 
10019 -32.531221 
10062 -37.757929 
10105 -54.120271 
10148 -38.233726 
10191 -38.544630 
10234 -29.308499 
10277 -35.482485 
10320 -41.976703 
10363 -41.181278 
10406 -36.327748 
10449 -38.514813 
10492 -37.686563 
10535 -38.637934 
10578 -32.313759 
10621 -36.379640 
10664 -36.686093 
10707 -40.214396 
10750 -37.294210 
10793 -43.769193 
10836 -52.132786 
10879 -40.189263 
10922 -33.651988 
10965 -36.287630 
11008 -34.908996 
11051 -42.165743 
11094 -60.487109 
11137 -40.719960 
11180 -33.120988 
11223 -48.088817 
11266 -34.422863 
11309 -33.008370 
11352 -28.903043 
11395 -31.371656 
11438 -29.978406 
11481 -29.769692 
11524 -26.874180 
11567 -40.049012 
11610 -33.143196 
11653 -37.864582 
11696 -41.546164 
11739 -39.872801 
11782 -32.714585 
11825 -35.076560 
11868 -25.740775 
11911 -33.460525 
11954 -30.535345 
