0 17.289040 
43 33.221777 
86 29.364733 
129 27.317008 
172 12.431088 
215 -0.770456 
258 -1.009263 
301 10.497151 
344 -35.022310 
387 -33.324222 
430 -17.846236 
473 0.788819 
516 -8.019070 
559 -10.159187 
602 -24.355514 
645 -22.347027 
688 -26.902239 
731 1.140326 
774 -14.509801 
817 -18.158214 
860 -29.207490 
903 -20.329861 
946 -20.399606 
989 -22.001537 
1032 -23.163229 
1075 -23.679887 
1118 -13.298583 
1161 -15.493568 
1204 -9.420725 
1247 -14.011947 
1290 -16.469782 
1333 -17.355434 
1376 -22.450567 
1419 -16.964511 
1462 -20.985165 
1505 -15.787454 
1548 -15.747167 
1591 -17.668364 
1634 -14.602273 
1677 -13.530998 
1720 -7.794836 
1763 -14.369879 
1806 -23.025625 
1849 -21.783535 
1892 -17.459817 
1935 -20.751505 
1978 -18.317264 
2021 -20.983631 
2064 -15.802769 
2107 -15.810137 
2150 -9.369997 
2193 -19.724069 
2236 -3.040315 
2279 -7.198842 
2322 -7.629944 
2365 -6.487585 
2408 -3.902937 
2451 -30.152314 
2494 -19.766657 
2537 -6.883607 
2580 -7.022582 
2623 -6.991408 
2666 2.335779 
2709 -1.164655 
2752 -0.352030 
2795 -1.701777 
2838 -1.100358 
2881 0.968813 
2924 -0.042572 
2967 3.352375 
3010 5.026912 
3053 -2.132157 
3096 -5.249007 
3139 2.915380 
3182 5.710834 
3225 2.268944 
3268 7.038103 
3311 7.613633 
3354 4.387922 
3397 4.234908 
3440 1.403663 
3483 -2.808680 
3526 0.489873 
3569 2.825447 
3612 -0.114542 
3655 7.613360 
3698 3.994377 
3741 13.943712 
3784 5.913157 
3827 4.836005 
3870 4.433104 
3913 1.400743 
3956 2.374174 
3999 0.090073 
4042 -0.549878 
4085 -1.182016 
4128 1.230779 
4171 -0.919842 
4214 3.497232 
4257 5.648670 
4300 10.269818 
4343 6.785357 
4386 4.666972 
4429 0.480441 
4472 4.527825 
4515 2.692713 
4558 -2.016939 
4601 -6.096344 
4644 -4.965008 
4687 -9.086601 
4730 -1.363284 
4773 -4.811214 
4816 0.156957 
4859 -0.776060 
4902 -3.511138 
4945 -7.004951 
4988 -3.092132 
5031 -4.057441 
5074 -8.820006 
5117 -21.213850 
5160 -10.264882 
5203 -25.617582 
5246 -10.925682 
5289 -3.205981 
5332 -7.356461 
5375 -13.380748 
5418 -9.681958 
5461 -12.446334 
5504 -17.209606 
5547 -24.525806 
5590 -19.310142 
5633 -25.699884 
5676 -10.315667 
5719 -14.919066 
5762 -9.699760 
5805 -10.028394 
5848 -8.099798 
5891 -8.576148 
5934 -7.590872 
5977 -8.422524 
6020 -11.989131 
6063 -14.824310 
6106 -11.724086 
6149 -15.075694 
6192 -2.937435 
6235 -1.141754 
6278 -1.354027 
6321 -2.972409 
6364 -0.972251 
6407 1.991017 
6450 -1.729297 
6493 -2.284206 
6536 -6.251115 
6579 -4.164915 
6622 2.349106 
6665 4.014765 
6708 1.599604 
6751 -0.083725 
6794 1.763016 
6837 -5.857221 
6880 -3.148102 
6923 -6.185889 
6966 -4.227571 
7009 2.118078 
7052 -1.808230 
7095 -6.626480 
7138 0.949744 
7181 4.245680 
7224 2.326723 
7267 2.396971 
7310 2.052006 
7353 -1.988192 
7396 -0.851305 
7439 -0.897705 
7482 1.132627 
7525 7.838686 
7568 4.256657 
7611 7.303352 
7654 0.779060 
7697 1.595333 
7740 2.652110 
7783 -3.599486 
7826 -3.443213 
7869 -3.389279 
7912 -4.579498 
7955 0.072625 
7998 -1.576943 
8041 -3.727472 
8084 -1.647105 
8127 -13.885773 
8170 -2.490777 
8213 -0.195973 
8256 3.426088 
8299 -0.246164 
8342 -3.026666 
8385 3.111446 
8428 -3.273626 
8471 -0.473012 
8514 -0.518398 
8557 -1.382042 
8600 1.072138 
8643 -2.953619 
8686 -1.267371 
8729 -4.788316 
8772 -1.520249 
8815 2.152082 
8858 -4.455076 
8901 -10.597521 
8944 -10.696929 
8987 -7.345734 
9030 -4.618497 
9073 -4.932173 
9116 -2.334541 
9159 -2.804434 
9202 -5.240327 
9245 -0.822599 
9288 0.407042 
9331 0.457029 
9374 2.862086 
9417 -11.911773 
9460 -0.191938 
9503 -5.202615 
9546 -9.394713 
9589 1.604787 
9632 3.052258 
9675 3.139999 
9718 -0.124937 
9761 -6.927588 
9804 3.152403 
9847 3.995936 
9890 3.394668 
9933 6.964870 
9976 -1.450943 
10019 14.077126 
10062 1.106410 
10105 -4.295501 
10148 1.209806 
10191 -0.383992 
10234 2.673603 
10277 3.304087 
10320 4.010891 
10363 5.799592 
10406 0.058199 
10449 1.537063 
10492 -0.358577 
10535 3.078050 
10578 -1.488003 
10621 -1.233807 
10664 1.598763 
10707 -6.809502 
10750 -6.185349 
10793 0.705153 
10836 -2.906760 
10879 -8.494398 
10922 10.725377 
10965 -0.886903 
11008 -0.734797 
11051 5.924453 
11094 1.462416 
11137 1.670316 
11180 5.101397 
11223 5.494194 
11266 7.216907 
11309 6.872258 
11352 0.918966 
11395 1.858664 
11438 4.790123 
11481 4.959174 
11524 9.948060 
11567 -1.197829 
11610 0.820817 
11653 -2.776425 
11696 -4.253898 
11739 -8.363334 
11782 -7.285409 
11825 -7.471421 
11868 -7.239858 
11911 17.110397 
11954 -5.099829 
11997 -10.053711 
12040 4.219585 
12083 -12.870889 
12126 -9.050477 
12169 -2.736787 
12212 -16.707948 
12255 -14.511041 
12298 -16.397202 
12341 -14.883830 
12384 -10.379664 
12427 -10.133502 
12470 -13.432018 
12513 -8.927649 
12556 -20.679013 
12599 -19.854688 
12642 -8.028325 
12685 -13.041914 
12728 -14.900784 
12771 -16.003783 
12814 -14.658236 
12857 -14.498582 
12900 -10.025806 
12943 -9.454323 
12986 -7.470684 
13029 -16.078212 
13072 -14.702900 
13115 -4.811894 
13158 -15.096596 
13201 -15.918240 
13244 -16.602721 
13287 -21.156963 
13330 -17.410425 
13373 -17.473835 
13416 -10.848400 
13459 -6.037998 
13502 -5.448291 
13545 -3.757938 
13588 -10.460778 
13631 -11.855873 
13674 -18.997684 
13717 -17.888861 
13760 -18.756627 
13803 -23.322088 
13846 -14.417340 
13889 -8.322784 
13932 -9.543056 
13975 -30.408509 
14018 -15.906376 
14061 -14.338320 
14104 -11.636584 
14147 -19.520114 
14190 -20.758053 
14233 -3.632484 
14276 -17.580275 
14319 -20.763506 
14362 -10.997279 
14405 -9.664708 
14448 -10.629291 
14491 -19.668425 
14534 -24.541291 
14577 -26.294220 
14620 -16.106931 
14663 -26.671211 
14706 -19.540566 
14749 -18.621556 
14792 -15.154025 
14835 -29.899690 
14878 -30.047471 
14921 -20.519363 
14964 -7.863449 
