0 31.979721 
43 17.645621 
86 19.326538 
129 15.014986 
172 17.239897 
215 0.761788 
258 -1.816710 
301 9.517352 
344 -28.923656 
387 -25.104648 
430 -9.829759 
473 -12.446572 
516 -14.713970 
559 -4.516102 
602 -18.897507 
645 -23.456558 
688 -24.989042 
731 -25.243297 
774 -23.831550 
817 -28.965833 
860 -24.514690 
903 -28.525560 
946 -28.521666 
989 -5.403833 
1032 -12.769844 
1075 -12.323826 
1118 -15.893856 
1161 -16.348727 
1204 -17.399611 
1247 -20.362903 
1290 -21.029869 
1333 -16.582235 
1376 -23.391251 
1419 -23.291988 
1462 -23.918354 
1505 -20.509616 
1548 -15.456228 
1591 -12.595397 
1634 -12.637728 
1677 -13.180902 
1720 -11.708214 
1763 -10.083377 
1806 -13.443479 
1849 -21.076948 
1892 -18.397383 
1935 -17.482090 
1978 -17.155359 
2021 -11.872272 
2064 -15.574288 
2107 -14.675373 
2150 -17.693024 
2193 -10.699603 
2236 -10.549611 
2279 5.320475 
2322 -8.048632 
2365 -11.787457 
2408 -15.240136 
2451 -16.828893 
2494 -13.436066 
2537 8.030112 
2580 -5.861258 
2623 1.057761 
2666 10.432141 
2709 5.615751 
2752 -0.974691 
2795 -16.650641 
2838 -2.334138 
2881 -0.435777 
2924 -3.070289 
2967 -3.477269 
3010 11.251247 
3053 -26.964785 
3096 -4.261755 
3139 -1.695383 
3182 -3.305872 
3225 5.535117 
3268 4.614559 
3311 4.264719 
3354 18.478663 
3397 5.747611 
3440 2.734152 
3483 2.144048 
3526 -0.231281 
3569 9.281366 
3612 15.139999 
3655 15.044810 
3698 3.397459 
3741 2.441394 
3784 5.320113 
3827 5.032694 
3870 2.962722 
3913 6.429036 
3956 7.809939 
3999 17.448908 
4042 12.969732 
4085 -4.744368 
4128 -8.088446 
4171 -5.829298 
4214 -2.013976 
4257 -1.123567 
4300 0.428753 
4343 -6.181271 
4386 -1.325686 
4429 1.710611 
4472 -4.901016 
4515 -3.477223 
4558 -7.747973 
4601 -4.095982 
4644 -2.296153 
4687 -2.415801 
4730 -9.011482 
4773 -1.258542 
4816 -5.049230 
4859 -3.276789 
4902 -4.605362 
4945 1.205590 
4988 -2.374001 
5031 2.634182 
5074 -23.685961 
5117 -5.871589 
5160 -8.448293 
5203 0.902430 
5246 -10.912030 
5289 -4.398679 
5332 -9.939737 
5375 1.646346 
5418 -3.131078 
5461 -3.779325 
5504 -11.118766 
5547 -15.442545 
5590 -11.054544 
5633 -16.903775 
5676 -14.534060 
5719 -15.259215 
5762 -21.250152 
5805 -17.845569 
5848 -16.527601 
5891 -15.630404 
5934 -15.741379 
5977 -12.905681 
6020 -8.737558 
6063 -12.457725 
6106 -10.983644 
6149 2.460898 
6192 -13.607002 
6235 -7.547162 
6278 -4.185582 
6321 -3.465421 
6364 -5.849838 
6407 -3.779955 
6450 -1.896473 
6493 -8.782272 
6536 -16.690407 
6579 0.458422 
6622 -7.754015 
6665 0.898090 
6708 -2.631254 
6751 -1.493813 
6794 0.548760 
6837 -3.028623 
6880 -7.533420 
6923 -7.289011 
6966 -4.160686 
7009 -4.146746 
7052 -4.313097 
7095 -3.879179 
7138 -4.990438 
7181 -2.007079 
7224 -3.711687 
7267 -5.930957 
7310 -6.773317 
7353 -11.218390 
7396 -6.761652 
7439 -5.292872 
7482 0.447035 
7525 -6.045980 
7568 -4.896146 
7611 -4.001256 
7654 -4.148489 
7697 -5.763161 
7740 2.081738 
7783 -2.382638 
7826 -4.614693 
7869 -5.030210 
7912 -8.589609 
7955 -5.201639 
7998 4.625772 
8041 -2.696994 
8084 -2.923561 
8127 2.447374 
8170 -4.809814 
8213 -4.099995 
8256 -5.019708 
8299 1.105608 
8342 -18.164071 
8385 -13.808357 
8428 -9.967257 
8471 -8.002061 
8514 -6.759405 
8557 -6.121625 
8600 -5.238129 
8643 -5.313167 
8686 -8.040087 
8729 -6.163595 
8772 2.964859 
8815 -4.920840 
8858 -4.883050 
8901 -9.107294 
8944 -10.871848 
8987 -4.687342 
9030 -2.038708 
9073 0.321872 
9116 4.226941 
9159 -3.551990 
9202 -9.958587 
9245 -4.931691 
9288 8.051277 
9331 -3.388955 
9374 0.930966 
9417 0.094123 
9460 -3.568909 
9503 -2.223307 
9546 3.935807 
9589 1.920992 
9632 1.872296 
9675 2.051286 
9718 -1.989438 
9761 0.662514 
9804 -0.843727 
9847 1.931508 
9890 1.375536 
9933 1.745438 
9976 2.472513 
10019 2.441755 
10062 -6.968045 
10105 10.050275 
10148 4.791027 
10191 0.901019 
10234 -3.749658 
10277 13.324919 
10320 -2.805770 
10363 -4.155970 
10406 5.475394 
10449 2.688542 
10492 0.316320 
10535 -4.342331 
10578 -11.757832 
10621 -12.468487 
10664 -5.122786 
10707 -7.246089 
10750 -10.578885 
10793 -10.218112 
10836 -6.446652 
10879 -2.178303 
10922 -4.590427 
10965 -2.409293 
11008 0.658101 
11051 1.818686 
11094 -8.684237 
11137 2.849623 
11180 1.223518 
11223 2.825553 
11266 4.032877 
11309 7.496203 
11352 5.800768 
11395 3.552860 
11438 -3.240922 
11481 -5.044640 
11524 5.998909 
11567 8.511705 
11610 -2.456113 
11653 -6.959492 
11696 -2.724710 
11739 0.127980 
11782 5.456465 
11825 0.740926 
11868 -3.003531 
11911 -1.361609 
11954 -18.776203 
11997 -8.674986 
12040 -13.169528 
12083 -18.554132 
12126 -10.269419 
12169 -5.646964 
12212 0.589449 
12255 -9.150351 
12298 -4.020794 
12341 -6.439630 
12384 -11.711467 
12427 -11.692799 
12470 -12.287827 
12513 -7.623226 
12556 -3.487369 
12599 -14.978788 
12642 -21.480668 
12685 -7.015446 
12728 -12.462362 
12771 -10.728350 
12814 -6.697035 
12857 -10.127958 
12900 -16.620769 
12943 -16.569617 
12986 -15.583672 
13029 -7.954317 
13072 -28.550989 
13115 -31.086956 
13158 -29.819964 
13201 -27.859524 
13244 -21.416507 
13287 -24.151781 
13330 -12.631915 
13373 -16.548106 
13416 -20.089590 
13459 -21.297868 
13502 -20.288341 
13545 -39.062844 
13588 -20.919393 
13631 -12.185843 
13674 -15.349566 
13717 -20.507009 
13760 -20.705666 
13803 -21.583956 
13846 -22.952449 
13889 -26.045930 
13932 -25.143733 
13975 -24.236832 
14018 -15.157050 
14061 -12.627393 
14104 -18.436805 
14147 -8.303185 
14190 -15.282875 
14233 -15.867700 
14276 -18.509794 
14319 -30.502787 
14362 -32.681535 
14405 -27.563748 
14448 -28.133790 
14491 -30.540301 
14534 -30.202576 
14577 -37.813922 
14620 -32.644169 
14663 -42.389417 
14706 -36.572973 
14749 -35.481531 
14792 -24.524043 
14835 -17.670146 
14878 -14.144724 
14921 -28.843590 
14964 -32.321281 
