7998 -32.125311 
8041 -38.383771 
8084 -27.114817 
8127 -40.075691 
8170 -33.529517 
8213 -40.737742 
8256 -38.302136 
8299 -47.326812 
8342 -46.097853 
8385 -47.360379 
8428 -38.099230 
8471 -35.239764 
8514 -30.935956 
8557 -36.246930 
8600 -40.154223 
8643 -42.717344 
8686 -35.138478 
8729 -40.389205 
8772 -40.618493 
8815 -37.895574 
8858 -28.301545 
8901 -38.407584 
8944 -35.123119 
8987 -35.043928 
9030 -31.721092 
9073 -36.438071 
9116 -35.634968 
9159 -47.580785 
9202 -43.231831 
9245 -41.956877 
9288 -34.497196 
9331 -40.467305 
9374 -32.154694 
9417 -31.755828 
9460 -28.930479 
9503 -33.580565 
9546 -37.012656 
9589 -31.866142 
9632 -25.153480 
9675 -30.298939 
9718 -35.004264 
9761 -44.880002 
9804 -31.019833 
9847 -35.288544 
9890 -26.382913 
9933 -31.059488 
9976 -26.274501 
10019 -34.415669 
10062 -46.292889 
10105 -37.817261 
10148 -31.961894 
10191 -36.317667 
10234 -39.429547 
10277 -43.274126 
10320 -38.064713 
10363 -47.441078 
10406 -37.944953 
10449 -40.312893 
10492 -30.469126 
10535 -36.054873 
10578 -40.309991 
10621 -50.102850 
10664 -35.589732 
10707 -35.626803 
10750 -33.069733 
10793 -33.576163 
10836 -30.553720 
10879 -30.101946 
10922 -26.089221 
10965 -24.935183 
11008 -21.590417 
11051 -29.992189 
11094 -36.660787 
11137 -29.733819 
11180 -21.030971 
11223 -18.381120 
11266 -14.159248 
11309 -20.629019 
11352 -17.482254 
11395 -24.683132 
11438 -28.152045 
11481 -36.182558 
11524 -26.495409 
11567 -28.527441 
11610 -27.092643 
11653 -28.818534 
11696 -22.277797 
11739 -25.322327 
11782 -25.391779 
11825 -29.524041 
11868 -25.952453 
11911 -32.392840 
11954 -44.375673 
