7998 -39.428027 
8041 -43.453055 
8084 -36.945807 
8127 -41.211653 
8170 -42.062004 
8213 -46.717146 
8256 -34.997407 
8299 -47.087425 
8342 -40.972724 
8385 -42.178818 
8428 -40.450996 
8471 -40.331275 
8514 -37.601442 
8557 -45.860047 
8600 -51.185092 
8643 -46.418477 
8686 -38.671329 
8729 -39.649282 
8772 -37.953141 
8815 -40.040857 
8858 -36.870801 
8901 -39.154191 
8944 -38.403839 
8987 -58.933667 
9030 -39.725436 
9073 -48.283240 
9116 -44.475006 
9159 -37.979098 
9202 -32.531354 
9245 -39.637604 
9288 -42.806247 
9331 -47.619280 
9374 -42.551699 
9417 -53.712676 
9460 -42.129313 
9503 -45.436754 
9546 -45.768303 
9589 -43.328857 
9632 -39.292930 
9675 -51.649255 
9718 -44.877912 
9761 -45.652231 
9804 -36.686329 
9847 -45.717411 
9890 -44.339667 
9933 -50.331082 
9976 -51.321638 
10019 -47.024701 
10062 -42.024080 
10105 -47.129236 
10148 -47.346348 
10191 -51.551808 
10234 -48.510085 
10277 -56.544753 
10320 -66.949182 
10363 -48.779794 
10406 -41.645596 
10449 -72.340074 
10492 -41.699744 
10535 -49.351359 
10578 -47.169571 
10621 -54.736912 
10664 -41.627777 
10707 -47.763124 
10750 -58.032919 
10793 -53.324800 
10836 -45.364917 
10879 -53.723620 
10922 -39.954075 
10965 -41.192215 
11008 -39.507722 
11051 -47.057046 
11094 -44.431256 
11137 -42.815141 
11180 -34.980043 
11223 -38.641408 
11266 -34.761617 
11309 -39.249763 
11352 -36.862332 
11395 -45.610545 
11438 -37.489981 
11481 -39.008642 
11524 -37.527995 
11567 -35.995161 
11610 -30.820427 
11653 -38.843717 
11696 -42.286454 
11739 -51.395716 
11782 -39.189725 
11825 -48.854307 
11868 -38.862298 
11911 -45.905447 
11954 -37.016231 
