0 25.134202 
43 20.318602 
86 16.386115 
129 17.365849 
172 14.457002 
215 -6.468600 
258 -3.199262 
301 -4.265182 
344 -36.931737 
387 -20.002424 
430 -6.773494 
473 -6.747444 
516 -9.073995 
559 -5.555070 
602 -17.005749 
645 -23.465207 
688 -26.031927 
731 -11.464292 
774 -5.857598 
817 -13.456800 
860 -25.513613 
903 -27.127388 
946 -21.056291 
989 -17.800268 
1032 -12.192274 
1075 -18.602413 
1118 -17.172512 
1161 -11.093264 
1204 -18.201681 
1247 -17.675367 
1290 -17.179752 
1333 -20.082959 
1376 -17.886447 
1419 -9.928904 
1462 -12.505951 
1505 -15.993250 
1548 -18.876319 
1591 -11.163823 
1634 -8.940919 
1677 -4.431393 
1720 -10.250782 
1763 -5.905425 
1806 -11.738716 
1849 -20.670525 
1892 -20.501910 
1935 -19.578430 
1978 -20.376143 
2021 -16.059373 
2064 -18.421396 
2107 -11.437343 
2150 -14.382543 
2193 -11.199706 
2236 -10.453079 
2279 -7.388197 
2322 -6.853259 
2365 -8.181570 
2408 -6.524708 
2451 -5.786764 
2494 -10.439421 
2537 -9.208862 
2580 -7.299639 
2623 -7.491633 
2666 -8.334118 
2709 -9.803378 
2752 -6.383807 
2795 -2.702042 
2838 -5.750319 
2881 -4.123486 
2924 -6.562782 
2967 -3.110720 
3010 -1.022030 
3053 -3.974166 
3096 0.137069 
3139 -0.175884 
3182 -1.831700 
3225 4.333013 
3268 3.658662 
3311 -5.879617 
3354 7.335345 
3397 10.608403 
3440 2.009444 
3483 12.631610 
3526 7.954477 
3569 7.249894 
3612 5.836818 
3655 2.782485 
3698 3.961121 
3741 6.783243 
3784 3.855252 
3827 -2.912318 
3870 4.693973 
3913 11.758136 
3956 3.782662 
3999 5.616064 
4042 6.073272 
4085 -1.637320 
4128 5.932677 
4171 0.338335 
4214 4.005675 
4257 3.238048 
4300 3.627013 
4343 2.359737 
4386 4.418414 
4429 3.957335 
4472 4.902734 
4515 11.620645 
4558 1.798594 
4601 -1.553627 
4644 2.423951 
4687 4.465258 
4730 5.235260 
4773 2.570944 
4816 1.247428 
4859 12.153941 
4902 3.519739 
4945 19.971559 
4988 1.670463 
5031 -5.073490 
5074 1.806755 
5117 -10.047428 
5160 -1.407860 
5203 -2.455661 
5246 -1.900108 
5289 -0.478255 
5332 0.496335 
5375 -0.639726 
5418 0.040923 
5461 2.071332 
5504 -0.552371 
5547 11.201802 
5590 -1.068836 
5633 1.533669 
5676 -2.531525 
5719 -9.604019 
5762 -4.674108 
5805 18.091570 
5848 -2.463153 
5891 -3.065625 
5934 -6.672618 
5977 -10.847122 
6020 -7.539067 
6063 -2.704586 
6106 -7.190359 
6149 -1.599794 
6192 -7.964176 
6235 -10.069807 
6278 -10.047885 
6321 -3.610696 
6364 -14.581548 
6407 -0.899198 
6450 -12.657892 
6493 -8.017700 
6536 -17.635816 
6579 -22.180866 
6622 -11.432983 
6665 -14.064461 
6708 -11.890260 
6751 -14.198633 
6794 -8.368980 
6837 -7.914923 
6880 -15.623291 
6923 -10.629913 
6966 -6.492241 
7009 -3.324331 
7052 -11.693645 
7095 -13.039077 
7138 -10.508350 
7181 -6.155837 
7224 -9.637657 
7267 -6.263108 
7310 -9.542011 
7353 -8.992517 
7396 -9.586229 
7439 -14.389302 
7482 -16.121723 
7525 -10.564059 
7568 -12.778060 
7611 -8.459765 
7654 -8.316004 
7697 -13.251640 
7740 -25.754634 
7783 -13.944528 
7826 -16.611350 
7869 -16.426735 
7912 -20.073547 
7955 -15.534440 
7998 -17.905451 
8041 -19.502423 
8084 -19.191623 
8127 -9.393059 
8170 -19.112833 
8213 -6.493610 
8256 -19.498447 
8299 -20.656756 
8342 -22.781807 
8385 -31.029551 
8428 -10.015125 
8471 -19.025511 
8514 -20.793980 
8557 -9.585262 
8600 -17.729987 
8643 -21.252753 
8686 -21.441365 
8729 -9.658780 
8772 -26.512244 
8815 -16.715183 
8858 -22.689863 
8901 -22.626648 
8944 -26.370928 
8987 -43.667102 
9030 -24.241319 
9073 -25.175458 
9116 -23.402617 
9159 -25.742512 
9202 -18.742094 
9245 -23.050535 
9288 -30.839603 
9331 -23.308007 
9374 -30.564777 
9417 -34.029787 
9460 -35.938870 
9503 -31.835026 
9546 -24.384365 
9589 -21.828590 
9632 -34.297108 
9675 -26.936035 
9718 -25.894513 
9761 -29.075505 
9804 -26.839086 
9847 -26.020816 
9890 -26.176287 
9933 -30.596463 
9976 -28.350571 
10019 -36.240845 
10062 -12.229893 
10105 -18.579727 
10148 -19.175144 
10191 -11.061534 
10234 -16.251453 
10277 -13.759693 
10320 -23.957205 
10363 -33.638471 
10406 -25.372593 
10449 -27.258913 
10492 -13.294726 
10535 -22.330738 
10578 -21.111775 
10621 -12.642100 
10664 -17.404606 
10707 -11.450500 
10750 -34.092181 
10793 -17.802598 
10836 -14.666413 
10879 -17.476225 
10922 -20.241657 
10965 -36.859994 
11008 -19.194423 
11051 -16.120653 
11094 -0.482303 
11137 -22.227311 
11180 -22.638724 
11223 -18.166620 
11266 -13.326608 
11309 -12.456446 
11352 -2.631836 
11395 -19.049133 
11438 -19.414464 
11481 -17.922927 
11524 -13.951301 
11567 -21.015674 
11610 -21.021104 
11653 -20.228442 
11696 -15.252966 
11739 -0.253881 
11782 -19.551438 
11825 -8.078135 
11868 -18.129476 
11911 -15.880448 
11954 -18.634932 
11997 -29.130500 
12040 -20.959108 
12083 -14.741883 
12126 -18.409150 
12169 -21.427926 
12212 -17.432397 
12255 -17.745010 
12298 -17.601123 
12341 -18.844569 
12384 -20.921211 
12427 -16.661591 
12470 -24.483273 
12513 -35.360401 
12556 -20.539197 
12599 -20.362644 
12642 -23.079835 
12685 -33.342097 
12728 -28.726977 
12771 -13.790780 
12814 -27.544005 
12857 -27.056077 
12900 -30.808055 
12943 -23.633784 
12986 -24.081273 
13029 -15.836747 
13072 -14.173979 
13115 -27.669006 
13158 -26.017686 
13201 -19.965977 
13244 -23.085821 
13287 -28.533518 
13330 -24.781717 
13373 -31.627340 
13416 -11.009781 
13459 -21.236565 
13502 -25.457121 
13545 -27.955376 
13588 -30.418934 
13631 -30.502718 
13674 -25.516551 
13717 -28.188662 
13760 -43.686274 
13803 -21.637341 
13846 -23.516526 
13889 -20.747316 
13932 -37.673200 
13975 -33.428881 
14018 -17.690247 
14061 -20.171149 
14104 -25.569164 
14147 -19.392313 
14190 -31.142207 
14233 -28.819620 
14276 -28.264914 
14319 -26.253182 
14362 -39.015986 
14405 -30.878767 
14448 -30.661038 
14491 -33.447519 
14534 -31.672088 
14577 -29.322956 
14620 -33.876536 
14663 -34.821519 
14706 -36.964709 
14749 -36.205300 
14792 -34.362290 
14835 -36.529728 
14878 -42.270229 
14921 -53.163881 
14964 -45.030759 
