0 -3.428275 
43 -23.156991 
86 -22.607908 
129 -20.177809 
172 -7.466600 
215 3.586426 
258 5.146528 
301 1.273139 
344 -30.537651 
387 -23.831615 
430 -19.436750 
473 -15.527422 
516 -15.988249 
559 -14.988682 
602 -9.032264 
645 -12.184010 
688 -25.317299 
731 -30.477724 
774 -25.162528 
817 -27.407749 
860 -17.417626 
903 -25.346373 
946 -4.718488 
989 -15.418137 
1032 -21.137945 
1075 -30.213922 
1118 -19.729469 
1161 -11.168279 
1204 -16.634240 
1247 -17.296942 
1290 -22.490550 
1333 -26.638670 
1376 -21.296193 
1419 -26.282805 
1462 -21.508687 
1505 -17.667443 
1548 -19.934748 
1591 -20.047869 
1634 -2.406448 
1677 -7.822517 
1720 -13.409248 
1763 -14.320996 
1806 -15.296606 
1849 -15.704689 
1892 -7.186977 
1935 -14.583420 
1978 -14.844414 
2021 -19.343430 
2064 -8.675193 
2107 -3.441062 
2150 -10.459147 
2193 -8.459411 
2236 -10.989637 
2279 -22.017092 
2322 -4.301578 
2365 -3.277496 
2408 -10.861737 
2451 -17.524210 
2494 -17.241146 
2537 -24.812985 
2580 2.892825 
2623 -2.475733 
2666 -4.723183 
2709 -7.632379 
2752 -5.417093 
2795 -7.486088 
2838 -10.070906 
2881 -4.794253 
2924 -5.055004 
2967 2.650821 
3010 1.751321 
3053 16.654680 
3096 3.537277 
3139 2.755992 
3182 0.926786 
3225 2.357455 
3268 5.629111 
3311 5.690234 
3354 6.081515 
3397 11.375010 
3440 4.819505 
3483 -7.618862 
3526 -9.122260 
3569 -8.887560 
3612 10.058625 
3655 18.430293 
3698 13.031739 
3741 12.286683 
3784 1.178903 
3827 -0.965457 
3870 -3.479550 
3913 3.713403 
3956 1.937548 
3999 -0.971602 
4042 1.340980 
4085 -4.254728 
4128 4.228012 
4171 0.400117 
4214 -4.634159 
4257 -7.761002 
4300 4.882935 
4343 3.424342 
4386 5.273840 
4429 0.386005 
4472 -4.415122 
4515 -9.486711 
4558 6.831217 
4601 8.747810 
4644 1.305905 
4687 -7.141535 
4730 -5.931038 
4773 -9.949712 
4816 -6.045999 
4859 0.745421 
4902 -0.241788 
4945 -10.914697 
4988 -6.553688 
5031 -7.956148 
5074 -1.801831 
5117 0.054013 
5160 -0.251334 
5203 -3.112294 
5246 -3.826627 
5289 -3.528239 
5332 -2.073181 
5375 -0.243019 
5418 3.146916 
5461 3.371630 
5504 -28.687308 
5547 -6.256836 
5590 -0.415429 
5633 -1.890567 
5676 -9.374914 
5719 1.479893 
5762 2.565693 
5805 -2.393550 
5848 -14.114293 
5891 -11.821871 
5934 5.280316 
5977 -1.801213 
6020 -4.847693 
6063 -14.930959 
6106 -15.216124 
6149 0.755804 
6192 -11.052929 
6235 -11.470552 
6278 -10.156614 
6321 -12.137552 
6364 -6.088524 
6407 -5.032877 
6450 -7.739041 
6493 -11.545407 
6536 -7.786445 
6579 -4.896205 
6622 -11.300292 
6665 -5.297230 
6708 -2.307104 
6751 -7.188449 
6794 0.340003 
6837 4.106444 
6880 -17.969542 
6923 -6.339344 
6966 -5.964783 
7009 -3.948870 
7052 -10.770790 
7095 -8.685783 
7138 2.360281 
7181 2.463097 
7224 -1.345732 
7267 -0.277222 
7310 -6.332594 
7353 -1.863537 
7396 -0.965460 
7439 5.878196 
7482 -0.420041 
7525 14.138310 
7568 -1.107615 
7611 -4.049090 
7654 -3.952507 
7697 -3.155190 
7740 0.658826 
7783 1.819400 
7826 5.028336 
7869 -8.075877 
7912 -4.962124 
7955 -12.713485 
7998 -8.452844 
8041 -9.298824 
8084 -3.286699 
8127 -1.753400 
8170 -7.274582 
8213 -9.298046 
8256 -10.314113 
8299 -10.314491 
8342 -18.434684 
8385 -4.386434 
8428 -7.576469 
8471 -21.318974 
8514 -13.391454 
8557 -11.736542 
8600 2.975503 
8643 9.632992 
8686 -6.295784 
8729 -13.221470 
8772 -20.780210 
8815 -7.655533 
8858 -3.965073 
8901 -7.241800 
8944 -9.982834 
8987 -8.349361 
9030 0.375605 
9073 10.091260 
9116 3.854672 
9159 2.158022 
9202 -6.716704 
9245 -0.364768 
9288 -4.990837 
9331 -5.902661 
9374 -9.468580 
9417 -0.278064 
9460 -2.009108 
9503 -4.469481 
9546 -5.495569 
9589 -5.207218 
9632 0.104799 
9675 -1.642738 
9718 1.143617 
9761 -0.527436 
9804 0.557613 
9847 -3.870944 
9890 -1.178999 
9933 -7.815858 
9976 -6.332502 
10019 -11.247206 
10062 -3.259115 
10105 -15.232863 
10148 -2.100688 
10191 -2.315920 
10234 -2.173108 
10277 8.112027 
10320 9.061895 
10363 8.739487 
10406 -4.962169 
10449 -2.380582 
10492 -5.579531 
10535 2.998333 
10578 -12.003785 
10621 -8.265563 
10664 -5.419008 
10707 3.443793 
10750 0.219432 
10793 1.434082 
10836 -1.400237 
10879 -16.656792 
10922 -0.350494 
10965 -2.249014 
11008 -7.949991 
11051 -5.411965 
11094 3.025473 
11137 -1.830208 
11180 1.315588 
11223 16.529228 
11266 11.454786 
11309 7.178961 
11352 5.662791 
11395 8.020714 
11438 11.219157 
11481 8.770239 
11524 7.292813 
11567 1.639387 
11610 -7.945055 
11653 -1.674715 
11696 -2.693818 
11739 6.847289 
11782 6.766509 
11825 -6.265976 
11868 -3.992902 
11911 -11.847685 
11954 -9.857461 
11997 -8.483715 
12040 -14.054046 
12083 -6.014678 
12126 -5.158772 
12169 -10.187965 
12212 -14.268041 
12255 -17.045434 
12298 -0.375963 
12341 -3.244599 
12384 -24.098426 
12427 -13.766845 
12470 -9.081585 
12513 -1.448800 
12556 1.678485 
12599 -6.067628 
12642 -8.519847 
12685 0.014965 
12728 -17.558044 
12771 -12.517473 
12814 -22.629508 
12857 -19.827425 
12900 -16.633311 
12943 -15.390915 
12986 -13.616209 
13029 -15.873690 
13072 -15.288422 
13115 -20.689985 
13158 -27.209846 
13201 -12.637722 
13244 -12.389464 
13287 -14.815394 
13330 -17.596511 
13373 -15.445442 
13416 -14.061967 
13459 -11.557559 
13502 4.821085 
13545 -9.099454 
13588 -13.288688 
13631 -2.680629 
13674 -12.596205 
13717 -21.130672 
13760 -24.976531 
13803 -25.857508 
13846 -18.637925 
13889 -12.656863 
13932 -18.265778 
13975 -19.460614 
14018 -7.141958 
14061 -2.093151 
14104 -12.280715 
14147 -10.047651 
14190 0.209395 
14233 -9.620155 
14276 -10.067154 
14319 4.650527 
14362 -9.657126 
14405 -2.985308 
14448 -17.191854 
14491 -11.786443 
14534 -13.166694 
14577 -3.689977 
14620 12.987152 
14663 -13.428545 
14706 -21.682053 
14749 -29.219704 
14792 -20.942462 
14835 -16.399022 
14878 -8.907606 
14921 -14.443644 
14964 -5.125810 
