0 -8.863683 
43 -20.814805 
86 -21.212261 
129 -17.816406 
172 -6.284278 
215 3.626116 
258 5.410542 
301 1.761576 
344 -26.100619 
387 -14.557737 
430 -12.485705 
473 -9.869883 
516 -10.196700 
559 -10.129185 
602 -6.300631 
645 -9.095919 
688 -17.492208 
731 -20.390631 
774 -14.764012 
817 -16.365461 
860 -13.356558 
903 -42.688750 
946 -3.332888 
989 -13.360801 
1032 -18.256423 
1075 -25.706622 
1118 -18.102567 
1161 -12.439387 
1204 -24.237528 
1247 -17.710657 
1290 -18.931942 
1333 -29.385270 
1376 -19.576953 
1419 -20.477459 
1462 -19.124429 
1505 -9.368712 
1548 -11.390550 
1591 -11.768800 
1634 -1.067677 
1677 -5.649124 
1720 -5.638182 
1763 -14.653711 
1806 -12.321354 
1849 -15.188947 
1892 -5.924465 
1935 -12.704206 
1978 -13.115908 
2021 -13.060588 
2064 -11.294402 
2107 -4.644204 
2150 -10.555871 
2193 -4.701920 
2236 -7.349075 
2279 -12.943208 
2322 0.058446 
2365 2.910377 
2408 -10.373707 
2451 -12.935214 
2494 -11.858530 
2537 -15.236972 
2580 4.324181 
2623 1.025957 
2666 1.474737 
2709 -4.249393 
2752 -2.233323 
2795 -5.176146 
2838 -3.819445 
2881 -10.157884 
2924 -2.703189 
2967 7.330934 
3010 7.150201 
3053 19.865003 
3096 3.994084 
3139 6.635320 
3182 4.746737 
3225 6.202403 
3268 5.025074 
3311 1.839112 
3354 -1.092136 
3397 6.609660 
3440 1.995557 
3483 -1.835405 
3526 -2.828219 
3569 -4.080306 
3612 10.501571 
3655 9.767244 
3698 7.795494 
3741 10.960268 
3784 4.338618 
3827 4.081328 
3870 -9.772363 
3913 4.540256 
3956 2.581325 
3999 -1.102052 
4042 4.439711 
4085 0.618086 
4128 3.000757 
4171 12.054639 
4214 7.072305 
4257 6.119636 
4300 3.987704 
4343 5.222563 
4386 5.730106 
4429 -0.274512 
4472 -2.344077 
4515 -0.699163 
4558 6.673786 
4601 5.969637 
4644 8.023062 
4687 -2.611187 
4730 3.128968 
4773 -11.103598 
4816 -3.572112 
4859 -0.522848 
4902 -6.706880 
4945 -6.792816 
4988 -6.022497 
5031 -11.436012 
5074 -14.460983 
5117 -6.157805 
5160 3.213461 
5203 -0.006248 
5246 1.067502 
5289 -1.724842 
5332 -1.264261 
5375 -1.675299 
5418 2.396525 
5461 2.909024 
5504 -8.946460 
5547 -1.988581 
5590 3.683522 
5633 0.220718 
5676 -16.773695 
5719 0.979761 
5762 3.328950 
5805 3.039831 
5848 -5.919025 
5891 -2.808836 
5934 9.931920 
5977 -4.881475 
6020 -4.224598 
6063 -10.094400 
6106 -9.112225 
6149 0.567391 
6192 -9.791407 
6235 -13.765057 
6278 -10.631057 
6321 -0.807597 
6364 1.641737 
6407 4.874370 
6450 5.030719 
6493 4.752252 
6536 4.390475 
6579 5.539547 
6622 -0.099722 
6665 1.246104 
6708 -6.372304 
6751 -3.998012 
6794 2.192041 
6837 7.014858 
6880 -4.641230 
6923 -8.876390 
6966 -6.375394 
7009 0.347222 
7052 -5.540776 
7095 1.217068 
7138 12.479217 
7181 6.683860 
7224 0.125976 
7267 1.239002 
7310 0.393138 
7353 -3.493862 
7396 -21.531870 
7439 11.787180 
7482 7.835806 
7525 21.111375 
7568 3.123595 
7611 -2.154770 
7654 -7.596920 
7697 -2.448881 
7740 1.888323 
7783 4.991957 
7826 8.801587 
7869 -11.048978 
7912 -2.172363 
7955 -9.445246 
7998 -0.972081 
8041 -8.125531 
8084 0.445647 
8127 2.238099 
8170 -1.986359 
8213 -3.032783 
8256 -6.156237 
8299 -0.609789 
8342 5.312541 
8385 -5.993057 
8428 -3.535194 
8471 -8.333595 
8514 -4.834540 
8557 -3.687445 
8600 0.860511 
8643 11.976300 
8686 -0.716556 
8729 3.732424 
8772 4.295434 
8815 0.535730 
8858 -3.753428 
8901 -3.186700 
8944 -5.783917 
8987 -1.416310 
9030 8.193102 
9073 16.425929 
9116 7.194893 
9159 4.655497 
9202 -5.768971 
9245 4.873220 
9288 1.982694 
9331 -2.456371 
9374 -20.805591 
9417 6.412210 
9460 3.788555 
9503 0.618240 
9546 -8.475650 
9589 -2.681697 
9632 2.303560 
9675 -3.024834 
9718 7.890716 
9761 6.315183 
9804 5.788554 
9847 4.551625 
9890 1.349321 
9933 0.206227 
9976 -5.076608 
10019 -4.536129 
10062 1.499565 
10105 -3.407509 
10148 4.801930 
10191 3.054396 
10234 3.096530 
10277 14.493147 
10320 14.979661 
10363 15.521659 
10406 5.567238 
10449 6.115508 
10492 3.558045 
10535 12.951777 
10578 -1.908164 
10621 -8.987708 
10664 -6.971669 
10707 6.097130 
10750 4.581032 
10793 8.563483 
10836 5.738974 
10879 0.213611 
10922 -1.021872 
10965 1.481272 
11008 -0.185100 
11051 -4.346147 
11094 5.521023 
11137 0.339446 
11180 1.825635 
11223 19.827971 
11266 14.824450 
11309 12.101990 
11352 4.473605 
11395 6.480372 
11438 10.932691 
11481 9.995307 
11524 10.705882 
11567 6.169641 
11610 -2.901611 
11653 -3.846070 
11696 -2.312629 
11739 10.563820 
11782 10.508409 
11825 1.192305 
11868 -1.574392 
11911 -4.183564 
11954 -20.646604 
11997 -7.389586 
12040 -14.004723 
12083 -10.605550 
12126 -13.110495 
12169 -13.477178 
12212 -11.285364 
12255 -8.094360 
12298 -8.736703 
12341 -11.572695 
12384 -21.749674 
12427 -7.565144 
12470 -4.047470 
12513 -0.590471 
12556 -4.625409 
12599 -6.104198 
12642 -10.441081 
12685 -4.014038 
12728 -15.533006 
12771 1.622977 
12814 -7.317365 
12857 -10.536257 
12900 -13.585194 
12943 -29.253050 
12986 -17.151099 
13029 -9.991726 
13072 -1.861955 
13115 -8.675456 
13158 -17.396698 
13201 -3.787433 
13244 -4.110746 
13287 -10.754636 
13330 -11.642234 
13373 -14.427559 
13416 -19.397193 
13459 -7.969596 
13502 2.825754 
13545 -14.579950 
13588 -7.419003 
13631 10.667996 
13674 -9.951335 
13717 -15.639150 
13760 -14.052815 
13803 -11.878636 
13846 -3.459021 
13889 -0.564598 
13932 -14.225827 
13975 -23.655411 
14018 -9.281756 
14061 -12.236563 
14104 -25.856896 
14147 -1.677239 
14190 14.246459 
14233 3.326122 
14276 -6.682773 
14319 1.847460 
14362 -9.984955 
14405 -3.789556 
14448 -8.755131 
14491 -5.728174 
14534 -10.079546 
14577 -0.070872 
14620 14.994783 
14663 -12.096646 
14706 -16.899815 
14749 -28.810333 
14792 -33.776355 
14835 -16.723434 
14878 -6.070067 
14921 -12.668353 
14964 -5.962998 
