0 -1.409377 
43 6.778934 
86 17.225353 
129 4.442572 
172 5.913364 
215 4.795039 
258 3.102787 
301 7.154430 
344 -15.832470 
387 -17.845327 
430 -16.939764 
473 -12.236435 
516 -9.634859 
559 -7.868793 
602 -22.514861 
645 -20.325405 
688 -18.914302 
731 -17.931439 
774 -13.132966 
817 -15.919404 
860 -18.820268 
903 -25.531977 
946 -13.439601 
989 -15.911934 
1032 -13.584347 
1075 -13.264000 
1118 -13.753209 
1161 -17.992215 
1204 -12.238686 
1247 -13.995158 
1290 -17.841357 
1333 -19.551643 
1376 -26.524398 
1419 -13.754362 
1462 -15.328864 
1505 -16.315954 
1548 -12.011144 
1591 -9.991919 
1634 -7.763942 
1677 -9.907144 
1720 -11.162325 
1763 -11.564671 
1806 -22.958487 
1849 -15.210052 
1892 -15.987588 
1935 -13.637010 
1978 -12.936761 
2021 -21.853180 
2064 -14.502562 
2107 -10.053142 
2150 -11.036874 
2193 -6.090790 
2236 -10.383599 
2279 -11.702322 
2322 -9.156699 
2365 -16.962229 
2408 -10.817689 
2451 -17.042809 
2494 -6.994325 
2537 3.285740 
2580 -1.962539 
2623 1.703403 
2666 -0.207295 
2709 2.969888 
2752 -0.996192 
2795 13.614274 
2838 -1.470699 
2881 10.059421 
2924 0.969707 
2967 4.092075 
3010 4.190699 
3053 5.191949 
3096 5.945687 
3139 1.534447 
3182 7.611862 
3225 3.476860 
3268 4.886716 
3311 0.082508 
3354 3.833843 
3397 0.403322 
3440 4.081092 
3483 4.399206 
3526 -1.516862 
3569 3.849260 
3612 4.454233 
3655 2.728822 
3698 5.246341 
3741 4.348748 
3784 3.526506 
3827 12.062407 
3870 3.910216 
3913 2.237792 
3956 2.115495 
3999 7.093338 
4042 3.240342 
4085 0.655763 
4128 3.686047 
4171 -1.947685 
4214 4.517661 
4257 4.717991 
4300 7.486493 
4343 3.577780 
4386 2.571941 
4429 2.191475 
4472 2.123139 
4515 -5.930013 
4558 -3.194406 
4601 0.284567 
4644 8.584847 
4687 1.156331 
4730 0.504864 
4773 -13.782191 
4816 1.699548 
4859 6.275968 
4902 -3.226944 
4945 -9.909174 
4988 -11.058964 
5031 -9.134266 
5074 -11.993727 
5117 -6.993430 
5160 -3.620501 
5203 -2.907939 
5246 -2.457916 
5289 -5.069023 
5332 -12.594249 
5375 -18.222565 
5418 -12.401568 
5461 -24.089820 
5504 -16.862482 
5547 -14.309468 
5590 -13.076103 
5633 -8.262314 
5676 -8.438892 
5719 -8.901675 
5762 -7.910854 
5805 -7.267165 
5848 -7.415148 
5891 -7.431449 
5934 -9.151592 
5977 -2.057595 
6020 -3.385995 
6063 -6.063597 
6106 0.931266 
6149 -0.038589 
6192 -3.029823 
6235 -4.823250 
6278 -3.993052 
6321 -6.750977 
6364 4.855088 
6407 3.678376 
6450 4.176855 
6493 5.104162 
6536 2.120174 
6579 7.928870 
6622 8.358449 
6665 8.940309 
6708 0.675410 
6751 8.741088 
6794 3.727101 
6837 12.136472 
6880 -0.506560 
6923 2.843215 
6966 4.160146 
7009 -5.700666 
7052 2.848735 
7095 -10.842412 
7138 -0.438001 
7181 3.746167 
7224 1.231998 
7267 0.719173 
7310 -5.896307 
7353 4.931558 
7396 12.931056 
7439 4.640556 
7482 3.494806 
7525 10.210757 
7568 3.199032 
7611 11.665271 
7654 2.642401 
7697 -14.872700 
7740 -2.267762 
7783 6.290760 
7826 3.185001 
7869 -0.699213 
7912 -3.105491 
7955 -7.316654 
7998 1.235127 
8041 3.195331 
8084 1.360084 
8127 11.941003 
8170 -7.570796 
8213 13.145589 
8256 -7.714036 
8299 -0.300940 
8342 -0.564384 
8385 -9.094270 
8428 -3.907466 
8471 -2.004121 
8514 6.599851 
8557 5.226450 
8600 3.164493 
8643 -12.417776 
8686 -2.568411 
8729 -17.462287 
8772 -6.396747 
8815 -0.887427 
8858 -10.178775 
8901 -10.081715 
8944 -3.061624 
8987 10.153758 
9030 0.701464 
9073 3.137418 
9116 6.303354 
9159 2.111056 
9202 0.007476 
9245 7.163908 
9288 2.860134 
9331 -2.304073 
9374 -7.821899 
9417 -2.552791 
9460 6.066711 
9503 -7.082745 
9546 -2.560680 
9589 0.348256 
9632 -1.218260 
9675 -1.435568 
9718 6.797239 
9761 5.274972 
9804 -1.413819 
9847 -0.227421 
9890 10.346998 
9933 -1.860929 
9976 -13.296670 
10019 0.860318 
10062 2.147368 
10105 11.201227 
10148 8.279122 
10191 6.328228 
10234 6.201147 
10277 0.445805 
10320 3.542537 
10363 6.076514 
10406 6.567239 
10449 0.571798 
10492 -5.809902 
10535 -4.298565 
10578 8.962621 
10621 -5.963950 
10664 4.029485 
10707 11.034124 
10750 10.311469 
10793 0.062122 
10836 -2.844148 
10879 3.051752 
10922 3.715929 
10965 -0.251654 
11008 -2.823308 
11051 1.420386 
11094 3.255171 
11137 22.493096 
11180 4.639982 
11223 6.413645 
11266 8.221837 
11309 17.015772 
11352 8.449790 
11395 5.287754 
11438 6.246727 
11481 14.378474 
11524 10.509128 
11567 15.487815 
11610 -9.944906 
11653 -0.134456 
11696 6.555444 
11739 3.635965 
11782 1.804888 
11825 -3.916067 
11868 -8.244391 
11911 -9.259137 
11954 -8.713715 
11997 6.345880 
12040 -7.102544 
12083 0.585261 
12126 -6.898844 
12169 -11.994107 
12212 -7.990962 
12255 -3.532082 
12298 -13.349352 
12341 -15.220180 
12384 -16.883315 
12427 -11.793440 
12470 -2.929292 
12513 -3.215241 
12556 -1.607048 
12599 -8.833972 
12642 -12.859833 
12685 -9.519979 
12728 -28.430207 
12771 -20.443776 
12814 -6.118607 
12857 0.397927 
12900 -8.532106 
12943 0.813570 
12986 -7.218422 
13029 -8.397972 
13072 -10.051802 
13115 -7.825655 
13158 -12.188717 
13201 -9.576095 
13244 -8.627511 
13287 -4.042288 
13330 -15.162580 
13373 -12.101886 
13416 -7.270180 
13459 -1.805068 
13502 3.346031 
13545 -11.926388 
13588 -27.285428 
13631 -14.687213 
13674 -7.434703 
13717 -13.571154 
13760 -8.061642 
13803 -11.204450 
13846 -20.241562 
13889 -15.493062 
13932 -8.165382 
13975 -31.126081 
14018 -19.488200 
14061 -12.919698 
14104 -11.673837 
14147 -17.848158 
14190 -21.755558 
14233 -28.252153 
14276 -15.552359 
14319 -15.915041 
14362 -15.614310 
14405 -17.403199 
14448 -26.738193 
14491 -20.385236 
14534 -19.564762 
14577 -26.845545 
14620 -23.818043 
14663 -21.313650 
14706 -18.106158 
14749 -13.380772 
14792 -7.605274 
14835 -19.435170 
14878 -14.717955 
14921 -18.126097 
14964 -13.985355 
