7998 -23.594301 
8041 -22.057994 
8084 -18.360246 
8127 -27.518710 
8170 -30.414938 
8213 -30.654405 
8256 -26.869607 
8299 -23.572239 
8342 -16.071874 
8385 -28.085978 
8428 -14.614774 
8471 -19.641202 
8514 -24.383088 
8557 -24.908927 
8600 -17.704662 
8643 -28.350912 
8686 -17.983307 
8729 -29.974932 
8772 -19.167740 
8815 -29.160385 
8858 -23.371919 
8901 -25.880028 
8944 -21.359803 
8987 -27.957651 
9030 -20.269401 
9073 -26.528273 
9116 -27.993326 
9159 -24.922274 
9202 -20.460598 
9245 -22.720601 
9288 -19.241611 
9331 -28.792232 
9374 -24.739561 
9417 -30.884759 
9460 -21.586578 
9503 -33.342431 
9546 -27.029050 
9589 -24.765795 
9632 -17.857664 
9675 -22.772088 
9718 -23.509229 
9761 -24.998975 
9804 -21.385652 
9847 -27.234907 
9890 -26.706967 
9933 -33.631338 
9976 -32.963189 
10019 -20.182001 
10062 -13.375354 
10105 -17.623972 
10148 -16.392884 
10191 -20.571500 
10234 -11.573480 
10277 -18.812832 
10320 -17.056838 
10363 -18.048821 
10406 -16.204921 
10449 -25.400563 
10492 -29.624881 
10535 -34.197107 
10578 -22.216259 
10621 -42.079355 
10664 -20.463236 
10707 -23.405270 
10750 -21.039022 
10793 -24.726233 
10836 -23.088166 
10879 -23.376918 
10922 -18.133148 
10965 -27.254559 
11008 -30.995492 
11051 -23.346021 
11094 -16.305377 
11137 -24.287348 
11180 -15.884282 
11223 -18.374596 
11266 -17.944550 
11309 -21.562977 
11352 -22.621828 
11395 -26.690560 
11438 -21.326462 
11481 -25.912085 
11524 -24.024663 
11567 -30.219773 
11610 -40.323287 
11653 -33.970917 
11696 -27.137183 
11739 -26.861738 
11782 -23.449100 
11825 -32.919368 
11868 -32.812027 
11911 -39.309530 
11954 -40.283233 
11997 -45.075022 
12040 -43.927946 
12083 -44.108437 
12126 -40.745025 
12169 -48.657669 
12212 -38.843513 
12255 -46.690865 
12298 -49.870629 
12341 -50.732491 
12384 -42.787331 
12427 -44.129369 
12470 -41.842003 
12513 -60.198855 
12556 -40.265716 
12599 -40.765011 
12642 -38.154434 
12685 -43.490564 
12728 -48.783476 
12771 -49.819471 
12814 -40.933970 
12857 -46.269222 
12900 -41.779697 
12943 -39.435158 
12986 -34.221340 
13029 -40.818196 
13072 -37.604954 
13115 -45.521667 
13158 -42.187131 
13201 -45.946910 
13244 -43.178696 
13287 -44.090688 
13330 -41.990492 
13373 -48.063007 
13416 -35.559192 
13459 -37.531915 
13502 -34.820881 
13545 -41.134901 
13588 -51.242686 
13631 -39.691144 
13674 -33.239980 
13717 -42.681806 
13760 -40.913657 
13803 -44.245971 
13846 -44.703900 
13889 -44.945282 
13932 -42.420395 
13975 -50.436143 
14018 -42.546311 
14061 -48.624164 
14104 -50.162014 
14147 -48.360903 
14190 -44.566231 
14233 -49.191805 
14276 -39.852228 
14319 -39.482243 
14362 -36.615402 
14405 -43.293001 
14448 -55.420896 
14491 -46.156166 
14534 -38.414329 
14577 -44.464423 
14620 -42.015956 
14663 -47.134506 
14706 -48.466302 
14749 -54.782193 
14792 -52.584793 
14835 -59.543190 
14878 -48.192747 
14921 -59.478728 
14964 -53.061840 
