7998 -22.817994 
8041 -32.523044 
8084 -32.531620 
8127 -30.195794 
8170 -25.726750 
8213 -38.135235 
8256 -32.884079 
8299 -29.207156 
8342 -21.106217 
8385 -31.256732 
8428 -29.507127 
8471 -25.683263 
8514 -20.264461 
8557 -24.208559 
8600 -23.576211 
8643 -28.963670 
8686 -31.313999 
8729 -39.104327 
8772 -28.208817 
8815 -29.966701 
8858 -27.945803 
8901 -31.880840 
8944 -31.735930 
8987 -34.772445 
9030 -32.976030 
9073 -34.268148 
9116 -30.329495 
9159 -32.458652 
9202 -31.643985 
9245 -39.489358 
9288 -31.541693 
9331 -37.977376 
9374 -37.612821 
9417 -40.455076 
9460 -32.542620 
9503 -42.390307 
9546 -34.877063 
9589 -39.618548 
9632 -36.158121 
9675 -32.977247 
9718 -28.151042 
9761 -37.082546 
9804 -26.898826 
9847 -29.258500 
9890 -28.265508 
9933 -32.165635 
9976 -31.757106 
10019 -35.557171 
10062 -27.376131 
10105 -32.593464 
10148 -25.214160 
10191 -29.425284 
10234 -30.379722 
10277 -27.132310 
10320 -22.032835 
10363 -26.987116 
10406 -31.739459 
10449 -40.507648 
10492 -34.977650 
10535 -33.664581 
10578 -30.175417 
10621 -28.139289 
10664 -23.252303 
10707 -31.924167 
10750 -38.511345 
10793 -37.664216 
10836 -30.885978 
10879 -36.225760 
10922 -24.872004 
10965 -33.379057 
11008 -33.018401 
11051 -43.341639 
11094 -39.552324 
11137 -33.772037 
11180 -28.484957 
11223 -32.488107 
11266 -28.111394 
11309 -43.808255 
11352 -26.512861 
11395 -32.648097 
11438 -37.000657 
11481 -37.574380 
11524 -27.863636 
11567 -32.370376 
11610 -33.143678 
11653 -36.522444 
11696 -28.743454 
11739 -34.295898 
11782 -31.545048 
11825 -36.777436 
11868 -33.849852 
11911 -46.452502 
11954 -38.194879 
