7998 -22.771998 
8041 -27.967126 
8084 -28.649330 
8127 -33.403181 
8170 -28.549607 
8213 -40.731749 
8256 -31.542178 
8299 -29.458077 
8342 -24.625026 
8385 -33.530801 
8428 -39.047783 
8471 -32.928913 
8514 -27.370795 
8557 -30.747509 
8600 -26.873727 
8643 -39.357241 
8686 -29.681640 
8729 -27.303063 
8772 -23.131342 
8815 -29.686350 
8858 -28.362734 
8901 -27.405148 
8944 -22.151876 
8987 -27.984362 
9030 -32.482594 
9073 -26.380533 
9116 -21.096551 
9159 -26.652569 
9202 -24.055485 
9245 -32.535672 
9288 -23.148254 
9331 -30.402144 
9374 -23.647752 
9417 -28.220491 
9460 -27.380410 
9503 -37.612164 
9546 -25.173692 
9589 -34.026111 
9632 -24.700979 
9675 -27.283637 
9718 -20.456311 
9761 -23.473726 
9804 -23.355870 
9847 -19.788997 
9890 -15.281463 
9933 -24.679317 
9976 -23.806410 
10019 -39.398936 
10062 -25.516936 
10105 -19.962218 
10148 -12.842492 
10191 -18.845267 
10234 -18.859628 
10277 -20.024015 
10320 -18.666734 
10363 -22.409341 
10406 -24.214755 
10449 -34.139158 
10492 -23.021227 
10535 -24.863516 
10578 -19.977703 
10621 -24.361506 
10664 -24.384190 
10707 -22.233627 
10750 -18.476221 
10793 -28.058842 
10836 -23.338001 
10879 -23.527883 
10922 -21.631158 
10965 -24.887877 
11008 -23.840354 
11051 -27.143946 
11094 -22.397524 
11137 -23.887520 
11180 -22.412555 
11223 -27.028190 
11266 -27.048353 
11309 -22.606229 
11352 -17.540949 
11395 -24.913266 
11438 -20.154284 
11481 -30.973642 
11524 -34.055706 
11567 -30.068201 
11610 -25.023132 
11653 -42.304578 
11696 -24.039723 
11739 -28.345843 
11782 -27.797541 
11825 -31.394519 
11868 -33.811672 
11911 -34.138927 
11954 -28.437254 
