7998 -28.736743 
8041 -33.985677 
8084 -34.041340 
8127 -39.293360 
8170 -35.998916 
8213 -44.614920 
8256 -37.021590 
8299 -34.018925 
8342 -28.979184 
8385 -37.847821 
8428 -42.953528 
8471 -37.817148 
8514 -32.521500 
8557 -35.402198 
8600 -31.036687 
8643 -40.890231 
8686 -35.915909 
8729 -31.485252 
8772 -26.486316 
8815 -32.291582 
8858 -31.753688 
8901 -30.393208 
8944 -24.812107 
8987 -30.956397 
9030 -36.966873 
9073 -30.189897 
9116 -24.771256 
9159 -30.067397 
9202 -26.143659 
9245 -33.240732 
9288 -25.193498 
9331 -31.266999 
9374 -24.995783 
9417 -30.395636 
9460 -30.713366 
9503 -37.968162 
9546 -28.411331 
9589 -34.706833 
9632 -26.201962 
9675 -30.224461 
9718 -23.547830 
9761 -26.466095 
9804 -26.167209 
9847 -22.628809 
9890 -18.131911 
9933 -26.781811 
9976 -26.421066 
10019 -43.003851 
10062 -29.279723 
10105 -23.128939 
10148 -16.032606 
10191 -21.570267 
10234 -21.791369 
10277 -22.883060 
10320 -21.473379 
10363 -26.113711 
10406 -30.375923 
10449 -39.046288 
10492 -26.510701 
10535 -28.245415 
10578 -23.135746 
10621 -27.395525 
10664 -27.260343 
10707 -24.801314 
10750 -20.937921 
10793 -30.914218 
10836 -27.838301 
10879 -27.625257 
10922 -24.975111 
10965 -27.933390 
11008 -26.846280 
11051 -31.490069 
11094 -25.525969 
11137 -26.379449 
11180 -23.697052 
11223 -28.551289 
11266 -28.466516 
11309 -24.064541 
11352 -19.116343 
11395 -25.178823 
11438 -20.581250 
11481 -31.839372 
11524 -33.063832 
11567 -29.252784 
11610 -24.595881 
11653 -43.066834 
11696 -22.782133 
11739 -25.355763 
11782 -22.581090 
11825 -26.935446 
11868 -30.822070 
11911 -26.855308 
11954 -20.502285 
