0 -42.934102 
43 5.985778 
86 20.937430 
129 19.212575 
172 18.286152 
215 -1.653660 
258 -2.371500 
301 -1.605704 
344 -25.456613 
387 -19.724986 
430 -14.850646 
473 -8.606876 
516 -5.493895 
559 -8.619590 
602 -20.641225 
645 -19.504293 
688 -17.648521 
731 -21.950705 
774 -16.711095 
817 -14.206185 
860 -18.319764 
903 -13.894019 
946 -13.961338 
989 -24.299295 
1032 -15.970570 
1075 -14.453660 
1118 -9.317711 
1161 -9.908867 
1204 -7.002724 
1247 -13.440342 
1290 -19.076589 
1333 -18.838036 
1376 -17.053240 
1419 -19.174193 
1462 -7.806579 
1505 -8.135642 
1548 -7.076766 
1591 -14.904429 
1634 -11.738912 
1677 -10.785534 
1720 -8.470047 
1763 -20.457894 
1806 -34.533442 
1849 -19.225246 
1892 -16.467707 
1935 -15.376848 
1978 -16.056990 
2021 -5.651804 
2064 -14.909394 
2107 -9.278514 
2150 -10.108908 
2193 -7.165705 
2236 -11.487247 
2279 -12.336988 
2322 -15.983213 
2365 -12.402907 
2408 -8.040852 
2451 -10.742356 
2494 -13.546121 
2537 -7.708632 
2580 -2.305976 
2623 0.550524 
2666 -3.068043 
2709 -0.438561 
2752 1.510779 
2795 3.920484 
2838 8.043681 
2881 -1.944048 
2924 -3.159387 
2967 1.648368 
3010 7.261399 
3053 11.859822 
3096 10.748244 
3139 0.828248 
3182 2.914456 
3225 3.858863 
3268 0.598408 
3311 -0.654928 
3354 8.716615 
3397 -8.149005 
3440 -1.547734 
3483 -8.878894 
3526 -5.839070 
3569 -5.082414 
3612 8.914454 
3655 4.368425 
3698 2.935931 
3741 1.993742 
3784 13.861671 
3827 4.746538 
3870 0.779904 
3913 4.899626 
3956 3.292763 
3999 14.619312 
4042 1.386415 
4085 0.365525 
4128 2.983833 
4171 2.794792 
4214 3.673114 
4257 4.649521 
4300 6.548322 
4343 6.250677 
4386 3.683230 
4429 3.039632 
4472 -1.283362 
4515 -3.007450 
4558 -1.812595 
4601 2.454627 
4644 -4.124896 
4687 -1.056873 
4730 -0.315910 
4773 -3.579949 
4816 0.464825 
4859 -0.414138 
4902 -1.609587 
4945 0.465287 
4988 -3.595126 
5031 -5.231997 
5074 -9.064402 
5117 -7.846798 
5160 -7.276363 
5203 -7.693285 
5246 -8.275234 
5289 -8.056481 
5332 -1.119909 
5375 -10.322944 
5418 -11.392314 
5461 -12.974338 
5504 -18.087350 
5547 -25.457504 
5590 -13.772867 
5633 -7.096288 
5676 -3.802933 
5719 -4.674903 
5762 -6.196777 
5805 -6.903910 
5848 -6.798269 
5891 -7.758797 
5934 -7.821069 
5977 -7.707420 
6020 -10.658787 
6063 -5.301952 
6106 -6.919679 
6149 6.049561 
6192 -3.356092 
6235 -4.086858 
6278 0.427858 
6321 -2.595400 
6364 -1.869989 
6407 -1.852725 
6450 -1.799269 
6493 11.446318 
6536 -0.182107 
6579 1.295621 
6622 6.439205 
6665 3.325707 
6708 3.221050 
6751 -5.689113 
6794 3.482511 
6837 0.299805 
6880 -2.487030 
6923 -2.859458 
6966 0.868504 
7009 0.322437 
7052 0.696110 
7095 3.510679 
7138 -0.351423 
7181 -0.895550 
7224 3.750880 
7267 10.752240 
7310 -4.145172 
7353 0.621435 
7396 -0.222718 
7439 -1.316885 
7482 -3.529470 
7525 -0.524210 
7568 -4.135231 
7611 9.654062 
7654 2.088725 
7697 4.299413 
7740 4.685225 
7783 0.367751 
7826 -3.731492 
7869 -11.000062 
7912 -0.982117 
7955 -6.404926 
7998 7.246174 
8041 0.376077 
8084 1.617145 
8127 4.690660 
8170 1.465957 
8213 -5.648491 
8256 -0.594097 
8299 1.732427 
8342 -5.045662 
8385 -3.640184 
8428 0.003651 
8471 3.271461 
8514 0.716368 
8557 -1.175527 
8600 -3.124946 
8643 0.657613 
8686 19.004936 
8729 27.118863 
8772 13.816472 
8815 -1.768986 
8858 -7.295690 
8901 5.062176 
8944 3.787146 
8987 -7.597023 
9030 -0.610426 
9073 0.110070 
9116 0.341250 
9159 1.125743 
9202 1.777591 
9245 1.087839 
9288 8.864211 
9331 -10.493888 
9374 -2.128257 
9417 -1.195205 
9460 -0.829312 
9503 1.190787 
9546 6.358099 
9589 3.964697 
9632 -6.724627 
9675 -3.447386 
9718 1.481683 
9761 13.544210 
9804 18.852752 
9847 12.076026 
9890 10.056448 
9933 11.448491 
9976 13.094057 
10019 18.408896 
10062 8.971043 
10105 -1.382095 
10148 4.560058 
10191 9.250673 
10234 9.610980 
10277 12.313440 
10320 8.101112 
10363 2.849697 
10406 -17.370837 
10449 -4.424854 
10492 1.539708 
10535 10.708421 
10578 -9.854999 
10621 -10.562973 
10664 -4.075270 
10707 5.788510 
10750 6.809101 
10793 6.048537 
10836 3.599735 
10879 -0.081020 
10922 -2.858104 
10965 -3.161837 
11008 2.573925 
11051 -2.672840 
11094 -0.572185 
11137 -0.063537 
11180 -6.448085 
11223 -3.789598 
11266 -4.469698 
11309 7.572143 
11352 2.727082 
11395 5.503798 
11438 9.599360 
11481 5.956287 
11524 -12.116387 
11567 -13.138894 
11610 -13.372335 
11653 -12.790764 
11696 -0.668068 
11739 8.914227 
11782 3.845272 
11825 -1.383282 
11868 -6.559437 
11911 -8.943448 
11954 -9.072331 
11997 -17.396126 
12040 9.337802 
12083 -10.934390 
12126 -7.234041 
12169 -5.280358 
12212 -8.690818 
12255 -8.491749 
12298 -12.420565 
12341 -14.246946 
12384 -16.075542 
12427 -20.502322 
12470 2.777951 
12513 -7.040252 
12556 -19.809695 
12599 -21.099315 
12642 -7.042888 
12685 -12.170598 
12728 -5.588502 
12771 -18.125174 
12814 -31.392082 
12857 -23.781460 
12900 -21.360969 
12943 -10.264403 
12986 -7.680593 
13029 -7.159045 
13072 -4.878299 
13115 -2.499313 
13158 -7.004154 
13201 -12.576528 
13244 -18.489695 
13287 -13.828392 
13330 -12.615190 
13373 -20.424433 
13416 -12.152901 
13459 -16.097637 
13502 -13.457094 
13545 -9.827284 
13588 -8.582642 
13631 -10.210314 
13674 -14.553134 
13717 -15.193419 
13760 -15.324850 
13803 -12.355896 
13846 -16.776170 
13889 -8.383801 
13932 -20.410942 
13975 -31.305047 
14018 -16.150653 
14061 -10.911080 
14104 -10.270307 
14147 -20.140686 
14190 -22.007249 
14233 -20.317845 
14276 -22.527740 
14319 -23.443808 
14362 -19.111801 
14405 -19.144653 
14448 -7.665308 
14491 -22.564266 
14534 -13.928357 
14577 -11.645634 
14620 5.565721 
14663 -15.452326 
14706 -21.600348 
14749 -26.748000 
14792 -30.416196 
14835 -23.651929 
14878 -13.529494 
14921 -19.405427 
14964 -7.877830 
