0 -24.209116 
43 4.399576 
86 19.798067 
129 18.771619 
172 17.504480 
215 -1.905098 
258 -2.692939 
301 -1.967641 
344 -28.022834 
387 -28.637505 
430 -21.361838 
473 -13.371609 
516 -9.725601 
559 -12.046762 
602 -22.124662 
645 -25.392962 
688 -27.276239 
731 -28.415390 
774 -28.715782 
817 -21.509483 
860 -25.282250 
903 -17.917419 
946 -17.854198 
989 -18.365320 
1032 -14.250807 
1075 -14.320864 
1118 -16.609446 
1161 -17.716284 
1204 -12.189647 
1247 -16.125444 
1290 -23.022361 
1333 -24.516366 
1376 -19.025465 
1419 -21.856104 
1462 -4.847227 
1505 -10.299450 
1548 -11.375054 
1591 -21.729354 
1634 -20.641551 
1677 -19.568695 
1720 -14.351282 
1763 -17.130077 
1806 -16.445135 
1849 -21.878842 
1892 -19.575933 
1935 -19.148637 
1978 -21.616410 
2021 -10.681113 
2064 -14.978034 
2107 -11.381482 
2150 -12.584024 
2193 -12.650093 
2236 -13.193826 
2279 -16.057548 
2322 -18.570524 
2365 -12.753088 
2408 -7.789457 
2451 -11.235415 
2494 -20.302979 
2537 -9.998092 
2580 -8.150762 
2623 -3.303634 
2666 -6.380994 
2709 -3.839253 
2752 -1.921090 
2795 1.041244 
2838 7.031635 
2881 -5.999908 
2924 -8.587550 
2967 -4.674689 
3010 0.554037 
3053 2.896865 
3096 -10.553216 
3139 -3.958627 
3182 -6.318696 
3225 -0.231176 
3268 -0.282937 
3311 -3.402139 
3354 8.333100 
3397 -11.085769 
3440 -3.724920 
3483 -13.060057 
3526 -4.953461 
3569 5.894924 
3612 15.267356 
3655 9.552385 
3698 6.653421 
3741 5.108375 
3784 16.567073 
3827 5.322896 
3870 -0.909173 
3913 5.165144 
3956 5.554667 
3999 13.351682 
4042 0.417157 
4085 -3.436051 
4128 0.426711 
4171 0.113474 
4214 0.653420 
4257 2.803611 
4300 5.394097 
4343 4.198280 
4386 1.341719 
4429 0.732840 
4472 -3.240906 
4515 -7.643845 
4558 -12.599147 
4601 1.176239 
4644 -3.167371 
4687 -3.436142 
4730 -2.292115 
4773 -8.926186 
4816 -5.757773 
4859 -5.127545 
4902 -2.675405 
4945 -1.249443 
4988 -15.770820 
5031 -20.042512 
5074 -31.478953 
5117 -15.516784 
5160 -8.999885 
5203 -8.643924 
5246 -6.413197 
5289 -5.713958 
5332 -3.204013 
5375 -7.254785 
5418 -7.591216 
5461 -10.706685 
5504 -18.309976 
5547 -4.833509 
5590 -16.003196 
5633 -10.310430 
5676 -8.682537 
5719 -9.172357 
5762 -11.398203 
5805 -0.832327 
5848 -7.713207 
5891 -6.159587 
5934 -5.375312 
5977 -5.051526 
6020 -1.642115 
6063 -27.418835 
6106 -18.074824 
6149 6.000402 
6192 -11.100469 
6235 -11.226752 
6278 -4.006330 
6321 -4.684327 
6364 -3.856042 
6407 -3.589537 
6450 -3.511587 
6493 5.600151 
6536 -5.663027 
6579 -4.888592 
6622 -3.033827 
6665 -14.986358 
6708 -21.408304 
6751 -5.810948 
6794 -2.808255 
6837 -2.246828 
6880 -3.972206 
6923 -4.466090 
6966 -4.938727 
7009 -6.609652 
7052 -6.062692 
7095 -4.350447 
7138 -6.885058 
7181 -8.565277 
7224 -5.678050 
7267 4.755381 
7310 -6.685500 
7353 -1.912820 
7396 -2.895233 
7439 -3.183597 
7482 -7.878083 
7525 -5.855705 
7568 -9.804705 
7611 2.439858 
7654 -5.367366 
7697 -1.881927 
7740 -3.682670 
7783 -5.830849 
7826 -8.343372 
7869 -15.199693 
7912 -6.584899 
7955 -11.950942 
7998 1.615661 
8041 -8.638711 
8084 -6.512429 
8127 -2.271003 
8170 -5.591935 
8213 -11.362340 
8256 -7.037421 
8299 -4.548794 
8342 -11.027210 
8385 -9.496112 
8428 -6.444533 
8471 -2.549319 
8514 -4.847338 
8557 -7.626627 
8600 -8.169670 
8643 -4.177699 
8686 15.265483 
8729 23.945875 
8772 10.975057 
8815 -4.426462 
8858 -13.029930 
8901 0.239142 
8944 -0.535354 
8987 -10.711411 
9030 -4.738095 
9073 -4.386909 
9116 -4.571889 
9159 -2.867660 
9202 -1.538878 
9245 -0.940119 
9288 4.495126 
9331 -14.952647 
9374 -6.129290 
9417 -5.421606 
9460 -5.792012 
9503 -3.707737 
9546 1.720720 
9589 -1.024477 
9632 -11.251555 
9675 -7.613852 
9718 -1.273067 
9761 9.074870 
9804 14.347666 
9847 6.614946 
9890 3.959991 
9933 4.960308 
9976 7.922896 
10019 11.985702 
10062 4.922240 
10105 -8.840970 
10148 -1.487506 
10191 3.482580 
10234 4.537507 
10277 6.299849 
10320 1.809045 
10363 -3.421342 
10406 -24.473583 
10449 -12.983001 
10492 -7.123866 
10535 0.321833 
10578 -15.247267 
10621 -17.320020 
10664 -5.562598 
10707 1.477492 
10750 1.677722 
10793 1.288926 
10836 -0.998378 
10879 -4.490371 
10922 -7.205999 
10965 -7.592662 
11008 0.842370 
11051 -7.616661 
11094 -4.619964 
11137 -3.859930 
11180 -10.710498 
11223 -8.098258 
11266 -8.923809 
11309 4.542098 
11352 -0.474477 
11395 3.130248 
11438 7.138564 
11481 3.336427 
11524 -14.653827 
11567 -15.514298 
11610 -14.629798 
11653 -12.043235 
11696 -1.310483 
11739 9.148554 
11782 4.775653 
11825 -1.771416 
11868 -9.659675 
11911 -12.082914 
11954 -9.486363 
11997 -15.800276 
12040 9.271138 
12083 -8.156526 
12126 -4.951370 
12169 -2.835608 
12212 -7.555666 
12255 -7.015327 
12298 -11.201561 
12341 -11.914332 
12384 -12.925003 
12427 -16.895965 
12470 4.409120 
12513 -7.363962 
12556 -27.233765 
12599 -15.363369 
12642 -7.562635 
12685 -13.396506 
12728 -8.574686 
12771 -18.994867 
12814 -27.043756 
12857 -21.154447 
12900 -23.177069 
12943 -15.184565 
12986 -13.574531 
13029 -13.088169 
13072 -9.671140 
13115 -9.096537 
13158 -13.068603 
13201 -18.542291 
13244 -24.161078 
13287 -19.911328 
13330 -17.324575 
13373 -27.971797 
13416 -18.871225 
13459 -23.647651 
13502 -14.768166 
13545 -14.958342 
13588 -16.686757 
13631 -25.827366 
13674 -17.222739 
13717 -39.259967 
13760 -25.225714 
13803 -21.748781 
13846 -23.342443 
13889 -11.542828 
13932 -21.326164 
13975 -23.114752 
14018 -19.858928 
14061 -14.893445 
14104 -14.775263 
14147 -32.924794 
14190 -28.613411 
14233 -20.940600 
14276 -26.730947 
14319 -26.925018 
14362 -26.050355 
14405 -26.663206 
14448 -14.763961 
14491 -15.140763 
14534 -14.389775 
14577 -12.814818 
14620 -8.337461 
14663 -25.009827 
14706 -23.389870 
14749 -40.313203 
14792 -23.931321 
14835 -24.073667 
14878 -23.779775 
14921 -16.515579 
14964 -11.545649 
