0 -18.250458 
43 4.817434 
86 20.184535 
129 15.819021 
172 17.500760 
215 -0.744256 
258 -1.990987 
301 -1.082380 
344 -23.715471 
387 -17.949935 
430 -16.084757 
473 -16.315105 
516 -16.862886 
559 -21.047999 
602 -21.181120 
645 -18.563742 
688 -16.440607 
731 -16.393352 
774 -12.466853 
817 -15.149314 
860 -17.497145 
903 -16.718745 
946 -16.980051 
989 -15.770804 
1032 -13.636160 
1075 -12.061090 
1118 -12.419698 
1161 -10.665029 
1204 -10.287871 
1247 -32.989429 
1290 -14.929115 
1333 -17.462025 
1376 -20.264725 
1419 -28.058930 
1462 -17.271467 
1505 -33.525699 
1548 -21.856788 
1591 -10.700212 
1634 -11.353000 
1677 -10.333971 
1720 -8.584498 
1763 -14.658349 
1806 -13.148690 
1849 -14.333492 
1892 -15.487464 
1935 -14.715354 
1978 -17.543165 
2021 -6.396129 
2064 -10.188161 
2107 -7.003201 
2150 -9.951060 
2193 -1.917171 
2236 -7.999864 
2279 -12.008777 
2322 -13.838052 
2365 -8.968576 
2408 -2.153385 
2451 -8.197203 
2494 -6.889323 
2537 -0.291685 
2580 -1.011707 
2623 6.359407 
2666 -5.540729 
2709 -9.013848 
2752 -1.338490 
2795 3.199762 
2838 12.756901 
2881 -0.495307 
2924 -3.494956 
2967 -0.211905 
3010 5.172036 
3053 10.207834 
3096 8.674756 
3139 3.908022 
3182 5.188254 
3225 3.231785 
3268 -3.250396 
3311 1.015635 
3354 9.353508 
3397 -3.481814 
3440 -0.397659 
3483 -11.447180 
3526 -3.127492 
3569 -9.989043 
3612 7.830160 
3655 0.191162 
3698 1.400596 
3741 4.387172 
3784 13.035122 
3827 1.360989 
3870 2.473528 
3913 5.801952 
3956 4.607143 
3999 18.303611 
4042 2.677296 
4085 -3.631883 
4128 4.079375 
4171 -0.782773 
4214 4.420733 
4257 -0.227745 
4300 7.203632 
4343 10.396665 
4386 5.948100 
4429 5.474585 
4472 3.391421 
4515 -0.345946 
4558 4.118512 
4601 12.871885 
4644 7.016098 
4687 6.976103 
4730 5.211839 
4773 -1.734653 
4816 6.067458 
4859 2.336552 
4902 8.231275 
4945 10.994563 
4988 6.559763 
5031 7.784468 
5074 1.825261 
5117 3.095659 
5160 3.448710 
5203 1.561951 
5246 3.710389 
5289 6.849719 
5332 12.055610 
5375 1.490499 
5418 2.218511 
5461 1.750507 
5504 1.308030 
5547 8.536772 
5590 3.019242 
5633 5.571262 
5676 -11.512755 
5719 1.732960 
5762 1.060187 
5805 11.339037 
5848 -1.153629 
5891 -4.102345 
5934 0.572386 
5977 -1.506774 
6020 4.262896 
6063 1.567194 
6106 -0.101387 
6149 14.773777 
6192 -2.364490 
6235 -1.720786 
6278 -1.584450 
6321 -4.180511 
6364 -6.039800 
6407 -7.664117 
6450 -9.096212 
6493 8.291408 
6536 -15.811996 
6579 -13.296445 
6622 -7.479311 
6665 -5.966380 
6708 -6.595985 
6751 -8.485133 
6794 -5.105180 
6837 -12.454978 
6880 -6.678233 
6923 -8.514111 
6966 -5.080447 
7009 -4.631861 
7052 -4.032929 
7095 1.360936 
7138 -6.585704 
7181 -9.438653 
7224 -2.651713 
7267 4.796272 
7310 -8.255568 
7353 -4.729624 
7396 -5.453660 
7439 -8.083049 
7482 -11.694925 
7525 -7.237208 
7568 -11.535068 
7611 3.797502 
7654 -8.375965 
7697 -3.675496 
7740 -6.973735 
7783 -10.184681 
7826 -14.051417 
7869 -15.487719 
7912 -11.329323 
7955 -16.395224 
7998 -3.619474 
8041 -10.707376 
8084 -10.427095 
8127 -3.627164 
8170 -10.298135 
8213 -12.973510 
8256 -11.654974 
8299 -8.796358 
8342 -15.092772 
8385 -13.561556 
8428 -10.239431 
8471 -7.363214 
8514 -10.253894 
8557 -23.123500 
8600 -16.281605 
8643 -12.904588 
8686 3.771113 
8729 11.953320 
8772 0.772983 
8815 -14.227877 
8858 -29.098323 
8901 -13.838299 
8944 -14.617848 
8987 -14.427086 
9030 -17.254522 
9073 -17.509358 
9116 -18.249406 
9159 -22.978597 
9202 -36.557598 
9245 -25.313126 
9288 -19.392460 
9331 -27.964310 
9374 -28.171688 
9417 -33.282764 
9460 -27.012223 
9503 -28.880938 
9546 -20.931232 
9589 -24.692483 
9632 -29.401215 
9675 -32.135310 
9718 -39.773646 
9761 -13.542854 
9804 -9.177770 
9847 -20.226632 
9890 -26.815969 
9933 -21.665286 
9976 -13.198153 
10019 -9.782787 
10062 -22.959388 
10105 -26.221058 
10148 -27.908567 
10191 -23.571069 
10234 -22.991447 
10277 -14.099724 
10320 -16.371084 
10363 -21.101309 
10406 -46.734348 
10449 -34.420113 
10492 -28.675913 
10535 -25.730955 
10578 -29.279837 
10621 -26.251764 
10664 -15.854990 
10707 -15.326819 
10750 -14.412132 
10793 -11.250550 
10836 -11.297382 
10879 -21.008402 
10922 -24.116156 
10965 -34.881624 
11008 -9.396693 
11051 -13.897722 
11094 -13.789564 
11137 -13.128733 
11180 -17.190351 
11223 -14.864084 
11266 -14.800269 
11309 -2.137896 
11352 -10.680219 
11395 -5.573506 
11438 -1.193917 
11481 -4.983049 
11524 -28.391239 
11567 -24.056522 
11610 -23.208982 
11653 -20.361056 
11696 -12.023027 
11739 1.377981 
11782 -7.000740 
11825 -13.851235 
11868 -15.742036 
11911 -22.440248 
11954 -15.633294 
11997 -18.222501 
12040 4.115293 
12083 -8.515903 
12126 -10.082624 
12169 -9.492920 
12212 -9.367475 
12255 -12.104321 
12298 -13.960998 
12341 -18.314662 
12384 -17.182878 
12427 -15.480400 
12470 4.666562 
12513 -7.008733 
12556 -28.316161 
12599 -16.432065 
12642 -9.624133 
12685 -19.791921 
12728 -6.832066 
12771 -19.331371 
12814 -39.584319 
12857 -25.927462 
12900 -28.515924 
12943 -19.463774 
12986 -15.328760 
13029 -22.739486 
13072 -18.383879 
13115 -10.433495 
13158 -15.017638 
13201 -27.666261 
13244 -24.748490 
13287 -30.855008 
13330 -20.746776 
13373 -30.001220 
13416 -22.404295 
13459 -41.609793 
13502 -15.613721 
13545 -16.665068 
13588 -16.971567 
13631 -19.329738 
13674 -32.139187 
13717 -23.738811 
13760 -23.631552 
13803 -23.660762 
13846 -26.844892 
13889 -14.986484 
13932 -24.556789 
13975 -39.579875 
14018 -19.119536 
14061 -13.554683 
14104 -10.148704 
14147 -24.809752 
14190 -25.432590 
14233 -26.761379 
14276 -34.503545 
14319 -38.014941 
14362 -35.944125 
14405 -28.213949 
14448 -11.321388 
14491 -24.981318 
14534 -18.457025 
14577 -18.716598 
14620 -14.411155 
14663 -23.227367 
14706 -21.786580 
14749 -26.811349 
14792 -27.621245 
14835 -27.910468 
14878 -18.300259 
14921 -20.008400 
14964 -34.445731 
