0 39.322428 
43 32.693403 
86 31.091481 
129 32.279452 
172 40.095958 
215 3.473015 
258 -4.170123 
301 -8.804928 
344 -22.180351 
387 -16.071290 
430 -15.756152 
473 -17.028996 
516 -7.241376 
559 -5.134566 
602 -17.175002 
645 -22.795678 
688 -19.910512 
731 -16.547233 
774 -14.157422 
817 -16.210916 
860 -18.303161 
903 -26.986684 
946 -23.449826 
989 -11.511815 
1032 -14.906725 
1075 -14.693572 
1118 -9.712149 
1161 -10.555369 
1204 -13.000696 
1247 -16.400486 
1290 -19.230736 
1333 -18.117388 
1376 -19.441408 
1419 -24.795281 
1462 -16.650592 
1505 -11.944438 
1548 -11.165133 
1591 -11.321046 
1634 -9.306002 
1677 -11.350431 
1720 -10.459415 
1763 -12.941860 
1806 -24.435675 
1849 -17.121281 
1892 -16.605422 
1935 -13.061522 
1978 -14.634493 
2021 -13.108622 
2064 -15.252542 
2107 -17.499722 
2150 -9.954836 
2193 -11.291280 
2236 -9.413052 
2279 -9.688137 
2322 -11.730778 
2365 -9.474376 
2408 -10.766047 
2451 -0.272607 
2494 -13.041620 
2537 -4.008342 
2580 -7.729180 
2623 5.975229 
2666 -2.257484 
2709 1.003150 
2752 -1.315673 
2795 -5.565434 
2838 -6.435490 
2881 -5.049388 
2924 -3.209419 
2967 -2.588188 
3010 0.880834 
3053 3.800674 
3096 5.920556 
3139 -3.024095 
3182 4.761450 
3225 6.635650 
3268 7.621625 
3311 6.599972 
3354 3.560283 
3397 5.674305 
3440 -1.262462 
3483 -3.944784 
3526 -0.499695 
3569 7.582594 
3612 3.346845 
3655 4.597195 
3698 3.397028 
3741 6.527738 
3784 5.282785 
3827 6.526023 
3870 3.140639 
3913 6.151408 
3956 2.841657 
3999 -2.419497 
4042 0.307058 
4085 1.634352 
4128 4.441277 
4171 6.356893 
4214 8.061916 
4257 4.825761 
4300 5.558034 
4343 4.160215 
4386 1.621507 
4429 2.822744 
4472 5.708567 
4515 3.614475 
4558 0.435022 
4601 -0.842210 
4644 -2.736419 
4687 -3.485320 
4730 -2.848626 
4773 0.297326 
4816 1.030459 
4859 0.237592 
4902 -1.453519 
4945 -4.112217 
4988 -2.906581 
5031 -7.925957 
5074 -10.287418 
5117 -11.796133 
5160 -9.070100 
5203 -9.274874 
5246 -11.357385 
5289 -10.524814 
5332 -12.331577 
5375 -17.850500 
5418 -14.135612 
5461 -18.011138 
5504 -28.334228 
5547 -29.062971 
5590 -29.315257 
5633 -5.542889 
5676 -4.030230 
5719 -1.857542 
5762 -10.181310 
5805 -13.848467 
5848 -8.654490 
5891 -22.658397 
5934 -13.861095 
5977 -9.409634 
6020 -6.434225 
6063 -6.434332 
6106 -12.877025 
6149 0.697881 
6192 -0.500666 
6235 -0.953025 
6278 -2.333395 
6321 -0.961003 
6364 1.739951 
6407 -7.553402 
6450 -1.077912 
6493 -2.149207 
6536 -1.391230 
6579 2.322631 
6622 4.574807 
6665 10.131456 
6708 -4.069975 
6751 -0.418020 
6794 0.125873 
6837 0.490475 
6880 -0.341050 
6923 2.907551 
6966 -0.971237 
7009 -1.816432 
7052 0.620492 
7095 1.015406 
7138 1.025729 
7181 3.855457 
7224 -0.968939 
7267 0.064769 
7310 -3.825934 
7353 -4.129668 
7396 -5.150561 
7439 -3.681263 
7482 2.905419 
7525 0.604315 
7568 -0.522295 
7611 0.501077 
7654 1.472604 
7697 3.308224 
7740 6.170830 
7783 1.594261 
7826 3.167326 
7869 -0.172827 
7912 -2.452301 
7955 -0.321561 
7998 -17.094371 
8041 0.721992 
8084 4.016995 
8127 3.578560 
8170 2.528848 
8213 4.872713 
8256 -2.076862 
8299 -2.537653 
8342 -0.249991 
8385 0.933433 
8428 -1.483707 
8471 5.180216 
8514 1.603742 
8557 0.462879 
8600 -3.837800 
8643 -2.037347 
8686 -1.732504 
8729 -2.417771 
8772 -7.211422 
8815 -8.345130 
8858 -3.853399 
8901 -1.585186 
8944 5.502465 
8987 -0.949412 
9030 -8.803628 
9073 -3.207938 
9116 4.607469 
9159 -1.347033 
9202 -4.906261 
9245 -1.724873 
9288 0.076505 
9331 1.675433 
9374 0.906905 
9417 6.548533 
9460 8.655300 
9503 2.944210 
9546 -0.490246 
9589 4.724392 
9632 15.599069 
9675 2.824972 
9718 -1.428191 
9761 5.816103 
9804 1.983878 
9847 4.110315 
9890 6.564613 
9933 7.048354 
9976 14.923992 
10019 -0.895542 
10062 -1.020156 
10105 3.899586 
10148 5.377558 
10191 5.477857 
10234 6.089267 
10277 12.740664 
10320 0.901030 
10363 11.599667 
10406 7.001646 
10449 5.793335 
10492 1.931939 
10535 8.448811 
10578 2.573744 
10621 3.379135 
10664 -0.834201 
10707 0.445529 
10750 4.108169 
10793 -6.034609 
10836 -7.980192 
10879 -8.950619 
10922 -7.370580 
10965 -4.776251 
11008 3.781853 
11051 -7.771415 
11094 -2.558878 
11137 -1.319920 
11180 2.079152 
11223 1.765613 
11266 1.463452 
11309 2.572782 
11352 0.090908 
11395 -2.055483 
11438 -8.378313 
11481 -7.130824 
11524 2.734300 
11567 -0.430555 
11610 0.985843 
11653 4.199307 
11696 9.144836 
11739 -0.748741 
11782 -1.659558 
11825 -5.592944 
11868 -17.836000 
11911 -8.744496 
11954 -6.968237 
11997 -2.133184 
12040 9.545740 
12083 0.933675 
12126 -6.391821 
12169 -9.355411 
12212 -10.676470 
12255 -3.975407 
12298 -10.746652 
12341 -13.828423 
12384 -10.283082 
12427 -11.493828 
12470 -22.719544 
12513 -9.758233 
12556 -9.325788 
12599 -13.013956 
12642 -6.823410 
12685 -18.736113 
12728 -27.480231 
12771 -16.018486 
12814 -17.716439 
12857 -15.775897 
12900 -14.873588 
12943 -11.554293 
12986 -17.709581 
13029 -15.516967 
13072 -14.747231 
13115 -21.605357 
13158 -4.516246 
13201 -13.130419 
13244 -17.129247 
13287 -8.617270 
13330 -15.503954 
13373 -15.100774 
13416 -21.303124 
13459 -12.788787 
13502 -16.817135 
13545 -7.383866 
13588 -9.282035 
13631 -4.174615 
13674 -10.047002 
13717 -8.921541 
13760 -5.575703 
13803 -10.196803 
13846 -13.447899 
13889 -16.411579 
13932 -27.288123 
13975 -21.238265 
14018 -24.006861 
14061 -17.657166 
14104 -4.373082 
14147 -15.625927 
14190 -20.630866 
14233 -20.551319 
14276 -21.040217 
14319 -28.141686 
14362 -24.801336 
14405 -16.129346 
14448 -14.414646 
14491 -13.887722 
14534 -13.916005 
14577 -11.557523 
14620 -27.069840 
14663 -30.179307 
14706 -27.138349 
14749 -19.576320 
14792 -7.522464 
14835 -14.022442 
14878 -17.290667 
14921 -21.394757 
14964 -24.111240 
