7998 -46.878090 
8041 -43.841202 
8084 -36.257859 
8127 -41.650782 
8170 -40.666420 
8213 -50.116747 
8256 -47.249877 
8299 -41.891744 
8342 -35.941757 
8385 -44.027496 
8428 -35.632899 
8471 -46.374350 
8514 -45.022186 
8557 -40.899267 
8600 -36.563307 
8643 -41.964237 
8686 -48.235169 
8729 -45.602819 
8772 -40.672754 
8815 -45.640596 
8858 -34.759477 
8901 -48.372025 
8944 -38.930244 
8987 -39.394731 
9030 -35.122567 
9073 -34.939037 
9116 -29.724165 
9159 -34.208673 
9202 -36.239154 
9245 -37.854742 
9288 -31.393065 
9331 -35.606650 
9374 -38.447810 
9417 -35.914260 
9460 -30.308717 
9503 -33.272391 
9546 -33.159873 
9589 -40.440587 
9632 -32.640870 
9675 -30.158517 
9718 -23.520537 
9761 -28.237303 
9804 -31.565183 
9847 -29.193936 
9890 -24.566011 
9933 -25.324397 
9976 -22.176468 
10019 -30.257108 
10062 -42.073477 
10105 -38.139935 
10148 -28.895988 
10191 -28.122484 
10234 -20.227367 
10277 -24.987101 
10320 -20.627393 
10363 -30.572003 
10406 -31.752030 
10449 -32.324178 
10492 -30.265960 
10535 -30.030715 
10578 -23.283347 
10621 -25.150962 
10664 -24.306848 
10707 -28.036300 
10750 -21.984607 
10793 -25.625767 
10836 -25.471705 
10879 -30.004372 
10922 -32.504770 
10965 -38.164885 
11008 -37.487840 
11051 -40.886596 
11094 -39.266718 
11137 -28.305221 
11180 -19.956942 
11223 -27.714958 
11266 -38.950400 
11309 -43.644565 
11352 -35.038073 
11395 -26.312584 
11438 -18.082513 
11481 -24.288486 
11524 -37.223200 
11567 -28.938914 
11610 -23.215940 
11653 -29.145816 
11696 -33.966424 
11739 -30.243090 
11782 -22.078810 
11825 -23.609925 
11868 -21.877818 
11911 -27.151200 
11954 -30.970815 
