7998 -62.758375 
8041 -60.098392 
8084 -51.143326 
8127 -49.113413 
8170 -45.412751 
8213 -52.031747 
8256 -59.233571 
8299 -57.349831 
8342 -48.800318 
8385 -48.874665 
8428 -45.225614 
8471 -49.456907 
8514 -47.039649 
8557 -60.534273 
8600 -49.860401 
8643 -53.387983 
8686 -45.153938 
8729 -58.990016 
8772 -48.841147 
8815 -55.156766 
8858 -43.570028 
8901 -48.259974 
8944 -48.260834 
8987 -47.812687 
9030 -41.249440 
9073 -47.600734 
9116 -55.834000 
9159 -53.780143 
9202 -49.997977 
9245 -47.487302 
9288 -43.245437 
9331 -48.692580 
9374 -54.182590 
9417 -51.714687 
9460 -45.779456 
9503 -49.331528 
9546 -50.999275 
9589 -54.686315 
9632 -55.203879 
9675 -53.376753 
9718 -47.442289 
9761 -46.338034 
9804 -42.348479 
9847 -49.899051 
9890 -41.772517 
9933 -56.049148 
9976 -43.104474 
10019 -50.763913 
10062 -46.568062 
10105 -48.219916 
10148 -39.674854 
10191 -45.963298 
10234 -44.593110 
10277 -42.566409 
10320 -38.761813 
10363 -47.306957 
10406 -43.934168 
10449 -49.010153 
10492 -46.586345 
10535 -48.330440 
10578 -47.291733 
10621 -55.441073 
10664 -52.422551 
10707 -55.170434 
10750 -54.979462 
10793 -51.659567 
10836 -47.112120 
10879 -44.952709 
10922 -39.196713 
10965 -42.947653 
11008 -40.187902 
11051 -50.011809 
11094 -48.561573 
11137 -49.123767 
11180 -45.471941 
11223 -53.300876 
11266 -40.901995 
11309 -43.592063 
11352 -43.700810 
11395 -49.659910 
11438 -43.643937 
11481 -48.043392 
11524 -47.515147 
11567 -46.400672 
11610 -39.169751 
11653 -43.432340 
11696 -43.712948 
11739 -50.624137 
11782 -54.988948 
11825 -56.379096 
11868 -48.137386 
11911 -52.160417 
11954 -53.815604 
11997 -61.603861 
12040 -61.266858 
12083 -65.816529 
12126 -57.657832 
12169 -63.275137 
12212 -69.426024 
12255 -77.330712 
12298 -70.110468 
12341 -66.148447 
12384 -61.147811 
12427 -69.119440 
12470 -58.545054 
12513 -58.667296 
12556 -51.628796 
12599 -57.489134 
12642 -64.998199 
12685 -62.079191 
12728 -56.347112 
12771 -60.687877 
12814 -63.102747 
12857 -66.536147 
12900 -65.788086 
12943 -74.338099 
12986 -60.703889 
13029 -62.034598 
13072 -61.110446 
13115 -69.401856 
13158 -63.302693 
13201 -65.048581 
13244 -64.147870 
13287 -61.791526 
13330 -57.403939 
13373 -99.096929 
13416 -56.793391 
13459 -60.197335 
13502 -61.344619 
13545 -70.578000 
13588 -63.196740 
13631 -73.707940 
13674 -62.335776 
13717 -70.358577 
13760 -63.728396 
13803 -73.758456 
13846 -67.806953 
13889 -64.317645 
13932 -59.680961 
13975 -68.893052 
14018 -68.402889 
14061 -64.101877 
14104 -59.274416 
14147 -65.997854 
14190 -71.759540 
14233 -74.757145 
14276 -66.353258 
14319 -69.998353 
14362 -59.507642 
14405 -64.737635 
14448 -69.026535 
14491 -75.832451 
14534 -69.377511 
14577 -69.748968 
14620 -63.970732 
14663 -73.204599 
14706 -69.592431 
14749 -68.938989 
14792 -62.680528 
14835 -69.297445 
14878 -60.084717 
14921 -65.270437 
14964 -61.269602 
