7998 -57.937251 
8041 -73.447438 
8084 -55.875067 
8127 -57.236934 
8170 -54.307217 
8213 -60.593400 
8256 -60.179564 
8299 -63.470096 
8342 -54.409772 
8385 -52.816878 
8428 -49.079038 
8471 -54.322917 
8514 -53.007345 
8557 -67.993595 
8600 -56.850435 
8643 -61.926960 
8686 -49.565383 
8729 -60.500703 
8772 -54.302335 
8815 -53.148866 
8858 -44.006828 
8901 -49.078366 
8944 -48.720921 
8987 -52.158565 
9030 -45.503420 
9073 -51.536611 
9116 -55.871570 
9159 -53.858020 
9202 -50.135100 
9245 -49.013158 
9288 -45.496684 
9331 -49.873529 
9374 -53.049382 
9417 -52.292939 
9460 -49.099042 
9503 -53.540975 
9546 -55.564100 
9589 -60.201936 
9632 -63.612635 
9675 -56.979760 
9718 -49.935988 
9761 -49.767525 
9804 -46.418387 
9847 -51.088014 
9890 -46.024332 
9933 -66.543924 
9976 -48.207031 
10019 -55.618440 
10062 -50.743703 
10105 -51.927417 
10148 -42.342980 
10191 -47.495665 
10234 -46.410825 
10277 -45.447334 
10320 -42.078334 
10363 -49.291978 
10406 -47.934985 
10449 -53.416888 
10492 -50.538754 
10535 -51.168361 
10578 -48.247922 
10621 -55.672664 
10664 -85.279688 
10707 -63.597244 
10750 -56.116632 
10793 -54.360078 
10836 -50.393440 
10879 -48.016429 
10922 -42.774140 
10965 -46.455032 
11008 -44.557568 
11051 -56.568238 
11094 -52.078646 
11137 -49.955270 
11180 -46.047161 
11223 -57.562976 
11266 -42.459863 
11309 -45.030407 
11352 -44.855381 
11395 -49.443446 
11438 -43.769634 
11481 -48.639719 
11524 -45.667960 
11567 -46.656614 
11610 -38.595948 
11653 -42.477478 
11696 -41.673041 
11739 -49.765821 
11782 -49.191294 
11825 -52.823123 
11868 -45.065354 
11911 -49.116321 
11954 -48.370325 
