7998 -39.234027 
8041 -45.454548 
8084 -47.676789 
8127 -53.523611 
8170 -51.766030 
8213 -46.367342 
8256 -37.183315 
8299 -41.544000 
8342 -41.086784 
8385 -34.791903 
8428 -29.400671 
8471 -34.325487 
8514 -36.981156 
8557 -45.235929 
8600 -57.564809 
8643 -45.144655 
8686 -37.901094 
8729 -43.792630 
8772 -42.134756 
8815 -37.223069 
8858 -31.408310 
8901 -39.252729 
8944 -33.674892 
8987 -43.016671 
9030 -29.340631 
9073 -44.799194 
9116 -32.266440 
9159 -33.991959 
9202 -33.005300 
9245 -46.735489 
9288 -37.225054 
9331 -41.584033 
9374 -34.348268 
9417 -48.946427 
9460 -33.544529 
9503 -44.008475 
9546 -38.575129 
9589 -49.093636 
9632 -42.101934 
9675 -41.857383 
9718 -35.058965 
9761 -42.069391 
9804 -35.335986 
9847 -32.673000 
9890 -25.773297 
9933 -32.774992 
9976 -37.801932 
10019 -40.229273 
10062 -38.088258 
10105 -36.192119 
10148 -32.043829 
10191 -32.736447 
10234 -26.090887 
10277 -31.906721 
10320 -39.191960 
10363 -52.102270 
10406 -40.104532 
10449 -45.631511 
10492 -42.427221 
10535 -47.796150 
10578 -38.993539 
10621 -42.255668 
10664 -32.943757 
10707 -38.681428 
10750 -44.178462 
10793 -38.139664 
10836 -30.745014 
10879 -33.266150 
10922 -33.018297 
10965 -34.355709 
11008 -32.466344 
11051 -35.439314 
11094 -29.055015 
11137 -32.962843 
11180 -30.929547 
11223 -35.699322 
11266 -39.792769 
11309 -39.991377 
11352 -37.420593 
11395 -39.709538 
11438 -34.161356 
11481 -41.573195 
11524 -40.969575 
11567 -46.573561 
11610 -53.603045 
11653 -55.601171 
11696 -54.658743 
11739 -51.502781 
11782 -43.818950 
11825 -49.137695 
11868 -39.455080 
11911 -46.116132 
11954 -53.554523 
11997 -58.670680 
12040 -46.460914 
12083 -59.835553 
12126 -52.055242 
12169 -53.803003 
12212 -52.391145 
12255 -57.061005 
12298 -46.891846 
12341 -51.191472 
12384 -46.505917 
12427 -54.445198 
12470 -53.442073 
12513 -65.646191 
12556 -57.088433 
12599 -63.741302 
12642 -56.132690 
12685 -52.782089 
12728 -48.028310 
12771 -52.825643 
12814 -54.878690 
12857 -67.377518 
12900 -52.010048 
12943 -53.931655 
12986 -48.345862 
13029 -52.634060 
13072 -54.273857 
13115 -51.909471 
13158 -44.741387 
13201 -48.903494 
13244 -48.286375 
13287 -49.281078 
13330 -45.942092 
13373 -49.296057 
13416 -48.720164 
13459 -57.801619 
13502 -63.807838 
13545 -60.824636 
13588 -51.148459 
13631 -51.841343 
13674 -42.315230 
13717 -48.130281 
13760 -45.870304 
13803 -49.320182 
13846 -46.972015 
13889 -55.037112 
13932 -53.800235 
13975 -58.542073 
14018 -55.064967 
14061 -70.175760 
14104 -53.167923 
14147 -62.375146 
14190 -58.690707 
14233 -54.116530 
14276 -49.292681 
14319 -61.899289 
14362 -52.690890 
14405 -61.259600 
14448 -62.966082 
14491 -61.376907 
14534 -54.927419 
14577 -64.239288 
14620 -65.322808 
14663 -71.477928 
14706 -73.108115 
14749 -72.338582 
14792 -69.428065 
14835 -69.014462 
14878 -63.222988 
14921 -65.617148 
14964 -59.184859 
