0 31.432039 
43 21.434103 
86 15.196909 
129 15.643846 
172 29.094076 
215 6.937937 
258 6.966670 
301 4.610518 
344 -19.388982 
387 -26.661348 
430 -2.313982 
473 -2.145014 
516 -1.536626 
559 -0.854291 
602 -12.919278 
645 -12.877778 
688 -11.410909 
731 -12.545890 
774 -14.348154 
817 -12.704180 
860 7.790452 
903 2.199978 
946 -7.807958 
989 -4.750342 
1032 -3.754584 
1075 -8.237222 
1118 -8.030749 
1161 -6.692537 
1204 -4.089305 
1247 -23.992475 
1290 -15.088018 
1333 -16.697344 
1376 -10.177764 
1419 -8.563672 
1462 -7.853743 
1505 -4.337315 
1548 -4.724477 
1591 -4.448073 
1634 -5.894253 
1677 -9.560063 
1720 -9.366649 
1763 -11.360645 
1806 -21.504035 
1849 -4.202610 
1892 -4.967753 
1935 -3.188327 
1978 -6.136986 
2021 -27.267321 
2064 -12.792778 
2107 -3.132876 
2150 -5.095379 
2193 -3.694977 
2236 -3.610812 
2279 -4.563651 
2322 -2.834304 
2365 -0.448487 
2408 1.141010 
2451 6.350209 
2494 2.694846 
2537 4.020635 
2580 4.864656 
2623 1.772738 
2666 8.013893 
2709 7.246630 
2752 7.399241 
2795 6.851692 
2838 4.208009 
2881 5.831394 
2924 7.916859 
2967 5.592802 
3010 8.531581 
3053 17.397771 
3096 9.504291 
3139 13.608156 
3182 8.818638 
3225 12.980081 
3268 14.913982 
3311 14.808736 
3354 14.533925 
3397 8.448386 
3440 6.965404 
3483 10.905830 
3526 15.242079 
3569 19.421464 
3612 21.116216 
3655 23.479199 
3698 18.726008 
3741 17.858309 
3784 19.639630 
3827 16.191704 
3870 11.273661 
3913 7.687505 
3956 13.971494 
3999 11.940949 
4042 15.519795 
4085 15.429994 
4128 13.643649 
4171 14.875781 
4214 15.513268 
4257 13.202162 
4300 13.136150 
4343 13.987756 
4386 8.501992 
4429 26.203994 
4472 2.349805 
4515 -2.044763 
4558 2.975425 
4601 2.571658 
4644 9.341708 
4687 9.333608 
4730 9.529317 
4773 7.986737 
4816 5.689396 
4859 3.894404 
4902 -5.756364 
4945 -10.360390 
4988 -8.289904 
5031 -17.048288 
5074 4.058708 
5117 11.897424 
5160 9.046757 
5203 5.203119 
5246 4.000809 
5289 4.162529 
5332 2.837566 
5375 1.336281 
5418 -2.108718 
5461 -10.417118 
5504 -10.411874 
5547 -12.756738 
5590 -5.865123 
5633 4.628028 
5676 1.268714 
5719 -0.238074 
5762 0.310416 
5805 3.155690 
5848 -2.369840 
5891 0.338279 
5934 0.720583 
5977 0.947241 
6020 0.363322 
6063 -5.016138 
6106 -23.642252 
6149 -2.921370 
6192 -1.867265 
6235 0.969863 
6278 6.849109 
6321 7.153447 
6364 5.448586 
6407 0.746399 
6450 5.474108 
6493 7.184204 
6536 8.987586 
6579 2.993259 
6622 -3.500150 
6665 -22.581365 
6708 -5.376576 
6751 3.278732 
6794 6.342937 
6837 4.617005 
6880 7.200033 
6923 7.706319 
6966 6.987949 
7009 1.583126 
7052 6.458019 
7095 2.499433 
7138 2.966888 
7181 3.524398 
7224 4.868430 
7267 15.265979 
7310 7.199903 
7353 7.653192 
7396 7.333924 
7439 5.723085 
7482 7.057543 
7525 6.680142 
7568 5.534284 
7611 5.268274 
7654 3.816758 
7697 0.892776 
7740 3.528896 
7783 10.490709 
7826 7.351817 
7869 10.215916 
7912 4.557385 
7955 3.593749 
7998 3.985349 
8041 10.102627 
8084 2.845508 
8127 3.912278 
8170 5.204063 
8213 -0.250665 
8256 0.522889 
8299 6.609858 
8342 -0.998378 
8385 3.283738 
8428 2.419218 
8471 3.177260 
8514 8.997271 
8557 6.215126 
8600 5.460403 
8643 2.881503 
8686 3.070985 
8729 11.696755 
8772 0.885281 
8815 7.623686 
8858 5.362886 
8901 -8.509729 
8944 6.010197 
8987 4.997845 
9030 9.387346 
9073 3.171037 
9116 7.324224 
9159 11.234407 
9202 8.468993 
9245 6.053587 
9288 6.940800 
9331 3.237620 
9374 7.625518 
9417 6.972143 
9460 9.460262 
9503 4.349204 
9546 9.245176 
9589 8.497387 
9632 9.202701 
9675 7.979611 
9718 9.230398 
9761 -4.226763 
9804 11.995561 
9847 10.283938 
9890 10.107886 
9933 10.979151 
9976 10.576433 
10019 26.906052 
10062 10.171918 
10105 14.721476 
10148 10.276644 
10191 17.505882 
10234 13.330652 
10277 16.259558 
10320 12.086790 
10363 12.463506 
10406 8.305731 
10449 6.599924 
10492 2.717161 
10535 1.752595 
10578 7.630195 
10621 4.197767 
10664 7.991858 
10707 7.439634 
10750 16.097813 
10793 8.256372 
10836 6.641695 
10879 10.033076 
10922 8.349352 
10965 16.439818 
11008 6.647693 
11051 7.550691 
11094 7.436628 
11137 10.514607 
11180 14.995987 
11223 18.942958 
11266 7.266626 
11309 10.912291 
11352 13.000601 
11395 9.772426 
11438 9.088404 
11481 10.625671 
11524 13.479536 
11567 11.545275 
11610 5.865617 
11653 21.853312 
11696 8.227601 
11739 4.137488 
11782 5.283955 
11825 2.399579 
11868 7.197117 
11911 6.866853 
11954 8.916523 
11997 4.341724 
12040 7.106281 
12083 4.277628 
12126 3.851942 
12169 5.060119 
12212 6.754843 
12255 2.829278 
12298 3.310306 
12341 1.256879 
12384 1.828637 
12427 -2.707604 
12470 -4.976713 
12513 -4.613847 
12556 -0.703217 
12599 -0.239920 
12642 -3.350315 
12685 -1.900999 
12728 -2.537884 
12771 -1.129619 
12814 -4.021103 
12857 -2.909498 
12900 -0.775662 
12943 -3.816694 
12986 -5.719329 
13029 0.744697 
13072 -6.641641 
13115 -7.109714 
13158 -6.088659 
13201 -6.185183 
13244 -7.171510 
13287 -2.687706 
13330 -6.972618 
13373 -3.633520 
13416 -6.832442 
13459 -7.257454 
13502 -10.721900 
13545 -20.860948 
13588 -11.955582 
13631 -8.031279 
13674 -8.132576 
13717 -3.221063 
13760 -9.697784 
13803 0.525138 
13846 -11.685746 
13889 -10.839827 
13932 -6.536863 
13975 -2.466673 
14018 -9.265428 
14061 -15.058058 
14104 -10.276747 
14147 -15.677138 
14190 -11.630791 
14233 -8.437259 
14276 -10.607203 
14319 -9.912997 
14362 -15.855672 
14405 -18.754782 
14448 -13.379922 
14491 -16.575124 
14534 -15.713910 
14577 -15.013305 
14620 -11.778328 
14663 -0.744220 
14706 -19.064109 
14749 -4.463865 
14792 -23.788018 
14835 -18.040475 
14878 -14.514748 
14921 -11.292332 
14964 -29.984221 
