7998 -39.234027 
8041 -45.454548 
8084 -47.676789 
8127 -53.523611 
8170 -51.766030 
8213 -46.367342 
8256 -37.183315 
8299 -41.544000 
8342 -41.086784 
8385 -34.791903 
8428 -29.400671 
8471 -34.325487 
8514 -36.981156 
8557 -45.235929 
8600 -57.564809 
8643 -45.144655 
8686 -37.901094 
8729 -43.792630 
8772 -42.134756 
8815 -37.223069 
8858 -31.408310 
8901 -39.252729 
8944 -33.674892 
8987 -43.016671 
9030 -29.340631 
9073 -44.799194 
9116 -32.266440 
9159 -33.991959 
9202 -33.005300 
9245 -46.735489 
9288 -37.225054 
9331 -41.584033 
9374 -34.348268 
9417 -48.946427 
9460 -33.544529 
9503 -44.008475 
9546 -38.575129 
9589 -49.093636 
9632 -42.101934 
9675 -41.857383 
9718 -35.058965 
9761 -42.069391 
9804 -35.335986 
9847 -32.673000 
9890 -25.773297 
9933 -32.774992 
9976 -37.801932 
10019 -40.229273 
10062 -38.088258 
10105 -36.192119 
10148 -32.043829 
10191 -32.736447 
10234 -26.090887 
10277 -31.906721 
10320 -39.191960 
10363 -52.102270 
10406 -40.104532 
10449 -45.631511 
10492 -42.427221 
10535 -47.796150 
10578 -38.993539 
10621 -42.255668 
10664 -32.943757 
10707 -38.681428 
10750 -44.178462 
10793 -38.139664 
10836 -30.745014 
10879 -33.266150 
10922 -33.018297 
10965 -34.355709 
11008 -32.466344 
11051 -35.439314 
11094 -29.055015 
11137 -32.962843 
11180 -30.929547 
11223 -35.699322 
11266 -39.792769 
11309 -39.991377 
11352 -37.420593 
11395 -39.709538 
11438 -34.161356 
11481 -41.573195 
11524 -40.969575 
11567 -46.573561 
11610 -53.603045 
11653 -55.601171 
11696 -54.658743 
11739 -51.502781 
11782 -43.818950 
11825 -49.137695 
11868 -39.455080 
11911 -46.116132 
11954 -53.554523 
