7998 -52.472289 
8041 -48.016765 
8084 -42.333529 
8127 -48.174233 
8170 -41.794632 
8213 -50.388786 
8256 -42.133857 
8299 -44.052316 
8342 -42.469061 
8385 -43.089941 
8428 -41.015236 
8471 -45.789611 
8514 -43.689816 
8557 -51.607787 
8600 -52.753279 
8643 -55.967392 
8686 -45.086250 
8729 -51.421212 
8772 -60.629861 
8815 -68.237580 
8858 -55.387078 
8901 -65.407894 
8944 -52.281559 
8987 -48.319915 
9030 -42.841523 
9073 -50.899929 
9116 -43.266252 
9159 -45.147763 
9202 -43.408915 
9245 -47.280671 
9288 -42.160353 
9331 -47.074214 
9374 -42.833945 
9417 -45.775358 
9460 -43.613263 
9503 -49.227628 
9546 -56.267703 
9589 -45.900518 
9632 -38.326824 
9675 -43.747904 
9718 -48.755118 
9761 -45.420396 
9804 -37.857522 
9847 -45.077549 
9890 -53.192018 
9933 -44.181226 
9976 -38.137121 
10019 -41.706634 
10062 -39.619981 
10105 -43.267313 
10148 -43.805936 
10191 -40.277566 
10234 -35.107113 
10277 -38.048689 
10320 -37.058322 
10363 -48.727861 
10406 -42.547280 
10449 -42.232064 
10492 -37.315086 
10535 -44.211138 
10578 -38.699863 
10621 -45.358174 
10664 -44.426350 
10707 -49.598712 
10750 -48.946903 
10793 -46.279990 
10836 -42.024573 
10879 -43.788243 
10922 -41.457602 
10965 -50.238747 
11008 -47.862745 
11051 -54.135688 
11094 -64.356027 
11137 -50.489081 
11180 -42.980692 
11223 -51.781168 
11266 -47.206221 
11309 -56.202276 
11352 -60.846047 
11395 -63.169538 
11438 -53.173311 
11481 -57.425722 
11524 -59.814137 
11567 -63.910334 
11610 -66.252522 
11653 -69.217586 
11696 -64.722491 
11739 -55.798977 
11782 -49.812655 
11825 -56.347131 
11868 -57.920822 
11911 -57.455250 
11954 -52.853530 
