0 3.433412 
43 13.912056 
86 13.002386 
129 1.564784 
172 -1.337107 
215 -5.767170 
258 -0.769966 
301 -0.328350 
344 -22.276458 
387 -23.002753 
430 -23.757373 
473 -22.336919 
516 -19.797636 
559 -22.913219 
602 -23.391210 
645 -24.165692 
688 -21.371639 
731 -13.604347 
774 -23.168479 
817 -8.971358 
860 -18.320000 
903 -17.799974 
946 -15.453516 
989 -12.825294 
1032 -14.142206 
1075 -13.833463 
1118 -17.874464 
1161 -18.386008 
1204 -19.945233 
1247 -30.318186 
1290 -19.103374 
1333 -8.366441 
1376 -17.652623 
1419 -6.589065 
1462 -16.148523 
1505 -15.834109 
1548 -17.985057 
1591 -10.597904 
1634 -11.410787 
1677 -16.767823 
1720 -12.059697 
1763 -15.563555 
1806 -12.101147 
1849 -14.907269 
1892 -23.348211 
1935 -16.091598 
1978 -16.518574 
2021 -19.377669 
2064 -22.742736 
2107 -26.907066 
2150 -19.493047 
2193 -18.329601 
2236 -16.140574 
2279 -15.888166 
2322 -8.658905 
2365 -9.775753 
2408 -2.574830 
2451 -3.524911 
2494 -9.493098 
2537 -5.930878 
2580 -8.649841 
2623 -9.128227 
2666 -9.769669 
2709 -1.934982 
2752 -4.921462 
2795 -4.042143 
2838 -5.449680 
2881 -4.186588 
2924 -7.170784 
2967 -0.857708 
3010 -0.854025 
3053 -3.414969 
3096 -0.108268 
3139 18.317737 
3182 3.172817 
3225 2.670081 
3268 -3.365654 
3311 6.814083 
3354 7.118993 
3397 11.478249 
3440 4.131248 
3483 0.192108 
3526 7.171690 
3569 9.661922 
3612 6.880773 
3655 5.247983 
3698 -0.885620 
3741 1.553552 
3784 8.633376 
3827 1.817174 
3870 3.513552 
3913 7.207823 
3956 3.824772 
3999 12.597444 
4042 5.621748 
4085 8.856554 
4128 5.194880 
4171 6.037457 
4214 4.441862 
4257 2.641707 
4300 3.590215 
4343 4.690428 
4386 2.684226 
4429 16.488055 
4472 3.025990 
4515 15.057097 
4558 1.413359 
4601 3.024443 
4644 1.363663 
4687 1.125314 
4730 2.163659 
4773 8.785601 
4816 1.613813 
4859 5.282156 
4902 2.995345 
4945 2.033680 
4988 -1.388940 
5031 9.353492 
5074 15.366482 
5117 -0.991267 
5160 1.193735 
5203 -6.958798 
5246 0.678078 
5289 -1.260943 
5332 0.633867 
5375 1.513294 
5418 1.000766 
5461 -2.813962 
5504 0.401529 
5547 -0.514772 
5590 1.601427 
5633 9.327231 
5676 -1.164566 
5719 -4.733209 
5762 -3.881968 
5805 -3.125093 
5848 -2.738747 
5891 5.405494 
5934 -4.114586 
5977 0.413787 
6020 -4.556618 
6063 1.998764 
6106 -0.608131 
6149 -14.915499 
6192 -8.074663 
6235 -30.887684 
6278 -12.663700 
6321 -3.543542 
6364 -19.016278 
6407 -15.108401 
6450 -17.623909 
6493 -16.732539 
6536 -25.718362 
6579 -8.370272 
6622 -14.197130 
6665 -11.312070 
6708 -11.265492 
6751 -10.086108 
6794 -8.887576 
6837 -6.097292 
6880 -11.462764 
6923 -17.627408 
6966 -10.971115 
7009 -12.866097 
7052 -8.847162 
7095 -12.569082 
7138 -13.886818 
7181 -3.084650 
7224 -14.750118 
7267 -11.125911 
7310 -10.947923 
7353 -31.637803 
7396 -11.740285 
7439 -13.361001 
7482 -10.658084 
7525 -22.781604 
7568 -14.221952 
7611 -15.047238 
7654 -12.179146 
7697 -11.599142 
7740 -12.121301 
7783 -7.487429 
7826 -24.611412 
7869 -18.059422 
7912 -18.163247 
7955 -20.403409 
7998 -2.575790 
8041 -14.864753 
8084 -22.952819 
8127 -11.317570 
8170 -16.879594 
8213 -21.257592 
8256 -29.110105 
8299 -37.877857 
8342 -21.677414 
8385 -20.096668 
8428 -19.522971 
8471 -15.197640 
8514 -20.694298 
8557 -30.428054 
8600 -17.115916 
8643 -19.070003 
8686 -18.960643 
8729 -28.058666 
8772 -23.917981 
8815 -16.585310 
8858 -19.457575 
8901 -18.756798 
8944 -25.318250 
8987 -22.141504 
9030 -21.033268 
9073 -27.835592 
9116 -28.985716 
9159 -37.645922 
9202 -17.247546 
9245 -18.895855 
9288 -36.692060 
9331 -35.308354 
9374 -25.409187 
9417 -20.932008 
9460 -30.553153 
9503 -28.956663 
9546 -24.019355 
9589 -24.695085 
9632 -23.323587 
9675 -8.804549 
9718 -23.089870 
9761 -20.607559 
9804 -18.249539 
9847 -23.147457 
9890 -22.115982 
9933 -37.233626 
9976 -18.640102 
10019 -18.520410 
10062 -19.330920 
10105 -26.538647 
10148 -19.805762 
10191 -23.255684 
10234 -15.192304 
10277 -14.379198 
10320 -17.129358 
10363 -7.842447 
10406 -21.622523 
10449 8.658204 
10492 -18.532590 
10535 -20.014767 
10578 -16.934025 
10621 -4.233919 
10664 -17.856819 
10707 -27.549793 
10750 -18.968002 
10793 -24.060100 
10836 -13.479054 
10879 -13.029433 
10922 -15.777765 
10965 -8.170341 
11008 -20.444955 
11051 -11.167712 
11094 -18.620473 
11137 -26.364911 
11180 -20.833174 
11223 -14.336469 
11266 -15.920543 
11309 -24.078419 
11352 -6.684114 
11395 -13.641777 
11438 -21.857689 
11481 -14.320387 
11524 -12.297987 
11567 1.730571 
11610 -21.131319 
11653 -31.195092 
11696 -17.933280 
11739 -16.481677 
11782 -28.892776 
11825 -27.175529 
11868 -25.844553 
11911 -21.438118 
11954 -17.694684 
11997 -13.162204 
12040 -12.862573 
12083 -18.613811 
12126 -29.121247 
12169 -22.397443 
12212 -20.970459 
12255 -21.912787 
12298 9.300319 
12341 -24.453181 
12384 -25.451639 
12427 -13.206094 
12470 -20.047529 
12513 -25.066611 
12556 -33.326352 
12599 -15.518705 
12642 -23.431129 
12685 -26.589406 
12728 -26.233580 
12771 -23.103021 
12814 -31.156099 
12857 -32.188948 
12900 -30.867147 
12943 -42.384191 
12986 -22.179678 
13029 -29.555474 
13072 -26.901656 
13115 -39.026479 
13158 -26.408668 
13201 -19.736708 
13244 -33.273168 
13287 -29.676552 
13330 -18.548273 
13373 -18.483631 
13416 -20.971662 
13459 -24.336609 
13502 -24.216390 
13545 -27.830331 
13588 -27.146544 
13631 -18.480779 
13674 -15.590125 
13717 -19.644349 
13760 -27.649131 
13803 -31.793701 
13846 -47.499498 
13889 -24.315868 
13932 -21.035194 
13975 -30.382204 
14018 -42.665388 
14061 -31.341880 
14104 -28.905489 
14147 -18.820326 
14190 -39.970471 
14233 -32.590368 
14276 -28.414277 
14319 -29.499670 
14362 -29.984770 
14405 -16.300493 
14448 -26.206239 
14491 -34.854859 
14534 -33.262825 
14577 -26.500150 
14620 -17.134178 
14663 -24.532451 
14706 -23.071273 
14749 -24.897779 
14792 -10.227807 
14835 -25.314819 
14878 -21.849175 
14921 -31.079510 
14964 -34.290756 
