7998 -44.259736 
8041 -45.989703 
8084 -38.441824 
8127 -32.954266 
8170 -27.389152 
8213 -38.489642 
8256 -34.901079 
8299 -43.417233 
8342 -44.079385 
8385 -41.683739 
8428 -37.775561 
8471 -39.714837 
8514 -37.638539 
8557 -44.038357 
8600 -40.084138 
8643 -45.969017 
8686 -35.320317 
8729 -45.480218 
8772 -38.178889 
8815 -40.251589 
8858 -39.057780 
8901 -37.941135 
8944 -32.672426 
8987 -31.868691 
9030 -27.485899 
9073 -40.825804 
9116 -32.633205 
9159 -37.818566 
9202 -39.765192 
9245 -43.110843 
9288 -42.641533 
9331 -51.157756 
9374 -44.012166 
9417 -41.783179 
9460 -37.448040 
9503 -53.979968 
9546 -38.182953 
9589 -43.095583 
9632 -47.454797 
9675 -52.271197 
9718 -41.188215 
9761 -51.823416 
9804 -47.803032 
9847 -59.219116 
9890 -50.146701 
9933 -48.187775 
9976 -41.740645 
10019 -44.660437 
10062 -38.593411 
10105 -40.743945 
10148 -35.730986 
10191 -54.015134 
10234 -38.590515 
10277 -42.853330 
10320 -33.902587 
10363 -36.454013 
10406 -35.228413 
10449 -31.591348 
10492 -27.027020 
10535 -34.267467 
10578 -41.510058 
10621 -42.372893 
10664 -39.735748 
10707 -42.841326 
10750 -37.457378 
10793 -46.185739 
10836 -41.562200 
10879 -41.230196 
10922 -36.769052 
10965 -41.808770 
11008 -39.018817 
11051 -40.899852 
11094 -39.122164 
11137 -43.948906 
11180 -41.393402 
11223 -34.805987 
11266 -28.004206 
11309 -35.900033 
11352 -32.837299 
11395 -38.397636 
11438 -29.788328 
11481 -35.551148 
11524 -27.585217 
11567 -29.972925 
11610 -29.613010 
11653 -36.213383 
11696 -31.723915 
11739 -38.382625 
11782 -52.757239 
11825 -54.264567 
11868 -43.937894 
11911 -50.757786 
11954 -38.270196 
11997 -45.506804 
12040 -50.118725 
12083 -55.870572 
12126 -67.078509 
12169 -58.144255 
12212 -50.651869 
12255 -59.481724 
12298 -61.494373 
12341 -60.433825 
12384 -56.576025 
12427 -49.902257 
12470 -42.695909 
12513 -48.451688 
12556 -54.941216 
12599 -50.771685 
12642 -45.901777 
12685 -54.862565 
12728 -63.818567 
12771 -62.261083 
12814 -57.071307 
12857 -55.103287 
12900 -51.097224 
12943 -56.870487 
12986 -63.377527 
13029 -52.517390 
13072 -44.729894 
13115 -51.748735 
13158 -52.633828 
13201 -52.075095 
13244 -47.569529 
13287 -54.481493 
13330 -60.130532 
13373 -60.113696 
13416 -55.558683 
13459 -48.345965 
13502 -42.846723 
13545 -46.346866 
13588 -46.831052 
13631 -57.906756 
13674 -48.084701 
13717 -47.162987 
13760 -41.649730 
13803 -48.983299 
13846 -53.421431 
13889 -53.434972 
13932 -50.405283 
13975 -51.669352 
14018 -48.222281 
14061 -68.246700 
14104 -48.266161 
14147 -54.259449 
14190 -63.523943 
14233 -53.227785 
14276 -46.805629 
14319 -56.805678 
14362 -59.038156 
14405 -51.955881 
14448 -45.748200 
14491 -57.058230 
14534 -54.442950 
14577 -59.210074 
14620 -50.394289 
14663 -58.184585 
14706 -49.647511 
14749 -55.210528 
14792 -57.691208 
14835 -58.884307 
14878 -52.360205 
14921 -56.435592 
14964 -46.784067 
