7998 -45.686054 
8041 -50.109896 
8084 -41.580789 
8127 -37.668369 
8170 -32.668738 
8213 -43.188943 
8256 -40.770274 
8299 -48.696583 
8342 -49.457443 
8385 -45.917611 
8428 -41.453998 
8471 -42.837083 
8514 -39.814787 
8557 -46.118399 
8600 -45.256211 
8643 -49.422751 
8686 -38.687584 
8729 -52.874913 
8772 -40.922096 
8815 -44.647302 
8858 -44.331717 
8901 -43.428823 
8944 -38.842173 
8987 -38.389435 
9030 -34.968816 
9073 -59.727869 
9116 -35.623889 
9159 -40.278116 
9202 -41.570665 
9245 -41.059012 
9288 -38.039627 
9331 -46.706671 
9374 -39.302029 
9417 -38.492269 
9460 -34.889232 
9503 -55.783029 
9546 -35.208201 
9589 -41.559798 
9632 -39.565580 
9675 -39.683326 
9718 -36.189365 
9761 -47.059408 
9804 -41.933892 
9847 -51.474902 
9890 -39.953998 
9933 -52.499560 
9976 -40.967683 
10019 -49.404659 
10062 -41.169482 
10105 -44.088222 
10148 -43.192687 
10191 -67.289789 
10234 -43.328528 
10277 -53.598311 
10320 -39.435857 
10363 -40.325148 
10406 -38.493862 
10449 -39.509519 
10492 -37.181321 
10535 -42.001754 
10578 -45.399168 
10621 -46.190732 
10664 -43.803067 
10707 -46.268840 
10750 -37.560967 
10793 -44.875579 
10836 -50.087834 
10879 -42.382075 
10922 -35.900146 
10965 -40.337573 
11008 -37.887353 
11051 -40.574537 
11094 -39.244987 
11137 -50.357142 
11180 -38.247014 
11223 -38.597348 
11266 -30.027251 
11309 -38.643863 
11352 -34.179742 
11395 -39.339145 
11438 -30.779407 
11481 -40.075218 
11524 -30.738781 
11567 -31.650167 
11610 -29.793806 
11653 -35.789315 
11696 -30.434829 
11739 -37.393049 
11782 -55.251218 
11825 -52.490303 
11868 -42.878043 
11911 -45.542290 
11954 -34.456247 
