0 41.602665 
43 17.232239 
86 18.100783 
129 8.556214 
172 8.100693 
215 11.849027 
258 -1.786605 
301 1.600063 
344 -30.535495 
387 -11.873479 
430 -14.843702 
473 -7.486945 
516 -5.743711 
559 -4.043915 
602 -23.884369 
645 -20.257184 
688 -21.056243 
731 -18.928217 
774 -20.031178 
817 -16.743508 
860 -17.055319 
903 -19.525908 
946 -19.592866 
989 -31.214491 
1032 -13.181394 
1075 -16.236270 
1118 -8.230353 
1161 -12.334687 
1204 -11.622004 
1247 -11.525676 
1290 -16.928820 
1333 -11.437461 
1376 -26.281182 
1419 -20.460546 
1462 -17.083818 
1505 -5.268153 
1548 -10.911171 
1591 -9.960173 
1634 -9.691883 
1677 -12.480882 
1720 -14.765542 
1763 -13.364602 
1806 -6.002038 
1849 -6.243948 
1892 -15.842926 
1935 -11.259177 
1978 -14.201222 
2021 -22.989400 
2064 -25.311086 
2107 -7.543929 
2150 -11.131532 
2193 -9.129023 
2236 -11.788664 
2279 -5.216475 
2322 0.308782 
2365 -0.476683 
2408 -6.093857 
2451 -5.175616 
2494 -4.015983 
2537 -4.969996 
2580 0.288357 
2623 2.168044 
2666 2.517561 
2709 3.018548 
2752 0.063651 
2795 -1.955623 
2838 -2.387423 
2881 -9.750561 
2924 -4.578831 
2967 1.144720 
3010 5.047902 
3053 7.443674 
3096 10.899037 
3139 16.660281 
3182 4.632696 
3225 6.006328 
3268 4.403466 
3311 7.152396 
3354 8.131691 
3397 3.945634 
3440 0.604654 
3483 6.848710 
3526 -0.880015 
3569 -1.041810 
3612 -1.202039 
3655 6.958984 
3698 7.392946 
3741 9.716516 
3784 5.820965 
3827 4.090176 
3870 3.394872 
3913 19.532663 
3956 3.577953 
3999 -3.489114 
4042 1.337051 
4085 4.981390 
4128 5.021407 
4171 4.204087 
4214 3.544403 
4257 6.345595 
4300 2.105555 
4343 5.829924 
4386 17.211522 
4429 2.749554 
4472 5.538436 
4515 4.253200 
4558 0.837787 
4601 2.645005 
4644 -19.261127 
4687 -3.314671 
4730 1.026419 
4773 7.819112 
4816 -3.742132 
4859 -3.894858 
4902 -8.249275 
4945 -11.070904 
4988 -12.651521 
5031 -11.625709 
5074 -5.830775 
5117 -5.306409 
5160 -4.297878 
5203 -9.946979 
5246 -15.236526 
5289 -16.407541 
5332 -17.685127 
5375 -13.002077 
5418 -20.615320 
5461 -12.764479 
5504 -21.290015 
5547 -12.656632 
5590 -10.705528 
5633 -6.485695 
5676 3.505083 
5719 14.215649 
5762 9.360411 
5805 -2.440635 
5848 -12.955056 
5891 -19.067477 
5934 -9.020533 
5977 -6.137520 
6020 -18.074999 
6063 -6.171596 
6106 27.054383 
6149 9.262397 
6192 5.402154 
6235 13.481698 
6278 21.480620 
6321 -3.283647 
6364 -4.604914 
6407 6.846280 
6450 -3.418834 
6493 -8.033788 
6536 1.795016 
6579 -0.084834 
6622 -1.350336 
6665 -3.501433 
6708 -0.368935 
6751 -5.757489 
6794 -1.934606 
6837 6.306076 
6880 -7.783302 
6923 -11.627193 
6966 -5.701616 
7009 -8.884202 
7052 -4.217684 
7095 -0.851160 
7138 1.174848 
7181 6.782674 
7224 -7.399417 
7267 -6.967155 
7310 -7.495011 
7353 7.004636 
7396 2.890730 
7439 3.948885 
7482 9.011949 
7525 6.361300 
7568 3.801019 
7611 13.373711 
7654 10.803953 
7697 -2.117990 
7740 0.707341 
7783 3.553854 
7826 -4.625654 
7869 3.435184 
7912 0.136291 
7955 0.830359 
7998 -5.393010 
8041 -4.823622 
8084 -1.076500 
8127 -6.576275 
8170 -5.981538 
8213 -0.835474 
8256 0.007372 
8299 0.173752 
8342 1.236474 
8385 -4.025145 
8428 -23.618349 
8471 0.315910 
8514 5.875210 
8557 -2.149853 
8600 -3.277116 
8643 -0.044103 
8686 -5.991978 
8729 -5.596675 
8772 -2.774955 
8815 -5.710648 
8858 -5.460297 
8901 0.258682 
8944 -0.947120 
8987 2.697387 
9030 -1.089323 
9073 1.191451 
9116 5.380686 
9159 0.681864 
9202 -3.169623 
9245 -6.566124 
9288 -9.948085 
9331 -0.431687 
9374 4.609601 
9417 15.491761 
9460 6.367784 
9503 4.498740 
9546 6.941431 
9589 -5.474541 
9632 -11.215589 
9675 8.609431 
9718 -0.893707 
9761 1.932796 
9804 10.949198 
9847 4.918161 
9890 4.228816 
9933 4.263511 
9976 0.536389 
10019 -2.987336 
10062 6.973584 
10105 12.762648 
10148 10.003029 
10191 7.243445 
10234 4.503530 
10277 5.814640 
10320 19.659185 
10363 9.130754 
10406 8.221852 
10449 10.743985 
10492 1.983464 
10535 3.215976 
10578 -6.094406 
10621 -1.763199 
10664 15.393593 
10707 7.876068 
10750 7.199612 
10793 2.475221 
10836 8.419797 
10879 5.460647 
10922 -0.386037 
10965 14.275805 
11008 1.607905 
11051 4.563359 
11094 -1.746208 
11137 5.770130 
11180 0.758330 
11223 7.443848 
11266 5.150611 
11309 6.016699 
11352 9.971673 
11395 7.088159 
11438 2.965110 
11481 3.896780 
11524 0.041748 
11567 1.136245 
11610 1.271232 
11653 -1.019392 
11696 5.758010 
11739 10.290294 
11782 1.400591 
11825 -10.266815 
11868 -5.439040 
11911 -1.884686 
11954 -4.063194 
11997 -5.570893 
12040 -6.376382 
12083 -10.560079 
12126 -12.767324 
12169 -11.188581 
12212 -6.055081 
12255 -9.899385 
12298 -10.638694 
12341 -6.498678 
12384 -9.371488 
12427 -11.477192 
12470 -22.495070 
12513 -18.661394 
12556 -17.026037 
12599 -16.652634 
12642 -11.181040 
12685 -14.156676 
12728 -16.026893 
12771 -13.438808 
12814 -19.777457 
12857 -12.881579 
12900 12.851870 
12943 -13.139951 
12986 -15.121682 
13029 -16.381271 
13072 -9.913579 
13115 -14.772363 
13158 -26.246011 
13201 -28.693642 
13244 -36.559403 
13287 -9.328329 
13330 -3.224235 
13373 -8.024018 
13416 -0.371267 
13459 -8.161199 
13502 -19.366472 
13545 -26.636533 
13588 -21.845434 
13631 -22.459894 
13674 -14.907850 
13717 -12.320186 
13760 -11.571058 
13803 -4.133408 
13846 -4.337551 
13889 -7.686843 
13932 -12.421086 
13975 -26.068029 
14018 -4.996874 
14061 -11.071245 
14104 -17.159752 
14147 -22.024795 
14190 -10.690609 
14233 -18.523465 
14276 -18.365990 
14319 -19.969237 
14362 -5.935052 
14405 -4.486012 
14448 -19.420393 
14491 -28.386993 
14534 -9.240229 
14577 -17.463512 
14620 -28.226410 
14663 9.676706 
14706 -14.068875 
14749 -17.916039 
14792 -19.532239 
14835 -28.335424 
14878 -21.017991 
14921 -14.770340 
14964 -2.184960 
