7998 -46.116255 
8041 -53.609888 
8084 -64.133172 
8127 -62.149050 
8170 -52.449223 
8213 -53.444318 
8256 -44.562300 
8299 -51.189763 
8342 -49.554128 
8385 -58.569441 
8428 -64.759838 
8471 -53.689988 
8514 -46.193319 
8557 -46.363771 
8600 -42.334469 
8643 -53.801790 
8686 -44.818105 
8729 -50.510309 
8772 -43.180888 
8815 -53.970338 
8858 -47.513235 
8901 -49.449315 
8944 -47.195500 
8987 -47.536580 
9030 -40.083859 
9073 -43.245059 
9116 -42.714633 
9159 -52.163588 
9202 -50.769907 
9245 -54.357759 
9288 -55.191001 
9331 -51.284130 
9374 -42.003227 
9417 -50.778909 
9460 -41.934355 
9503 -52.842656 
9546 -51.544346 
9589 -54.505745 
9632 -50.529163 
9675 -46.624438 
9718 -41.418671 
9761 -47.240421 
9804 -42.414039 
9847 -41.136950 
9890 -37.479416 
9933 -42.541903 
9976 -47.275793 
10019 -48.005687 
10062 -39.978986 
10105 -52.196144 
10148 -39.223809 
10191 -43.804208 
10234 -40.489214 
10277 -43.810602 
10320 -42.048068 
10363 -49.978493 
10406 -38.503111 
10449 -44.160407 
10492 -46.109520 
10535 -50.616883 
10578 -47.942008 
10621 -52.934238 
10664 -45.896325 
10707 -50.083670 
10750 -47.256271 
10793 -49.134021 
10836 -42.798500 
10879 -45.431240 
10922 -45.522098 
10965 -60.102045 
11008 -42.454331 
11051 -45.459437 
11094 -45.783058 
11137 -47.262771 
11180 -44.204309 
11223 -42.859070 
11266 -37.927181 
11309 -39.362520 
11352 -37.591092 
11395 -42.146829 
11438 -42.804208 
11481 -50.621033 
11524 -66.200394 
11567 -49.212862 
11610 -42.113718 
11653 -48.995736 
11696 -48.238585 
11739 -60.554261 
11782 -52.277101 
11825 -65.930951 
11868 -57.871689 
11911 -77.845401 
11954 -59.694362 
11997 -63.771850 
12040 -59.310741 
12083 -64.028570 
12126 -67.733860 
12169 -74.319746 
12212 -85.957445 
12255 -71.548873 
12298 -64.246471 
12341 -77.698742 
12384 -63.330450 
12427 -71.903393 
12470 -67.376620 
12513 -69.088741 
12556 -63.189274 
12599 -73.228742 
12642 -58.542267 
12685 -70.530200 
12728 -65.147253 
12771 -66.049946 
12814 -59.397563 
12857 -64.089355 
12900 -57.750285 
12943 -59.997673 
12986 -58.580002 
13029 -64.258536 
13072 -56.992342 
13115 -60.461897 
13158 -61.012058 
13201 -68.396138 
13244 -65.818997 
13287 -73.412937 
13330 -68.423228 
13373 -63.791139 
13416 -58.172488 
13459 -59.505730 
13502 -57.804778 
13545 -67.250996 
13588 -69.400855 
13631 -72.656732 
13674 -62.724908 
13717 -72.587018 
13760 -66.473577 
13803 -63.486326 
13846 -57.544454 
13889 -65.124855 
13932 -71.066368 
13975 -77.533819 
14018 -76.664539 
14061 -78.064025 
14104 -68.750632 
14147 -75.573282 
14190 -62.576379 
14233 -66.629729 
14276 -58.711107 
14319 -65.523408 
14362 -81.202692 
14405 -87.615133 
14448 -76.326073 
14491 -72.318789 
14534 -63.345938 
14577 -69.322979 
14620 -75.258162 
14663 -75.503352 
14706 -66.958145 
14749 -76.378922 
14792 -71.219426 
14835 -73.711810 
14878 -70.277723 
14921 -73.493966 
14964 -69.083675 
