0 25.946727 
43 15.119884 
86 15.786982 
129 21.687252 
172 17.381580 
215 3.460945 
258 -0.750386 
301 0.404685 
344 -9.773177 
387 -16.842533 
430 -20.971360 
473 -11.811031 
516 -13.548370 
559 -9.481374 
602 -24.328461 
645 -18.863081 
688 -16.878302 
731 -25.786515 
774 -31.858032 
817 -30.192822 
860 -23.161399 
903 -22.399060 
946 -24.132460 
989 -16.978987 
1032 -15.449272 
1075 -17.033897 
1118 -21.255555 
1161 -18.769228 
1204 -17.631934 
1247 -22.489574 
1290 -18.816740 
1333 -13.687272 
1376 -22.643940 
1419 -19.303480 
1462 -18.526187 
1505 -16.133905 
1548 -10.291209 
1591 -15.727619 
1634 -22.834085 
1677 -10.134560 
1720 -13.831004 
1763 -12.945247 
1806 -17.828870 
1849 -13.947380 
1892 -14.189235 
1935 -16.768715 
1978 -16.887944 
2021 -23.189829 
2064 -22.551898 
2107 -17.926616 
2150 -13.244097 
2193 3.711862 
2236 -13.412394 
2279 -3.917451 
2322 -11.897289 
2365 -15.148001 
2408 -22.439249 
2451 -30.432787 
2494 -17.325924 
2537 -10.674717 
2580 -3.937656 
2623 -2.563932 
2666 -1.570806 
2709 -10.577078 
2752 -4.520202 
2795 -4.649549 
2838 -2.173597 
2881 -2.827553 
2924 -2.833735 
2967 -3.775026 
3010 2.341155 
3053 0.241571 
3096 1.474398 
3139 -1.884365 
3182 2.836132 
3225 6.567093 
3268 11.645942 
3311 4.753514 
3354 8.629250 
3397 3.902054 
3440 0.650391 
3483 -1.122232 
3526 8.410076 
3569 4.070250 
3612 1.678782 
3655 9.342391 
3698 -1.849304 
3741 3.615384 
3784 5.007901 
3827 4.805487 
3870 5.927439 
3913 9.248781 
3956 3.754200 
3999 2.349550 
4042 7.473257 
4085 5.322107 
4128 -1.567070 
4171 -5.890451 
4214 10.305454 
4257 18.967201 
4300 -6.632733 
4343 0.556748 
4386 16.545847 
4429 2.464555 
4472 1.182669 
4515 -16.530141 
4558 -2.771674 
4601 3.109172 
4644 1.686063 
4687 1.806239 
4730 -1.008780 
4773 -0.072080 
4816 1.061158 
4859 -3.219606 
4902 -13.703358 
4945 -8.915749 
4988 -2.487257 
5031 -2.697311 
5074 -13.637003 
5117 -32.970725 
5160 -13.745122 
5203 -10.932515 
5246 -10.958958 
5289 -6.855613 
5332 -12.298224 
5375 -8.531838 
5418 -7.361050 
5461 -9.321618 
5504 -30.041498 
5547 -18.932782 
5590 -16.457070 
5633 -16.922714 
5676 -24.426893 
5719 -7.973102 
5762 -5.609338 
5805 -2.037459 
5848 -12.892336 
5891 -14.747027 
5934 -18.739744 
5977 -0.418742 
6020 -12.128217 
6063 -13.142262 
6106 -12.963559 
6149 2.245785 
6192 -23.270473 
6235 -14.003237 
6278 -9.524118 
6321 -10.872182 
6364 -5.264873 
6407 -4.190186 
6450 -5.147622 
6493 -11.795037 
6536 -20.773152 
6579 -15.184139 
6622 -11.772647 
6665 -18.376525 
6708 -14.908383 
6751 -3.631080 
6794 -7.465714 
6837 -11.030059 
6880 -6.673141 
6923 -7.180905 
6966 -10.736858 
7009 -5.584715 
7052 1.145485 
7095 -3.624717 
7138 -6.585096 
7181 -7.709123 
7224 -8.933205 
7267 -4.311151 
7310 -2.873747 
7353 -4.776055 
7396 -6.833988 
7439 -5.433563 
7482 -3.126091 
7525 -2.081269 
7568 -15.158840 
7611 -3.944428 
7654 0.387893 
7697 -3.033973 
7740 1.768656 
7783 -8.571062 
7826 -2.565313 
7869 -1.582724 
7912 -0.092119 
7955 -1.706024 
7998 -10.100259 
8041 -20.738677 
8084 -18.025260 
8127 -8.337798 
8170 -0.445707 
8213 -4.152334 
8256 -5.758155 
8299 -19.490084 
8342 -10.207103 
8385 -7.343507 
8428 -12.635095 
8471 -10.957926 
8514 -7.278766 
8557 -11.265461 
8600 -13.402352 
8643 -1.640460 
8686 -19.567742 
8729 -6.161533 
8772 -7.330424 
8815 -12.262634 
8858 -2.088211 
8901 -11.534599 
8944 1.974288 
8987 6.496612 
9030 -12.940163 
9073 -7.052913 
9116 -0.063762 
9159 -6.665036 
9202 -11.486549 
9245 -14.443004 
9288 -9.516506 
9331 -2.504762 
9374 -4.691117 
9417 14.931175 
9460 0.899179 
9503 10.114106 
9546 0.315813 
9589 1.080253 
9632 7.273950 
9675 8.610652 
9718 -2.475593 
9761 0.752005 
9804 19.161216 
9847 -9.166443 
9890 -4.574892 
9933 -1.172972 
9976 1.127641 
10019 -14.900430 
10062 -7.647640 
10105 -8.039076 
10148 -6.788429 
10191 2.179182 
10234 3.325381 
10277 -4.997299 
10320 -5.453612 
10363 -13.334087 
10406 3.544795 
10449 -4.918947 
10492 -13.140679 
10535 -2.692876 
10578 -3.486167 
10621 -3.513077 
10664 -8.107152 
10707 5.936192 
10750 -10.355918 
10793 -3.184882 
10836 -1.731290 
10879 -3.225291 
10922 -4.726911 
10965 -4.211344 
11008 -9.443214 
11051 -8.333445 
11094 -7.249053 
11137 -3.466008 
11180 -3.223403 
11223 1.312488 
11266 0.334373 
11309 -8.178890 
11352 1.816505 
11395 -5.414915 
11438 -8.715218 
11481 3.890813 
11524 6.202833 
11567 -5.861911 
11610 -10.834125 
11653 -2.778224 
11696 -10.103063 
11739 -5.289223 
11782 -4.588894 
11825 6.106251 
11868 -1.887419 
11911 -3.872646 
11954 -5.899530 
11997 -4.034116 
12040 -0.941583 
12083 -9.031894 
12126 -9.887935 
12169 -0.476871 
12212 9.718497 
12255 -9.964278 
12298 -9.729358 
12341 -6.078499 
12384 -9.364398 
12427 -13.871722 
12470 -11.188468 
12513 -10.587194 
12556 -9.973032 
12599 -9.038918 
12642 -19.743375 
12685 -10.721196 
12728 -0.225739 
12771 -4.940125 
12814 -16.118253 
12857 -13.067277 
12900 -14.429560 
12943 -10.707273 
12986 -8.276124 
13029 -18.563767 
13072 -20.820756 
13115 -20.329216 
13158 -21.784123 
13201 -29.110663 
13244 -31.990349 
13287 -23.637819 
13330 -8.569990 
13373 -24.630944 
13416 -20.434347 
13459 -17.940661 
13502 -12.737796 
13545 -17.399691 
13588 -19.760155 
13631 -32.419418 
13674 -20.467570 
13717 -37.339944 
13760 -18.335658 
13803 -13.805787 
13846 -9.987231 
13889 -24.820137 
13932 -17.492577 
13975 -20.496708 
14018 -10.130702 
14061 -5.121514 
14104 -5.642156 
14147 -15.854960 
14190 -28.821515 
14233 -28.580518 
14276 -9.542735 
14319 -8.825250 
14362 -15.313376 
14405 -21.397165 
14448 -15.728946 
14491 -21.001288 
14534 -16.336067 
14577 -14.010895 
14620 -12.473749 
14663 -9.503284 
14706 -18.945901 
14749 -32.968480 
14792 -28.875801 
14835 -16.332099 
14878 -3.126109 
14921 -1.918152 
14964 -11.786150 
