7998 -36.435628 
8041 -41.585787 
8084 -38.873909 
8127 -44.352462 
8170 -49.928755 
8213 -42.424851 
8256 -36.657019 
8299 -38.220334 
8342 -36.316634 
8385 -40.964564 
8428 -35.901689 
8471 -40.962864 
8514 -45.988003 
8557 -48.070280 
8600 -46.479028 
8643 -40.098204 
8686 -33.606792 
8729 -59.339652 
8772 -34.177742 
8815 -38.828894 
8858 -40.388822 
8901 -47.202111 
8944 -36.828112 
8987 -47.996286 
9030 -39.816325 
9073 -39.080799 
9116 -35.260170 
9159 -44.136351 
9202 -36.792818 
9245 -41.444985 
9288 -36.408686 
9331 -45.129155 
9374 -38.373519 
9417 -39.216145 
9460 -35.242486 
9503 -49.486067 
9546 -34.290853 
9589 -44.795198 
9632 -38.463853 
9675 -35.865435 
9718 -31.133697 
9761 -48.476420 
9804 -34.246249 
9847 -50.987132 
9890 -36.945856 
9933 -56.535873 
9976 -38.402410 
10019 -49.308106 
10062 -41.512135 
10105 -42.734006 
10148 -33.432547 
10191 -38.508094 
10234 -42.863084 
10277 -49.681895 
10320 -40.169845 
10363 -44.202868 
10406 -44.360285 
10449 -49.976008 
10492 -39.504268 
10535 -46.658856 
10578 -51.519830 
10621 -51.332528 
10664 -47.872552 
10707 -50.844642 
10750 -49.169708 
10793 -50.188045 
10836 -48.459139 
10879 -63.965696 
10922 -45.659172 
10965 -49.500377 
11008 -51.640398 
11051 -50.062713 
11094 -43.361015 
11137 -49.968170 
11180 -43.805377 
11223 -46.458479 
11266 -39.772119 
11309 -39.284789 
11352 -35.135071 
11395 -44.984281 
11438 -43.383675 
11481 -55.577228 
11524 -42.284005 
11567 -42.458295 
11610 -39.988754 
11653 -41.563557 
11696 -37.916607 
11739 -45.834418 
11782 -48.151863 
11825 -73.493909 
11868 -49.234715 
11911 -59.667580 
11954 -58.659561 
11997 -70.601528 
12040 -57.670894 
12083 -60.327723 
12126 -60.296861 
12169 -64.352367 
12212 -63.909186 
12255 -63.492110 
12298 -60.558476 
12341 -72.056700 
12384 -59.387688 
12427 -59.702243 
12470 -54.926598 
12513 -57.552070 
12556 -56.584914 
12599 -60.053549 
12642 -56.859549 
12685 -68.592220 
12728 -53.569642 
12771 -63.782319 
12814 -63.310508 
12857 -64.692590 
12900 -53.788548 
12943 -53.919570 
12986 -51.153996 
13029 -60.201306 
13072 -66.796115 
13115 -58.900403 
13158 -52.786865 
13201 -58.070422 
13244 -63.934392 
13287 -65.998841 
13330 -65.168649 
13373 -58.055507 
13416 -51.944151 
13459 -67.658543 
13502 -55.164996 
13545 -53.772992 
13588 -50.252376 
13631 -56.140365 
13674 -64.802241 
13717 -63.029095 
13760 -54.806814 
13803 -60.741260 
13846 -64.145786 
13889 -68.195328 
13932 -69.734175 
13975 -65.007073 
14018 -59.931862 
14061 -60.429397 
14104 -58.304476 
14147 -62.672869 
14190 -65.682431 
14233 -68.279142 
14276 -66.337330 
14319 -63.278148 
14362 -58.439016 
14405 -67.926306 
14448 -67.612103 
14491 -79.356247 
14534 -63.260478 
14577 -64.123350 
14620 -61.685828 
14663 -73.603401 
14706 -61.187098 
14749 -64.345389 
14792 -65.008234 
14835 -64.405633 
14878 -61.292077 
14921 -72.453266 
14964 -69.677243 
