7998 -40.403243 
8041 -43.831047 
8084 -40.305603 
8127 -45.751957 
8170 -52.157937 
8213 -47.159920 
8256 -41.858734 
8299 -43.819141 
8342 -42.579132 
8385 -46.119029 
8428 -40.397571 
8471 -46.348269 
8514 -54.106860 
8557 -55.897249 
8600 -54.569475 
8643 -46.288258 
8686 -39.581665 
8729 -54.386512 
8772 -41.692936 
8815 -45.577287 
8858 -45.033999 
8901 -46.325847 
8944 -38.107642 
8987 -50.374703 
9030 -43.763131 
9073 -45.017959 
9116 -43.035462 
9159 -51.540130 
9202 -44.228936 
9245 -53.188104 
9288 -54.806425 
9331 -56.141565 
9374 -52.206116 
9417 -51.744564 
9460 -45.218046 
9503 -56.640077 
9546 -47.030226 
9589 -53.963779 
9632 -61.147350 
9675 -55.634167 
9718 -47.576069 
9761 -61.853221 
9804 -52.761358 
9847 -65.044295 
9890 -50.854769 
9933 -63.101723 
9976 -51.108953 
10019 -71.055604 
10062 -51.191290 
10105 -51.578842 
10148 -41.374572 
10191 -46.090386 
10234 -49.631525 
10277 -60.471738 
10320 -53.886400 
10363 -54.964196 
10406 -53.143183 
10449 -50.705248 
10492 -40.848069 
10535 -47.281570 
10578 -56.865435 
10621 -55.851357 
10664 -51.876668 
10707 -55.564532 
10750 -55.521864 
10793 -55.716063 
10836 -53.257415 
10879 -60.692907 
10922 -61.105748 
10965 -59.199470 
11008 -54.464561 
11051 -60.507372 
11094 -52.448060 
11137 -57.770131 
11180 -52.308275 
11223 -50.536489 
11266 -43.524728 
11309 -42.628402 
11352 -37.907736 
11395 -50.475093 
11438 -44.442613 
11481 -58.932002 
11524 -41.273818 
11567 -43.745176 
11610 -43.649525 
11653 -45.285080 
11696 -42.725438 
11739 -52.023008 
11782 -47.980722 
11825 -67.924616 
11868 -50.349758 
11911 -62.628944 
11954 -56.583183 
11997 -59.991923 
12040 -52.062772 
12083 -58.794263 
12126 -73.355488 
12169 -66.056396 
12212 -60.393208 
12255 -61.019399 
12298 -58.584712 
12341 -61.488290 
12384 -61.538833 
12427 -70.864397 
12470 -72.328647 
12513 -81.183720 
12556 -78.301866 
12599 -68.168193 
12642 -60.435008 
12685 -83.409142 
12728 -61.346843 
12771 -74.672916 
12814 -65.222750 
12857 -66.434294 
12900 -61.816212 
12943 -74.422436 
12986 -67.965841 
13029 -70.146880 
13072 -69.000145 
13115 -63.569981 
13158 -58.530752 
13201 -62.249880 
13244 -61.363772 
13287 -65.480505 
13330 -66.496196 
13373 -68.391539 
13416 -64.811043 
13459 -64.604782 
13502 -54.138310 
13545 -55.402186 
13588 -54.064643 
13631 -66.021538 
13674 -60.925910 
13717 -64.053244 
13760 -64.609301 
13803 -66.314692 
13846 -60.970510 
13889 -70.620815 
13932 -73.069251 
13975 -74.533630 
14018 -64.981836 
14061 -61.766190 
14104 -57.247832 
14147 -59.766921 
14190 -59.733404 
14233 -66.801877 
14276 -75.820705 
14319 -67.774041 
14362 -59.985851 
14405 -65.525671 
14448 -65.763174 
14491 -67.008094 
14534 -65.255711 
14577 -80.145912 
14620 -67.149239 
14663 -69.038168 
14706 -62.686644 
14749 -66.144163 
14792 -60.401900 
14835 -66.875862 
14878 -59.939034 
14921 -72.415526 
14964 -62.053409 
