7998 -32.405478 
8041 -41.088666 
8084 -35.488109 
8127 -39.895321 
8170 -40.128842 
8213 -45.203115 
8256 -33.863877 
8299 -36.180735 
8342 -31.734858 
8385 -44.479389 
8428 -38.120838 
8471 -47.257464 
8514 -43.749312 
8557 -50.068973 
8600 -58.512721 
8643 -43.142288 
8686 -35.727892 
8729 -51.056352 
8772 -40.040181 
8815 -50.241249 
8858 -42.536806 
8901 -44.434278 
8944 -36.335261 
8987 -42.920865 
9030 -41.037925 
9073 -43.037613 
9116 -40.692993 
9159 -44.494726 
9202 -35.554419 
9245 -39.412100 
9288 -31.605852 
9331 -30.821290 
9374 -26.045476 
9417 -39.288803 
9460 -30.946400 
9503 -37.411408 
9546 -34.947163 
9589 -45.017828 
9632 -40.438751 
9675 -34.891244 
9718 -29.704780 
9761 -38.297764 
9804 -42.196430 
9847 -42.097211 
9890 -38.130073 
9933 -38.463953 
9976 -36.003148 
10019 -38.104798 
10062 -36.969130 
10105 -40.485528 
10148 -34.347589 
10191 -40.152508 
10234 -46.018886 
10277 -36.474268 
10320 -30.281671 
10363 -39.720431 
10406 -41.133453 
10449 -44.582902 
10492 -35.780069 
10535 -37.680038 
10578 -35.658499 
10621 -51.282869 
10664 -34.137628 
10707 -36.721571 
10750 -36.243114 
10793 -45.757529 
10836 -49.477944 
10879 -47.321484 
10922 -41.256122 
10965 -45.286600 
11008 -41.674372 
11051 -42.671713 
11094 -40.183483 
11137 -51.819859 
11180 -40.269800 
11223 -41.419515 
11266 -35.748035 
11309 -37.779844 
11352 -33.051716 
11395 -39.512237 
11438 -41.210155 
11481 -41.227146 
11524 -38.182558 
11567 -43.164141 
11610 -42.780993 
11653 -49.115985 
11696 -39.157536 
11739 -47.144351 
11782 -61.447811 
11825 -63.453232 
11868 -61.642339 
11911 -48.651264 
11954 -41.958140 
