7998 -36.265085 
8041 -38.874113 
8084 -38.741341 
8127 -51.184373 
8170 -43.014856 
8213 -42.654431 
8256 -39.749170 
8299 -50.537511 
8342 -39.602982 
8385 -42.375049 
8428 -41.496243 
8471 -47.120248 
8514 -53.799791 
8557 -58.834281 
8600 -60.827420 
8643 -51.579457 
8686 -43.038498 
8729 -46.900762 
8772 -47.553478 
8815 -51.690388 
8858 -47.693522 
8901 -43.421619 
8944 -38.400205 
8987 -43.318197 
9030 -43.166305 
9073 -58.400744 
9116 -47.304946 
9159 -49.724282 
9202 -43.052521 
9245 -46.122007 
9288 -44.234364 
9331 -42.791800 
9374 -38.521113 
9417 -43.075175 
9460 -41.628642 
9503 -46.910142 
9546 -46.975933 
9589 -53.415670 
9632 -64.487473 
9675 -55.741973 
9718 -49.787570 
9761 -60.913580 
9804 -53.334628 
9847 -60.129798 
9890 -54.107009 
9933 -62.114466 
9976 -48.522106 
10019 -63.779965 
10062 -53.040528 
10105 -45.747089 
10148 -40.112327 
10191 -47.913773 
10234 -58.793775 
10277 -47.123903 
10320 -38.913111 
10363 -47.188545 
10406 -56.894708 
10449 -46.597488 
10492 -40.358914 
10535 -47.639826 
10578 -39.662116 
10621 -45.353706 
10664 -46.999249 
10707 -55.969663 
10750 -46.222412 
10793 -49.888095 
10836 -51.287055 
10879 -56.389690 
10922 -51.886375 
10965 -68.645902 
11008 -51.732381 
11051 -60.477860 
11094 -47.339349 
11137 -49.784196 
11180 -49.562210 
11223 -51.602972 
11266 -43.217974 
11309 -42.270930 
11352 -38.296292 
11395 -47.441431 
11438 -44.341155 
11481 -47.729866 
11524 -38.051901 
11567 -49.264341 
11610 -43.444321 
11653 -43.576446 
11696 -40.907648 
11739 -47.422858 
11782 -57.052001 
11825 -61.299214 
11868 -62.717298 
11911 -46.791479 
11954 -38.864907 
