7998 -18.728471 
8041 -21.718963 
8084 -22.168335 
8127 -33.126353 
8170 -30.210599 
8213 -27.954065 
8256 -18.291735 
8299 -28.192337 
8342 -26.055799 
8385 -30.717569 
8428 -34.692390 
8471 -30.257257 
8514 -23.013260 
8557 -25.466376 
8600 -20.102927 
8643 -30.309052 
8686 -17.925484 
8729 -27.633356 
8772 -26.543482 
8815 -35.010244 
8858 -28.344565 
8901 -24.850282 
8944 -20.302669 
8987 -24.727721 
9030 -27.911204 
9073 -32.882503 
9116 -34.574433 
9159 -48.605885 
9202 -36.918648 
9245 -35.429486 
9288 -28.075000 
9331 -26.793176 
9374 -23.280608 
9417 -26.621687 
9460 -19.350388 
9503 -22.635393 
9546 -21.925846 
9589 -28.143818 
9632 -36.821964 
9675 -28.723703 
9718 -20.333306 
9761 -30.624737 
9804 -25.709913 
9847 -26.495528 
9890 -23.635867 
9933 -33.065544 
9976 -23.088688 
10019 -24.235980 
10062 -22.436584 
10105 -20.636338 
10148 -12.822376 
10191 -25.782046 
10234 -11.356287 
10277 -16.939438 
10320 -23.506851 
10363 -30.747539 
10406 -22.913069 
10449 -30.342381 
10492 -19.592254 
10535 -25.291650 
10578 -20.724289 
10621 -19.825308 
10664 -15.660518 
10707 -28.729110 
10750 -20.963477 
10793 -28.569058 
10836 -28.339834 
10879 -20.059759 
10922 -14.069670 
10965 -23.863969 
11008 -26.299729 
11051 -20.735161 
11094 -11.834183 
11137 -19.307677 
11180 -40.521273 
11223 -39.484878 
11266 -29.554231 
11309 -26.180939 
11352 -16.620444 
11395 -21.553047 
11438 -16.165954 
11481 -21.489541 
11524 -19.840414 
11567 -28.776035 
11610 -25.323992 
11653 -25.273973 
11696 -22.213244 
11739 -31.366405 
11782 -29.806900 
11825 -31.530366 
11868 -29.628570 
11911 -35.808254 
11954 -36.707239 
11997 -43.789168 
12040 -39.483358 
12083 -38.236977 
12126 -34.692831 
12169 -41.674625 
12212 -42.011825 
12255 -47.668665 
12298 -42.865785 
12341 -54.022826 
12384 -52.034280 
12427 -48.071291 
12470 -43.207690 
12513 -47.962350 
12556 -42.439032 
12599 -40.923386 
12642 -37.352638 
12685 -44.028162 
12728 -40.228477 
12771 -40.986059 
12814 -32.534826 
12857 -37.824273 
12900 -38.557353 
12943 -44.164547 
12986 -34.768557 
13029 -34.427184 
13072 -31.517726 
13115 -37.130275 
13158 -36.646149 
13201 -48.145970 
13244 -32.440072 
13287 -41.782294 
13330 -45.893768 
13373 -69.411859 
13416 -47.195850 
13459 -46.647121 
13502 -38.971578 
13545 -52.858215 
13588 -35.746813 
13631 -45.440404 
13674 -38.379221 
13717 -47.944138 
13760 -39.054706 
13803 -39.042469 
13846 -35.658139 
13889 -43.285895 
13932 -37.913606 
13975 -45.226377 
14018 -41.233906 
14061 -48.936099 
14104 -51.847069 
14147 -58.800525 
14190 -45.611004 
14233 -40.609205 
14276 -35.538072 
14319 -42.119377 
14362 -54.002042 
14405 -49.438308 
14448 -44.525537 
14491 -50.243918 
14534 -47.041200 
14577 -51.138116 
14620 -53.650296 
14663 -52.127313 
14706 -48.135192 
14749 -56.186895 
14792 -56.280495 
14835 -59.739416 
14878 -53.587636 
14921 -58.662352 
14964 -56.565855 
