0 10.520708 
43 14.399249 
86 16.610887 
129 15.976422 
172 17.460202 
215 8.042407 
258 6.594096 
301 8.272660 
344 -34.191914 
387 -12.234157 
430 -12.910347 
473 -8.895826 
516 -12.912413 
559 -2.652418 
602 -6.927840 
645 -16.870117 
688 -15.990652 
731 -17.858329 
774 -15.226431 
817 -21.685402 
860 -20.112039 
903 -22.233884 
946 -14.464663 
989 -14.107820 
1032 -15.693882 
1075 -15.623416 
1118 -17.734995 
1161 -18.757676 
1204 -19.712334 
1247 -16.731501 
1290 -17.083567 
1333 -18.141293 
1376 -18.868448 
1419 -8.337573 
1462 -19.348125 
1505 -7.228500 
1548 -10.909529 
1591 -11.294998 
1634 -8.597976 
1677 -9.215703 
1720 -10.891462 
1763 -14.528175 
1806 -12.993206 
1849 -6.947932 
1892 -17.914946 
1935 -17.690037 
1978 -16.015303 
2021 -22.418626 
2064 -10.242483 
2107 -6.551145 
2150 -7.061741 
2193 -8.803737 
2236 -5.532180 
2279 -11.234043 
2322 -8.344467 
2365 -6.557152 
2408 -11.399478 
2451 -8.066181 
2494 -11.071571 
2537 -5.349744 
2580 -2.748134 
2623 0.117278 
2666 1.065589 
2709 2.719713 
2752 5.254426 
2795 -1.178505 
2838 -2.983721 
2881 -3.822172 
2924 1.491833 
2967 1.799958 
3010 0.685437 
3053 1.055742 
3096 1.021774 
3139 -4.886932 
3182 -1.889953 
3225 3.307517 
3268 4.676638 
3311 2.185264 
3354 0.557668 
3397 -0.013740 
3440 -0.416879 
3483 4.740795 
3526 1.268251 
3569 3.170061 
3612 1.868405 
3655 11.580467 
3698 5.768929 
3741 5.673418 
3784 4.371896 
3827 -11.462472 
3870 2.066237 
3913 1.187840 
3956 1.960810 
3999 7.037203 
4042 -3.732903 
4085 -2.507062 
4128 1.798751 
4171 0.999870 
4214 5.125604 
4257 5.707098 
4300 6.661234 
4343 5.557984 
4386 4.651562 
4429 8.235940 
4472 0.541884 
4515 0.390270 
4558 0.703706 
4601 -12.587058 
4644 6.332315 
4687 6.276297 
4730 6.092930 
4773 6.475572 
4816 7.913997 
4859 2.213209 
4902 -0.843457 
4945 -0.232837 
4988 -8.427888 
5031 4.634185 
5074 0.160816 
5117 -7.123515 
5160 -7.024244 
5203 -7.255641 
5246 -5.206951 
5289 -7.965410 
5332 -5.954590 
5375 -6.609988 
5418 -7.093482 
5461 -7.124556 
5504 -6.716675 
5547 -9.150090 
5590 -5.402245 
5633 -17.076266 
5676 -15.756041 
5719 -7.851497 
5762 -7.579033 
5805 -6.204888 
5848 -6.190482 
5891 -6.851068 
5934 -6.091694 
5977 -8.354790 
6020 -13.757445 
6063 -19.805560 
6106 -4.327997 
6149 -11.106215 
6192 -3.810484 
6235 -1.076952 
6278 0.731185 
6321 -1.981528 
6364 2.599446 
6407 -2.492763 
6450 -0.395153 
6493 0.747580 
6536 1.008849 
6579 1.752300 
6622 3.921307 
6665 -0.225758 
6708 -8.151135 
6751 0.755264 
6794 -2.194733 
6837 8.152260 
6880 1.205880 
6923 -2.304021 
6966 -2.116098 
7009 -10.462480 
7052 32.379636 
7095 -13.890672 
7138 -5.525331 
7181 -2.722920 
7224 -3.297854 
7267 -1.196751 
7310 3.457975 
7353 -4.134316 
7396 -0.690040 
7439 -8.432027 
7482 -3.157339 
7525 -0.476253 
7568 -0.918676 
7611 0.482092 
7654 1.292303 
7697 -0.474100 
7740 -1.585237 
7783 -0.213442 
7826 1.909292 
7869 0.105706 
7912 -1.178245 
7955 0.539671 
7998 4.071944 
8041 3.630982 
8084 2.898512 
8127 1.516539 
8170 -5.464223 
8213 -4.699001 
8256 -1.832405 
8299 1.188133 
8342 -6.623591 
8385 -4.993491 
8428 -6.139457 
8471 4.840849 
8514 1.472202 
8557 -5.006677 
8600 -2.161328 
8643 0.524821 
8686 -0.177797 
8729 -3.379480 
8772 -9.180017 
8815 1.044361 
8858 -7.703451 
8901 0.401337 
8944 5.335177 
8987 3.789059 
9030 -0.700256 
9073 1.743549 
9116 -5.003907 
9159 -0.716333 
9202 -12.744980 
9245 -8.078971 
9288 -9.790052 
9331 -2.613402 
9374 5.877270 
9417 -4.513138 
9460 -2.034718 
9503 -4.338031 
9546 -3.110592 
9589 -1.124134 
9632 -7.788073 
9675 2.001610 
9718 1.105751 
9761 2.526970 
9804 -5.423798 
9847 -1.244817 
9890 -1.202198 
9933 -9.328368 
9976 -3.119802 
10019 9.211088 
10062 -2.222653 
10105 8.565443 
10148 18.169360 
10191 19.147758 
10234 14.467076 
10277 13.259789 
10320 4.891708 
10363 -4.191787 
10406 -3.041921 
10449 -9.043398 
10492 -1.893979 
10535 -1.704573 
10578 2.214972 
10621 13.429801 
10664 4.628115 
10707 -6.528361 
10750 1.434146 
10793 -5.979787 
10836 -11.890696 
10879 -1.167810 
10922 4.641707 
10965 -2.023255 
11008 -10.355415 
11051 14.243626 
11094 7.079026 
11137 3.321961 
11180 -10.478655 
11223 -10.120384 
11266 -8.234318 
11309 3.244376 
11352 6.042895 
11395 -1.935451 
11438 3.001477 
11481 0.645301 
11524 3.320855 
11567 -1.458875 
11610 8.434167 
11653 1.681278 
11696 -0.526498 
11739 4.213175 
11782 1.606070 
11825 -1.237338 
11868 -4.668873 
11911 -8.644062 
11954 -12.183833 
11997 -17.674159 
12040 -8.465133 
12083 1.032153 
12126 -1.321171 
12169 3.405790 
12212 -6.565131 
12255 -11.255491 
12298 -22.056457 
12341 -28.823986 
12384 -19.820197 
12427 -10.446019 
12470 -12.832919 
12513 -15.235647 
12556 -17.324160 
12599 -14.004737 
12642 -10.384784 
12685 -14.609400 
12728 -13.597224 
12771 -12.440600 
12814 -8.201364 
12857 -15.581712 
12900 -17.795771 
12943 -9.185099 
12986 -14.905908 
13029 -8.709874 
13072 10.676199 
13115 -0.945647 
13158 -6.145927 
13201 -12.823898 
13244 -7.535157 
13287 -3.979918 
13330 -19.609684 
13373 -29.158620 
13416 -19.344170 
13459 -8.858888 
13502 -14.943288 
13545 -16.007357 
13588 -13.754164 
13631 -16.657893 
13674 -13.899850 
13717 -13.072646 
13760 -18.613092 
13803 -15.737453 
13846 -10.152913 
13889 -10.726617 
13932 -12.149193 
13975 -10.640732 
14018 -12.313924 
14061 -13.120257 
14104 -12.735382 
14147 -10.206228 
14190 -9.440238 
14233 -10.192215 
14276 -10.698839 
14319 -7.789447 
14362 -17.510480 
14405 -21.646135 
14448 -24.495856 
14491 -15.005144 
14534 -12.732176 
14577 -16.137445 
14620 -19.472080 
14663 -13.372055 
14706 -14.382764 
14749 -20.341243 
14792 -16.928283 
14835 -15.075123 
14878 -18.619565 
14921 -18.959827 
14964 -23.597766 
