7998 -61.734677 
8041 -56.298722 
8084 -50.810470 
8127 -55.089366 
8170 -52.253289 
8213 -52.103761 
8256 -46.748606 
8299 -52.075613 
8342 -42.492395 
8385 -46.255680 
8428 -48.282212 
8471 -52.805686 
8514 -54.851161 
8557 -59.317188 
8600 -54.234515 
8643 -53.687326 
8686 -43.445096 
8729 -47.429313 
8772 -45.655472 
8815 -47.810556 
8858 -44.961202 
8901 -53.746372 
8944 -44.776807 
8987 -48.342569 
9030 -42.136472 
9073 -50.856792 
9116 -37.953679 
9159 -45.349621 
9202 -46.159274 
9245 -46.455378 
9288 -42.575553 
9331 -44.759086 
9374 -43.747790 
9417 -53.365219 
9460 -50.564623 
9503 -46.442427 
9546 -41.050241 
9589 -46.051505 
9632 -49.354097 
9675 -46.312913 
9718 -37.027573 
9761 -43.183830 
9804 -49.434773 
9847 -63.725072 
9890 -48.685458 
9933 -51.402421 
9976 -40.039595 
10019 -64.487867 
10062 -38.931642 
10105 -57.882284 
10148 -40.737753 
10191 -47.560109 
10234 -41.946931 
10277 -46.948478 
10320 -43.432619 
10363 -52.225642 
10406 -42.051835 
10449 -50.676718 
10492 -48.135074 
10535 -52.630364 
10578 -43.515299 
10621 -48.225845 
10664 -45.047190 
10707 -54.862898 
10750 -46.022036 
10793 -52.947672 
10836 -44.421468 
10879 -46.739865 
10922 -46.363755 
10965 -51.658210 
11008 -48.929521 
11051 -50.700518 
11094 -39.763031 
11137 -40.418103 
11180 -37.742213 
11223 -40.256914 
11266 -37.872412 
11309 -41.113327 
11352 -41.910800 
11395 -43.041180 
11438 -39.709856 
11481 -48.056494 
11524 -44.422984 
11567 -46.149175 
11610 -38.272390 
11653 -44.333828 
11696 -44.378858 
11739 -51.832581 
11782 -48.148717 
11825 -55.150950 
11868 -45.188643 
11911 -50.985478 
11954 -45.482423 
