7998 -55.567980 
8041 -59.578680 
8084 -47.829863 
8127 -50.354401 
8170 -46.237544 
8213 -51.549251 
8256 -48.732079 
8299 -49.230001 
8342 -46.277146 
8385 -57.678076 
8428 -49.624586 
8471 -56.351694 
8514 -59.331290 
8557 -67.377483 
8600 -63.972231 
8643 -52.307367 
8686 -45.409082 
8729 -56.497682 
8772 -50.805787 
8815 -54.015833 
8858 -46.568412 
8901 -46.243617 
8944 -42.115436 
8987 -42.101994 
9030 -38.607967 
9073 -41.619817 
9116 -41.628764 
9159 -49.527544 
9202 -51.839604 
9245 -56.305584 
9288 -49.997296 
9331 -56.604288 
9374 -51.505229 
9417 -54.974398 
9460 -54.150586 
9503 -59.058351 
9546 -47.936568 
9589 -57.883048 
9632 -59.393001 
9675 -55.486967 
9718 -48.925321 
9761 -54.960220 
9804 -59.486241 
9847 -55.106363 
9890 -50.238144 
9933 -51.875548 
9976 -50.619050 
10019 -49.241195 
10062 -45.677065 
10105 -50.980984 
10148 -50.754720 
10191 -49.595554 
10234 -43.819394 
10277 -56.661748 
10320 -46.315396 
10363 -52.122349 
10406 -59.826711 
10449 -57.845551 
10492 -50.531744 
10535 -52.882129 
10578 -46.485943 
10621 -53.435675 
10664 -50.946022 
10707 -57.816898 
10750 -54.717783 
10793 -49.192149 
10836 -43.132081 
10879 -53.486041 
10922 -49.950172 
10965 -55.398291 
11008 -53.072152 
11051 -49.703493 
11094 -45.064891 
11137 -59.226527 
11180 -46.226234 
11223 -56.219911 
11266 -43.725158 
11309 -57.261462 
11352 -46.828920 
11395 -53.098269 
11438 -46.748280 
11481 -48.871111 
11524 -46.620855 
11567 -46.795689 
11610 -41.517042 
11653 -47.018577 
11696 -46.998480 
11739 -51.341406 
11782 -51.155820 
11825 -50.267250 
11868 -45.400661 
11911 -50.472914 
11954 -49.523272 
