0 -3.475856 
43 20.308295 
86 24.145429 
129 3.319828 
172 3.699618 
215 1.642557 
258 -3.788030 
301 -10.854070 
344 -26.474259 
387 -10.501840 
430 -14.227378 
473 -12.773715 
516 -12.093554 
559 -8.329214 
602 -26.512007 
645 -21.329145 
688 -18.738423 
731 -15.155176 
774 -14.511662 
817 -9.871969 
860 -20.797823 
903 -20.298025 
946 -15.505060 
989 -23.478542 
1032 -12.508201 
1075 -10.450149 
1118 -3.637185 
1161 -16.925799 
1204 -13.892046 
1247 -28.268965 
1290 -17.720543 
1333 -19.271314 
1376 -18.795940 
1419 -14.965110 
1462 -17.996219 
1505 -18.168744 
1548 -15.016362 
1591 -14.445853 
1634 -16.331781 
1677 -14.003408 
1720 -12.298160 
1763 -11.429397 
1806 -9.157636 
1849 -15.599366 
1892 -23.913121 
1935 -12.710847 
1978 -20.510396 
2021 -13.827811 
2064 -12.301265 
2107 -7.760400 
2150 -4.258093 
2193 -2.432033 
2236 -5.141820 
2279 -3.698763 
2322 -7.958815 
2365 -4.277212 
2408 0.231288 
2451 -2.338793 
2494 -4.898207 
2537 -14.146332 
2580 -6.697142 
2623 -12.850586 
2666 -0.577609 
2709 2.134640 
2752 0.415632 
2795 1.389226 
2838 0.441970 
2881 1.825758 
2924 -2.216544 
2967 -2.678664 
3010 -2.163269 
3053 3.088790 
3096 2.499386 
3139 1.323077 
3182 9.239582 
3225 7.656062 
3268 6.459835 
3311 9.861462 
3354 5.428417 
3397 1.396336 
3440 -1.322781 
3483 -14.196877 
3526 0.499906 
3569 0.995990 
3612 -11.966605 
3655 3.581428 
3698 3.127173 
3741 0.980567 
3784 -3.101508 
3827 -0.335905 
3870 5.662694 
3913 3.720376 
3956 1.344848 
3999 1.594218 
4042 2.478941 
4085 0.691233 
4128 1.399370 
4171 4.705363 
4214 1.072244 
4257 6.981076 
4300 6.758943 
4343 2.658570 
4386 1.298234 
4429 1.647143 
4472 5.072466 
4515 12.723843 
4558 3.471771 
4601 7.256056 
4644 7.469594 
4687 -8.653275 
4730 1.827120 
4773 -7.996778 
4816 5.111831 
4859 -5.133446 
4902 -2.775344 
4945 -5.155079 
4988 2.648286 
5031 -6.863612 
5074 -8.370928 
5117 -8.946052 
5160 -5.761900 
5203 5.854638 
5246 -3.487417 
5289 -4.485523 
5332 -7.911067 
5375 -5.414387 
5418 -4.909455 
5461 -11.004127 
5504 -8.273694 
5547 -15.995518 
5590 -21.830033 
5633 -21.168828 
5676 -17.110496 
5719 -15.269439 
5762 -11.248659 
5805 -5.176142 
5848 -13.078803 
5891 -22.185208 
5934 -13.416308 
5977 -15.909180 
6020 -10.956271 
6063 -11.734512 
6106 -19.107741 
6149 -10.488984 
6192 -5.075456 
6235 4.009140 
6278 -0.124516 
6321 -8.338617 
6364 -0.981428 
6407 -1.795726 
6450 -2.764914 
6493 -3.066967 
6536 -0.353859 
6579 -3.625449 
6622 1.099455 
6665 -3.832038 
6708 -4.938546 
6751 -2.933950 
6794 0.350596 
6837 18.650973 
6880 8.905713 
6923 -9.473060 
6966 2.138823 
7009 1.578515 
7052 1.197830 
7095 -1.802857 
7138 4.535624 
7181 7.185325 
7224 4.209464 
7267 4.669604 
7310 -3.237877 
7353 -2.864186 
7396 -2.728365 
7439 3.094412 
7482 3.639246 
7525 1.040252 
7568 -6.504530 
7611 -0.710991 
7654 0.508137 
7697 10.837428 
7740 5.154690 
7783 7.388486 
7826 0.734046 
7869 -14.259588 
7912 -6.433401 
7955 -4.343074 
7998 -13.814802 
8041 14.898525 
8084 3.778705 
8127 1.567920 
8170 2.812194 
8213 10.289651 
8256 10.324763 
8299 -6.376369 
8342 -0.643341 
8385 1.399302 
8428 1.211070 
8471 3.643214 
8514 -10.953941 
8557 -8.890959 
8600 -6.801192 
8643 2.149651 
8686 2.010881 
8729 2.750721 
8772 -1.754011 
8815 -5.048697 
8858 -3.372542 
8901 -5.203557 
8944 -1.996377 
8987 6.944026 
9030 -2.439278 
9073 3.501552 
9116 7.636551 
9159 3.600216 
9202 -7.929129 
9245 2.504168 
9288 4.117339 
9331 -0.680697 
9374 -2.978969 
9417 -4.052618 
9460 -0.324519 
9503 -0.044003 
9546 -0.286978 
9589 1.062954 
9632 10.891678 
9675 6.967015 
9718 9.728110 
9761 6.728098 
9804 3.951678 
9847 -13.732816 
9890 0.903097 
9933 4.257639 
9976 9.535370 
10019 -11.613512 
10062 7.511510 
10105 3.292992 
10148 19.755272 
10191 -1.839456 
10234 0.198664 
10277 1.935134 
10320 9.683331 
10363 -4.871540 
10406 3.884645 
10449 3.783803 
10492 -4.584604 
10535 -6.612371 
10578 3.543791 
10621 -4.111316 
10664 -3.676683 
10707 -1.580421 
10750 7.431178 
10793 -4.423245 
10836 4.876288 
10879 3.871502 
10922 0.371932 
10965 -3.973317 
11008 -0.201745 
11051 12.612232 
11094 10.638162 
11137 15.515618 
11180 11.982811 
11223 8.128418 
11266 4.946473 
11309 4.699526 
11352 5.237816 
11395 12.088821 
11438 8.982645 
11481 13.357109 
11524 0.202344 
11567 -0.004167 
11610 0.083610 
11653 2.726407 
11696 -3.315699 
11739 -7.015691 
11782 -3.051122 
11825 10.908208 
11868 2.996667 
11911 -1.764348 
11954 -1.013116 
11997 -25.975091 
12040 -5.455953 
12083 -10.701458 
12126 -8.147633 
12169 -6.404215 
12212 -4.219160 
12255 2.143692 
12298 8.353712 
12341 -0.651235 
12384 -7.605095 
12427 -11.258402 
12470 -15.548053 
12513 -11.498627 
12556 -19.677383 
12599 -4.966515 
12642 -11.605096 
12685 -11.027634 
12728 -9.666881 
12771 1.723365 
12814 -5.618543 
12857 -2.081935 
12900 -14.102163 
12943 -10.646522 
12986 -7.844393 
13029 -9.843908 
13072 -9.901923 
13115 -14.878256 
13158 -9.757960 
13201 -0.140197 
13244 -1.028104 
13287 -11.799080 
13330 -12.323553 
13373 -2.872596 
13416 -18.688706 
13459 -14.606715 
13502 -12.166921 
13545 -7.880696 
13588 -33.338464 
13631 -17.902702 
13674 -9.169539 
13717 -4.965143 
13760 -19.238301 
13803 -13.243629 
13846 -5.027573 
13889 -5.716324 
13932 -14.522005 
13975 -5.244497 
14018 -1.135095 
14061 -9.224386 
14104 -8.086300 
14147 -11.866611 
14190 -19.590260 
14233 -12.217295 
14276 -20.132398 
14319 -16.805224 
14362 -5.873290 
14405 -0.880059 
14448 -22.911060 
14491 -19.436222 
14534 -18.615670 
14577 -13.284347 
14620 -24.545938 
14663 -25.338394 
14706 -21.342034 
14749 -9.491402 
14792 -15.828304 
14835 -8.538594 
14878 -14.133534 
14921 -8.345583 
14964 -3.916675 
