0 14.144244 
43 18.745815 
86 23.139814 
129 2.273760 
172 2.708468 
215 0.623664 
258 -3.621639 
301 -8.976219 
344 -21.703282 
387 -15.359003 
430 -20.957593 
473 -17.732501 
516 -17.308168 
559 -13.463015 
602 -31.017128 
645 -29.897806 
688 -25.994326 
731 -22.817198 
774 -22.856449 
817 -20.795767 
860 -23.708628 
903 -21.645691 
946 -16.690890 
989 -16.731228 
1032 -15.633566 
1075 -13.176545 
1118 -5.883745 
1161 -20.707231 
1204 -19.331034 
1247 -28.870821 
1290 -21.545571 
1333 -22.724051 
1376 -20.588309 
1419 -15.796004 
1462 -17.250649 
1505 -15.352887 
1548 -14.724880 
1591 -12.874153 
1634 -17.184398 
1677 -13.684810 
1720 -10.598890 
1763 -9.001786 
1806 -7.111169 
1849 -15.531241 
1892 -17.315021 
1935 -27.400209 
1978 -20.167511 
2021 -26.541410 
2064 -20.158096 
2107 -13.226943 
2150 -7.859440 
2193 -5.310964 
2236 -6.033511 
2279 -2.338118 
2322 -5.124818 
2365 -5.338509 
2408 -5.247357 
2451 -10.831195 
2494 -10.425465 
2537 -13.687068 
2580 -8.744636 
2623 -19.640031 
2666 -2.933019 
2709 -0.970694 
2752 -2.911574 
2795 -0.167276 
2838 -6.454870 
2881 -1.424319 
2924 -2.800480 
2967 -4.074067 
3010 -7.365926 
3053 -0.420416 
3096 -0.599412 
3139 -2.709482 
3182 7.927898 
3225 8.055902 
3268 4.955275 
3311 12.352939 
3354 8.562903 
3397 6.506672 
3440 4.655749 
3483 -8.883138 
3526 3.324884 
3569 5.291629 
3612 1.818807 
3655 0.708313 
3698 2.416286 
3741 1.151892 
3784 -3.228872 
3827 2.974188 
3870 7.225582 
3913 3.644686 
3956 -0.436823 
3999 0.397886 
4042 2.276384 
4085 -2.586076 
4128 -2.889598 
4171 0.070376 
4214 -6.873916 
4257 3.901933 
4300 3.009075 
4343 -0.139313 
4386 0.857699 
4429 0.781593 
4472 2.917878 
4515 10.719245 
4558 -0.979636 
4601 2.328603 
4644 -0.436468 
4687 -11.182013 
4730 -3.584234 
4773 -12.678099 
4816 1.518631 
4859 1.730987 
4902 -1.288684 
4945 -0.422654 
4988 -15.634459 
5031 -12.448913 
5074 -17.164492 
5117 -6.304487 
5160 -0.272986 
5203 9.499556 
5246 -4.028468 
5289 -2.900491 
5332 -6.069103 
5375 -7.818306 
5418 -8.501566 
5461 -10.324372 
5504 -15.509970 
5547 -45.720041 
5590 -20.952049 
5633 -21.503316 
5676 -20.703237 
5719 -38.013010 
5762 -20.543704 
5805 2.055122 
5848 -12.110250 
5891 -17.516707 
5934 -14.564546 
5977 -11.702284 
6020 -9.974195 
6063 -11.073929 
6106 -23.883525 
6149 -14.711519 
6192 -11.516236 
6235 5.752613 
6278 -1.069033 
6321 -5.424999 
6364 -2.269471 
6407 -3.230492 
6450 -2.242447 
6493 -6.945928 
6536 -15.005874 
6579 -38.814609 
6622 -7.945492 
6665 -15.889162 
6708 -10.994594 
6751 -9.815550 
6794 -3.138329 
6837 13.632606 
6880 2.354496 
6923 -4.386291 
6966 -1.695095 
7009 -6.992481 
7052 -15.095796 
7095 -0.462287 
7138 -0.049087 
7181 4.318786 
7224 2.876605 
7267 4.617724 
7310 -6.284022 
7353 -7.705042 
7396 -6.206146 
7439 -3.687266 
7482 -1.972257 
7525 -3.533561 
7568 -8.848923 
7611 -5.111272 
7654 -6.780569 
7697 5.700577 
7740 -0.219191 
7783 -1.004983 
7826 -3.054840 
7869 -15.775671 
7912 -15.184868 
7955 -10.496216 
7998 -15.000276 
8041 8.244236 
8084 -3.828903 
8127 -4.754764 
8170 -2.552162 
8213 3.575383 
8256 1.143724 
8299 -22.315955 
8342 -9.895390 
8385 -7.586118 
8428 -8.683955 
8471 -7.024042 
8514 -24.928225 
8557 -15.981408 
8600 -8.897566 
8643 -3.205445 
8686 -4.750236 
8729 -3.837964 
8772 -8.117821 
8815 -8.369800 
8858 -6.129056 
8901 -8.956333 
8944 -7.222178 
8987 1.837514 
9030 -7.514732 
9073 -2.478500 
9116 2.536871 
9159 -1.093717 
9202 -13.118331 
9245 -2.350336 
9288 -0.777079 
9331 -4.089881 
9374 -5.591417 
9417 -6.988740 
9460 -0.833126 
9503 -2.572610 
9546 -3.327958 
9589 -2.327419 
9632 5.945317 
9675 1.263866 
9718 4.199601 
9761 0.742498 
9804 -1.185269 
9847 -16.151085 
9890 -3.148395 
9933 -0.446754 
9976 5.585648 
10019 -11.700079 
10062 2.598586 
10105 -4.747771 
10148 14.913794 
10191 -6.852890 
10234 -7.419307 
10277 -7.124177 
10320 2.903302 
10363 -11.088985 
10406 -2.043520 
10449 -2.645580 
10492 -7.985103 
10535 -7.936022 
10578 0.597607 
10621 -7.160742 
10664 -12.738787 
10707 -7.861503 
10750 -0.340615 
10793 -4.123546 
10836 3.105689 
10879 1.473682 
10922 -2.506344 
10965 -8.302387 
11008 -3.341213 
11051 8.673744 
11094 6.847472 
11137 11.700147 
11180 8.501526 
11223 5.049438 
11266 2.072491 
11309 1.911919 
11352 2.521910 
11395 8.837406 
11438 5.590169 
11481 10.668036 
11524 -2.083117 
11567 -2.844068 
11610 -1.266916 
11653 0.733205 
11696 -4.303853 
11739 -8.953854 
11782 -3.996945 
11825 7.614764 
11868 0.148649 
11911 -6.504238 
11954 -1.700720 
11997 -13.563289 
12040 -4.692492 
12083 -8.198886 
12126 -9.930433 
12169 -5.667576 
12212 -3.440669 
12255 2.274069 
12298 8.310038 
12341 -0.309670 
12384 -7.766068 
12427 -10.687500 
12470 -14.099229 
12513 -10.947857 
12556 -19.330478 
12599 -10.731984 
12642 -20.626211 
12685 -14.751349 
12728 -6.020230 
12771 7.960711 
12814 -7.461698 
12857 -4.910176 
12900 -22.209855 
12943 -15.533557 
12986 -11.476641 
13029 -15.145501 
13072 -16.856363 
13115 -19.871099 
13158 -15.947488 
13201 -8.909869 
13244 -11.300351 
13287 -15.355099 
13330 -13.217578 
13373 -3.623846 
13416 -16.515668 
13459 -21.029053 
13502 -17.029973 
13545 -18.140273 
13588 -25.241320 
13631 -22.114135 
13674 -20.353367 
13717 -14.825606 
13760 -18.562521 
13803 -14.738311 
13846 -5.963126 
13889 -7.590212 
13932 -15.136230 
13975 -10.367396 
14018 -6.007360 
14061 -17.963446 
14104 -17.427707 
14147 -13.147632 
14190 -13.653664 
14233 -6.370940 
14276 -21.145703 
14319 -18.736280 
14362 -15.315369 
14405 -4.589529 
14448 -18.718981 
14491 -17.228988 
14534 -23.326580 
14577 -20.354223 
14620 -19.613900 
14663 -24.868382 
14706 -17.742507 
14749 -3.879927 
14792 -11.725498 
14835 -4.979074 
14878 -22.720007 
14921 -18.588668 
14964 -9.253349 
