0 41.915009 
43 32.445959 
86 32.642109 
129 40.369070 
172 33.184077 
215 21.435809 
258 4.266996 
301 -14.966585 
344 -19.504032 
387 -12.475997 
430 -13.752569 
473 -4.671074 
516 -6.483150 
559 -6.855696 
602 -23.853586 
645 -11.220375 
688 -16.232369 
731 -17.131527 
774 -16.570535 
817 -17.367558 
860 -17.779971 
903 -19.752881 
946 -16.973197 
989 -16.538664 
1032 -15.696562 
1075 -12.609683 
1118 -9.103099 
1161 -8.117317 
1204 -11.227226 
1247 -8.291610 
1290 -16.727694 
1333 -21.539429 
1376 -20.712816 
1419 -18.429397 
1462 -18.074653 
1505 -13.755445 
1548 -11.647627 
1591 -24.922027 
1634 -7.589479 
1677 -5.034453 
1720 -15.293230 
1763 -19.865220 
1806 -21.804057 
1849 -33.129885 
1892 -16.127803 
1935 -16.769360 
1978 -18.906045 
2021 -22.952010 
2064 -14.824966 
2107 -11.087473 
2150 -15.276441 
2193 -15.148190 
2236 -13.554636 
2279 6.814285 
2322 -12.163519 
2365 -14.006766 
2408 -20.338721 
2451 -13.879836 
2494 -7.491165 
2537 9.104051 
2580 -4.025898 
2623 -1.816803 
2666 -1.658405 
2709 -2.000474 
2752 -0.182934 
2795 -0.848618 
2838 -6.638053 
2881 5.263910 
2924 1.216735 
2967 0.162240 
3010 -13.460843 
3053 -0.265602 
3096 3.870860 
3139 11.049442 
3182 6.660806 
3225 1.387412 
3268 7.178718 
3311 5.496429 
3354 6.075496 
3397 4.262409 
3440 1.842538 
3483 3.024834 
3526 4.172279 
3569 15.828275 
3612 2.083914 
3655 1.681297 
3698 3.519144 
3741 3.837812 
3784 6.029408 
3827 7.118750 
3870 3.758051 
3913 -1.000095 
3956 3.618317 
3999 5.646285 
4042 8.480062 
4085 8.252959 
4128 14.570320 
4171 5.066957 
4214 -1.193141 
4257 7.041496 
4300 4.658917 
4343 -12.295452 
4386 2.817289 
4429 2.417665 
4472 -0.835946 
4515 -7.831801 
4558 -4.271788 
4601 -7.734747 
4644 -5.937751 
4687 7.468251 
4730 4.532638 
4773 3.032075 
4816 3.349568 
4859 3.903504 
4902 3.565753 
4945 2.671707 
4988 -5.456589 
5031 -6.362713 
5074 -2.401998 
5117 -4.819027 
5160 -8.004698 
5203 -7.984205 
5246 -5.290837 
5289 0.553484 
5332 -1.311751 
5375 -1.022583 
5418 -11.510708 
5461 -31.282210 
5504 -17.762979 
5547 -16.943105 
5590 -18.225283 
5633 -7.548748 
5676 -12.282253 
5719 -5.365894 
5762 -6.979502 
5805 -8.062258 
5848 -13.716635 
5891 -16.745963 
5934 -14.569202 
5977 -8.070600 
6020 -9.589167 
6063 -6.714784 
6106 -14.023470 
6149 -5.441874 
6192 -5.472394 
6235 -5.363768 
6278 -0.104832 
6321 -11.888825 
6364 0.426502 
6407 0.011725 
6450 5.558880 
6493 2.604151 
6536 2.810880 
6579 7.022363 
6622 1.225911 
6665 3.392909 
6708 -10.226518 
6751 -3.065038 
6794 2.083420 
6837 5.817783 
6880 3.711876 
6923 21.530872 
6966 6.686844 
7009 -1.430432 
7052 -3.695183 
7095 -7.084012 
7138 1.572679 
7181 -1.910711 
7224 -10.142025 
7267 3.621056 
7310 -2.475002 
7353 -2.869392 
7396 -2.037973 
7439 16.435313 
7482 3.057935 
7525 7.399910 
7568 -1.344324 
7611 5.944991 
7654 7.667123 
7697 3.626306 
7740 -5.720812 
7783 -1.967863 
7826 11.968254 
7869 4.179435 
7912 3.661746 
7955 0.752013 
7998 1.068608 
8041 16.731953 
8084 0.651267 
8127 -16.642908 
8170 -2.428866 
8213 -4.549265 
8256 -0.113535 
8299 -2.563366 
8342 -17.540305 
8385 -1.439453 
8428 -4.109319 
8471 -4.565481 
8514 -6.336695 
8557 0.186266 
8600 -0.185993 
8643 5.955830 
8686 -3.260237 
8729 8.433951 
8772 -2.025918 
8815 -3.632234 
8858 2.689612 
8901 0.917582 
8944 0.030969 
8987 1.741776 
9030 -12.142999 
9073 -0.215985 
9116 11.300110 
9159 -2.853698 
9202 -1.973392 
9245 -16.193075 
9288 10.473324 
9331 0.214142 
9374 0.087083 
9417 -7.979028 
9460 1.925863 
9503 19.291040 
9546 12.342149 
9589 2.113369 
9632 1.947980 
9675 2.841268 
9718 -4.634994 
9761 7.508243 
9804 3.453283 
9847 -1.736720 
9890 -3.277482 
9933 -7.383224 
9976 12.552618 
10019 22.963972 
10062 -1.921397 
10105 11.794764 
10148 6.726080 
10191 7.678176 
10234 3.572748 
10277 10.837270 
10320 7.078802 
10363 -12.485566 
10406 -4.662218 
10449 22.773582 
10492 4.270117 
10535 -2.764176 
10578 -2.789407 
10621 -11.020176 
10664 4.023334 
10707 -3.241622 
10750 -7.726994 
10793 10.679185 
10836 -0.054305 
10879 -2.991665 
10922 -3.641032 
10965 -1.299475 
11008 -8.523667 
11051 4.410872 
11094 -1.116840 
11137 -3.373605 
11180 4.196983 
11223 10.281567 
11266 9.663369 
11309 20.648961 
11352 5.884849 
11395 1.321971 
11438 -9.421700 
11481 -3.956498 
11524 4.000503 
11567 -2.286394 
11610 1.649649 
11653 -5.918694 
11696 -2.341690 
11739 -7.169549 
11782 -4.719701 
11825 -5.019733 
11868 -3.748815 
11911 -7.517806 
11954 -1.468300 
11997 12.650659 
12040 -11.962069 
12083 5.277472 
12126 -6.149191 
12169 -11.648152 
12212 -13.890493 
12255 -6.124142 
12298 -11.687860 
12341 -12.950769 
12384 -1.006163 
12427 0.603042 
12470 -9.977500 
12513 -13.251011 
12556 -12.000418 
12599 -20.793284 
12642 -24.394889 
12685 -15.157980 
12728 -10.252694 
12771 -16.575678 
12814 -12.586223 
12857 -1.524859 
12900 -6.161725 
12943 -0.599150 
12986 -9.724815 
13029 -19.948247 
13072 -8.332777 
13115 -4.125147 
13158 -13.107004 
13201 -6.675560 
13244 -7.788365 
13287 6.803157 
13330 -10.113262 
13373 -24.281541 
13416 -12.643005 
13459 -8.723856 
13502 -4.897050 
13545 0.637933 
13588 -1.469550 
13631 -16.307697 
13674 -16.612708 
13717 -16.552566 
13760 -17.855928 
13803 -10.951069 
13846 -8.446711 
13889 -5.259629 
13932 3.850266 
13975 -31.539074 
14018 -11.278841 
14061 -17.659841 
14104 -18.262461 
14147 -22.786093 
14190 -19.335068 
14233 -7.849067 
14276 -14.437929 
14319 -11.833168 
14362 -18.181233 
14405 -7.033213 
14448 -5.510598 
14491 -14.852151 
14534 -26.717164 
14577 -22.464023 
14620 -18.462027 
14663 -8.419177 
14706 2.294206 
14749 -4.030963 
14792 -9.905268 
14835 -16.249392 
14878 -16.097286 
14921 -9.556195 
14964 -8.179742 
