0 23.091344 
43 25.505518 
86 27.017152 
129 35.932790 
172 32.770841 
215 20.838395 
258 5.238584 
301 -15.699311 
344 -18.741448 
387 -13.792229 
430 -19.684982 
473 -15.951681 
516 -17.334783 
559 -19.501338 
602 -20.539701 
645 -13.614772 
688 -16.155989 
731 -13.366462 
774 -14.826253 
817 -13.099359 
860 -18.149990 
903 -19.834096 
946 -13.011996 
989 -12.672547 
1032 -12.473666 
1075 -16.552821 
1118 -12.888263 
1161 -13.123660 
1204 -13.837929 
1247 -9.417484 
1290 -11.420254 
1333 -16.259518 
1376 -17.854686 
1419 -15.843779 
1462 -13.945305 
1505 -14.595829 
1548 -13.429101 
1591 -18.184101 
1634 -9.700497 
1677 -8.619693 
1720 -15.142998 
1763 -23.373999 
1806 -18.807518 
1849 -13.872988 
1892 -12.874440 
1935 -15.762736 
1978 -15.365596 
2021 -16.773287 
2064 -11.869656 
2107 -13.928888 
2150 -16.922089 
2193 -21.506984 
2236 -13.467309 
2279 6.074363 
2322 -9.320672 
2365 -16.843392 
2408 -7.408115 
2451 -2.613170 
2494 -2.253623 
2537 8.693588 
2580 -4.186735 
2623 -3.199702 
2666 -6.450205 
2709 -2.114236 
2752 -0.968960 
2795 5.212178 
2838 0.018348 
2881 1.576966 
2924 0.539376 
2967 -0.750312 
3010 -13.509107 
3053 -2.765780 
3096 0.885995 
3139 -0.112046 
3182 1.169752 
3225 2.585495 
3268 4.801074 
3311 2.132183 
3354 5.610720 
3397 8.444909 
3440 2.253321 
3483 1.311040 
3526 5.090836 
3569 10.049309 
3612 -0.147160 
3655 5.305376 
3698 1.025465 
3741 2.502002 
3784 4.777588 
3827 3.947114 
3870 2.969291 
3913 5.589387 
3956 4.742622 
3999 -0.260875 
4042 8.473522 
4085 4.463149 
4128 15.146426 
4171 3.063126 
4214 -3.926158 
4257 7.663812 
4300 5.390408 
4343 4.593176 
4386 3.623432 
4429 2.426141 
4472 1.880680 
4515 7.883895 
4558 2.054363 
4601 1.069961 
4644 1.863441 
4687 10.354548 
4730 9.315490 
4773 10.860021 
4816 7.179457 
4859 7.835937 
4902 8.542929 
4945 6.158113 
4988 3.907253 
5031 7.649900 
5074 11.116497 
5117 4.717644 
5160 2.035330 
5203 1.765228 
5246 6.769304 
5289 7.818917 
5332 14.533076 
5375 9.564346 
5418 -2.420695 
5461 2.401529 
5504 4.484589 
5547 3.273798 
5590 5.354209 
5633 15.181205 
5676 -1.657188 
5719 1.992594 
5762 3.381014 
5805 3.259311 
5848 -6.620820 
5891 -18.313625 
5934 -5.984303 
5977 1.567999 
6020 -2.206431 
6063 2.309294 
6106 -3.498955 
6149 2.755454 
6192 -5.598582 
6235 -3.636293 
6278 -3.435821 
6321 -3.984529 
6364 -5.931605 
6407 -6.176977 
6450 0.722175 
6493 -6.237552 
6536 -13.929570 
6579 -12.950256 
6622 -12.283910 
6665 -13.302383 
6708 -18.415428 
6751 -14.520105 
6794 -4.118321 
6837 -7.533242 
6880 2.137275 
6923 2.039659 
6966 1.978155 
7009 -3.048055 
7052 -6.301605 
7095 -9.653162 
7138 -2.349352 
7181 -5.803012 
7224 -12.691400 
7267 -4.799111 
7310 -6.549677 
7353 -10.648583 
7396 -10.419019 
7439 -7.255737 
7482 -8.974873 
7525 -15.468573 
7568 -13.038806 
7611 -10.673163 
7654 -4.969785 
7697 -5.802070 
7740 -17.675244 
7783 -6.954299 
7826 4.958004 
7869 -7.596309 
7912 -7.566482 
7955 -5.238814 
7998 -8.835996 
8041 6.123128 
8084 -8.671500 
8127 -6.637940 
8170 -13.141432 
8213 -17.348898 
8256 -12.003262 
8299 -14.020576 
8342 -20.123404 
8385 -4.148217 
8428 -7.524167 
8471 -12.880093 
8514 -22.502190 
8557 -17.358357 
8600 -17.707602 
8643 -12.859422 
8686 -15.663947 
8729 -18.936769 
8772 -15.522822 
8815 -18.594511 
8858 -18.619578 
8901 -12.911442 
8944 -11.707282 
8987 -6.964178 
9030 -20.063690 
9073 -8.233896 
9116 -2.657429 
9159 -13.716243 
9202 -24.780661 
9245 -24.426430 
9288 -22.963679 
9331 -20.242125 
9374 -21.409560 
9417 -18.630247 
9460 -12.405378 
9503 -1.696814 
9546 -14.058387 
9589 -18.389080 
9632 -17.233192 
9675 -14.237803 
9718 -19.275599 
9761 -13.390682 
9804 -27.602082 
9847 -27.916198 
9890 -25.604864 
9933 -30.135434 
9976 -18.006007 
10019 -7.695994 
10062 -13.990133 
10105 -6.116086 
10148 -18.162175 
10191 -9.113621 
10234 -11.874960 
10277 -11.088458 
10320 -16.941513 
10363 -19.897713 
10406 -20.261292 
10449 -4.810797 
10492 -22.551734 
10535 -31.413463 
10578 -21.771301 
10621 -20.781837 
10664 -17.231199 
10707 -20.563657 
10750 -24.160986 
10793 -15.552282 
10836 -20.758063 
10879 -24.336965 
10922 -19.316496 
10965 -19.059784 
11008 -24.946852 
11051 -14.903291 
11094 -17.116721 
11137 -19.821215 
11180 -6.487368 
11223 -1.393110 
11266 -1.607260 
11309 5.194300 
11352 -7.522439 
11395 -16.675280 
11438 -23.702894 
11481 -16.359054 
11524 -10.783344 
11567 -16.111338 
11610 -11.445093 
11653 -14.342294 
11696 -10.603007 
11739 -21.151629 
11782 -9.978045 
11825 -10.901382 
11868 -16.879565 
11911 -14.574421 
11954 -9.762729 
11997 10.356655 
12040 -12.818478 
12083 -6.518807 
12126 -17.771476 
12169 -12.465295 
12212 -9.134402 
12255 1.053497 
12298 -10.082170 
12341 -6.323156 
12384 0.465663 
12427 6.893126 
12470 -4.640583 
12513 -11.084267 
12556 -9.218711 
12599 -12.767284 
12642 -17.580791 
12685 -16.509992 
12728 -12.576994 
12771 -11.988072 
12814 -11.233060 
12857 -21.193232 
12900 -20.348105 
12943 -24.249720 
12986 -14.815626 
13029 -13.658482 
13072 -11.940799 
13115 -11.661147 
13158 -24.358348 
13201 -20.226002 
13244 -15.589661 
13287 3.345447 
13330 -8.590585 
13373 -19.139257 
13416 -20.419200 
13459 -15.366260 
13502 -8.937867 
13545 -6.032809 
13588 -13.957899 
13631 -17.815672 
13674 -17.960754 
13717 -21.046854 
13760 -15.941602 
13803 -20.073420 
13846 -14.585186 
13889 -6.495754 
13932 1.203432 
13975 -11.197313 
14018 -19.302136 
14061 -24.759310 
14104 -29.379175 
14147 -12.680619 
14190 -6.139385 
14233 0.875672 
14276 -2.423112 
14319 -8.466403 
14362 -9.887607 
14405 -16.917149 
14448 -15.833477 
14491 -20.697913 
14534 -17.691908 
14577 -23.739076 
14620 -15.213481 
14663 -7.386315 
14706 3.156853 
14749 -12.858150 
14792 -11.594229 
14835 -29.835998 
14878 -12.187392 
14921 -14.647235 
14964 -19.908083 
