7998 -42.825857 
8041 -53.430231 
8084 -53.070648 
8127 -47.543853 
8170 -38.374456 
8213 -45.319607 
8256 -45.449272 
8299 -54.348579 
8342 -42.103805 
8385 -52.491520 
8428 -46.921179 
8471 -52.740647 
8514 -57.150178 
8557 -54.033093 
8600 -49.054032 
8643 -51.531716 
8686 -42.909093 
8729 -50.889311 
8772 -52.200229 
8815 -51.347295 
8858 -46.405836 
8901 -40.907557 
8944 -33.522866 
8987 -41.278517 
9030 -34.080756 
9073 -41.540762 
9116 -45.102869 
9159 -47.461142 
9202 -40.227884 
9245 -47.326731 
9288 -49.032445 
9331 -52.194246 
9374 -53.069456 
9417 -41.681096 
9460 -35.338051 
9503 -41.861096 
9546 -46.588665 
9589 -61.654632 
9632 -49.719777 
9675 -44.808262 
9718 -37.425540 
9761 -43.813623 
9804 -37.108613 
9847 -48.269494 
9890 -45.590021 
9933 -43.725972 
9976 -36.995049 
10019 -41.511250 
10062 -43.224251 
10105 -46.012523 
10148 -34.600265 
10191 -41.596087 
10234 -34.981093 
10277 -41.096956 
10320 -43.880436 
10363 -48.746499 
10406 -50.576765 
10449 -52.765979 
10492 -41.670703 
10535 -51.215082 
10578 -54.871919 
10621 -60.697021 
10664 -49.437276 
10707 -52.853306 
10750 -48.532484 
10793 -53.843425 
10836 -42.894906 
10879 -50.564814 
10922 -45.297669 
10965 -49.467801 
11008 -43.396202 
11051 -51.269936 
11094 -40.579378 
11137 -49.661202 
11180 -55.360473 
11223 -44.644745 
11266 -36.644294 
11309 -42.166783 
11352 -41.359946 
11395 -61.680184 
11438 -43.378052 
11481 -53.160760 
11524 -47.583609 
11567 -46.602964 
11610 -37.855518 
11653 -42.676860 
11696 -36.700594 
11739 -44.611167 
11782 -42.778067 
11825 -60.207623 
11868 -43.930104 
11911 -47.798810 
11954 -49.790575 
11997 -62.134927 
12040 -55.928071 
12083 -59.868152 
12126 -59.764516 
12169 -55.449062 
12212 -49.377757 
12255 -55.514256 
12298 -55.368553 
12341 -56.108522 
12384 -54.030509 
12427 -58.756458 
12470 -49.618659 
12513 -56.902035 
12556 -87.334190 
12599 -72.322012 
12642 -64.494242 
12685 -57.300667 
12728 -50.869963 
12771 -53.479533 
12814 -53.468128 
12857 -62.008176 
12900 -67.948442 
12943 -58.221324 
12986 -52.096416 
13029 -58.838475 
13072 -60.464121 
13115 -59.614793 
13158 -56.489961 
13201 -62.122366 
13244 -63.307842 
13287 -61.722643 
13330 -56.576352 
13373 -62.108302 
13416 -66.312735 
13459 -64.541280 
13502 -60.710132 
13545 -64.313669 
13588 -64.033900 
13631 -69.002760 
13674 -61.497630 
13717 -67.760813 
13760 -55.263063 
13803 -59.778506 
13846 -62.075679 
13889 -64.499069 
13932 -54.627713 
13975 -62.063850 
14018 -68.880474 
14061 -63.903611 
14104 -58.803890 
14147 -60.116525 
14190 -50.118990 
14233 -54.894999 
14276 -58.746583 
14319 -63.941549 
14362 -65.099763 
14405 -76.472287 
14448 -64.865076 
14491 -70.986910 
14534 -58.214914 
14577 -60.964693 
14620 -58.890304 
14663 -68.954213 
14706 -54.745544 
14749 -60.690017 
14792 -61.232019 
14835 -72.858489 
14878 -63.943646 
14921 -74.144692 
14964 -74.073498 
