7998 -39.788311 
8041 -42.706614 
8084 -33.521704 
8127 -29.076409 
8170 -23.990549 
8213 -26.978676 
8256 -27.393068 
8299 -31.765579 
8342 -34.344183 
8385 -35.951404 
8428 -25.794756 
8471 -33.426319 
8514 -47.507531 
8557 -40.164840 
8600 -31.496019 
8643 -34.677158 
8686 -24.002169 
8729 -33.009216 
8772 -38.300045 
8815 -41.691007 
8858 -32.719545 
8901 -37.893992 
8944 -39.458713 
8987 -29.251433 
9030 -22.094562 
9073 -30.251321 
9116 -36.484842 
9159 -32.741343 
9202 -24.475176 
9245 -28.291005 
9288 -28.792113 
9331 -38.479769 
9374 -34.181422 
9417 -51.127142 
9460 -35.458120 
9503 -45.804144 
9546 -41.157393 
9589 -39.578803 
9632 -30.413458 
9675 -31.522165 
9718 -24.241027 
9761 -26.416368 
9804 -25.637956 
9847 -31.363397 
9890 -31.773810 
9933 -28.207592 
9976 -22.286335 
10019 -24.302028 
10062 -23.218232 
10105 -27.850345 
10148 -21.541083 
10191 -31.032149 
10234 -26.376751 
10277 -29.368397 
10320 -29.666491 
10363 -38.841866 
10406 -27.171580 
10449 -27.440840 
10492 -21.474800 
10535 -24.769658 
10578 -19.869143 
10621 -30.625769 
10664 -22.076128 
10707 -30.367398 
10750 -41.386723 
10793 -30.688349 
10836 -24.449682 
10879 -30.532566 
10922 -21.643370 
10965 -33.421878 
11008 -29.522848 
11051 -47.310675 
11094 -32.329088 
11137 -32.889705 
11180 -25.487199 
11223 -29.296418 
11266 -29.880736 
11309 -34.714433 
11352 -34.447793 
11395 -36.934839 
11438 -36.628139 
11481 -49.321349 
11524 -34.839786 
11567 -51.699439 
11610 -38.329810 
11653 -50.914119 
11696 -36.582269 
11739 -41.426535 
11782 -33.128450 
11825 -40.405843 
11868 -39.003948 
11911 -40.450837 
11954 -39.085971 
