7998 -50.161717 
8041 -52.096801 
8084 -47.657811 
8127 -52.198591 
8170 -49.179959 
8213 -58.837006 
8256 -44.490508 
8299 -52.553489 
8342 -52.305027 
8385 -50.626468 
8428 -46.835854 
8471 -47.667576 
8514 -42.643399 
8557 -50.199362 
8600 -47.120807 
8643 -56.131525 
8686 -41.952745 
8729 -55.228397 
8772 -47.774172 
8815 -45.499119 
8858 -36.137146 
8901 -40.229824 
8944 -42.636281 
8987 -52.033392 
9030 -55.296208 
9073 -43.169400 
9116 -36.437599 
9159 -45.410602 
9202 -42.740238 
9245 -53.576859 
9288 -38.351162 
9331 -51.996869 
9374 -42.324982 
9417 -49.382905 
9460 -40.980840 
9503 -40.704771 
9546 -35.045379 
9589 -38.521643 
9632 -39.687160 
9675 -45.737778 
9718 -40.210781 
9761 -45.282494 
9804 -50.431742 
9847 -49.592151 
9890 -39.410063 
9933 -46.414475 
9976 -53.523581 
10019 -50.588318 
10062 -45.551819 
10105 -52.593544 
10148 -47.862102 
10191 -48.787235 
10234 -46.835438 
10277 -42.382569 
10320 -34.801498 
10363 -41.446617 
10406 -48.265607 
10449 -46.637711 
10492 -40.925407 
10535 -46.082647 
10578 -44.781866 
10621 -52.581927 
10664 -58.992413 
10707 -46.906720 
10750 -40.482769 
10793 -42.257954 
10836 -40.034646 
10879 -47.868162 
10922 -41.963698 
10965 -50.431718 
11008 -47.877076 
11051 -45.245973 
11094 -40.555198 
11137 -48.217278 
11180 -66.974744 
11223 -61.556302 
11266 -55.879681 
11309 -60.207517 
11352 -48.286502 
11395 -57.172362 
11438 -62.559615 
11481 -58.952157 
11524 -53.557825 
11567 -60.335074 
11610 -72.251112 
11653 -61.949933 
11696 -55.705220 
11739 -62.379092 
11782 -71.551622 
11825 -74.652061 
11868 -71.408186 
11911 -82.384465 
11954 -68.258162 
