7998 -49.276354 
8041 -66.331893 
8084 -50.754662 
8127 -56.637487 
8170 -47.796495 
8213 -52.480267 
8256 -45.166222 
8299 -55.534321 
8342 -53.194336 
8385 -53.685629 
8428 -50.964130 
8471 -55.911599 
8514 -50.151538 
8557 -58.278638 
8600 -73.171196 
8643 -58.341648 
8686 -50.352989 
8729 -58.168450 
8772 -58.204715 
8815 -61.749315 
8858 -52.831590 
8901 -50.949405 
8944 -44.692594 
8987 -52.629182 
9030 -62.524822 
9073 -57.420546 
9116 -48.487768 
9159 -57.639494 
9202 -46.584517 
9245 -45.370010 
9288 -38.869887 
9331 -45.697090 
9374 -46.346825 
9417 -53.047949 
9460 -44.837248 
9503 -47.456678 
9546 -36.155580 
9589 -40.913824 
9632 -45.095191 
9675 -57.367409 
9718 -41.964411 
9761 -48.025223 
9804 -53.799705 
9847 -47.993813 
9890 -40.411187 
9933 -49.455359 
9976 -55.516963 
10019 -55.134968 
10062 -52.400502 
10105 -60.355439 
10148 -54.670607 
10191 -55.577710 
10234 -53.592484 
10277 -49.974709 
10320 -41.475107 
10363 -49.450312 
10406 -51.575388 
10449 -58.813916 
10492 -46.839940 
10535 -51.770668 
10578 -46.258213 
10621 -55.760943 
10664 -58.542386 
10707 -47.870980 
10750 -40.561089 
10793 -43.756995 
10836 -43.846842 
10879 -49.023958 
10922 -43.710521 
10965 -48.470414 
11008 -49.330854 
11051 -49.918551 
11094 -46.914508 
11137 -55.181903 
11180 -65.621299 
11223 -66.804655 
11266 -57.195399 
11309 -60.434821 
11352 -52.030689 
11395 -56.521543 
11438 -59.843833 
11481 -65.147512 
11524 -67.569462 
11567 -66.370116 
11610 -61.823520 
11653 -65.014525 
11696 -55.077599 
11739 -59.669640 
11782 -62.900586 
11825 -62.122881 
11868 -58.512584 
11911 -66.969824 
11954 -72.079452 
11997 -73.588673 
12040 -62.612634 
12083 -66.124267 
12126 -67.439612 
12169 -75.250427 
12212 -83.069549 
12255 -73.494949 
12298 -66.277596 
12341 -79.446318 
12384 -62.952273 
12427 -67.756271 
12470 -70.419871 
12513 -64.001606 
12556 -58.579995 
12599 -70.382886 
12642 -66.289924 
12685 -70.941224 
12728 -73.096490 
12771 -68.421147 
12814 -63.045611 
12857 -67.142945 
12900 -63.118555 
12943 -62.845714 
12986 -55.782433 
13029 -67.163291 
13072 -60.512943 
13115 -65.373631 
13158 -69.755738 
13201 -78.185559 
13244 -67.479787 
13287 -68.706774 
13330 -66.998481 
13373 -79.789385 
13416 -65.141981 
13459 -71.038290 
13502 -68.413685 
13545 -68.935056 
13588 -66.344841 
13631 -72.202470 
13674 -60.299630 
13717 -74.466718 
13760 -63.447336 
13803 -78.039903 
13846 -64.858288 
13889 -65.939101 
13932 -64.288590 
13975 -71.329573 
14018 -73.590790 
14061 -78.126040 
14104 -80.568951 
14147 -68.253969 
14190 -61.720234 
14233 -77.215809 
14276 -65.543979 
14319 -77.141341 
14362 -63.341184 
14405 -71.002655 
14448 -63.540083 
14491 -73.527070 
14534 -71.108072 
14577 -73.691964 
14620 -70.694464 
14663 -72.984712 
14706 -71.565484 
14749 -76.559456 
14792 -80.027207 
14835 -75.678805 
14878 -68.168330 
14921 -73.246329 
14964 -67.864113 
