0 22.870910 
43 23.772877 
86 25.084993 
129 34.881829 
172 37.663710 
215 13.322080 
258 -3.121766 
301 -10.240641 
344 -20.778501 
387 -9.010673 
430 -13.480714 
473 -7.792580 
516 -12.446786 
559 -25.199675 
602 -23.367305 
645 -18.695537 
688 -15.636484 
731 -18.737155 
774 -22.884533 
817 -21.624722 
860 -19.410043 
903 -17.554951 
946 -15.888123 
989 -15.848519 
1032 -16.383575 
1075 -18.151312 
1118 -16.260663 
1161 -15.281628 
1204 -20.634694 
1247 -14.502102 
1290 -17.142013 
1333 -17.352034 
1376 -13.412274 
1419 -13.841981 
1462 -14.191308 
1505 -14.766969 
1548 -13.761017 
1591 -16.025303 
1634 -8.772525 
1677 -11.393128 
1720 -15.361379 
1763 -8.083309 
1806 -16.375554 
1849 -20.691935 
1892 -19.967413 
1935 -18.442793 
1978 -14.589618 
2021 -14.644976 
2064 -12.314152 
2107 -6.055697 
2150 -4.882919 
2193 -13.645490 
2236 -7.086786 
2279 -7.863107 
2322 -6.916225 
2365 -8.474151 
2408 -9.715002 
2451 -4.961546 
2494 -11.637743 
2537 1.280862 
2580 -1.446840 
2623 -7.192241 
2666 -7.436334 
2709 -2.834849 
2752 -1.372740 
2795 0.471298 
2838 5.901317 
2881 5.240010 
2924 3.487824 
2967 6.483176 
3010 6.636307 
3053 5.530504 
3096 4.705959 
3139 3.262394 
3182 6.564553 
3225 5.139352 
3268 16.825621 
3311 12.318712 
3354 7.737030 
3397 6.300064 
3440 9.392607 
3483 12.157768 
3526 7.864964 
3569 4.855620 
3612 18.159891 
3655 13.797924 
3698 12.348259 
3741 7.927944 
3784 1.910165 
3827 4.892538 
3870 5.212626 
3913 7.911463 
3956 6.525043 
3999 4.698730 
4042 2.518018 
4085 0.997762 
4128 -0.331288 
4171 6.012064 
4214 -6.932422 
4257 -2.830827 
4300 0.648413 
4343 1.004289 
4386 -0.203731 
4429 -0.650383 
4472 0.322165 
4515 -0.852104 
4558 0.937516 
4601 4.533096 
4644 1.367717 
4687 4.025813 
4730 -4.475430 
4773 -1.883234 
4816 1.816128 
4859 3.624644 
4902 2.715216 
4945 14.037410 
4988 -0.070530 
5031 -7.475090 
5074 -9.204043 
5117 -13.534193 
5160 2.335153 
5203 0.133108 
5246 -1.917818 
5289 -6.594766 
5332 -13.234430 
5375 -5.905108 
5418 -0.119009 
5461 -0.705017 
5504 -2.837005 
5547 -3.083450 
5590 -8.688263 
5633 -18.843383 
5676 4.678756 
5719 -8.054270 
5762 -9.626294 
5805 -2.676657 
5848 1.784900 
5891 -5.226990 
5934 -9.503349 
5977 -8.972783 
6020 -13.059598 
6063 -21.002772 
6106 -38.944896 
6149 -32.750517 
6192 -28.348170 
6235 -17.514177 
6278 -7.342046 
6321 -8.550592 
6364 -13.751729 
6407 -7.062777 
6450 -3.681097 
6493 -7.334175 
6536 -9.305148 
6579 -10.991050 
6622 4.785231 
6665 -13.025817 
6708 -2.640842 
6751 -9.053886 
6794 -10.477865 
6837 13.197900 
6880 -9.931049 
6923 -12.931089 
6966 -16.605736 
7009 -18.174017 
7052 -28.992673 
7095 -15.465344 
7138 -6.985291 
7181 -5.986376 
7224 -18.821103 
7267 -13.505091 
7310 -15.942871 
7353 -16.562310 
7396 -15.600343 
7439 -24.863191 
7482 -20.107053 
7525 -28.998452 
7568 -25.400913 
7611 -21.678775 
7654 -16.784922 
7697 -19.237816 
7740 -16.402657 
7783 -17.042925 
7826 -15.845658 
7869 -16.430872 
7912 -17.390060 
7955 -21.675630 
7998 -28.486909 
8041 -36.698694 
8084 -24.308960 
8127 -25.484017 
8170 -22.565710 
8213 -22.374167 
8256 -0.582694 
8299 -7.271049 
8342 -13.212588 
8385 -19.869194 
8428 -20.202846 
8471 -32.338587 
8514 -29.697988 
8557 -22.962316 
8600 -17.735416 
8643 -2.117447 
8686 -29.572144 
8729 -28.541217 
8772 -37.462441 
8815 -33.460139 
8858 -31.800446 
8901 -40.242982 
8944 -36.365468 
8987 -38.610699 
9030 -16.273231 
9073 -11.165743 
9116 -5.690509 
9159 -11.227321 
9202 -17.230258 
9245 -23.759820 
9288 -16.310029 
9331 -28.776705 
9374 -25.176634 
9417 -17.824016 
9460 -20.485062 
9503 -4.078506 
9546 -12.295483 
9589 -11.066589 
9632 -13.748676 
9675 -11.417175 
9718 -18.442400 
9761 -16.499477 
9804 -13.400323 
9847 -27.375017 
9890 -23.490830 
9933 -25.284562 
9976 -32.289869 
10019 -47.553265 
10062 -39.055518 
10105 -28.844963 
10148 -24.755335 
10191 -28.360444 
10234 -29.324752 
10277 -13.746542 
10320 -8.382757 
10363 -19.261764 
10406 -26.181428 
10449 -21.418554 
10492 -7.967676 
10535 -11.699451 
10578 -11.244521 
10621 -19.594457 
10664 -34.535361 
10707 -19.203429 
10750 -14.459446 
10793 -11.274092 
10836 -10.870210 
10879 -23.846216 
10922 -15.598105 
10965 -20.733831 
11008 -15.903843 
11051 -6.276604 
11094 -12.739467 
11137 -17.093131 
11180 -20.721468 
11223 -21.601804 
11266 -24.363955 
11309 -24.187979 
11352 -24.292765 
11395 -13.370254 
11438 -17.620233 
11481 -16.944534 
11524 -11.217188 
11567 -19.458465 
11610 -27.457685 
11653 -17.183404 
11696 -14.273623 
11739 -17.506857 
11782 -24.536063 
11825 -30.455801 
11868 -21.341550 
11911 -20.035242 
11954 -17.441701 
11997 -18.134298 
12040 -24.647956 
12083 -13.680036 
12126 -19.003535 
12169 -16.630215 
12212 -12.816951 
12255 -10.366943 
12298 -16.273079 
12341 -23.145663 
12384 -29.011704 
12427 -33.648036 
12470 -19.821606 
12513 -17.178378 
12556 -21.780952 
12599 -10.069285 
12642 -14.561181 
12685 -14.616688 
12728 -9.909635 
12771 -22.478430 
12814 -14.042400 
12857 -10.229210 
12900 -14.744871 
12943 -17.275090 
12986 -26.768698 
13029 -25.370342 
13072 -27.215102 
13115 -18.940020 
13158 -18.538822 
13201 -11.985078 
13244 -7.389896 
13287 0.238868 
13330 3.457849 
13373 -11.142540 
13416 -27.956051 
13459 -19.861602 
13502 -14.795977 
13545 -12.127879 
13588 -5.309210 
13631 -2.852559 
13674 -5.502310 
13717 -22.026505 
13760 -17.973832 
13803 -17.826837 
13846 3.763563 
13889 -2.446566 
13932 -10.002122 
13975 -17.513123 
14018 -22.552245 
14061 -23.295464 
14104 -9.166762 
14147 -14.532281 
14190 -15.468996 
14233 -14.712524 
14276 -49.256084 
14319 -21.795193 
14362 -16.464458 
14405 -21.252497 
14448 -23.091153 
14491 -11.880128 
14534 -13.478043 
14577 -13.820472 
14620 -13.918351 
14663 -19.403402 
14706 -16.565356 
14749 -6.178499 
14792 -21.871561 
14835 -11.611867 
14878 -11.394844 
14921 -8.372536 
14964 -3.359509 
