0 28.410702 
43 40.259185 
86 32.766255 
129 36.525406 
172 34.695906 
215 1.167959 
258 6.102130 
301 5.627503 
344 -16.435074 
387 -15.695119 
430 -18.421672 
473 -19.293484 
516 -17.423199 
559 -10.181113 
602 -11.486643 
645 -9.237601 
688 -18.482065 
731 -19.030135 
774 -18.327146 
817 -18.933396 
860 -19.031211 
903 -18.376698 
946 -17.536044 
989 -20.897127 
1032 -20.595260 
1075 -20.631088 
1118 -19.194330 
1161 -20.052302 
1204 -19.719599 
1247 -16.088021 
1290 -15.148915 
1333 -19.532064 
1376 -19.936799 
1419 -14.880869 
1462 -13.209416 
1505 -15.109770 
1548 -15.873543 
1591 -7.827925 
1634 -7.831884 
1677 -8.236985 
1720 -13.244343 
1763 -0.364700 
1806 -12.486013 
1849 -10.803196 
1892 -16.226562 
1935 -12.911908 
1978 -10.809496 
2021 -12.230720 
2064 -13.121962 
2107 -13.174926 
2150 -15.805728 
2193 -4.304954 
2236 -9.306795 
2279 -9.422044 
2322 -11.661930 
2365 -12.365510 
2408 -11.328565 
2451 -12.689721 
2494 -6.880358 
2537 -2.801899 
2580 -5.831974 
2623 -4.519813 
2666 -8.300007 
2709 -10.280944 
2752 -3.794435 
2795 1.723533 
2838 -5.624094 
2881 -2.786574 
2924 -0.822824 
2967 4.403216 
3010 -2.400664 
3053 0.769854 
3096 3.520711 
3139 8.001096 
3182 5.188610 
3225 2.033330 
3268 3.719314 
3311 8.614284 
3354 7.407272 
3397 10.661920 
3440 2.869973 
3483 14.026678 
3526 9.382765 
3569 8.424765 
3612 8.454368 
3655 7.718253 
3698 3.826664 
3741 4.997596 
3784 6.459592 
3827 7.088145 
3870 14.190214 
3913 5.140254 
3956 6.541884 
3999 7.226658 
4042 6.176404 
4085 4.730478 
4128 5.866678 
4171 5.872040 
4214 5.457633 
4257 9.757943 
4300 4.415217 
4343 4.328712 
4386 3.855374 
4429 12.917037 
4472 3.062152 
4515 12.250346 
4558 3.734697 
4601 3.017258 
4644 1.059365 
4687 2.482139 
4730 3.552110 
4773 4.642869 
4816 0.252087 
4859 -0.933648 
4902 4.649287 
4945 4.251092 
4988 3.292506 
5031 4.833468 
5074 -1.778397 
5117 0.801194 
5160 -1.442253 
5203 5.319963 
5246 2.350837 
5289 6.631772 
5332 1.818332 
5375 3.605756 
5418 -1.747510 
5461 1.961729 
5504 -1.199071 
5547 0.522781 
5590 -5.207020 
5633 -4.236807 
5676 0.039544 
5719 -1.464191 
5762 -0.599127 
5805 -0.916587 
5848 -2.247040 
5891 0.225055 
5934 -2.493824 
5977 -4.494620 
6020 -2.155061 
6063 -15.047014 
6106 -8.246608 
6149 -7.511637 
6192 -13.337092 
6235 -13.510194 
6278 -8.596946 
6321 -11.811875 
6364 -11.382997 
6407 -5.697640 
6450 -12.361600 
6493 -9.172976 
6536 -20.886288 
6579 -28.205563 
6622 -19.330463 
6665 -15.767611 
6708 -9.110058 
6751 -5.463882 
6794 -10.204167 
6837 -9.567407 
6880 -10.240815 
6923 -7.861375 
6966 -8.563820 
7009 -7.326773 
7052 10.575022 
7095 -6.874898 
7138 -6.563244 
7181 -4.926990 
7224 -5.940879 
7267 -6.515147 
7310 -7.553237 
7353 -12.983027 
7396 -11.135621 
7439 -9.020698 
7482 -9.920979 
7525 -7.299795 
7568 -11.799376 
7611 -11.362193 
7654 -11.200935 
7697 -17.138857 
7740 -11.653963 
7783 -11.602698 
7826 -17.097907 
7869 -15.810744 
7912 -15.284725 
7955 -15.302066 
7998 -15.650411 
8041 -4.785306 
8084 -20.429502 
8127 -20.055771 
8170 -16.777550 
8213 -26.524070 
8256 -18.493199 
8299 -11.047351 
8342 -17.792542 
8385 -17.346378 
8428 -20.609742 
8471 -22.564695 
8514 -8.204928 
8557 -17.655961 
8600 -20.346621 
8643 0.696919 
8686 -23.129688 
8729 -20.133298 
8772 -21.279110 
8815 -21.236164 
8858 -20.035543 
8901 -15.560049 
8944 -20.427158 
8987 -19.534896 
9030 -32.341019 
9073 -18.263353 
9116 -18.286953 
9159 -16.667087 
9202 -24.858903 
9245 -22.104519 
9288 -22.377012 
9331 -21.752859 
9374 -21.241523 
9417 -14.951091 
9460 -27.364594 
9503 -22.658379 
9546 -20.249592 
9589 -25.674642 
9632 -20.172155 
9675 -29.736591 
9718 -24.560387 
9761 -26.793851 
9804 -19.905199 
9847 -18.634806 
9890 -13.453499 
9933 -19.065952 
9976 -16.744412 
10019 -32.170204 
10062 -23.671046 
10105 -14.937542 
10148 -17.572395 
10191 -14.626855 
10234 -19.517290 
10277 -21.618894 
10320 -17.452189 
10363 -17.863600 
10406 -22.504936 
10449 -11.588104 
10492 -12.958913 
10535 -1.011309 
10578 -21.659159 
10621 -22.757971 
10664 -17.376884 
10707 -22.720596 
10750 -38.087768 
10793 -7.036598 
10836 -15.589127 
10879 -17.385277 
10922 -26.503079 
10965 -12.351139 
11008 -24.287985 
11051 -15.168008 
11094 -17.430742 
11137 -21.656103 
11180 -20.841074 
11223 -28.211278 
11266 -22.896640 
11309 -14.995985 
11352 1.620506 
11395 -14.568595 
11438 -17.864110 
11481 -14.306123 
11524 -12.362827 
11567 -6.737116 
11610 -15.157595 
11653 -18.025009 
11696 -17.033970 
11739 -11.553746 
11782 -13.563217 
11825 -5.315629 
11868 -11.538566 
11911 -5.867786 
11954 -3.303019 
11997 -11.654438 
12040 -15.874113 
12083 -14.038695 
12126 -8.825526 
12169 -9.046428 
12212 -14.582525 
12255 -17.044837 
12298 -15.642402 
12341 -7.213016 
12384 -23.736938 
12427 -13.229577 
12470 -9.827603 
12513 -12.564332 
12556 -25.053747 
12599 -13.171521 
12642 -17.406973 
12685 -21.087526 
12728 -22.897921 
12771 -3.907456 
12814 -11.788746 
12857 -7.970261 
12900 -20.011107 
12943 -18.954012 
12986 -19.217757 
13029 -19.231273 
13072 -22.410661 
13115 -25.192219 
13158 -28.832925 
13201 -29.008791 
13244 -24.884130 
13287 -25.668393 
13330 -26.355669 
13373 -23.368907 
13416 -26.067702 
13459 -19.007838 
13502 -22.004941 
13545 -20.018387 
13588 -17.605474 
13631 -21.881084 
13674 -31.535094 
13717 -27.900396 
13760 -24.988634 
13803 -21.103913 
13846 -26.674027 
13889 -23.751211 
13932 -31.944204 
13975 -18.391426 
14018 -18.610846 
14061 -12.407069 
14104 -27.534246 
14147 -13.941726 
14190 -33.906044 
14233 -22.659431 
14276 -25.585307 
14319 -21.820816 
14362 -21.659342 
14405 -21.467710 
14448 -23.864548 
14491 -27.762312 
14534 -37.872161 
14577 -37.399315 
14620 -22.288951 
14663 -28.362166 
14706 -35.297226 
14749 -53.727401 
14792 -33.523099 
14835 -32.387733 
14878 -12.302194 
14921 -22.901416 
14964 -28.231821 
