0 35.465236 
43 16.033871 
86 15.950742 
129 5.572131 
172 4.548999 
215 7.391034 
258 -4.585530 
301 0.524592 
344 -19.688736 
387 -0.096244 
430 -23.939989 
473 -11.007047 
516 -12.435823 
559 -7.879322 
602 -26.620609 
645 -21.291003 
688 -22.267276 
731 -20.944236 
774 -18.204386 
817 -24.246676 
860 -35.978383 
903 -27.992144 
946 -25.669523 
989 -21.756734 
1032 -15.486264 
1075 -17.260387 
1118 -17.840402 
1161 -17.778357 
1204 -18.727352 
1247 -15.758834 
1290 -8.944066 
1333 -14.860324 
1376 -19.477188 
1419 -16.151261 
1462 -15.804525 
1505 -15.682858 
1548 -13.602183 
1591 -12.923654 
1634 -7.975888 
1677 -8.554429 
1720 -11.289260 
1763 -17.119326 
1806 -13.490223 
1849 -22.754226 
1892 -18.818572 
1935 -18.825473 
1978 -20.819059 
2021 -25.483714 
2064 -9.976414 
2107 -11.812251 
2150 -13.024214 
2193 -14.336466 
2236 -15.939677 
2279 -18.680514 
2322 -17.674378 
2365 -8.443908 
2408 -9.932438 
2451 -22.221776 
2494 -12.958589 
2537 -10.092422 
2580 -6.930708 
2623 -7.236410 
2666 -3.453055 
2709 -3.386692 
2752 -3.332939 
2795 2.325015 
2838 -3.004787 
2881 -1.865373 
2924 -1.709361 
2967 -1.270907 
3010 -1.071494 
3053 3.002249 
3096 7.344821 
3139 2.161546 
3182 2.179493 
3225 2.472056 
3268 3.611672 
3311 1.917750 
3354 1.188349 
3397 0.836619 
3440 1.388018 
3483 -11.969570 
3526 5.165470 
3569 7.291694 
3612 11.479538 
3655 8.679639 
3698 -5.337060 
3741 10.084783 
3784 21.246890 
3827 3.678897 
3870 1.798605 
3913 1.584516 
3956 3.132751 
3999 0.821150 
4042 -1.868520 
4085 -6.594187 
4128 6.120413 
4171 3.307701 
4214 6.090983 
4257 1.892074 
4300 0.199148 
4343 0.961199 
4386 2.025788 
4429 1.222800 
4472 0.473524 
4515 0.734681 
4558 -11.821104 
4601 -17.107221 
4644 -5.338546 
4687 -4.665362 
4730 -4.654251 
4773 -3.886056 
4816 -0.934105 
4859 12.960272 
4902 -12.126477 
4945 -11.280279 
4988 -11.762159 
5031 -15.592634 
5074 -21.097013 
5117 -6.009663 
5160 -5.994602 
5203 -6.564055 
5246 -8.888939 
5289 -7.955343 
5332 -6.149850 
5375 -9.138441 
5418 -7.218856 
5461 -7.354126 
5504 -20.904403 
5547 -15.810264 
5590 -11.168397 
5633 -11.828233 
5676 -16.669259 
5719 1.683371 
5762 -8.263121 
5805 -4.407442 
5848 -1.756337 
5891 -8.621685 
5934 -13.253965 
5977 -13.310330 
6020 -13.111521 
6063 -15.436937 
6106 -20.508533 
6149 -22.751962 
6192 -21.446412 
6235 -14.719799 
6278 -10.996396 
6321 -7.886632 
6364 -5.138475 
6407 -6.269686 
6450 -5.605891 
6493 -3.822133 
6536 -7.378554 
6579 -3.221276 
6622 -26.466939 
6665 -24.569800 
6708 -31.650669 
6751 -7.014778 
6794 1.064933 
6837 -3.632354 
6880 -11.962113 
6923 -4.397633 
6966 1.835133 
7009 1.084192 
7052 -1.249171 
7095 -4.959986 
7138 -10.150621 
7181 -9.022467 
7224 -6.296739 
7267 -7.547733 
7310 -13.018597 
7353 -10.971058 
7396 3.971530 
7439 -6.299253 
7482 -3.708899 
7525 -5.320266 
7568 -14.106535 
7611 -11.472056 
7654 -11.107075 
7697 3.663836 
7740 -0.015101 
7783 -1.890398 
7826 -2.716194 
7869 -2.906033 
7912 -8.011875 
7955 -2.664266 
7998 -17.795125 
8041 -7.810097 
8084 -2.607194 
8127 -9.112322 
8170 -7.260143 
8213 3.311305 
8256 -8.251712 
8299 -7.429020 
8342 -31.999339 
8385 -9.594858 
8428 -9.515110 
8471 -10.572024 
8514 -15.952247 
8557 -7.450542 
8600 -6.112000 
8643 -7.093280 
8686 -0.115634 
8729 -4.998639 
8772 -7.936798 
8815 -10.867655 
8858 -13.477003 
8901 -7.413260 
8944 -3.786089 
8987 -0.476681 
9030 -4.046634 
9073 -3.301450 
9116 -2.690958 
9159 -28.965183 
9202 -6.503498 
9245 1.062007 
9288 6.193413 
9331 3.526143 
9374 -8.970858 
9417 -0.482358 
9460 4.082536 
9503 -10.761916 
9546 -14.324349 
9589 -9.296576 
9632 -9.317899 
9675 -8.600328 
9718 -19.083605 
9761 -8.971197 
9804 -3.318419 
9847 -5.063253 
9890 -5.021925 
9933 -7.155167 
9976 0.777597 
10019 1.541009 
10062 -0.391658 
10105 -11.264924 
10148 -13.347257 
10191 -7.355468 
10234 -1.990131 
10277 -1.614845 
10320 -2.028309 
10363 4.562010 
10406 -5.930748 
10449 -3.908182 
10492 3.361951 
10535 7.504957 
10578 5.258166 
10621 -6.985150 
10664 -8.156758 
10707 -4.797930 
10750 -8.489789 
10793 -14.080434 
10836 -6.245949 
10879 -10.653838 
10922 7.840031 
10965 1.358492 
11008 -26.358611 
11051 7.962741 
11094 -1.711590 
11137 -13.575804 
11180 -5.776013 
11223 -9.254790 
11266 5.210376 
11309 -2.879252 
11352 -4.885100 
11395 -2.422676 
11438 -2.293687 
11481 0.464573 
11524 -12.289623 
11567 -14.179322 
11610 -15.239838 
11653 -13.145196 
11696 -0.793722 
11739 8.669723 
11782 6.600947 
11825 -4.170857 
11868 -2.276265 
11911 -0.264640 
11954 -1.685816 
11997 -7.077902 
12040 -11.308973 
12083 -10.899461 
12126 -6.410009 
12169 -2.542047 
12212 -13.573390 
12255 0.947798 
12298 -1.176727 
12341 8.716743 
12384 -15.839679 
12427 -34.123674 
12470 -14.704789 
12513 -23.837878 
12556 -20.604937 
12599 -14.469435 
12642 -14.146606 
12685 -22.799661 
12728 -1.811211 
12771 -23.724708 
12814 -16.330084 
12857 -19.939442 
12900 -19.576623 
12943 -18.535337 
12986 -20.519634 
13029 -16.147770 
13072 -18.116295 
13115 -20.044800 
13158 -21.613826 
13201 -19.936727 
13244 -12.514855 
13287 -13.639734 
13330 -17.808091 
13373 -13.160813 
13416 -13.578786 
13459 -17.391770 
13502 -24.498610 
13545 -24.261226 
13588 -23.055340 
13631 -16.446994 
13674 -17.326883 
13717 -19.339865 
13760 -17.855969 
13803 -19.478530 
13846 -13.008298 
13889 -16.571324 
13932 -17.455503 
13975 -12.803242 
14018 -18.979692 
14061 -17.346375 
14104 -11.842448 
14147 -15.171661 
14190 -15.034665 
14233 -13.263610 
14276 -15.987857 
14319 -0.519421 
14362 -12.160722 
14405 -15.624157 
14448 -20.016881 
14491 -20.574617 
14534 -2.156112 
14577 -20.551275 
14620 -21.238303 
14663 -3.416265 
14706 -15.169067 
14749 -13.070555 
14792 0.812697 
14835 -6.087696 
14878 -12.061897 
14921 -6.585021 
14964 -13.059677 
