0 39.371395 
43 18.373187 
86 18.853426 
129 6.983506 
172 5.678155 
215 8.470799 
258 -4.193973 
301 1.868722 
344 -26.815951 
387 1.835840 
430 -14.169508 
473 -5.486466 
516 -6.634897 
559 -2.434239 
602 -28.186272 
645 -18.756034 
688 -18.006334 
731 -16.309369 
774 -11.949626 
817 -16.925141 
860 -24.584709 
903 -22.128492 
946 -21.467172 
989 -19.501526 
1032 -26.551743 
1075 -12.507973 
1118 -10.528920 
1161 -10.414652 
1204 -11.108398 
1247 -11.376226 
1290 -12.827714 
1333 -15.311064 
1376 -18.943716 
1419 -15.989843 
1462 -15.048099 
1505 -13.717353 
1548 -8.291428 
1591 -6.032043 
1634 -1.602476 
1677 -4.843442 
1720 -10.140992 
1763 -6.340631 
1806 -18.673766 
1849 -22.924849 
1892 -16.234393 
1935 -13.374478 
1978 -16.673980 
2021 -15.202822 
2064 -9.501988 
2107 -9.432865 
2150 -9.618003 
2193 -11.869909 
2236 -13.529956 
2279 -15.666456 
2322 -17.683072 
2365 -8.179780 
2408 -11.023749 
2451 -14.286992 
2494 -10.515514 
2537 -7.424917 
2580 -3.227346 
2623 -3.411956 
2666 -0.621176 
2709 -0.896803 
2752 -1.039896 
2795 4.676502 
2838 2.373936 
2881 2.180967 
2924 1.178310 
2967 5.099280 
3010 6.519904 
3053 8.632992 
3096 10.376123 
3139 5.444702 
3182 5.641957 
3225 5.002247 
3268 4.704017 
3311 2.020157 
3354 0.906389 
3397 0.942800 
3440 -0.452557 
3483 -11.151828 
3526 3.427704 
3569 4.583207 
3612 6.146607 
3655 4.350508 
3698 -8.319399 
3741 8.055250 
3784 19.561491 
3827 4.954305 
3870 3.291898 
3913 1.877219 
3956 1.568871 
3999 1.095148 
4042 1.059236 
4085 2.574668 
4128 8.556252 
4171 3.476276 
4214 8.058004 
4257 5.484786 
4300 5.163859 
4343 5.086774 
4386 4.596401 
4429 3.746412 
4472 2.825547 
4515 1.717600 
4558 -4.512505 
4601 -7.296020 
4644 -3.241902 
4687 -3.086968 
4730 -4.135963 
4773 -3.115334 
4816 3.063272 
4859 7.019972 
4902 1.029270 
4945 -5.966353 
4988 -7.644419 
5031 -10.975624 
5074 -17.897172 
5117 -11.607398 
5160 -10.757404 
5203 -9.933441 
5246 -8.294361 
5289 -8.492119 
5332 -9.871642 
5375 -12.733872 
5418 -15.602173 
5461 -21.473589 
5504 -17.008095 
5547 -16.398589 
5590 -14.583639 
5633 -14.788163 
5676 -13.752238 
5719 1.567598 
5762 -8.739009 
5805 -6.241967 
5848 -1.242475 
5891 -7.853645 
5934 -14.781249 
5977 -11.065790 
6020 -9.089628 
6063 -9.389538 
6106 -10.287038 
6149 -16.169536 
6192 -15.893062 
6235 -11.053591 
6278 -6.590800 
6321 -3.678030 
6364 -0.241064 
6407 -4.312655 
6450 -2.638546 
6493 0.047151 
6536 -1.144815 
6579 -5.734599 
6622 -3.397001 
6665 -3.132804 
6708 -20.280497 
6751 -4.734172 
6794 3.979642 
6837 0.236402 
6880 -14.649421 
6923 -2.293203 
6966 4.186092 
7009 2.226260 
7052 1.551918 
7095 -1.482822 
7138 -3.844712 
7181 -7.759749 
7224 -0.239133 
7267 -2.997578 
7310 -7.712228 
7353 -5.987238 
7396 9.855319 
7439 -0.072711 
7482 1.600269 
7525 0.738770 
7568 -15.423089 
7611 -4.645691 
7654 -0.238639 
7697 8.632738 
7740 6.099990 
7783 10.292093 
7826 0.575002 
7869 0.879683 
7912 -0.805282 
7955 2.803777 
7998 -14.704014 
8041 -2.394171 
8084 3.891779 
8127 -2.345092 
8170 -1.756474 
8213 8.757399 
8256 -4.889330 
8299 -2.597599 
8342 -4.327376 
8385 -2.922932 
8428 -4.593479 
8471 -5.004927 
8514 -13.302251 
8557 -3.546600 
8600 -2.079849 
8643 -2.610131 
8686 2.728884 
8729 -2.150551 
8772 -4.962323 
8815 -8.292039 
8858 -9.387287 
8901 -3.671477 
8944 -0.104147 
8987 7.398895 
9030 1.574530 
9073 2.157418 
9116 -0.695586 
9159 -20.021431 
9202 -4.162918 
9245 3.769099 
9288 9.162380 
9331 6.443519 
9374 -5.959055 
9417 3.482684 
9460 8.258725 
9503 -5.679394 
9546 -14.432782 
9589 -6.648750 
9632 -6.594534 
9675 -4.460238 
9718 -14.765127 
9761 -5.291954 
9804 -0.537303 
9847 -2.031599 
9890 -1.282219 
9933 -2.892183 
9976 4.486406 
10019 5.685128 
10062 1.253979 
10105 -11.096294 
10148 -8.121387 
10191 -0.992427 
10234 4.302460 
10277 3.569517 
10320 2.244693 
10363 7.878645 
10406 -0.459908 
10449 2.670198 
10492 10.118055 
10535 13.704102 
10578 11.465116 
10621 -0.904026 
10664 -2.110417 
10707 1.931128 
10750 -3.386539 
10793 -7.966848 
10836 -3.036047 
10879 -6.421583 
10922 11.831535 
10965 5.895230 
11008 -4.229195 
11051 14.700418 
11094 2.448731 
11137 -2.879704 
11180 -3.130521 
11223 -6.232213 
11266 10.213614 
11309 2.462675 
11352 -1.488263 
11395 -0.206865 
11438 -0.472109 
11481 3.715116 
11524 -6.085943 
11567 -8.545307 
11610 -10.863665 
11653 -12.668747 
11696 -5.822419 
11739 5.900767 
11782 4.973390 
11825 -3.550909 
11868 -1.559719 
11911 0.105959 
11954 -1.434917 
11997 -5.825235 
12040 -12.231214 
12083 -13.714721 
12126 -5.917183 
12169 -1.106293 
12212 -11.379804 
12255 -3.845254 
12298 -8.828667 
12341 -1.637829 
12384 -17.225632 
12427 -18.643343 
12470 -7.858683 
12513 -12.661001 
12556 -17.199976 
12599 -12.237480 
12642 -12.542357 
12685 -12.494231 
12728 3.608603 
12771 -12.239693 
12814 -9.350519 
12857 -15.913640 
12900 -18.362001 
12943 -18.985376 
12986 -19.304192 
13029 -11.355045 
13072 -16.650098 
13115 -16.342425 
13158 -16.007021 
13201 -16.130250 
13244 -14.437221 
13287 -16.299750 
13330 -18.323697 
13373 -9.476795 
13416 -8.174092 
13459 -9.417259 
13502 -15.842338 
13545 -13.382998 
13588 -9.469776 
13631 -1.688991 
13674 -12.671895 
13717 -22.742261 
13760 -18.743874 
13803 -15.435618 
13846 -5.396027 
13889 -15.291872 
13932 -31.718229 
13975 -13.175743 
14018 -15.390034 
14061 -8.719654 
14104 -3.717457 
14147 -9.152380 
14190 -12.991682 
14233 -15.092534 
14276 -18.986497 
14319 -1.395465 
14362 -15.457851 
14405 -6.872830 
14448 -12.883909 
14491 -8.048241 
14534 1.812471 
14577 -6.038467 
14620 -15.495441 
14663 -11.798449 
14706 -23.412348 
14749 -25.834801 
14792 1.253648 
14835 -2.437597 
14878 -1.286453 
14921 -8.593109 
14964 -8.153022 
