7998 -21.323097 
8041 -30.702387 
8084 -33.291501 
8127 -29.741101 
8170 -25.010091 
8213 -31.492996 
8256 -36.186431 
8299 -33.182088 
8342 -23.794724 
8385 -38.177413 
8428 -27.448529 
8471 -32.253682 
8514 -32.930070 
8557 -51.558092 
8600 -32.277702 
8643 -40.915628 
8686 -28.888938 
8729 -31.551753 
8772 -30.275196 
8815 -34.014803 
8858 -35.439316 
8901 -32.436724 
8944 -27.582211 
8987 -33.881652 
9030 -27.568074 
9073 -28.315478 
9116 -26.311421 
9159 -34.807554 
9202 -37.491512 
9245 -57.381651 
9288 -39.258855 
9331 -40.212402 
9374 -38.342363 
9417 -44.517466 
9460 -53.552879 
9503 -45.263709 
9546 -38.856203 
9589 -42.216233 
9632 -42.994176 
9675 -37.122308 
9718 -29.295821 
9761 -39.034385 
9804 -36.881694 
9847 -41.055206 
9890 -43.643754 
9933 -38.676373 
9976 -33.698612 
10019 -43.089674 
10062 -33.881752 
10105 -40.796563 
10148 -49.650164 
10191 -36.595156 
10234 -29.988634 
10277 -34.925755 
10320 -25.100969 
10363 -35.188943 
10406 -34.036412 
10449 -36.597091 
10492 -36.214917 
10535 -31.609390 
10578 -26.004430 
10621 -29.292526 
10664 -27.321671 
10707 -31.177745 
10750 -28.242714 
10793 -30.729384 
10836 -26.429695 
10879 -34.171361 
10922 -52.562335 
10965 -39.034818 
11008 -31.761586 
11051 -32.734429 
11094 -27.550012 
11137 -29.855952 
11180 -29.266896 
11223 -32.659510 
11266 -28.198907 
11309 -32.826950 
11352 -31.566052 
11395 -33.332301 
11438 -32.116925 
11481 -39.021178 
11524 -42.878695 
11567 -44.396668 
11610 -33.564529 
11653 -34.955440 
11696 -29.456209 
11739 -36.730326 
11782 -38.800951 
11825 -45.291365 
11868 -46.755590 
11911 -42.503075 
11954 -33.193500 
