0 80.130953 
43 25.709877 
86 27.356167 
129 34.196332 
172 32.186097 
215 2.351111 
258 -3.720428 
301 -6.335761 
344 -24.831555 
387 -24.052799 
430 -13.705945 
473 -14.670834 
516 -11.694874 
559 -24.664066 
602 -21.541244 
645 -11.453125 
688 -16.376496 
731 -11.938180 
774 -5.071477 
817 -15.225919 
860 -19.398326 
903 -27.030250 
946 -20.380018 
989 -2.908356 
1032 -10.641178 
1075 -10.471571 
1118 -13.063758 
1161 -10.110976 
1204 11.594533 
1247 4.026875 
1290 -23.578944 
1333 -20.551213 
1376 -16.761792 
1419 0.291734 
1462 -8.353226 
1505 -15.787047 
1548 -13.130016 
1591 -9.544383 
1634 -13.909872 
1677 -15.943214 
1720 -11.997535 
1763 -11.668133 
1806 -24.304668 
1849 -22.856607 
1892 -21.627822 
1935 -11.505114 
1978 -11.121536 
2021 -10.215009 
2064 -13.523092 
2107 -4.611947 
2150 -3.885641 
2193 2.087119 
2236 -14.071990 
2279 1.393846 
2322 -2.232130 
2365 -4.270488 
2408 -4.628108 
2451 -2.913414 
2494 -23.381717 
2537 0.083323 
2580 0.106668 
2623 0.144640 
2666 -2.188149 
2709 16.449555 
2752 10.627197 
2795 -1.732801 
2838 -2.277156 
2881 -3.122985 
2924 1.188057 
2967 10.057673 
3010 7.793318 
3053 5.749186 
3096 1.073268 
3139 -1.051939 
3182 21.180706 
3225 1.819228 
3268 3.188810 
3311 -2.138432 
3354 -11.011623 
3397 -4.518175 
3440 -1.664981 
3483 -0.895354 
3526 -1.898088 
3569 12.396502 
3612 29.747826 
3655 33.203391 
3698 -4.724101 
3741 -10.297088 
3784 -10.746554 
3827 -4.316299 
3870 4.425547 
3913 -0.094894 
3956 0.645468 
3999 -1.764924 
4042 -0.788780 
4085 14.404573 
4128 9.896618 
4171 4.242114 
4214 -5.017718 
4257 8.047783 
4300 11.866622 
4343 4.600760 
4386 -1.529135 
4429 -1.056398 
4472 -0.664247 
4515 0.872212 
4558 5.626098 
4601 3.708038 
4644 0.141772 
4687 5.446005 
4730 11.476222 
4773 6.957973 
4816 -9.622248 
4859 9.338096 
4902 1.838899 
4945 9.553511 
4988 4.891970 
5031 0.465530 
5074 -1.127950 
5117 16.697829 
5160 12.598803 
5203 6.082156 
5246 -14.104872 
5289 -7.578202 
5332 -7.623603 
5375 -12.775618 
5418 -12.923514 
5461 -14.965957 
5504 -19.569675 
5547 -9.397689 
5590 2.393643 
5633 -12.115791 
5676 -15.978782 
5719 -20.345166 
5762 -9.565938 
5805 -6.979604 
5848 -3.528348 
5891 -8.135246 
5934 -1.416016 
5977 2.307993 
6020 6.353440 
6063 14.056948 
6106 -0.723938 
6149 -2.086989 
6192 -4.909200 
6235 -7.090293 
6278 -19.958206 
6321 -7.706494 
6364 -4.301896 
6407 5.475870 
6450 15.037249 
6493 17.346956 
6536 43.306287 
6579 9.868835 
6622 -3.178083 
6665 11.830788 
6708 11.649792 
6751 4.240604 
6794 -0.432472 
6837 3.944502 
6880 3.233508 
6923 8.067395 
6966 0.265475 
7009 -17.291236 
7052 -11.651669 
7095 -6.667065 
7138 5.119811 
7181 0.033220 
7224 -0.667338 
7267 -4.127944 
7310 10.113423 
7353 9.768713 
7396 5.913694 
7439 -11.029988 
7482 -14.602496 
7525 -8.959332 
7568 34.696332 
7611 1.288750 
7654 -5.667197 
7697 -7.808581 
7740 -1.077969 
7783 -3.465561 
7826 6.392627 
7869 4.741351 
7912 -4.329668 
7955 4.905965 
7998 5.143124 
8041 6.544736 
8084 -4.330343 
8127 -7.338300 
8170 -3.093787 
8213 -15.953224 
8256 -5.053062 
8299 -1.958291 
8342 -2.764051 
8385 -6.409111 
8428 7.087185 
8471 -0.942344 
8514 -15.491633 
8557 -6.810195 
8600 1.790918 
8643 6.981975 
8686 7.404196 
8729 -25.249260 
8772 -3.217021 
8815 -5.061356 
8858 2.096040 
8901 -14.850677 
8944 -10.834407 
8987 -6.296055 
9030 1.119396 
9073 18.824845 
9116 9.285935 
9159 0.116089 
9202 -4.799938 
9245 -0.070949 
9288 10.861206 
9331 11.624082 
9374 4.835222 
9417 0.806953 
9460 -4.769129 
9503 6.508372 
9546 8.298459 
9589 -7.694721 
9632 -7.940302 
9675 -2.859140 
9718 17.486065 
9761 10.391371 
9804 4.476643 
9847 -4.395042 
9890 3.361704 
9933 5.456536 
9976 8.160682 
10019 17.364042 
10062 -10.595790 
10105 -2.253577 
10148 11.320564 
10191 13.270240 
10234 11.964756 
10277 0.097880 
10320 -27.167956 
10363 -5.335651 
10406 10.984281 
10449 -2.685633 
10492 -14.674003 
10535 -9.180583 
10578 5.518490 
10621 22.507436 
10664 8.607837 
10707 -2.007003 
10750 -4.130414 
10793 -4.343626 
10836 8.072233 
10879 12.235983 
10922 3.043534 
10965 -4.313340 
11008 -7.195892 
11051 -5.442475 
11094 1.095039 
11137 -2.905414 
11180 -5.365185 
11223 6.225807 
11266 11.002060 
11309 3.499082 
11352 -2.122751 
11395 -2.102626 
11438 -5.311415 
11481 -0.099754 
11524 6.915870 
11567 -9.521977 
11610 -1.403782 
11653 1.017183 
11696 3.642265 
11739 12.138016 
11782 24.393812 
11825 1.672109 
11868 -5.586272 
11911 -8.529209 
11954 7.051624 
11997 -16.004369 
12040 -10.753943 
12083 -7.424502 
12126 3.079264 
12169 -1.573690 
12212 0.433087 
12255 5.858431 
12298 7.754796 
12341 6.701874 
12384 5.741516 
12427 6.043527 
12470 5.211540 
12513 -0.866765 
12556 2.442114 
12599 2.362488 
12642 6.974023 
12685 4.475945 
12728 4.857767 
12771 -3.539880 
12814 -6.723562 
12857 -9.661154 
12900 -5.358643 
12943 7.023359 
12986 6.436323 
13029 9.568172 
13072 17.547927 
13115 4.649851 
13158 -4.083429 
13201 4.893702 
13244 8.768027 
13287 -4.618109 
13330 6.810593 
13373 7.527298 
13416 21.092437 
13459 11.563401 
13502 4.125662 
13545 21.136690 
13588 10.983329 
13631 20.540069 
13674 -19.309515 
13717 2.649283 
13760 5.834530 
13803 13.488666 
13846 14.027535 
13889 13.890942 
13932 17.067306 
13975 2.673578 
14018 -2.028542 
14061 7.900761 
14104 0.605374 
14147 0.679318 
14190 7.816189 
14233 6.708039 
14276 1.426386 
14319 16.690232 
14362 11.047706 
14405 8.750027 
14448 1.129494 
14491 -4.191377 
14534 3.588526 
14577 8.623446 
14620 5.367387 
14663 -2.144590 
14706 4.218419 
14749 5.412042 
14792 2.883420 
14835 7.644810 
14878 7.145292 
14921 10.219880 
14964 -1.615185 
