7998 -56.166201 
8041 -64.630782 
8084 -57.063020 
8127 -63.799293 
8170 -57.958640 
8213 -63.089810 
8256 -66.294970 
8299 -92.796343 
8342 -66.750713 
8385 -69.755585 
8428 -70.697716 
8471 -84.162231 
8514 -72.898288 
8557 -76.960668 
8600 -76.831450 
8643 -73.008499 
8686 -63.236033 
8729 -67.244180 
8772 -66.532594 
8815 -75.169114 
8858 -71.220794 
8901 -80.435578 
8944 -68.166152 
8987 -72.593675 
9030 -62.675290 
9073 -68.325435 
9116 -57.979265 
9159 -65.489148 
9202 -68.728456 
9245 -75.166155 
9288 -77.427448 
9331 -70.361145 
9374 -62.672089 
9417 -71.416272 
9460 -73.937846 
9503 -69.902801 
9546 -65.417223 
9589 -72.255982 
9632 -76.910856 
9675 -71.943403 
9718 -64.455411 
9761 -73.862956 
9804 -64.040588 
9847 -90.657913 
9890 -65.348935 
9933 -63.685239 
9976 -59.990169 
10019 -66.823996 
10062 -67.787076 
10105 -75.644147 
10148 -62.252694 
10191 -65.424184 
10234 -65.492629 
10277 -65.194125 
10320 -62.406682 
10363 -64.664294 
10406 -64.394967 
10449 -64.029988 
10492 -61.171154 
10535 -72.546364 
10578 -69.356078 
10621 -71.367669 
10664 -69.415577 
10707 -75.339507 
10750 -81.715304 
10793 -75.523645 
10836 -66.364646 
10879 -74.221041 
10922 -88.562378 
10965 -83.406133 
11008 -77.733192 
11051 -75.609891 
11094 -69.822352 
11137 -82.238387 
11180 -65.691346 
11223 -68.037201 
11266 -66.267594 
11309 -70.787991 
11352 -71.938720 
11395 -69.870517 
11438 -66.208636 
11481 -69.075005 
11524 -68.151060 
11567 -65.651231 
11610 -60.345097 
11653 -69.339035 
11696 -72.768230 
11739 -72.544949 
11782 -69.766654 
11825 -69.049867 
11868 -61.442030 
11911 -67.946767 
11954 -74.892602 
11997 -70.162875 
12040 -65.344387 
12083 -80.633990 
12126 -67.440046 
12169 -76.447134 
12212 -82.768966 
12255 -72.447720 
12298 -64.453315 
12341 -72.802474 
12384 -73.373987 
12427 -72.628690 
12470 -64.757051 
12513 -73.327027 
12556 -70.247780 
12599 -75.119679 
12642 -66.581730 
12685 -70.169598 
12728 -70.484991 
12771 -69.632794 
12814 -63.655848 
12857 -78.890951 
12900 -66.448443 
12943 -72.497013 
12986 -74.477967 
13029 -78.664500 
13072 -73.966226 
13115 -79.307569 
13158 -79.832543 
13201 -78.347759 
13244 -69.387225 
13287 -77.842914 
13330 -71.693735 
13373 -73.938755 
13416 -68.533079 
13459 -90.129069 
13502 -67.886279 
13545 -72.649143 
13588 -67.011596 
13631 -74.196144 
13674 -80.695056 
13717 -80.121552 
13760 -69.671371 
13803 -74.312978 
13846 -76.810752 
13889 -78.790496 
13932 -74.687860 
13975 -84.630238 
14018 -70.093087 
14061 -75.753128 
14104 -72.789625 
14147 -76.538037 
14190 -76.877162 
14233 -83.081359 
14276 -71.161704 
14319 -78.101840 
14362 -69.161787 
14405 -69.501248 
14448 -66.453153 
14491 -76.729680 
14534 -72.420056 
14577 -73.698809 
14620 -71.500294 
14663 -77.085721 
14706 -80.530290 
14749 -86.639668 
14792 -84.820476 
14835 -82.412968 
14878 -74.997530 
14921 -72.627991 
14964 -68.437310 
