7998 -59.599134 
8041 -64.256919 
8084 -64.692352 
8127 -68.252499 
8170 -62.248094 
8213 -66.293853 
8256 -68.356638 
8299 -69.151954 
8342 -61.908816 
8385 -72.938165 
8428 -65.827616 
8471 -71.862641 
8514 -61.006347 
8557 -71.825717 
8600 -65.813770 
8643 -72.480367 
8686 -62.255773 
8729 -66.039746 
8772 -67.245569 
8815 -72.124332 
8858 -76.590352 
8901 -86.476498 
8944 -83.782092 
8987 -70.236563 
9030 -63.426896 
9073 -64.405255 
9116 -55.698661 
9159 -62.993334 
9202 -66.621154 
9245 -67.705378 
9288 -62.630863 
9331 -69.768784 
9374 -59.025700 
9417 -62.457819 
9460 -62.650958 
9503 -72.085345 
9546 -67.546301 
9589 -77.532425 
9632 -75.570761 
9675 -77.865762 
9718 -66.481868 
9761 -76.510510 
9804 -62.009973 
9847 -74.334962 
9890 -69.314580 
9933 -66.950579 
9976 -61.892681 
10019 -70.522492 
10062 -72.877062 
10105 -77.182072 
10148 -71.939642 
10191 -75.212634 
10234 -73.549770 
10277 -75.915177 
10320 -73.688485 
10363 -74.586949 
10406 -70.627765 
10449 -78.637607 
10492 -81.035173 
10535 -90.699766 
10578 -76.168969 
10621 -80.942735 
10664 -77.849708 
10707 -71.274736 
10750 -65.753620 
10793 -71.939571 
10836 -68.127697 
10879 -74.096564 
10922 -76.968913 
10965 -74.754954 
11008 -69.854445 
11051 -79.191805 
11094 -77.332336 
11137 -79.274457 
11180 -75.580389 
11223 -68.817977 
11266 -61.967728 
11309 -69.907733 
11352 -69.175808 
11395 -85.024132 
11438 -67.340347 
11481 -67.721637 
11524 -64.108854 
11567 -66.395414 
11610 -65.962970 
11653 -76.847929 
11696 -66.492032 
11739 -70.771563 
11782 -71.796268 
11825 -68.970539 
11868 -64.677781 
11911 -70.467149 
11954 -78.850466 
