0 60.243207 
43 38.253688 
86 29.307266 
129 37.794252 
172 39.517297 
215 20.475718 
258 2.450258 
301 7.960396 
344 -1.248070 
387 2.214413 
430 -4.650831 
473 -0.063626 
516 -2.443830 
559 8.167237 
602 -7.820365 
645 -8.668889 
688 -12.977905 
731 -6.421425 
774 -11.885839 
817 -26.791050 
860 -28.473992 
903 -29.186050 
946 -26.601654 
989 -24.893062 
1032 -15.084533 
1075 -16.351903 
1118 -18.680961 
1161 -16.763976 
1204 -16.279435 
1247 -17.502662 
1290 -23.526440 
1333 -12.839310 
1376 -20.823223 
1419 -17.963901 
1462 -18.685307 
1505 -21.033511 
1548 -11.879225 
1591 -13.577594 
1634 -17.767267 
1677 -14.472395 
1720 -12.004970 
1763 -9.722557 
1806 -14.143008 
1849 -23.991627 
1892 -21.347331 
1935 -19.597055 
1978 -21.479095 
2021 -22.116435 
2064 -14.383037 
2107 -9.340369 
2150 -9.720995 
2193 -8.369730 
2236 -6.445699 
2279 -4.961385 
2322 2.069790 
2365 -7.985249 
2408 -5.031346 
2451 -1.285438 
2494 -22.939906 
2537 -14.689010 
2580 -12.163435 
2623 -4.871522 
2666 -2.667787 
2709 -6.959007 
2752 1.178587 
2795 -1.186183 
2838 -8.012627 
2881 -6.695028 
2924 -2.568066 
2967 -0.024121 
3010 -0.155694 
3053 -1.577570 
3096 -1.540151 
3139 -0.787332 
3182 11.605284 
3225 11.991312 
3268 14.065164 
3311 8.024787 
3354 7.013700 
3397 7.319165 
3440 10.488673 
3483 1.102769 
3526 -1.452992 
3569 8.948525 
3612 6.255822 
3655 6.804537 
3698 7.712911 
3741 7.229964 
3784 -0.361187 
3827 0.003574 
3870 7.651926 
3913 12.386650 
3956 6.372742 
3999 -5.008415 
4042 -4.416560 
4085 -6.844364 
4128 -16.098789 
4171 -6.477867 
4214 8.680136 
4257 0.881442 
4300 2.448960 
4343 1.502371 
4386 0.733718 
4429 10.640828 
4472 4.923863 
4515 -5.019204 
4558 -4.966559 
4601 -4.612083 
4644 -2.850811 
4687 -3.527292 
4730 -7.735965 
4773 -3.410243 
4816 -6.363375 
4859 -4.551144 
4902 -1.822859 
4945 -2.063078 
4988 -6.026600 
5031 -4.892023 
5074 -12.361202 
5117 -11.859614 
5160 -10.237828 
5203 -11.619375 
5246 -10.937423 
5289 -11.011953 
5332 -10.250809 
5375 -4.734627 
5418 -7.143229 
5461 -11.266251 
5504 -15.855880 
5547 -17.471824 
5590 -26.715419 
5633 -18.532666 
5676 -9.254467 
5719 -12.351136 
5762 -13.426134 
5805 -6.011295 
5848 -5.871668 
5891 -9.406326 
5934 -17.815509 
5977 -25.312617 
6020 -12.270385 
6063 -10.727915 
6106 -11.857788 
6149 -6.163782 
6192 -25.157709 
6235 5.736379 
6278 -8.058115 
6321 -7.424258 
6364 -1.289807 
6407 -13.098083 
6450 -10.224092 
6493 -8.415552 
6536 -23.623826 
6579 -11.978888 
6622 -7.056126 
6665 -6.718198 
6708 -3.981973 
6751 1.200159 
6794 -6.963710 
6837 0.244982 
6880 1.431717 
6923 -3.163001 
6966 -8.112601 
7009 -7.956259 
7052 -0.270829 
7095 -11.065038 
7138 -38.382549 
7181 -0.422512 
7224 5.694973 
7267 -2.841462 
7310 -5.336591 
7353 -10.835758 
7396 -10.200550 
7439 -7.362149 
7482 -9.111805 
7525 -6.569293 
7568 -10.152998 
7611 -8.416743 
7654 -7.667941 
7697 -9.146646 
7740 -17.041083 
7783 -6.040597 
7826 -6.948757 
7869 -7.593212 
7912 -6.367914 
7955 -6.776528 
7998 -8.078991 
8041 5.284903 
8084 2.185778 
8127 2.288257 
8170 0.537979 
8213 -6.387394 
8256 -16.167916 
8299 -16.385423 
8342 -11.007330 
8385 1.090886 
8428 9.427233 
8471 -1.164471 
8514 -8.875055 
8557 -6.114512 
8600 -9.752239 
8643 -1.427394 
8686 -2.436947 
8729 0.585042 
8772 -7.754396 
8815 -5.154000 
8858 -4.113520 
8901 -2.498412 
8944 -9.589845 
8987 -0.230032 
9030 -2.889262 
9073 1.985752 
9116 1.230213 
9159 -0.378449 
9202 -6.747171 
9245 -0.959874 
9288 7.291391 
9331 0.914946 
9374 0.799060 
9417 -2.650415 
9460 -15.234980 
9503 0.910663 
9546 -4.019138 
9589 -1.149668 
9632 11.414388 
9675 -2.385960 
9718 -6.961972 
9761 3.597032 
9804 0.842412 
9847 0.824252 
9890 13.229613 
9933 0.397673 
9976 -2.984817 
10019 8.297115 
10062 3.761220 
10105 4.939488 
10148 10.234353 
10191 7.205375 
10234 5.545638 
10277 1.327965 
10320 3.884681 
10363 8.551369 
10406 -2.661669 
10449 -5.878671 
10492 3.195889 
10535 3.144296 
10578 3.109587 
10621 -6.327625 
10664 -14.505870 
10707 -9.295110 
10750 -7.135122 
10793 -6.776328 
10836 -6.879726 
10879 -2.689334 
10922 -17.230405 
10965 -5.019550 
11008 -2.887586 
11051 1.155067 
11094 -4.904401 
11137 -15.376610 
11180 -9.447617 
11223 -2.158818 
11266 3.463172 
11309 10.254975 
11352 21.905907 
11395 9.811705 
11438 -3.414279 
11481 8.055706 
11524 3.728946 
11567 2.533922 
11610 3.054493 
11653 -8.428606 
11696 -1.132872 
11739 1.397706 
11782 -3.667152 
11825 4.728011 
11868 5.246505 
11911 2.833748 
11954 -3.782600 
11997 0.578278 
12040 14.381282 
12083 3.752173 
12126 -3.993693 
12169 -0.521787 
12212 -6.924430 
12255 -8.021402 
12298 -2.956436 
12341 -8.162600 
12384 -29.072172 
12427 -2.201577 
12470 -3.043636 
12513 -4.247886 
12556 0.457406 
12599 -5.387862 
12642 -8.860337 
12685 -18.086074 
12728 -15.019007 
12771 -16.370656 
12814 -13.424468 
12857 -11.424413 
12900 -15.779642 
12943 -3.675472 
12986 2.548826 
13029 -6.637677 
13072 -9.412968 
13115 -16.574001 
13158 -13.493479 
13201 -15.805493 
13244 -8.926531 
13287 7.451689 
13330 2.192700 
13373 -6.872993 
13416 -16.141936 
13459 -10.989448 
13502 -8.184940 
13545 -9.528398 
13588 -3.267110 
13631 -12.271218 
13674 -10.782706 
13717 -6.977121 
13760 1.636714 
13803 -10.598344 
13846 -23.140370 
13889 -17.730133 
13932 -18.000313 
13975 0.196764 
14018 13.837882 
14061 -12.793680 
14104 -22.438584 
14147 -21.306719 
14190 -5.285858 
14233 -2.200638 
14276 -3.316715 
14319 -14.388984 
14362 -18.054515 
14405 -12.589259 
14448 -2.956657 
14491 1.462868 
14534 -12.856753 
14577 -26.113798 
14620 -19.158556 
14663 -10.290961 
14706 -3.516733 
14749 -4.975086 
14792 -10.981404 
14835 -5.623947 
14878 0.848899 
14921 -2.669021 
14964 -3.626234 
