7998 -51.537281 
8041 -48.322915 
8084 -43.525402 
8127 -50.235295 
8170 -44.838882 
8213 -42.586853 
8256 -36.796548 
8299 -53.908881 
8342 -39.239296 
8385 -41.440123 
8428 -32.522751 
8471 -29.485756 
8514 -24.092263 
8557 -29.496243 
8600 -34.457542 
8643 -45.729715 
8686 -37.217636 
8729 -35.204975 
8772 -30.312002 
8815 -35.115909 
8858 -33.518655 
8901 -50.132913 
8944 -37.125452 
8987 -34.600327 
9030 -30.414946 
9073 -48.407134 
9116 -28.313290 
9159 -34.560727 
9202 -32.488843 
9245 -32.720298 
9288 -27.125651 
9331 -28.009030 
9374 -23.037592 
9417 -26.764716 
9460 -26.348731 
9503 -29.021183 
9546 -29.138609 
9589 -34.988259 
9632 -41.063490 
9675 -51.580131 
9718 -37.569858 
9761 -47.478903 
9804 -48.914123 
9847 -48.303595 
9890 -38.580925 
9933 -49.082436 
9976 -48.547224 
10019 -57.898625 
10062 -61.751818 
10105 -55.562448 
10148 -47.177871 
10191 -41.531405 
10234 -35.107194 
10277 -40.806051 
10320 -30.395339 
10363 -36.765429 
10406 -43.553973 
10449 -54.017210 
10492 -41.477217 
10535 -49.441365 
10578 -43.021837 
10621 -57.916207 
10664 -46.611028 
10707 -45.432906 
10750 -41.966509 
10793 -56.329746 
10836 -38.899320 
10879 -47.162094 
10922 -55.822178 
10965 -57.014250 
11008 -55.386535 
11051 -48.001319 
11094 -40.017294 
11137 -48.807529 
11180 -43.193005 
11223 -53.118639 
11266 -55.423543 
11309 -50.474305 
11352 -45.271889 
11395 -52.286202 
11438 -58.604699 
11481 -66.132371 
11524 -53.246240 
11567 -64.339852 
11610 -59.594509 
11653 -43.214776 
11696 -35.410715 
11739 -44.974943 
11782 -48.412851 
11825 -50.151454 
11868 -39.351914 
11911 -56.064369 
11954 -41.172667 
11997 -38.846811 
12040 -33.790949 
12083 -41.225052 
12126 -43.207141 
12169 -55.498818 
12212 -48.479858 
12255 -49.855839 
12298 -46.741491 
12341 -55.545967 
12384 -54.037485 
12427 -59.650646 
12470 -48.030711 
12513 -52.083798 
12556 -44.472888 
12599 -59.980172 
12642 -48.207314 
12685 -46.491787 
12728 -41.442946 
12771 -43.781913 
12814 -36.623834 
12857 -40.952467 
12900 -37.445568 
12943 -43.613309 
12986 -46.966120 
13029 -48.791359 
13072 -44.012501 
13115 -48.136324 
13158 -50.984085 
13201 -52.593899 
13244 -51.624186 
13287 -56.775176 
13330 -60.004276 
13373 -55.092755 
13416 -49.737435 
13459 -58.095529 
13502 -48.723733 
13545 -55.625026 
13588 -70.179890 
13631 -54.662982 
13674 -46.705905 
13717 -57.337059 
13760 -55.892142 
13803 -63.236707 
13846 -72.423279 
13889 -71.969027 
13932 -63.947845 
13975 -73.429065 
14018 -63.351336 
14061 -69.886179 
14104 -66.599147 
14147 -79.035948 
14190 -68.232375 
14233 -63.584863 
14276 -56.857160 
14319 -63.718326 
14362 -60.143700 
14405 -57.482015 
14448 -48.921279 
14491 -53.583907 
14534 -43.030130 
14577 -51.472096 
14620 -48.798916 
14663 -53.295579 
14706 -56.104580 
14749 -58.583953 
14792 -57.946634 
14835 -59.861544 
14878 -58.015460 
14921 -75.676957 
14964 -57.570732 
