0 8.324016 
43 10.720102 
86 17.945425 
129 19.867030 
172 19.674213 
215 13.068989 
258 -0.809588 
301 -22.299279 
344 -20.276962 
387 -24.979625 
430 -19.841853 
473 -18.053415 
516 -10.150482 
559 -15.503052 
602 -18.583320 
645 -17.206433 
688 -18.279749 
731 -17.558492 
774 -15.876066 
817 -14.047967 
860 -17.895534 
903 -23.977597 
946 -18.557552 
989 -16.843074 
1032 -13.817418 
1075 -13.697995 
1118 -13.938590 
1161 -11.910197 
1204 -15.958955 
1247 -21.914990 
1290 -15.729566 
1333 -15.684603 
1376 -18.480621 
1419 -22.916784 
1462 -13.269949 
1505 -7.738096 
1548 -14.439890 
1591 -11.160282 
1634 -11.207579 
1677 3.904261 
1720 -12.473784 
1763 -14.203031 
1806 -14.580570 
1849 -3.697200 
1892 -16.245535 
1935 -14.173300 
1978 -15.103379 
2021 -14.242914 
2064 -11.082121 
2107 -22.644949 
2150 -13.442904 
2193 -13.726191 
2236 -11.933359 
2279 -7.042610 
2322 -9.578048 
2365 -9.744587 
2408 -2.219629 
2451 -9.613813 
2494 -7.424002 
2537 -6.601298 
2580 -8.624690 
2623 4.148185 
2666 -3.031796 
2709 -2.231470 
2752 -3.354540 
2795 -3.691241 
2838 -5.723294 
2881 -8.241064 
2924 -1.179945 
2967 -3.376683 
3010 2.350804 
3053 1.293189 
3096 1.009683 
3139 0.328846 
3182 1.104499 
3225 2.098422 
3268 -3.144466 
3311 1.508430 
3354 4.529604 
3397 4.029385 
3440 0.345999 
3483 -5.277137 
3526 -7.971722 
3569 -4.281616 
3612 -0.672798 
3655 -1.156471 
3698 -4.643420 
3741 -1.536756 
3784 1.188308 
3827 -2.700585 
3870 4.480528 
3913 3.710164 
3956 1.016694 
3999 2.130930 
4042 1.291065 
4085 -3.704680 
4128 -4.484981 
4171 -2.495796 
4214 6.168051 
4257 7.231691 
4300 1.593748 
4343 -2.723050 
4386 -5.382464 
4429 -3.898867 
4472 1.775393 
4515 -1.716141 
4558 1.071461 
4601 6.642992 
4644 3.253801 
4687 2.943273 
4730 2.586830 
4773 0.856964 
4816 -6.928347 
4859 -8.234292 
4902 -6.736761 
4945 8.488451 
4988 -2.806909 
5031 -5.162433 
5074 -10.722036 
5117 -0.600005 
5160 0.744537 
5203 0.484930 
5246 -18.624254 
5289 3.831384 
5332 -1.565792 
5375 -7.235207 
5418 -5.960144 
5461 -7.354355 
5504 -10.064814 
5547 -4.444530 
5590 -1.153178 
5633 -3.548807 
5676 -6.337208 
5719 -5.579541 
5762 -0.279433 
5805 -6.393978 
5848 -5.782898 
5891 -4.765828 
5934 -3.432761 
5977 17.702964 
6020 5.134605 
6063 -5.837610 
6106 -5.044585 
6149 -5.400758 
6192 -6.044856 
6235 -4.963777 
6278 -5.617024 
6321 -13.736788 
6364 -4.535972 
6407 -6.029053 
6450 -8.950110 
6493 2.872822 
6536 -10.342572 
6579 -9.506738 
6622 -10.704298 
6665 -19.769014 
6708 -8.769079 
6751 -6.001683 
6794 -11.879649 
6837 -12.412947 
6880 -14.264592 
6923 -12.790362 
6966 -12.320733 
7009 -14.626177 
7052 -15.392227 
7095 -13.675313 
7138 -13.960109 
7181 -13.913560 
7224 -12.763608 
7267 -16.165065 
7310 -18.229179 
7353 -15.744368 
7396 -19.572889 
7439 -15.788839 
7482 -16.487993 
7525 -21.341683 
7568 -10.452230 
7611 -14.417047 
7654 -16.635160 
7697 -16.022752 
7740 -15.815917 
7783 -20.447821 
7826 -27.989313 
7869 -21.485687 
7912 -17.633437 
7955 -21.856031 
7998 -14.764072 
8041 -3.949517 
8084 -17.153778 
8127 -21.203923 
8170 -22.314870 
8213 -21.084148 
8256 -13.804524 
8299 -21.129869 
8342 -28.737628 
8385 -24.940357 
8428 -27.334364 
8471 -39.384775 
8514 -31.875977 
8557 -28.822547 
8600 -20.670771 
8643 -23.225696 
8686 -13.174655 
8729 -8.723353 
8772 -13.831285 
8815 -23.392890 
8858 -27.725790 
8901 -29.222715 
8944 -26.269165 
8987 -34.023914 
9030 -47.641452 
9073 -30.511033 
9116 -23.198910 
9159 -32.513163 
9202 -26.345280 
9245 -31.558059 
9288 -40.360450 
9331 -46.038298 
9374 -30.414373 
9417 -32.333748 
9460 -31.212371 
9503 -28.966836 
9546 -27.475736 
9589 -24.860195 
9632 -30.806248 
9675 -36.057929 
9718 -33.861153 
9761 -40.956621 
9804 -33.345255 
9847 -26.578562 
9890 -32.221758 
9933 -42.766154 
9976 -36.397200 
10019 -40.233462 
10062 -34.841556 
10105 -20.358165 
10148 -22.596920 
10191 -18.923089 
10234 -4.345533 
10277 -15.954688 
10320 -12.627703 
10363 -5.431337 
10406 -11.396247 
10449 -43.119858 
10492 -12.159178 
10535 -15.438494 
10578 -18.615013 
10621 -20.813946 
10664 -18.215146 
10707 -13.909677 
10750 -17.280344 
10793 -13.962954 
10836 -11.530289 
10879 -20.057243 
10922 -32.195527 
10965 -30.312875 
11008 -28.389609 
11051 -29.645295 
11094 -15.355571 
11137 -15.668686 
11180 -6.610662 
11223 -13.439223 
11266 -32.081005 
11309 -22.193095 
11352 -13.658102 
11395 -18.550293 
11438 -9.863350 
11481 -18.208961 
11524 -15.837841 
11567 -10.321145 
11610 -8.688816 
11653 -4.334594 
11696 -10.152873 
11739 -5.505435 
11782 -9.535732 
11825 -12.280242 
11868 -15.620556 
11911 -14.113108 
11954 -12.071278 
11997 -18.606004 
12040 -19.778409 
12083 -16.896324 
12126 -13.855988 
12169 -18.823848 
12212 -20.863430 
12255 -18.275763 
12298 15.370640 
12341 -4.553811 
12384 -11.455411 
12427 -20.383505 
12470 -13.336927 
12513 -15.875325 
12556 -19.736676 
12599 -17.385240 
12642 -23.445305 
12685 -15.510089 
12728 -8.941726 
12771 -16.286883 
12814 -27.544916 
12857 -24.730457 
12900 -23.613351 
12943 -20.908494 
12986 -17.039390 
13029 -15.187463 
13072 -17.162999 
13115 3.051037 
13158 13.964328 
13201 6.861603 
13244 8.568859 
13287 8.749504 
13330 6.330280 
13373 -0.238268 
13416 -4.069579 
13459 -8.487629 
13502 -16.023629 
13545 -14.220196 
13588 -9.381759 
13631 -21.877933 
13674 -18.593371 
13717 -13.864008 
13760 -19.426206 
13803 -21.785645 
13846 -24.658708 
13889 -18.173796 
13932 -3.991535 
13975 -26.055586 
14018 -32.899399 
14061 -24.057585 
14104 -6.865152 
14147 3.519266 
14190 2.010029 
14233 -11.099648 
14276 -15.946260 
14319 -16.578899 
14362 -14.416314 
14405 -27.918798 
14448 -30.631393 
14491 -29.305730 
14534 -32.456882 
14577 -28.018816 
14620 -21.522252 
14663 -21.440581 
14706 -22.828005 
14749 -26.061744 
14792 -21.572309 
14835 -26.776631 
14878 -22.474810 
14921 -31.982512 
14964 -37.178526 
