7998 -46.367347 
8041 -48.177674 
8084 -44.258862 
8127 -48.291638 
8170 -49.735372 
8213 -51.654252 
8256 -50.811785 
8299 -66.373729 
8342 -51.580151 
8385 -56.768225 
8428 -53.012920 
8471 -56.597867 
8514 -54.273663 
8557 -61.269739 
8600 -55.953589 
8643 -54.135200 
8686 -47.603778 
8729 -56.861713 
8772 -48.848641 
8815 -47.493950 
8858 -42.870518 
8901 -38.052334 
8944 -30.313410 
8987 -38.014235 
9030 -43.940380 
9073 -40.683633 
9116 -35.975097 
9159 -46.838977 
9202 -45.521622 
9245 -53.927783 
9288 -42.718469 
9331 -49.098885 
9374 -36.531511 
9417 -41.443062 
9460 -42.216052 
9503 -46.770874 
9546 -49.511178 
9589 -50.752803 
9632 -47.696152 
9675 -58.217307 
9718 -44.643208 
9761 -52.107619 
9804 -43.163920 
9847 -40.605154 
9890 -34.299414 
9933 -43.354017 
9976 -48.981097 
10019 -46.445074 
10062 -40.489287 
10105 -37.626538 
10148 -30.625236 
10191 -37.863722 
10234 -47.708379 
10277 -39.493408 
10320 -30.958619 
10363 -38.747553 
10406 -48.137367 
10449 -50.980626 
10492 -48.258677 
10535 -59.191082 
10578 -44.991856 
10621 -46.245270 
10664 -42.940251 
10707 -54.350021 
10750 -40.769885 
10793 -45.260197 
10836 -45.855459 
10879 -46.521380 
10922 -38.628214 
10965 -42.455151 
11008 -42.327399 
11051 -43.434817 
11094 -41.597325 
11137 -44.444961 
11180 -44.240254 
11223 -51.215080 
11266 -41.928419 
11309 -44.962964 
11352 -43.702796 
11395 -49.688447 
11438 -54.545942 
11481 -61.807689 
11524 -50.900421 
11567 -49.939934 
11610 -44.567945 
11653 -50.796031 
11696 -51.376582 
11739 -55.832301 
11782 -58.531340 
11825 -58.914648 
11868 -48.873009 
11911 -52.545429 
11954 -50.016674 
