0 -20.758115 
43 -9.370378 
86 -5.378477 
129 -5.289223 
172 3.547978 
215 -1.507504 
258 -7.626524 
301 -8.966478 
344 -21.708664 
387 -19.283789 
430 -12.768797 
473 -30.490462 
516 -19.502187 
559 -29.529449 
602 -22.527338 
645 -18.519687 
688 -25.503818 
731 -33.882995 
774 -16.597194 
817 -11.084651 
860 -18.940607 
903 -14.779092 
946 -13.506539 
989 -11.464837 
1032 -15.828214 
1075 -20.705525 
1118 -27.853741 
1161 -20.331451 
1204 -18.411762 
1247 -24.148077 
1290 -20.932488 
1333 -14.751530 
1376 -9.548149 
1419 -1.133101 
1462 -21.099975 
1505 -21.603733 
1548 -15.228258 
1591 -8.415265 
1634 -11.407285 
1677 -17.024698 
1720 -18.084959 
1763 -17.348639 
1806 -17.305511 
1849 -28.412581 
1892 -15.561113 
1935 -14.906932 
1978 -5.997791 
2021 -9.353508 
2064 -7.259816 
2107 -9.790865 
2150 -1.758629 
2193 -12.613395 
2236 -5.570606 
2279 -5.917943 
2322 -10.089148 
2365 6.165406 
2408 -4.385922 
2451 -4.043455 
2494 -8.172494 
2537 -5.051259 
2580 -5.044312 
2623 -8.560266 
2666 -3.609513 
2709 -0.053204 
2752 -0.075163 
2795 -14.565278 
2838 1.441844 
2881 3.695980 
2924 4.796840 
2967 2.243155 
3010 5.999209 
3053 2.719807 
3096 4.371718 
3139 12.065550 
3182 8.813381 
3225 4.395564 
3268 9.083012 
3311 8.087442 
3354 6.534115 
3397 7.782835 
3440 7.336584 
3483 9.561231 
3526 7.682425 
3569 4.068474 
3612 4.825616 
3655 -1.546891 
3698 6.624474 
3741 7.929695 
3784 6.083910 
3827 7.409882 
3870 6.692366 
3913 3.989163 
3956 4.291789 
3999 5.160445 
4042 3.743783 
4085 3.647039 
4128 3.627933 
4171 3.204518 
4214 1.974727 
4257 -1.903648 
4300 2.671093 
4343 -0.910953 
4386 2.251360 
4429 6.741853 
4472 0.410548 
4515 1.050812 
4558 2.658329 
4601 -1.444628 
4644 -0.853092 
4687 -10.070913 
4730 0.826377 
4773 1.201889 
4816 1.123457 
4859 2.081501 
4902 -0.545935 
4945 -3.163866 
4988 -1.887629 
5031 3.232580 
5074 0.138382 
5117 -4.594357 
5160 -1.525506 
5203 -1.205284 
5246 -5.445145 
5289 0.437217 
5332 -2.561020 
5375 -14.919595 
5418 -5.576769 
5461 -7.785176 
5504 -3.531951 
5547 -5.160764 
5590 -8.953135 
5633 -8.437539 
5676 -5.717048 
5719 -6.039958 
5762 -9.262537 
5805 -6.326163 
5848 -8.427324 
5891 -8.607659 
5934 -10.141764 
5977 -10.213125 
6020 -14.509374 
6063 -13.067555 
6106 -14.526427 
6149 -19.356226 
6192 -17.829250 
6235 -11.613519 
6278 -9.832320 
6321 -15.640161 
6364 -21.853224 
6407 -19.360066 
6450 -7.917810 
6493 -12.799229 
6536 -16.266828 
6579 -16.055654 
6622 -25.698393 
6665 -14.473240 
6708 -12.909794 
6751 -8.992414 
6794 -14.124038 
6837 -14.056140 
6880 -11.380378 
6923 -19.254813 
6966 -16.834468 
7009 -17.077219 
7052 -14.552284 
7095 -14.645087 
7138 -17.667551 
7181 -11.531682 
7224 -16.972571 
7267 -15.689281 
7310 -16.098100 
7353 -11.750999 
7396 -17.683264 
7439 -18.354679 
7482 -20.007957 
7525 -39.121610 
7568 -19.807019 
7611 -28.953543 
7654 -20.603140 
7697 -21.319717 
7740 -24.215543 
7783 -23.729877 
7826 -27.026838 
7869 -25.671178 
7912 -31.794411 
7955 -22.465457 
7998 -23.773511 
8041 -23.849257 
8084 -24.293128 
8127 -25.602876 
8170 -22.528100 
8213 -24.908276 
8256 -20.461718 
8299 -19.085076 
8342 -26.310879 
8385 -25.073666 
8428 -25.728543 
8471 -26.752103 
8514 -27.588983 
8557 -17.622795 
8600 -24.061755 
8643 -19.148663 
8686 -39.277279 
8729 -24.306031 
8772 -23.634331 
8815 -19.917961 
8858 -28.122074 
8901 -20.370740 
8944 -19.392850 
8987 -20.654465 
9030 -27.886901 
9073 -18.039600 
9116 -18.193259 
9159 -20.046065 
9202 -19.597499 
9245 -13.581796 
9288 -16.333835 
9331 -25.050266 
9374 -17.425959 
9417 -17.809058 
9460 -18.372467 
9503 -37.133442 
9546 -16.852481 
9589 -20.927644 
9632 -23.104973 
9675 -22.837602 
9718 -18.231971 
9761 -18.436385 
9804 -21.623289 
9847 -20.263174 
9890 -25.412026 
9933 -23.901286 
9976 -23.105258 
10019 -17.682888 
10062 -16.958391 
10105 -14.459454 
10148 -27.245387 
10191 -21.632977 
10234 -18.938006 
10277 -17.715941 
10320 -15.802834 
10363 -18.645932 
10406 -17.038783 
10449 -19.017010 
10492 -12.458333 
10535 -15.918402 
10578 -16.827021 
10621 -11.293862 
10664 -15.496008 
10707 -17.292213 
10750 -16.020134 
10793 -15.856660 
10836 -19.598325 
10879 -16.477219 
10922 -15.021043 
10965 -15.973685 
11008 -22.598701 
11051 -17.430622 
11094 -18.194255 
11137 -3.540575 
11180 -16.243849 
11223 -20.657128 
11266 -19.939719 
11309 -21.394614 
11352 -18.508635 
11395 -15.217471 
11438 -15.996708 
11481 -18.551994 
11524 -19.474729 
11567 -19.390661 
11610 -21.786039 
11653 -20.374704 
11696 -15.789354 
11739 -18.075755 
11782 -20.992085 
11825 -22.256532 
11868 -16.256129 
11911 -25.920915 
11954 -22.349830 
11997 -16.918231 
12040 -24.857499 
12083 -23.859287 
12126 -25.885471 
12169 -30.212401 
12212 -28.494424 
12255 -28.081092 
12298 -24.261884 
12341 -26.007905 
12384 -22.538824 
12427 -34.570172 
12470 -23.189173 
12513 -24.016605 
12556 -25.005742 
12599 -29.215304 
12642 -34.617157 
12685 -33.543862 
12728 -29.384223 
12771 -29.205461 
12814 -24.569389 
12857 -28.980065 
12900 -30.519354 
12943 -25.605762 
12986 -43.350695 
13029 -35.295131 
13072 -36.410602 
13115 -36.237305 
13158 -41.752307 
13201 -27.565881 
13244 -24.818297 
13287 -29.161567 
13330 -43.865233 
13373 -30.026818 
13416 -27.063674 
13459 -26.715490 
13502 -30.390531 
13545 -32.604926 
13588 -24.384853 
13631 -25.670315 
13674 -24.083403 
13717 -11.960083 
13760 -21.792240 
13803 -19.582308 
13846 -34.081652 
13889 -26.248853 
13932 -30.207757 
13975 -28.357063 
14018 -28.432109 
14061 -31.204434 
14104 -19.390860 
14147 -22.660987 
14190 -31.782924 
14233 -31.416252 
14276 -31.688889 
14319 -32.749415 
14362 -39.829030 
14405 -29.657974 
14448 -28.207247 
14491 -31.989695 
14534 -38.347695 
14577 -31.830949 
14620 -28.194060 
14663 -29.654981 
14706 -36.149262 
14749 -31.977036 
14792 -31.274223 
14835 -17.032305 
14878 -33.834091 
14921 -39.398630 
14964 -37.186284 
