0 -1.227830 
43 17.235293 
86 6.986126 
129 8.958303 
172 16.734103 
215 13.329963 
258 4.215192 
301 -11.163446 
344 -25.545770 
387 -7.750192 
430 -17.502226 
473 -17.430005 
516 -18.027832 
559 -18.357324 
602 -25.933040 
645 -25.886894 
688 -26.742898 
731 -25.004957 
774 -18.715272 
817 -28.450139 
860 -29.641052 
903 -26.677177 
946 -27.463370 
989 -16.453063 
1032 -15.152648 
1075 -16.693260 
1118 -16.183555 
1161 -17.628617 
1204 -20.421568 
1247 -18.710563 
1290 -21.900769 
1333 -32.239352 
1376 -22.185594 
1419 -27.908131 
1462 -16.386745 
1505 -10.960807 
1548 -13.720139 
1591 -23.343650 
1634 -16.089914 
1677 -16.746975 
1720 -12.256748 
1763 -16.902466 
1806 -16.962879 
1849 -5.186416 
1892 -16.889229 
1935 -13.047413 
1978 -20.392757 
2021 -15.010165 
2064 -14.784177 
2107 -10.367931 
2150 -10.613346 
2193 -7.834590 
2236 -9.176039 
2279 -10.801482 
2322 -5.440621 
2365 -9.519400 
2408 -12.557793 
2451 -14.605899 
2494 -19.169230 
2537 -7.299885 
2580 -6.286639 
2623 0.439573 
2666 -3.593295 
2709 -0.123411 
2752 -3.423678 
2795 -0.882574 
2838 -4.737156 
2881 -6.539026 
2924 -5.600711 
2967 -2.512981 
3010 -2.220693 
3053 1.782266 
3096 0.433645 
3139 5.233686 
3182 4.316002 
3225 3.481026 
3268 6.829910 
3311 6.953946 
3354 7.045089 
3397 4.902357 
3440 3.911949 
3483 1.337623 
3526 0.350730 
3569 2.478829 
3612 5.262115 
3655 6.938755 
3698 7.401093 
3741 6.672832 
3784 5.753169 
3827 9.128460 
3870 5.368176 
3913 5.389098 
3956 -0.000165 
3999 2.608729 
4042 -1.997476 
4085 -7.212244 
4128 -4.880018 
4171 -10.872925 
4214 -0.794940 
4257 -0.137116 
4300 3.489408 
4343 4.267484 
4386 3.962292 
4429 1.163243 
4472 0.218966 
4515 1.066240 
4558 -5.517916 
4601 -6.990016 
4644 -6.616334 
4687 -5.030564 
4730 -3.363684 
4773 -2.638261 
4816 -2.849416 
4859 -4.153679 
4902 -4.184308 
4945 -3.950884 
4988 -9.472411 
5031 -10.714443 
5074 -13.092243 
5117 -9.502525 
5160 -9.895437 
5203 -8.371799 
5246 -7.912096 
5289 -6.832767 
5332 -7.710186 
5375 -13.656066 
5418 -8.318006 
5461 -12.938500 
5504 -14.317757 
5547 1.412233 
5590 -23.500131 
5633 -17.005128 
5676 -15.116704 
5719 -9.821556 
5762 -17.636717 
5805 -13.328577 
5848 -11.233333 
5891 -6.213312 
5934 -6.660027 
5977 -11.921495 
6020 -11.554845 
6063 -11.237968 
6106 -21.825503 
6149 -6.689051 
6192 -11.369164 
6235 -8.403350 
6278 -5.922824 
6321 -9.831206 
6364 -1.920923 
6407 -2.109685 
6450 -2.900674 
6493 -1.727666 
6536 -14.854689 
6579 -7.060875 
6622 -7.418636 
6665 -16.471543 
6708 -3.940029 
6751 -6.909653 
6794 -5.603311 
6837 -7.399474 
6880 -4.469194 
6923 -2.965917 
6966 -3.638263 
7009 -8.333010 
7052 -6.859311 
7095 -6.019042 
7138 -4.726477 
7181 -4.916613 
7224 -2.596952 
7267 -5.545789 
7310 -3.946578 
7353 -4.576131 
7396 -8.429788 
7439 -6.897765 
7482 -5.623263 
7525 -6.494476 
7568 -1.635856 
7611 -1.354454 
7654 -2.013571 
7697 0.624194 
7740 -6.069878 
7783 -6.690379 
7826 -7.580750 
7869 -4.578399 
7912 -6.700751 
7955 -6.626372 
7998 -6.249349 
8041 -4.134564 
8084 -5.765592 
8127 -6.111504 
8170 -5.712491 
8213 -6.340275 
8256 -8.187696 
8299 -14.011420 
8342 -10.521606 
8385 -9.953433 
8428 -8.772407 
8471 -5.636462 
8514 -7.882717 
8557 -10.569818 
8600 -6.360369 
8643 -6.152577 
8686 -7.462040 
8729 -13.171696 
8772 -8.794533 
8815 -7.667885 
8858 -7.310740 
8901 9.488817 
8944 -5.414762 
8987 -4.581177 
9030 -5.796006 
9073 -7.275037 
9116 -4.884449 
9159 -2.206025 
9202 -3.081881 
9245 -4.134355 
9288 -3.121587 
9331 -3.205401 
9374 -2.162649 
9417 -5.305834 
9460 -3.469902 
9503 -1.777360 
9546 -2.972719 
9589 -5.468351 
9632 -2.364337 
9675 -3.468567 
9718 -1.392273 
9761 -0.879117 
9804 -0.625738 
9847 -2.770536 
9890 -0.008464 
9933 -1.089720 
9976 1.858997 
10019 1.071440 
10062 1.259897 
10105 1.151706 
10148 0.107909 
10191 -3.286845 
10234 0.470503 
10277 -1.685995 
10320 0.437594 
10363 1.488525 
10406 -1.171837 
10449 10.257287 
10492 -2.055741 
10535 -2.118500 
10578 -4.512697 
10621 -4.276736 
10664 -1.872736 
10707 -3.062724 
10750 -3.353199 
10793 -23.920183 
10836 -3.712243 
10879 -2.506559 
10922 -3.371655 
10965 -6.126469 
11008 -3.949901 
11051 -5.274802 
11094 -2.315085 
11137 0.156651 
11180 0.655474 
11223 1.500880 
11266 -0.300304 
11309 0.663002 
11352 2.069906 
11395 1.328292 
11438 1.076735 
11481 -0.667610 
11524 -0.854217 
11567 -0.711685 
11610 -1.451223 
11653 4.111007 
11696 -3.600850 
11739 -5.810527 
11782 1.454286 
11825 -12.308346 
11868 -4.739889 
11911 -3.526783 
11954 -4.891785 
11997 -8.077349 
12040 -3.410194 
12083 -4.080598 
12126 -5.420345 
12169 -14.531731 
12212 -8.782131 
12255 -6.222977 
12298 -8.277563 
12341 -2.264115 
12384 -10.710667 
12427 -9.537516 
12470 -22.430370 
12513 -14.377980 
12556 -13.415219 
12599 -17.051095 
12642 -12.671921 
12685 -12.501594 
12728 -12.497341 
12771 -11.595365 
12814 -14.382074 
12857 -17.713137 
12900 -19.047358 
12943 -22.575792 
12986 -19.510381 
13029 -19.022663 
13072 -16.867832 
13115 -14.498706 
13158 -13.787063 
13201 -18.832353 
13244 -15.365686 
13287 -16.892837 
13330 -18.583900 
13373 -22.180776 
13416 -21.853631 
13459 -27.880241 
13502 -21.706357 
13545 -33.016344 
13588 -10.987270 
13631 -23.011730 
13674 -20.105057 
13717 -21.962691 
13760 -24.674081 
13803 -23.194454 
13846 -19.686651 
13889 -25.666717 
13932 -22.439384 
13975 -13.372967 
14018 -19.234896 
14061 -20.923289 
14104 -21.584551 
14147 -27.042126 
14190 -19.599023 
14233 -27.388988 
14276 -22.827836 
14319 -24.942280 
14362 -24.716529 
14405 -24.150426 
14448 -24.487409 
14491 -28.512719 
14534 -26.274006 
14577 -25.565249 
14620 -28.617990 
14663 -30.793081 
14706 -31.885054 
14749 -25.991538 
14792 -21.756963 
14835 -23.652548 
14878 -24.307237 
14921 -27.547214 
14964 -33.477491 
