7998 -26.251686 
8041 -35.449803 
8084 -29.014503 
8127 -30.120397 
8170 -27.802210 
8213 -30.482119 
8256 -26.346130 
8299 -42.861218 
8342 -27.043430 
8385 -25.708784 
8428 -21.589503 
8471 -31.063105 
8514 -33.025157 
8557 -28.014327 
8600 -19.225355 
8643 -27.753304 
8686 -26.011235 
8729 -32.357518 
8772 -31.604772 
8815 -35.091655 
8858 -28.521921 
8901 -25.277081 
8944 -18.146231 
8987 -20.156836 
9030 -18.374972 
9073 -23.339151 
9116 -26.182586 
9159 -26.744445 
9202 -23.843261 
9245 -30.528723 
9288 -25.588660 
9331 -21.199948 
9374 -15.723916 
9417 -20.112379 
9460 -21.614516 
9503 -25.957174 
9546 -28.404079 
9589 -22.002050 
9632 -15.552477 
9675 -26.168129 
9718 -23.433694 
9761 -21.231841 
9804 -17.310865 
9847 -20.056790 
9890 -19.927434 
9933 -31.209548 
9976 -28.273521 
10019 -26.862098 
10062 -22.549671 
10105 -34.019922 
10148 -29.328090 
10191 -36.009222 
10234 -33.432501 
10277 -31.955186 
10320 -21.917187 
10363 -31.987882 
10406 -25.811279 
10449 -32.262574 
10492 -26.577351 
10535 -28.888960 
10578 -20.339069 
10621 -24.257547 
10664 -20.599774 
10707 -24.414556 
10750 -26.403914 
10793 -30.759206 
10836 -30.275145 
10879 -43.350292 
10922 -36.376202 
10965 -43.469942 
11008 -46.120934 
11051 -42.500150 
11094 -35.833363 
11137 -43.007233 
11180 -52.795630 
11223 -50.442024 
11266 -42.556018 
11309 -44.411111 
11352 -41.962142 
11395 -48.355146 
11438 -37.127408 
11481 -42.747474 
11524 -30.951248 
11567 -41.662247 
11610 -29.365404 
11653 -40.986467 
11696 -35.920244 
11739 -40.534127 
11782 -44.429731 
11825 -49.557790 
11868 -44.575786 
11911 -39.858676 
11954 -34.823308 
