7998 -2.947959 
8041 2.314307 
8084 -2.570169 
8127 -1.100116 
8170 3.408556 
8213 1.651465 
8256 0.178752 
8299 2.101379 
8342 -1.187040 
8385 -3.482668 
8428 -4.583974 
8471 -5.122878 
8514 -3.975775 
8557 -1.820949 
8600 -1.697536 
8643 -0.436871 
8686 -6.856038 
8729 -6.448377 
8772 -8.955465 
8815 -6.723147 
8858 -2.608602 
8901 2.856963 
8944 2.998413 
8987 2.478067 
9030 2.340395 
9073 1.712157 
9116 0.592259 
9159 3.752571 
9202 5.224685 
9245 3.146653 
9288 3.271223 
9331 9.841964 
9374 10.737211 
9417 7.787779 
9460 -4.072035 
9503 -0.993964 
9546 2.453062 
9589 3.670111 
9632 4.827241 
9675 6.362895 
9718 2.339408 
9761 -2.142846 
9804 -4.813754 
9847 0.597808 
9890 4.683995 
9933 8.235427 
9976 2.544572 
10019 -0.047310 
10062 -2.782999 
10105 -2.388229 
10148 -2.463626 
10191 -2.786751 
10234 -2.195526 
10277 -1.144304 
10320 -2.009225 
10363 2.991334 
10406 -4.129390 
10449 -2.234536 
10492 -2.699348 
10535 -4.948815 
10578 -4.492853 
10621 -3.664376 
10664 -2.689143 
10707 -2.701227 
10750 0.766315 
10793 -0.243745 
10836 -3.252924 
10879 1.899243 
10922 -2.752749 
10965 -3.374069 
11008 -2.810994 
11051 -3.103578 
11094 -3.762358 
11137 -6.852010 
11180 -3.530522 
11223 -4.061186 
11266 -5.335568 
11309 -5.532031 
11352 -3.643556 
11395 -2.338081 
11438 -7.636784 
11481 -4.691033 
11524 -6.489384 
11567 -0.566550 
11610 -1.755333 
11653 -4.141628 
11696 2.040924 
11739 1.766435 
11782 -1.312131 
11825 -0.108099 
11868 7.610813 
11911 2.708631 
11954 3.588283 
11997 2.711420 
12040 11.634338 
12083 -2.764760 
12126 1.203729 
12169 2.196419 
12212 13.652560 
12255 11.074042 
12298 10.691724 
12341 9.430422 
12384 7.986247 
12427 -6.365203 
12470 8.946475 
12513 10.770011 
12556 14.515236 
12599 15.975771 
12642 15.159028 
12685 14.163505 
12728 10.231199 
12771 9.094848 
12814 7.745039 
12857 9.256285 
12900 12.177435 
12943 13.767329 
12986 14.911511 
13029 14.048283 
13072 16.082433 
13115 7.449038 
13158 6.294938 
13201 6.424116 
13244 5.987254 
13287 0.135903 
13330 12.355595 
13373 4.973029 
13416 9.034029 
13459 18.795628 
13502 10.811699 
13545 13.975444 
13588 1.110136 
13631 -5.773867 
13674 10.422813 
13717 11.280613 
13760 26.887468 
13803 -0.176763 
13846 4.534939 
13889 6.055841 
13932 3.759663 
13975 3.187118 
14018 4.055562 
14061 2.737404 
14104 2.558573 
14147 1.874180 
14190 3.716774 
14233 6.241516 
14276 2.671971 
14319 1.854577 
14362 1.656992 
14405 1.726301 
14448 -0.033394 
14491 -4.944867 
14534 -0.853461 
14577 3.815203 
14620 -0.485437 
14663 4.651095 
14706 4.116128 
14749 1.536283 
14792 -0.760224 
14835 0.601464 
14878 -5.742730 
14921 -1.392132 
14964 -0.473980 
