0 -21.012603 
43 -24.520125 
86 -16.101285 
129 2.563852 
172 3.308870 
215 1.081237 
258 4.788693 
301 -2.067826 
344 -19.551421 
387 -18.342131 
430 -17.160145 
473 -12.094065 
516 -9.494122 
559 -10.232336 
602 -20.140922 
645 -12.843868 
688 -19.031624 
731 -14.335031 
774 -11.985216 
817 -16.699358 
860 -17.779391 
903 -21.993905 
946 -12.310005 
989 -14.077836 
1032 -9.588234 
1075 -11.162890 
1118 -6.868684 
1161 -11.693228 
1204 -15.400725 
1247 -11.794451 
1290 -14.937336 
1333 -18.946111 
1376 -17.875498 
1419 -25.196668 
1462 -13.796889 
1505 -13.557963 
1548 -13.211174 
1591 -6.373066 
1634 -8.593461 
1677 -9.670628 
1720 -10.168326 
1763 -9.643291 
1806 -11.424489 
1849 -13.421230 
1892 -13.936034 
1935 -12.252143 
1978 -10.234723 
2021 -10.911913 
2064 -12.759341 
2107 13.149980 
2150 -11.134238 
2193 -9.086228 
2236 -6.734421 
2279 -4.417984 
2322 -7.795385 
2365 -12.653865 
2408 7.898980 
2451 -4.265515 
2494 -7.018588 
2537 -10.243548 
2580 -7.440481 
2623 -5.071260 
2666 -3.759560 
2709 -7.085697 
2752 -4.121496 
2795 1.051317 
2838 -0.016058 
2881 0.148308 
2924 6.797257 
2967 5.079085 
3010 5.074323 
3053 7.412888 
3096 3.033572 
3139 2.948693 
3182 2.532352 
3225 4.349105 
3268 5.420427 
3311 4.530921 
3354 5.171958 
3397 4.845313 
3440 4.741833 
3483 4.617940 
3526 3.274726 
3569 3.389338 
3612 3.043234 
3655 3.264387 
3698 2.519789 
3741 2.002541 
3784 1.218019 
3827 3.009412 
3870 0.263868 
3913 5.255339 
3956 5.955616 
3999 10.120462 
4042 7.487408 
4085 10.504921 
4128 9.438969 
4171 5.161161 
4214 -4.765920 
4257 3.986462 
4300 2.701611 
4343 2.974729 
4386 3.872694 
4429 2.554224 
4472 3.268234 
4515 12.470112 
4558 5.326616 
4601 7.680955 
4644 9.811259 
4687 8.078027 
4730 5.571110 
4773 7.978802 
4816 10.680847 
4859 10.855597 
4902 0.251066 
4945 -0.753918 
4988 3.317179 
5031 2.455580 
5074 -2.187077 
5117 3.031391 
5160 3.849013 
5203 2.821378 
5246 1.582623 
5289 0.026967 
5332 0.248707 
5375 -1.187287 
5418 3.321292 
5461 -1.017088 
5504 2.308142 
5547 2.521996 
5590 -3.761581 
5633 4.643217 
5676 -0.826393 
5719 -3.482456 
5762 4.229969 
5805 -3.761185 
5848 -2.902953 
5891 -1.802329 
5934 -7.143768 
5977 9.396617 
6020 -0.865367 
6063 -20.219556 
6106 5.150180 
6149 -4.596431 
6192 -10.138880 
6235 -11.512520 
6278 0.339801 
6321 -2.718575 
6364 -6.081876 
6407 -3.665821 
6450 13.959793 
6493 -10.716750 
6536 -10.642204 
6579 -14.906993 
6622 -14.146321 
6665 -7.151980 
6708 -10.246372 
6751 -13.928710 
6794 2.093715 
6837 -10.882797 
6880 -8.803394 
6923 -6.986371 
6966 -8.478193 
7009 -6.156403 
7052 -8.194145 
7095 -5.305459 
7138 -4.175168 
7181 -8.021813 
7224 -6.893373 
7267 -9.870157 
7310 -9.417533 
7353 5.859211 
7396 -4.761119 
7439 -4.717935 
7482 4.913387 
7525 -12.753482 
7568 -10.814543 
7611 -11.325894 
7654 -11.639618 
7697 -8.607277 
7740 -8.748218 
7783 -1.430672 
7826 -19.595916 
7869 -22.357887 
7912 -21.044076 
7955 -16.879881 
7998 -13.157416 
8041 -14.665638 
8084 -13.853366 
8127 -9.791935 
8170 -5.654361 
8213 -9.787680 
8256 -6.749870 
8299 -14.283565 
8342 -17.828325 
8385 -17.796203 
8428 -24.594798 
8471 -20.091608 
8514 -19.463300 
8557 -15.636253 
8600 -11.377937 
8643 -12.211628 
8686 -13.081460 
8729 -5.098796 
8772 -19.547092 
8815 -18.022312 
8858 -27.759831 
8901 -33.596794 
8944 -25.063765 
8987 -33.028969 
9030 -38.316106 
9073 -27.469829 
9116 -24.584469 
9159 -33.676001 
9202 -24.689695 
9245 -24.460199 
9288 -25.207681 
9331 -25.702756 
9374 -29.254834 
9417 -29.253354 
9460 -30.203289 
9503 -34.431650 
9546 -26.789146 
9589 -33.315582 
9632 -34.913691 
9675 -32.295369 
9718 -17.384283 
9761 -13.323463 
9804 -11.317066 
9847 -21.759301 
9890 -28.073441 
9933 -22.874512 
9976 -25.809070 
10019 -15.047655 
10062 -19.739999 
10105 -23.501432 
10148 -34.607614 
10191 -27.688836 
10234 -22.915590 
10277 -17.275595 
10320 -17.683243 
10363 -24.173320 
10406 -26.462435 
10449 -36.340800 
10492 -26.358872 
10535 -21.646430 
10578 -11.965413 
10621 -6.975794 
10664 -12.547203 
10707 -13.805490 
10750 -20.022006 
10793 -6.709295 
10836 -18.201020 
10879 -20.209816 
10922 -6.782616 
10965 -19.414829 
11008 -16.976056 
11051 -25.286048 
11094 -7.227966 
11137 17.287115 
11180 -3.745064 
11223 -12.528877 
11266 4.569281 
11309 -5.254365 
11352 -5.843512 
11395 3.193151 
11438 -8.442244 
11481 -16.208934 
11524 -7.709666 
11567 -11.779526 
11610 -9.702258 
11653 -8.979765 
11696 -12.423776 
11739 -0.149283 
11782 -18.452030 
11825 -24.279958 
11868 -18.014166 
11911 -8.721862 
11954 -25.125218 
11997 -18.172990 
12040 -19.926568 
12083 -18.139937 
12126 -16.375453 
12169 -17.931841 
12212 -20.541688 
12255 -2.570950 
12298 -14.142249 
12341 -16.249286 
12384 -21.303351 
12427 -18.743945 
12470 -16.976704 
12513 -18.347210 
12556 -21.467547 
12599 -14.545829 
12642 -12.020418 
12685 -11.548061 
12728 -11.449972 
12771 -16.590891 
12814 -20.286293 
12857 -18.921843 
12900 -18.478741 
12943 -17.312972 
12986 -19.022317 
13029 -16.179595 
13072 -15.867216 
13115 -11.337756 
13158 -16.417854 
13201 -16.815315 
13244 -15.481476 
13287 -25.038936 
13330 -24.561388 
13373 -27.856373 
13416 -24.395537 
13459 -24.511502 
13502 -19.231631 
13545 -19.381183 
13588 -27.260773 
13631 -27.328438 
13674 -23.360741 
13717 -38.912635 
13760 -26.470206 
13803 -25.140434 
13846 -27.832888 
13889 -28.435411 
13932 -39.474717 
13975 -37.826625 
14018 -37.305215 
14061 -30.282452 
14104 -4.647678 
14147 -32.940862 
14190 -46.976517 
14233 -32.812626 
14276 -30.853442 
14319 -43.753950 
14362 -33.326828 
14405 -37.094064 
14448 -23.916980 
14491 -24.009699 
14534 -26.627112 
14577 -28.302698 
14620 -23.673356 
14663 -22.762322 
14706 -32.059750 
14749 -13.449559 
14792 -14.542981 
14835 -17.608038 
14878 -32.298270 
14921 -44.216698 
14964 -32.617743 
