7998 3.107385 
8041 4.936421 
8084 6.020322 
8127 5.070888 
8170 6.889614 
8213 6.216596 
8256 5.652026 
8299 4.569197 
8342 4.259781 
8385 3.738731 
8428 2.912599 
8471 3.324342 
8514 3.718871 
8557 4.039932 
8600 4.152004 
8643 3.006268 
8686 3.823174 
8729 4.305344 
8772 3.423544 
8815 2.792694 
8858 2.747732 
8901 3.069448 
8944 3.267047 
8987 3.528120 
9030 4.598307 
9073 4.144406 
9116 3.625770 
9159 2.507159 
9202 1.171682 
9245 1.232529 
9288 5.880198 
9331 2.069328 
9374 1.581726 
9417 2.539134 
9460 3.626012 
9503 3.265020 
9546 3.521179 
9589 2.684539 
9632 3.457239 
9675 3.354834 
9718 3.456473 
9761 3.364650 
9804 3.325568 
9847 15.557858 
9890 4.236189 
9933 4.247686 
9976 1.670236 
10019 2.828889 
10062 2.672001 
10105 2.681146 
10148 2.728686 
10191 -3.556143 
10234 5.329747 
10277 2.679126 
10320 3.283236 
10363 3.077503 
10406 2.650131 
10449 2.967675 
10492 3.140973 
10535 1.410415 
10578 0.515370 
10621 0.620833 
10664 2.098617 
10707 2.283374 
10750 3.445674 
10793 0.310749 
10836 0.831668 
10879 1.691813 
10922 2.610882 
10965 2.423644 
11008 2.257797 
11051 1.084914 
11094 0.685436 
11137 0.474890 
11180 0.781803 
11223 1.195453 
11266 1.510855 
11309 1.235127 
11352 -0.506547 
11395 -0.293718 
11438 -0.142660 
11481 -0.719803 
11524 0.297286 
11567 -2.763073 
11610 -1.885752 
11653 -1.503563 
11696 -2.370777 
11739 -0.384903 
11782 -1.439675 
11825 -3.800825 
11868 -6.661547 
11911 -8.577867 
11954 -19.196888 
11997 -21.500174 
12040 -13.768190 
12083 -6.768415 
12126 -9.333567 
12169 -7.447740 
12212 -2.768966 
12255 -4.428754 
12298 -5.041637 
12341 -4.070523 
12384 -0.198427 
12427 0.170807 
12470 -0.041525 
12513 3.240695 
12556 3.849042 
12599 9.386618 
12642 8.481503 
12685 6.874149 
12728 14.136183 
12771 8.407944 
12814 18.699964 
12857 1.614878 
12900 4.945053 
12943 6.460098 
12986 7.781635 
13029 6.047557 
13072 10.224148 
13115 6.894918 
13158 5.033299 
13201 5.219384 
13244 5.837034 
13287 5.911903 
13330 6.161347 
13373 1.999110 
13416 4.220613 
13459 7.754440 
13502 5.813562 
13545 0.754381 
13588 10.139838 
13631 6.349360 
13674 5.276315 
13717 20.764299 
13760 8.496773 
13803 6.094515 
13846 15.606415 
13889 9.037360 
13932 5.534328 
13975 8.319928 
14018 7.359562 
14061 5.839793 
14104 5.811169 
14147 4.088150 
14190 1.382873 
14233 1.222543 
14276 8.021975 
14319 0.390835 
14362 12.423633 
14405 15.678696 
14448 11.014934 
14491 12.862422 
14534 3.711814 
14577 5.323860 
14620 -0.098312 
14663 0.990068 
14706 1.157594 
14749 3.459197 
14792 8.172241 
14835 7.992069 
14878 -3.103718 
14921 -1.394338 
14964 -6.164040 
