0 -19.377512 
43 -7.349330 
86 1.116581 
129 2.376506 
172 -6.240611 
215 17.629096 
258 4.658588 
301 11.400197 
344 -18.997016 
387 -14.999196 
430 -14.381533 
473 -13.216712 
516 -3.957289 
559 -20.300299 
602 -6.002132 
645 -22.784377 
688 -19.058921 
731 -11.480414 
774 -15.535425 
817 -14.430501 
860 -19.505315 
903 -14.804448 
946 -17.055433 
989 -23.906193 
1032 -18.577627 
1075 -19.972584 
1118 -16.231412 
1161 -16.356952 
1204 -16.738074 
1247 -18.534029 
1290 -18.992165 
1333 -18.780558 
1376 -22.378653 
1419 -19.912640 
1462 -9.927947 
1505 -5.249824 
1548 -8.044519 
1591 -7.676261 
1634 -7.943723 
1677 -4.971064 
1720 -10.207561 
1763 -8.265396 
1806 -8.011290 
1849 -15.823874 
1892 -22.047277 
1935 -19.446816 
1978 -15.353722 
2021 -10.892581 
2064 -8.211441 
2107 -5.416811 
2150 -6.216956 
2193 -12.768490 
2236 -9.299733 
2279 -11.425134 
2322 -9.005596 
2365 -11.057997 
2408 -13.259044 
2451 -10.421364 
2494 -6.197557 
2537 -0.467302 
2580 -2.273296 
2623 -4.668506 
2666 0.141013 
2709 0.898097 
2752 3.267654 
2795 0.826832 
2838 -3.871679 
2881 -7.085689 
2924 -1.199581 
2967 2.249149 
3010 2.101946 
3053 2.947275 
3096 3.203274 
3139 17.312939 
3182 11.057116 
3225 10.559748 
3268 17.342783 
3311 -0.053662 
3354 4.204880 
3397 5.131014 
3440 4.448155 
3483 1.968315 
3526 -2.432210 
3569 -0.538874 
3612 0.284589 
3655 -2.187908 
3698 4.871236 
3741 3.584904 
3784 3.289363 
3827 3.079771 
3870 -4.185157 
3913 0.177274 
3956 -0.182714 
3999 1.748114 
4042 3.879534 
4085 -6.662174 
4128 -0.662270 
4171 -1.119303 
4214 5.629794 
4257 7.521821 
4300 5.487008 
4343 5.101755 
4386 1.171357 
4429 3.089650 
4472 -2.930516 
4515 -5.141634 
4558 -1.588383 
4601 -7.386274 
4644 5.303249 
4687 5.072989 
4730 2.356454 
4773 3.087250 
4816 3.246544 
4859 10.705447 
4902 -4.912092 
4945 -4.821398 
4988 -4.883178 
5031 -4.862471 
5074 -4.919917 
5117 -6.651139 
5160 -3.850562 
5203 -4.044891 
5246 -5.954106 
5289 -8.944123 
5332 -5.959025 
5375 -6.882785 
5418 -4.596052 
5461 -2.804171 
5504 -12.939116 
5547 -13.244538 
5590 -8.675798 
5633 -1.210253 
5676 -14.946336 
5719 -9.874463 
5762 -8.247064 
5805 -6.451472 
5848 -1.105195 
5891 -9.299856 
5934 -3.455227 
5977 -1.872603 
6020 -11.737086 
6063 -6.475310 
6106 -5.458731 
6149 -1.103431 
6192 -3.029943 
6235 -2.869599 
6278 -6.026853 
6321 -1.903926 
6364 2.964370 
6407 -0.234708 
6450 -0.875575 
6493 2.270592 
6536 4.145529 
6579 -5.266892 
6622 5.206788 
6665 12.663268 
6708 -3.984185 
6751 0.480616 
6794 2.241155 
6837 5.507924 
6880 -2.196692 
6923 -4.396569 
6966 -23.500471 
7009 -1.753826 
7052 3.320411 
7095 -4.892324 
7138 -4.224680 
7181 -3.092281 
7224 -3.407442 
7267 -4.232252 
7310 -5.384622 
7353 -3.709653 
7396 -1.283438 
7439 3.136636 
7482 2.212081 
7525 3.212368 
7568 5.294604 
7611 -3.961294 
7654 -2.924943 
7697 -3.545572 
7740 -2.464948 
7783 -1.094418 
7826 -5.674319 
7869 -3.128804 
7912 -0.837676 
7955 -1.741338 
7998 -6.791651 
8041 3.313187 
8084 3.346787 
8127 15.609860 
8170 19.316736 
8213 1.942889 
8256 -2.079428 
8299 -4.817225 
8342 -3.826557 
8385 -5.606673 
8428 -2.218208 
8471 -2.399573 
8514 8.875835 
8557 5.840379 
8600 6.011060 
8643 0.413937 
8686 -0.590542 
8729 -3.213565 
8772 -3.456260 
8815 -2.840967 
8858 -0.623157 
8901 -0.717617 
8944 -0.556271 
8987 -18.722388 
9030 2.423240 
9073 5.343614 
9116 4.535194 
9159 11.269237 
9202 -5.685408 
9245 1.463027 
9288 11.819676 
9331 -1.795061 
9374 -7.218534 
9417 -0.150845 
9460 0.782610 
9503 -0.747380 
9546 1.904592 
9589 6.123077 
9632 5.972076 
9675 3.958040 
9718 1.380873 
9761 2.517521 
9804 -11.801355 
9847 -1.388077 
9890 0.608853 
9933 -1.829819 
9976 3.933655 
10019 2.199523 
10062 10.638019 
10105 -1.416111 
10148 3.285792 
10191 0.257973 
10234 9.011611 
10277 -0.459999 
10320 2.331794 
10363 2.736711 
10406 1.348330 
10449 -2.256083 
10492 -0.736876 
10535 -3.254140 
10578 -3.752869 
10621 -2.210314 
10664 -0.733939 
10707 5.591197 
10750 0.225074 
10793 2.342398 
10836 1.025345 
10879 2.230600 
10922 2.027708 
10965 0.673194 
11008 5.434737 
11051 3.235216 
11094 3.328965 
11137 4.016176 
11180 1.840859 
11223 4.245562 
11266 -2.404430 
11309 -4.774488 
11352 8.485669 
11395 -5.136474 
11438 0.040022 
11481 4.019755 
11524 -4.123609 
11567 0.217526 
11610 2.955187 
11653 1.783481 
11696 -0.998109 
11739 3.898617 
11782 -0.178763 
11825 1.612296 
11868 -6.837734 
11911 -8.466461 
11954 -7.551788 
11997 -2.732477 
12040 0.850223 
12083 -4.472050 
12126 -9.306039 
12169 -10.663186 
12212 -12.479298 
12255 -25.133810 
12298 -12.967396 
12341 -10.329316 
12384 -15.638230 
12427 -13.844346 
12470 -13.545260 
12513 -16.917954 
12556 -16.391269 
12599 -3.856012 
12642 -16.227758 
12685 -16.227229 
12728 -20.600187 
12771 -15.537754 
12814 -14.691862 
12857 -11.390700 
12900 -8.612205 
12943 -11.789459 
12986 -13.293131 
13029 -15.052501 
13072 -2.855635 
13115 -9.796315 
13158 -11.578510 
13201 -10.674133 
13244 -9.626944 
13287 -6.483626 
13330 -6.295053 
13373 -5.025899 
13416 -10.147452 
13459 -11.503542 
13502 -13.514303 
13545 -16.795221 
13588 -13.235668 
13631 -13.086923 
13674 -13.306684 
13717 -23.094044 
13760 -20.687820 
13803 -16.229136 
13846 -11.016502 
13889 -15.244747 
13932 -23.762358 
13975 -14.946316 
14018 -16.356895 
14061 -17.251325 
14104 -14.851213 
14147 -18.771682 
14190 -18.434059 
14233 -17.740524 
14276 -17.322359 
14319 -21.874001 
14362 -18.431994 
14405 -16.957640 
14448 -18.184518 
14491 -21.740500 
14534 -34.373967 
14577 -22.367121 
14620 -23.207489 
14663 -20.020708 
14706 -19.630519 
14749 -18.616834 
14792 -20.899244 
14835 -28.570247 
14878 -22.280835 
14921 -17.724017 
14964 -18.573167 
