7998 -36.895315 
8041 -37.730532 
8084 -29.896648 
8127 -26.772261 
8170 -22.029123 
8213 -24.930638 
8256 -24.565359 
8299 -22.252905 
8342 -17.672161 
8385 -18.970908 
8428 -14.751993 
8471 -28.995457 
8514 -19.896693 
8557 -14.797173 
8600 -7.074651 
8643 -17.088263 
8686 -14.419020 
8729 -41.411924 
8772 -15.133023 
8815 -13.908943 
8858 -6.879544 
8901 -16.474947 
8944 -12.784618 
8987 -20.531722 
9030 -20.848122 
9073 -24.370963 
9116 -25.823803 
9159 -39.380340 
9202 -22.348947 
9245 -17.864734 
9288 -11.565152 
9331 -21.126191 
9374 -22.222375 
9417 -37.946417 
9460 -19.520600 
9503 -23.429997 
9546 -17.467170 
9589 -20.857689 
9632 -21.575215 
9675 -30.509550 
9718 -22.551959 
9761 -27.098422 
9804 -24.280188 
9847 -18.061886 
9890 -12.093341 
9933 -17.144375 
9976 -18.296662 
10019 -15.280659 
10062 -10.924011 
10105 -17.315355 
10148 -27.574339 
10191 -23.440275 
10234 -15.271556 
10277 -27.120112 
10320 -18.202411 
10363 -20.374118 
10406 -19.192303 
10449 -24.381907 
10492 -27.328532 
10535 -39.456369 
10578 -33.772527 
10621 -26.734010 
10664 -20.788451 
10707 -24.066218 
10750 -23.901342 
10793 -27.836647 
10836 -27.412212 
10879 -34.915055 
10922 -24.671713 
10965 -27.044464 
11008 -19.027359 
11051 -30.793990 
11094 -25.254430 
11137 -29.868129 
11180 -19.561085 
11223 -21.352336 
11266 -19.455378 
11309 -25.098079 
11352 -21.615188 
11395 -31.447410 
11438 -20.712654 
11481 -23.693578 
11524 -21.283784 
11567 -22.819649 
11610 -20.651386 
11653 -31.241910 
11696 -29.597527 
11739 -32.692741 
11782 -31.614369 
11825 -36.292908 
11868 -39.569505 
11911 -43.500176 
11954 -43.992437 
