7998 5.901603 
8041 6.776544 
8084 6.981907 
8127 7.242198 
8170 7.359993 
8213 7.681520 
8256 8.928686 
8299 5.376687 
8342 5.164471 
8385 5.473811 
8428 5.450814 
8471 5.072040 
8514 5.272745 
8557 5.412969 
8600 7.150429 
8643 8.334944 
8686 5.447310 
8729 7.316205 
8772 7.231292 
8815 7.287888 
8858 6.662119 
8901 12.196061 
8944 7.347973 
8987 7.261189 
9030 7.171673 
9073 6.935465 
9116 5.582866 
9159 5.006067 
9202 5.375724 
9245 5.221546 
9288 5.358454 
9331 3.334211 
9374 2.409969 
9417 4.064634 
9460 4.946633 
9503 4.159571 
9546 3.882744 
9589 3.845946 
9632 3.210652 
9675 4.621122 
9718 4.983930 
9761 5.258379 
9804 5.149771 
9847 5.739338 
9890 6.039927 
9933 4.195953 
9976 7.079971 
10019 7.758140 
10062 6.720359 
10105 5.070583 
10148 5.184791 
10191 6.392429 
10234 7.653456 
10277 6.378680 
10320 5.006602 
10363 8.914746 
10406 6.306038 
10449 9.992368 
10492 8.929675 
10535 9.208627 
10578 6.903746 
10621 6.059157 
10664 5.885767 
10707 5.644471 
10750 1.226696 
10793 5.199536 
10836 5.159278 
10879 6.461723 
10922 5.963212 
10965 4.807721 
11008 2.618577 
11051 10.295312 
11094 3.758482 
11137 -3.359601 
11180 2.241870 
11223 1.020723 
11266 0.579509 
11309 1.012389 
11352 1.779710 
11395 -1.880973 
11438 -0.547130 
11481 -1.201221 
11524 -1.783113 
11567 -2.205567 
11610 -1.415657 
11653 -1.598078 
11696 -1.665713 
11739 -2.373777 
11782 -3.247880 
11825 -3.193515 
11868 -2.610904 
11911 -6.995436 
11954 -7.040494 
11997 -7.237089 
12040 -7.211589 
12083 -7.822468 
12126 -8.773288 
12169 -2.015766 
12212 -3.413860 
12255 -4.320013 
12298 -9.200234 
12341 -6.440207 
12384 -6.939953 
12427 -15.216604 
12470 -2.619590 
12513 1.653551 
12556 0.546644 
12599 3.583278 
12642 6.763781 
12685 8.329632 
12728 13.702560 
12771 10.698191 
12814 7.423950 
12857 4.162274 
12900 11.264429 
12943 -5.637356 
12986 13.622677 
13029 20.088907 
13072 20.619283 
13115 21.502987 
13158 13.751686 
13201 14.475546 
13244 14.425554 
13287 14.272591 
13330 14.300040 
13373 9.306915 
13416 11.870228 
13459 14.953028 
13502 15.480591 
13545 15.085450 
13588 9.229008 
13631 10.768733 
13674 10.637307 
13717 13.252702 
13760 12.932311 
13803 11.673272 
13846 8.117982 
13889 8.453274 
13932 8.262914 
13975 8.244298 
14018 8.682807 
14061 8.693476 
14104 7.460845 
14147 7.961189 
14190 9.575329 
14233 10.026967 
14276 6.363993 
14319 13.978416 
14362 10.884272 
14405 13.825541 
14448 14.745583 
14491 13.957511 
14534 5.886683 
14577 8.558369 
14620 16.821687 
14663 15.504987 
14706 10.162102 
14749 5.272204 
14792 -11.800170 
14835 -8.462938 
14878 -1.374173 
14921 -0.858889 
14964 1.688446 
