0 24.720437 
43 32.771126 
86 36.766819 
129 49.749816 
172 56.774740 
215 46.526645 
258 28.122145 
301 7.679324 
344 14.745080 
387 6.996795 
430 3.057974 
473 5.824686 
516 6.798894 
559 2.162212 
602 -8.604155 
645 -23.247412 
688 -17.012360 
731 -16.464526 
774 -18.414776 
817 -19.595135 
860 -21.808150 
903 -16.360429 
946 -7.279950 
989 -15.120249 
1032 -19.028950 
1075 -17.969749 
1118 -17.529037 
1161 -16.953893 
1204 -21.117885 
1247 -13.381934 
1290 -13.955267 
1333 -14.969859 
1376 -15.525969 
1419 -15.682312 
1462 -14.238782 
1505 -10.046113 
1548 -12.434945 
1591 -5.168410 
1634 -8.777652 
1677 -8.073977 
1720 -11.032436 
1763 -15.956844 
1806 -11.542237 
1849 -11.889467 
1892 -4.227646 
1935 -16.137586 
1978 -15.567242 
2021 -14.817221 
2064 -18.251398 
2107 -13.347550 
2150 -13.801090 
2193 -10.553429 
2236 -10.994713 
2279 -2.277587 
2322 -3.953968 
2365 -2.775838 
2408 -4.714384 
2451 -9.643236 
2494 -9.967686 
2537 -15.456301 
2580 -5.505038 
2623 -6.648711 
2666 -9.428777 
2709 -4.371532 
2752 12.289251 
2795 -2.548707 
2838 -7.670595 
2881 -2.231207 
2924 -5.396080 
2967 -11.644586 
3010 2.640448 
3053 2.653365 
3096 1.178832 
3139 2.374416 
3182 3.282230 
3225 6.330112 
3268 4.838089 
3311 -3.897130 
3354 5.144611 
3397 10.585009 
3440 9.020249 
3483 5.491296 
3526 5.457545 
3569 -4.543621 
3612 9.973988 
3655 11.019499 
3698 5.085046 
3741 4.764207 
3784 8.112404 
3827 6.951361 
3870 6.573700 
3913 3.680438 
3956 4.611854 
3999 4.643383 
4042 5.193604 
4085 6.489779 
4128 7.820347 
4171 5.900424 
4214 1.097999 
4257 4.744274 
4300 0.104504 
4343 0.849622 
4386 0.952543 
4429 -1.570904 
4472 1.580688 
4515 1.783989 
4558 -8.257490 
4601 -0.650152 
4644 9.587309 
4687 1.134607 
4730 1.066727 
4773 1.248482 
4816 5.450541 
4859 0.006351 
4902 2.612212 
4945 -5.008416 
4988 1.390539 
5031 -2.188940 
5074 2.708562 
5117 0.405569 
5160 -4.587851 
5203 9.339484 
5246 -0.474701 
5289 -9.785955 
5332 -2.992047 
5375 5.201873 
5418 -0.815160 
5461 -18.637645 
5504 -5.577857 
5547 -3.392655 
5590 -3.946766 
5633 -5.579617 
5676 -3.401139 
5719 1.862655 
5762 -2.299281 
5805 3.164949 
5848 -4.459898 
5891 -1.613775 
5934 -6.849420 
5977 -10.231274 
6020 -5.260070 
6063 -9.030325 
6106 -9.757614 
6149 -0.158407 
6192 -6.369525 
6235 -4.311710 
6278 -6.991074 
6321 -8.571662 
6364 -16.665799 
6407 -5.689472 
6450 -6.702661 
6493 -4.471889 
6536 -24.783875 
6579 -23.579061 
6622 -25.096142 
6665 -9.330065 
6708 -20.557437 
6751 -24.907691 
6794 -17.723520 
6837 -21.109766 
6880 -10.861303 
6923 -11.139727 
6966 -10.739182 
7009 -16.301289 
7052 -15.053145 
7095 -11.562397 
7138 -12.394662 
7181 -21.876250 
7224 -17.098132 
7267 -21.567001 
7310 -14.341044 
7353 -10.899634 
7396 -11.346088 
7439 -13.265117 
7482 -12.033290 
7525 -3.901780 
7568 -11.958959 
7611 -14.301251 
7654 -15.577121 
7697 -18.177636 
7740 -13.059968 
7783 -11.328792 
7826 -25.550618 
7869 -25.818830 
7912 -23.762276 
7955 -25.937241 
7998 -29.702710 
8041 -22.233481 
8084 -34.326831 
8127 -26.156639 
8170 -18.365538 
8213 -19.045823 
8256 -18.527209 
8299 -23.892162 
8342 -24.058695 
8385 -24.037480 
8428 -22.875424 
8471 -19.328142 
8514 -28.080358 
8557 -29.238772 
8600 -22.099260 
8643 -18.029429 
8686 -24.530068 
8729 -26.194786 
8772 -20.980730 
8815 -15.579983 
8858 -16.138742 
8901 -7.551848 
8944 -20.064421 
8987 -21.849460 
9030 -19.333405 
9073 -17.831294 
9116 -22.191818 
9159 -34.271932 
9202 -36.581643 
9245 -19.779612 
9288 -26.770323 
9331 -33.918229 
9374 -38.427304 
9417 -26.436383 
9460 -23.204674 
9503 -30.296446 
9546 -36.730136 
9589 -36.904843 
9632 -23.995461 
9675 -24.415933 
9718 -26.754515 
9761 -7.471251 
9804 -22.186028 
9847 -21.118967 
9890 -22.019788 
9933 -17.692644 
9976 -18.256668 
10019 -18.074421 
10062 -24.058414 
10105 -15.891886 
10148 -14.467738 
10191 -13.923990 
10234 -19.785336 
10277 -20.863586 
10320 -19.807647 
10363 5.441091 
10406 -8.208468 
10449 -3.675933 
10492 -22.723569 
10535 -12.546895 
10578 -16.528439 
10621 -27.640765 
10664 -27.493610 
10707 -21.205177 
10750 -20.192994 
10793 -20.388972 
10836 -20.765677 
10879 -14.116115 
10922 -11.852162 
10965 -8.445243 
11008 -15.089569 
11051 -9.913632 
11094 -17.648309 
11137 -20.741951 
11180 -21.682745 
11223 -21.671848 
11266 -10.929689 
11309 -8.075169 
11352 -6.265504 
11395 -18.955090 
11438 -17.934202 
11481 -21.296638 
11524 -15.104464 
11567 -17.066028 
11610 -10.247804 
11653 -27.228855 
11696 -25.207245 
11739 -18.573030 
11782 -18.420157 
11825 -17.230231 
11868 -18.652309 
11911 -18.488989 
11954 -20.441384 
11997 -14.251761 
12040 -13.792691 
12083 -14.841780 
12126 -16.434535 
12169 -17.242504 
12212 -15.543624 
12255 -16.448430 
12298 -20.294875 
12341 -20.692854 
12384 -27.609527 
12427 -23.090032 
12470 -9.881330 
12513 -14.119109 
12556 -17.476467 
12599 -6.669459 
12642 -14.877408 
12685 -14.741466 
12728 -16.093542 
12771 -20.929853 
12814 -23.207503 
12857 -21.346125 
12900 -25.067442 
12943 -23.920432 
12986 -23.840633 
13029 -4.177032 
13072 -23.710410 
13115 -28.501030 
13158 -22.925634 
13201 -28.151343 
13244 -28.694610 
13287 -30.639252 
13330 -26.152764 
13373 -29.324513 
13416 -26.962531 
13459 -25.718262 
13502 -21.176782 
13545 -25.327401 
13588 -17.315941 
13631 -18.931500 
13674 -13.552964 
13717 -24.832263 
13760 -26.340263 
13803 -30.744484 
13846 -36.588122 
13889 -32.373996 
13932 -25.950677 
13975 -32.268235 
14018 -41.874020 
14061 -42.617733 
14104 -23.363905 
14147 -26.190785 
14190 -23.712165 
14233 -25.234280 
14276 -20.677478 
14319 -33.787241 
14362 -24.458520 
14405 -24.907146 
14448 -24.460392 
14491 -31.952746 
14534 -33.405230 
14577 -33.914420 
14620 -15.020369 
14663 -20.935826 
14706 -27.403548 
14749 -20.245352 
14792 -29.623821 
14835 -30.095140 
14878 -33.813097 
14921 -34.430834 
14964 -29.790661 
