7998 0.761586 
8041 12.241755 
8084 1.545556 
8127 -0.734026 
8170 -15.736878 
8213 0.359251 
8256 0.935663 
8299 1.547775 
8342 1.591043 
8385 1.517054 
8428 4.599750 
8471 -0.657006 
8514 -4.834220 
8557 -5.065286 
8600 -2.856752 
8643 -2.014171 
8686 -2.023900 
8729 -0.410579 
8772 0.253518 
8815 -1.363025 
8858 1.094242 
8901 1.255620 
8944 1.774525 
8987 0.851303 
9030 1.279805 
9073 1.125851 
9116 -3.119428 
9159 -1.147469 
9202 -0.829294 
9245 -6.687644 
9288 -3.334629 
9331 -9.283083 
9374 -12.768769 
9417 -6.719573 
9460 -1.168505 
9503 -5.926796 
9546 -10.045433 
9589 -13.141644 
9632 -5.780598 
9675 -1.494059 
9718 -3.836140 
9761 -3.031171 
9804 -0.791680 
9847 -0.035571 
9890 1.397637 
9933 1.347411 
9976 1.827954 
10019 2.752722 
10062 2.554653 
10105 4.801393 
10148 4.932490 
10191 4.580534 
10234 0.912729 
10277 3.440330 
10320 2.969494 
10363 6.864352 
10406 5.522312 
10449 0.968509 
10492 3.904741 
10535 9.175311 
10578 0.318844 
10621 1.299677 
10664 1.706997 
10707 -1.429459 
10750 3.179795 
10793 2.124579 
10836 3.928471 
10879 1.759904 
10922 -0.199745 
10965 2.896869 
11008 1.246904 
11051 -0.640058 
11094 2.341032 
11137 -2.701291 
11180 -9.526184 
11223 -11.664980 
11266 2.136325 
11309 1.039847 
11352 0.124770 
11395 2.664707 
11438 -3.396300 
11481 -0.064408 
11524 -0.295213 
11567 -1.612281 
11610 -1.159336 
11653 0.816178 
11696 -0.259250 
11739 -1.133075 
11782 -1.314736 
11825 -1.040203 
11868 -3.152861 
11911 -2.238447 
11954 -1.117772 
11997 -2.129414 
12040 -5.168143 
12083 -4.493553 
12126 -4.643091 
12169 -10.745089 
12212 -10.550842 
12255 -8.792710 
12298 0.481329 
12341 -11.483751 
12384 -7.296262 
12427 -4.659885 
12470 -0.517900 
12513 -2.338589 
12556 -3.378578 
12599 -7.785614 
12642 -1.612055 
12685 -0.775208 
12728 -0.160804 
12771 -1.371446 
12814 -0.043145 
12857 -1.292964 
12900 -7.706839 
12943 -1.756725 
12986 14.992241 
13029 -1.226524 
13072 6.220942 
13115 2.192922 
13158 -0.734777 
13201 2.786730 
13244 3.017366 
13287 2.936198 
13330 1.865668 
13373 0.885722 
13416 3.965599 
13459 -0.158445 
13502 21.000936 
13545 20.144826 
13588 16.545108 
13631 14.650150 
13674 29.256312 
13717 29.797877 
13760 17.829867 
13803 8.763939 
13846 7.678802 
13889 13.935855 
13932 17.936615 
13975 12.147947 
14018 9.154188 
14061 1.232926 
14104 9.853274 
14147 1.669740 
14190 4.687326 
14233 29.724771 
14276 10.455300 
14319 9.711878 
14362 34.664757 
14405 24.105739 
14448 12.817424 
14491 8.758404 
14534 8.691733 
14577 8.249158 
14620 9.691515 
14663 9.866610 
14706 5.263239 
14749 6.423714 
14792 10.121392 
14835 7.091932 
14878 7.291875 
14921 9.068816 
14964 13.291181 
