7998 3.843011 
8041 2.579934 
8084 2.259351 
8127 2.369700 
8170 1.609406 
8213 0.823347 
8256 0.890749 
8299 2.081556 
8342 1.171951 
8385 4.032024 
8428 -3.010033 
8471 -1.983398 
8514 -3.175437 
8557 -3.614822 
8600 -2.544867 
8643 -6.831938 
8686 -3.311919 
8729 1.172401 
8772 1.189928 
8815 0.429746 
8858 0.804034 
8901 0.154825 
8944 2.587944 
8987 1.335623 
9030 1.443103 
9073 4.493294 
9116 1.357206 
9159 1.096909 
9202 -2.768106 
9245 -3.529044 
9288 -3.552438 
9331 -4.663607 
9374 -9.678570 
9417 -1.621839 
9460 -1.501222 
9503 -1.474987 
9546 -8.162898 
9589 -5.064052 
9632 -5.297935 
9675 -0.509399 
9718 -0.549542 
9761 1.251862 
9804 -0.680988 
9847 1.348501 
9890 2.230767 
9933 4.768754 
9976 6.460423 
10019 2.432110 
10062 2.775183 
10105 2.613093 
10148 2.719866 
10191 2.485609 
10234 5.087905 
10277 1.576480 
10320 8.907237 
10363 6.268040 
10406 -5.140027 
10449 -0.604571 
10492 1.098351 
10535 7.496200 
10578 5.918391 
10621 2.610201 
10664 3.005397 
10707 -1.803409 
10750 -2.173466 
10793 -1.021104 
10836 11.669238 
10879 1.814632 
10922 0.979205 
10965 -3.174711 
11008 -5.742129 
11051 2.638401 
11094 1.966004 
11137 -0.801063 
11180 -5.517074 
11223 0.908237 
11266 -1.741653 
11309 -2.252265 
11352 -2.855600 
11395 -1.548574 
11438 -1.325112 
11481 -2.818486 
11524 -1.286128 
11567 -0.648152 
11610 -2.327934 
11653 1.047110 
11696 -0.675720 
11739 -0.077070 
11782 0.900905 
11825 -3.785760 
11868 -3.296165 
11911 -1.668997 
11954 -2.078638 
11997 -2.352965 
12040 -2.823437 
12083 -3.322706 
12126 -5.374578 
12169 -5.026931 
12212 -5.137311 
12255 -7.019231 
12298 -7.581804 
12341 -6.778370 
12384 -7.602447 
12427 -9.607789 
12470 -9.251726 
12513 -6.293189 
12556 -7.877282 
12599 -7.655120 
12642 -5.297423 
12685 -2.979516 
12728 -1.841954 
12771 2.247337 
12814 1.148378 
12857 -0.267809 
12900 -5.617215 
12943 -3.936708 
12986 -2.432051 
13029 1.167661 
13072 5.922517 
13115 4.649599 
13158 3.508477 
13201 2.329502 
13244 0.870261 
13287 2.286960 
13330 2.123230 
13373 2.161107 
13416 2.919286 
13459 5.608950 
13502 5.902678 
13545 4.851711 
13588 9.524922 
13631 12.630064 
13674 13.535856 
13717 9.655409 
13760 17.272362 
13803 13.566142 
13846 9.922867 
13889 13.900951 
13932 18.071810 
13975 16.041860 
14018 16.641156 
14061 11.263064 
14104 3.349117 
14147 9.666429 
14190 8.827894 
14233 13.377821 
14276 28.120710 
14319 17.451821 
14362 11.898106 
14405 13.458910 
14448 8.909882 
14491 11.109642 
14534 11.535409 
14577 12.615502 
14620 4.894080 
14663 6.938184 
14706 8.782801 
14749 -1.229374 
14792 6.057574 
14835 12.261127 
14878 9.918396 
14921 7.110548 
14964 10.041953 
