7998 -27.351047 
8041 -23.982337 
8084 -19.341597 
8127 -27.096465 
8170 -39.765730 
8213 -32.208262 
8256 -24.525300 
8299 -31.497094 
8342 -31.452048 
8385 -45.246307 
8428 -36.185077 
8471 -34.001807 
8514 -29.423775 
8557 -34.016437 
8600 -30.649096 
8643 -40.206847 
8686 -30.071664 
8729 -32.077742 
8772 -22.671648 
8815 -28.650802 
8858 -30.624490 
8901 -41.245889 
8944 -40.485280 
8987 -30.076913 
9030 -21.714611 
9073 -29.201646 
9116 -26.075124 
9159 -34.711474 
9202 -37.497498 
9245 -35.098454 
9288 -28.078282 
9331 -34.539491 
9374 -43.219436 
9417 -31.912392 
9460 -25.336468 
9503 -32.492741 
9546 -55.981994 
9589 -50.446021 
9632 -44.620564 
9675 -34.583443 
9718 -27.401070 
9761 -34.302682 
9804 -34.405301 
9847 -32.010180 
9890 -27.891795 
9933 -26.742601 
9976 -23.180515 
10019 -30.049432 
10062 -26.417845 
10105 -28.393980 
10148 -26.266773 
10191 -39.676621 
10234 -28.888826 
10277 -39.185851 
10320 -24.213029 
10363 -30.824030 
10406 -40.312041 
10449 -34.435489 
10492 -29.114217 
10535 -31.356514 
10578 -23.140700 
10621 -28.519652 
10664 -25.529230 
10707 -40.332476 
10750 -30.191148 
10793 -36.360569 
10836 -46.033651 
10879 -40.974905 
10922 -34.656948 
10965 -35.357097 
11008 -33.293023 
11051 -26.388014 
11094 -19.336879 
11137 -26.117684 
11180 -32.085257 
11223 -35.140580 
11266 -29.969629 
11309 -35.437402 
11352 -37.526424 
11395 -28.681764 
11438 -22.710279 
11481 -29.866514 
11524 -26.122388 
11567 -39.074042 
11610 -32.130500 
11653 -41.149406 
11696 -28.968256 
11739 -35.266736 
11782 -42.689538 
11825 -44.847357 
11868 -37.170581 
11911 -43.173335 
11954 -30.424824 
