7998 6.919471 
8041 7.257211 
8084 7.328470 
8127 7.127025 
8170 8.002335 
8213 8.520183 
8256 8.608988 
8299 17.569865 
8342 6.304811 
8385 6.389360 
8428 6.045955 
8471 6.019332 
8514 5.803919 
8557 6.537255 
8600 7.208940 
8643 8.873151 
8686 7.942861 
8729 7.754520 
8772 7.680183 
8815 7.334954 
8858 6.468292 
8901 7.198440 
8944 7.489464 
8987 5.803156 
9030 6.123622 
9073 5.994121 
9116 6.300336 
9159 6.013082 
9202 6.694782 
9245 5.899358 
9288 5.684429 
9331 5.094205 
9374 3.344254 
9417 4.273011 
9460 4.552291 
9503 4.462943 
9546 4.632953 
9589 5.120185 
9632 5.323617 
9675 5.533454 
9718 5.510144 
9761 6.369106 
9804 5.145532 
9847 5.176315 
9890 5.292909 
9933 6.594089 
9976 7.633618 
10019 6.793306 
10062 6.383123 
10105 5.703712 
10148 5.977546 
10191 6.116303 
10234 7.691513 
10277 5.667365 
10320 5.403260 
10363 6.004397 
10406 6.545442 
10449 9.249865 
10492 9.622629 
10535 4.512422 
10578 6.578154 
10621 6.728675 
10664 6.727984 
10707 1.427335 
10750 5.842751 
10793 5.636877 
10836 2.820338 
10879 7.756387 
10922 6.130636 
10965 4.024178 
11008 3.405859 
11051 4.371303 
11094 4.390614 
11137 3.672365 
11180 2.026185 
11223 1.893328 
11266 0.147190 
11309 0.747432 
11352 2.569953 
11395 0.006201 
11438 -0.203824 
11481 -0.779719 
11524 -1.821527 
11567 -1.052151 
11610 -0.956128 
11653 -0.970465 
11696 -2.072440 
11739 -1.966230 
11782 -3.965284 
11825 0.571628 
11868 -1.274097 
11911 -4.480526 
11954 -4.748419 
11997 -6.920845 
12040 -9.146482 
12083 -6.665920 
12126 -1.990790 
12169 -2.701114 
12212 -3.531506 
12255 -2.776030 
12298 -3.329684 
12341 -14.244499 
12384 -11.230816 
12427 -9.003654 
12470 1.100748 
12513 -0.816989 
12556 1.534812 
12599 1.718587 
12642 3.555065 
12685 8.606321 
12728 14.782149 
12771 5.596877 
12814 7.578173 
12857 8.615267 
12900 12.044369 
12943 16.035590 
12986 17.411050 
13029 13.797426 
13072 10.650203 
13115 14.932382 
13158 19.129740 
13201 17.551255 
13244 16.089642 
13287 23.166204 
13330 24.672424 
13373 19.856359 
13416 9.854049 
13459 9.173819 
13502 9.378949 
13545 11.074369 
13588 16.234886 
13631 13.957610 
13674 12.155782 
13717 13.874288 
13760 17.191198 
13803 14.015014 
13846 11.269784 
13889 10.614757 
13932 7.568997 
13975 9.714927 
14018 10.613273 
14061 10.482757 
14104 7.223107 
14147 9.606041 
14190 14.458148 
14233 2.838311 
14276 6.570937 
14319 8.774813 
14362 11.281331 
14405 12.133055 
14448 10.779423 
14491 11.892451 
14534 13.426819 
14577 12.935276 
14620 4.545664 
14663 4.020141 
14706 3.765199 
14749 1.537116 
14792 -3.280856 
14835 6.197954 
14878 6.616049 
14921 7.616204 
14964 4.706609 
