7998 -49.427832 
8041 -55.267019 
8084 -42.543089 
8127 -48.646341 
8170 -46.375532 
8213 -52.656030 
8256 -50.282176 
8299 -54.812031 
8342 -55.509942 
8385 -52.487639 
8428 -44.228569 
8471 -54.784819 
8514 -53.280865 
8557 -62.085788 
8600 -57.538228 
8643 -53.691534 
8686 -48.179011 
8729 -53.386248 
8772 -54.855164 
8815 -52.507634 
8858 -44.992370 
8901 -50.063291 
8944 -47.288860 
8987 -64.114766 
9030 -50.744672 
9073 -57.056587 
9116 -46.770297 
9159 -57.605326 
9202 -48.775851 
9245 -53.847757 
9288 -51.062876 
9331 -53.868736 
9374 -44.631619 
9417 -52.138075 
9460 -43.236999 
9503 -49.865907 
9546 -46.566048 
9589 -54.268393 
9632 -55.817445 
9675 -61.588459 
9718 -62.047462 
9761 -60.004948 
9804 -55.676258 
9847 -59.138827 
9890 -50.382966 
9933 -51.119923 
9976 -49.126079 
10019 -57.374872 
10062 -70.085474 
10105 -64.952368 
10148 -55.601133 
10191 -65.540129 
10234 -58.489421 
10277 -59.831558 
10320 -57.719329 
10363 -61.841030 
10406 -59.459222 
10449 -65.323424 
10492 -62.171334 
10535 -64.386617 
10578 -63.701785 
10621 -61.070414 
10664 -54.814916 
10707 -59.529878 
10750 -57.203460 
10793 -84.989492 
10836 -57.596040 
10879 -60.521349 
10922 -56.322278 
10965 -57.231024 
11008 -53.033206 
11051 -61.781046 
11094 -50.100316 
11137 -63.972669 
11180 -55.589892 
11223 -52.632574 
11266 -48.252187 
11309 -62.584984 
11352 -52.532533 
11395 -58.322524 
11438 -60.662169 
11481 -62.095630 
11524 -51.737383 
11567 -56.733062 
11610 -61.213242 
11653 -56.209170 
11696 -51.224850 
11739 -49.084472 
11782 -45.153617 
11825 -52.780544 
11868 -56.794630 
11911 -65.819708 
11954 -66.459269 
