0 -22.485514 
43 -17.437823 
86 -14.132966 
129 -11.807484 
172 -0.062896 
215 -4.240078 
258 -11.919639 
301 -9.724599 
344 -19.049183 
387 -23.811091 
430 -15.003435 
473 -9.711471 
516 -11.668469 
559 -8.025040 
602 -25.051941 
645 -14.353986 
688 -14.331453 
731 -17.171698 
774 -23.476538 
817 -12.957722 
860 -18.709729 
903 -18.500527 
946 -17.287416 
989 -17.355202 
1032 -12.834456 
1075 -7.078046 
1118 -17.304851 
1161 -15.625824 
1204 -16.036066 
1247 -14.976038 
1290 -19.739746 
1333 -4.888840 
1376 -12.981293 
1419 -13.603089 
1462 -10.149658 
1505 -10.933602 
1548 -10.474077 
1591 -9.434626 
1634 -16.880024 
1677 -11.316394 
1720 -16.948902 
1763 -19.958916 
1806 -17.217137 
1849 -14.343851 
1892 -10.955594 
1935 -14.912040 
1978 -12.281794 
2021 -15.810571 
2064 -8.548820 
2107 -9.303691 
2150 -5.894481 
2193 -0.424427 
2236 -3.733936 
2279 -6.819318 
2322 -4.151887 
2365 0.073636 
2408 -2.286311 
2451 -5.856511 
2494 -2.587824 
2537 0.155118 
2580 1.014345 
2623 2.737645 
2666 0.472522 
2709 -0.485027 
2752 -0.506409 
2795 5.609876 
2838 4.375373 
2881 6.770124 
2924 5.045375 
2967 -7.133993 
3010 2.494475 
3053 -9.230055 
3096 4.057449 
3139 -1.716977 
3182 2.795366 
3225 -0.208827 
3268 3.828443 
3311 -2.327681 
3354 3.789812 
3397 7.579634 
3440 2.782602 
3483 6.457188 
3526 4.669856 
3569 9.806343 
3612 3.207828 
3655 10.248533 
3698 4.016099 
3741 2.996634 
3784 3.840232 
3827 8.075276 
3870 4.900070 
3913 -0.470791 
3956 4.321810 
3999 5.664113 
4042 5.719174 
4085 11.124291 
4128 4.445522 
4171 22.032684 
4214 5.259486 
4257 -5.774590 
4300 3.968340 
4343 3.758240 
4386 3.996079 
4429 9.831486 
4472 3.954427 
4515 -0.235427 
4558 2.342552 
4601 6.619702 
4644 1.458830 
4687 13.836699 
4730 1.315705 
4773 -4.966301 
4816 1.634743 
4859 0.764030 
4902 3.438304 
4945 1.368197 
4988 0.937655 
5031 2.276408 
5074 0.416167 
5117 5.522349 
5160 -0.557301 
5203 -0.066014 
5246 -3.340062 
5289 -0.946030 
5332 -2.326974 
5375 -8.650871 
5418 -1.404883 
5461 -5.696239 
5504 -1.666274 
5547 3.784221 
5590 1.236723 
5633 -7.347060 
5676 -3.165606 
5719 -6.087001 
5762 -3.490080 
5805 -8.540414 
5848 -4.720861 
5891 -6.897612 
5934 -5.977873 
5977 -5.912117 
6020 -9.244249 
6063 -16.748697 
6106 -12.864742 
6149 -10.777878 
6192 -11.111817 
6235 -4.152627 
6278 -9.242313 
6321 -11.992445 
6364 -9.920809 
6407 -7.368832 
6450 -12.038286 
6493 -7.093734 
6536 -5.985983 
6579 -3.323449 
6622 -3.622961 
6665 -12.617795 
6708 -12.366754 
6751 -6.484728 
6794 -9.145271 
6837 -11.869883 
6880 -7.907366 
6923 -15.360557 
6966 -10.504008 
7009 -6.869714 
7052 -11.746245 
7095 -17.851592 
7138 -11.349532 
7181 -16.813897 
7224 -14.678756 
7267 -4.812377 
7310 -10.407181 
7353 -11.290951 
7396 -13.596413 
7439 -10.472694 
7482 -17.474389 
7525 -19.116506 
7568 -11.549104 
7611 -15.508469 
7654 -13.697917 
7697 -12.050147 
7740 -17.400093 
7783 -16.725423 
7826 -16.692486 
7869 -20.889692 
7912 -16.454636 
7955 -15.025462 
7998 -19.462727 
8041 -35.779012 
8084 -19.819217 
8127 -24.419497 
8170 -33.643795 
8213 -28.685810 
8256 -22.827213 
8299 -23.943584 
8342 -37.279777 
8385 -36.079096 
8428 -32.691828 
8471 -26.525979 
8514 -25.277374 
8557 -29.949969 
8600 -32.829283 
8643 -20.371271 
8686 -26.714421 
8729 -28.165109 
8772 -34.206527 
8815 -36.230302 
8858 -43.873936 
8901 -31.961029 
8944 -31.626901 
8987 -26.307607 
9030 -24.334292 
9073 -24.289326 
9116 -26.377441 
9159 -19.370441 
9202 -18.650528 
9245 -25.681894 
9288 -27.977352 
9331 -40.354576 
9374 -18.591287 
9417 -13.923405 
9460 -15.965253 
9503 -22.593765 
9546 -25.467408 
9589 -32.898770 
9632 -20.455763 
9675 -21.451800 
9718 -18.195153 
9761 -6.428450 
9804 -18.022972 
9847 -17.685307 
9890 -13.222474 
9933 -15.441629 
9976 -15.125942 
10019 -11.356525 
10062 -15.603928 
10105 -11.100982 
10148 -10.568747 
10191 -12.763471 
10234 -9.811657 
10277 -5.782982 
10320 -10.673102 
10363 -9.856698 
10406 -6.747935 
10449 -16.142330 
10492 -8.188904 
10535 -13.145488 
10578 -8.371955 
10621 -4.022390 
10664 -5.589242 
10707 -16.925027 
10750 -10.678245 
10793 -10.600320 
10836 -11.288691 
10879 -13.774253 
10922 -13.896802 
10965 -14.777071 
11008 -13.864841 
11051 7.857559 
11094 -14.972284 
11137 -4.189887 
11180 -10.366952 
11223 -22.965778 
11266 -14.155494 
11309 -23.202207 
11352 -16.073595 
11395 1.521232 
11438 -14.949900 
11481 -18.475520 
11524 -21.400105 
11567 -17.686180 
11610 -16.989935 
11653 -21.350981 
11696 -15.922348 
11739 -20.167383 
11782 -15.083320 
11825 -24.029422 
11868 -21.894214 
11911 -28.684071 
11954 -19.074604 
11997 -20.933517 
12040 -17.359267 
12083 -21.151376 
12126 -15.557369 
12169 -30.150296 
12212 -25.480571 
12255 -31.069139 
12298 -29.702669 
12341 -30.991328 
12384 -25.330826 
12427 -30.482859 
12470 -21.283596 
12513 -40.481445 
12556 -29.827349 
12599 -42.797070 
12642 -27.882163 
12685 -37.569514 
12728 -20.853422 
12771 -23.782748 
12814 -22.394237 
12857 -28.611180 
12900 -25.254271 
12943 -26.419522 
12986 -27.956040 
13029 -22.855311 
13072 -12.894201 
13115 -8.616030 
13158 -22.000065 
13201 -26.135074 
13244 -25.822251 
13287 -35.513467 
13330 -29.296699 
13373 -30.917156 
13416 -25.140166 
13459 -7.224938 
13502 -22.156390 
13545 -39.931877 
13588 -32.419852 
13631 -30.448638 
13674 -6.703420 
13717 -15.367791 
13760 -19.924868 
13803 -23.097880 
13846 -20.445996 
13889 -14.210189 
13932 -30.266027 
13975 -25.328205 
14018 -18.589826 
14061 -14.991140 
14104 -17.431782 
14147 -18.294589 
14190 -35.653027 
14233 -20.988826 
14276 -27.150678 
14319 -21.794857 
14362 -19.599696 
14405 -23.676785 
14448 -36.153276 
14491 -38.292700 
14534 -38.645331 
14577 -38.250063 
14620 -13.067269 
14663 -16.900611 
14706 -17.963384 
14749 -19.906636 
14792 -17.592203 
14835 -26.163830 
14878 -16.865766 
14921 -11.291945 
14964 -6.386598 
