0 1.646961 
43 9.328734 
86 8.017664 
129 16.278264 
172 13.699699 
215 16.649654 
258 2.569905 
301 7.037313 
344 -3.590042 
387 6.080072 
430 -6.992506 
473 -3.093490 
516 -6.283930 
559 -9.530393 
602 -20.507620 
645 -30.157851 
688 -13.599564 
731 -7.511140 
774 -8.513714 
817 -4.460949 
860 -15.311019 
903 -12.505590 
946 -9.441666 
989 -9.333078 
1032 -3.870026 
1075 4.620745 
1118 -20.398402 
1161 -8.607163 
1204 -5.955861 
1247 -11.201560 
1290 -11.236902 
1333 -16.787644 
1376 -7.008095 
1419 -20.823258 
1462 -14.202757 
1505 -13.320096 
1548 -8.320250 
1591 -7.519287 
1634 -7.315242 
1677 -8.684309 
1720 -8.206943 
1763 -13.334281 
1806 -13.153537 
1849 -13.067319 
1892 -4.415389 
1935 -11.195009 
1978 -10.951821 
2021 2.278602 
2064 -3.660263 
2107 2.150833 
2150 0.133978 
2193 3.032789 
2236 -5.046179 
2279 0.930774 
2322 0.037453 
2365 -4.388379 
2408 -3.950970 
2451 -4.328296 
2494 -6.477208 
2537 -2.642011 
2580 -0.498710 
2623 8.430575 
2666 3.409169 
2709 16.509295 
2752 6.153218 
2795 4.764245 
2838 5.189974 
2881 -0.202358 
2924 -0.816147 
2967 2.332857 
3010 5.897860 
3053 6.662406 
3096 9.022894 
3139 3.867409 
3182 8.600834 
3225 15.585113 
3268 14.789786 
3311 10.789521 
3354 9.729166 
3397 5.694376 
3440 0.415882 
3483 -4.965820 
3526 -0.031100 
3569 1.455405 
3612 -2.464201 
3655 10.080703 
3698 10.876578 
3741 13.708294 
3784 9.288721 
3827 -7.912946 
3870 9.057042 
3913 8.654966 
3956 7.481314 
3999 8.200521 
4042 4.216423 
4085 17.448679 
4128 7.714039 
4171 0.961341 
4214 6.918202 
4257 13.027211 
4300 11.154107 
4343 6.404292 
4386 7.796033 
4429 3.909488 
4472 6.774336 
4515 0.058188 
4558 1.901583 
4601 22.805541 
4644 6.557229 
4687 3.691143 
4730 6.133971 
4773 7.984469 
4816 6.482392 
4859 12.546239 
4902 0.669854 
4945 -1.201287 
4988 2.541044 
5031 6.910851 
5074 -8.064228 
5117 -1.285831 
5160 -4.584914 
5203 -8.147077 
5246 -4.543220 
5289 -1.249640 
5332 -3.999005 
5375 -13.923093 
5418 -4.498103 
5461 -7.151226 
5504 -19.535867 
5547 -0.785426 
5590 -6.431963 
5633 -9.226450 
5676 -15.183086 
5719 -10.690798 
5762 -8.511043 
5805 -14.704099 
5848 -3.984307 
5891 13.136394 
5934 -5.742417 
5977 -9.792704 
6020 2.304616 
6063 -5.276651 
6106 -4.214978 
6149 -3.201315 
6192 4.007348 
6235 3.022183 
6278 3.749808 
6321 8.333939 
6364 4.975332 
6407 0.084788 
6450 4.139380 
6493 6.449315 
6536 4.377480 
6579 17.206833 
6622 7.798542 
6665 2.934706 
6708 5.832744 
6751 2.667988 
6794 5.212208 
6837 3.538741 
6880 5.283175 
6923 5.357701 
6966 6.482059 
7009 3.196539 
7052 4.836837 
7095 7.473558 
7138 4.690432 
7181 13.710942 
7224 5.906834 
7267 3.330177 
7310 7.939353 
7353 16.809301 
7396 4.231114 
7439 2.447409 
7482 10.875185 
7525 3.915400 
7568 6.716175 
7611 6.124485 
7654 -3.743217 
7697 -1.900329 
7740 4.854030 
7783 5.864057 
7826 9.729440 
7869 -5.983455 
7912 5.877286 
7955 -7.012949 
7998 1.323484 
8041 3.976726 
8084 15.284998 
8127 1.706732 
8170 -5.421141 
8213 3.402011 
8256 3.896458 
8299 -0.992640 
8342 6.664790 
8385 5.233109 
8428 5.503895 
8471 -3.840421 
8514 2.836981 
8557 3.867812 
8600 17.884700 
8643 11.280487 
8686 5.554971 
8729 1.844631 
8772 5.561114 
8815 -2.026277 
8858 -0.566023 
8901 6.482761 
8944 9.244207 
8987 -7.210512 
9030 2.051322 
9073 -10.313690 
9116 3.220755 
9159 -1.566277 
9202 2.880841 
9245 4.617933 
9288 1.276954 
9331 7.055732 
9374 6.372837 
9417 6.057125 
9460 16.325122 
9503 13.005680 
9546 10.866212 
9589 10.237363 
9632 12.383300 
9675 6.762214 
9718 11.770121 
9761 17.959235 
9804 5.774621 
9847 14.627443 
9890 11.630770 
9933 10.372736 
9976 5.890623 
10019 0.403344 
10062 11.495656 
10105 4.455967 
10148 12.100413 
10191 0.139143 
10234 11.654764 
10277 6.516048 
10320 2.432296 
10363 6.095255 
10406 9.488424 
10449 0.108496 
10492 -1.812731 
10535 0.323541 
10578 5.454520 
10621 3.142546 
10664 24.381728 
10707 8.600929 
10750 12.979500 
10793 12.347584 
10836 9.937908 
10879 13.724065 
10922 5.692224 
10965 6.324150 
11008 4.304697 
11051 5.911394 
11094 7.649609 
11137 3.311792 
11180 7.949604 
11223 2.471404 
11266 2.577008 
11309 12.573131 
11352 4.809672 
11395 2.554650 
11438 6.556504 
11481 9.134978 
11524 7.886761 
11567 11.372054 
11610 7.319609 
11653 -0.789703 
11696 5.810738 
11739 3.973679 
11782 6.870230 
11825 -5.395714 
11868 -3.110261 
11911 -6.392464 
11954 0.520951 
11997 -9.700949 
12040 -2.211926 
12083 -6.443349 
12126 -2.577117 
12169 -1.813020 
12212 -3.181677 
12255 -7.864392 
12298 -6.701917 
12341 -5.504017 
12384 -12.786123 
12427 -12.083748 
12470 -10.535530 
12513 5.901539 
12556 -7.222044 
12599 -7.505741 
12642 -8.558400 
12685 -9.021817 
12728 -10.605310 
12771 -9.078109 
12814 -2.601404 
12857 1.903365 
12900 8.118879 
12943 -6.621935 
12986 -12.907065 
13029 -1.115056 
13072 -6.890937 
13115 -15.739258 
13158 -5.868421 
13201 -9.706989 
13244 -6.518115 
13287 -7.492359 
13330 -10.110072 
13373 -16.242934 
13416 -9.104244 
13459 -3.373676 
13502 -4.308237 
13545 -8.330479 
13588 -8.397777 
13631 -13.915789 
13674 -4.716779 
13717 -16.615805 
13760 -5.424018 
13803 -5.443394 
13846 0.552727 
13889 -5.564095 
13932 -9.251848 
13975 -11.249224 
14018 -7.189040 
14061 10.911303 
14104 -9.260032 
14147 -12.667102 
14190 -8.232482 
14233 -14.255012 
14276 -11.781859 
14319 -10.238591 
14362 -15.313957 
14405 -19.399509 
14448 -11.592272 
14491 -12.849014 
14534 -17.296252 
14577 -16.038901 
14620 -13.412250 
14663 -14.198245 
14706 -19.602597 
14749 -18.157633 
14792 -16.641659 
14835 -11.129450 
14878 -4.828677 
14921 -12.739485 
14964 -11.055850 
