0 -11.347645 
43 -10.935494 
86 -13.761055 
129 -10.593660 
172 16.499543 
215 0.397987 
258 -2.541232 
301 -4.482952 
344 -25.676905 
387 -26.170036 
430 -22.718934 
473 -24.141811 
516 -23.995349 
559 -24.844022 
602 -24.878719 
645 -22.972511 
688 -25.471210 
731 -25.583285 
774 -25.105287 
817 -27.761118 
860 -24.075686 
903 -24.882852 
946 -21.074367 
989 -14.007527 
1032 -15.556181 
1075 -12.177735 
1118 -14.118258 
1161 -8.404950 
1204 -18.152306 
1247 -19.109887 
1290 -23.748641 
1333 -23.383940 
1376 -21.476975 
1419 -20.863763 
1462 -18.991776 
1505 -13.842982 
1548 -14.189389 
1591 -10.712899 
1634 -18.868746 
1677 -15.939065 
1720 -13.522539 
1763 -14.377331 
1806 -15.474146 
1849 -16.055534 
1892 -17.826612 
1935 -21.469110 
1978 -21.751262 
2021 -11.257550 
2064 -14.392541 
2107 -11.849158 
2150 -10.865583 
2193 -21.164657 
2236 -9.600944 
2279 -11.428026 
2322 -2.291031 
2365 -4.703995 
2408 -11.967102 
2451 -21.505901 
2494 -17.035730 
2537 -10.394138 
2580 -9.659177 
2623 -5.968131 
2666 -2.855465 
2709 -2.390949 
2752 -1.971804 
2795 -11.862155 
2838 -5.547819 
2881 -14.817152 
2924 -7.738988 
2967 -14.593110 
3010 -4.506775 
3053 1.006039 
3096 2.537352 
3139 -2.888856 
3182 4.921735 
3225 6.883482 
3268 7.015182 
3311 10.838015 
3354 6.434135 
3397 5.860983 
3440 4.993662 
3483 4.402536 
3526 1.553063 
3569 6.699342 
3612 5.471501 
3655 9.990566 
3698 7.897778 
3741 8.783412 
3784 9.880613 
3827 5.404749 
3870 2.968413 
3913 0.906712 
3956 -0.338435 
3999 -2.470785 
4042 -1.667479 
4085 -1.270553 
4128 -2.345552 
4171 -3.323334 
4214 -5.575816 
4257 0.482261 
4300 2.192022 
4343 1.978980 
4386 1.464381 
4429 0.576874 
4472 -1.277873 
4515 4.695026 
4558 -10.143088 
4601 -8.938812 
4644 -7.164436 
4687 -5.383447 
4730 -3.647008 
4773 -2.927348 
4816 -2.950761 
4859 -5.402998 
4902 -5.642349 
4945 -11.829047 
4988 0.401291 
5031 2.728846 
5074 -20.287160 
5117 -10.424970 
5160 -6.974610 
5203 -3.049070 
5246 7.366153 
5289 0.796753 
5332 -1.115331 
5375 -1.120664 
5418 -2.297769 
5461 -0.808728 
5504 -17.308049 
5547 -15.391319 
5590 -15.958334 
5633 -16.528567 
5676 -16.397544 
5719 -25.468946 
5762 -22.166845 
5805 -20.559200 
5848 -14.567044 
5891 -3.638868 
5934 6.049808 
5977 -20.311513 
6020 -10.622591 
6063 -16.028403 
6106 -13.286577 
6149 -10.056024 
6192 -17.399238 
6235 -11.197836 
6278 -6.710857 
6321 -5.696254 
6364 -4.677463 
6407 -3.672341 
6450 -1.994721 
6493 1.261165 
6536 -16.777148 
6579 -16.436263 
6622 -12.586819 
6665 -4.083820 
6708 6.440485 
6751 0.721912 
6794 -1.982790 
6837 17.084272 
6880 -3.724471 
6923 -2.892675 
6966 -4.539592 
7009 -5.496580 
7052 -11.815337 
7095 -11.378432 
7138 -11.086615 
7181 -16.038810 
7224 -10.577711 
7267 -8.130164 
7310 -4.840620 
7353 -5.450433 
7396 -2.908524 
7439 -2.493492 
7482 -2.349084 
7525 -3.957172 
7568 -6.509952 
7611 2.056021 
7654 -4.472474 
7697 -1.525731 
7740 2.729555 
7783 5.329229 
7826 -9.215854 
7869 -3.161213 
7912 -6.152778 
7955 -13.603682 
7998 -9.634378 
8041 -10.636097 
8084 -5.574350 
8127 -7.247427 
8170 -10.053506 
8213 -12.116385 
8256 -4.686247 
8299 -14.786620 
8342 -15.193419 
8385 -12.516377 
8428 -10.804179 
8471 -8.897731 
8514 -5.495639 
8557 -3.834041 
8600 -5.231564 
8643 -11.199637 
8686 -9.943129 
8729 -16.266772 
8772 -13.587302 
8815 -14.013295 
8858 -23.541455 
8901 -39.436077 
8944 -12.897507 
8987 -7.284860 
9030 -5.502640 
9073 -16.084493 
9116 -9.043126 
9159 -3.271300 
9202 -0.650833 
9245 -0.937230 
9288 1.088694 
9331 -1.663382 
9374 -7.672093 
9417 -9.420940 
9460 -6.219306 
9503 -9.883166 
9546 0.350396 
9589 1.153175 
9632 -0.189610 
9675 1.986405 
9718 0.993158 
9761 4.239799 
9804 4.977064 
9847 -1.068119 
9890 -1.447943 
9933 -0.214167 
9976 -0.953865 
10019 -0.432331 
10062 1.430793 
10105 -2.238922 
10148 -0.905425 
10191 -6.866227 
10234 -5.403175 
10277 -4.133711 
10320 4.548364 
10363 0.290535 
10406 -11.919765 
10449 -10.189230 
10492 -7.074213 
10535 4.186481 
10578 -7.814102 
10621 -11.914333 
10664 -11.125796 
10707 -13.773837 
10750 -5.589573 
10793 -9.717053 
10836 -7.714214 
10879 -2.717363 
10922 -0.903176 
10965 -9.905939 
11008 -6.226515 
11051 -2.316408 
11094 -1.659543 
11137 8.073292 
11180 19.385412 
11223 -4.657452 
11266 -4.870051 
11309 18.095888 
11352 4.474020 
11395 7.994711 
11438 7.174361 
11481 5.875050 
11524 5.124116 
11567 3.741375 
11610 3.483332 
11653 10.986435 
11696 -4.791688 
11739 -8.815386 
11782 -10.848924 
11825 -7.113900 
11868 -5.457765 
11911 -5.731582 
11954 -3.141869 
11997 -4.714907 
12040 -7.249989 
12083 -8.037134 
12126 -0.039805 
12169 -5.676856 
12212 -6.483418 
12255 -7.392991 
12298 -14.470149 
12341 -5.173082 
12384 -7.646652 
12427 -12.183678 
12470 -14.981798 
12513 -18.270679 
12556 -18.770707 
12599 -18.828337 
12642 -22.939973 
12685 -17.876556 
12728 -11.929184 
12771 -17.128926 
12814 -14.076975 
12857 -9.683665 
12900 -5.323257 
12943 -15.696095 
12986 -18.683881 
13029 -23.242349 
13072 -21.665772 
13115 -19.749408 
13158 -21.171520 
13201 -7.233981 
13244 -7.745033 
13287 1.536845 
13330 -30.159206 
13373 -24.698568 
13416 -22.007518 
13459 -20.104870 
13502 -20.649150 
13545 -19.453806 
13588 -16.883106 
13631 -30.346425 
13674 -21.745175 
13717 -24.480343 
13760 -26.475694 
13803 -18.486884 
13846 -19.327747 
13889 -19.551568 
13932 -17.940958 
13975 -19.057106 
14018 -21.945841 
14061 -20.408032 
14104 -15.701160 
14147 -19.350763 
14190 -34.480359 
14233 -24.035857 
14276 -15.440013 
14319 -21.576959 
14362 -22.304766 
14405 -26.974253 
14448 -37.782221 
14491 -36.305859 
14534 -39.502191 
14577 -31.599256 
14620 -20.479404 
14663 -25.639108 
14706 -27.857741 
14749 -26.523726 
14792 -21.518154 
14835 -24.136842 
14878 -26.554453 
14921 -27.983940 
14964 -27.713237 
