0 32.268275 
43 -2.353735 
86 -10.003640 
129 -0.862241 
172 -3.400497 
215 2.846858 
258 6.497237 
301 5.160312 
344 -18.938007 
387 -20.163004 
430 -19.699767 
473 -8.457638 
516 -11.160770 
559 -10.684252 
602 -10.172445 
645 -16.867158 
688 -27.793022 
731 -28.378648 
774 -27.253011 
817 -28.203854 
860 -23.213334 
903 -17.866767 
946 -23.161429 
989 -17.955104 
1032 -21.340444 
1075 -17.952199 
1118 -17.397883 
1161 -22.490322 
1204 -16.031320 
1247 -12.543786 
1290 -32.001895 
1333 -25.192915 
1376 -23.616008 
1419 -22.679522 
1462 -26.097108 
1505 -13.526034 
1548 -18.286270 
1591 -37.819670 
1634 -13.629499 
1677 -25.500866 
1720 -19.040392 
1763 -5.730088 
1806 -11.261370 
1849 -10.027489 
1892 -16.278175 
1935 -13.883093 
1978 -13.264428 
2021 -11.122342 
2064 -8.717263 
2107 -9.115110 
2150 -8.145539 
2193 -9.033400 
2236 -17.108888 
2279 -18.330736 
2322 -17.290635 
2365 -7.682021 
2408 -13.897976 
2451 -19.534582 
2494 -12.300617 
2537 -3.068247 
2580 -10.336634 
2623 -7.589404 
2666 5.850414 
2709 3.692113 
2752 0.509289 
2795 3.344622 
2838 -0.637652 
2881 -10.271725 
2924 -5.482458 
2967 -20.433242 
3010 -3.468601 
3053 17.463646 
3096 1.601266 
3139 8.355211 
3182 -0.047474 
3225 2.000741 
3268 1.022584 
3311 3.059890 
3354 11.013441 
3397 4.912379 
3440 4.215020 
3483 0.646382 
3526 -13.493278 
3569 11.219174 
3612 10.479809 
3655 11.072140 
3698 11.822427 
3741 2.182278 
3784 -4.466499 
3827 -3.661382 
3870 2.155795 
3913 19.164531 
3956 -0.896842 
3999 -9.956774 
4042 6.623394 
4085 0.741487 
4128 -4.850915 
4171 -6.200474 
4214 3.809088 
4257 -17.830741 
4300 -1.242547 
4343 4.426545 
4386 4.028966 
4429 8.970726 
4472 0.884186 
4515 0.501193 
4558 -5.577037 
4601 -1.665038 
4644 -11.637863 
4687 -7.669202 
4730 -8.814032 
4773 -10.778830 
4816 -3.902768 
4859 -9.919052 
4902 0.972435 
4945 -5.217268 
4988 -13.399741 
5031 -15.716971 
5074 4.883047 
5117 -14.722555 
5160 -17.895497 
5203 -11.371281 
5246 -7.252134 
5289 -12.239718 
5332 -24.079508 
5375 -6.927887 
5418 -3.795490 
5461 -14.644070 
5504 -18.567638 
5547 -13.963647 
5590 -11.630146 
5633 -9.125440 
5676 -10.216695 
5719 -11.160744 
5762 -11.747830 
5805 -12.909815 
5848 -4.873712 
5891 -2.022095 
5934 -12.264362 
5977 -12.344499 
6020 -30.039922 
6063 -19.159367 
6106 -20.384865 
6149 -14.592666 
6192 -12.372700 
6235 -9.730661 
6278 -7.432014 
6321 9.187936 
6364 -7.147326 
6407 -12.567065 
6450 -3.989954 
6493 -3.639722 
6536 -1.542164 
6579 -4.425987 
6622 -6.152521 
6665 -4.741311 
6708 -4.004527 
6751 -4.282752 
6794 -5.955854 
6837 -8.536313 
6880 -9.515204 
6923 -10.374620 
6966 -8.465303 
7009 -6.200971 
7052 -5.084329 
7095 1.178835 
7138 -10.968057 
7181 -5.030579 
7224 -13.562522 
7267 -3.411657 
7310 3.379208 
7353 1.453346 
7396 6.005849 
7439 -7.393314 
7482 -4.856905 
7525 -15.657140 
7568 -19.066574 
7611 -2.702540 
7654 -8.920673 
7697 -21.158530 
7740 -7.683327 
7783 -5.177205 
7826 1.463020 
7869 -11.885269 
7912 -9.942037 
7955 -8.774685 
7998 -2.395586 
8041 -2.939924 
8084 -3.562065 
8127 1.420692 
8170 -0.136728 
8213 -1.514719 
8256 -6.354603 
8299 -26.853430 
8342 -9.771488 
8385 -10.297154 
8428 -15.057731 
8471 8.740441 
8514 2.116563 
8557 10.591252 
8600 1.009701 
8643 -16.519968 
8686 -1.156694 
8729 4.165319 
8772 -6.144357 
8815 -7.638948 
8858 -12.641660 
8901 -14.961358 
8944 -13.988068 
8987 -10.772412 
9030 -11.767881 
9073 -4.513919 
9116 -4.383037 
9159 -2.306506 
9202 -3.650304 
9245 -4.049452 
9288 -0.150427 
9331 -12.923511 
9374 -6.632892 
9417 -8.643206 
9460 -1.880226 
9503 -5.872885 
9546 -4.773229 
9589 2.718907 
9632 0.201046 
9675 -15.327269 
9718 0.626972 
9761 -5.945727 
9804 0.407437 
9847 -7.614450 
9890 4.431913 
9933 9.677671 
9976 2.380349 
10019 16.706674 
10062 11.227920 
10105 6.659077 
10148 2.418995 
10191 -2.203017 
10234 7.507151 
10277 -4.191446 
10320 -4.409160 
10363 -0.782324 
10406 2.957803 
10449 -4.985210 
10492 6.809758 
10535 5.382320 
10578 -23.033998 
10621 -8.009375 
10664 -7.798792 
10707 -17.548526 
10750 -3.586017 
10793 -7.298977 
10836 -5.128249 
10879 -2.967390 
10922 -3.105804 
10965 2.439499 
11008 2.815729 
11051 0.692994 
11094 4.245028 
11137 5.876905 
11180 -0.722454 
11223 -2.618989 
11266 -3.901632 
11309 -5.625405 
11352 -5.692371 
11395 11.717796 
11438 7.669681 
11481 12.722602 
11524 0.440292 
11567 -2.175630 
11610 6.360627 
11653 8.962910 
11696 -2.563329 
11739 -12.669870 
11782 31.443442 
11825 4.851915 
11868 -11.696243 
11911 -0.583001 
11954 3.397751 
11997 0.429618 
12040 -6.844073 
12083 -15.608498 
12126 -13.778481 
12169 -4.212627 
12212 1.863168 
12255 7.075884 
12298 -3.296664 
12341 -5.822115 
12384 -7.427683 
12427 -5.107885 
12470 -17.712911 
12513 -10.307746 
12556 -6.205159 
12599 -9.104610 
12642 -19.004272 
12685 -16.329562 
12728 -20.499021 
12771 -24.856316 
12814 -30.499260 
12857 -18.705311 
12900 -7.713468 
12943 -15.465895 
12986 -16.729427 
13029 -15.926475 
13072 -15.977519 
13115 -15.329823 
13158 -15.517327 
13201 -23.945896 
13244 -24.521478 
13287 2.703972 
13330 -16.882003 
13373 -11.587774 
13416 -19.064018 
13459 -26.226239 
13502 -23.392491 
13545 -22.082400 
13588 -19.506360 
13631 -16.591716 
13674 -23.854083 
13717 -18.307820 
13760 -8.199948 
13803 -5.362591 
13846 -28.422625 
13889 -20.125012 
13932 -23.339492 
13975 -23.506282 
14018 -11.337390 
14061 -17.206992 
14104 -33.308210 
14147 -29.988738 
14190 -28.781093 
14233 -25.402509 
14276 -24.281857 
14319 -26.805954 
14362 -19.616296 
14405 -12.946200 
14448 -36.055601 
14491 -30.084795 
14534 -30.553451 
14577 -36.818464 
14620 -36.565048 
14663 -26.815114 
14706 -21.267627 
14749 -19.218012 
14792 -26.248515 
14835 -14.568838 
14878 -13.680107 
14921 -26.889191 
14964 -35.814979 
